/*--------------------------------*- C++ -*----------------------------------*\
| =========                 |                                                 |
| \\      /  F ield         | OpenFOAM: The Open Source CFD Toolbox           |
|  \\    /   O peration     | Version:  2412                                  |
|   \\  /    A nd           | Website:  www.openfoam.com                      |
|    \\/     M anipulation  |                                                 |
\*---------------------------------------------------------------------------*/
FoamFile
{
    version     2.0;
    format      ascii;
    arch        "LSB;label=32;scalar=64";
    class       volScalarField;
    location    "50";
    object      p;
}
// * * * * * * * * * * * * * * * * * * * * * * * * * * * * * * * * * * * * * //

dimensions      [0 2 -2 0 0 0 0];

internalField   nonuniform List<scalar> 
10720
(
26.5767
-32.8439
-102.485
-170.523
-232.349
-293.946
-346.437
-387.679
-419.975
-440.459
-450.866
-452.14
-443.377
-423.969
-394.963
-360.997
-334.88
-333.539
-351.979
-357.918
-353.17
-360.26
-375.777
-389.748
-397.235
-407.668
-437.951
-483.412
-505.26
-454.544
-335.324
-203.826
-107.917
-52.5697
-21.3249
1.49249
10.4465
18.269
34.9231
86.2832
140.8
198.762
252.457
297.462
330.044
347.097
350.865
344.783
327.708
303.769
278.503
253.902
230.328
208.125
186.963
166.89
147.487
128.509
109.434
90.1477
70.2056
49.6098
28.8256
10.0215
-5.50286
-18.9163
-30.7291
-40.9708
-49.8416
-57.5684
-64.262
-69.9045
-74.5151
-78.4494
-81.7795
-84.7597
-86.3328
-92.887
110.79
66.0116
16.0035
-36.7544
-90.2366
-143.847
-194.351
-239.863
-279.873
-312.898
-337.912
-353.578
-359.156
-355.091
-342.742
-326.336
-316.748
-327.964
-352.705
-355.864
-351.253
-358.776
-374.65
-389.019
-396.572
-406.466
-436.018
-481.314
-504.031
-454.637
-336.114
-204.671
-108.545
-52.9275
-21.6235
1.1694
10.2996
18.6239
28.2292
151.244
189.96
228.62
265.705
297.863
322.645
337.338
341.84
336.802
322.78
303.137
281.275
258.83
236.449
214.615
193.439
173.027
153.205
133.78
114.392
94.88
74.9274
54.5361
34.1774
15.5638
-0.164552
-13.7529
-25.8095
-36.6051
-46.1995
-54.5727
-61.7694
-67.8073
-72.7484
-76.9623
-80.5179
-83.64
-85.2234
-91.7738
119.604
79.4251
34.3229
-15.1526
-65.7611
-116.596
-166.138
-212.017
-252.697
-286.745
-312.534
-329.697
-338.823
-340.081
-334.563
-325.289
-318.826
-324.712
-342.85
-349.337
-349.604
-356.929
-373.879
-388.371
-396.038
-406.038
-435.039
-479.824
-503.741
-456.011
-337.859
-206.016
-109.457
-53.4422
-21.9862
0.807762
10.1673
18.4566
22.3158
155.983
191.4
226.634
259.818
288.064
309.851
323.384
328.496
325.33
314.434
298.122
278.707
257.795
236.356
215.04
194.165
173.88
154.128
134.747
115.458
96.076
76.3791
56.3635
36.4327
17.9181
1.90104
-12.0158
-24.3389
-35.2708
-44.8605
-53.1578
-60.2983
-66.3577
-71.4097
-75.792
-79.5311
-82.7828
-84.3777
-90.907
135.685
102.184
64.0322
22.3712
-20.7726
-65.0581
-108.924
-150.761
-189.231
-223.091
-251.219
-273.181
-288.931
-298.308
-301.958
-302.218
-303.413
-310.714
-324.819
-335.6
-343.626
-355.283
-373.155
-388.088
-395.78
-406.247
-435.119
-479.162
-504.21
-458.203
-340.082
-207.451
-110.326
-53.9374
-22.306
0.535165
10.0831
18.277
16.6929
165.788
194.767
223.864
251.817
275.966
295.111
307.741
313.325
311.749
303.508
290.227
273.626
255.054
235.475
215.552
195.666
176.021
156.666
137.512
118.38
99.1321
79.638
59.9111
40.3048
21.8873
5.65386
-8.55569
-21.1707
-32.3841
-42.2549
-50.8361
-58.2522
-64.5794
-69.9024
-74.547
-78.5214
-81.9124
-83.5827
-89.9347
138.215
108.506
74.5059
37.0968
-1.76523
-42.1901
-82.9028
-122.437
-159.756
-193.709
-223.165
-247.438
-265.86
-278.389
-285.454
-288.905
-292.116
-299.132
-311.386
-323.306
-333.671
-349.388
-370.726
-387.483
-395.63
-406.362
-435.524
-479.104
-505.062
-460.618
-342.475
-208.871
-111.198
-54.5394
-22.6285
0.300633
9.97969
18.0851
11.0461
164.97
190.58
216.37
241.15
262.602
279.891
291.817
297.722
297.423
291.369
280.689
266.662
250.353
232.625
214.131
195.289
176.365
157.492
138.667
119.8
100.802
81.6018
62.2266
42.9834
24.7305
8.36172
-6.09768
-18.971
-30.4122
-40.4595
-49.1657
-56.6705
-63.0883
-68.539
-73.3429
-77.4875
-80.9635
-82.7551
-88.7521
139.003
112.837
82.7188
49.6051
15.1916
-20.917
-57.5558
-93.5583
-128.141
-160.265
-188.998
-213.648
-233.79
-249.432
-260.917
-269.383
-277.003
-286.53
-299.507
-312.548
-323.761
-339.544
-362.906
-383.765
-394.617
-405.934
-435.342
-479.206
-505.844
-462.759
-344.655
-210.187
-112.097
-55.2081
-23.0163
0.0338262
9.79663
17.8048
5.57129
162.57
185.038
207.838
229.917
249.158
264.938
276.242
282.328
282.993
278.657
270.13
258.382
244.244
228.439
211.565
194.026
176.107
157.991
139.738
121.328
102.721
83.8919
64.8904
45.9999
27.9384
11.5073
-3.13259
-16.2015
-27.8247
-38.0385
-46.9071
-54.5839
-61.2029
-66.8944
-71.9511
-76.3331
-79.9325
-81.9131
-87.5144
136.721
113.218
86.0775
56.2026
25.2034
-7.54064
-41.02
-74.2207
-106.587
-137.221
-165.337
-190.349
-211.792
-229.406
-243.341
-254.381
-264.219
-274.962
-288.039
-301.691
-314.118
-329.29
-351.358
-374.591
-389.855
-404.132
-433.818
-478.548
-505.951
-463.924
-346.15
-211.254
-113.098
-56.0595
-23.4365
-0.232482
9.52464
17.3697
0.525312
157.908
178.035
198.567
218.536
236.021
250.573
261.308
267.455
268.84
265.845
259.075
249.281
237.108
223.14
207.889
191.716
174.902
157.654
140.081
122.217
104.071
85.659
67.0588
48.5403
30.7174
14.3061
-0.447674
-13.6751
-25.4738
-35.8723
-44.9323
-52.7997
-59.6128
-65.507
-70.757
-75.3049
-78.9477
-81.1066
-86.2572
133.251
112.014
87.4325
60.3857
32.3865
2.68166
-27.8194
-58.2415
-88.1982
-116.933
-143.788
-168.285
-189.969
-208.665
-224.492
-237.938
-250.12
-262.482
-276.127
-290.392
-304.119
-319.426
-339.544
-362.242
-380.557
-398.794
-429.999
-475.57
-504.055
-463.279
-346.411
-211.945
-114.167
-56.9929
-23.9386
-0.469694
9.18886
16.7704
-3.95181
152.405
170.565
189.192
207.4
223.418
236.931
247.124
253.242
255.157
253.196
247.841
239.694
229.256
216.991
203.322
188.55
172.933
156.678
139.919
122.728
105.152
87.2446
69.1064
50.9995
33.4648
17.1437
2.33267
-11.0184
-22.9753
-33.553
-42.8011
-50.8526
-57.8473
-63.9286
-69.3539
-74.0584
-77.7527
-80.1473
-84.915
128.871
109.522
87.0784
62.3883
36.8946
9.76838
-18.1846
-46.1876
-73.9896
-100.95
-126.532
-150.361
-172.044
-191.359
-208.345
-223.258
-236.879
-250.298
-264.4
-279.066
-293.662
-309.371
-328.256
-349.446
-368.901
-389.199
-422.085
-468.164
-497.598
-458.942
-344.77
-212.128
-115.347
-58.1013
-24.3856
-0.534778
8.85275
16.0008
-7.88437
146.35
162.884
179.928
196.655
211.427
224.042
233.722
239.749
242.039
240.873
236.653
229.877
220.942
210.212
198.03
184.633
170.239
155.043
139.179
122.744
105.817
88.4801
70.85
53.1857
35.9743
19.7961
4.97614
-8.46492
-20.5586
-31.3017
-40.7295
-48.9577
-56.1242
-62.3778
-67.9645
-72.8132
-76.5506
-79.2119
-83.6405
124.047
106.308
85.7058
63.0534
39.7243
14.8479
-10.8413
-36.6465
-62.4252
-87.6257
-111.82
-134.721
-155.989
-175.418
-193.031
-208.974
-223.739
-238.094
-252.722
-267.744
-282.872
-298.87
-317.1
-337.024
-356.576
-377.15
-409.36
-454.276
-483.555
-447.976
-339.635
-211.284
-116.391
-59.1244
-24.7231
-0.411663
8.60065
15.1155
-11.3671
140.085
155.234
170.925
186.38
200.075
211.891
221.088
226.979
229.523
228.966
225.653
220.007
212.357
202.989
192.174
180.092
166.917
152.814
137.909
122.308
106.107
89.4062
72.3386
55.156
38.3095
22.3306
7.55958
-5.92562
-18.119
-29.0009
-38.5889
-46.9803
-54.3076
-60.7237
-66.4607
-71.4491
-75.249
-78.2121
-82.3969
118.976
102.627
83.6161
62.7244
41.2669
18.3477
-5.35556
-29.2181
-53.1577
-76.713
-99.544
-121.442
-142.117
-161.394
-179.244
-195.762
-211.231
-226.203
-241.214
-256.484
-271.929
-288.053
-305.819
-324.835
-344.009
-364.152
-393.31
-433.894
-460.733
-428.049
-328.951
-208.325
-116.82
-59.9149
-24.7115
0.0028789
8.44045
14.1564
-14.5015
133.774
147.734
162.254
176.603
189.353
200.45
209.185
214.911
217.616
217.521
214.929
210.215
203.655
195.478
185.899
175.047
163.051
150.043
136.129
121.412
105.995
89.9884
73.5301
56.8665
40.4249
24.6979
10.0305
-3.45329
-15.7126
-26.7083
-36.4414
-44.9886
-52.4735
-59.0498
-64.94
-70.0723
-73.9433
-77.2304
-81.2186
113.817
98.6827
81.0678
61.7187
41.8975
20.6992
-1.24548
-23.3613
-45.6286
-67.645
-89.1428
-109.979
-129.913
-148.801
-166.587
-183.346
-199.231
-214.614
-229.899
-245.333
-260.95
-277.083
-294.399
-312.682
-331.254
-350.684
-376.082
-409.788
-431.577
-401.124
-312.44
-202.477
-115.974
-60.0065
-24.3262
0.590711
8.41935
13.1883
-17.4187
127.537
140.459
153.951
167.324
179.239
189.675
197.968
203.511
206.303
206.555
204.537
200.588
194.946
187.801
179.326
169.605
158.729
146.793
133.881
120.08
105.492
90.2284
74.4239
58.3196
42.3236
26.8997
12.3899
-1.04583
-13.333
-24.4148
-34.2734
-42.9654
-50.6012
-57.3327
-63.3656
-68.6325
-72.5894
-76.1996
-80.052
108.672
94.6067
78.2237
60.2359
41.8554
22.1801
1.79943
-18.756
-39.5042
-60.1011
-80.3278
-100.097
-119.211
-137.558
-155.075
-171.809
-187.843
-203.414
-218.826
-234.312
-249.96
-265.994
-282.843
-300.428
-318.276
-336.77
-358.773
-385.355
-400.653
-371.905
-293.106
-194.518
-113.923
-59.4411
-23.5174
1.37587
8.52173
12.3167
-20.1851
121.436
133.448
146.026
158.53
169.694
179.525
187.393
192.738
195.563
196.071
194.509
191.186
186.316
180.061
172.559
163.865
154.034
143.13
131.208
118.337
104.606
90.1203
75.0083
59.5012
43.9904
28.9166
14.6161
1.27504
-11.0026
-22.1402
-32.1025
-40.925
-48.7025
-55.5806
-61.7535
-67.1528
-71.1997
-75.1342
-78.8892
103.604
90.4896
75.2046
58.4283
41.3286
23.0089
4.02358
-15.1246
-34.4962
-53.7822
-72.8059
-91.5229
-109.774
-127.473
-144.567
-161.073
-177.046
-192.625
-208.026
-223.446
-238.99
-254.809
-271.165
-288.025
-305.055
-322.413
-341.543
-362.224
-371.595
-344.286
-274.235
-185.898
-111.044
-58.2031
-22.3749
2.30257
8.8711
11.6693
-22.8554
115.517
126.718
138.481
150.201
160.686
169.953
177.416
182.554
185.37
186.063
184.861
182.05
177.828
172.335
165.686
157.914
149.047
139.119
128.16
116.215
103.354
89.6706
75.2823
60.406
45.4172
30.738
16.6963
3.49646
-8.73127
-19.892
-29.9329
-38.8689
-46.777
-53.7938
-60.0948
-65.6172
-69.7744
-74.019
-77.7398
98.6564
86.3944
72.0946
56.4052
40.4495
23.3448
5.61644
-12.2677
-30.3831
-48.4584
-66.3506
-84.0476
-101.421
-118.412
-134.974
-151.1
-166.841
-182.268
-197.524
-212.765
-228.082
-243.575
-259.385
-275.47
-291.574
-307.636
-324.215
-340.267
-345.156
-319.215
-256.973
-177.4
-107.717
-56.5591
-20.8135
3.55093
9.50299
11.3959
-25.3988
109.805
120.277
131.305
142.314
152.178
160.92
167.996
172.92
175.696
176.516
175.597
173.204
169.524
164.683
158.779
151.829
143.84
134.825
124.786
113.746
101.755
88.8891
75.248
61.0307
46.597
32.3539
18.618
5.60555
-6.53222
-17.6817
-27.7742
-36.8039
-44.8291
-51.9733
-58.3994
-64.0424
-68.3127
-72.8573
-76.5909
93.8553
82.3648
68.9551
54.2473
39.3216
23.3129
6.71893
-10.0151
-26.9857
-43.9441
-60.7764
-77.4942
-93.9941
-110.237
-126.192
-141.832
-157.205
-172.347
-187.34
-202.296
-217.283
-232.354
-247.56
-262.819
-277.902
-292.581
-306.806
-319.097
-320.707
-296.204
-240.797
-168.994
-103.914
-54.3188
-18.8866
5.16954
10.555
11.5785
-27.8181
104.313
114.128
124.485
134.845
144.137
152.388
159.094
163.801
166.511
167.415
166.717
164.665
161.438
157.152
151.896
145.674
138.48
130.306
121.137
110.971
99.8377
87.7903
74.9097
61.3738
47.5254
33.755
20.3682
7.58715
-4.41967
-15.5231
-25.6381
-34.7399
-42.8668
-50.1283
-56.6645
-62.4185
-66.8234
-71.6409
-75.4508
89.2196
78.4297
65.8293
52.0147
38.0209
23.0076
7.44496
-8.24445
-24.1643
-40.0925
-55.933
-71.7137
-87.3557
-102.834
-118.131
-133.213
-148.116
-162.86
-177.484
-192.06
-206.624
-221.189
-235.732
-250.125
-264.127
-277.389
-289.453
-298.608
-297.709
-274.614
-225.245
-160.516
-99.6979
-51.6902
-16.4771
7.35514
12.0521
12.3197
-29.9655
99.0481
108.264
118.008
127.768
136.532
144.322
150.674
155.163
157.789
158.742
158.213
156.438
153.591
149.779
145.084
139.503
133.023
125.621
117.264
107.932
97.6312
86.3943
74.279
61.4398
48.2004
34.9355
21.9381
9.43098
-2.40457
-13.4256
-23.5323
-32.6818
-40.8922
-48.2565
-54.8979
-60.7589
-65.2962
-70.367
-74.2852
84.7591
74.6096
62.751
49.7507
36.6083
22.501
7.88008
-6.85041
-21.8059
-36.7798
-51.6904
-66.5819
-81.3891
-96.1029
-110.712
-125.184
-139.539
-153.797
-167.965
-182.075
-196.136
-210.12
-223.95
-237.451
-250.352
-262.222
-272.341
-278.89
-276.04
-254.29
-210.101
-151.745
-94.8937
-48.5095
-13.6678
10.0627
14.2473
13.7399
-31.7249
94.0098
102.677
111.857
121.063
129.334
136.691
142.704
146.974
149.504
150.477
150.077
148.528
145.997
142.589
138.379
133.363
127.52
120.819
113.214
104.668
95.1681
84.7241
73.3703
61.2354
48.6228
35.8908
23.3179
11.1242
-0.500852
-11.4033
-21.4703
-30.6417
-38.9163
-46.3691
-53.0981
-59.0564
-63.7453
-69.0343
-73.0992
80.4776
70.917
59.7405
47.4904
35.1261
21.8519
8.09657
-5.75501
-19.8188
-33.9063
-47.9467
-61.9941
-75.9954
-89.9515
-103.858
-117.688
-131.439
-145.142
-158.782
-172.356
-185.843
-199.184
-212.256
-224.846
-236.648
-247.18
-255.569
-259.977
-255.627
-235.112
-195.442
-142.725
-89.6457
-45.0499
-10.4286
13.5181
17.1314
15.9307
-32.974
89.1963
97.3584
106.018
114.708
122.515
129.465
135.153
139.208
141.631
142.602
142.297
140.93
138.665
135.601
131.811
127.29
122.014
115.946
109.032
101.221
92.4819
82.8045
72.1993
60.7704
48.7977
36.6205
24.5027
12.6592
1.28217
-9.46553
-19.4597
-28.625
-36.9416
-44.465
-51.275
-57.3248
-62.1555
-67.6383
-71.8584
76.377
67.3614
56.8146
45.2566
33.6109
21.1035
8.14612
-4.89014
-18.1302
-31.3922
-44.6155
-57.8622
-71.0872
-84.2992
-97.5015
-110.669
-123.783
-136.881
-149.935
-162.914
-175.772
-188.419
-200.698
-212.365
-223.088
-232.35
-239.206
-241.863
-236.404
-217.039
-181.216
-133.447
-83.9209
-41.158
-6.82258
17.7663
20.7529
18.7048
-33.5971
84.6024
92.2978
100.474
108.683
116.054
122.616
127.995
131.838
134.147
135.099
134.862
133.643
131.598
128.828
125.401
121.314
116.541
111.043
104.759
97.6288
89.6072
80.6643
70.7888
60.0597
48.7317
37.1249
25.4879
14.0263
2.93277
-7.6251
-17.5138
-26.6443
-34.9796
-42.5553
-49.4272
-55.5558
-60.5439
-66.1816
-70.5688
72.4557
63.9454
53.9845
43.0692
32.0877
20.2915
8.0749
-4.2089
-16.6798
-29.1707
-41.6279
-54.115
-66.5963
-79.0831
-91.5849
-104.079
-116.541
-128.995
-141.419
-153.757
-165.942
-177.857
-189.321
-200.064
-209.738
-217.802
-223.299
-224.533
-218.278
-199.977
-167.486
-124.1
-77.9633
-37.1046
-2.79809
22.893
25.1886
21.8991
-33.3601
80.2235
87.4837
95.209
102.967
109.928
116.125
121.207
124.841
127.032
127.95
127.76
126.658
124.799
122.279
119.166
115.459
111.132
106.145
100.433
93.9296
86.5779
78.3324
69.1618
59.1189
48.4344
37.4083
26.2724
15.2212
4.44373
-5.89028
-15.6401
-24.7055
-33.0338
-40.641
-47.5651
-53.7646
-58.8918
-64.6594
-69.2
68.7113
60.6727
51.2567
40.9406
30.5774
19.4421
7.91408
-3.66528
-15.4194
-27.1889
-38.924
-50.6923
-62.4604
-74.2444
-86.0572
-97.8765
-109.677
-121.467
-133.228
-144.894
-156.374
-167.533
-178.168
-187.994
-196.655
-203.604
-207.899
-207.98
-201.17
-183.854
-154.216
-114.718
-71.7495
-32.6821
1.60246
28.7008
30.6457
25.4263
-32.15
76.0515
82.9063
90.2082
97.5433
104.117
109.967
114.766
118.196
120.265
121.14
120.978
119.969
118.264
115.958
113.118
109.743
105.811
101.28
96.0858
90.1567
83.4271
75.8383
67.3412
57.966
47.9187
37.4778
26.8572
16.2393
5.80656
-4.27199
-13.8512
-22.8213
-31.1162
-38.7331
-45.6876
-51.9438
-57.2185
-63.0767
-67.7603
65.1398
57.541
48.6365
38.8813
29.0933
18.5768
7.69321
-3.23066
-14.3122
-25.4031
-36.4576
-47.5427
-58.6283
-69.7335
-80.8717
-92.0231
-103.161
-114.276
-125.357
-136.331
-147.086
-157.474
-167.278
-176.206
-183.896
-189.815
-193.058
-192.212
-185.035
-168.627
-141.512
-105.494
-65.4834
-28.077
6.28669
35.0776
36.9931
29.3157
-29.9725
72.0793
78.555
85.4603
92.3956
98.6036
104.125
108.652
111.883
113.828
114.652
114.504
113.568
111.992
109.87
107.265
104.182
100.598
96.4736
91.7458
86.3405
80.1852
73.2106
65.3529
56.6219
47.1992
37.3418
27.2462
17.0797
7.01689
-2.77647
-12.1538
-20.9983
-29.2318
-36.8347
-43.8063
-50.1078
-55.5035
-61.4282
-66.2243
61.7362
54.5511
46.1257
36.8967
27.6486
17.7112
7.43068
-2.87528
-13.3267
-23.7796
-34.1909
-44.6269
-55.0599
-65.5095
-75.9914
-86.4857
-96.966
-107.405
-117.799
-128.071
-138.094
-147.705
-156.685
-164.738
-171.508
-176.482
-178.811
-177.218
-169.818
-154.269
-129.379
-96.4487
-59.1213
-23.2096
11.0941
41.7691
44.4004
33.734
-27.0177
68.2992
74.4194
80.9506
87.5109
93.3725
98.5794
102.848
105.885
107.706
108.472
108.326
107.447
105.978
104.012
101.612
98.7836
95.5072
91.746
87.4382
82.5085
76.8805
70.477
63.2223
55.1078
46.2926
37.0119
27.4445
17.7433
8.07114
-1.41177
-10.5583
-19.2478
-27.3928
-34.9571
-41.922
-48.2522
-53.7667
-59.7221
-64.6052
58.4951
51.6986
43.7254
34.9919
26.2507
16.8577
7.14586
-2.58161
-12.4384
-22.289
-32.0916
-41.91
-51.7195
-61.5391
-71.3846
-81.2368
-91.0695
-100.841
-110.551
-120.118
-129.409
-138.251
-146.422
-153.63
-159.534
-163.648
-165.187
-163.001
-155.5
-140.786
-117.895
-87.7125
-52.8219
-18.284
15.9795
48.7935
53.0753
39.15
-23.4614
64.7044
70.4896
76.6691
82.8726
88.4064
93.3165
97.3346
100.184
101.882
102.585
102.432
101.596
100.217
98.385
96.1627
93.557
90.552
87.1145
83.1833
78.6844
73.5384
67.6627
60.9729
53.445
45.216
36.501
27.4608
18.2331
8.96858
-0.180267
-9.06971
-17.5759
-25.6042
-33.1048
-40.0463
-46.389
-51.9891
-57.9527
-62.8842
55.4116
48.9828
41.435
33.1686
24.9051
16.025
6.8483
-2.33155
-11.6281
-20.9093
-30.1346
-39.3658
-48.5788
-57.7939
-67.0244
-76.2524
-85.451
-94.5718
-103.604
-112.475
-121.042
-129.13
-136.516
-142.917
-148.011
-151.346
-152.2
-149.549
-142.047
-128.15
-107.034
-79.2611
-46.5571
-13.2274
20.89
55.8736
63.0246
46.0044
-19.8255
61.2867
66.7566
72.6021
78.4695
83.6924
88.3177
92.0984
94.7667
96.3427
96.9793
96.8119
96.0075
94.703
92.9854
90.9172
88.5071
85.7428
82.5928
78.9994
74.8889
70.1819
64.792
58.6286
51.6545
43.9882
35.8239
27.3053
18.5547
9.70989
0.913533
-7.69504
-15.9919
-23.8767
-31.2887
-38.1827
-44.5182
-50.1923
-56.1311
-61.0783
52.4801
46.3972
39.2535
31.4283
23.6156
15.22
6.54954
-2.11461
-10.8803
-19.6219
-28.2999
-36.9723
-45.6165
-54.251
-62.8896
-71.5134
-80.0951
-88.5837
-96.9553
-105.142
-113.002
-120.358
-126.989
-132.625
-136.968
-139.602
-139.872
-136.869
-129.45
-116.341
-96.8032
-71.1448
-40.424
-8.14538
25.7809
62.6638
73.5661
54.4106
-16.8594
58.0393
63.2107
68.7417
74.2886
79.2167
83.5739
87.1243
89.617
91.0732
91.6421
91.4548
90.6731
89.4301
87.8107
85.877
83.6396
81.0881
78.1945
74.9019
71.1407
66.8318
61.8879
56.2127
49.7598
42.6291
34.9966
26.9895
18.7157
10.2987
1.87035
-6.43676
-14.4995
-22.2152
-29.5136
-36.3398
-42.6487
-48.3597
-54.2521
-59.1758
49.6946
43.9406
37.1775
29.7707
22.3839
14.4473
6.25546
-1.91972
-10.1834
-18.4136
-26.5717
-34.7126
-42.8136
-50.8931
-58.9627
-67.004
-74.9891
-82.8664
-90.5975
-98.1207
-105.297
-111.949
-117.861
-122.779
-126.43
-128.439
-128.213
-124.95
-117.672
-105.31
-87.1612
-63.3494
-34.4421
-3.09164
30.4385
68.5455
83.7808
63.7902
-15.5848
54.9542
59.8443
65.0758
70.3209
74.9685
79.0676
82.4003
84.7235
86.0624
86.5628
86.3516
85.5854
84.3936
82.859
81.043
78.9575
76.595
73.9279
70.9043
67.4559
63.5073
58.971
53.7474
47.7812
41.1579
34.0358
26.5268
18.7246
10.739
2.68985
-5.29799
-13.1059
-20.6286
-27.789
-34.5237
-40.7846
-46.5123
-52.3296
-57.1981
47.0493
41.6057
35.205
28.1949
21.2118
13.709
5.97176
-1.74079
-9.52798
-17.2732
-24.9371
-32.5725
-40.1562
-47.7047
-55.2298
-62.7124
-70.1237
-77.412
-84.5274
-91.4132
-97.9346
-103.915
-109.148
-113.399
-116.42
-117.875
-117.233
-113.786
-106.691
-95.0278
-78.1196
-55.9499
-28.7524
1.6419
34.5305
73.0605
92.5236
72.9937
-17.1333
52.0257
56.6484
61.5976
66.5531
70.9353
74.7913
77.9127
80.0726
81.2976
81.7298
81.4919
80.7355
79.5871
78.1262
76.4134
74.4625
72.2667
69.8013
67.0164
63.849
60.2258
56.0604
51.2518
45.7393
39.594
32.9585
25.9311
18.5921
11.0377
3.37557
-4.27913
-11.812
-19.1195
-26.1186
-32.74
-38.9308
-44.6381
-50.3601
-55.1394
44.539
39.3908
33.3324
26.6986
20.0975
13.0077
5.70089
-1.57205
-8.9074
-16.1918
-23.3866
-30.5411
-37.6322
-44.6752
-51.6803
-58.6286
-65.4907
-72.215
-78.7432
-85.0224
-90.9212
-96.2666
-100.865
-104.499
-106.951
-107.921
-106.934
-103.365
-96.4792
-85.4716
-69.6937
-49.0254
-23.4957
5.77999
37.604
75.7106
98.775
80.3192
-22.5856
49.246
53.6159
58.2952
62.9787
67.1076
70.729
73.6518
75.6547
76.7693
77.1338
76.8671
76.1167
75.0039
73.6081
71.9862
70.154
68.106
65.8189
63.2474
60.3312
57.0009
53.172
48.7447
43.6535
37.9569
31.7827
25.2174
18.3294
11.202
3.93063
-3.37989
-10.6223
-17.6945
-24.511
-30.9962
-37.0949
-42.7574
-48.3586
-53.0235
42.1574
37.2881
31.5563
25.2797
19.0416
12.3423
5.44506
-1.41102
-8.3171
-15.1643
-21.9135
-28.6111
-35.2342
-41.796
-48.3063
-54.7457
-61.085
-67.2728
-73.2443
-78.9501
-84.2618
-89.0124
-93.0218
-96.0937
-98.0345
-98.583
-97.3165
-93.678
-87.0271
-76.6526
-61.9421
-42.7051
-18.8613
9.00788
39.3017
76.1975
101.693
83.9155
-32.4418
46.6092
50.7388
55.1637
59.5854
63.4746
66.8756
69.6051
71.4579
72.4662
72.7645
72.4681
71.7201
70.6384
69.2985
67.7574
66.0301
64.1132
61.9852
59.6035
56.9125
53.8454
50.3222
46.244
41.5422
36.2646
30.5255
24.4008
17.9491
11.2417
4.36146
-2.59758
-9.53548
-16.3544
-22.9673
-29.2953
-35.2782
-40.8619
-46.3245
-50.8497
39.8991
35.2957
29.8722
23.9348
18.0404
11.7139
5.20464
-1.25577
-7.75465
-14.1866
-20.513
-26.7769
-32.9558
-39.0611
-45.102
-51.059
-56.9026
-62.5829
-68.0306
-73.1986
-77.9608
-82.1594
-85.6276
-88.1901
-89.6786
-89.8666
-88.3789
-84.7201
-78.3293
-68.5833
-54.9143
-37.1015
-14.9928
11.1625
39.4603
74.3102
100.846
82.5248
-46.2669
44.1082
48.0109
52.1915
56.3674
60.0278
63.2162
65.7646
67.4738
68.3794
68.6132
68.2867
67.5389
66.4829
65.1926
63.7226
62.089
60.2887
58.3027
56.091
53.6009
50.7713
47.5247
43.7657
39.4228
34.5343
29.2035
23.4972
17.4648
11.1669
4.67451
-1.92889
-8.55234
-15.103
-21.4941
-27.6444
-33.49
-38.9712
-44.2743
-48.6422
37.7579
33.4054
28.2764
22.6613
17.0943
11.1196
4.97985
-1.10463
-7.21737
-13.2555
-19.1814
-25.0346
-30.7928
-36.4665
-42.0634
-47.5644
-52.9407
-58.1437
-63.1025
-67.7692
-72.022
-75.7122
-78.6882
-80.795
-81.8879
-81.7729
-80.1197
-76.4881
-70.3888
-61.2795
-48.6481
-32.283
-11.9786
12.1947
38.1441
70.1505
96.1776
76.2076
-62.5424
41.7374
45.4238
49.3748
53.3133
56.7577
59.7472
62.1196
63.6914
64.4992
64.6708
64.3142
63.5643
62.5305
61.2838
59.8776
58.3278
56.6321
54.7729
52.7132
50.4042
47.7878
44.792
41.3231
37.3094
32.7818
27.8329
22.5222
16.8909
10.9898
4.8794
-1.36776
-7.66947
-13.9389
-20.0913
-26.0449
-31.7311
-37.0802
-42.209
-46.4037
35.7289
31.6158
26.7645
21.4557
16.1979
10.5594
4.76965
-0.95913
-6.70485
-12.3698
-17.9163
-23.3811
-28.7418
-34.0083
-39.1871
-44.2595
-49.1975
-53.9544
-58.4601
-62.6634
-66.4473
-69.6741
-72.2074
-73.911
-74.6637
-74.3014
-72.5353
-68.977
-63.2009
-54.7423
-43.1461
-28.2458
-9.80713
12.2214
35.5653
64.0338
88.0614
65.9895
-79.1928
39.4897
42.9722
46.7025
50.4188
53.6567
56.4544
58.6629
60.104
60.8181
60.9296
60.5434
59.7898
58.7746
57.5669
56.2181
54.7437
53.1421
51.3969
49.4736
47.3268
44.9029
42.133
38.9274
35.2153
31.0217
26.43
21.4918
16.2421
10.7232
4.98562
-0.907952
-6.88407
-12.8631
-18.7632
-24.5028
-30.0102
-35.2067
-40.1453
-44.1573
33.8059
29.9182
25.3327
20.3143
15.3513
10.0295
4.57235
-0.818371
-6.21745
-11.5294
-16.7173
-21.8154
-26.8018
-31.6851
-36.4713
-41.1422
-45.6711
-50.0128
-54.1018
-57.8801
-61.237
-64.0465
-66.1869
-67.5396
-68.0051
-67.4478
-65.6185
-62.1774
-56.7554
-48.961
-38.3926
-24.9361
-8.39152
11.4231
32.0225
56.4611
77.1684
53.2933
-93.9986
37.3598
40.648
44.1712
47.6726
50.7163
53.3353
55.3848
56.702
57.3271
57.3812
56.9662
56.2082
55.2095
54.0368
52.7403
51.3341
49.8176
48.1748
46.3742
44.3731
42.1222
39.5563
36.5899
33.1538
29.2689
25.0097
20.4214
15.5332
10.3802
5.00443
-0.540514
-6.19027
-11.8719
-17.5079
-23.0183
-28.328
-33.3485
-38.0858
-41.9073
31.984
28.3117
23.9763
19.2338
14.5488
9.53013
4.38707
-0.684634
-5.75537
-10.7337
-15.5834
-20.3364
-24.971
-29.4952
-33.9143
-38.2109
-42.36
-46.3181
-50.0249
-53.4169
-56.3895
-58.828
-60.625
-61.6777
-61.9072
-61.2048
-59.3587
-56.0738
-51.0328
-43.9113
-34.3588
-22.2957
-7.61909
9.9742
27.844
47.9448
64.394
39.7532
-104.22
35.3412
38.4462
41.7706
45.0719
47.9299
50.377
52.2792
53.479
54.02
54.0193
53.5766
52.8135
51.8295
50.689
49.4394
48.0961
46.6557
45.1059
43.415
41.5458
39.4506
37.0693
34.3203
31.1371
27.5366
23.5863
19.3256
14.7784
9.97423
4.94723
-0.257231
-5.58281
-10.9636
-16.3271
-21.5958
-26.6921
-31.5203
-36.0457
-39.6733
30.2576
26.7879
22.6918
18.2107
13.7912
9.05611
4.21154
-0.557647
-5.31922
-9.9831
-14.5147
-18.9436
-23.2488
-27.4374
-31.5148
-35.4643
-39.2626
-42.8687
-46.227
-49.2715
-51.9029
-54.0163
-55.5177
-56.3199
-56.3622
-55.5612
-53.7403
-50.6463
-46.0081
-39.5625
-31.0134
-20.2881
-7.40753
7.96462
23.2654
38.99
50.7163
26.5956
-107.793
33.429
36.3597
39.4983
42.606
45.2901
47.5776
49.3374
50.4266
50.8883
50.8363
50.3672
49.5997
48.629
47.5176
46.3116
45.0241
43.6536
42.1869
40.5964
38.846
36.8923
34.6783
32.1269
29.1749
25.8361
22.172
18.2171
13.9912
9.51805
4.82551
-0.0482194
-5.05399
-10.133
-15.2177
-20.2339
-25.1028
-29.7219
-34.028
-37.4604
28.6225
25.3465
21.4749
17.2422
13.0714
8.60809
4.04434
-0.440858
-4.90958
-9.27777
-13.5109
-17.6367
-21.6345
-25.511
-29.2718
-32.9008
-36.3772
-39.6624
-42.7056
-45.4404
-47.7733
-49.6064
-50.8584
-51.4569
-51.3575
-50.5013
-48.7438
-45.8705
-41.6519
-35.8787
-28.317
-18.8892
-7.72024
5.43995
18.3632
30.0262
37.0356
14.5014
-104.539
31.6171
34.384
37.3441
40.2725
42.7907
44.9248
46.5539
47.5394
47.9267
47.8265
47.3327
46.5604
45.6023
44.5174
43.3507
42.1143
40.8067
39.416
37.9162
36.274
34.449
32.3869
30.0156
27.2748
24.177
20.7781
17.1086
13.1844
9.02422
4.65082
0.0964053
-4.59659
-9.37555
-14.1785
-18.9349
-23.5658
-27.9647
-32.0461
-35.2836
27.0738
23.9792
20.3228
16.3246
12.391
8.18093
3.88321
-0.332823
-4.52763
-8.61861
-12.5726
-16.4156
-20.1275
-23.7153
-27.1836
-30.5188
-33.7013
-36.6964
-39.4571
-41.9196
-43.9945
-45.5899
-46.6363
-47.0755
-46.8773
-46.0051
-44.3446
-41.717
-37.9309
-32.8224
-26.2234
-18.0642
-8.5295
2.45171
13.1102
21.341
24.0589
3.6138
-96.441
29.9017
32.5126
35.3067
38.0615
40.4251
42.4177
43.9205
44.8088
45.1274
44.9828
44.4665
43.6905
42.7433
41.6831
40.552
39.3621
38.112
36.7905
35.3735
33.8299
32.1216
30.1983
27.9911
25.4442
22.5682
19.4152
16.0115
12.3696
8.50432
4.43427
0.186578
-4.20206
-8.68489
-13.2053
-17.6969
-22.0812
-26.2501
-30.1031
-33.1487
25.6079
22.6867
19.2314
15.4554
11.7434
7.77594
3.72738
-0.237254
-4.1739
-8.00547
-11.6991
-15.2793
-18.7269
-22.0481
-25.2485
-28.3154
-31.232
-33.9664
-36.4768
-38.7021
-40.5574
-41.9553
-42.8375
-43.1588
-42.9015
-42.0483
-40.5138
-38.1516
-34.8055
-30.3507
-24.6803
-17.7536
-9.78041
-0.892024
7.55318
13.0386
12.2576
-6.15269
-86.3779
28.2774
30.742
33.3765
35.9717
38.1875
40.0444
41.4322
42.2301
42.485
42.2998
41.7633
40.9841
40.0479
39.0101
37.9118
36.7644
35.5667
34.3085
32.967
31.5131
29.9115
28.1144
26.0581
23.689
21.0183
18.0928
14.936
11.5574
7.96914
4.18647
0.232227
-3.86185
-8.0547
-12.2947
-16.5195
-20.6528
-24.5863
-28.2103
-31.0664
24.2201
21.4612
18.1985
14.6319
11.1312
7.38776
3.57505
-0.152203
-3.84897
-7.43862
-10.8906
-14.2276
-17.4312
-20.5079
-23.4636
-26.2874
-28.9646
-31.4673
-33.7577
-35.7791
-37.451
-38.689
-39.4458
-39.6871
-39.4056
-38.6022
-37.2175
-35.1346
-32.2304
-28.4141
-23.6297
-17.8791
-11.3817
-4.43583
1.87585
5.16364
1.8846
-14.9107
-76.971
26.7408
29.0661
31.5529
33.9931
36.0718
37.8038
39.0807
39.795
39.9919
39.7705
39.2168
38.4361
37.5107
36.4945
35.4267
34.3183
33.1686
31.9681
30.6955
29.3234
27.819
26.1378
24.2195
22.015
19.5333
16.8182
13.8897
10.7562
7.42789
3.9171
0.242954
-3.56753
-7.47788
-11.4414
-15.4001
-19.2799
-22.9749
-26.3704
-29.0429
22.9076
20.3038
17.2203
13.852
10.5473
7.01876
3.42594
-0.0814485
-3.55271
-6.91769
-10.1458
-13.2584
-16.2382
-19.0916
-21.8253
-24.4302
-26.8938
-29.1919
-31.2913
-33.1402
-34.6617
-35.775
-36.4414
-36.6365
-36.3624
-35.6339
-34.417
-32.6221
-30.155
-26.9555
-23.0068
-18.3539
-13.2225
-8.01156
-3.6525
-2.1748
-7.00094
-22.5812
-69.597
25.2868
27.4816
29.8259
32.1241
34.072
35.6843
36.8616
37.4986
37.6428
37.3894
36.8215
36.0409
35.1273
34.1318
33.0929
32.0208
30.9154
29.7678
28.558
27.2605
25.8449
24.2697
22.4785
20.4249
18.1179
15.5963
12.8793
9.97402
6.88955
3.63571
0.228061
-3.3103
-6.94713
-10.6404
-14.3362
-17.9638
-21.4209
-24.5918
-27.0852
21.6656
19.2063
16.295
13.1127
9.99521
6.66405
3.27836
-0.0215915
-3.28483
-6.44166
-9.46316
-12.3697
-15.1448
-17.7954
-20.3289
-22.7379
-25.0125
-27.1319
-29.0673
-30.7724
-32.1744
-33.1947
-33.8025
-33.982
-33.7393
-33.1054
-32.0691
-30.5648
-28.5237
-25.9114
-22.7408
-19.0909
-15.192
-11.4808
-8.80044
-8.80481
-14.4514
-29.0022
-64.5349
23.9119
25.9824
28.1948
30.3552
32.1822
33.6855
34.7669
35.3331
35.4301
35.1492
34.5707
33.7929
32.892
31.9178
30.9067
29.8691
28.8047
27.7057
26.5535
25.3244
23.99
22.5117
20.8368
18.9222
16.775
14.4326
11.9112
9.21877
6.36278
3.35104
0.196083
-3.08219
-6.45574
-9.88629
-13.3246
-16.7033
-19.9255
-22.8763
-25.1987
20.4909
18.1697
15.4183
12.4121
9.4678
6.32661
3.13313
0.0244618
-3.0441
-6.00852
-8.83998
-11.558
-14.147
-16.6144
-18.9683
-21.2035
-23.312
-25.2768
-27.0731
-28.6608
-29.9709
-30.9268
-31.5044
-31.6914
-31.5006
-30.9766
-30.1275
-28.9113
-27.2783
-25.2154
-22.7574
-20.0066
-17.1921
-14.744
-13.4252
-14.5857
-20.575
-34.0514
-61.2472
22.6109
24.5651
26.6505
28.6853
30.3969
31.7961
32.7923
33.2941
33.3489
33.0447
32.459
31.6862
30.8001
29.8475
28.864
27.8594
26.8338
25.78
24.6808
23.5144
22.2542
20.8645
19.2962
17.5085
15.5093
13.3316
10.9924
8.49784
5.85553
3.07102
0.154853
-2.87601
-5.99713
-9.1743
-12.3624
-15.4985
-18.491
-21.2293
-23.3862
19.3786
17.186
14.5878
11.7471
8.96881
6.001
2.9891
0.0607318
-2.82931
-5.6161
-8.27336
-10.8194
-13.24
-15.5428
-17.7369
-19.8186
-21.7824
-23.6147
-25.2946
-26.7883
-28.0308
-28.9475
-29.5176
-29.7311
-29.6097
-29.2038
-28.5456
-27.6081
-26.3588
-24.8003
-22.9834
-21.0227
-19.1407
-17.7339
-17.4737
-19.4679
-25.4934
-37.7849
-59.0534
21.3807
23.2244
25.1929
27.1056
28.7116
30.0167
30.9309
31.3743
31.3921
31.0691
30.4797
29.715
28.8451
27.9158
26.9601
25.988
24.9994
23.9881
22.9381
21.8294
20.6373
19.3286
17.8576
16.1868
14.3235
12.2991
10.128
7.81794
5.37439
2.80261
0.111379
-2.68528
-5.56598
-8.50038
-11.4472
-14.3481
-17.118
-19.6507
-21.6513
18.3263
16.2562
13.7998
11.1159
8.49035
5.6903
2.84674
0.0837378
-2.63854
-5.26167
-7.75944
-10.1493
-12.4181
-14.5738
-16.6264
-18.5736
-20.4123
-22.1322
-23.716
-25.1361
-26.332
-27.2302
-27.8097
-28.0685
-28.0246
-27.7462
-27.2754
-26.6025
-25.7062
-24.6018
-23.3506
-22.0711
-20.9721
-20.4051
-20.9411
-23.4852
-29.3505
-40.3696
-57.3454
20.2167
21.9576
23.8137
25.6164
27.1218
28.3369
29.1796
29.5703
29.5558
29.2177
28.6277
27.8733
27.0222
26.117
25.1898
24.25
23.2974
22.3267
21.3228
20.2675
19.138
17.9036
16.5218
14.9585
13.2209
11.3376
9.32312
7.18364
4.92543
2.55235
0.0717887
-2.50423
-5.15738
-7.86054
-10.5763
-13.2509
-15.8062
-18.1424
-19.9918
17.3299
15.373
13.0524
10.5151
8.0364
5.3888
2.70434
0.0979404
-2.47076
-4.94328
-7.29502
-9.54317
-11.6754
-13.7002
-15.6279
-17.458
-19.1893
-20.8149
-22.3202
-23.6845
-24.851
-25.746
-26.3517
-26.6643
-26.7099
-26.56
-26.2708
-25.8413
-25.2633
-24.5604
-23.7983
-23.0939
-22.6366
-22.7302
-23.8459
-26.7115
-32.286
-42.0314
-55.8034
19.1167
20.7606
22.5143
24.21
25.6238
26.7587
27.5323
27.8758
27.8336
27.4843
26.8968
26.1557
25.3246
24.4454
23.5475
22.6402
21.7231
20.7915
19.8314
18.826
17.7545
16.5886
15.289
13.8248
12.2031
10.4507
8.58077
6.59995
4.51345
2.32522
0.0410376
-2.32852
-4.76764
-7.25176
-9.74745
-12.2054
-14.555
-16.7025
-18.4102
16.388
14.5384
12.3426
9.9436
7.59954
5.1001
2.56257
0.0998029
-2.32462
-4.65808
-6.87646
-8.99608
-11.0058
-12.9141
-14.732
-16.4606
-18.1004
-19.6472
-21.0897
-22.4127
-23.5634
-24.4689
-25.1102
-25.4862
-25.6252
-25.6027
-25.4824
-25.2738
-24.9781
-24.6223
-24.2762
-24.0459
-24.1007
-24.6974
-26.2166
-29.2324
-34.4405
-42.9692
-54.2548
18.0771
19.6315
21.2868
22.8874
24.2142
25.2724
25.9865
26.2879
26.222
25.8648
25.2826
24.5562
23.7476
22.8952
22.0276
21.153
20.2712
19.3778
18.4596
17.5016
16.4844
15.3821
14.1588
12.7863
11.2719
9.64037
7.9041
6.06952
4.14209
2.12448
0.0227638
-2.15471
-4.39308
-6.67068
-8.95764
-11.2096
-13.3627
-15.3314
-16.9012
15.4973
13.7463
11.6697
9.39962
7.18493
4.8188
2.42054
0.0939746
-2.19895
-4.40428
-6.50063
-8.5036
-10.4029
-12.2076
-13.9291
-15.5697
-17.1319
-18.6135
-20.0061
-21.2997
-22.4458
-23.3714
-24.0548
-24.5003
-24.7308
-24.8315
-24.8644
-24.8554
-24.8024
-24.7452
-24.7411
-24.8921
-25.3433
-26.3082
-28.089
-31.1297
-35.9295
-43.3481
-52.6665
17.0962
18.5662
20.1327
21.6405
22.8888
23.8791
24.5357
24.7999
24.7146
24.3529
23.7787
23.0698
22.2845
21.4605
20.624
19.7826
18.9361
18.0803
17.2029
16.2902
15.3243
14.2818
13.1295
11.8423
10.4273
8.90739
7.29438
5.59475
3.81325
1.95394
0.0205286
-1.97819
-4.02932
-6.11335
-8.2039
-10.261
-12.228
-14.026
-15.4681
14.6568
12.9996
11.0318
8.88315
6.7858
4.54948
2.27953
0.0768163
-2.09176
-4.17924
-6.16371
-8.0606
-9.86037
-11.5726
-13.2091
-14.7736
-16.2697
-17.6977
-19.051
-20.3245
-21.474
-22.4242
-23.1574
-23.6686
-23.993
-24.2032
-24.3798
-24.5402
-24.6998
-24.8859
-25.159
-25.607
-26.354
-27.5749
-29.5048
-32.4818
-36.8615
-43.2867
-51.0176
16.1703
17.5622
19.0431
20.4686
21.6424
22.568
23.1763
23.408
23.3072
22.9441
22.3804
21.6903
20.9305
20.1355
19.3307
18.523
17.7119
16.8935
16.056
15.1871
14.2703
13.2841
12.1985
10.9907
9.6681
8.2515
6.75223
5.17654
3.53055
1.81662
0.0394714
-1.79401
-3.67124
-5.57542
-7.48262
-9.35701
-11.1485
-12.7869
-14.1045
13.863
12.2921
10.4291
8.3929
6.40831
4.28786
2.13902
0.054134
-2.00166
-3.98037
-5.86225
-7.66225
-9.37204
-11.0012
-12.5626
-14.0606
-15.5006
-16.8839
-18.2067
-19.4666
-20.6221
-21.6032
-22.3838
-22.9645
-23.3723
-23.6877
-23.9863
-24.2964
-24.6287
-25.013
-25.5023
-26.1732
-27.1324
-28.5169
-30.508
-33.3597
-37.3208
-42.8767
-49.3211
15.297
16.6146
18.0178
19.3625
20.4692
21.3382
21.8998
22.104
21.9919
21.6311
21.0806
20.4121
19.6783
18.9139
18.1416
17.3681
16.5925
15.8113
15.0133
14.1871
13.3175
12.3851
11.3623
10.2289
8.99217
7.6715
6.2774
4.8167
3.29536
1.71644
0.0827866
-1.59746
-3.31488
-5.05271
-6.79006
-8.49454
-10.1226
-11.6105
-12.8145
13.1141
11.6264
9.85908
7.92903
6.04642
4.03932
2.00136
0.0234346
-1.9257
-3.80393
-5.59152
-7.3031
-8.93113
-10.4857
-11.9801
-13.4199
-14.8111
-16.1569
-17.4552
-18.705
-19.8696
-20.8808
-21.7101
-22.3556
-22.8418
-23.2493
-23.6541
-24.0874
-24.5594
-25.099
-25.7503
-26.5848
-27.6837
-29.1582
-31.143
-33.8287
-37.3891
-42.1858
-47.5766
14.4722
15.7203
17.0476
18.3208
19.3632
20.1779
20.7013
20.8826
20.7634
20.4081
19.8737
19.2279
18.5226
17.7892
17.0502
16.3114
15.5717
14.8278
14.0689
13.2846
12.4609
11.58
10.6168
9.55342
8.39716
7.16574
5.86925
4.51484
3.10886
1.65359
0.153306
-1.38694
-2.95653
-4.54168
-6.12222
-7.67002
-9.14676
-10.4965
-11.5913
12.4063
10.9958
9.32126
7.49007
5.70617
3.79937
1.86676
-0.00910645
-1.86155
-3.64676
-5.34746
-6.97787
-8.53136
-10.0185
-11.4528
-12.8406
-14.189
-15.5022
-16.7796
-18.0216
-19.1952
-20.2347
-21.1117
-21.8152
-22.3735
-22.8585
-23.3542
-23.8845
-24.4683
-25.1221
-25.8955
-26.8363
-28.0196
-29.5227
-31.4516
-33.9471
-37.1281
-41.2697
-45.7956
13.6933
14.8747
16.1331
17.335
18.3194
19.0868
19.5729
19.7357
19.6133
19.2673
18.7518
18.1317
17.4555
16.7548
16.0498
15.3464
14.6429
13.9366
13.2168
12.4741
11.6953
10.8643
9.95804
8.96094
7.88013
6.73202
5.52609
4.26982
2.96986
1.629
0.250446
-1.16002
-2.59445
-4.03807
-5.47492
-6.87907
-8.21744
-9.43963
-10.4344
11.7383
10.4024
8.81285
7.07552
5.38057
3.57297
1.73699
-0.046487
-1.80636
-3.50516
-5.1254
-6.68092
-8.16622
-9.59187
-10.9717
-12.3126
-13.6224
-14.9061
-16.1648
-17.3994
-18.5785
-19.6455
-20.5612
-21.3212
-21.9375
-22.4934
-23.0575
-23.6691
-24.3315
-25.0736
-25.923
-26.9314
-28.1468
-29.6351
-31.4743
-33.7679
-36.599
-40.1734
-43.9846
12.957
14.0762
15.2673
16.4065
17.3347
18.0561
18.5124
18.6603
18.5379
18.2039
17.7097
17.1164
16.4716
15.8041
15.1338
14.4662
13.7997
13.1312
12.4508
11.7496
11.0152
10.2329
9.38168
8.44776
7.43806
6.3677
5.24577
4.08012
2.87765
1.64149
0.375295
-0.916674
-2.2253
-3.53972
-4.84485
-6.11808
-7.33072
-8.43746
-9.33908
11.1073
9.83997
8.33299
6.683
5.07488
3.35503
1.61122
-0.0831027
-1.75872
-3.37671
-4.92174
-6.40767
-7.82978
-9.19882
-10.5286
-11.8265
-13.1006
-14.3566
-15.5968
-16.8212
-18.0046
-19.09
-20.0425
-20.8463
-21.517
-22.1261
-22.7493
-23.4168
-24.1398
-24.9356
-25.833
-26.8681
-28.0816
-29.5235
-31.2497
-33.3408
-35.849
-38.9352
-42.1555
12.2629
13.323
14.4539
15.5307
16.4085
17.09
17.5162
17.6521
17.5323
17.2127
16.7416
16.1774
15.5641
14.931
14.296
13.6646
13.0352
12.4051
11.7645
11.105
10.4149
9.6808
8.88322
8.01005
7.06781
6.07037
5.02643
3.94431
2.8313
1.69116
0.527485
-0.655134
-1.84926
-3.04513
-4.22966
-5.38444
-6.48314
-7.4847
-8.30478
10.5134
9.31136
7.87923
6.31199
4.78214
3.14986
1.4906
-0.12256
-1.7169
-3.25883
-4.73316
-6.15375
-7.5167
-8.83284
-10.1159
-11.3732
-12.6134
-13.8422
-15.0627
-16.2753
-17.4564
-18.5557
-19.5355
-20.3762
-21.0893
-21.7426
-22.4087
-23.1173
-23.878
-24.7054
-25.6221
-26.657
-27.8423
-29.2142
-30.8183
-32.7097
-34.9251
-37.5884
-40.3154
11.6098
12.6163
13.6893
14.7123
15.5415
16.184
16.5865
16.7127
16.5968
16.2926
15.8456
15.3101
14.7297
14.1305
13.5307
12.9355
12.3432
11.7516
11.1509
10.5336
9.88814
9.20216
8.45762
7.64376
6.76631
5.83786
4.86667
3.86158
2.83044
1.77775
0.707409
-0.376011
-1.46595
-2.55343
-3.62975
-4.67706
-5.67256
-6.58083
-7.32542
9.95575
8.81229
7.45174
5.96103
4.50781
2.95236
1.37441
-0.16018
-1.68019
-3.15028
-4.55764
-5.91626
-7.22291
-8.48871
-9.72697
-10.9453
-12.1521
-13.3534
-14.5527
-15.7493
-16.9241
-18.0294
-19.0278
-19.8955
-20.6407
-21.327
-22.0237
-22.7588
-23.5405
-24.3802
-25.2957
-26.3103
-27.4482
-28.7391
-30.2137
-31.9129
-33.8617
-36.1599
-38.4763
10.9991
11.9559
12.9784
13.9484
14.7349
15.3445
15.7228
15.8413
15.7307
15.4423
15.0191
14.5131
13.9639
13.3987
12.8334
12.2737
11.718
11.1643
10.6035
10.0283
9.42781
8.79034
8.099
7.34394
6.5299
5.66776
4.76518
3.83143
2.87501
1.90144
0.915069
-0.079506
-1.07549
-2.06692
-3.04532
-3.99455
-4.89692
-5.72021
-6.39975
9.43606
8.34719
7.05002
5.6311
4.24589
2.76748
1.26401
-0.199307
-1.64701
-3.04925
-4.39317
-5.69259
-6.94533
-8.16232
-9.35696
-10.5366
-11.7096
-12.8822
-14.0575
-15.2354
-16.3975
-17.5012
-18.5086
-19.3929
-20.1598
-20.8684
-21.5847
-22.334
-23.1234
-23.9607
-24.8604
-25.8399
-26.9192
-28.1194
-29.4635
-30.9811
-32.6926
-34.6748
-36.6452
10.4306
11.3432
12.3173
13.2425
13.9882
14.5663
14.9273
15.0407
14.936
14.6634
14.2634
13.7844
13.2663
12.7328
12.2005
11.6747
11.1541
10.6372
10.1152
9.58168
9.02609
8.43749
7.79991
7.10414
6.35344
5.55661
4.72014
3.85346
2.96555
2.06299
1.15114
0.235269
-0.678383
-1.58419
-2.47368
-3.33502
-4.15359
-4.90114
-5.52005
8.95373
7.91285
6.676
5.32238
4.00342
2.59182
1.15968
-0.234275
-1.61614
-2.95437
-4.23809
-5.48102
-6.68169
-7.85104
-9.00226
-10.1427
-11.2808
-12.4224
-13.5712
-14.7259
-15.8693
-16.9643
-17.9699
-18.8617
-19.6389
-20.3609
-21.0851
-21.8396
-22.6244
-23.4501
-24.3214
-25.2577
-26.2687
-27.3767
-28.5919
-29.9445
-31.4409
-33.1521
-34.8311
9.90488
10.7763
11.7084
12.5888
13.2995
13.8528
14.1974
14.3088
14.2116
13.955
13.5771
13.1245
12.6339
12.1305
11.6289
11.1347
10.647
10.1645
9.67945
9.18607
8.67445
8.1345
7.55116
6.91568
6.22952
5.49878
4.72815
3.92642
3.10262
2.26454
1.41846
0.570916
-0.271138
-1.1017
-1.9135
-2.69687
-3.43921
-4.11899
-4.68341
8.50914
7.51344
6.32969
5.03697
3.77621
2.43169
1.06445
-0.266779
-1.58483
-2.8628
-4.08962
-5.27885
-6.42937
-7.55212
-8.65983
-9.76017
-10.8614
-11.9697
-13.0887
-14.2146
-15.3351
-16.4109
-17.4095
-18.2957
-19.0773
-19.7988
-20.5256
-21.2712
-22.0473
-22.8481
-23.6885
-24.571
-25.515
-26.5262
-27.6234
-28.8204
-30.1307
-31.6056
-33.0383
9.41966
10.2535
11.1444
11.9872
12.6648
13.1958
13.5322
13.6456
13.5575
13.3173
12.9609
12.5315
12.067
11.5899
11.1158
10.65
10.1919
9.74082
9.28969
8.8337
8.36392
7.87129
7.34187
6.76742
6.14766
5.48546
4.78277
4.04685
3.28586
2.508
1.72078
0.93253
0.151054
-0.615971
-1.36156
-2.07635
-2.75458
-3.37144
-3.88719
8.09963
7.14469
6.01241
4.77549
3.57177
2.28465
0.979891
-0.290474
-1.5505
-2.77167
-3.94469
-5.08267
-6.18485
-7.2619
-8.32622
-9.38549
-10.4482
-11.5206
-12.605
-13.6993
-14.7887
-15.842
-16.8218
-17.6986
-18.4706
-19.1877
-19.9025
-20.6363
-21.3898
-22.1648
-22.9638
-23.7948
-24.6659
-25.5881
-26.571
-27.6304
-28.7734
-30.0452
-31.2669
8.97292
9.77073
10.6251
11.4297
12.0801
12.5962
12.9267
13.0466
12.9698
12.7473
12.412
12.0054
11.5627
11.1091
10.6584
10.217
9.7846
9.36097
8.93986
8.51746
8.08601
7.63785
7.16054
6.6468
6.09486
5.5043
4.87362
4.20728
3.51134
2.79352
2.06148
1.32506
0.594494
-0.121094
-0.812534
-1.47328
-2.09379
-2.65683
-3.1266
7.72369
6.80869
5.72267
4.53909
3.38561
2.15693
0.909168
-0.306234
-1.5095
-2.67702
-3.79886
-4.88762
-5.94297
-6.97518
-7.99628
-9.01398
-10.0368
-11.0708
-12.1185
-13.1761
-14.2315
-15.2553
-16.2112
-17.0691
-17.8257
-18.5278
-19.2245
-19.9358
-20.6619
-21.4028
-22.1586
-22.9344
-23.7365
-24.5724
-25.451
-26.3856
-27.3819
-28.4783
-29.5215
8.56074
9.32489
10.1429
10.9162
11.542
12.0457
12.3786
12.5088
12.4454
12.2429
11.93
11.5441
11.1225
10.6876
10.2557
9.8335
9.42164
9.02052
8.62465
8.23113
7.83347
7.42555
6.99682
6.54152
6.05718
5.54054
4.98637
4.39552
3.77048
3.11649
2.44037
1.75289
1.0657
0.391301
-0.259256
-0.876717
-1.45134
-1.97015
-2.39898
7.37829
6.49975
5.45993
4.3262
3.2232
2.04541
0.853317
-0.307757
-1.4587
-2.5746
-3.64698
-4.68802
-5.69794
-6.68603
-7.66409
-8.63985
-9.62211
-10.6166
-11.6251
-12.6446
-13.6626
-14.6528
-15.5795
-16.4123
-17.1468
-17.8267
-18.4977
-19.1789
-19.87
-20.5707
-21.2795
-21.9994
-22.7341
-23.4898
-24.274
-25.0974
-25.9657
-26.9119
-27.8039
8.18192
8.91431
9.70144
10.4435
11.0502
11.5472
11.8821
12.0247
11.9765
11.7983
11.5109
11.1484
10.7455
10.3274
9.90925
9.5
9.10206
8.717
8.34037
7.97009
7.6008
7.22783
6.84263
6.44138
6.02187
5.57901
5.10438
4.59485
4.04823
3.46604
2.8517
2.21529
1.56953
0.929625
0.309925
-0.276081
-0.818251
-1.30232
-1.70191
7.063
6.2195
5.22115
4.13554
3.07825
1.95368
0.813898
-0.296724
-1.39439
-2.45956
-3.4822
-4.47615
-5.44207
-6.3873
-7.32258
-8.25663
-9.1982
-10.1526
-11.1221
-12.1021
-13.0811
-14.0353
-14.9294
-15.7333
-16.4408
-17.093
-17.7319
-18.3759
-19.0249
-19.6791
-20.336
-20.9982
-21.6677
-22.3492
-23.0482
-23.7746
-24.5325
-25.3512
-26.1158
7.83551
8.54041
9.29901
10.0174
10.6072
11.0966
11.436
11.5884
11.5529
11.4047
11.1501
10.8145
10.435
10.0326
9.62473
9.22217
8.83025
8.45289
8.0875
7.73315
7.38559
7.04131
6.69348
6.34015
5.98005
5.60739
5.21176
4.78679
4.32547
3.82388
3.28078
2.70304
2.10228
1.49571
0.901178
0.336026
-0.185602
-0.649204
-1.02936
6.77829
5.96556
5.00796
3.96735
2.9566
1.87881
0.791266
-0.268404
-1.31463
-2.32876
-3.29921
-4.24447
-5.16715
-6.07048
-6.96349
-7.85609
-8.75724
-9.6724
-10.6029
-11.5427
-12.4841
-13.401
-14.2633
-15.0358
-15.7147
-16.3343
-16.9364
-17.5356
-18.1357
-18.7351
-19.3351
-19.9357
-20.5411
-21.1523
-21.7767
-22.4178
-23.0833
-23.7939
-24.4529
7.52383
8.20422
8.94047
9.63562
10.2129
10.6963
11.0351
11.1907
11.1608
11.048
10.8352
10.5371
10.1864
9.80535
9.40807
9.00883
8.61609
8.23753
7.8737
7.52596
7.19167
6.86857
6.55098
6.23845
5.93034
5.62125
5.29974
4.95791
4.58443
4.1707
3.70838
3.19972
2.65237
2.08361
1.51291
0.962553
0.450363
-0.00564792
-0.378283
6.52934
5.74721
4.82649
3.82968
2.86085
1.83182
0.792396
-0.221452
-1.21611
-2.17852
-3.09795
-3.99429
-4.87258
-5.73227
-6.58189
-7.43236
-8.2927
-9.16789
-10.0567
-10.9598
-11.8624
-12.749
-13.5806
-14.3292
-14.9784
-15.5685
-16.128
-16.6809
-17.2223
-17.7634
-18.2968
-18.8347
-19.3717
-19.9193
-20.472
-21.0428
-21.6275
-22.2527
-22.8228
7.24854
7.90671
8.61982
9.2957
9.85854
10.3309
10.6686
10.8203
10.7949
10.7229
10.5588
10.3047
9.99497
9.64091
9.25951
8.86401
8.46725
8.08015
7.70832
7.35652
7.02559
6.71454
6.41952
6.13975
5.87586
5.62085
5.36528
5.09908
4.81136
4.48663
4.11343
3.68389
3.20276
2.68067
2.14051
1.60362
1.09601
0.636657
0.262116
6.312
5.55966
4.67892
3.72546
2.80098
1.81587
0.825112
-0.144544
-1.09043
-2.00316
-2.87899
-3.73385
-4.56696
-5.37643
-6.1782
-6.98514
-7.80286
-8.63335
-9.48167
-10.3433
-11.213
-12.0688
-12.8792
-13.6027
-14.2302
-14.7853
-15.3056
-15.8013
-16.2833
-16.7521
-17.2179
-17.6813
-18.1535
-18.6327
-19.1248
-19.6316
-20.1558
-20.7093
-21.2113
7.00501
7.63928
8.32963
8.98023
9.52803
9.98604
10.3151
10.4561
10.4492
10.4312
10.3152
10.11
9.84508
9.53112
9.17211
8.78714
8.38739
7.9893
7.60135
7.23592
6.89676
6.58865
6.30662
6.05312
5.82328
5.61309
5.40814
5.20569
4.98887
4.74855
4.46094
4.11977
3.71338
3.25483
2.7545
2.24085
1.73677
1.27244
0.887532
6.1582
5.42944
4.5753
3.65596
2.76583
1.82225
0.878119
-0.0478652
-0.928033
-1.80194
-2.59639
-3.42162
-4.22887
-4.99383
-5.75696
-6.53582
-7.32677
-8.12869
-8.94548
-9.78249
-10.6311
-11.4741
-12.2761
-12.993
-13.6092
-14.1449
-14.6337
-15.0855
-15.5121
-15.9202
-16.3175
-16.715
-17.1241
-17.5447
-17.9835
-18.4388
-18.9117
-19.4118
-19.8558
6.82971
7.44287
8.11134
8.73301
9.25302
9.67146
9.95962
10.044
10.0529
10.1501
10.1027
9.94859
9.74271
9.47428
9.15068
8.78606
8.39504
7.9918
7.5913
7.20847
6.85621
6.54107
6.26408
6.02488
5.81944
5.63607
5.46349
5.2951
5.12272
4.93347
4.71023
4.43687
4.10202
3.70478
3.254
2.77053
2.28175
1.81651
1.426
6.04588
5.33515
4.50404
3.61175
2.75314
1.84468
0.947778
0.0707098
-0.738141
-1.58426
-2.27042
-3.07893
-3.87337
-4.59679
-5.32644
-6.08799
-6.86447
-7.64758
-8.44663
-9.2663
-10.1044
-10.9432
-11.7434
-12.4618
-13.0748
-13.6031
-14.0711
-14.4926
-14.8746
-15.2343
-15.5702
-15.9103
-16.2612
-16.6307
-17.0183
-17.4283
-17.854
-18.3006
-18.6894
6.70058
7.295
7.94135
8.52624
9.01192
9.3761
9.59787
9.60221
9.59912
9.84847
9.8891
9.79255
9.64127
9.42715
9.14371
8.80923
8.43752
8.04183
7.63773
7.24354
6.87766
6.55211
6.27229
6.03959
5.84898
5.68454
5.53229
5.38452
5.23599
5.07732
4.89534
4.67347
4.39725
4.05897
3.66022
3.21702
2.75178
2.29663
1.90241
5.93365
5.24306
4.43464
3.57178
2.7443
1.87774
1.02876
0.200152
-0.542121
-1.36476
-1.9441
-2.72962
-3.5068
-4.18387
-4.87218
-5.60881
-6.36601
-7.12785
-7.90195
-8.70106
-9.52425
-10.3526
-11.1466
-11.8626
-12.4738
-12.9954
-13.4476
-13.8403
-14.1818
-14.4924
-14.7674
-15.045
-15.3354
-15.6466
-15.9811
-16.3428
-16.7215
-17.1182
-17.4594
6.56774
7.14144
7.76006
8.30891
8.75796
9.06366
9.2229
9.15771
9.13703
9.52441
9.6577
9.61454
9.52089
9.3592
9.12319
8.82847
8.49007
8.11788
7.72529
7.33058
6.95538
6.61771
6.32858
6.09489
5.91212
5.76322
5.62793
5.49673
5.36275
5.2224
5.06638
4.88414
4.65986
4.38249
4.04532
3.65654
3.23182
2.79891
2.40747
5.81653
5.14716
4.36403
3.53031
2.73613
1.90837
1.10809
0.330953
-0.352729
-1.14784
-1.62737
-2.3797
-3.13287
-3.7626
-4.40423
-5.10761
-5.83853
-6.57197
-7.31768
-8.089
-8.89065
-9.70011
-10.4834
-11.1929
-11.8041
-12.32
-12.7626
-13.1303
-13.4386
-13.7025
-13.9194
-14.1312
-14.3579
-14.6025
-14.8771
-15.1813
-15.5101
-15.8545
-16.1496
6.4286
6.97882
7.56766
8.07521
8.48934
8.73623
8.83775
8.71411
8.67447
9.18198
9.40826
9.42192
9.37784
9.27012
9.08228
8.8319
8.53596
8.20227
7.84012
7.46311
7.09286
6.74856
6.44921
6.20579
6.02292
5.88105
5.76121
5.64349
5.52294
5.39145
5.25065
5.09104
4.90673
4.68134
4.40825
4.08187
3.71331
3.31688
2.94445
5.69511
5.04897
4.29024
3.48489
2.71965
1.93232
1.17701
0.44843
-0.182347
-0.939206
-1.32911
-2.03961
-2.75954
-3.34066
-3.93048
-4.59053
-5.28473
-5.98307
-6.69101
-7.42897
-8.19864
-8.98357
-9.74846
-10.4506
-11.0587
-11.5748
-12.0112
-12.3654
-12.6474
-12.8773
-13.0415
-13.1953
-13.3563
-13.5348
-13.7419
-13.9845
-14.256
-14.5488
-14.8039
6.28182
6.80691
7.36118
7.82946
8.20662
8.39245
8.44682
8.2709
8.20957
8.82197
9.14047
9.2082
9.21536
9.15975
9.01994
8.8128
8.55976
8.27162
7.95351
7.61482
7.26947
6.93602
6.63255
6.37833
6.18317
6.03835
5.92285
5.81804
5.70874
5.58872
5.45556
5.31046
5.14927
4.96498
4.74568
4.48454
4.17921
3.8395
3.50284
5.56716
4.94479
4.2109
3.43144
2.69365
1.93946
1.22455
0.544534
-0.0387331
-0.744309
-1.05595
-1.71355
-2.3898
-2.91983
-3.45365
-4.06087
-4.70776
-5.36085
-6.0273
-6.72341
-7.45514
-8.20634
-8.94557
-9.63177
-10.2319
-10.7443
-11.1757
-11.5187
-11.7809
-11.9817
-12.1
-12.1986
-12.2966
-12.4065
-12.5434
-12.7185
-12.9274
-13.1606
-13.3571
6.12845
6.62734
7.14726
7.5728
7.91369
8.03763
8.05304
7.82239
7.73851
8.44916
8.8544
8.97097
9.01969
9.01829
8.93166
8.77295
8.56397
8.3212
8.05146
7.76213
7.46051
7.15839
6.86892
6.61126
6.40062
6.23837
6.1126
6.00736
5.90553
5.7952
5.67177
5.53654
5.39136
5.23416
5.05867
4.85484
4.61751
4.34523
4.06831
5.43543
4.83541
4.1239
3.3672
2.65083
1.92778
1.24777
0.611893
0.0744388
-0.5657
-0.81034
-1.40348
-2.02248
-2.4969
-2.9716
-3.51842
-4.10852
-4.7114
-5.3297
-5.98043
-6.66894
-7.37996
-8.08808
-8.75278
-9.34388
-9.85366
-10.2863
-10.6279
-10.8851
-11.0733
-11.1639
-11.2237
-11.2732
-11.3244
-11.3968
-11.5052
-11.6525
-11.8352
-12.0181
5.97198
6.44663
6.92953
7.31533
7.6127
7.66739
7.64872
7.35606
7.24166
8.05922
8.55798
8.71299
8.78813
8.8231
8.78903
8.68665
8.53597
8.3479
8.13271
7.89741
7.64949
7.39467
7.13999
6.89804
6.68243
6.50089
6.35194
6.22948
6.11964
6.01062
5.89224
5.76462
5.62825
5.48893
5.34169
5.18474
5.00567
4.80273
4.58747
5.30042
4.71914
4.02605
3.28778
2.59084
1.89324
1.24479
0.655042
0.162415
-0.404726
-0.59435
-1.10845
-1.65259
-2.06447
-2.47903
-2.96253
-3.49228
-4.03968
-4.60784
-5.20985
-5.84655
-6.5076
-7.16441
-7.78575
-8.33887
-8.82285
-9.23329
-9.55771
-9.79473
-9.96149
-10.0172
-10.0372
-10.0368
-10.0323
-10.0404
-10.0833
-10.1596
-10.2605
-10.3278
5.81674
6.26826
6.71643
7.05969
7.30535
7.27899
7.2272
6.84857
6.68931
7.62936
8.24759
8.46418
8.56532
8.61753
8.60095
8.52981
8.42623
8.29859
8.14762
7.97665
7.79092
7.59469
7.39155
7.18707
6.98981
6.80608
6.64214
6.50021
6.37685
6.26256
6.14804
6.02783
5.90284
5.7752
5.64867
5.52147
5.38944
5.24593
5.10376
5.16693
4.60041
3.92174
3.19751
2.51489
1.84056
1.22208
0.677069
0.229469
-0.26356
-0.404828
-0.825409
-1.27558
-1.61981
-1.97499
-2.39608
-2.8635
-3.35645
-3.87648
-4.43161
-5.02302
-5.63868
-6.25859
-6.85235
-7.39278
-7.86916
-8.28361
-8.61596
-8.87165
-9.05684
-9.12298
-9.14088
-9.12959
-9.09652
-9.06473
-9.05649
-9.08868
-9.1754
-9.33327
5.66511
6.09498
6.50725
6.81206
6.99572
6.89258
6.81556
6.30893
6.05084
7.1008
7.8473
8.16342
8.3602
8.49168
8.51826
8.4592
8.35771
8.24198
8.11845
7.98834
7.85144
7.70894
7.56064
7.40519
7.24075
7.0692
6.89932
6.73994
6.59618
6.46632
6.34607
6.22893
6.11313
5.99826
5.88677
5.77809
5.67148
5.56544
5.48082
5.04676
4.49427
3.82668
3.11387
2.4413
1.78045
1.18189
0.674913
0.264595
-0.157112
-0.247158
-0.555527
-0.896366
-1.17197
-1.47177
-1.83263
-2.23613
-2.66751
-3.12348
-3.60926
-4.11867
-4.63988
-5.14895
-5.62193
-6.04701
-6.42891
-6.76656
-7.03765
-7.24114
-7.38103
-7.4082
-7.39326
-7.34857
-7.27822
-7.20068
-7.13334
-7.07399
-6.99557
-6.81792
5.52754
5.93462
6.31456
6.58179
6.70723
6.55827
6.46982
5.73684
5.34918
6.49284
7.29266
7.63454
7.90497
8.18326
8.38828
8.49088
8.50707
8.46356
8.38162
8.27993
8.16944
8.05844
7.95148
7.84922
7.74294
7.61859
7.47368
7.3159
7.1563
7.00035
6.85053
6.70529
6.56561
6.43174
6.30746
6.19307
6.08082
5.94907
5.75755
4.96322
4.41613
3.7544
3.04193
2.36769
1.70378
1.11108
0.619774
0.235033
-0.111646
-0.134073
-0.314063
-0.537378
-0.741489
-0.986844
-1.29121
-1.64423
-2.03158
-2.45326
-2.90623
-3.3918
-3.9
-4.4235
-4.93454
-5.40412
-5.81471
-6.18926
-6.51236
-6.80403
-7.05779
-7.1859
-7.2548
-7.28801
-7.27994
-7.24568
-7.20686
-7.20417
-7.29257
-7.58245
5.4316
5.82231
6.17305
6.40297
6.46354
6.28519
6.10016
5.02666
4.57672
5.99078
6.89732
7.16178
7.27766
7.40608
7.54987
7.70308
7.85701
7.99189
8.0851
8.13216
8.13361
8.10024
8.0426
7.98246
7.93866
7.90386
7.86177
7.80673
7.74211
7.67131
7.59754
7.5179
7.43118
7.33465
7.2317
7.13006
7.0567
7.06755
7.2723
4.91237
4.35117
3.66566
2.92892
2.22913
1.54722
0.949478
0.472558
0.124219
-0.124164
-0.0714766
-0.131473
-0.251003
-0.39111
-0.568715
-0.782904
-1.02285
-1.28058
-1.55073
-1.82777
-2.10076
-2.35262
-2.56526
-2.7334
-2.8866
-3.04696
-3.20172
-3.3252
-3.40815
-3.48372
-3.48943
-3.48217
-3.46239
-3.41807
-3.35028
-3.26414
-3.12576
-2.8656
-2.30946
5.38853
5.77487
6.10606
6.28802
6.25878
5.95858
5.42
3.90142
3.53036
5.5432
7.02665
7.76818
8.11011
8.18369
8.03593
7.76608
7.46804
7.21844
7.0353
6.92128
6.8587
6.84059
6.84614
6.83436
6.75589
6.63116
6.49704
6.35911
6.21747
6.07223
5.93145
5.80021
5.68636
5.58783
5.50426
5.41495
5.27143
4.96364
4.32001
4.82667
4.23703
3.51276
2.73602
2.00406
1.30481
0.713655
0.269705
-0.0144564
-0.152475
-0.0442816
-0.00711348
-0.027835
-0.10292
-0.232389
-0.411742
-0.638181
-0.911163
-1.23088
-1.60144
-2.02796
-2.51449
-3.04232
-3.56696
-4.00757
-4.3619
-4.72275
-5.05077
-5.47061
-6.00238
-6.04968
-6.22799
-6.4918
-6.70941
-6.87033
-7.02549
-7.25167
-7.66939
-8.48166
5.31866
5.70787
6.02576
6.16456
6.03765
5.54546
4.49639
2.6017
1.84276
3.8849
5.84181
7.55999
9.09044
10.4528
11.5309
12.3024
12.8026
13.0786
13.1802
13.1756
13.1109
13.0279
12.9823
13.0698
13.3183
13.5841
13.7646
13.888
13.9817
14.049
14.0835
14.0817
14.0509
13.996
13.9361
13.9024
13.9742
14.2749
14.9852
35.3836
22.3672
6.1724
-7.27117
-17.5378
-26.4043
-35.4881
-45.0883
-54.9797
-64.765
-74.3424
-83.5942
-92.6189
-101.521
-110.532
-119.69
-128.88
-137.59
-145.294
-151.304
-154.926
-155.624
-153.19
-147.929
-140.493
-131.74
-122.865
-115.224
-110.361
-109.898
-114.843
-125.171
-139.437
-154.693
-167.222
-174.05
-173.778
-166.925
-155.319
-141.199
-126.573
-112.925
-101.074
-91.2417
-83.2448
-76.7224
-71.3183
-66.7334
-62.7577
-59.2303
-56.0436
-53.1076
-50.3723
-47.7928
-45.3412
-42.9952
-40.7422
-38.5711
-36.4744
-34.4429
-32.4713
-30.5552
-28.6929
-26.8823
-25.1144
-23.3975
-21.7103
-20.296
-19.0735
-17.7953
-16.4392
-15.0639
-13.5612
-12.2273
-10.4301
-9.53321
-6.7202
-7.83746
-1.95273
-9.10099
34.0265
23.3446
12.9148
1.87989
-8.97336
-19.3701
-29.1584
-38.2072
-46.5718
-54.0633
-60.6739
-66.2921
-70.9822
-74.7182
-77.5782
-79.5843
-80.8372
-81.3834
-81.3294
-80.73
-79.6868
-78.2515
-76.5103
-74.5053
-72.3035
-69.9371
-67.454
-64.8776
-62.2404
-59.5608
-56.862
-54.1592
-51.4681
-48.8025
-46.1736
-43.5927
-41.0666
-38.6044
-36.21
-33.8914
-31.6503
-29.4949
-27.4242
-25.4447
-23.5514
-21.7489
-20.0284
-18.3948
-16.8386
-15.365
-13.9672
-12.6426
-11.3922
-10.2124
-9.10033
-8.05263
-7.06406
-6.12887
-5.24175
-4.39663
-3.59356
-2.82829
-2.09533
-1.39594
-0.727135
-0.0779587
0.54353
1.07817
1.55023
2.04406
2.57814
3.15485
3.76354
4.34299
4.929
5.40391
5.57811
7.43342
3.88867
15.1997
-140.801
-140.571
-141.496
-143.62
-145.62
-147.073
-148.577
-150.79
-154.013
-158.141
-162.826
-167.622
-172.197
-176.51
-180.747
-185.067
-189.375
-193.292
-196.23
-197.677
-197.261
-194.882
-190.724
-185.175
-178.803
-172.404
-166.945
-163.476
-162.878
-165.968
-173.186
-184.371
-198.674
-213.926
-226.962
-233.809
-230.682
-217.344
-197.048
-174.298
-152.59
-133.709
-118.03
-105.246
-94.7986
-86.1975
-79.0211
-72.9677
-67.7841
-63.2845
-59.3045
-55.7437
-52.5066
-49.5309
-46.7632
-44.169
-41.7189
-39.3905
-37.1655
-35.029
-32.9675
-30.975
-29.0471
-27.1794
-25.362
-23.6003
-21.877
-20.4287
-19.1813
-17.887
-16.5186
-15.1338
-13.6175
-12.2813
-10.475
-9.56768
-6.75313
-7.77834
-2.02752
-8.99876
-140.001
-136.44
-132.241
-128.014
-123.926
-120.072
-116.497
-113.209
-110.185
-107.403
-104.839
-102.482
-100.295
-98.2519
-96.3008
-94.4177
-92.549
-90.6736
-88.7447
-86.7516
-84.6624
-82.4785
-80.1833
-77.7903
-75.2971
-72.7238
-70.0761
-67.3762
-64.6339
-61.8693
-59.0943
-56.3251
-53.5729
-50.8505
-48.1689
-45.5357
-42.9604
-40.4469
-38.0035
-35.6315
-33.3391
-31.1259
-29
-26.9574
-25.0048
-23.1341
-21.3517
-19.6475
-18.0272
-16.4839
-15.0153
-13.6235
-12.3066
-11.0631
-9.89057
-8.78558
-7.74394
-6.75904
-5.82536
-4.93908
-4.09332
-3.28536
-2.51531
-1.78104
-1.08274
-0.411401
0.221458
0.760479
1.23158
1.72121
2.25414
2.83517
3.47023
4.0989
4.74486
5.29885
5.48546
7.3244
3.9579
14.7558
-126.281
-123.558
-121.714
-121.498
-122.626
-124.415
-126.43
-128.672
-131.358
-134.612
-138.247
-141.906
-145.251
-148.252
-151.069
-153.924
-156.815
-159.557
-161.786
-163.197
-163.63
-163.177
-162.162
-161.071
-160.392
-160.602
-162.23
-165.721
-171.43
-179.18
-188.767
-199.593
-211.133
-223.114
-234.481
-242.376
-242.432
-232.305
-213.52
-190.286
-166.875
-145.909
-128.308
-113.891
-102.104
-92.3577
-84.197
-77.2787
-71.3459
-66.1888
-61.6691
-57.6523
-54.0474
-50.7708
-47.7662
-44.9841
-42.3869
-39.9424
-37.625
-35.4114
-33.2862
-31.2383
-29.2614
-27.3494
-25.4914
-23.6926
-21.9354
-20.4596
-19.1907
-17.8802
-16.5006
-15.1099
-13.5904
-12.2519
-10.4672
-9.53457
-6.79417
-7.66162
-2.15242
-8.77716
-128.422
-129.785
-130.702
-131.063
-130.941
-130.339
-129.288
-127.807
-125.932
-123.7
-121.162
-118.362
-115.35
-112.173
-108.881
-105.515
-102.119
-98.7226
-95.3548
-92.032
-88.7703
-85.572
-82.4427
-79.3761
-76.3726
-73.4217
-70.5216
-67.6627
-64.8445
-62.0602
-59.3121
-56.5974
-53.9205
-51.283
-48.6898
-46.145
-43.652
-41.2164
-38.8395
-36.528
-34.2817
-32.1086
-30.006
-27.9822
-26.0305
-24.1596
-22.3602
-20.6396
-18.9914
-17.4138
-15.91
-14.4791
-13.1211
-11.8347
-10.618
-9.46927
-8.38336
-7.3567
-6.3837
-5.45751
-4.57534
-3.73248
-2.92512
-2.15604
-1.42434
-0.723386
-0.0676258
0.483305
0.96147
1.44967
1.97462
2.5528
3.1953
3.85756
4.54223
5.16158
5.40058
7.16052
4.05753
14.301
-111.126
-110.441
-109.743
-109.417
-109.764
-110.707
-111.972
-113.377
-114.882
-116.43
-117.918
-119.176
-120.184
-121.023
-121.925
-123.016
-124.347
-125.799
-127.285
-128.741
-130.227
-131.822
-133.702
-136.085
-139.28
-143.551
-149.192
-156.316
-164.828
-174.315
-184.087
-193.518
-202.284
-210.528
-218.337
-224.301
-225.469
-219.396
-206.026
-187.802
-168.01
-149.181
-132.565
-118.417
-106.507
-96.4441
-87.8869
-80.5301
-74.1501
-68.5833
-63.6804
-59.3315
-55.4346
-51.9141
-48.7049
-45.7565
-43.0246
-40.471
-38.0637
-35.7761
-33.5867
-31.4828
-29.4545
-27.4942
-25.5907
-23.7474
-21.9516
-20.4436
-19.1457
-17.8122
-16.4163
-15.0157
-13.4938
-12.158
-10.3981
-9.46812
-6.79368
-7.58375
-2.19852
-8.65286
-111.318
-111.355
-111.258
-111.033
-110.706
-110.253
-109.685
-108.983
-108.153
-107.174
-106.051
-104.761
-103.313
-101.689
-99.9006
-97.9379
-95.8201
-93.5451
-91.1396
-88.6079
-85.9816
-83.2695
-80.5048
-77.6962
-74.8746
-72.047
-69.2379
-66.4497
-63.6999
-60.9867
-58.3221
-55.7014
-53.1328
-50.6114
-48.1446
-45.7275
-43.3668
-41.0576
-38.807
-36.61
-34.4748
-32.3959
-30.3828
-28.4272
-26.5401
-24.7118
-22.9514
-21.2532
-19.6159
-18.0444
-16.5386
-15.1001
-13.7286
-12.4231
-11.1834
-10.0059
-8.89052
-7.83159
-6.82682
-5.87233
-4.96129
-4.08954
-3.25596
-2.45905
-1.6979
-0.96752
-0.285372
0.285628
0.775245
1.26693
1.7871
2.34937
2.98084
3.64921
4.36191
5.027
5.31908
7.04268
4.06187
14.0283
-106.94
-107.766
-108.216
-108.438
-108.808
-109.46
-110.274
-111.126
-111.917
-112.606
-113.136
-113.506
-113.741
-113.919
-114.097
-114.323
-114.569
-114.809
-115.04
-115.372
-115.981
-117.099
-118.926
-121.65
-125.363
-130.167
-136.074
-143.065
-150.835
-158.882
-166.498
-173.285
-179.345
-185.102
-190.533
-194.788
-196.184
-192.957
-184.515
-172
-157.47
-142.841
-129.217
-117.058
-106.372
-97.051
-88.8789
-81.6985
-75.3646
-69.7564
-64.7699
-60.3096
-56.2937
-52.6544
-49.3368
-46.2926
-43.4758
-40.8494
-38.3784
-36.0343
-33.7947
-31.6437
-29.5697
-27.5635
-25.6143
-23.7261
-21.8887
-20.3456
-19.0169
-17.6583
-16.2442
-14.8359
-13.3155
-11.9897
-10.2598
-9.35529
-6.74764
-7.51831
-2.2048
-8.58016
-105.678
-104.378
-103.043
-101.704
-100.345
-98.988
-97.6051
-96.2263
-94.82
-93.4159
-91.9815
-90.5461
-89.0776
-87.6014
-86.0848
-84.55
-82.9648
-81.3477
-79.668
-77.9421
-76.1428
-74.2879
-72.3553
-70.3649
-68.3018
-66.1907
-64.0214
-61.8217
-59.5853
-57.3399
-55.0799
-52.8311
-50.5869
-48.3699
-46.1725
-44.0138
-41.8847
-39.801
-37.7527
-35.7537
-33.7936
-31.8856
-30.0177
-28.2036
-26.4313
-24.712
-23.0389
-21.4113
-19.8355
-18.3119
-16.8443
-15.4337
-14.08
-12.7842
-11.5434
-10.3599
-9.22873
-8.15256
-7.12747
-6.1512
-5.22123
-4.33367
-3.48262
-2.66779
-1.88566
-1.13145
-0.424757
0.167528
0.674887
1.17543
1.69028
2.23834
2.84856
3.50742
4.22137
4.91096
5.24277
6.95035
4.03459
13.8065
-98.8427
-100.227
-101.2
-101.8
-102.365
-103.03
-103.759
-104.455
-105.081
-105.608
-106.06
-106.445
-106.79
-107.081
-107.337
-107.552
-107.721
-107.801
-107.827
-107.909
-108.265
-109.119
-110.655
-112.969
-116.078
-119.96
-124.616
-129.949
-135.684
-141.331
-146.429
-150.885
-154.859
-158.506
-161.837
-164.468
-165.479
-163.676
-158.501
-150.334
-140.402
-129.929
-119.761
-110.256
-101.592
-93.7311
-86.6377
-80.2263
-74.443
-69.2163
-64.4896
-60.1954
-56.283
-52.7045
-49.4211
-46.3878
-43.5707
-40.9333
-38.447
-36.0822
-33.8183
-31.6403
-29.5352
-27.4936
-25.5063
-23.5777
-21.702
-20.1266
-18.7692
-17.3883
-15.9608
-14.5498
-13.0389
-11.7316
-10.0419
-9.17676
-6.65765
-7.42709
-2.21077
-8.49209
-97.1226
-95.3733
-93.6721
-91.9834
-90.3448
-88.7187
-87.1343
-85.5555
-84.0104
-82.4633
-80.9432
-79.4162
-77.9109
-76.3953
-74.8988
-73.392
-71.9022
-70.4012
-68.9151
-67.4158
-65.9266
-64.4184
-62.912
-61.3784
-59.8367
-58.2589
-56.6642
-55.0281
-53.3717
-51.6739
-49.9581
-48.2076
-46.4474
-44.6638
-42.8822
-41.091
-39.3139
-37.5396
-35.7894
-34.0512
-32.3445
-30.6549
-29.0012
-27.3688
-25.7724
-24.2031
-22.6609
-21.1522
-19.6775
-18.2417
-16.8475
-15.4959
-14.1895
-12.9261
-11.7093
-10.534
-9.40567
-8.32089
-7.28477
-6.29649
-5.35528
-4.45719
-3.599
-2.77538
-1.98158
-1.21249
-0.48838
0.123719
0.647726
1.15974
1.67745
2.21043
2.79576
3.42878
4.13149
4.82453
5.18311
6.85943
4.0315
13.5564
-89.1026
-90.5748
-91.624
-92.2805
-92.8506
-93.4907
-94.1833
-94.8754
-95.5273
-96.1368
-96.6975
-97.2088
-97.6365
-97.9828
-98.2859
-98.6137
-98.948
-99.2417
-99.4752
-99.7503
-100.23
-101.091
-102.446
-104.342
-106.754
-109.634
-112.922
-116.515
-120.201
-123.732
-126.898
-129.658
-132.035
-134.093
-135.837
-137.171
-137.628
-136.526
-133.332
-128.136
-121.579
-114.457
-107.257
-100.308
-93.7269
-87.5872
-81.8632
-76.5592
-71.6381
-67.0909
-62.8785
-58.9814
-55.3672
-52.0179
-48.8981
-45.9865
-43.2519
-40.6738
-38.221
-35.8733
-33.6146
-31.4323
-29.3128
-27.2488
-25.2332
-23.272
-21.3664
-19.7644
-18.3844
-16.988
-15.5534
-14.1472
-12.6557
-11.3761
-9.73896
-8.92283
-6.5152
-7.29468
-2.21015
-8.37745
-87.304
-85.4786
-83.6829
-81.9196
-80.1866
-78.4979
-76.8381
-75.2256
-73.6407
-72.1029
-70.5897
-69.1204
-67.6701
-66.2595
-64.863
-63.5019
-62.1491
-60.8272
-59.5098
-58.2199
-56.9305
-55.6642
-54.3948
-53.1444
-51.8859
-50.6399
-49.3796
-48.1246
-46.848
-45.5686
-44.2612
-42.945
-41.5975
-40.2396
-38.852
-37.4572
-36.0385
-34.6193
-33.1842
-31.7566
-30.3199
-28.8977
-27.4739
-26.0676
-24.6683
-23.2782
-21.9023
-20.5414
-19.2001
-17.8811
-16.5864
-15.3196
-14.0799
-12.8723
-11.6914
-10.5435
-9.42475
-8.34507
-7.30463
-6.30849
-5.36048
-4.46041
-3.59951
-2.77442
-1.97762
-1.20365
-0.47196
0.15074
0.68771
1.20998
1.72773
2.25075
2.81051
3.41409
4.08558
4.76234
5.13565
6.75802
4.04162
13.2828
-77.4366
-78.9287
-80.0471
-80.8084
-81.4727
-82.1903
-82.9728
-83.7719
-84.5489
-85.2711
-85.9239
-86.4788
-86.9231
-87.2845
-87.683
-88.1959
-88.7927
-89.356
-89.8606
-90.37
-91.031
-91.9469
-93.1919
-94.7521
-96.601
-98.6644
-100.89
-103.187
-105.457
-107.563
-109.413
-110.913
-112.055
-112.863
-113.443
-113.82
-113.837
-113.062
-111.093
-107.847
-103.687
-99.013
-94.1434
-89.2758
-84.5499
-79.9947
-75.6465
-71.4865
-67.5356
-63.7779
-60.2228
-56.8521
-53.6706
-50.6561
-47.8047
-45.0943
-42.5183
-40.0499
-37.6744
-35.3777
-33.153
-30.9843
-28.8673
-26.7948
-24.7633
-22.7823
-20.8562
-19.2396
-17.8476
-16.4452
-15.014
-13.6235
-12.163
-10.9223
-9.34955
-8.59249
-6.31333
-7.11864
-2.18668
-8.24968
-75.6862
-73.9057
-72.1769
-70.478
-68.8292
-67.2184
-65.6591
-64.1392
-62.673
-61.2452
-59.8712
-58.533
-57.2469
-55.9928
-54.788
-53.6106
-52.4785
-51.3686
-50.2997
-49.2467
-48.2289
-47.2205
-46.241
-45.2641
-44.3097
-43.351
-42.4082
-41.4543
-40.5092
-39.5458
-38.5837
-37.5964
-36.6038
-35.5812
-34.549
-33.4844
-32.4095
-31.3034
-30.189
-29.0458
-27.8985
-26.7289
-25.5593
-24.3776
-23.1895
-21.9985
-20.8065
-19.6159
-18.4295
-17.2473
-16.0735
-14.9078
-13.7567
-12.6153
-11.4898
-10.3757
-9.28412
-8.21491
-7.17705
-6.18064
-5.23491
-4.33316
-3.47571
-2.6541
-1.86198
-1.09324
-0.366553
0.256447
0.794854
1.31866
1.83611
2.34555
2.87917
3.44458
4.08007
4.7247
5.10355
6.65251
4.05168
13.0207
-65.8332
-67.2004
-68.3068
-69.1619
-69.9472
-70.774
-71.6302
-72.471
-73.2412
-73.929
-74.521
-75.0359
-75.4803
-75.9389
-76.5064
-77.2407
-78.0248
-78.75
-79.3666
-79.9789
-80.6821
-81.5782
-82.6664
-83.9334
-85.307
-86.7478
-88.2021
-89.6519
-91.0371
-92.2897
-93.3143
-94.049
-94.4516
-94.5563
-94.459
-94.2934
-94.0135
-93.4118
-92.1803
-90.2458
-87.7226
-84.8022
-81.6501
-78.4148
-75.1688
-71.9655
-68.7991
-65.6988
-62.6587
-59.7048
-56.8251
-54.0395
-51.335
-48.7234
-46.1898
-43.7424
-41.3618
-39.0433
-36.7762
-34.5621
-32.3863
-30.2524
-28.1522
-26.0875
-24.0563
-22.07
-20.1442
-18.5285
-17.1396
-15.748
-14.3366
-12.976
-11.5613
-10.3729
-8.87773
-8.19041
-6.05104
-6.89858
-2.13215
-8.11085
-64.2723
-62.6941
-61.158
-59.656
-58.1884
-56.7621
-55.3699
-54.0227
-52.711
-51.4472
-50.2195
-49.0419
-47.8997
-46.8077
-45.7492
-44.7399
-43.7612
-42.8299
-41.9255
-41.0654
-40.2276
-39.4301
-38.6492
-37.9028
-37.1666
-36.4585
-35.7528
-35.0676
-34.3768
-33.6978
-33.0042
-32.3138
-31.6007
-30.8829
-30.1353
-29.3774
-28.5849
-27.7782
-26.9328
-26.0717
-25.1738
-24.262
-23.3227
-22.3649
-21.3903
-20.4033
-19.4036
-18.3946
-17.3727
-16.342
-15.2998
-14.2539
-13.1989
-12.142
-11.0779
-10.0175
-8.95928
-7.91298
-6.88967
-5.90724
-4.96419
-4.07169
-3.21847
-2.40611
-1.62538
-0.871335
-0.161169
0.446537
0.975802
1.49074
1.99548
2.48793
2.99109
3.51826
4.10573
4.70527
5.07973
6.54197
4.05231
12.7589
-56.4578
-57.6966
-58.7536
-59.62
-60.4219
-61.2142
-61.9841
-62.6804
-63.291
-63.8159
-64.2977
-64.7571
-65.235
-65.7669
-66.4265
-67.1834
-67.9373
-68.5671
-69.0979
-69.6073
-70.2207
-70.9775
-71.887
-72.8776
-73.8964
-74.8755
-75.8076
-76.6795
-77.4986
-78.2119
-78.7727
-79.1002
-79.1693
-78.9676
-78.6005
-78.1765
-77.7635
-77.2608
-76.5207
-75.4321
-74.0044
-72.2886
-70.3764
-68.3401
-66.242
-64.0889
-61.9056
-59.6872
-57.4635
-55.2225
-52.9901
-50.7547
-48.5372
-46.3249
-44.1359
-41.9563
-39.7931
-37.6397
-35.5052
-33.3789
-31.2738
-29.1835
-27.1194
-25.0783
-23.0681
-21.1028
-19.1986
-17.6094
-16.246
-14.8878
-13.5178
-12.2085
-10.8587
-9.73875
-8.33518
-7.72628
-5.73515
-6.63532
-2.04806
-7.95926
-55.103
-53.7354
-52.4076
-51.0998
-49.8245
-48.572
-47.3512
-46.1537
-44.9901
-43.8517
-42.7507
-41.6773
-40.6447
-39.6415
-38.682
-37.7529
-36.8688
-36.0148
-35.2065
-34.4268
-33.6918
-32.9827
-32.3161
-31.6716
-31.0663
-30.4778
-29.9234
-29.3799
-28.8639
-28.3505
-27.8561
-27.3553
-26.8643
-26.3565
-25.8489
-25.3151
-24.7719
-24.1918
-23.5941
-22.9548
-22.2943
-21.5967
-20.8728
-20.1213
-19.3499
-18.5558
-17.7446
-16.909
-16.0535
-15.1717
-14.2712
-13.3441
-12.3985
-11.4279
-10.4441
-9.44262
-8.43355
-7.42467
-6.43682
-5.47133
-4.55081
-3.66569
-2.82657
-2.02799
-1.26614
-0.535035
0.146251
0.728799
1.23509
1.72679
2.21007
2.67436
3.14144
3.6209
4.15837
4.70376
5.06709
6.4311
4.05247
12.5027
-48.9807
-50.0969
-51.0381
-51.7839
-52.4188
-53.0003
-53.5293
-54.0201
-54.4864
-54.9697
-55.4818
-56.0348
-56.5973
-57.162
-57.7176
-58.2685
-58.7432
-59.1158
-59.4062
-59.7286
-60.1558
-60.7438
-61.4528
-62.231
-62.9865
-63.6728
-64.261
-64.7761
-65.2295
-65.6247
-65.9191
-66.0719
-66.0278
-65.7863
-65.3897
-64.9576
-64.5596
-64.2068
-63.8057
-63.2775
-62.5668
-61.6702
-60.6122
-59.4385
-58.1658
-56.8137
-55.3741
-53.8715
-52.2931
-50.6634
-48.968
-47.2289
-45.4302
-43.594
-41.7071
-39.7858
-37.8245
-35.8396
-33.8244
-31.7995
-29.7628
-27.736
-25.7185
-23.7269
-21.7634
-19.8467
-18.0016
-16.468
-15.1589
-13.8637
-12.5652
-11.3323
-10.0699
-9.03673
-7.73901
-7.21739
-5.37849
-6.33633
-1.9362
-7.78968
-47.7972
-46.6128
-45.455
-44.3198
-43.2053
-42.1166
-41.0465
-40.0025
-38.9756
-37.9754
-36.9928
-36.0389
-35.1037
-34.2001
-33.3176
-32.4699
-31.6455
-30.8589
-30.0974
-29.3759
-28.6803
-28.0254
-27.3959
-26.8068
-26.2414
-25.7147
-25.2085
-24.7381
-24.2849
-23.8629
-23.4515
-23.0645
-22.681
-22.3132
-21.9386
-21.5679
-21.1775
-20.7772
-20.3462
-19.8944
-19.4093
-18.8945
-18.3482
-17.7768
-17.1759
-16.5535
-15.9004
-15.223
-14.5114
-13.7735
-12.9977
-12.1922
-11.3477
-10.4767
-9.57202
-8.64454
-7.69724
-6.74982
-5.80191
-4.88077
-3.98098
-3.12201
-2.30164
-1.52813
-0.790875
-0.0919139
0.5522
1.09845
1.57199
2.03066
2.47712
2.90372
3.325
3.75398
4.23139
4.71358
5.05839
6.31555
4.04815
12.2325
-41.4105
-42.2717
-42.9923
-43.5476
-44.0044
-44.4313
-44.8775
-45.3906
-45.9985
-46.704
-47.4613
-48.205
-48.8558
-49.365
-49.7158
-49.9537
-50.12
-50.2588
-50.3984
-50.6068
-50.9289
-51.3982
-51.9781
-52.6137
-53.2178
-53.7352
-54.1339
-54.4394
-54.6795
-54.8808
-55.0264
-55.0965
-55.0455
-54.8668
-54.575
-54.2607
-53.9894
-53.8112
-53.6751
-53.53
-53.2983
-52.9478
-52.4703
-51.8789
-51.1867
-50.3881
-49.4967
-48.5006
-47.4201
-46.2378
-44.9721
-43.6023
-42.1491
-40.596
-38.9648
-37.2464
-35.4621
-33.6075
-31.7096
-29.77
-27.8181
-25.8579
-23.9164
-21.9954
-20.1143
-18.2873
-16.5403
-15.102
-13.8823
-12.6855
-11.492
-10.3671
-9.21824
-8.29222
-7.11526
-6.68572
-4.99952
-6.01168
-1.80368
-7.60388
-40.4551
-39.491
-38.5507
-37.6277
-36.7248
-35.8421
-34.9788
-34.1352
-33.3088
-32.5005
-31.7072
-30.9311
-30.1677
-29.4215
-28.6877
-27.9729
-27.2712
-26.5913
-25.9267
-25.2877
-24.666
-24.0734
-23.4996
-22.9577
-22.4354
-21.9463
-21.476
-21.0394
-20.6208
-20.2351
-19.8639
-19.5235
-19.1936
-18.8896
-18.5869
-18.3002
-18.0016
-17.7053
-17.3845
-17.055
-16.6938
-16.3108
-15.8993
-15.4583
-14.9909
-14.4915
-13.9656
-13.4036
-12.8142
-12.1842
-11.5215
-10.8136
-10.073
-9.28891
-8.47379
-7.62531
-6.76161
-5.87797
-4.99983
-4.12227
-3.26966
-2.44303
-1.66081
-0.917776
-0.218012
0.442409
1.04126
1.54463
1.97876
2.39328
2.79529
3.17305
3.54107
3.90792
4.32159
4.73423
5.05518
6.1973
4.04494
11.9622
-33.6898
-34.3816
-34.9573
-35.4181
-35.8444
-36.3336
-36.9604
-37.7634
-38.7227
-39.7596
-40.7501
-41.5687
-42.1317
-42.423
-42.4907
-42.4338
-42.3709
-42.3801
-42.4816
-42.6624
-42.9322
-43.3012
-43.767
-44.2792
-44.7761
-45.1883
-45.4872
-45.6748
-45.7972
-45.885
-45.9589
-45.9988
-45.9936
-45.9155
-45.7882
-45.6451
-45.5644
-45.5682
-45.6637
-45.7826
-45.8792
-45.8834
-45.7891
-45.5799
-45.2632
-44.8369
-44.2971
-43.653
-42.8915
-42.0234
-41.0274
-39.9205
-38.6829
-37.3384
-35.8721
-34.3074
-32.6395
-30.8996
-29.0914
-27.2495
-25.3811
-23.5206
-21.6736
-19.8676
-18.1089
-16.4204
-14.8221
-13.5235
-12.4319
-11.3737
-10.323
-9.3394
-8.33247
-7.53482
-6.49188
-6.1601
-4.62218
-5.68136
-1.659
-7.40247
-32.9037
-32.1017
-31.3222
-30.5595
-29.8181
-29.0999
-28.4046
-27.7335
-27.0859
-26.461
-25.8581
-25.2743
-24.7097
-24.1605
-23.6279
-23.1069
-22.6011
-22.1049
-21.6242
-21.1522
-20.6971
-20.2509
-19.8236
-19.4053
-19.0079
-18.6189
-18.2521
-17.893
-17.5569
-17.2277
-16.9223
-16.6236
-16.3487
-16.0782
-15.8279
-15.5756
-15.335
-15.0813
-14.8287
-14.5531
-14.2699
-13.9557
-13.627
-13.2641
-12.8759
-12.4566
-12.0054
-11.5256
-11.0102
-10.4641
-9.87581
-9.25652
-8.59299
-7.89833
-7.16545
-6.41145
-5.62735
-4.83443
-4.02404
-3.21932
-2.42126
-1.65381
-0.916487
-0.224541
0.432166
1.04242
1.59006
2.04554
2.43552
2.80226
3.15155
3.47475
3.78105
4.08393
4.42408
4.76026
5.05014
6.07072
4.03422
11.6733
-31.156
-31.8447
-32.4586
-33.012
-33.5758
-34.2198
-34.9783
-35.8424
-36.7432
-37.5741
-38.2061
-38.5436
-38.5498
-38.2815
-37.8524
-37.4088
-37.0674
-36.8946
-36.8619
-36.9108
-36.9963
-37.1436
-37.3728
-37.6833
-38.0153
-38.3095
-38.5107
-38.6138
-38.6388
-38.6367
-38.6358
-38.6518
-38.6678
-38.6804
-38.6813
-38.7057
-38.7814
-38.953
-39.2037
-39.5117
-39.8011
-40.0345
-40.1612
-40.1868
-40.0902
-39.8847
-39.5561
-39.1063
-38.5319
-37.8229
-36.9863
-36.0074
-34.9057
-33.6642
-32.307
-30.8282
-29.2603
-27.6072
-25.9065
-24.1658
-22.4227
-20.6862
-18.9896
-17.341
-15.7657
-14.2684
-12.8782
-11.7645
-10.8455
-9.96296
-9.09355
-8.28465
-7.44797
-6.79955
-5.90451
-5.67093
-4.27425
-5.36427
-1.51888
-7.1914
-30.4121
-29.6411
-28.8638
-28.0815
-27.3031
-26.5342
-25.7787
-25.0442
-24.3327
-23.6513
-22.9982
-22.3802
-21.792
-21.2395
-20.7137
-20.2208
-19.7496
-19.3072
-18.8805
-18.4784
-18.0869
-17.717
-17.3539
-17.0103
-16.6706
-16.3487
-16.0286
-15.7247
-15.4206
-15.1318
-14.8421
-14.5679
-14.2924
-14.032
-13.7686
-13.5181
-13.2599
-13.0098
-12.7455
-12.4823
-12.1958
-11.9027
-11.5789
-11.2429
-10.8716
-10.4844
-10.0633
-9.61893
-9.1448
-8.64047
-8.10918
-7.54395
-6.95332
-6.32835
-5.68561
-5.0136
-4.32983
-3.62164
-2.90664
-2.18079
-1.46736
-0.767212
-0.102266
0.532163
1.12627
1.67981
2.166
2.57281
2.91504
3.23251
3.52809
3.79307
4.03675
4.26771
4.53369
4.78985
5.04293
5.93628
4.01989
11.3775
-30.3775
-30.9913
-31.638
-32.3279
-33.1075
-33.9662
-34.863
-35.6884
-36.3416
-36.7158
-36.7739
-36.5086
-35.9935
-35.3231
-34.642
-34.0568
-33.6519
-33.4154
-33.2942
-33.1784
-33.0392
-32.9033
-32.868
-32.9543
-33.1405
-33.3312
-33.4654
-33.4959
-33.4403
-33.3258
-33.2104
-33.1209
-33.0794
-33.072
-33.1049
-33.1745
-33.3117
-33.5223
-33.8187
-34.1593
-34.5102
-34.8056
-35.0233
-35.128
-35.1265
-34.9977
-34.753
-34.3736
-33.8687
-33.2262
-32.4464
-31.5361
-30.4838
-29.3122
-28.0171
-26.63
-25.1555
-23.63
-22.0607
-20.484
-18.9095
-17.3721
-15.8817
-14.4675
-13.1333
-11.8985
-10.7696
-9.89416
-9.18039
-8.51332
-7.85576
-7.25093
-6.60782
-6.12554
-5.38643
-5.25195
-3.986
-5.08843
-1.4003
-6.97394
-29.7799
-29.1713
-28.5446
-27.9045
-27.2595
-26.6085
-25.9619
-25.3173
-24.6845
-24.0579
-23.4491
-22.85
-22.2726
-21.7064
-21.1639
-20.6325
-20.1248
-19.6257
-19.1483
-18.6763
-18.2234
-17.7727
-17.3391
-16.905
-16.4873
-16.0671
-15.6626
-15.2537
-14.8605
-14.4617
-14.0791
-13.6901
-13.3183
-12.9401
-12.5797
-12.2125
-11.8629
-11.5058
-11.164
-10.8105
-10.4664
-10.1044
-9.74393
-9.35807
-8.96751
-8.54882
-8.1236
-7.67054
-7.20917
-6.72351
-6.22314
-5.70497
-5.16449
-4.61453
-4.0451
-3.47029
-2.87823
-2.27832
-1.66125
-1.04336
-0.422536
0.179567
0.763619
1.31402
1.83726
2.31526
2.74005
3.0885
3.38747
3.65476
3.89766
4.10609
4.28605
4.45145
4.64078
4.81586
5.0271
5.78923
3.99553
11.0528
-31.6989
-32.1742
-32.6637
-33.1675
-33.6744
-34.1631
-34.5462
-34.7398
-34.6471
-34.2504
-33.5749
-32.735
-31.8448
-31.0413
-30.399
-29.9742
-29.7352
-29.6293
-29.5377
-29.3825
-29.112
-28.8151
-28.6048
-28.5934
-28.746
-28.9801
-29.1635
-29.2392
-29.178
-29.0195
-28.7995
-28.5833
-28.4022
-28.2871
-28.2281
-28.2346
-28.2989
-28.439
-28.6406
-28.896
-29.1561
-29.3906
-29.5511
-29.6282
-29.5957
-29.458
-29.1958
-28.8174
-28.3092
-27.6807
-26.9266
-26.0491
-25.0585
-23.9598
-22.777
-21.52
-20.2188
-18.8818
-17.5392
-16.2002
-14.8967
-13.6372
-12.4499
-11.3414
-10.3317
-9.41638
-8.61375
-8.0078
-7.5365
-7.10526
-6.68334
-6.29795
-5.86223
-5.55395
-4.97568
-4.93264
-3.78596
-4.87276
-1.32591
-6.75675
-31.2733
-30.8397
-30.3762
-29.8942
-29.3917
-28.8742
-28.3367
-27.7877
-27.2176
-26.6392
-26.0412
-25.4393
-24.8209
-24.2043
-23.5755
-22.9542
-22.3249
-21.7072
-21.084
-20.4745
-19.86
-19.2597
-18.6536
-18.0614
-17.4628
-16.878
-16.2859
-15.7077
-15.1228
-14.5527
-13.9765
-13.4168
-12.8531
-12.3082
-11.7618
-11.2376
-10.7157
-10.2193
-9.72642
-9.25832
-8.79144
-8.34398
-7.89069
-7.44874
-6.9945
-6.54553
-6.08087
-5.61993
-5.14521
-4.67524
-4.19695
-3.71773
-3.23653
-2.75303
-2.27195
-1.79171
-1.3105
-0.820888
-0.327076
0.175941
0.674311
1.16829
1.64161
2.09763
2.52446
2.924
3.26936
3.56717
3.81651
4.0378
4.23082
4.38637
4.5103
4.612
4.73327
4.8326
5.00167
5.62981
3.96948
10.7081
-30.4477
-30.6228
-30.7894
-30.8971
-30.9255
-30.8195
-30.543
-30.042
-29.3184
-28.3938
-27.3724
-26.3641
-25.5094
-24.8809
-24.5215
-24.3829
-24.3983
-24.4447
-24.4308
-24.2681
-23.9659
-23.5863
-23.2938
-23.2053
-23.3641
-23.6559
-23.9497
-24.1137
-24.1158
-23.9555
-23.6911
-23.365
-23.0464
-22.7679
-22.5626
-22.4183
-22.3443
-22.327
-22.3771
-22.4692
-22.5888
-22.6891
-22.75
-22.7374
-22.6478
-22.462
-22.1832
-21.7986
-21.3151
-20.7258
-20.0419
-19.2631
-18.4066
-17.4821
-16.5086
-15.5043
-14.4822
-13.4624
-12.4542
-11.4813
-10.5493
-9.68141
-8.88225
-8.17084
-7.54596
-7.01413
-6.56883
-6.26512
-6.04257
-5.85915
-5.66998
-5.50484
-5.27102
-5.13103
-4.70409
-4.73948
-3.69821
-4.73794
-1.31442
-6.53998
-30.3172
-30.1753
-29.996
-29.7747
-29.5139
-29.2022
-28.8507
-28.4481
-28.0087
-27.5214
-27.0023
-26.4403
-25.8532
-25.2297
-24.5889
-23.9195
-23.2412
-22.5419
-21.8416
-21.1265
-20.4165
-19.696
-18.9843
-18.264
-17.5544
-16.8366
-16.1302
-15.4153
-14.7121
-14.0008
-13.3021
-12.5963
-11.9051
-11.2102
-10.5343
-9.86091
-9.21338
-8.57615
-7.97099
-7.38056
-6.82314
-6.27922
-5.76343
-5.25536
-4.76805
-4.28295
-3.81368
-3.34431
-2.88998
-2.43837
-2.00508
-1.57811
-1.17088
-0.772461
-0.393884
-0.0234275
0.337858
0.69815
1.06093
1.42443
1.79046
2.14852
2.50112
2.83552
3.16011
3.45981
3.72938
3.96423
4.16972
4.34567
4.49347
4.60188
4.67793
4.73228
4.79462
4.82919
4.95981
5.45338
3.94311
10.3183
-21.978
-22.2235
-22.42
-22.5036
-22.4182
-22.1312
-21.6251
-20.9284
-20.0816
-19.1778
-18.3079
-17.5927
-17.1002
-16.876
-16.8748
-17.0291
-17.215
-17.3396
-17.3067
-17.0967
-16.719
-16.2738
-15.8761
-15.6772
-15.7296
-15.9957
-16.3127
-16.5431
-16.5883
-16.4519
-16.1626
-15.7819
-15.344
-14.9057
-14.5196
-14.2429
-14.0776
-14.009
-13.9988
-14.0291
-14.0731
-14.1158
-14.1283
-14.0953
-13.9978
-13.8314
-13.5894
-13.2765
-12.8912
-12.442
-11.9308
-11.3706
-10.7706
-10.1495
-9.51892
-8.8944
-8.28673
-7.70338
-7.15768
-6.6524
-6.20258
-5.80891
-5.48296
-5.22273
-5.03486
-4.90782
-4.84172
-4.83075
-4.8558
-4.89748
-4.92521
-4.951
-4.89668
-4.8956
-4.60348
-4.68758
-3.73972
-4.68675
-1.38655
-6.32465
-21.8018
-21.6454
-21.492
-21.3451
-21.1863
-21.023
-20.8414
-20.649
-20.4334
-20.2025
-19.9448
-19.6679
-19.3607
-19.0316
-18.6697
-18.2852
-17.8677
-17.4295
-16.9608
-16.4757
-15.9643
-15.4418
-14.8972
-14.3464
-13.7768
-13.2043
-12.6151
-12.025
-11.4189
-10.8123
-10.1904
-9.5688
-8.93286
-8.2993
-7.65586
-7.02109
-6.3854
-5.7679
-5.1603
-4.57963
-4.01597
-3.48231
-2.96737
-2.48041
-2.00963
-1.56307
-1.13055
-0.720418
-0.32536
0.0459817
0.39842
0.724438
1.02929
1.3079
1.56641
1.80454
2.03043
2.24777
2.4609
2.67501
2.88642
3.10067
3.3081
3.51452
3.71598
3.91305
4.09192
4.26746
4.42419
4.55702
4.6609
4.73307
4.77531
4.79311
4.80982
4.79688
4.89874
5.25461
3.92905
9.88807
-9.88969
-10.2504
-10.5609
-10.7687
-10.8239
-10.6923
-10.3813
-9.92853
-9.39687
-8.85841
-8.38621
-8.04584
-7.87836
-7.89146
-8.04605
-8.27053
-8.47133
-8.5668
-8.49801
-8.25316
-7.85818
-7.38484
-6.921
-6.55861
-6.34611
-6.27857
-6.27419
-6.22337
-6.02928
-5.66776
-5.17056
-4.6144
-4.07149
-3.59565
-3.20336
-2.90758
-2.71007
-2.60884
-2.58138
-2.60539
-2.65174
-2.70139
-2.73452
-2.74405
-2.72181
-2.67024
-2.58756
-2.48035
-2.34939
-2.20318
-2.04499
-1.88667
-1.73448
-1.60341
-1.49916
-1.43222
-1.40358
-1.41974
-1.47883
-1.58496
-1.73501
-1.92952
-2.16328
-2.43327
-2.73315
-3.05374
-3.37917
-3.67411
-3.93551
-4.19521
-4.41363
-4.60809
-4.70466
-4.81418
-4.63995
-4.7389
-3.89316
-4.69403
-1.54942
-6.10483
-9.56232
-9.24014
-8.92715
-8.62936
-8.34765
-8.08749
-7.84796
-7.63252
-7.43876
-7.26891
-7.11794
-6.98737
-6.8705
-6.76781
-6.67144
-6.58149
-6.48948
-6.39596
-6.29277
-6.18145
-6.05465
-5.91533
-5.75703
-5.58439
-5.39142
-5.18394
-4.95603
-4.71391
-4.45124
-4.17445
-3.87675
-3.56421
-3.22932
-2.87856
-2.50595
-2.11997
-1.71632
-1.30592
-0.88691
-0.471239
-0.0572493
0.344086
0.735318
1.10688
1.4626
1.79441
2.1064
2.391
2.65279
2.88421
3.09041
3.26533
3.41581
3.53729
3.63849
3.71651
3.78116
3.83105
3.87563
3.91513
3.95733
4.00109
4.05049
4.10614
4.17297
4.2487
4.33258
4.43663
4.54053
4.6242
4.69174
4.73426
4.75196
4.74696
4.73417
4.69222
4.78363
4.98492
3.92489
9.35269
-3.45514
-3.45691
-3.42078
-3.32251
-3.14351
-2.86975
-2.51601
-2.11174
-1.70924
-1.34651
-1.06036
-0.860234
-0.75836
-0.740787
-0.793511
-0.868892
-0.924054
-0.899427
-0.76664
-0.504754
-0.138696
0.299558
0.747258
1.16095
1.49821
1.76805
1.99907
2.26482
2.62188
3.11637
3.73004
4.42097
5.11719
5.76764
6.33367
6.81447
7.21156
7.52914
7.75855
7.90502
7.97776
8.00095
7.99014
7.95935
7.90597
7.83057
7.72518
7.58985
7.41882
7.21224
6.96408
6.66973
6.32189
5.91623
5.45107
4.92698
4.34959
3.72285
3.05546
2.35197
1.62351
0.877371
0.127602
-0.616148
-1.34255
-2.03629
-2.68607
-3.20905
-3.64366
-4.03872
-4.37297
-4.64998
-4.82002
-4.97069
-4.8428
-4.93475
-4.11059
-4.81358
-1.69738
-6.01604
-3.41738
-3.35577
-3.26574
-3.14687
-2.99869
-2.82292
-2.62324
-2.40101
-2.16255
-1.90962
-1.65033
-1.38588
-1.12443
-0.865958
-0.61804
-0.378574
-0.153266
0.0615798
0.262054
0.453571
0.633228
0.807519
0.973796
1.13846
1.29875
1.4604
1.62013
1.78277
1.94429
2.10912
2.27365
2.44258
2.61357
2.79174
2.97537
3.16918
3.37089
3.58304
3.8012
4.02512
4.24866
4.46973
4.68121
4.88058
5.06125
5.22202
5.35783
5.46758
5.54809
5.59941
5.62198
5.61668
5.58705
5.53357
5.46129
5.36967
5.2649
5.14672
5.02372
4.8975
4.77678
4.66277
4.56192
4.47665
4.41462
4.37804
4.36641
4.40554
4.45593
4.5003
4.53692
4.56053
4.56606
4.55653
4.53268
4.47954
4.58048
4.68261
3.77687
8.98783
10.8187
11.2869
11.7284
12.1309
12.4575
12.7096
12.8642
12.9353
12.8944
12.7644
12.5403
12.2766
11.9828
11.7093
11.4465
11.2273
11.0335
10.8967
10.797
10.7592
10.7501
10.7767
10.7919
10.7968
10.7533
10.683
10.5801
10.5018
10.4692
10.5436
10.7236
11.0235
11.3954
11.8172
12.2303
12.6124
12.9265
13.176
13.344
13.4358
13.4399
13.3758
13.2501
13.0871
12.8862
12.6548
12.3804
12.063
11.6913
11.2676
10.7816
10.2308
9.60491
8.90404
8.12597
7.278
6.36884
5.40915
4.41149
3.38719
2.35204
1.31972
0.309556
-0.663477
-1.58446
-2.43953
-3.21227
-3.80809
-4.26819
-4.66678
-4.97383
-5.2125
-5.32825
-5.42142
-5.24079
-5.26194
-4.39695
-4.99087
-1.85223
-5.94511
10.4384
10.0726
9.71229
9.37288
9.04629
8.75168
8.47605
8.23973
8.02541
7.854
7.70537
7.59876
7.51187
7.46272
7.42761
7.4232
7.42574
7.45155
7.47737
7.51983
7.55753
7.60771
7.65056
7.70447
7.7512
7.80879
7.8594
7.92023
7.97358
8.03514
8.08704
8.14431
8.19057
8.24046
8.27938
8.32221
8.35626
8.39499
8.4261
8.46052
8.48604
8.51024
8.52045
8.52186
8.50324
8.46779
8.40607
8.32044
8.20501
8.06268
7.89288
7.69924
7.4847
7.25185
7.0046
6.74325
6.47281
6.19409
5.91504
5.63843
5.3729
5.12095
4.8895
4.68203
4.50793
4.36994
4.27458
4.24744
4.25197
4.25792
4.2702
4.27949
4.28224
4.27555
4.25327
4.20638
4.32221
4.35743
3.57575
8.59916
19.7716
19.9632
20.2114
20.4985
20.773
21.0071
21.1645
21.2386
21.2027
21.0658
20.8305
20.5469
20.2452
19.9796
19.757
19.5957
19.4695
19.3757
19.279
19.1779
19.0417
18.8749
18.6518
18.3832
18.0514
17.6784
17.2614
16.8406
16.4298
16.0787
15.7949
15.6047
15.4808
15.4151
15.3631
15.3113
15.219
15.077
14.8607
14.5778
14.2142
13.7813
13.2785
12.7345
12.1582
11.5738
10.9771
10.3774
9.76067
9.13086
8.47396
7.79182
7.07014
6.30975
5.50186
4.65163
3.76047
2.83754
1.89042
0.930004
-0.0310152
-0.978611
-1.89443
-2.76265
-3.56817
-4.30039
-4.94473
-5.40863
-5.73429
-5.97381
-6.11812
-6.17985
-6.13151
-6.05614
-5.74294
-5.6251
-4.68125
-5.13442
-1.98326
-5.82229
19.6608
19.5703
19.4822
19.3957
19.3049
19.2104
19.1077
19.0008
18.8838
18.7644
18.6366
18.5093
18.3745
18.2423
18.103
17.9662
17.8199
17.6741
17.5145
17.3518
17.1708
16.9834
16.7747
16.559
16.322
16.0803
15.8202
15.5596
15.2848
15.0145
14.7338
14.461
14.1809
13.9111
13.6361
13.373
13.107
12.8542
12.5999
12.3587
12.1162
11.8842
11.6477
11.4162
11.1752
10.9311
10.6701
10.3976
10.1033
9.79267
9.46065
9.11341
8.75025
8.37553
7.99041
7.59703
7.19891
6.79851
6.40301
6.01598
5.64574
5.29492
4.97008
4.67473
4.41831
4.20565
4.04045
3.96291
3.92714
3.90449
3.89812
3.90164
3.9061
3.90922
3.89926
3.86233
3.99279
3.97939
3.32488
8.09452
20.019
20.0283
20.0758
20.156
20.2385
20.3033
20.3316
20.3254
20.275
20.1808
20.0353
19.859
19.6686
19.4996
19.3627
19.273
19.2148
19.1821
19.1447
19.094
19.0035
18.8739
18.688
18.4571
18.1722
17.8514
17.4914
17.1175
16.7316
16.365
16.02
15.7197
15.444
15.1871
14.909
14.6026
14.2426
13.8321
13.3463
12.7839
12.1258
11.3792
10.536
9.62014
8.64651
7.65337
6.65411
5.67168
4.7055
3.76751
2.85426
1.9744
1.12445
0.309149
-0.476842
-1.23246
-1.96208
-2.66603
-3.34611
-4.00195
-4.63009
-5.22594
-5.77896
-6.2799
-6.71917
-7.09393
-7.39565
-7.56676
-7.6232
-7.59383
-7.46645
-7.26986
-6.97127
-6.67167
-6.17021
-5.88283
-4.83699
-5.15531
-2.0171
-5.61838
20.0546
20.1075
20.1715
20.2458
20.3296
20.4192
20.5129
20.6082
20.7029
20.7958
20.8843
20.9694
21.048
21.122
21.1871
21.2462
21.2935
21.3317
21.3523
21.3581
21.3387
21.2975
21.2225
21.1183
20.973
20.7936
20.5695
20.3103
20.0067
19.6714
19.2962
18.8959
18.4625
18.0119
17.5369
17.0534
16.5537
16.0545
15.5479
15.0498
14.5516
14.0675
13.5886
13.1264
12.6695
12.2265
11.785
11.3504
10.911
10.4718
10.0249
9.57513
9.1183
8.65827
8.19383
7.72764
7.26209
6.80027
6.34819
5.90967
5.49171
5.09682
4.73
4.39425
4.0974
3.84201
3.63748
3.52647
3.46668
3.42691
3.41422
3.41773
3.43057
3.45029
3.44975
3.42783
3.57228
3.52891
2.9957
7.48459
22.9346
22.8532
22.7531
22.6349
22.4801
22.2784
22.022
21.7329
21.4226
21.107
20.7795
20.4485
20.1116
19.7853
19.4686
19.1719
18.8838
18.6045
18.3152
18.0142
17.6852
17.3326
16.9475
16.5426
16.1153
15.683
15.2447
14.8176
14.3986
14.0027
13.6225
13.2686
12.9247
12.5874
12.2231
11.82
11.3535
10.8343
10.2559
9.62559
8.92166
8.13954
7.25983
6.28565
5.21301
4.06947
2.87498
1.66304
0.445622
-0.754703
-1.92942
-3.05637
-4.12416
-5.11089
-6.00733
-6.80141
-7.49222
-8.07946
-8.56934
-8.96846
-9.2837
-9.52139
-9.68351
-9.77247
-9.78965
-9.74343
-9.63878
-9.46735
-9.22521
-8.90147
-8.49783
-8.03118
-7.49557
-6.97286
-6.30194
-5.85574
-4.73782
-4.9486
-1.88467
-5.30512
23.0189
23.0889
23.1396
23.1728
23.1885
23.1894
23.175
23.1489
23.1098
23.0621
23.0042
22.9411
22.8709
22.7993
22.7238
22.6504
22.5759
22.5055
22.4345
22.3669
22.296
22.2244
22.1426
22.052
21.9414
21.8114
21.6504
21.4594
21.2275
20.9581
20.6417
20.2843
19.8785
19.4331
18.9429
18.4189
17.8574
17.2719
16.66
16.0366
15.3999
14.7649
14.1301
13.5091
12.8982
12.3078
11.7318
11.1766
10.6343
10.1085
9.59202
9.08727
8.58907
8.09887
7.6143
7.13657
6.66672
6.20655
5.76034
5.33066
4.92306
4.53868
4.18105
3.85099
3.55413
3.29231
3.07918
2.95861
2.89041
2.84848
2.83633
2.84579
2.8713
2.90202
2.91146
2.90476
3.06391
2.99613
2.57109
6.77029
23.7509
23.5235
23.2186
22.8466
22.4211
21.9499
21.4418
20.9247
20.4267
19.9673
19.547
19.161
18.7986
18.454
18.1173
17.7832
17.4403
17.0833
16.7018
16.2938
15.8531
15.384
14.8858
14.3687
13.8361
13.302
12.7702
12.2538
11.7529
11.2757
10.8159
10.3753
9.94064
9.508
9.0586
8.58394
8.06477
7.503
6.90002
6.27513
5.62997
4.96226
4.2509
3.48455
2.64646
1.73413
0.747348
-0.295841
-1.38501
-2.50434
-3.64771
-4.79449
-5.92794
-7.01762
-8.03856
-8.9601
-9.7617
-10.4265
-10.9472
-11.3238
-11.5601
-11.6656
-11.6472
-11.5159
-11.281
-10.9612
-10.5746
-10.1614
-9.71335
-9.19886
-8.61245
-7.98839
-7.30541
-6.66368
-5.89892
-5.38242
-4.25245
-4.43596
-1.5357
-4.81851
23.8986
23.9935
24.0388
24.04
24.003
23.9312
23.8298
23.7008
23.5483
23.3736
23.1803
22.9692
22.7438
22.5055
22.2578
22.0028
21.7441
21.4844
21.2272
20.9752
20.731
20.4962
20.2716
20.0571
19.8507
19.6505
19.4517
19.2506
19.0405
18.8171
18.5732
18.3048
18.0052
17.6723
17.301
16.8916
16.4415
15.954
15.4289
14.8729
14.2882
13.6841
13.0647
12.4405
11.8155
11.1996
10.5945
10.0073
9.437
8.88789
8.35699
7.84629
7.35296
6.87722
6.4175
5.97312
5.54485
5.13181
4.737
4.36044
4.00621
3.6734
3.36409
3.07693
2.8148
2.57967
2.3864
2.27398
2.21101
2.1747
2.16921
2.18822
2.22212
2.2621
2.27807
2.28763
2.45181
2.37543
2.0223
5.89239
10.2052
10.1127
10.0046
9.88161
9.74402
9.58562
9.39824
9.19566
8.9961
8.81978
8.66889
8.54552
8.44069
8.35399
8.27534
8.2032
8.12604
8.04226
7.9414
7.82446
7.68478
7.52756
7.35017
7.16114
6.96055
6.7581
6.55409
6.35704
6.16486
5.9824
5.80334
5.62765
5.44386
5.24723
5.02325
4.76742
4.46793
4.12458
3.73463
3.31346
2.87583
2.44475
2.02451
1.614
1.19631
0.755404
0.258376
-0.315668
-0.976051
-1.70716
-2.50306
-3.35747
-4.2677
-5.21542
-6.17333
-7.10566
-7.97555
-8.75174
-9.40685
-9.92377
-10.29
-10.5027
-10.5617
-10.4743
-10.2509
-9.91003
-9.47868
-9.02226
-8.54726
-8.01157
-7.43121
-6.813
-6.16291
-5.54798
-4.84143
-4.36634
-3.34454
-3.57868
-0.969474
-4.10153
10.3034
10.3989
10.4938
10.5877
10.679
10.7684
10.854
10.9363
11.0131
11.0848
11.1491
11.2064
11.2549
11.295
11.3256
11.3476
11.3609
11.3674
11.3682
11.3659
11.3624
11.3609
11.3637
11.3732
11.391
11.4181
11.4543
11.4983
11.5475
11.5983
11.6459
11.6849
11.7088
11.7116
11.6867
11.6287
11.5319
11.3929
11.2083
10.9775
10.7006
10.3805
10.0205
9.62711
9.20609
8.76541
8.3114
7.85175
7.39185
6.93723
6.49162
6.05802
5.6391
5.23573
4.85039
4.48152
4.13144
3.7977
3.4834
3.18643
2.91039
2.6526
2.41456
2.19301
1.98944
1.80406
1.65016
1.56106
1.51319
1.4889
1.49357
1.5192
1.55786
1.59936
1.61728
1.62522
1.78505
1.69244
1.36542
4.7817
3.8626
3.78624
3.67969
3.55081
3.41716
3.28666
3.15174
3.01907
2.89905
2.80281
2.73051
2.67925
2.64268
2.61673
2.59657
2.57862
2.5583
2.53219
2.49677
2.45056
2.39326
2.32629
2.25182
2.17318
2.09319
2.01502
1.94042
1.87062
1.80486
1.74215
1.67863
1.61062
1.53061
1.43142
1.30083
1.1278
0.896551
0.598957
0.228502
-0.203321
-0.672801
-1.12882
-1.51875
-1.79261
-1.93183
-1.92504
-1.77496
-1.4963
-1.16304
-0.886013
-0.773422
-0.869136
-1.16054
-1.5999
-2.13764
-2.73547
-3.36264
-3.99789
-4.61239
-5.1824
-5.67281
-6.06345
-6.32979
-6.46886
-6.4735
-6.3565
-6.13047
-5.85458
-5.54672
-5.207
-4.82293
-4.42485
-3.98695
-3.58394
-3.08355
-2.79021
-2.00855
-2.32896
-0.294462
-2.85722
3.92009
3.96538
4.00538
4.03764
4.0665
4.08955
4.11034
4.1266
4.14145
4.15199
4.16091
4.16529
4.16766
4.1647
4.15869
4.14664
4.13115
4.10983
4.08557
4.05715
4.02855
3.9995
3.97496
3.95585
3.94747
3.95106
3.97156
4.00928
4.06779
4.14577
4.24425
4.35926
4.4895
4.62846
4.77256
4.9133
5.04605
5.16152
5.25515
5.31851
5.3486
5.33959
5.29143
5.20175
5.0738
4.90884
4.71258
4.48854
4.24376
3.98295
3.71344
3.43944
3.16821
2.90197
2.64748
2.404
2.17729
1.96386
1.76902
1.58836
1.42689
1.27924
1.14807
1.02689
0.916447
0.81165
0.721895
0.668618
0.644823
0.636454
0.648218
0.673694
0.706957
0.744609
0.757988
0.768989
0.911051
0.851517
0.520576
3.18602
-3.17775
-3.25266
-3.3276
-3.40031
-3.44586
-3.45327
-3.43032
-3.3822
-3.30742
-3.20479
-3.0771
-2.93129
-2.77408
-2.61143
-2.44756
-2.28575
-2.1295
-1.98093
-1.84319
-1.71604
-1.60102
-1.49511
-1.39896
-1.30713
-1.22053
-1.13302
-1.04739
-0.958093
-0.869931
-0.77803
-0.688902
-0.597551
-0.511898
-0.428144
-0.354649
-0.284818
-0.217751
-0.128669
0.00896297
0.240451
0.592175
1.06705
1.61233
2.13276
2.50906
2.63624
2.46138
1.99944
1.35645
0.680797
0.127865
-0.234035
-0.401413
-0.459014
-0.478383
-0.543146
-0.665631
-0.862293
-1.0921
-1.34498
-1.57865
-1.79012
-1.95323
-2.0702
-2.12595
-2.12324
-2.06416
-1.97707
-1.8671
-1.7409
-1.60836
-1.47222
-1.31948
-1.19129
-0.997318
-0.935216
-0.561291
-0.850116
0.195804
-1.23326
-3.10581
-3.03145
-2.95126
-2.86944
-2.78321
-2.69696
-2.60771
-2.51934
-2.42889
-2.3404
-2.25072
-2.1638
-2.0766
-1.99341
-1.91135
-1.83474
-1.76085
-1.69406
-1.63173
-1.57758
-1.52862
-1.48804
-1.45174
-1.42148
-1.39212
-1.36414
-1.33143
-1.29355
-1.24378
-1.18143
-1.10092
-1.00256
-0.882261
-0.74216
-0.581066
-0.403892
-0.211847
-0.0120219
0.192321
0.392154
0.583827
0.758549
0.91417
1.04285
1.14554
1.21679
1.26115
1.27491
1.26561
1.23106
1.18175
1.11641
1.0471
0.970447
0.898451
0.825497
0.762407
0.700573
0.648915
0.598343
0.556219
0.514392
0.477877
0.439804
0.402101
0.359053
0.317698
0.299283
0.295858
0.300682
0.317008
0.340505
0.366175
0.387805
0.38851
0.369554
0.393829
0.312847
0.101034
1.19348
)
;

boundaryField
{
    inlet
    {
        type            freestreamPressure;
        freestreamValue uniform 0;
        value           nonuniform List<scalar> 
134
(
4.76946
4.18681
3.47113
2.70359
1.98031
1.28935
0.705197
0.266508
-0.014285
-0.150668
-0.0173398
-0.00278047
-0.0109106
-0.0403547
-0.0911485
-0.161578
-0.250618
-0.358138
-0.484317
-0.630875
5.25562
-0.799955
-0.993263
-1.20348
-1.41295
-1.5895
-1.71668
-1.89282
-1.9664
-2.07138
-2.57591
-2.41643
-2.49028
-2.59847
-2.6883
-2.7555
-2.82051
-2.9143
-3.08575
-3.27058
5.64022
5.95434
6.0915
5.96609
5.47973
4.44311
2.57086
-3.66825
-3.62807
-3.53965
-3.49056
-3.46235
-3.42794
-3.38276
-3.33223
-3.27719
-3.21694
-3.14934
-3.0751
-2.99445
-2.90978
-2.8224
-2.735
-2.64762
-2.56072
-2.47178
-2.43581
-2.40701
-2.35713
-2.27434
-2.14721
-1.94984
-1.65913
-1.15521
-0.498302
1.11958
2.35864
3.54428
4.58386
5.5091
6.33237
6.98351
7.44907
7.75049
7.91619
7.97635
7.97228
7.9318
7.88021
7.85127
7.90294
8.05201
8.21166
8.31981
8.39343
8.44921
8.48908
8.50922
8.50747
8.48823
8.45448
8.41775
8.39689
8.43982
8.62135
9.05089
9.18049
8.91245
8.6379
8.47332
8.33951
8.18865
8.02358
7.86544
7.70757
7.55304
7.39005
7.22708
7.05283
6.87445
6.67868
6.47077
6.23565
5.97609
5.65305
5.43319
5.19901
4.89476
4.52687
4.09585
3.56578
2.89466
1.92939
0.72316
)
;
    }
    outlet
    {
        type            freestreamPressure;
        freestreamValue uniform 0;
        value           nonuniform List<scalar> 
160
(
-0.0180607
-0.0175611
-0.0187168
-0.0170936
-0.0194337
-0.0166108
-0.0201554
-0.016141
-0.0206829
-0.0156599
-0.0209292
-0.0151933
-0.0209502
-0.0147178
-0.0207801
-0.0142561
-0.020399
-0.0137881
-0.0197918
-0.0133365
-0.0189777
-0.0128802
-0.0180126
-0.0124424
-0.0169496
-0.0120031
-0.0158374
-0.0115886
-0.0147093
-0.0111794
-0.0135934
-0.0108035
-0.0125172
-0.0104423
-0.0115018
-0.0101251
-0.0105707
-0.00983441
-0.00972711
-0.00959432
-0.00897977
-0.0093862
-0.00830924
-0.00923048
-0.00771529
-0.00909978
-0.00715864
-0.00900546
-0.00663941
-0.00891235
-0.00611392
-0.00882245
-0.00559602
-0.00869313
-0.00504852
-0.00851984
-0.00450146
-0.00825418
-0.00392359
-0.0078902
-0.00335917
-0.00738734
-0.00277742
-0.00674597
-0.00223279
-0.00593706
-0.00170036
-0.00497405
-0.00123423
-0.00384952
-0.00078429
-0.00259677
-0.000337632
-0.00122594
0.000284357
0.000213657
0.0012699
0.00169717
0.00293258
0.00316147
0.00544069
0.00457833
0.00879161
0.00588585
0.0125926
0.0070652
0.0161831
0.00806047
0.0187532
0.00887307
0.0196095
0.00946264
0.0183622
0.00985594
0.0150412
0.0100241
0.0103199
0.0100164
0.00528244
0.00981423
0.00113402
0.00949248
-0.00157673
0.00903902
-0.00281053
0.0085475
-0.00320336
0.0079888
-0.00328465
0.00746166
-0.00368937
0.00691715
-0.00452881
0.00644989
-0.00595807
0.00598329
-0.00769524
0.00559928
-0.00966366
0.00521447
-0.0115462
0.00489909
-0.0132964
0.00457668
-0.0147219
0.00429695
-0.0158173
0.00399469
-0.0164658
0.00369017
-0.01666
0.0033278
-0.0163943
0.0029723
-0.0158537
0.0028192
-0.0150877
0.00280478
-0.0141737
0.00286951
-0.0131906
0.00304695
-0.0121541
0.00330089
-0.0109803
0.00358469
-0.00996195
0.00383918
-0.00844491
0.00389581
-0.00790432
0.00375573
-0.00488921
0.00405295
-0.00713085
0.00328047
0.00180472
0.00107368
-0.00956199
0.0126713
)
;
    }
    walls
    {
        type            zeroGradient;
    }
    frontAndBack
    {
        type            empty;
    }
}


// ************************************************************************* //
