/*--------------------------------*- C++ -*----------------------------------*\
| =========                 |                                                 |
| \\      /  F ield         | OpenFOAM: The Open Source CFD Toolbox           |
|  \\    /   O peration     | Version:  2412                                  |
|   \\  /    A nd           | Website:  www.openfoam.com                      |
|    \\/     M anipulation  |                                                 |
\*---------------------------------------------------------------------------*/
FoamFile
{
    version     2.0;
    format      ascii;
    arch        "LSB;label=32;scalar=64";
    class       volScalarField;
    location    "400";
    object      p;
}
// * * * * * * * * * * * * * * * * * * * * * * * * * * * * * * * * * * * * * //

dimensions      [0 2 -2 0 0 0 0];

internalField   nonuniform List<scalar> 
10720
(
92.2719
41.1208
-18.4309
-76.6696
-129.698
-182.048
-226.202
-260.039
-284.807
-298.176
-301.597
-295.649
-279.317
-253.063
-221.441
-195.769
-192.055
-207.306
-216.009
-214.127
-212.376
-210.306
-209.591
-210.635
-214.314
-219.13
-221.51
-219.443
-215.143
-212.917
-215.038
-219.435
-222.22
-220.729
-216.418
-213.162
-209.884
-167.223
-209.471
143.138
189.572
238.123
282.856
319.9
345.079
355.68
356.268
347.678
329.38
306.399
282.428
258.704
235.982
214.869
194.921
176.06
157.797
139.845
121.654
103.153
83.9767
64.1918
44.2021
26.0214
10.7824
-2.68018
-14.6746
-25.0336
-33.844
-41.4332
-48.0539
-53.9753
-59.5038
-65.0839
-71.2589
-78.7314
-88.674
-105.376
156.527
117.868
74.8552
29.7175
-15.7901
-61.1131
-103.371
-140.667
-172.449
-197.232
-213.681
-220.261
-217.126
-205.542
-189.608
-179.271
-187.527
-208.042
-214.205
-213.122
-211.867
-209.82
-209.134
-210.112
-213.765
-218.709
-221.27
-219.249
-214.868
-212.569
-214.698
-219.162
-222.009
-220.549
-216.276
-212.98
-210.255
-169.019
-212.538
191.47
224.78
257.864
289.411
316.415
336.208
346.543
347.908
340.629
325.973
306.937
285.922
264.18
242.557
221.689
201.613
182.323
163.575
145.134
126.618
107.89
88.6954
69.086
49.4812
31.4605
16.0345
2.44031
-9.79197
-20.7198
-30.2618
-38.512
-45.6659
-52.0083
-57.8671
-63.6935
-70.0357
-77.5807
-87.5823
-103.591
163.122
128.498
89.7564
47.593
4.5872
-38.4741
-80.0417
-117.885
-150.512
-176.378
-194.137
-203.751
-205.675
-200.961
-192.109
-184.573
-187.254
-201.313
-209.631
-212.127
-210.711
-209.285
-208.706
-209.656
-213.265
-218.35
-221.159
-219.215
-214.701
-212.263
-214.38
-218.938
-221.872
-220.44
-216.209
-212.727
-210.421
-170.634
-215.767
194.463
224.737
254.649
282.657
306.144
323.447
333.279
335.584
330.432
318.817
302.612
283.701
263.428
242.74
222.335
202.489
183.264
164.54
146.121
127.71
109.125
90.1791
70.9025
51.6671
33.712
18.0167
4.16083
-8.25905
-19.2773
-28.8316
-37.076
-44.2671
-50.7
-56.6799
-62.6237
-69.0517
-76.6277
-86.5858
-101.786
173.387
144.396
111.553
75.9339
39.1953
1.65193
-35.1662
-69.6853
-100.622
-126.798
-147.215
-161.884
-170.651
-174.138
-174.133
-174.171
-178.763
-189.379
-199.384
-206.279
-208.795
-208.348
-208.02
-209.18
-212.835
-218.046
-221.109
-219.25
-214.575
-211.961
-214.058
-218.733
-221.774
-220.364
-216.189
-212.517
-210.636
-172.241
-218.49
199.501
224.53
249.527
273.351
293.604
308.987
318.417
321.502
318.153
309.13
295.761
279.497
261.477
242.574
223.448
204.461
185.758
167.336
149.082
130.793
112.319
93.5387
74.4871
55.509
37.6179
21.7303
7.64807
-5.00119
-16.2869
-26.1763
-34.8009
-42.3709
-49.1366
-55.3845
-61.5215
-68.0654
-75.6689
-85.5412
-99.9486
173.752
148.057
118.801
86.8582
53.7912
19.5427
-14.6068
-47.2675
-77.4519
-104.079
-126.207
-143.212
-154.872
-161.404
-164.266
-166.374
-171.312
-180.584
-189.939
-196.907
-202.692
-206.13
-207.085
-208.496
-212.393
-217.816
-221.128
-219.325
-214.446
-211.626
-213.714
-218.537
-221.71
-220.31
-216.179
-212.319
-210.91
-173.945
-220.691
196.937
219.029
241.163
262.282
280.283
294.247
303.321
306.989
305.092
298.207
287.275
273.394
257.477
240.293
222.468
204.401
186.315
168.3
150.324
132.27
114.027
95.5143
76.7769
58.1261
40.3891
24.3946
10.117
-2.74524
-14.2576
-24.3795
-33.2127
-40.9528
-47.852
-54.2068
-60.4224
-67.0079
-74.5909
-84.3436
-97.9788
172.319
149.626
123.667
95.3395
66.0062
35.3705
4.59258
-25.2154
-53.3043
-78.7268
-100.684
-118.653
-132.595
-142.693
-149.828
-155.793
-162.915
-172.532
-181.961
-188.825
-194.648
-200.76
-205.206
-207.73
-211.846
-217.618
-221.219
-219.428
-214.28
-211.235
-213.345
-218.36
-221.684
-220.279
-216.17
-212.117
-211.202
-175.745
-222.418
192.811
212.272
231.919
250.8
266.986
279.822
288.564
292.619
291.838
286.655
277.772
266.037
252.166
236.798
220.491
203.624
186.45
169.112
151.642
133.994
116.101
97.927
79.5292
61.1988
43.6321
27.5766
13.1366
0.0929162
-11.6171
-21.9585
-31.021
-38.9924
-46.1177
-52.6833
-59.0752
-65.7826
-73.404
-83.0599
-95.9835
168.607
148.202
124.794
99.2254
72.783
44.9856
16.8481
-10.6765
-37.0557
-61.4825
-83.2905
-102.048
-117.458
-129.562
-138.902
-146.813
-154.983
-164.535
-174.138
-181.831
-187.767
-193.936
-201.038
-206.482
-211.303
-217.34
-221.289
-219.523
-214.056
-210.76
-212.938
-218.203
-221.71
-220.28
-216.157
-211.902
-211.485
-177.612
-223.668
187.052
204.512
222.235
239.342
254.074
265.987
274.402
278.695
278.762
274.929
267.736
257.853
245.834
232.192
217.398
201.791
185.62
169.062
152.198
135.037
117.564
99.7793
81.7587
63.7738
46.4194
30.3685
15.815
2.61944
-9.27147
-19.825
-29.113
-37.306
-44.634
-51.3724
-57.8931
-64.67
-72.2751
-81.7725
-93.9704
163.931
145.46
124.229
101.048
77.126
51.8723
26.2001
0.922921
-23.5845
-46.6475
-67.713
-86.4086
-102.483
-115.985
-127.222
-137.027
-146.49
-156.426
-166.311
-174.916
-181.785
-187.915
-195.34
-203.621
-210.53
-216.989
-221.191
-219.508
-213.733
-210.183
-212.485
-218.07
-221.787
-220.311
-216.139
-211.67
-211.744
-179.52
-224.389
180.649
196.441
212.558
228.19
241.718
252.844
260.931
265.358
266.057
263.283
257.468
249.159
238.785
226.752
213.445
199.144
184.079
168.434
152.313
135.768
118.823
101.511
83.9241
66.3183
49.2184
33.2325
18.6144
5.30086
-6.74418
-17.487
-26.9824
-35.3833
-42.9073
-49.8206
-56.4806
-63.3444
-70.9517
-80.3011
-91.8115
158.596
141.731
122.319
101.129
79.3143
56.2192
32.6581
9.34466
-13.4768
-35.2357
-55.4828
-73.9292
-90.3194
-104.629
-117.001
-127.972
-138.324
-148.668
-158.794
-167.977
-175.871
-182.682
-189.826
-199.011
-208.563
-216.35
-220.813
-219.227
-213.253
-209.482
-211.972
-217.954
-221.924
-220.382
-216.107
-211.411
-211.961
-181.441
-224.541
173.88
188.292
203.073
217.465
229.971
240.409
248.174
252.659
253.822
251.878
247.183
240.194
231.253
220.675
208.771
195.757
181.831
167.163
151.867
136.017
119.672
102.891
85.7795
68.5832
51.7743
35.9066
21.2712
7.87338
-4.301
-15.2148
-24.9063
-33.5103
-41.2294
-48.3177
-55.1157
-62.0598
-69.6561
-78.827
-89.6704
152.942
137.448
119.594
100.119
80.1178
58.9001
37.2082
15.6705
-5.56408
-26.0097
-45.3085
-63.237
-79.5566
-94.2412
-107.368
-119.225
-130.335
-141.139
-151.571
-161.171
-169.805
-177.555
-184.942
-193.796
-204.733
-214.657
-219.954
-218.529
-212.514
-208.633
-211.395
-217.857
-222.114
-220.483
-216.06
-211.117
-212.119
-183.35
-224.203
167.004
180.244
193.886
207.215
218.84
228.664
236.116
240.601
242.101
240.805
237.017
231.128
223.42
214.139
203.53
191.755
178.971
165.322
150.917
135.842
120.172
103.988
87.404
70.6583
54.1841
38.4916
23.8933
10.4517
-1.82023
-12.8797
-22.7486
-31.5418
-39.4458
-46.7011
-53.6304
-60.6493
-68.2281
-77.2102
-87.4033
147.141
132.824
116.315
98.3147
79.8781
60.2894
40.2316
20.2647
0.472845
-18.7332
-37.0706
-54.3744
-70.4368
-85.1998
-98.7108
-111.103
-122.721
-133.883
-144.603
-154.582
-163.721
-172.238
-180.273
-188.874
-199.601
-211.109
-218.088
-217.256
-211.428
-207.612
-210.744
-217.772
-222.363
-220.624
-215.986
-210.775
-212.194
-185.214
-223.463
160.151
172.386
185.043
197.449
208.305
217.576
224.72
229.165
230.905
230.113
227.058
222.084
215.429
207.289
197.856
187.246
175.573
162.951
149.474
135.224
120.287
104.753
88.7424
72.4832
56.3834
40.9171
26.4063
12.9608
0.62184
-10.5589
-20.5871
-29.5576
-37.6389
-45.0566
-52.1148
-59.2055
-66.7616
-75.5402
-85.1142
141.314
128.022
112.686
95.974
78.8987
60.7372
42.1222
23.5601
5.08182
-12.9577
-30.3352
-46.9359
-62.5814
-77.206
-90.8439
-103.536
-115.494
-126.933
-137.895
-148.21
-157.757
-166.775
-175.465
-184.227
-194.238
-205.827
-214.603
-215.168
-209.912
-206.414
-210.024
-217.701
-222.657
-220.789
-215.884
-210.383
-212.166
-187.001
-222.402
153.409
164.77
176.567
188.157
198.337
207.104
213.945
218.322
220.225
219.826
217.363
213.149
207.388
200.242
191.866
182.333
171.72
160.11
147.575
134.186
120.027
105.192
89.7979
74.065
58.381
43.192
28.8213
15.4156
3.0451
-8.22794
-18.3929
-27.524
-35.7707
-43.342
-50.5219
-57.6774
-65.2025
-73.766
-82.7392
135.538
123.146
108.841
93.2607
77.3795
60.4745
43.1361
25.828
8.54036
-8.41916
-24.8695
-40.739
-55.8767
-70.22
-83.7898
-96.585
-108.718
-120.332
-131.469
-142.04
-151.941
-161.315
-170.449
-179.552
-189.142
-199.814
-209.402
-211.987
-207.957
-205.06
-209.253
-217.624
-222.991
-220.981
-215.738
-209.925
-212.016
-188.673
-221.085
146.828
157.423
168.458
179.324
188.9
197.205
203.753
208.036
210.046
209.95
207.966
204.38
199.378
193.095
185.656
177.105
167.487
156.857
145.258
132.747
119.396
105.295
90.5549
75.3854
60.1564
45.2915
31.1112
17.7893
5.42286
-5.91257
-16.1907
-25.4649
-33.8643
-41.5802
-48.8753
-56.0897
-63.5772
-71.9157
-80.3178
129.863
118.267
104.877
90.2987
75.473
59.6821
43.4785
27.2936
11.0845
-4.87609
-20.4421
-35.5751
-50.1494
-64.1124
-77.4745
-90.2238
-102.399
-114.094
-125.338
-136.082
-146.258
-155.926
-165.329
-174.695
-184.196
-193.979
-203.183
-207.584
-205.523
-203.623
-208.475
-217.539
-223.327
-221.17
-215.541
-209.395
-211.736
-190.191
-219.576
140.437
150.354
160.711
170.928
179.959
187.837
194.101
198.273
200.346
200.482
198.884
195.82
191.46
185.922
179.31
171.646
162.951
153.251
142.568
130.934
118.408
105.067
91.0124
76.4398
61.7031
47.2075
33.2667
20.0737
7.7497
-3.61562
-13.9802
-23.3768
-31.9137
-39.7626
-47.1637
-54.4288
-61.871
-69.9767
-77.8307
124.32
113.435
100.862
87.1769
73.2899
58.491
43.3028
28.1256
12.896
-2.14272
-16.8734
-31.2836
-45.2691
-58.792
-71.8492
-84.4348
-96.5435
-108.229
-119.51
-130.353
-140.712
-150.614
-160.205
-169.691
-179.193
-188.52
-196.919
-202.238
-202.536
-202.173
-207.745
-217.437
-223.633
-221.339
-215.267
-208.772
-211.321
-191.521
-217.919
134.255
143.565
153.313
162.943
171.479
178.959
184.95
189
191.101
191.413
190.127
187.494
183.677
178.782
172.896
166.028
158.179
149.354
139.549
128.778
117.079
104.515
91.1701
77.2226
63.0114
48.9265
35.2719
22.2525
10.01
-1.35143
-11.7742
-21.2708
-29.928
-37.897
-45.3942
-52.7017
-60.0908
-67.9581
-75.2928
118.929
108.683
96.8432
83.9612
70.9137
57.0051
42.729
28.4607
14.1218
-0.0681358
-14.0154
-27.7269
-41.1164
-54.16
-66.8487
-79.1831
-91.1381
-102.737
-113.987
-124.862
-135.322
-145.379
-155.107
-164.637
-174.076
-183.231
-191.157
-196.591
-198.928
-200.628
-207.099
-217.313
-223.839
-221.423
-214.896
-208.044
-210.763
-192.647
-216.156
128.289
137.053
146.249
155.347
163.427
170.537
176.267
180.185
182.287
182.73
181.695
179.421
176.064
171.72
166.47
160.312
153.233
145.218
136.248
126.314
115.434
103.651
91.0308
77.7322
64.0774
50.4407
37.1159
24.314
12.1929
0.870752
-9.57973
-19.1516
-27.9097
-35.9837
-43.565
-50.9051
-58.2334
-65.8582
-72.6997
113.702
104.033
92.8566
80.7002
68.4082
55.3022
41.8487
28.4038
14.8765
1.46656
-11.7482
-24.7897
-37.5887
-50.1324
-62.413
-74.4344
-86.1678
-97.6145
-108.771
-119.613
-130.104
-140.237
-150.046
-159.589
-168.915
-177.943
-185.819
-191.253
-194.823
-198.736
-206.429
-217.102
-223.877
-221.363
-214.388
-207.176
-210.051
-193.557
-214.315
122.542
130.811
139.504
148.115
155.777
162.539
168.018
171.8
173.881
174.42
173.586
171.608
168.64
164.773
160.078
154.55
148.166
140.899
132.712
123.58
113.499
102.492
90.604
77.9708
64.8969
51.742
38.7875
26.2452
14.2853
3.03869
-7.40773
-17.0283
-25.866
-34.028
-41.6805
-49.0425
-56.3019
-63.6828
-70.0602
108.646
99.5012
88.929
77.4299
65.8227
53.4429
40.7363
28.0389
15.2533
2.56273
-9.96786
-22.3735
-34.5962
-46.6348
-58.4849
-70.1502
-81.6099
-92.8486
-103.856
-114.608
-125.067
-135.208
-145.036
-154.564
-163.78
-172.645
-180.63
-186.399
-190.558
-196.196
-205.41
-216.646
-223.608
-221.037
-213.699
-206.149
-209.171
-194.225
-212.43
117.011
124.83
133.064
141.226
148.5
154.937
160.173
163.815
165.862
166.466
165.793
164.063
161.424
157.966
153.756
148.785
143.025
136.442
128.985
120.612
111.303
101.059
89.9017
77.944
65.4707
52.8262
40.2782
28.0356
16.2762
5.14191
-5.26729
-14.908
-23.8019
-32.0332
-39.7418
-47.1142
-54.2967
-61.4335
-67.3744
103.763
95.0978
85.077
74.179
63.1938
51.4761
39.4492
27.4348
15.3284
3.30154
-8.59197
-20.3956
-32.0626
-43.599
-55.0081
-66.29
-77.4363
-88.4233
-99.2356
-109.847
-120.218
-130.31
-140.102
-149.578
-158.7
-167.405
-175.45
-181.796
-186.464
-192.949
-203.571
-215.624
-222.858
-220.328
-212.739
-204.929
-208.111
-194.615
-210.559
111.693
119.1
126.911
134.659
141.572
147.703
152.707
156.207
158.206
158.853
158.308
156.783
154.425
151.319
147.532
143.054
137.853
131.89
125.107
117.448
108.876
99.3726
88.9375
77.6594
65.8017
53.6911
41.5812
29.6751
18.1542
7.16876
-3.16922
-12.8003
-21.7253
-30.0055
-37.7539
-45.1241
-52.2214
-59.1163
-64.6506
99.0539
90.8295
81.3148
70.9672
60.5515
49.4387
38.0345
26.6448
15.163
3.7493
-7.5496
-18.7853
-29.9181
-40.9619
-51.9272
-62.8108
-73.6163
-84.3189
-94.8979
-105.325
-115.56
-125.553
-135.262
-144.649
-153.675
-162.262
-170.286
-177.173
-182.557
-189.257
-200.573
-213.588
-221.359
-219.067
-211.418
-203.481
-206.855
-194.688
-208.762
106.583
113.612
121.033
128.396
134.973
140.814
145.594
148.954
150.895
151.567
151.123
149.769
147.649
144.847
141.429
137.386
132.685
127.283
121.118
114.124
106.25
97.4591
87.731
77.1298
65.8952
54.3363
42.6919
31.1559
19.9097
9.10944
-1.12306
-10.7133
-19.6427
-27.9494
-35.7196
-43.074
-50.0783
-56.7343
-61.8906
94.5172
86.6992
77.6516
67.8111
57.9181
47.3612
36.5284
25.7137
14.8076
3.96219
-6.78323
-17.4836
-28.1074
-38.6729
-49.1974
-59.6766
-70.1231
-80.5151
-90.8297
-101.037
-111.094
-120.946
-130.534
-139.799
-148.711
-157.21
-165.196
-172.439
-178.608
-185.435
-196.509
-210.142
-218.806
-217.108
-209.646
-201.75
-205.367
-194.407
-207.067
101.677
108.355
115.413
122.419
128.681
134.249
138.815
142.034
143.912
144.593
144.228
143.017
141.1
138.561
135.465
131.805
127.549
122.654
117.053
110.674
103.455
95.3448
86.3028
76.3686
65.7589
54.7645
43.6077
32.4714
21.5335
10.9534
0.860611
-8.6571
-17.5628
-25.8723
-33.6454
-40.9696
-47.8727
-54.295
-59.1032
90.1509
82.7094
74.0935
64.7224
55.3117
45.2674
34.9622
24.6774
14.3049
3.98642
-6.24201
-16.4396
-26.5789
-36.6831
-46.775
-56.8495
-66.9264
-76.9898
-87.0159
-96.9742
-106.82
-116.492
-125.924
-135.042
-143.817
-152.232
-160.194
-167.627
-174.43
-181.534
-191.834
-205.24
-214.897
-214.281
-207.36
-199.716
-203.582
-193.752
-205.452
96.9678
103.321
110.04
116.713
122.679
127.989
132.349
135.429
137.238
137.918
137.614
136.521
134.777
132.467
129.652
126.331
122.471
118.032
112.943
107.13
100.523
93.0564
84.6737
75.3916
65.4039
54.9812
44.329
33.6176
23.0188
12.692
2.77281
-6.64013
-15.493
-23.7803
-31.5355
-38.8144
-45.6082
-51.8025
-56.2913
85.9517
78.8598
70.6457
61.7104
52.7456
43.1764
33.3594
23.5661
13.6876
3.8604
-5.88497
-15.6086
-25.2877
-34.9491
-44.6188
-54.2945
-63.9978
-73.7211
-83.4409
-93.1271
-102.733
-112.196
-121.442
-130.389
-139.008
-147.319
-155.262
-162.795
-169.996
-177.419
-186.973
-199.317
-209.543
-210.456
-204.518
-197.369
-201.455
-192.735
-203.83
92.4489
98.5
104.903
111.263
116.951
122.016
126.178
129.123
130.858
131.527
131.271
130.276
128.681
126.569
124.002
120.978
117.472
113.44
108.816
103.522
97.4816
90.621
82.8673
74.2179
64.8431
54.9936
44.858
34.5918
24.3591
14.3169
4.6038
-4.67251
-13.4428
-21.6818
-29.3979
-36.6158
-43.2921
-49.2657
-53.4644
81.916
75.1502
67.3105
58.7817
50.2313
41.1036
31.7405
22.4033
12.9854
3.61551
-5.67738
-14.955
-24.1974
-33.4341
-42.6944
-51.9796
-61.3101
-70.6859
-80.0867
-89.4828
-98.8277
-108.055
-117.09
-125.844
-134.289
-142.472
-150.376
-157.962
-165.364
-173.002
-182.028
-193.015
-203.003
-205.543
-201.099
-194.739
-198.969
-191.384
-202.048
88.1145
93.8833
99.9904
106.057
111.483
116.315
120.287
123.098
124.759
125.411
125.189
124.277
122.81
120.869
118.519
115.76
112.568
108.902
104.697
99.8763
94.3593
88.0647
80.9076
72.8668
64.0914
54.8114
45.1987
35.3943
25.5511
15.8215
6.34574
-2.76204
-11.4203
-19.5842
-27.2383
-34.3786
-40.9299
-46.6898
-50.6262
78.0396
71.5791
64.0901
55.9408
47.7775
39.0614
30.1216
21.2103
12.2216
3.27981
-5.58862
-14.4454
-23.2741
-32.1055
-40.9706
-49.8746
-58.8361
-67.8621
-76.9361
-86.0292
-95.0959
-104.069
-112.869
-121.41
-129.664
-137.696
-145.526
-153.123
-160.601
-168.304
-176.932
-186.758
-195.879
-199.607
-197.049
-191.839
-196.143
-189.681
-199.962
83.9586
89.4629
95.2922
101.082
106.26
110.87
114.661
117.342
118.928
119.556
119.359
118.515
117.159
115.369
113.21
110.685
107.772
104.434
100.608
96.2171
91.181
85.4122
78.8169
71.3585
63.1644
54.4463
45.3582
36.0263
26.5918
17.2005
7.99054
-0.918654
-9.43485
-17.4966
-25.0662
-32.112
-38.5303
-44.0847
-47.7868
74.3188
68.145
60.9849
53.1916
45.3903
37.0596
28.5159
20.0026
11.4163
2.87595
-5.59357
-14.0534
-22.4892
-30.9338
-39.4185
-47.952
-56.551
-65.2282
-73.9711
-82.7531
-91.5287
-100.231
-108.781
-117.089
-125.134
-132.992
-140.708
-148.266
-155.74
-163.39
-171.649
-180.597
-188.749
-192.936
-192.297
-188.628
-192.992
-187.562
-197.478
79.9753
85.2311
90.7982
96.3265
101.27
105.67
109.286
111.841
113.352
113.952
113.772
112.986
111.725
110.067
108.077
105.759
103.095
100.05
96.5654
92.5657
87.9699
82.6873
76.6181
69.7125
62.0795
53.9111
45.3448
36.4919
27.4811
18.4496
9.53231
0.850701
-7.49424
-15.4267
-22.8886
-29.8229
-36.1002
-41.4571
-44.9505
70.7495
64.8451
57.995
50.5363
43.0752
35.1062
26.9342
18.7947
10.586
2.4233
-5.6705
-13.7551
-21.8185
-29.8935
-38.013
-46.1873
-54.4321
-62.7635
-71.1746
-79.6406
-88.1161
-96.5352
-104.819
-112.88
-120.698
-128.361
-135.927
-143.393
-150.799
-158.32
-166.212
-174.451
-181.876
-186.013
-186.828
-184.952
-189.486
-184.964
-194.498
76.1583
81.18
86.5001
91.7812
96.5024
100.701
104.15
106.584
108.019
108.589
108.42
107.682
106.503
104.962
103.121
100.988
98.546
95.7645
92.5866
88.9407
84.7465
79.9125
74.3338
67.9509
60.8549
53.2202
45.1684
36.7968
28.2204
19.5665
10.9649
2.53795
-5.60797
-13.3846
-20.7155
-27.5216
-33.6502
-38.8175
-42.1278
67.3272
61.6776
55.1193
47.9768
40.8357
33.2076
25.3856
17.5974
9.74466
1.93779
-5.80112
-13.531
-21.2402
-28.9628
-36.7312
-44.5583
-52.4582
-60.4495
-68.53
-76.6771
-84.847
-92.9738
-100.981
-108.779
-116.354
-123.8
-131.186
-138.509
-145.791
-153.131
-160.662
-168.287
-175.183
-179.225
-180.79
-180.59
-185.496
-181.811
-190.89
72.502
77.3031
82.3895
87.4365
91.9461
95.954
99.2424
101.558
102.918
103.456
103.293
102.596
101.49
100.052
98.3437
96.3747
94.1313
91.5855
88.6839
85.358
81.5296
77.108
71.9851
66.0931
59.5084
52.3886
44.8408
36.9481
28.8125
20.5505
12.2855
4.13698
-3.78353
-11.378
-18.5554
-25.2159
-31.1882
-36.1738
-39.3235
64.0479
58.6391
52.3571
45.5137
38.675
31.3683
23.8771
16.4208
8.90389
1.43317
-5.9697
-13.363
-20.7357
-28.1211
-35.553
-43.0444
-50.6099
-58.2683
-66.0212
-73.8488
-81.7092
-89.5381
-97.2585
-104.784
-112.101
-119.31
-126.486
-133.626
-140.734
-147.855
-155.037
-162.12
-168.556
-172.65
-174.505
-175.397
-180.793
-177.985
-186.481
69.0014
73.5935
78.4585
83.2828
87.5916
91.4174
94.5521
96.753
98.0414
98.5455
98.3852
97.7223
96.6798
95.3329
93.7429
91.9209
89.8554
87.521
84.8682
81.8318
78.3364
74.2924
69.5909
64.1584
58.0578
51.4318
44.3742
36.9547
29.2623
21.4023
13.49
5.6422
-2.02892
-9.41706
-16.4188
-22.9176
-28.7264
-33.5373
-36.5483
60.9075
55.7269
49.7071
43.1472
36.5946
29.5929
22.4147
15.2725
8.07386
0.921999
-6.1625
-13.2359
-20.2879
-27.3517
-34.4603
-41.628
-48.8698
-56.2029
-63.633
-71.1428
-78.6926
-86.2188
-93.6463
-100.889
-107.935
-114.89
-121.831
-128.754
-135.645
-142.515
-149.355
-155.971
-161.96
-166.136
-168.241
-169.471
-175.132
-173.288
-181.067
65.6508
70.0447
74.6995
79.3128
83.4301
87.0818
90.0697
92.1605
93.3781
93.8481
93.6872
93.0536
92.0669
90.8018
89.3178
87.6276
85.7218
83.5773
81.1485
78.3737
75.1807
71.482
67.1694
62.1652
56.5211
50.3662
43.7823
36.8266
29.5759
22.1243
14.5783
7.04919
-0.350328
-7.50954
-14.3145
-20.6357
-26.2737
-30.9161
-33.807
57.9018
52.9381
47.1673
40.8771
34.5962
27.8836
21.0027
14.1588
7.26232
0.413024
-6.36842
-13.1373
-19.8835
-26.6393
-33.4378
-40.2932
-47.2216
-54.2382
-61.3507
-68.5455
-75.7851
-83.0065
-90.1358
-97.0882
-103.853
-110.538
-117.223
-123.9
-130.544
-137.136
-143.637
-149.843
-155.416
-159.57
-162
-163.135
-168.449
-167.473
-174.463
62.4455
66.6511
71.1061
75.5182
79.453
82.9389
85.7856
87.7711
88.9201
89.3558
89.1921
88.5836
87.6469
86.4548
85.0662
83.4945
81.7324
79.7589
77.532
74.9938
72.0753
68.692
64.7371
60.1306
54.9153
49.2077
43.0785
36.5746
29.7608
22.72
15.5493
8.35435
1.24538
-5.66418
-12.2534
-18.3819
-23.8423
-28.3222
-31.1106
55.0269
50.2696
44.736
38.7026
32.68
26.2431
19.645
13.0846
6.47563
-0.0853543
-6.57836
-13.0565
-19.5103
-25.971
-32.4717
-39.0262
-45.651
-52.3594
-59.1607
-66.0448
-72.9757
-79.8919
-86.72
-93.3767
-99.8518
-106.254
-112.665
-119.073
-125.446
-131.742
-137.901
-143.732
-148.933
-152.947
-155.627
-156.67
-160.979
-160.379
-166.52
59.3803
63.407
67.6714
71.8919
75.6527
78.98
81.692
83.5762
84.6588
85.0607
84.893
84.3064
83.4143
82.2879
80.9853
79.5209
77.8881
76.0692
74.0245
71.7001
69.0308
65.9351
62.3091
58.0713
53.2567
47.9717
42.2772
36.2104
29.8254
23.1944
16.4052
9.55608
2.75365
-3.88798
-10.2435
-16.1657
-21.4422
-25.7641
-28.464
52.2786
47.7181
42.4109
36.6226
30.8467
24.6723
18.3442
12.0547
5.71992
-0.565883
-6.78352
-12.9839
-19.1578
-25.3359
-31.5501
-37.8142
-44.145
-50.5537
-57.051
-63.6291
-70.2544
-76.866
-83.3916
-89.7493
-95.9286
-102.039
-108.161
-114.283
-120.364
-126.351
-132.168
-137.641
-142.505
-146.31
-149.058
-150.103
-153.17
-152.129
-157.173
56.4507
60.3068
64.3897
68.4269
72.0218
75.1979
77.7809
79.5678
80.5867
80.9556
80.7827
80.2152
79.3634
78.2969
77.0723
75.7049
74.1895
72.5098
70.6301
68.4994
66.0562
63.2228
59.8981
56.0012
51.5606
46.6731
41.3921
35.7458
29.7789
23.5535
17.1479
10.6526
4.16958
-2.18872
-8.29528
-13.999
-19.0854
-23.2535
-25.8777
49.6531
45.2807
40.1899
34.6361
29.0956
23.1725
17.1025
11.0715
4.99954
-1.02309
-6.9771
-12.9114
-18.817
-24.7238
-30.6625
-36.6463
-42.6926
-48.8105
-55.0107
-61.2886
-67.6115
-73.9201
-80.1432
-86.1997
-92.0798
-97.8916
-103.715
-109.536
-115.311
-120.979
-126.454
-131.576
-136.12
-139.688
-142.334
-143.347
-145.343
-143.179
-146.523
53.652
57.3453
61.2546
65.1174
68.5535
71.5849
74.0446
75.7387
76.6964
77.0332
76.8547
76.3041
75.4889
74.477
73.3239
72.0446
70.6355
69.0825
67.352
65.3968
63.159
60.5644
57.5157
53.9334
49.8408
45.3265
40.4367
35.193
29.6313
23.8043
17.7811
11.6446
5.49043
-0.572066
-6.41632
-11.8903
-16.7816
-20.7991
-23.3568
47.1466
42.9539
38.0704
32.7412
27.4264
21.7436
15.921
10.1382
4.31751
-1.45277
-7.15395
-12.833
-18.481
-24.1266
-29.7997
-35.5131
-41.2836
-47.1189
-53.0297
-59.0131
-65.0383
-71.0467
-76.9685
-82.7238
-88.3024
-93.8112
-99.3287
-104.84
-110.299
-115.641
-120.774
-125.55
-129.775
-133.094
-135.53
-136.406
-137.54
-134.116
-134.969
50.9796
54.5173
58.2611
61.9566
65.2411
68.1345
70.4762
72.0817
72.9808
73.2867
73.1024
72.5671
71.7858
70.8242
69.7364
68.5376
67.2255
65.7874
64.1923
62.3963
60.345
57.9682
55.1725
51.8798
48.1103
43.945
39.4243
34.5641
29.3926
23.9541
18.3094
12.5328
6.71355
0.95623
-4.61535
-9.85084
-14.5425
-18.4119
-20.9111
44.7551
40.7349
36.0501
30.9364
25.8377
20.3861
14.8009
9.256
3.67678
-1.85111
-7.3093
-12.743
-18.1433
-23.5376
-28.9544
-34.4063
-39.9097
-45.4707
-51.0994
-56.7947
-62.5269
-68.2389
-73.8619
-79.317
-84.5943
-89.7983
-95.0061
-100.202
-105.339
-110.35
-115.143
-119.574
-123.477
-126.532
-128.705
-129.35
-129.722
-125.36
-123.224
48.4295
51.8183
55.4032
58.9394
62.0786
64.8398
67.069
68.5898
69.4333
69.7098
69.5199
68.9988
68.2486
67.3334
66.3057
65.181
63.9574
62.6241
61.1522
59.5009
57.6191
55.4407
52.8765
49.8509
46.3805
42.5408
38.3672
33.8705
29.073
24.0112
18.7378
13.3195
7.83805
2.39228
-2.89868
-7.88845
-12.3766
-16.0995
-18.545
42.4751
38.6203
34.1263
29.2196
24.3289
19.0989
13.7422
8.42624
3.07923
-2.21548
-7.43973
-12.6372
-17.7987
-22.9504
-28.12
-33.3192
-38.5634
-43.8584
-49.2128
-54.6263
-60.0707
-65.4904
-70.8179
-75.9756
-80.9533
-85.8529
-90.7497
-95.6281
-100.439
-105.118
-109.572
-113.664
-117.239
-120.015
-121.9
-122.268
-121.927
-117.029
-112.159
45.9974
49.2434
52.6766
56.0596
59.0601
61.695
63.8165
65.2566
66.0472
66.2958
66.1007
65.5931
64.8723
64.0003
63.0282
61.9715
60.8292
59.5916
58.2321
56.7125
54.9851
52.9876
50.6353
47.8553
44.6618
41.1251
37.2768
33.1237
28.6826
23.9837
19.0723
14.0074
8.86338
3.73216
-1.27301
-6.01227
-10.2943
-13.872
-16.2677
40.3029
36.6071
32.2963
27.5889
22.8979
17.8817
12.7448
7.64916
2.52635
-2.54353
-7.54254
-12.5122
-17.4433
-22.3609
-27.2915
-32.2459
-37.2389
-42.2757
-47.3633
-52.5012
-57.6638
-62.7963
-67.8327
-72.6968
-77.3779
-81.9759
-86.5631
-91.1239
-95.61
-99.9568
-104.074
-107.831
-111.078
-113.563
-115.148
-115.236
-114.249
-109.096
-102.316
43.6789
46.7884
50.0755
53.3124
56.1799
58.694
60.7129
62.0763
62.8167
63.0391
62.839
62.3444
61.6514
60.8197
59.8995
58.9059
57.8383
56.6884
55.4315
54.0321
52.4456
50.6132
48.4547
45.9005
42.963
39.708
36.1637
32.3339
28.2312
23.88
19.3191
14.6002
9.79028
4.9739
0.256965
-4.22867
-8.30271
-11.7358
-14.0826
38.2347
34.6916
30.5575
26.0421
21.5437
16.7332
11.8083
6.92562
2.0187
-2.8343
-7.61583
-12.3654
-17.0739
-21.7655
-26.4648
-31.1822
-35.9315
-40.7177
-45.5457
-50.415
-55.3016
-60.1526
-64.9029
-69.4782
-73.8678
-78.1683
-82.4493
-86.6954
-90.8591
-94.8773
-98.6616
-102.089
-105.014
-107.202
-108.486
-108.31
-106.782
-101.532
-93.7063
41.4704
44.4485
47.596
50.6921
53.4327
55.8314
57.7522
59.0425
59.7357
59.9336
59.7294
59.2475
58.5806
57.7872
56.9154
55.9802
54.9818
53.9124
52.7497
51.46
50.0021
48.3206
46.3398
43.9931
41.292
38.2982
35.0374
31.511
27.7281
23.7084
19.4847
15.102
10.6201
6.11576
1.68668
-2.54443
-6.41002
-9.69923
-11.9979
36.2673
32.8712
28.907
24.5768
20.2638
15.6523
10.9322
6.25468
1.55666
-3.08676
-7.65791
-12.1949
-16.6884
-21.161
-25.6365
-30.1244
-34.6375
-39.1802
-43.7558
-48.3634
-52.9804
-57.556
-62.0261
-66.3186
-70.4228
-74.4315
-78.412
-82.3485
-86.1951
-89.8903
-93.3485
-96.4529
-99.062
-100.958
-101.948
-101.533
-99.5924
-94.3308
-86.0863
39.3677
42.22
45.233
48.1948
50.8133
53.1016
54.929
56.15
56.7986
56.9736
56.7661
56.2967
55.655
54.8977
54.0714
53.1908
52.2563
51.2613
50.1848
48.9959
47.6555
46.1121
44.2941
42.1382
39.6552
36.9035
33.9065
30.6639
27.182
23.4768
19.5756
15.5175
11.3551
7.15743
3.01358
-0.96414
-4.62172
-7.76745
-10.0158
34.3968
31.1422
27.3421
23.1905
19.0569
14.6371
10.115
5.63617
1.13991
-3.30066
-7.6685
-11.9997
-16.285
-20.5458
-24.8045
-29.0699
-33.3539
-37.6603
-41.9904
-46.3433
-50.6979
-55.0045
-59.2013
-63.2175
-67.0432
-70.7677
-74.4548
-78.0889
-81.6257
-85.0058
-88.1469
-90.9379
-93.2419
-94.8551
-95.5706
-94.9446
-92.7125
-87.5006
-79.2254
37.3674
40.0983
42.9828
45.815
48.3169
50.4997
52.2377
53.3931
53.9997
54.1537
53.9437
53.4868
52.8695
52.1467
51.3633
50.5336
49.6586
48.7324
47.7354
46.6386
45.4059
43.989
42.3201
40.3397
38.058
35.5302
32.7782
29.8005
26.6011
23.1927
19.5984
15.8514
11.998
8.09935
4.23549
0.508007
-2.94338
-5.94604
-8.14265
32.6199
29.5019
25.8598
21.8809
17.9201
13.6861
9.35559
5.06863
0.767874
-3.47638
-7.64736
-11.7793
-15.863
-19.9185
-23.9672
-28.017
-32.0787
-36.1556
-40.2475
-44.353
-48.452
-52.4969
-56.4273
-60.1751
-63.7307
-67.1793
-70.5818
-73.9225
-77.1589
-80.234
-83.069
-85.5588
-87.5716
-88.9175
-89.3836
-88.5756
-86.1566
-81.0513
-72.9793
35.4653
38.0798
40.8401
43.5488
45.9385
48.0203
49.6735
50.7666
51.3338
51.4686
51.257
50.8126
50.2191
49.5291
48.7862
48.0045
47.185
46.3225
45.3987
44.3867
43.2528
41.9517
40.4197
38.6007
36.5046
34.1838
31.659
28.9279
25.9927
22.8634
19.5594
16.109
12.5522
8.94286
5.35185
1.86973
-1.3782
-4.23852
-6.37962
30.9332
27.9467
24.4575
20.6453
16.8521
12.7973
8.65207
4.55128
0.439715
-3.61439
-7.59452
-11.5335
-15.4218
-19.2786
-23.1238
-26.9646
-30.8108
-34.6653
-38.526
-42.3913
-46.2422
-50.0328
-53.7048
-57.1926
-60.4869
-63.6691
-66.7971
-69.8551
-72.8022
-75.5844
-78.1265
-80.3298
-82.0682
-83.1659
-83.4118
-82.4547
-79.9328
-74.9871
-67.2633
33.658
36.1603
38.8017
41.3911
43.6736
45.6591
47.2312
48.2652
48.7956
48.913
48.7008
48.2691
47.6986
47.0402
46.3359
45.5993
44.8316
44.0283
43.1722
42.2384
41.1952
40.0004
38.594
36.9233
34.9983
32.8687
30.5544
28.0521
25.3633
22.4955
19.4649
16.2955
13.0216
9.69004
6.36278
3.11951
0.0709947
-2.6479
-4.73082
29.3334
26.4739
23.1321
19.4812
15.8495
11.9688
8.00301
4.08226
0.154215
-3.71561
-7.51096
-11.2628
-14.962
-18.6262
-22.2742
-25.9124
-29.5499
-33.1887
-36.8254
-40.458
-44.0684
-47.6126
-51.0346
-54.2712
-57.3141
-60.2407
-63.1053
-65.8925
-68.5633
-71.0663
-73.3308
-75.2642
-76.7475
-77.6185
-77.6747
-76.6031
-74.045
-69.3042
-62.0238
31.9419
34.3363
36.8629
39.3382
41.5176
43.4107
44.9059
45.8843
46.3802
46.4817
46.2698
45.851
45.3033
44.6752
44.0076
43.3136
42.5945
41.8462
41.0529
40.191
39.2312
38.134
36.8432
35.3091
33.5413
31.5884
29.4684
27.1785
24.7186
22.0948
19.3205
16.4159
13.4102
10.3436
7.26964
4.25725
1.40326
-1.17562
-3.19593
27.817
25.08
21.8808
18.3858
14.9108
11.198
7.40624
3.66033
-0.0901778
-3.78138
-7.39753
-10.9681
-14.4839
-17.9616
-21.4187
-24.8609
-28.2962
-31.7262
-35.146
-38.5536
-41.9315
-45.2377
-48.4181
-51.4133
-54.2153
-56.8976
-59.5111
-62.0407
-64.449
-66.6881
-68.6918
-70.3736
-71.6229
-72.2908
-72.1877
-71.0356
-68.495
-63.9946
-57.2148
30.3134
32.6038
35.0203
37.3855
39.4665
41.2715
42.693
43.6187
44.0825
44.1698
43.9593
43.5536
43.028
42.4294
41.7968
41.1432
40.4697
39.7726
39.0374
38.2421
37.3592
36.3516
35.1668
33.7583
32.1358
30.3454
28.4051
26.3113
24.0637
21.6668
19.1318
16.4755
13.7225
10.907
8.07456
5.28384
2.61836
0.177638
-1.77706
26.3808
23.7622
20.7006
17.3566
14.0329
10.4833
6.85996
3.28299
-0.295042
-3.81304
-7.25558
-10.6505
-13.9887
-17.2858
-20.5581
-23.8106
-27.0504
-30.2785
-33.489
-36.6793
-39.8328
-42.9096
-45.858
-48.6216
-51.1937
-53.6438
-56.0192
-58.3049
-60.4661
-62.4578
-64.2185
-65.6685
-66.7057
-67.1949
-66.9616
-65.7603
-63.2799
-59.046
-52.795
28.7691
30.9593
33.2696
35.5296
37.5157
39.2362
40.5881
41.464
41.898
41.9726
41.7642
41.3719
40.8681
40.2979
39.6989
39.0834
38.4528
37.8037
37.1224
36.3886
35.5764
34.6513
33.5641
32.2711
30.7823
29.1418
27.3669
25.4542
23.4028
21.2163
18.9037
16.4791
13.963
11.384
8.78043
6.20138
3.71767
1.41271
-0.472221
25.0215
22.5171
19.5888
16.3908
13.2138
9.82164
6.36164
2.94883
-0.462324
-3.81253
-7.08684
-10.3116
-13.4779
-16.6002
-19.6937
-22.7628
-25.8137
-28.8468
-31.8556
-34.8367
-37.7744
-40.6306
-43.3566
-45.8992
-48.2529
-50.4832
-52.6339
-54.6906
-56.6205
-58.3821
-59.9188
-61.1574
-62.0048
-62.3394
-62.0034
-60.7809
-58.3935
-54.4425
-48.7246
27.3056
29.3991
31.6076
33.7661
35.6614
37.3014
38.5865
39.4155
39.8217
39.8852
39.6797
39.301
38.8187
38.2761
37.7092
37.1299
36.5397
35.9354
35.3043
34.6272
33.8803
33.0311
32.0336
30.847
29.4812
27.9787
26.356
24.6101
22.7397
20.7475
18.641
16.4316
14.1364
11.779
9.39098
7.01272
4.70333
2.53131
0.718677
23.7362
21.3421
18.5423
15.4856
12.4502
9.21119
5.90917
2.65497
-0.594146
-3.78167
-6.8931
-9.95318
-12.9531
-15.9064
-18.8273
-21.7193
-24.5879
-27.4331
-30.2478
-33.028
-35.7585
-38.4034
-40.9169
-43.2495
-45.3966
-47.4198
-49.3598
-51.2025
-52.9176
-54.467
-55.7987
-56.8467
-57.5266
-57.73
-57.3163
-56.0966
-53.8255
-50.1658
-44.9693
25.9195
27.92
30.03
32.0915
33.8996
35.4623
36.6842
37.4688
37.8494
37.9031
37.7012
37.3363
36.8751
36.3592
35.8232
35.2783
34.726
34.1636
33.5792
32.9547
32.2679
31.4886
30.5735
29.4848
28.2322
26.8566
25.3739
23.7814
22.0774
20.2642
18.3478
16.3376
14.2475
12.0965
9.91041
7.72164
5.57863
3.53605
1.79893
22.5214
20.2337
17.5585
14.6383
11.7404
8.64891
5.50008
2.39996
-0.692619
-3.72269
-6.67643
-9.57723
-12.4163
-15.2065
-17.9606
-20.6819
-23.375
-26.0393
-28.6677
-31.2554
-33.7876
-36.2308
-38.5422
-40.6758
-42.6283
-44.4575
-46.2009
-47.845
-49.362
-50.7171
-51.8633
-52.7407
-53.2749
-53.3692
-52.8999
-51.7028
-49.5641
-46.1967
-41.5
24.6077
26.5184
28.5341
30.5019
32.2264
33.7156
34.8769
35.6197
35.9764
36.0215
35.8241
35.4731
35.0327
34.5427
34.0362
33.524
33.0075
32.4843
31.9433
31.3675
30.7362
30.0212
29.1819
28.1831
27.0346
25.7757
24.4215
22.9696
21.4185
19.7696
18.0281
16.2015
14.3008
12.3413
10.3435
8.33266
6.34764
4.4308
2.7708
21.3742
19.1895
16.6343
13.8463
11.0809
8.13284
5.13221
2.18076
-0.759944
-3.63776
-6.43901
-9.18579
-11.8696
-14.5023
-17.0958
-19.6527
-22.1772
-24.6679
-27.1177
-29.5213
-31.8644
-34.1158
-36.2355
-38.1817
-39.9517
-41.5999
-43.1608
-44.6217
-45.9572
-47.1358
-48.1152
-48.8423
-49.2508
-49.2565
-48.751
-47.5924
-45.5957
-42.5161
-38.2917
23.3669
25.1912
27.1159
28.994
30.6382
32.0568
33.1607
33.8641
34.1986
34.2364
34.0439
33.7069
33.2869
32.822
32.3437
31.8626
31.3799
30.8935
30.3928
29.8621
29.2819
28.626
27.8565
26.9404
25.8876
24.7356
23.4992
22.1762
20.7649
19.2667
17.6855
16.0275
14.3011
12.5185
10.6953
8.85074
7.01507
5.21959
3.6386
20.2917
18.206
15.7671
13.1068
10.4699
7.65992
4.80281
1.99558
-0.798628
-3.52919
-6.18311
-8.78125
-11.3153
-13.7962
-16.2352
-18.6342
-20.9967
-23.3212
-25.6005
-27.8285
-29.9917
-32.0613
-34.0002
-35.7701
-37.3698
-38.8501
-40.2426
-41.5356
-42.7058
-43.7253
-44.5564
-45.1518
-45.4538
-45.3889
-44.8635
-43.7556
-41.906
-39.1048
-35.3219
22.1941
23.9351
25.7726
27.564
29.1313
30.4827
31.5317
32.1979
32.5119
32.5432
32.3563
32.0334
31.6333
31.1926
30.7415
30.2898
29.839
29.3869
28.9237
28.4347
27.9018
27.3003
26.5948
25.7547
24.7897
23.7358
22.6074
21.4021
20.1187
18.7579
17.3233
15.8194
14.253
12.633
10.9713
9.28147
7.5864
5.90777
4.40615
19.2709
17.2811
14.954
12.4171
9.90398
7.22817
4.5096
1.84137
-0.810885
-3.39921
-5.91097
-8.36578
-10.7556
-13.0906
-15.381
-17.6285
-19.8361
-22.0018
-24.1184
-26.1795
-28.1724
-30.0701
-31.8391
-33.4442
-34.8856
-36.2108
-37.4488
-38.5885
-39.6094
-40.4865
-41.1864
-41.6681
-41.8808
-41.7616
-41.2301
-40.1814
-38.4796
-35.9444
-32.5689
21.0863
22.7471
24.5003
26.209
27.7023
28.9892
29.9862
30.6172
30.9122
30.9381
30.7571
30.4482
30.0676
29.6503
29.2251
28.8014
28.3805
27.9606
27.5323
27.0819
26.5925
26.0409
25.3943
24.6239
23.7395
22.7755
21.7456
20.648
19.4811
18.2458
16.9446
15.5814
14.1611
12.6902
11.177
9.63059
8.06746
6.50056
5.07885
18.309
16.4112
14.1925
11.7746
9.38141
6.83447
4.2499
1.71636
-0.799247
-3.25035
-5.62505
-7.94182
-10.1929
-12.3877
-14.5358
-16.6384
-18.6979
-20.7121
-22.6741
-24.577
-26.4089
-28.1451
-29.7547
-31.2064
-32.5014
-33.6841
-34.7808
-35.7819
-36.6685
-37.4191
-38.0041
-38.388
-38.5272
-38.3678
-37.841
-36.8575
-35.301
-33.0164
-30.0147
20.0405
21.624
23.2967
24.9254
26.3479
27.5733
28.5205
29.1183
29.3955
29.4168
29.2421
28.9472
28.5856
28.1909
27.7905
27.3933
27.0006
26.6106
26.2147
25.8
25.3506
24.845
24.2524
23.546
22.7354
21.8536
20.9138
19.9143
18.8536
17.7322
16.5525
15.3171
14.0298
12.6949
11.3181
9.90423
8.46436
7.00425
5.66131
17.4032
15.5944
13.4798
11.1768
8.89886
6.477
4.02151
1.61744
-0.766011
-3.08487
-5.32764
-7.51168
-9.62952
-11.69
-13.7018
-15.6658
-17.5842
-19.4545
-21.2699
-23.0234
-24.7038
-26.2884
-27.7495
-29.0588
-30.219
-31.2713
-32.2399
-33.1156
-33.8826
-34.5211
-35.0064
-35.3073
-35.3869
-35.199
-34.6857
-33.7707
-32.3547
-30.3039
-27.6418
19.0539
20.5631
22.1581
23.7103
25.0647
26.2312
27.1311
27.6975
27.9582
27.9757
27.8076
27.5264
27.1834
26.8104
26.4336
26.0613
25.6951
25.3331
24.9674
24.5856
24.1731
23.7096
23.1665
22.5188
21.7758
20.9692
20.1115
19.2012
18.237
17.2191
16.1495
15.0302
13.8635
12.6526
11.4003
10.1086
8.78357
7.42478
6.15991
16.5507
14.8275
12.8134
10.6211
8.45465
6.15268
3.82186
1.54295
-0.713564
-2.90518
-5.0211
-7.07773
-9.06781
-10.9996
-12.8812
-14.7134
-16.4976
-18.2314
-19.9081
-21.5208
-23.0592
-24.5022
-25.8252
-27.0031
-28.0396
-28.9732
-29.8258
-30.5894
-31.2497
-31.7903
-32.1894
-32.4207
-32.4526
-32.2465
-31.7529
-30.9074
-29.6253
-27.7907
-25.4358
18.1239
19.5615
21.0821
22.5604
23.8496
24.96
25.8144
26.3512
26.5965
26.6108
26.4496
26.1821
25.857
25.5048
25.1504
24.8019
24.4604
24.1245
23.7867
23.4352
23.0566
22.6319
22.1341
21.5401
20.859
20.121
19.3381
18.5089
17.6322
16.7082
15.7382
14.7239
13.6667
12.5682
11.4295
10.2499
9.03149
7.76875
6.58039
15.7492
14.1083
12.1908
10.1051
8.04565
5.85974
3.64872
1.48991
-0.644189
-2.71352
-4.7077
-6.64217
-8.51001
-10.319
-12.0765
-13.7831
-15.44
-17.0447
-18.5907
-20.0713
-21.4766
-22.7881
-23.9832
-25.0402
-25.9637
-26.7897
-27.5381
-28.2016
-28.7679
-29.2229
-29.5482
-29.7215
-29.7163
-29.4999
-29.0307
-28.2543
-27.0981
-25.462
-23.3835
17.2475
18.6163
20.0654
21.4731
22.6994
23.7561
24.5674
25.076
25.3068
25.3186
25.1645
24.9104
24.6027
24.2704
23.9374
23.6111
23.2929
22.9813
22.6692
22.3458
21.9982
21.609
21.1527
20.6078
19.9834
19.3078
18.593
17.8374
17.04
16.2009
15.321
14.4016
13.4434
12.4467
11.4114
10.3344
9.21473
8.04273
6.92887
14.9958
13.434
11.6096
9.62639
7.6702
5.59529
3.49968
1.45662
-0.560222
-2.51219
-4.38963
-6.20716
-7.95822
-9.65
-11.2895
-12.8769
-14.4135
-15.8963
-17.3195
-18.6763
-19.9579
-21.1471
-22.2243
-23.1706
-23.9914
-24.7201
-25.3752
-25.9499
-26.4336
-26.8145
-27.0771
-27.2027
-27.169
-26.9487
-26.507
-25.7978
-24.7592
-23.304
-21.4731
16.4224
17.725
19.1057
20.445
21.6113
22.6168
23.3864
23.8685
24.0857
24.0956
23.9488
23.7078
23.4169
23.1037
22.7908
22.4856
22.1891
21.9
21.6118
21.3141
20.9951
20.6383
20.22
19.7201
19.1472
18.5286
17.8756
17.1868
16.4611
15.6986
14.9002
14.0664
13.1975
12.293
11.3516
10.3682
9.3398
8.25318
7.21162
14.2882
12.8026
11.0673
9.18269
7.32528
5.35762
3.37263
1.44034
-0.463699
-2.3032
-4.06896
-5.77477
-7.41443
-8.99474
-10.5221
-11.9968
-13.4196
-14.7879
-16.096
-17.3372
-18.5038
-19.5801
-20.5489
-21.3942
-22.1218
-22.7633
-23.335
-23.8313
-24.2428
-24.5599
-24.7696
-24.8562
-24.8013
-24.5821
-24.1698
-23.5251
-22.5953
-21.3042
-19.6941
15.6459
16.8849
18.1997
19.4738
20.5823
21.5386
22.2686
22.7254
22.9299
22.9384
22.7991
22.5709
22.2961
22.0011
21.7074
21.4219
21.1458
20.8776
20.6114
20.3374
20.0446
19.7173
19.3337
18.8748
18.349
17.7823
17.1853
16.557
15.8962
15.2029
14.4778
13.7212
12.9328
12.1117
11.2551
10.3573
9.41316
8.4067
7.43458
13.6241
12.2113
10.5619
8.77168
7.00941
5.144
3.26529
1.43949
-0.356774
-2.08867
-3.7477
-5.34694
-6.88053
-8.35497
-9.77615
-11.1442
-12.4599
-13.7207
-14.9211
-16.0548
-17.115
-18.0872
-18.9569
-19.7101
-20.3539
-20.917
-21.4148
-21.842
-22.1909
-22.4532
-22.6186
-22.6738
-22.6038
-22.3896
-22.0075
-21.4239
-20.594
-19.4509
-18.0372
14.9156
16.0935
17.3455
18.5563
19.6096
20.5191
21.2107
21.6436
21.836
21.8437
21.7121
21.4965
21.2371
20.9594
20.6838
20.4169
20.1597
19.911
19.6651
19.4129
19.1439
18.8438
18.4918
18.0703
17.5875
17.0678
16.5217
15.948
15.3458
14.7148
14.0558
13.3688
12.653
11.907
11.1275
10.3076
9.44096
8.50951
7.60382
13.0011
11.6583
10.0909
8.39122
6.71972
4.95283
3.17569
1.45152
-0.241422
-1.87049
-3.42771
-4.92541
-6.35822
-7.73224
-9.053
-10.3206
-11.5356
-12.6957
-13.7957
-14.8298
-15.7915
-16.6684
-17.4474
-18.1175
-18.6856
-19.179
-19.6112
-19.978
-20.2724
-20.4884
-20.6167
-20.6472
-20.5668
-20.3608
-20.0085
-19.4825
-18.7434
-17.7337
-16.4938
14.229
15.3484
16.54
17.6903
18.6906
19.5551
20.2099
20.6202
20.8009
20.8086
20.6848
20.4812
20.2366
19.9754
19.717
19.4675
19.228
18.9974
18.7702
18.538
18.2909
18.0154
17.6923
17.3049
16.8612
16.3843
15.8843
15.36
14.8106
14.2358
13.6362
13.0117
12.3613
11.6831
10.9733
10.2245
9.42927
8.56748
7.72541
12.4171
11.141
9.65236
8.0392
6.45484
4.78152
3.10169
1.47487
-0.11961
-1.65055
-3.1107
-4.51179
-5.84894
-7.12796
-8.35395
-9.52693
-10.6476
-11.7135
-12.7202
-13.662
-14.5333
-15.3227
-16.0195
-16.6143
-17.1147
-17.546
-17.9206
-18.2345
-18.4822
-18.6586
-18.7566
-18.7675
-18.6811
-18.4849
-18.1622
-17.6894
-17.033
-16.1424
-15.0567
13.5843
14.6476
15.7817
16.8733
17.823
18.6442
19.2632
19.6523
19.8217
19.83
19.7142
19.5221
19.2916
19.0461
18.804
18.5709
18.348
18.1341
17.9242
17.7102
17.4832
17.2302
16.9334
16.5771
16.169
15.7311
15.2727
14.7931
14.2912
13.7671
13.221
12.6527
12.0611
11.4441
10.7974
10.1133
9.3833
8.58663
7.80465
11.8703
10.6582
9.24429
7.71381
6.21225
4.62873
3.04157
1.50729
0.0069374
-1.43053
-2.79832
-4.1076
-5.3541
-6.54337
-7.68006
-8.76416
-9.79636
-10.7746
-11.6946
-12.5513
-13.3395
-14.0493
-14.6714
-15.1984
-15.6384
-16.0146
-16.3384
-16.6064
-16.8141
-16.9573
-17.0304
-17.0263
-16.9369
-16.752
-16.4577
-16.0342
-15.4525
-14.6684
-13.7187
12.9794
13.9889
15.0678
16.1032
17.0044
17.7837
18.368
18.737
18.8952
18.9051
18.7975
18.6165
18.3993
18.1688
17.9421
17.7244
17.5169
17.3185
17.1246
16.9274
16.7187
16.4863
16.2135
15.8856
15.5099
15.1073
14.6868
14.2474
13.7885
13.3099
12.8119
12.2941
11.7555
11.1935
10.6039
9.97863
9.30852
8.57257
7.84725
11.3585
10.2072
8.86484
7.41302
5.99058
4.49212
2.99342
1.54743
0.136559
-1.21201
-2.49201
-3.71417
-4.87501
-5.97971
-7.03235
-8.03298
-8.98248
-9.87905
-10.7188
-11.497
-12.2092
-12.8464
-13.4011
-13.8674
-14.2535
-14.581
-14.8605
-15.0888
-15.2622
-15.3775
-15.4304
-15.4152
-15.3254
-15.1526
-14.8854
-14.507
-13.9926
-13.3034
-12.4737
12.4121
13.3703
14.3969
15.3775
16.2327
16.9713
17.5218
17.8718
18.018
18.0309
17.9319
17.7613
17.5571
17.341
17.129
16.9258
16.7327
16.5486
16.3693
16.1876
15.9956
15.782
15.5311
15.2292
14.8831
14.5127
14.1263
13.7234
13.3032
12.8655
12.4107
11.9384
11.4473
10.935
10.397
9.82506
9.21003
8.53014
7.85861
10.8793
9.78597
8.5113
7.13422
5.78679
4.36952
2.95493
1.59276
0.267507
-0.996736
-2.19294
-3.33216
-4.41232
-5.43768
-6.4114
-7.33381
-8.20612
-9.02676
-9.79225
-10.4982
-11.1409
-11.7121
-12.2059
-12.6177
-12.9561
-13.2407
-13.4814
-13.6755
-13.8198
-13.912
-13.9488
-13.9255
-13.8371
-13.6768
-13.4353
-13.0983
-12.6443
-12.0396
-11.3156
11.88
12.7896
13.766
14.6943
15.506
16.2047
16.723
17.0547
17.1868
17.2044
17.1146
16.9539
16.762
16.56
16.3621
16.1727
15.9931
15.8224
15.6567
15.4892
15.3125
15.1161
14.8852
14.6071
14.2882
13.947
13.5917
13.2218
12.8365
12.4356
12.0197
11.5881
11.1397
10.672
10.1805
9.65713
9.09238
8.46455
7.84312
10.4314
9.39269
8.18232
6.87577
5.59953
4.25845
2.92385
1.64127
0.397457
-0.78714
-1.90263
-2.96195
-3.96603
-4.91717
-5.81684
-6.66596
-7.46641
-8.21687
-8.91395
-9.554
-10.1332
-10.6449
-11.0839
-11.4473
-11.7432
-11.9902
-12.1971
-12.3618
-12.4814
-12.5546
-12.5786
-12.55
-12.4646
-12.3171
-12.0996
-11.8004
-11.4006
-10.8713
-10.2403
11.3818
12.2451
13.1739
14.0512
14.8219
15.4816
15.9693
16.284
16.3992
16.4237
16.3435
16.1916
16.0115
15.8231
15.6385
15.4621
15.2951
15.137
14.9839
14.8295
14.6669
14.4863
14.2739
14.0176
13.7235
13.4092
13.0823
12.7422
12.3885
12.021
11.64
11.2452
10.8352
10.4077
9.95839
9.47901
8.96023
8.38052
7.80574
10.0163
9.02977
7.88
6.63991
5.43028
4.16112
2.90128
1.69272
0.525434
-0.583403
-1.62315
-2.60706
-3.54009
-4.42142
-5.25082
-6.03065
-6.76365
-7.44851
-8.08216
-8.66124
-9.18267
-9.64006
-10.0302
-10.3502
-10.609
-10.8229
-11.0008
-11.14
-11.2391
-11.2965
-11.3107
-11.2785
-11.1973
-11.0622
-10.8675
-10.6025
-10.2516
-9.78887
-9.23999
10.9187
11.7379
12.6197
13.4474
14.1777
14.797
15.2557
15.5541
15.6524
15.6898
15.6186
15.4739
15.305
15.1297
14.9577
14.7932
14.6378
14.4913
14.3497
14.2074
14.0578
13.8918
13.6963
13.4601
13.1887
12.8988
12.5976
12.2847
11.9595
11.622
11.2724
10.9105
10.5351
10.1438
9.73247
9.29301
8.81624
8.28088
7.7492
9.63414
8.69686
7.60514
6.42761
5.28096
4.0789
2.88988
1.7495
0.653932
-0.383609
-1.35322
-2.26992
-3.13975
-3.95512
-4.71696
-5.43114
-6.101
-6.72469
-7.29927
-7.82256
-8.29088
-8.6992
-9.04482
-9.32657
-9.55223
-9.73775
-9.89029
-10.0085
-10.0904
-10.1356
-10.1424
-10.109
-10.0329
-9.91076
-9.73702
-9.50374
-9.19661
-8.79408
-8.31818
10.4909
11.2674
12.1036
12.8809
13.5715
14.147
14.5785
14.8549
14.9385
15.0024
14.9403
14.7993
14.6418
14.4806
14.3213
14.1684
14.0245
13.8889
13.7585
13.6273
13.4898
13.3371
13.1573
12.9394
12.6891
12.4215
12.1438
11.8554
11.5561
11.2454
10.9241
10.5916
10.247
9.88797
9.51054
9.10698
8.66824
8.17352
7.68216
9.33266
8.43258
7.38175
6.25104
5.15222
4.00364
2.87786
1.80124
0.786218
-0.188366
-1.04316
-1.90047
-2.73533
-3.5062
-4.22135
-4.89315
-5.52404
-6.11022
-6.64848
-7.13694
-7.57122
-7.94756
-8.26389
-8.51953
-8.72227
-8.88721
-9.02153
-9.1236
-9.19249
-9.2282
-9.22679
-9.19013
-9.11571
-9.00061
-8.83987
-8.62676
-8.34896
-7.98751
-7.56354
10.1536
10.8932
11.6897
12.4122
13.0547
13.5592
13.9296
14.1169
14.1704
14.3347
14.3197
14.1987
14.0653
13.9279
13.7874
13.6498
13.5192
13.396
13.2768
13.157
13.0307
12.8903
12.7242
12.5222
12.2893
12.04
11.7809
11.5118
11.2323
10.9424
10.6424
10.3321
10.0106
9.67575
9.32379
8.9472
8.53722
8.07314
7.61263
9.08907
8.21862
7.20015
6.10543
5.04527
3.94181
2.87256
1.85693
0.926036
0.00693477
-0.712238
-1.52277
-2.34112
-3.07977
-3.76033
-4.4037
-5.01015
-5.57312
-6.08917
-6.55556
-6.9683
-7.3242
-7.62104
-7.85841
-8.04463
-8.19412
-8.31462
-8.40362
-8.462
-8.4898
-8.47911
-8.43733
-8.36219
-8.24974
-8.09615
-7.89543
-7.6371
-7.3041
-6.91693
9.87961
10.587
11.3429
12.0081
12.5924
13.0089
13.293
13.3573
13.3733
13.6758
13.7374
13.6509
13.5492
13.4419
13.3248
13.2053
13.0896
12.9794
12.8719
12.7632
12.6479
12.5189
12.3653
12.1774
11.9596
11.7257
11.482
11.2287
10.9653
10.6918
10.4088
10.1159
9.81252
9.49661
9.16454
8.80907
8.42178
7.982
7.54608
8.8464
8.00601
7.01986
5.96155
4.93986
3.88179
2.86753
1.91052
1.05862
0.189568
-0.398906
-1.16217
-1.96095
-2.6653
-3.30859
-3.9206
-4.50007
-5.03782
-5.52951
-5.97211
-6.3627
-6.69764
-6.97483
-7.19419
-7.36429
-7.49918
-7.60674
-7.68392
-7.73281
-7.75448
-7.73594
-7.69073
-7.6165
-7.50848
-7.36337
-7.17641
-6.93851
-6.63445
-6.28368
9.60596
10.2817
10.996
11.6058
12.1334
12.4636
12.6672
12.6193
12.6017
13.0223
13.1618
13.1099
13.0367
12.9574
12.8636
12.762
12.6613
12.5639
12.468
12.37
12.2655
12.1476
12.0064
11.8323
11.6295
11.4106
11.1823
10.9443
10.6968
10.4395
10.1732
9.89754
9.61201
9.31459
9.00205
8.66724
8.30221
7.88658
7.47567
8.60567
7.79527
6.84177
5.81961
4.83622
3.82248
2.86115
1.96075
1.18136
0.360786
-0.110584
-0.823334
-1.59502
-2.26302
-2.86758
-3.44558
-3.99536
-4.50556
-4.9707
-5.38852
-5.7565
-6.07053
-6.32844
-6.53071
-6.68568
-6.80719
-6.90297
-6.96971
-7.01038
-7.02742
-7.00256
-6.95542
-6.88332
-6.78109
-6.64539
-6.47316
-6.2559
-5.98059
-5.66427
9.33442
9.97908
10.6516
11.2081
11.6808
11.9263
12.0557
11.9058
11.8552
12.3756
12.5935
12.5786
12.5318
12.4786
12.4064
12.3222
12.2356
12.1509
12.0663
11.9791
11.8849
11.7782
11.6488
11.4886
11.3002
11.0964
10.8829
10.6602
10.428
10.1867
9.9366
9.67793
9.40972
9.13052
8.83692
8.52234
8.179
7.78708
7.40049
8.36937
7.58855
6.66698
5.68023
4.73373
3.76323
2.85152
2.00448
1.29009
0.51643
0.14538
-0.512209
-1.24731
-1.87596
-2.44064
-2.98221
-3.4995
-3.97962
-4.41664
-4.80884
-5.15342
-5.44599
-5.68461
-5.86989
-6.01032
-6.119
-6.2041
-6.26134
-6.29525
-6.30875
-6.27966
-6.232
-6.16359
-6.06819
-5.94324
-5.78622
-5.59006
-5.34321
-5.06227
9.06779
9.6824
10.3131
10.8193
11.2382
11.3997
11.4615
11.2145
11.1279
11.7346
12.03
12.0548
12.0362
12.0097
11.9595
11.8913
11.8176
11.744
11.6702
11.5931
11.5094
11.4131
11.2958
11.1488
10.975
10.7858
10.5871
10.3793
10.1624
9.93675
9.70282
9.46066
9.20963
8.94813
8.67306
8.37806
8.05571
7.68695
7.32384
8.14065
7.38819
6.49736
5.5445
4.63304
3.70311
2.8371
2.03969
1.38152
0.652016
0.363011
-0.234274
-0.921901
-1.50659
-2.02966
-2.53259
-3.01432
-3.46183
-3.86931
-4.23496
-4.55553
-4.82681
-5.04684
-5.21634
-5.34337
-5.44032
-5.51558
-5.56435
-5.59202
-5.60255
-5.56998
-5.52246
-5.45794
-5.36959
-5.25526
-5.11323
-4.93714
-4.71652
-4.46459
8.81025
9.39597
9.98541
10.4438
10.8089
10.8861
10.8864
10.5392
10.4111
11.1009
11.4722
11.5345
11.5428
11.5461
11.5224
11.4741
11.4145
11.3518
11.2872
11.219
11.1444
11.0582
10.9521
10.8182
10.6585
10.4836
10.2989
10.1052
9.90273
9.69187
9.47321
9.24689
9.0123
8.76796
8.51081
8.23477
7.93255
7.58612
7.24443
7.92328
7.1971
6.33431
5.41231
4.5324
3.63956
2.81434
2.06127
1.4502
0.761038
0.535366
0.00523008
-0.623632
-1.15808
-1.6373
-2.09931
-2.54262
-2.95513
-3.33123
-3.66844
-3.96339
-4.21208
-4.41261
-4.56599
-4.68005
-4.76659
-4.83378
-4.87657
-4.90076
-4.9114
-4.87871
-4.83464
-4.77702
-4.69853
-4.59714
-4.47214
-4.31853
-4.12876
-3.91755
8.56586
9.12376
9.67204
10.0851
10.3924
10.3814
10.3235
9.86436
9.68459
10.474
10.9327
11.0303
11.0565
11.08
11.0802
11.0549
11.0163
10.9704
10.9195
10.8624
10.798
10.7218
10.6273
10.5064
10.3616
10.2014
10.0314
9.85176
9.66335
9.46632
9.26177
9.04968
8.82992
8.60097
8.36009
8.10154
7.81774
7.49214
7.16727
7.71663
7.01421
6.17586
5.28041
4.42718
3.56578
2.77488
2.05984
1.48617
0.834371
0.655641
0.199074
-0.356841
-0.833953
-1.26657
-1.68473
-2.08633
-2.46168
-2.80541
-3.1144
-3.38493
-3.6126
-3.79566
-3.93433
-4.03602
-4.11118
-4.16884
-4.20337
-4.22163
-4.22917
-4.19379
-4.15003
-4.0964
-4.02482
-3.9338
-3.82267
-3.68662
-3.51634
-3.31788
8.334
8.8644
9.37228
9.74202
9.98517
9.88218
9.76747
9.16922
8.91307
9.831
10.4126
10.573
10.628
10.6638
10.6656
10.6414
10.6085
10.5745
10.5375
10.4949
10.4439
10.3808
10.299
10.1921
10.0619
9.9175
9.76364
9.60095
9.42935
9.24937
9.06149
8.86612
8.66276
8.45023
8.22576
7.9842
7.71824
7.414
7.10992
7.51755
6.8369
6.02026
5.14725
4.31569
3.47981
2.71553
2.03021
1.48469
0.866317
0.715628
0.340046
-0.127012
-0.540235
-0.923098
-1.29312
-1.64781
-1.97973
-2.28434
-2.55855
-2.79893
-3.00189
-3.16557
-3.29074
-3.38408
-3.45515
-3.51173
-3.54791
-3.57071
-3.58684
-3.55949
-3.52694
-3.487
-3.43142
-3.35875
-3.26999
-3.16365
-3.03774
-2.90943
8.11109
8.6153
9.0861
9.41737
9.59317
9.41008
9.24439
8.45127
8.06384
9.11238
9.83094
10.0915
10.2383
10.3489
10.3897
10.3704
10.3234
10.2713
10.2207
10.1715
10.1203
10.0627
9.99074
9.89602
9.7771
9.64219
9.49728
9.34393
9.18247
9.01344
8.83754
8.65532
8.46643
8.26963
8.06196
7.83783
7.58856
7.30065
7.0061
7.33942
6.67699
5.87903
5.02496
4.21106
3.3957
2.65027
1.98715
1.45885
0.859778
0.708053
0.422236
0.0581341
-0.284023
-0.610936
-0.929449
-1.23858
-1.53209
-1.80362
-2.04791
-2.26133
-2.43997
-2.58157
-2.68561
-2.75819
-2.80911
-2.84742
-2.86729
-2.87539
-2.87932
-2.84228
-2.80373
-2.76163
-2.70744
-2.63965
-2.5584
-2.45781
-2.32593
-2.15393
7.91403
8.39788
8.83996
9.13741
9.2474
9.01271
8.78773
7.69779
7.1483
8.329
9.11695
9.39766
9.60107
9.82129
9.99597
10.1009
10.1476
10.1524
10.1289
10.0883
10.0371
9.97777
9.90801
9.82427
9.72545
9.61188
9.48354
9.34185
9.18851
9.02485
8.85213
8.67147
8.48369
8.28895
8.08579
7.86989
7.63241
7.35491
7.05178
7.22535
6.56686
5.77306
4.92305
4.11403
3.30731
2.57088
1.9217
1.3976
0.796653
0.623595
0.442136
0.187763
-0.0792153
-0.335178
-0.577288
-0.812025
-1.04056
-1.25848
-1.4612
-1.64469
-1.80603
-1.94298
-2.05526
-2.14449
-2.21585
-2.2768
-2.32192
-2.36059
-2.40106
-2.39459
-2.38679
-2.37692
-2.35645
-2.32356
-2.28246
-2.23841
-2.20217
-2.20377
7.79411
8.26837
8.68821
8.94392
8.97246
8.6736
8.27346
6.76553
6.1713
7.70329
8.63212
8.85411
8.90753
8.96291
9.02611
9.10228
9.19378
9.28825
9.36659
9.41771
9.43688
9.42366
9.37743
9.30435
9.22047
9.13647
9.04994
8.95644
8.85364
8.74101
8.61816
8.48384
8.3364
8.17392
7.99438
7.79598
7.58219
7.36599
7.23095
7.1742
6.49361
5.6682
4.78658
3.949
3.12237
2.37377
1.72599
1.1911
0.599475
0.439164
0.392969
0.261748
0.0593328
-0.157935
-0.36386
-0.556984
-0.737209
-0.901743
-1.0473
-1.17094
-1.26858
-1.33626
-1.37331
-1.3898
-1.39667
-1.4002
-1.39208
-1.37457
-1.36042
-1.31764
-1.27691
-1.23907
-1.1963
-1.14728
-1.09064
-1.01425
-0.895382
-0.693129
7.75431
8.22423
8.61481
8.80247
8.70442
8.22975
7.38139
5.3898
4.90917
7.19101
8.77923
9.51645
9.83408
9.88761
9.72878
9.45203
9.15012
8.89226
8.70291
8.58252
8.51857
8.49808
8.49826
8.47665
8.39323
8.26691
8.12789
7.98271
7.83219
7.67701
7.52033
7.36607
7.21712
7.07413
6.93399
6.78315
6.58786
6.27606
5.76437
7.03479
6.32665
5.45805
4.53129
3.65187
2.79291
2.02536
1.37419
0.826154
0.2803
0.138933
0.21391
0.269388
0.257086
0.202835
0.121334
0.0183464
-0.102206
-0.237029
-0.383632
-0.541
-0.707564
-0.87822
-1.04
-1.17312
-1.27587
-1.37628
-1.46206
-1.56923
-1.71332
-1.71902
-1.75751
-1.81728
-1.86421
-1.89751
-1.93065
-1.98509
-2.09235
-2.30654
7.62377
8.08086
8.43135
8.54462
8.31687
7.61159
6.20945
3.8482
2.81063
5.21564
7.35918
9.10798
10.5797
11.8253
12.7712
13.4091
13.7968
13.9742
13.9945
13.9116
13.7676
13.593
13.4294
13.3533
13.3987
13.4532
13.4332
13.3573
13.2483
13.1118
12.9437
12.7434
12.5135
12.258
11.9853
11.7107
11.4774
11.3436
11.4925
-147.489
-151.647
-154.15
-157.208
-160.008
-162.085
-163.467
-164.329
-164.801
-164.933
-164.737
-164.254
-163.502
-162.511
-161.3
-159.915
-158.405
-156.845
-155.293
-153.761
-152.212
-150.623
-148.977
-147.246
-145.346
-143.142
-140.463
-137.166
-133.115
-128.25
-122.667
-116.677
-110.741
-105.223
-100.1
-94.9501
-89.4508
-83.6897
-77.8948
-72.2609
-66.926
-61.9594
-57.3785
-53.1664
-49.2932
-45.7251
-42.43
-39.3807
-36.5527
-33.9252
-31.4774
-29.1929
-27.0554
-25.0531
-23.1747
-21.4115
-19.7555
-18.1997
-16.7382
-15.366
-14.0779
-12.8699
-11.7382
-10.6786
-9.68952
-8.76328
-7.90714
-7.20173
-6.59046
-5.9918
-5.40266
-4.83186
-4.25763
-3.74708
-3.1539
-2.8051
-2.01288
-2.19056
-0.547487
-2.43485
-136.411
-131.481
-127.394
-123.395
-119.435
-115.512
-111.593
-107.672
-103.818
-99.9555
-96.1632
-92.3918
-88.6802
-85.0125
-81.4011
-77.8444
-74.3441
-70.9026
-67.518
-64.1928
-60.9242
-57.7139
-54.5593
-51.4627
-48.4216
-45.4388
-42.5127
-39.6473
-36.8417
-34.1009
-31.4252
-28.8203
-26.2867
-23.8309
-21.4543
-19.163
-16.9586
-14.8469
-12.829
-10.91
-9.09073
-7.37506
-5.76291
-4.25675
-2.85562
-1.56033
-0.369048
0.719311
1.70753
2.59796
3.39471
4.10036
4.7211
5.26071
5.72493
6.1186
6.44727
6.71624
6.93095
7.09647
7.21889
7.30314
7.35366
7.3757
7.37384
7.35019
7.31499
7.26827
7.21935
7.16815
7.11146
7.05404
6.99479
6.93657
6.90242
6.8182
6.8385
7.1746
5.41079
11.4834
-90.765
-92.0634
-94.2909
-97.2214
-100.374
-103.549
-106.661
-109.647
-112.44
-114.997
-117.277
-119.258
-120.923
-122.272
-123.308
-124.051
-124.523
-124.732
-124.683
-124.385
-123.871
-123.187
-122.35
-121.304
-119.987
-118.339
-116.302
-113.782
-110.658
-106.786
-102.028
-96.3469
-89.9698
-83.3963
-77.1886
-71.6794
-66.7459
-62.281
-58.2599
-54.5921
-51.1933
-48.0245
-45.0717
-42.3204
-39.7514
-37.3426
-35.0766
-32.9385
-30.9181
-29.003
-27.1842
-25.4512
-23.7983
-22.2197
-20.7126
-19.2731
-17.8995
-16.5895
-15.3419
-14.1551
-13.0284
-11.9601
-10.9496
-9.99499
-9.09686
-8.2497
-7.46121
-6.80759
-6.23893
-5.68062
-5.12766
-4.59149
-4.04819
-3.56812
-3.00151
-2.67684
-1.91584
-2.09677
-0.52399
-2.35957
-89.4173
-88.0849
-86.7386
-85.2557
-83.7053
-82.0842
-80.3972
-78.6531
-76.8378
-74.96
-73.0176
-71.0098
-68.9421
-66.814
-64.6322
-62.3991
-60.1216
-57.804
-55.4545
-53.0786
-50.6851
-48.2792
-45.8701
-43.4632
-41.0672
-38.6863
-36.3289
-33.9987
-31.7029
-29.4443
-27.23
-25.062
-22.9463
-20.8849
-18.8837
-16.944
-15.0712
-13.2666
-11.5349
-9.87711
-8.29741
-6.7965
-5.37749
-4.04072
-2.78809
-1.61956
-0.53562
0.464405
1.38111
2.21633
2.97055
3.64824
4.2508
4.78256
5.24622
5.6463
5.98657
6.27144
6.50519
6.69272
6.83796
6.94561
7.02037
7.06606
7.08717
7.08583
7.07276
7.04354
7.00851
6.97113
6.92816
6.88349
6.83599
6.78743
6.76047
6.69191
6.70117
7.05849
5.3705
11.1371
-62.6906
-63.1864
-63.8761
-64.8235
-65.9912
-67.347
-68.862
-70.4802
-72.1582
-73.8393
-75.485
-77.0419
-78.4704
-79.7191
-80.747
-81.509
-81.9759
-82.1176
-81.9284
-81.4145
-80.5964
-79.4902
-78.1341
-76.5929
-74.9157
-73.1122
-71.1829
-69.1257
-66.9225
-64.5492
-61.9655
-59.1186
-55.9682
-52.5995
-49.2751
-46.3314
-43.8046
-41.4706
-39.342
-37.4663
-35.7894
-34.2513
-32.8186
-31.4641
-30.1601
-28.8868
-27.6337
-26.3987
-25.1797
-23.976
-22.7835
-21.6036
-20.4366
-19.2864
-18.1548
-17.0456
-15.9609
-14.9041
-13.8776
-12.8842
-11.9256
-11.004
-10.1212
-9.27755
-8.47583
-7.71241
-6.99671
-6.39792
-5.87389
-5.35838
-4.84463
-4.34501
-3.83575
-3.38608
-2.85106
-2.54568
-1.82641
-1.99701
-0.511744
-2.2687
-62.0736
-61.2011
-60.3147
-59.3632
-58.389
-57.3756
-56.3322
-55.2526
-54.1384
-52.99
-51.806
-50.5866
-49.3318
-48.0409
-46.7145
-45.3518
-43.9539
-42.5213
-41.0545
-39.5557
-38.0258
-36.4685
-34.885
-33.2808
-31.658
-30.0227
-28.3778
-26.7304
-25.0831
-23.4431
-21.8136
-20.2013
-18.6086
-17.0419
-15.5036
-13.9992
-12.5306
-11.1027
-9.71753
-8.37912
-7.08931
-5.85174
-4.66806
-3.5411
-2.47242
-1.46392
-0.517006
0.367287
1.18857
1.94517
2.63959
3.27085
3.84137
4.3514
4.80395
5.20073
5.54478
5.83901
6.08678
6.29113
6.45616
6.58528
6.68174
6.74984
6.79312
6.81377
6.82238
6.8108
6.79013
6.76717
6.73796
6.70641
6.67124
6.63421
6.61508
6.56276
6.56973
6.91506
5.35845
10.7467
-46.4781
-46.6422
-46.6877
-46.8209
-47.0755
-47.4186
-47.839
-48.3416
-48.9233
-49.5686
-50.2471
-50.9244
-51.5557
-52.098
-52.5035
-52.7307
-52.7378
-52.4912
-51.9685
-51.1533
-50.0429
-48.6434
-46.9724
-45.0592
-42.9531
-40.7244
-38.4254
-36.0629
-33.6277
-31.1276
-28.6085
-26.1677
-23.96
-22.1728
-20.987
-20.5648
-20.8767
-21.4254
-21.7805
-21.9428
-22.0007
-21.9921
-21.9203
-21.7754
-21.549
-21.2396
-20.8519
-20.3932
-19.8707
-19.2868
-18.6479
-17.9592
-17.2305
-16.469
-15.6835
-14.8803
-14.0671
-13.2498
-12.435
-11.6275
-10.8331
-10.0554
-9.29862
-8.56549
-7.86025
-7.1815
-6.53868
-5.99556
-5.51626
-5.04301
-4.56869
-4.10644
-3.6314
-3.21301
-2.70796
-2.42643
-1.73841
-1.91943
-0.481547
-2.2205
-45.9452
-45.1801
-44.4153
-43.6106
-42.7874
-41.9385
-41.068
-40.1744
-39.2609
-38.3266
-37.374
-36.4033
-35.4176
-34.4166
-33.4039
-32.3787
-31.3453
-30.3026
-29.2546
-28.1994
-27.1409
-26.077
-25.011
-23.94
-22.8674
-21.7904
-20.7117
-19.6287
-18.5446
-17.4573
-16.3702
-15.2821
-14.1964
-13.1131
-12.0357
-10.9651
-9.90506
-8.85689
-7.82445
-6.80971
-5.8164
-4.84706
-3.90499
-2.99314
-2.11432
-1.27166
-0.467654
0.295452
1.014
1.68864
2.31626
2.89723
3.42967
3.91457
4.3515
4.74192
5.08682
5.38804
5.64747
5.86793
6.05127
6.20049
6.31888
6.4094
6.47519
6.51825
6.54892
6.5551
6.5494
6.54114
6.52669
6.50953
6.48876
6.46591
6.45958
6.42338
6.43396
6.77101
5.29711
10.4286
-22.2401
-22.0268
-21.6808
-21.306
-20.8597
-20.3632
-19.904
-19.5418
-19.2756
-19.1103
-19.0317
-19.0325
-19.0742
-19.1299
-19.1515
-19.1085
-18.9549
-18.6672
-18.2121
-17.5796
-16.751
-15.7318
-14.5235
-13.1482
-11.6316
-10.0229
-8.38415
-6.79313
-5.29354
-3.88489
-2.56901
-1.38235
-0.404329
0.233027
0.325683
-0.361674
-1.97482
-4.22216
-6.45967
-8.35429
-9.9038
-11.1811
-12.25
-13.123
-13.802
-14.3002
-14.6412
-14.8436
-14.9165
-14.8701
-14.7137
-14.4613
-14.125
-13.718
-13.2502
-12.7327
-12.1746
-11.5856
-10.9739
-10.348
-9.71404
-9.07879
-8.448
-7.82609
-7.21885
-6.62615
-6.05918
-5.57337
-5.14037
-4.7115
-4.27877
-3.85547
-3.41644
-3.0316
-2.5573
-2.30366
-1.64406
-1.84454
-0.442053
-2.18356
-22.0903
-21.7755
-21.4814
-21.1769
-20.8713
-20.5671
-20.2575
-19.9497
-19.6357
-19.3226
-19.0017
-18.6805
-18.3506
-18.0187
-17.6766
-17.3305
-16.9731
-16.6097
-16.2338
-15.8499
-15.4523
-15.0452
-14.6235
-14.1906
-13.742
-13.2808
-12.8026
-12.3099
-11.7991
-11.2723
-10.7265
-10.1634
-9.58106
-8.98125
-8.36315
-7.72893
-7.0789
-6.41565
-5.74077
-5.05727
-4.36793
-3.67593
-2.98502
-2.29838
-1.62042
-0.954476
-0.30445
0.324521
0.931415
1.51128
2.06266
2.58164
3.06729
3.51708
3.93059
4.30685
4.64591
4.94817
5.21457
5.44577
5.64394
5.81085
5.94833
6.05938
6.14624
6.21054
6.26237
6.28583
6.29443
6.30096
6.30113
6.2988
6.29289
6.2851
6.29182
6.27058
6.28745
6.6178
5.20727
10.1325
0.203789
0.722609
1.38452
2.08182
2.83145
3.65142
4.46058
5.16525
5.71595
6.11529
6.36183
6.48035
6.48236
6.40329
6.26026
6.09075
5.91303
5.75976
5.64627
5.59897
5.6276
5.74883
5.96595
6.2863
6.70601
7.22199
7.82033
8.47695
9.14516
9.78687
10.3986
10.9708
11.4588
11.7662
11.7348
11.1486
9.75904
7.47959
4.72286
2.03334
-0.377933
-2.46528
-4.24695
-5.77851
-7.08716
-8.1844
-9.08428
-9.80279
-10.354
-10.7474
-10.9975
-11.1184
-11.1266
-11.0344
-10.8552
-10.5996
-10.2798
-9.906
-9.48922
-9.03782
-8.56117
-8.06643
-7.56105
-7.05092
-6.54285
-6.0385
-5.54878
-5.12294
-4.73888
-4.35618
-3.96703
-3.58512
-3.18434
-2.83505
-2.39409
-2.16927
-1.54209
-1.75951
-0.40149
-2.13446
-0.00695752
-0.118615
-0.263492
-0.411402
-0.580382
-0.758013
-0.953674
-1.15742
-1.37725
-1.60339
-1.84329
-2.08739
-2.34207
-2.59779
-2.86023
-3.12036
-3.38223
-3.63707
-3.88829
-4.12756
-4.35704
-4.56903
-4.76492
-4.9378
-5.08842
-5.2108
-5.30517
-5.36688
-5.39601
-5.38893
-5.34576
-5.26417
-5.14447
-4.98552
-4.78798
-4.55208
-4.27891
-3.96997
-3.62703
-3.25289
-2.84988
-2.42203
-1.97201
-1.50498
-1.0242
-0.534523
-0.0419682
0.451528
0.939642
1.41965
1.8861
2.33637
2.76625
3.17357
3.55556
3.91035
4.23666
4.5336
4.80061
5.03831
5.24672
5.42699
5.58079
5.70969
5.81536
5.89913
5.97056
6.0102
6.03257
6.05304
6.06763
6.07958
6.08803
6.09422
6.11352
6.10592
6.13087
6.44912
5.11195
9.81995
15.5645
16.1468
16.8471
17.5634
18.2282
18.8094
19.285
19.6377
19.8691
19.9846
19.9978
19.9184
19.7603
19.5319
19.2454
18.9074
18.5303
18.1201
17.6886
17.2446
16.8008
16.3669
15.9565
15.5805
15.2511
14.9788
14.7723
14.6377
14.5706
14.5669
14.631
14.7723
14.9717
15.1803
15.2957
15.1648
14.5616
13.2274
11.1064
8.58448
6.07893
3.74261
1.64857
-0.1779
-1.77983
-3.19621
-4.43333
-5.48888
-6.36502
-7.07383
-7.62736
-8.04098
-8.32647
-8.49702
-8.56307
-8.53677
-8.42879
-8.25115
-8.01347
-7.72678
-7.39917
-7.03957
-6.65631
-6.25611
-5.84662
-5.43018
-5.01936
-4.65458
-4.32022
-3.98512
-3.64118
-3.30176
-2.94087
-2.62836
-2.22274
-2.02717
-1.43564
-1.66776
-0.359688
-2.07808
15.1449
14.7335
14.2926
13.8252
13.3349
12.8188
12.2832
11.7243
11.1495
10.5547
9.94752
9.3248
8.69407
8.05293
7.4083
6.75884
6.11147
5.46577
4.82768
4.19786
3.58197
2.98158
2.40162
1.84423
1.31388
0.81337
0.346308
-0.0843709
-0.475762
-0.824943
-1.12992
-1.38814
-1.5988
-1.75988
-1.87165
-1.93292
-1.94514
-1.90803
-1.82424
-1.69431
-1.5222
-1.3091
-1.06015
-0.777587
-0.466377
-0.132304
0.222542
0.59153
0.971411
1.35611
1.74198
2.12373
2.49799
2.86073
3.20854
3.53861
3.84845
4.13628
4.40083
4.64057
4.85606
5.0475
5.21479
5.35944
5.48209
5.58379
5.67344
5.72845
5.76377
5.79795
5.82625
5.85226
5.8746
5.89473
5.92548
5.93044
5.96526
6.26579
5.01118
9.49277
20.0568
20.382
20.6587
20.8693
20.9989
21.0453
21.0266
20.9498
20.8299
20.6703
20.4824
20.2662
20.0287
19.7665
19.4832
19.1733
18.8394
18.4761
18.0869
17.6695
17.2311
16.7729
16.3072
15.8402
15.3881
14.9604
14.5755
14.243
13.9787
13.7885
13.6918
13.6992
13.82
14.0343
14.301
14.5309
14.5891
14.2654
13.3228
11.697
9.67524
7.59266
5.59407
3.73387
2.0526
0.548462
-0.805827
-2.0138
-3.06683
-3.96177
-4.71012
-5.32244
-5.8095
-6.17832
-6.4384
-6.59835
-6.66912
-6.65991
-6.5818
-6.44247
-6.25162
-6.01822
-5.7507
-5.45608
-5.14224
-4.81285
-4.47942
-4.17589
-3.892
-3.6047
-3.30654
-3.01086
-2.69103
-2.41618
-2.04735
-1.88149
-1.32686
-1.57455
-0.315326
-2.02236
19.6961
19.2449
18.7607
18.2506
17.7205
17.1697
16.6007
16.0121
15.4071
14.7841
14.1467
13.4936
12.829
12.1517
11.4664
10.7723
10.0746
9.3729
8.67267
7.97388
7.28239
6.59861
5.92851
5.27269
4.63727
4.02307
3.4361
2.8771
2.35194
1.86118
1.41043
0.999764
0.634118
0.313069
0.0408196
-0.183912
-0.357921
-0.483401
-0.558169
-0.585603
-0.564438
-0.499214
-0.390028
-0.241316
-0.0573175
0.160407
0.406102
0.676851
0.967015
1.27277
1.58871
1.91097
2.23505
2.55661
2.87202
3.17755
3.47045
3.7479
4.00711
4.24768
4.46869
4.66855
4.84784
5.00645
5.14466
5.26303
5.36987
5.43929
5.48729
5.53442
5.57634
5.61589
5.65194
5.68541
5.72811
5.74489
5.7914
6.0708
4.90123
9.16201
17.5647
17.699
17.7558
17.7741
17.7459
17.6776
17.5703
17.4397
17.2824
17.1119
16.9212
16.723
16.5072
16.2848
16.044
15.7948
15.5251
15.2436
14.9395
14.6218
14.2821
13.9313
13.5647
13.1964
12.826
12.4714
12.1364
11.8414
11.5928
11.4096
11.2987
11.2814
11.3655
11.5597
11.8467
12.1961
12.5367
12.7621
12.6963
12.1398
11.0109
9.50079
7.8776
6.26148
4.68726
3.20975
1.86706
0.650708
-0.446433
-1.42177
-2.27049
-2.99883
-3.61255
-4.11738
-4.5172
-4.81938
-5.03077
-5.16091
-5.21583
-5.20429
-5.13483
-5.01585
-4.85511
-4.65948
-4.43686
-4.19074
-3.93349
-3.69026
-3.45607
-3.21677
-2.96509
-2.71341
-2.43553
-2.1991
-1.86809
-1.73288
-1.21583
-1.48043
-0.268739
-1.96835
17.3299
16.997
16.6411
16.2671
15.874
15.4657
15.0376
14.5951
14.1329
13.6574
13.1632
12.6572
12.1341
11.6014
11.054
10.4995
9.93327
9.3633
8.7852
8.20713
7.62527
7.04795
6.4718
5.90515
5.34521
4.80037
4.26814
3.75675
3.26413
2.79821
2.35714
1.94833
1.57001
1.22893
0.923211
0.658686
0.433228
0.251688
0.111217
0.0157839
-0.0383457
-0.0485352
-0.01835
0.0504614
0.157266
0.298219
0.471242
0.672236
0.897853
1.14366
1.40599
1.68082
1.96356
2.25055
2.53753
2.82135
3.09818
3.36448
3.61877
3.85948
4.08348
4.29116
4.48017
4.6513
4.80363
4.93742
5.06025
5.14359
5.20335
5.26315
5.31786
5.37074
5.42
5.46701
5.52085
5.54871
5.60787
5.86423
4.7806
8.82697
12.0157
12.0935
12.1255
12.1463
12.1598
12.149
12.1195
12.0703
12.0135
11.9403
11.8601
11.7623
11.6585
11.5371
11.4103
11.2657
11.1156
10.9473
10.7739
10.5834
10.3889
10.1804
9.97106
9.75407
9.54356
9.33599
9.14769
8.97896
8.84759
8.75656
8.72323
8.75202
8.8613
9.05373
9.33547
9.69034
10.0962
10.4956
10.8096
10.9017
10.6234
9.9023
8.83188
7.60018
6.32153
5.0318
3.7759
2.61254
1.55416
0.590203
-0.283755
-1.06134
-1.74184
-2.32601
-2.81729
-3.21828
-3.53536
-3.77171
-3.93393
-4.02882
-4.06366
-4.04521
-3.98026
-3.87525
-3.73728
-3.57051
-3.38562
-3.20078
-3.01582
-2.82379
-2.61804
-2.41062
-2.17502
-1.97739
-1.68503
-1.58085
-1.10222
-1.38442
-0.220417
-1.91329
11.8622
11.6554
11.4462
11.2217
10.99
10.7447
10.4916
10.2243
9.94913
9.65945
9.36206
9.05015
8.73096
8.39759
8.05775
7.70476
7.3465
6.97648
6.6029
6.21973
5.8353
5.4439
5.05399
4.66057
4.27208
3.88395
3.50466
3.13031
2.76925
2.41802
2.08474
1.76652
1.471
1.19555
0.947257
0.72369
0.531305
0.367337
0.237699
0.139278
0.0768727
0.0478374
0.0529747
0.0923352
0.164579
0.268505
0.402179
0.563088
0.748603
0.955756
1.18183
1.4226
1.67516
1.93531
2.20033
2.46592
2.72853
2.98592
3.23624
3.47517
3.70298
3.91557
4.11349
4.29539
4.46049
4.6084
4.74628
4.84239
4.91349
4.985
5.0522
5.11757
5.1796
5.23908
5.3041
5.34245
5.41479
5.64688
4.65095
8.48777
6.36382
6.39487
6.38102
6.35222
6.32949
6.32155
6.32292
6.33441
6.34633
6.36306
6.37868
6.40231
6.42431
6.45103
6.47005
6.48974
6.49836
6.50565
6.50004
6.49185
6.4709
6.44849
6.41556
6.38464
6.34869
6.32059
6.2957
6.28792
6.29562
6.33305
6.40126
6.51449
6.67532
6.89675
7.17841
7.52379
7.9181
8.34363
8.75593
9.09574
9.26893
9.17048
8.73886
8.00578
7.09291
6.10191
5.06974
4.02554
3.03326
2.12332
1.28626
0.51454
-0.183884
-0.803735
-1.34366
-1.80715
-2.19379
-2.50708
-2.75125
-2.93129
-3.05228
-3.11931
-3.13807
-3.11384
-3.05318
-2.9593
-2.8427
-2.71379
-2.57601
-2.42989
-2.2694
-2.10532
-1.91174
-1.75272
-1.49924
-1.42626
-0.986662
-1.28628
-0.170869
-1.85669
6.27516
6.16142
6.04709
5.92926
5.80632
5.68126
5.5497
5.41595
5.27479
5.13118
4.97957
4.82531
4.66259
4.49711
4.32288
4.14597
3.96037
3.77233
3.57595
3.37771
3.17196
2.96535
2.75238
2.53987
2.32289
2.10828
1.89139
1.67913
1.4677
1.2638
1.0641
0.87508
0.694181
0.52759
0.373073
0.236464
0.115963
0.0169043
-0.0623474
-0.117402
-0.148911
-0.155518
-0.135951
-0.090041
-0.0181812
0.0796812
0.201913
0.347922
0.515524
0.703798
0.909192
1.13018
1.36306
1.60609
1.85509
2.10715
2.35977
2.61133
2.85689
3.09655
3.32525
3.54334
3.74822
3.9401
4.11636
4.27734
4.42897
4.53714
4.61866
4.70136
4.77996
4.85737
4.93132
5.00313
5.07809
5.12622
5.21162
5.41875
4.51185
8.14166
2.15148
2.17019
2.15059
2.10835
2.05879
2.00159
1.93369
1.87263
1.83595
1.83606
1.86416
1.91644
1.98337
2.07151
2.17486
2.2991
2.43179
2.57653
2.72035
2.86976
3.01349
3.15979
3.29798
3.43781
3.57054
3.7073
3.84125
3.9841
4.13157
4.29526
4.47267
4.6759
4.90306
5.16548
5.46186
5.80215
6.17813
6.58552
7.00079
7.39823
7.72758
7.9324
7.93997
7.70022
7.21438
6.55032
5.78599
4.96328
4.10631
3.26682
2.48372
1.75794
1.08224
0.463064
-0.0944746
-0.585898
-1.0125
-1.37608
-1.67882
-1.92332
-2.11237
-2.24969
-2.33918
-2.38539
-2.39314
-2.36583
-2.31183
-2.23525
-2.14253
-2.0404
-1.92317
-1.80131
-1.64887
-1.52777
-1.313
-1.2707
-0.870387
-1.18722
-0.120465
-1.79864
2.08493
2.00787
1.93295
1.85968
1.78663
1.71567
1.64415
1.57453
1.50367
1.43438
1.36327
1.29346
1.2212
1.14994
1.07563
1.00215
0.925138
0.84877
0.768573
0.689044
0.60558
0.523012
0.436652
0.351647
0.263389
0.177307
0.088792
0.00344823
-0.0829111
-0.164505
-0.245412
-0.319698
-0.391028
-0.453366
-0.510297
-0.555631
-0.59284
-0.615892
-0.628179
-0.623657
-0.605217
-0.568343
-0.51386
-0.440633
-0.348404
-0.237298
-0.106842
0.0416929
0.208885
0.392043
0.59107
0.802944
1.0272
1.26008
1.49979
1.74385
1.99136
2.23742
2.48223
2.72031
2.95197
3.17376
3.38594
3.58578
3.77263
3.94512
4.10943
4.22866
4.31988
4.41278
4.50247
4.59087
4.6762
4.75893
4.84369
4.90111
4.99943
5.18154
4.36437
7.79126
-0.677887
-0.626194
-0.610496
-0.626722
-0.649723
-0.678252
-0.722518
-0.788617
-0.869226
-0.954599
-1.02603
-1.06845
-1.06631
-1.02154
-0.935933
-0.820201
-0.671396
-0.495162
-0.287588
-0.0601639
0.186881
0.44089
0.7049
0.969094
1.23912
1.50638
1.77792
2.04665
2.3214
2.59685
2.88223
3.17337
3.47891
3.795
4.12938
4.47886
4.85114
5.23933
5.64033
6.03433
6.40293
6.70977
6.91823
6.9778
6.8536
6.53254
6.04807
5.45786
4.80234
4.09833
3.38566
2.70977
2.0808
1.49078
0.945508
0.450895
0.00837788
-0.38268
-0.722941
-1.01255
-1.25277
-1.44519
-1.5929
-1.69837
-1.76589
-1.79689
-1.79987
-1.77151
-1.72091
-1.65971
-1.5839
-1.50221
-1.38953
-1.30512
-1.12833
-1.11598
-0.754784
-1.08799
-0.0702402
-1.74015
-0.76103
-0.84431
-0.921488
-0.994062
-1.06069
-1.12276
-1.17909
-1.23119
-1.27782
-1.32059
-1.35812
-1.39234
-1.42168
-1.44823
-1.47025
-1.49013
-1.50591
-1.52022
-1.53079
-1.54054
-1.54692
-1.55308
-1.55612
-1.55938
-1.55958
-1.56027
-1.55774
-1.55568
-1.54998
-1.54435
-1.53434
-1.52362
-1.50738
-1.48929
-1.46426
-1.43578
-1.39861
-1.35641
-1.30387
-1.2444
-1.17237
-1.09154
-0.996597
-0.890633
-0.770454
-0.636809
-0.489147
-0.327204
-0.151976
0.0368394
0.237245
0.449702
0.67113
0.900849
1.13662
1.3784
1.6217
1.86726
2.10964
2.34926
2.5824
2.80934
3.02657
3.23473
3.42994
3.61322
3.78861
3.91794
4.01799
4.12065
4.2201
4.31906
4.41465
4.50824
4.60135
4.66755
4.77804
4.9357
4.20781
7.43402
-1.9541
-1.86025
-1.80181
-1.78067
-1.76941
-1.7601
-1.76392
-1.78647
-1.82764
-1.88469
-1.95862
-2.04558
-2.13761
-2.21639
-2.26418
-2.26364
-2.2119
-2.10963
-1.96633
-1.78172
-1.56098
-1.30198
-1.01524
-0.703915
-0.380623
-0.0449264
0.295168
0.643311
0.992641
1.34761
1.70241
2.06287
2.42404
2.79124
3.15952
3.53286
3.90568
4.28307
4.66038
5.03604
5.39382
5.72077
5.99037
6.17925
6.25325
6.18881
5.96885
5.61017
5.14891
4.61923
4.03552
3.43014
2.84754
2.30438
1.79428
1.3168
0.876372
0.475257
0.11515
-0.203186
-0.478934
-0.713107
-0.90638
-1.06081
-1.17768
-1.26016
-1.3129
-1.32847
-1.31588
-1.29313
-1.25542
-1.21169
-1.13677
-1.08735
-0.947338
-0.963699
-0.64103
-0.989773
-0.0208008
-1.68073
-2.06956
-2.17886
-2.28244
-2.37967
-2.47013
-2.5541
-2.6311
-2.70144
-2.76473
-2.8212
-2.87079
-2.91352
-2.94956
-2.97866
-3.00151
-3.0175
-3.02763
-3.03099
-3.02906
-3.02056
-3.00737
-2.98778
-2.96417
-2.93443
-2.9013
-2.86221
-2.82034
-2.77266
-2.72261
-2.66681
-2.60893
-2.54518
-2.47931
-2.40724
-2.33268
-2.25125
-2.16656
-2.0741
-1.97735
-1.87177
-1.76093
-1.64038
-1.51352
-1.37549
-1.22991
-1.07237
-0.905858
-0.728163
-0.540514
-0.342807
-0.13527
0.0807721
0.304748
0.534918
0.771984
1.01198
1.25628
1.49988
1.74351
1.98343
2.22022
2.44999
2.67348
2.88714
3.09083
3.28249
3.46832
3.60611
3.71448
3.82531
3.93444
4.04268
4.14806
4.25077
4.35204
4.42666
4.54837
4.68274
4.0435
7.07185
-2.56845
-2.42747
-2.32343
-2.26345
-2.21219
-2.16059
-2.1167
-2.08968
-2.07695
-2.07897
-2.09446
-2.12774
-2.17775
-2.24615
-2.32599
-2.40966
-2.47809
-2.51462
-2.49999
-2.43079
-2.30628
-2.13683
-1.92225
-1.66773
-1.37096
-1.04345
-0.689909
-0.323775
0.0553163
0.439711
0.832735
1.22769
1.62745
2.02572
2.42563
2.8208
3.21255
3.59367
3.9654
4.32277
4.66661
4.98439
5.26642
5.4929
5.64932
5.71318
5.66996
5.50627
5.23
4.8611
4.42715
3.9404
3.42891
2.93314
2.46662
2.02258
1.59952
1.20265
0.836105
0.503027
0.204282
-0.058889
-0.286854
-0.478567
-0.637124
-0.761769
-0.858349
-0.911481
-0.933955
-0.945132
-0.942677
-0.933701
-0.894007
-0.877253
-0.77234
-0.815594
-0.530678
-0.892788
0.0265852
-1.62044
-2.71582
-2.85213
-2.98179
-3.10365
-3.21755
-3.32415
-3.42246
-3.51316
-3.59503
-3.66925
-3.73438
-3.79185
-3.84005
-3.88083
-3.91239
-3.93677
-3.95201
-3.96042
-3.95988
-3.95286
-3.93717
-3.91538
-3.8852
-3.84935
-3.80543
-3.75625
-3.69932
-3.63755
-3.56829
-3.49457
-3.41364
-3.3286
-3.23645
-3.14038
-3.0372
-2.9301
-2.81565
-2.69702
-2.57064
-2.43963
-2.30041
-2.1561
-2.0031
-1.84458
-1.67693
-1.50331
-1.31994
-1.13022
-0.93075
-0.72452
-0.509846
-0.288493
-0.0610791
0.172944
0.410464
0.652922
0.89644
1.14158
1.38511
1.62778
1.86586
2.10012
2.32674
2.54682
2.75585
2.95632
3.14921
3.29541
3.41002
3.52925
3.64606
3.76309
3.87684
3.98855
4.09646
4.17905
4.3105
4.42302
3.87122
6.70122
-2.28176
-2.11627
-1.98445
-1.89506
-1.81708
-1.73659
-1.66254
-1.601
-1.55324
-1.51622
-1.49132
-1.47884
-1.4816
-1.49901
-1.53314
-1.58239
-1.64722
-1.72126
-1.79595
-1.85215
-1.87241
-1.83868
-1.74856
-1.60401
-1.41628
-1.18542
-0.915163
-0.603573
-0.262888
0.100081
0.472475
0.854522
1.23973
1.6302
2.01854
2.40572
2.78419
3.15389
3.50618
3.84009
4.14983
4.43788
4.69634
4.9197
5.09379
5.20993
5.25345
5.21702
5.09121
4.87922
4.59156
4.24642
3.85142
3.42814
3.00696
2.59794
2.19795
1.81147
1.44711
1.10867
0.797863
0.51532
0.263866
0.0422914
-0.147794
-0.308261
-0.439842
-0.526651
-0.578859
-0.620761
-0.649301
-0.671873
-0.664269
-0.677502
-0.60554
-0.673358
-0.425241
-0.798243
0.071003
-1.55809
-2.4527
-2.61331
-2.76866
-2.91736
-3.05916
-3.19396
-3.32163
-3.44204
-3.55522
-3.66084
-3.759
-3.84925
-3.93178
-4.00597
-4.07216
-4.12953
-4.1787
-4.21868
-4.25028
-4.27233
-4.28599
-4.28986
-4.28541
-4.27101
-4.24849
-4.21599
-4.17565
-4.12542
-4.06767
-4.00019
-3.92571
-3.84178
-3.75124
-3.65156
-3.54576
-3.43106
-3.31053
-3.18125
-3.04634
-2.90276
-2.75359
-2.59578
-2.43241
-2.26046
-2.083
-1.89708
-1.70581
-1.50617
-1.30139
-1.08829
-0.869846
-0.644486
-0.413519
-0.177917
0.06189
0.304671
0.549385
0.794547
1.04002
1.28307
1.52417
1.75971
1.99088
2.21383
2.42947
2.63452
2.83532
2.98643
3.1079
3.23268
3.35719
3.48131
3.60284
3.72144
3.83572
3.92585
4.06551
4.15764
3.69308
6.32292
-2.1182
-1.93087
-1.77419
-1.65958
-1.55538
-1.44845
-1.34448
-1.25122
-1.16846
-1.0954
-1.03084
-0.977018
-0.934076
-0.903778
-0.885317
-0.880569
-0.889126
-0.913026
-0.950394
-1.00027
-1.05509
-1.10482
-1.13044
-1.11568
-1.04628
-0.923999
-0.755045
-0.550317
-0.307569
-0.0276802
0.289255
0.628692
0.982298
1.33976
1.7031
2.06719
2.43307
2.79268
3.14389
3.47645
3.78583
4.06243
4.30658
4.51369
4.68224
4.80348
4.87485
4.88995
4.84838
4.74624
4.58562
4.36946
4.10189
3.77898
3.41513
3.03797
2.665
2.2992
1.94536
1.60966
1.29439
1.00291
0.73509
0.494258
0.279504
0.0932968
-0.0674812
-0.180776
-0.258917
-0.32603
-0.38173
-0.431231
-0.452384
-0.491876
-0.450478
-0.539234
-0.327409
-0.705814
0.110019
-1.49292
-2.30709
-2.48554
-2.65822
-2.82384
-2.98288
-3.13487
-3.27993
-3.41765
-3.54809
-3.67085
-3.78594
-3.893
-3.99198
-4.08267
-4.16489
-4.23856
-4.30332
-4.35938
-4.40618
-4.44413
-4.47247
-4.49192
-4.50148
-4.50217
-4.49274
-4.47451
-4.44605
-4.40893
-4.36148
-4.3056
-4.23947
-4.16524
-4.08086
-3.98875
-3.88673
-3.77739
-3.65838
-3.53237
-3.39687
-3.25473
-3.10333
-2.94556
-2.77878
-2.60595
-2.42449
-2.23723
-2.04167
-1.84078
-1.63219
-1.41881
-1.19792
-0.972619
-0.74065
-0.505499
-0.265359
-0.0234705
0.221108
0.466454
0.711602
0.955942
1.19687
1.43501
1.6669
1.89432
2.112
2.32287
2.52709
2.68422
2.80905
2.93984
3.06931
3.19962
3.3266
3.45207
3.57087
3.66829
3.81385
3.88694
3.5109
5.93164
-1.74485
-1.54246
-1.36872
-1.23533
-1.113
-0.986707
-0.86189
-0.744714
-0.636968
-0.536201
-0.44228
-0.354916
-0.275855
-0.204674
-0.142272
-0.0873672
-0.0406366
-0.000845147
0.0308366
0.0557142
0.0735167
0.0880188
0.102485
0.126379
0.17152
0.256335
0.392335
0.58136
0.803854
1.03583
1.25706
1.47008
1.67882
1.8892
2.09302
2.29007
2.47937
2.66843
2.85727
3.04899
3.23881
3.42414
3.59922
3.7658
3.92282
4.06954
4.1977
4.30451
4.38661
4.44386
4.46792
4.44637
4.35569
4.16675
3.85978
3.46123
3.04856
2.68076
2.34956
2.02795
1.71419
1.41508
1.13792
0.882928
0.652217
0.445345
0.263148
0.127567
0.028764
-0.0605448
-0.138579
-0.211893
-0.258272
-0.320743
-0.30775
-0.413347
-0.238466
-0.615791
0.141247
-1.42243
-1.94434
-2.13487
-2.31969
-2.49854
-2.671
-2.83724
-2.99677
-3.1497
-3.29559
-3.4345
-3.56604
-3.69018
-3.8066
-3.91515
-4.01569
-4.10792
-4.19178
-4.26685
-4.33328
-4.39046
-4.43868
-4.4772
-4.50654
-4.52582
-4.53573
-4.53525
-4.52536
-4.50485
-4.47488
-4.43416
-4.3842
-4.32348
-4.2537
-4.17326
-4.08418
-3.98468
-3.87686
-3.7589
-3.63299
-3.49725
-3.35391
-3.20113
-3.04107
-2.872
-2.69605
-2.51157
-2.32058
-2.12162
-1.91663
-1.70457
-1.48708
-1.26329
-1.03504
-0.801683
-0.565072
-0.324916
-0.0827169
0.160937
0.404952
0.647558
0.888974
1.12592
1.36002
1.58744
1.8082
2.02073
2.22888
2.3879
2.51692
2.65006
2.78402
2.91775
3.05042
3.18001
3.30293
3.40696
3.55638
3.61037
3.32871
5.52616
-1.20928
-1.00461
-0.824631
-0.682527
-0.552968
-0.42033
-0.28721
-0.159269
-0.0394094
0.0735364
0.180145
0.281422
0.376816
0.466689
0.549821
0.626383
0.695559
0.75837
0.814333
0.863939
0.905546
0.938966
0.962505
0.976882
0.981935
0.981402
0.981197
0.995735
1.042
1.13774
1.2847
1.4695
1.66558
1.86304
2.06528
2.28628
2.52362
2.77069
3.01411
3.25296
3.4803
3.69422
3.88619
4.05376
4.19139
4.30551
4.39991
4.47493
4.52142
4.53451
4.50607
4.4304
4.29766
4.10647
3.86649
3.59452
3.28962
2.96227
2.63852
2.32795
2.0259
1.73456
1.45807
1.19975
0.961008
0.742864
0.546368
0.395512
0.278696
0.172715
0.0753668
-0.016708
-0.0863826
-0.166275
-0.181975
-0.296507
-0.163371
-0.525934
0.160546
-1.34894
-1.41015
-1.60418
-1.79359
-1.97824
-2.15753
-2.33158
-2.49985
-2.66242
-2.81884
-2.96908
-3.11285
-3.25005
-3.38039
-3.50378
-3.62005
-3.72894
-3.83033
-3.92399
-4.00982
-4.08748
-4.15697
-4.21779
-4.27016
-4.31338
-4.34774
-4.37247
-4.38805
-4.39353
-4.38951
-4.37495
-4.35075
-4.31567
-4.27077
-4.2148
-4.14912
-4.0723
-3.98591
-3.88847
-3.78175
-3.66421
-3.53771
-3.40077
-3.25522
-3.09964
-2.93602
-2.76287
-2.5823
-2.39279
-2.19658
-1.99233
-1.78227
-1.56515
-1.34332
-1.11562
-0.884421
-0.64888
-0.411352
-0.17129
0.068965
0.309714
0.548535
0.785565
1.0186
1.24699
1.46844
1.68405
1.89321
2.05649
2.18776
2.32535
2.4628
2.60226
2.739
2.87424
3.00008
3.11396
3.26678
3.30148
3.13824
5.07492
-0.876952
-0.69134
-0.524145
-0.388153
-0.2647
-0.14059
-0.0163653
0.104171
0.218923
0.328558
0.433362
0.5336
0.629015
0.720107
0.806285
0.88691
0.960424
1.02642
1.08458
1.13548
1.17862
1.21367
1.23924
1.25516
1.26114
1.25897
1.25101
1.24324
1.24301
1.26244
1.31673
1.4253
1.59992
1.83784
2.11316
2.39776
2.67766
2.9616
3.25218
3.54488
3.82392
4.08506
4.31871
4.52259
4.68693
4.8048
4.86923
4.8824
4.84339
4.74861
4.59133
4.3768
4.11842
3.84585
3.58981
3.36798
3.15936
2.92163
2.64458
2.36064
2.08913
1.82884
1.57716
1.3368
1.11082
0.900275
0.708359
0.555181
0.434331
0.322313
0.218165
0.116313
0.0353946
-0.055861
-0.0868874
-0.210932
-0.0989552
-0.463375
0.19022
-1.31205
-1.06139
-1.2413
-1.41792
-1.59119
-1.76073
-1.9265
-2.08814
-2.24558
-2.39846
-2.54664
-2.68984
-2.8278
-2.96028
-3.08708
-3.20797
-3.32266
-3.43102
-3.53279
-3.62782
-3.71587
-3.79678
-3.87028
-3.93636
-3.99461
-4.04502
-4.08721
-4.1212
-4.14655
-4.16326
-4.17084
-4.16942
-4.15842
-4.13796
-4.10749
-4.06734
-4.01675
-3.95632
-3.88518
-3.80413
-3.71221
-3.6105
-3.49794
-3.37573
-3.24278
-3.10043
-2.94771
-2.78612
-2.61461
-2.43499
-2.2462
-2.05034
-1.84627
-1.6363
-1.41935
-1.19781
-0.970856
-0.741014
-0.50769
-0.273363
-0.037658
0.197049
0.430718
0.661237
0.887821
1.10873
1.32419
1.53516
1.69878
1.83372
1.97333
2.11569
2.25779
2.39947
2.53745
2.66693
2.78787
2.9482
2.97281
2.89447
4.69441
-0.687224
-0.521582
-0.369519
-0.242077
-0.124613
-0.00642395
0.112772
0.229755
0.343485
0.455025
0.565021
0.672638
0.776633
0.876867
0.973778
1.0679
1.15867
1.24552
1.32776
1.40587
1.48017
1.55155
1.61991
1.6857
1.74855
1.80914
1.86743
1.92458
1.98067
2.03734
2.09545
2.15808
2.22904
2.31875
2.43866
2.59511
2.77307
2.94443
3.08853
3.2133
3.33291
3.45634
3.57637
3.69212
3.79874
3.8933
3.96697
4.01328
4.02778
4.01309
3.96842
3.89254
3.78165
3.63841
3.46393
3.26327
3.04294
2.81055
2.56365
2.30768
2.05857
1.82396
1.59881
1.38157
1.17433
0.979052
0.798558
0.651748
0.531423
0.420116
0.313654
0.209246
0.121928
0.0255877
-0.0152444
-0.144842
-0.0474073
-0.413544
0.218003
-1.28161
-0.852475
-1.01467
-1.17474
-1.33244
-1.48759
-1.63996
-1.78945
-1.93581
-2.07887
-2.21845
-2.35432
-2.48628
-2.6141
-2.7376
-2.85653
-2.97067
-3.0798
-3.18369
-3.28211
-3.37483
-3.46161
-3.54222
-3.61649
-3.68412
-3.745
-3.79878
-3.84536
-3.88435
-3.91573
-3.93897
-3.95416
-3.96065
-3.95856
-3.94724
-3.92688
-3.89672
-3.85713
-3.80729
-3.7477
-3.67752
-3.59742
-3.50659
-3.4058
-3.29423
-3.17273
-3.0406
-2.89886
-2.74676
-2.58554
-2.4145
-2.23524
-2.04699
-1.85163
-1.64852
-1.43968
-1.22468
-1.00572
-0.782503
-0.557386
-0.330224
-0.103316
0.123227
0.347362
0.568348
0.784263
0.996624
1.20257
1.36523
1.49794
1.63802
1.77866
1.92188
2.06298
2.20314
2.33296
2.46096
2.6251
2.64536
2.63396
4.31786
-0.612423
-0.463428
-0.327594
-0.213516
-0.107427
-7.53852e-05
0.108848
0.215746
0.319469
0.4212
0.522177
0.621466
0.717324
0.808843
0.896658
0.982067
1.06571
1.14743
1.22645
1.30245
1.3753
1.44557
1.51335
1.57893
1.6418
1.70215
1.75943
1.81409
1.86575
1.91529
1.9626
2.00903
2.05503
2.10368
2.15741
2.2235
2.31215
2.43412
2.58103
2.72641
2.844
2.93741
3.02027
3.10254
3.18109
3.25498
3.32006
3.3732
3.4071
3.41575
3.39723
3.35586
3.29069
3.20021
3.08056
2.93195
2.75654
2.56451
2.36448
2.15851
1.94805
1.74323
1.54834
1.36097
1.17974
1.00551
0.842454
0.705526
0.590787
0.482726
0.37974
0.275514
0.187121
0.0885622
0.0422707
-0.0895283
-0.00401714
-0.367748
0.241304
-1.24221
-0.76033
-0.906058
-1.04997
-1.19198
-1.33196
-1.46966
-1.60512
-1.738
-1.86836
-1.99583
-2.12045
-2.24187
-2.36008
-2.47474
-2.58581
-2.69292
-2.79608
-2.89485
-2.98922
-3.07881
-3.16355
-3.24309
-3.31732
-3.38589
-3.44871
-3.50543
-3.55596
-3.59993
-3.63726
-3.66758
-3.69081
-3.70654
-3.71467
-3.71477
-3.70674
-3.69008
-3.66481
-3.63033
-3.58674
-3.53344
-3.47065
-3.39777
-3.31518
-3.22227
-3.11954
-3.00643
-2.88367
-2.75071
-2.60849
-2.4565
-2.29598
-2.12641
-1.94933
-1.76424
-1.57291
-1.37496
-1.17241
-0.964963
-0.754905
-0.542129
-0.328884
-0.115268
0.0967141
0.306155
0.511678
0.71338
0.910403
1.06435
1.19308
1.32641
1.46318
1.60037
1.73873
1.87451
2.00391
2.13355
2.29706
2.31543
2.3602
3.91276
-0.794816
-0.661132
-0.54004
-0.43916
-0.346801
-0.253079
-0.15613
-0.0598833
0.0325053
0.121102
0.207915
0.293585
0.377086
0.456983
0.532957
0.605852
0.676601
0.745749
0.813087
0.878446
0.941424
1.00222
1.06069
1.11708
1.17098
1.22262
1.2716
1.31849
1.36318
1.40663
1.44887
1.49114
1.5335
1.57762
1.62374
1.67428
1.73083
1.79892
1.88613
2.00256
2.14107
2.27548
2.37964
2.45635
2.51821
2.57445
2.62369
2.66569
2.69745
2.71553
2.71213
2.68574
2.63746
2.57132
2.48679
2.38573
2.26908
2.14133
2.00605
1.86445
1.7141
1.55944
1.40707
1.2596
1.114
0.968375
0.827449
0.705141
0.598555
0.499029
0.402688
0.305204
0.219897
0.125896
0.0787445
-0.0497263
0.0278234
-0.327385
0.26059
-1.19658
-0.92821
-1.05997
-1.19029
-1.3189
-1.44596
-1.57086
-1.69403
-1.81473
-1.93341
-2.04929
-2.16287
-2.27333
-2.38111
-2.48543
-2.58664
-2.68403
-2.7779
-2.86755
-2.9532
-3.03423
-3.11081
-3.18236
-3.24896
-3.3101
-3.36581
-3.41565
-3.45961
-3.49722
-3.52853
-3.5531
-3.57099
-3.58173
-3.58541
-3.58159
-3.57035
-3.55121
-3.52429
-3.48915
-3.44588
-3.39405
-3.33381
-3.26474
-3.18711
-3.10052
-3.00528
-2.90109
-2.78839
-2.66689
-2.5372
-2.39905
-2.25329
-2.0996
-1.93913
-1.77155
-1.59822
-1.41893
-1.23528
-1.04712
-0.856331
-0.662912
-0.468833
-0.27416
-0.0809149
0.110323
0.298104
0.483576
0.662948
0.805292
0.922909
1.04712
1.17245
1.30107
1.429
1.55803
1.67937
1.80679
1.9628
1.98074
2.0679
3.48627
-1.20618
-1.09168
-0.985746
-0.896271
-0.817443
-0.739941
-0.658587
-0.57547
-0.495162
-0.419552
-0.347148
-0.276066
-0.205926
-0.137722
-0.0723628
-0.00991786
0.0501118
0.108414
0.16534
0.221083
0.275408
0.328346
0.379687
0.429611
0.477894
0.524798
0.57015
0.614487
0.657855
0.701051
0.744233
0.788288
0.833266
0.880151
0.928952
0.980996
1.03672
1.09814
1.16685
1.24766
1.34704
1.47283
1.61457
1.74461
1.84087
1.90873
1.95958
2.00033
2.03087
2.05274
2.06207
2.05634
2.02983
1.98413
1.92078
1.84364
1.75473
1.65967
1.56347
1.46877
1.36864
1.26067
1.14983
1.04178
0.936656
0.830675
0.725419
0.628355
0.539775
0.455984
0.375322
0.290405
0.216979
0.132543
0.0918041
-0.0286398
0.0483045
-0.29444
0.278126
-1.1428
-1.32061
-1.43332
-1.54443
-1.65337
-1.76059
-1.86528
-1.96811
-2.06814
-2.16611
-2.26104
-2.35371
-2.44309
-2.52994
-2.61326
-2.69373
-2.77041
-2.8439
-2.9133
-2.97907
-3.04046
-3.09784
-3.15053
-3.19877
-3.24201
-3.28042
-3.31354
-3.3414
-3.36364
-3.38028
-3.39105
-3.39586
-3.39453
-3.38695
-3.37305
-3.35262
-3.32566
-3.29199
-3.2516
-3.20431
-3.15015
-3.08895
-3.02072
-2.9454
-2.86295
-2.77342
-2.67675
-2.57311
-2.46247
-2.34514
-2.22109
-2.09086
-1.95433
-1.81234
-1.66466
-1.51237
-1.35524
-1.19461
-1.03022
-0.863666
-0.694814
-0.525391
-0.355307
-0.1864
-0.0191075
0.145493
0.308182
0.464986
0.588348
0.6923
0.799916
0.911285
1.02328
1.13806
1.25141
1.36107
1.47809
1.62278
1.63628
1.75164
3.03904
-2.07824
-2.00261
-1.92701
-1.8591
-1.80232
-1.75224
-1.70038
-1.6456
-1.59076
-1.53941
-1.49067
-1.44324
-1.39515
-1.34695
-1.29886
-1.25192
-1.20576
-1.16057
-1.11565
-1.07115
-1.02675
-0.982612
-0.938511
-0.894381
-0.849982
-0.805054
-0.759455
-0.712761
-0.664978
-0.615398
-0.5641
-0.51028
-0.45426
-0.395039
-0.333113
-0.267379
-0.198317
-0.124355
-0.0454983
0.0405563
0.134755
0.242027
0.367752
0.515501
0.667794
0.797811
0.892128
0.959123
1.00774
1.04411
1.07005
1.08877
1.09958
1.10297
1.10064
1.09942
1.10227
1.10992
1.119
1.12664
1.12109
1.0876
1.02401
0.941356
0.845904
0.740805
0.63555
0.540701
0.453604
0.376389
0.305293
0.234565
0.173422
0.10406
0.0737282
-0.0314953
0.049055
-0.272094
0.286059
-1.07159
-2.15368
-2.22721
-2.29955
-2.36994
-2.43894
-2.50583
-2.57116
-2.6342
-2.69546
-2.75422
-2.81098
-2.86501
-2.91679
-2.96564
-3.01198
-3.05515
-3.09549
-3.13241
-3.16618
-3.19626
-3.22276
-3.24532
-3.26398
-3.27837
-3.28848
-3.29411
-3.29513
-3.29141
-3.28284
-3.26936
-3.25081
-3.22722
-3.19841
-3.16449
-3.12526
-3.0809
-3.03126
-2.97643
-2.91635
-2.8512
-2.78088
-2.70556
-2.62525
-2.54006
-2.45007
-2.35543
-2.25622
-2.15259
-2.04468
-1.93262
-1.81668
-1.6969
-1.57372
-1.44706
-1.3176
-1.18514
-1.05062
-0.913818
-0.77591
-0.636727
-0.497629
-0.358422
-0.220742
-0.0847321
0.0487524
0.180509
0.305645
0.404425
0.487359
0.575513
0.665059
0.758427
0.852195
0.948127
1.03981
1.14425
1.27028
1.27914
1.40185
2.5541
-1.98486
-1.96052
-1.93237
-1.90326
-1.88133
-1.86682
-1.85186
-1.83332
-1.81272
-1.79321
-1.77517
-1.75761
-1.73902
-1.71889
-1.69741
-1.6748
-1.65139
-1.62686
-1.60139
-1.57448
-1.54655
-1.51696
-1.48618
-1.45331
-1.4188
-1.38156
-1.3421
-1.29923
-1.25368
-1.20423
-1.15171
-1.09493
-1.03471
-0.969806
-0.901035
-0.827135
-0.748875
-0.664954
-0.575871
-0.479997
-0.377074
-0.264706
-0.141328
-0.00166376
0.158975
0.335604
0.50328
0.640758
0.746336
0.830462
0.898659
0.953111
0.991767
1.01121
1.00401
0.967229
0.90283
0.821946
0.737457
0.665055
0.611588
0.567682
0.511367
0.445377
0.392775
0.361859
0.34468
0.316953
0.279283
0.242713
0.207258
0.163555
0.125874
0.0751756
0.0604997
-0.029195
0.0588523
-0.236573
0.301591
-0.948423
-2.00674
-2.02735
-2.04809
-2.06772
-2.08749
-2.10613
-2.12481
-2.14227
-2.15964
-2.17571
-2.19152
-2.20594
-2.21994
-2.23249
-2.24445
-2.25486
-2.2645
-2.27256
-2.27969
-2.28513
-2.28937
-2.29183
-2.29295
-2.29211
-2.28959
-2.28499
-2.27847
-2.26969
-2.25872
-2.24537
-2.2296
-2.21137
-2.19056
-2.16719
-2.14111
-2.11246
-2.08102
-2.04692
-2.00986
-1.97009
-1.92725
-1.88152
-1.83257
-1.78057
-1.72521
-1.66659
-1.60448
-1.53894
-1.46982
-1.39716
-1.321
-1.24129
-1.15832
-1.07194
-0.982803
-0.890541
-0.796111
-0.699067
-0.600638
-0.500329
-0.399442
-0.297571
-0.196236
-0.0953818
0.00438474
0.103211
0.19574
0.268158
0.32917
0.3919
0.457537
0.522679
0.590792
0.658629
0.726288
0.805084
0.907069
0.904487
1.01088
2.00296
-2.84632
-2.88768
-2.91836
-2.93565
-2.95503
-2.98187
-3.01005
-3.03416
-3.05363
-3.07064
-3.08615
-3.10001
-3.11094
-3.11861
-3.12251
-3.12318
-3.12039
-3.11451
-3.10507
-3.09226
-3.07584
-3.05594
-3.03213
-3.00457
-2.97275
-2.93679
-2.89635
-2.8514
-2.80177
-2.74781
-2.68926
-2.62661
-2.55988
-2.48953
-2.41564
-2.33894
-2.25937
-2.1779
-2.09481
-2.01103
-1.92707
-1.84398
-1.7624
-1.68388
-1.61096
-1.54679
-1.49802
-1.48532
-1.53419
-1.63636
-1.7435
-1.79465
-1.74687
-1.57569
-1.27682
-0.856272
-0.334142
0.254942
0.845966
1.35715
1.70683
1.84147
1.74374
1.45252
1.06315
0.687653
0.413235
0.250798
0.141997
0.0759936
0.0330678
-0.00176515
-0.0237911
-0.050814
-0.0445524
-0.103822
-0.00943055
-0.240023
0.222267
-0.736838
-2.80333
-2.76036
-2.71839
-2.67703
-2.63675
-2.5971
-2.55836
-2.52042
-2.48338
-2.44701
-2.4114
-2.3764
-2.34213
-2.30835
-2.27511
-2.24225
-2.20982
-2.17775
-2.14582
-2.11422
-2.08259
-2.05103
-2.01928
-1.98753
-1.9553
-1.92282
-1.88961
-1.85585
-1.82108
-1.78557
-1.74869
-1.71077
-1.67124
-1.63055
-1.5881
-1.54433
-1.49884
-1.45206
-1.40368
-1.35408
-1.30299
-1.25084
-1.19757
-1.14344
-1.08847
-1.03285
-0.976765
-0.920217
-0.863504
-0.806468
-0.749578
-0.69234
-0.635459
-0.578109
-0.521156
-0.463552
-0.406394
-0.34862
-0.291465
-0.23416
-0.178163
-0.12313
-0.0709258
-0.021503
0.0245564
0.0679714
0.103837
0.128729
0.14978
0.175734
0.20444
0.239708
0.280303
0.327442
0.37632
0.438334
0.517026
0.509075
0.564778
1.32125
0.176558
0.0876528
0.0106027
-0.0469601
-0.098511
-0.152725
-0.207768
-0.260119
-0.307641
-0.351563
-0.392303
-0.430949
-0.466473
-0.499301
-0.528414
-0.554854
-0.577678
-0.597854
-0.614211
-0.627722
-0.637265
-0.643868
-0.646212
-0.645464
-0.640194
-0.631649
-0.618488
-0.601806
-0.580411
-0.555532
-0.525854
-0.492563
-0.454591
-0.412882
-0.366527
-0.316268
-0.261118
-0.201642
-0.137118
-0.0677135
0.006427
0.0841555
0.163521
0.243131
0.324318
0.420276
0.561794
0.798407
1.17112
1.67341
2.22996
2.73342
3.08212
3.20531
3.05856
2.6256
1.91173
0.959234
-0.14524
-1.26346
-2.22849
-2.86398
-3.03539
-2.71589
-2.03284
-1.24116
-0.588126
-0.234681
-0.053048
0.0494359
0.105489
0.128156
0.135714
0.123484
0.125847
0.08085
0.13054
-0.00832489
0.249554
-0.256567
0.261571
0.343126
0.421831
0.49697
0.569398
0.638146
0.704172
0.766135
0.82531
0.88031
0.932292
0.979801
1.02406
1.06372
1.09988
1.1312
1.15874
1.18128
1.19985
1.21305
1.22212
1.22586
1.22511
1.21885
1.20802
1.19169
1.17072
1.14444
1.11352
1.07757
1.03733
0.992595
0.944009
0.891548
0.835916
0.77736
0.716432
0.653585
0.589271
0.52433
0.459056
0.394456
0.330671
0.269003
0.209371
0.153279
0.10043
0.0523729
0.00851327
-0.0296562
-0.0629777
-0.0901331
-0.112455
-0.128715
-0.140667
-0.147115
-0.150055
-0.148203
-0.143369
-0.134014
-0.121249
-0.103404
-0.0810822
-0.0530352
-0.0192629
0.0192462
0.0569453
0.0874828
0.111817
0.132213
0.147661
0.155587
0.156678
0.15182
0.142699
0.137383
0.142006
0.119232
0.136967
0.453582
)
;

boundaryField
{
    inlet
    {
        type            freestreamPressure;
        freestreamValue uniform 0;
        value           nonuniform List<scalar> 
134
(
6.91494
6.21885
5.36505
4.45409
3.58965
2.74533
1.99085
1.35078
0.812078
0.275524
0.0514666
0.0792126
0.099716
0.0951323
0.0750428
0.044887
0.00678497
-0.0378297
-0.0877583
-0.1421
7.49388
-0.200497
-0.26238
-0.325861
-0.386114
-0.435764
-0.469667
-0.51612
-0.531187
-0.55296
-0.689513
-0.640365
-0.654979
-0.677535
-0.695309
-0.708008
-0.720657
-0.741289
-0.781724
-0.822573
7.94318
8.2877
8.39905
8.17518
7.48192
6.10367
3.78265
-0.910349
-0.882301
-0.848414
-0.830491
-0.816788
-0.798535
-0.777553
-0.756816
-0.736714
-0.716221
-0.695143
-0.673519
-0.651727
-0.629578
-0.607098
-0.583839
-0.559516
-0.533194
-0.505731
-0.491988
-0.480661
-0.465971
-0.448939
-0.428838
-0.402185
-0.356019
-0.276594
-0.0963694
1.76702
3.27704
4.62125
5.71669
6.63807
7.41784
8.00986
8.40896
8.65133
8.76193
8.77402
8.72151
8.63067
8.52062
8.41759
8.36952
8.39776
8.43189
8.41937
8.37188
8.30373
8.21835
8.1133
7.98806
7.84428
7.68453
7.51395
7.34223
7.19644
7.11324
7.20748
7.20259
6.98593
6.74157
6.54249
6.35721
6.16158
5.95674
5.74961
5.53977
5.32729
5.11045
4.89088
4.667
4.43999
4.20765
3.97045
3.72508
3.47074
3.18764
2.94894
2.7127
2.45849
2.19078
1.90998
1.60542
1.25917
0.83072
0.285239
)
;
    }
    outlet
    {
        type            freestreamPressure;
        freestreamValue uniform 0;
        value           nonuniform List<scalar> 
160
(
0.0028897
0.00433532
0.00138333
0.00572675
8.1449e-05
0.00707341
-0.000886385
0.00836268
-0.00175039
0.00960884
-0.00265772
0.0107944
-0.00357622
0.0119356
-0.0044461
0.0130086
-0.00523149
0.0140351
-0.00595408
0.0149904
-0.00662122
0.0158943
-0.00725185
0.0167211
-0.00782862
0.0174917
-0.00835924
0.0181824
-0.00882668
0.018812
-0.00924907
0.0193569
-0.00961062
0.0198356
-0.00992814
0.0202268
-0.0101821
0.0205481
-0.0103892
0.0207756
-0.0105307
0.0209306
-0.0106244
0.0209921
-0.0106482
0.0209755
-0.010622
0.0208626
-0.010522
0.0206706
-0.0103693
0.020383
-0.0101417
0.0200151
-0.00985777
0.0195556
-0.00949768
0.0190165
-0.00908217
0.0183911
-0.00858945
0.0176927
-0.00803942
0.0169177
-0.00741442
0.0160776
-0.00673029
0.0151723
-0.00597196
0.0142139
-0.00515188
0.0132068
-0.00425374
0.0121608
-0.00328699
0.0110836
-0.00223987
0.00998297
-0.0011152
0.0088734
8.47667e-05
0.00775985
0.00134208
0.00665955
0.0026264
0.0055748
0.00391692
0.00452775
0.00523446
0.0035169
0.00678871
0.00256775
0.00907117
0.0016751
0.0128811
0.00086511
0.0189004
0.000127488
0.0271072
-0.000512706
0.0364432
-0.00106995
0.0453104
-0.00152231
0.0520292
-0.00189251
0.055184
-0.00216026
0.0536127
-0.00235535
0.0466216
-0.0024581
0.0341266
-0.00250222
0.0171297
-0.00246664
-0.00224473
-0.00238184
-0.0210852
-0.00222256
-0.0365445
-0.00200753
-0.0461722
-0.00170944
-0.0483621
-0.00133855
-0.0429937
-0.000874547
-0.032096
-0.00031767
-0.0195789
0.000315646
-0.00927188
0.000934439
-0.00368579
0.00143511
-0.000814739
0.00183342
0.00080273
0.00216714
0.00168328
0.00242004
0.00203515
0.00255025
0.00214873
0.00256923
0.00195071
0.00249147
0.00198355
0.00234448
0.00127318
0.00226049
0.00205106
0.00234141
-0.000120038
0.00197264
0.0039466
0.00227221
-0.00384619
0.00755145
)
;
    }
    walls
    {
        type            zeroGradient;
    }
    frontAndBack
    {
        type            empty;
    }
}


// ************************************************************************* //
