/*--------------------------------*- C++ -*----------------------------------*\
| =========                 |                                                 |
| \\      /  F ield         | OpenFOAM: The Open Source CFD Toolbox           |
|  \\    /   O peration     | Version:  2412                                  |
|   \\  /    A nd           | Website:  www.openfoam.com                      |
|    \\/     M anipulation  |                                                 |
\*---------------------------------------------------------------------------*/
FoamFile
{
    version     2.0;
    format      ascii;
    arch        "LSB;label=32;scalar=64";
    class       volScalarField;
    location    "100";
    object      p;
}
// * * * * * * * * * * * * * * * * * * * * * * * * * * * * * * * * * * * * * //

dimensions      [0 2 -2 0 0 0 0];

internalField   nonuniform List<scalar> 
10720
(
195.216
242.058
285.35
319.357
340.764
349.039
348.166
337.239
315.123
285.466
250.759
212.452
172.061
130.987
90.4534
51.5689
14.9053
-18.3469
-47.8594
-72.487
-91.9929
-105.411
-113.422
-116.358
-116.15
-116.111
-116.106
-113.761
-108.903
-102.297
-94.2774
-84.8936
-74.1375
-61.9649
-48.2917
-32.5192
-13.8887
12.185
49.2376
141.351
82.3936
7.6271
-76.937
-166.112
-257.921
-344.484
-413.076
-455.553
-478.408
-484.439
-476.139
-460.058
-440.235
-418.669
-399.404
-382.922
-370.044
-360.525
-354.194
-349.6
-345.184
-337.187
-323.281
-305.365
-286.849
-269.502
-252.042
-233.4
-213.418
-192.289
-170.14
-147.012
-122.754
-97.1672
-69.4794
-38.762
-0.446848
46.1694
221.724
255.557
286.314
311.799
329.272
337.852
337.697
328.331
310.3
285.551
255.622
221.695
185.058
146.998
108.701
71.2398
35.4318
2.32079
-27.4712
-52.976
-73.7175
-88.9818
-99.0996
-104.361
-106.345
-107.643
-108.355
-107.045
-103.566
-98.2147
-91.1427
-82.4524
-72.2204
-60.4513
-47.0845
-31.5411
-13.0876
12.8791
48.8002
184.547
141.353
89.2448
28.8681
-37.2999
-107.161
-175.981
-237.414
-287.756
-326.645
-352.608
-365.668
-370.372
-369.952
-366.134
-361.233
-356.01
-351.362
-347.592
-344.917
-342.45
-338.67
-330.632
-317.336
-300.635
-283.145
-266.345
-249.246
-230.956
-211.332
-190.545
-168.688
-145.789
-121.724
-96.3142
-68.7855
-38.215
0.0330972
45.7183
217.734
247.8
274.967
297.302
312.757
321.123
322.062
315.029
300.389
279.171
252.492
221.461
187.282
151.173
114.314
77.7936
42.5728
9.6341
-20.2319
-46.1577
-67.5399
-83.777
-94.8977
-101.235
-104.134
-105.755
-106.497
-105.26
-101.793
-96.401
-89.345
-80.7764
-70.7531
-59.227
-46.0872
-30.7322
-12.423
13.3447
48.1986
184.974
147.318
102.061
48.4817
-10.9036
-74.4848
-139.233
-200.487
-253.639
-295.316
-324.682
-342.744
-352.137
-355.217
-353.827
-349.926
-344.948
-340.009
-335.737
-332.357
-329.216
-325.09
-317.827
-306.428
-291.857
-276.074
-260.41
-244.272
-226.888
-208.084
-187.996
-166.718
-144.29
-120.604
-95.4767
-68.1488
-37.7279
0.334518
45.296
212.438
237.666
260.854
280.247
294.021
302.121
303.955
298.908
287.202
269.469
246.496
219.156
188.461
155.456
121.217
86.7932
53.1578
21.2719
-8.00017
-33.8156
-55.4941
-72.4568
-84.6029
-92.2496
-96.4942
-99.0958
-100.59
-100.166
-97.5315
-92.9521
-86.6558
-78.7333
-69.2102
-58.0474
-45.1592
-29.9797
-11.806
13.7073
47.5222
185.092
153.832
116.011
71.2725
21.6145
-32.1776
-87.7372
-141.187
-189.072
-229.216
-260.752
-284.315
-300.8
-311.34
-317.139
-319.571
-319.921
-319.217
-318.137
-316.984
-315.438
-312.614
-306.964
-297.463
-284.624
-270.134
-255.282
-239.806
-223.051
-204.837
-185.296
-164.523
-142.544
-119.245
-94.4357
-67.3746
-37.1938
0.534182
44.6994
202.589
224.726
245.24
262.465
274.926
282.713
285.169
281.729
272.456
257.708
237.998
213.962
186.43
156.29
124.502
92.056
59.9217
29.0523
0.351703
-25.3431
-47.2929
-64.9264
-78.0429
-86.8771
-92.2755
-95.6378
-97.5942
-97.5933
-95.3484
-91.084
-85.0243
-77.2786
-67.9021
-56.8811
-44.1364
-29.1054
-11.097
14.0868
46.7762
178.589
151.344
118.325
79.0739
35.4693
-12.1962
-62.1657
-111.257
-156.722
-196.767
-230.278
-256.805
-276.451
-290.123
-298.885
-303.956
-306.504
-307.488
-307.582
-307.13
-305.982
-303.46
-298.358
-289.762
-278.044
-264.56
-250.435
-235.567
-219.388
-201.708
-182.649
-162.31
-140.721
-117.773
-93.2761
-66.501
-36.6125
0.674163
43.8321
191.77
211.278
229.524
244.939
256.302
263.737
266.573
264.359
257.031
244.798
227.985
207.036
182.607
155.425
126.313
96.17
65.9199
36.4796
8.75424
-16.414
-38.2665
-56.2153
-69.9776
-79.69
-86.013
-90.0867
-92.5665
-93.1051
-91.4242
-87.6982
-82.1434
-74.8681
-65.9239
-55.2885
-42.8704
-28.112
-10.3499
14.4304
45.9427
170.663
146.845
117.908
83.4338
45.1827
3.13974
-41.3011
-85.3715
-126.793
-164.161
-196.37
-222.869
-243.882
-260.014
-271.899
-280.261
-285.896
-289.541
-291.779
-292.949
-293.01
-291.471
-287.441
-280.198
-269.982
-257.838
-244.727
-230.682
-215.248
-198.245
-179.785
-159.969
-138.827
-116.262
-92.0945
-65.619
-36.0575
0.706981
42.6848
180.399
197.819
214.226
228.142
238.557
245.611
248.662
247.358
241.575
231.419
217.09
198.88
177.287
152.888
126.371
98.5312
70.2146
42.2932
15.6526
-8.87268
-30.5156
-48.6699
-62.9875
-73.511
-80.7367
-85.5633
-88.5937
-89.6434
-88.462
-85.1862
-80.0271
-73.0978
-64.4515
-54.0684
-41.8595
-27.2832
-9.71104
14.6653
45.012
161.564
140.412
114.674
83.9339
49.8647
12.2617
-27.7727
-67.7999
-105.901
-140.999
-172.144
-198.747
-220.834
-238.574
-252.343
-262.642
-270.132
-275.422
-279.03
-281.27
-282.162
-281.357
-278.187
-272.055
-263.059
-251.993
-239.687
-226.282
-211.443
-195.004
-177.058
-157.707
-136.976
-114.774
-90.9228
-64.7408
-35.5192
0.654181
41.3118
169.126
184.795
199.643
212.281
221.856
228.519
231.666
231.025
226.454
218
205.777
189.969
170.946
149.153
125.15
99.6202
73.3217
47.0649
21.6938
-1.98102
-23.1931
-41.3216
-55.968
-67.0842
-75.0218
-80.4764
-83.9948
-85.5156
-84.8304
-82.036
-77.3264
-70.8117
-62.5411
-52.4927
-40.577
-26.2665
-8.96664
14.9034
44.0394
152.195
133.266
110.199
82.5968
52.0445
18.2277
-17.9536
-54.3081
-89.1805
-121.727
-151.118
-176.77
-198.643
-216.858
-231.679
-243.439
-252.561
-259.463
-264.518
-267.972
-269.861
-269.937
-267.701
-262.68
-254.916
-245.014
-233.668
-221.073
-206.984
-191.244
-173.93
-155.138
-134.899
-113.127
-89.6494
-63.812
-34.9694
0.547676
39.8071
158.176
172.371
185.883
197.423
206.249
212.513
215.676
215.515
211.897
204.829
194.378
180.649
163.911
144.5
122.859
99.5628
75.2762
50.7335
26.7209
4.01477
-16.6308
-34.5881
-49.4209
-61.0008
-69.5541
-75.6057
-79.6235
-81.6209
-81.4252
-79.098
-74.8158
-68.6886
-60.7656
-51.0261
-39.3813
-25.3217
-8.29181
15.0479
42.9887
142.845
125.767
104.93
79.9506
52.3411
21.7071
-11.1968
-44.3901
-76.4031
-106.58
-134.21
-158.757
-180.192
-198.578
-214.033
-226.748
-236.993
-245.05
-251.201
-255.631
-258.376
-259.253
-257.889
-253.899
-247.269
-238.445
-227.993
-216.136
-202.719
-187.609
-170.869
-152.597
-132.823
-111.466
-88.362
-62.883
-34.4413
0.368005
38.2179
147.702
160.63
172.982
183.564
191.716
197.591
200.712
200.897
198.024
192.087
183.121
171.18
156.456
139.196
119.745
98.5785
76.2633
53.4531
30.8682
9.24279
-10.6981
-28.3284
-43.1822
-55.0637
-64.092
-70.6481
-75.1136
-77.547
-77.8143
-75.9475
-72.1011
-66.3809
-58.8322
-49.4321
-38.0911
-24.3201
-7.60418
15.1395
41.871
133.74
118.238
99.3042
76.5658
51.4673
23.5706
-6.49105
-36.8937
-66.3215
-94.2538
-120.079
-143.302
-163.918
-181.971
-197.518
-210.692
-221.657
-230.58
-237.637
-242.942
-246.504
-248.174
-247.661
-244.652
-239.107
-231.348
-221.826
-210.769
-198.087
-183.67
-167.567
-149.869
-130.607
-109.707
-87.0121
-61.9295
-33.931
0.106272
36.5447
137.765
149.595
160.933
170.671
178.211
183.711
186.754
187.184
184.896
179.881
172.159
161.749
148.787
133.452
116.006
96.8332
76.4118
55.3129
34.1869
13.7127
-5.42182
-22.6005
-37.3401
-49.3889
-58.7762
-65.7631
-70.6451
-73.4949
-74.2092
-72.7922
-69.3746
-64.0558
-56.8782
-47.8172
-36.7844
-23.3136
-6.93429
15.1707
40.693
124.988
110.841
93.5453
72.7393
49.8025
24.2705
-3.31272
-31.2629
-58.3842
-84.2579
-108.348
-130.209
-149.868
-167.37
-182.743
-196.076
-207.462
-216.975
-224.713
-230.726
-234.997
-237.391
-237.671
-235.577
-231.039
-224.283
-215.657
-205.378
-193.411
-179.67
-164.194
-147.067
-128.322
-107.889
-85.6224
-60.9628
-33.447
-0.2409
34.7857
128.391
139.259
149.702
158.69
165.675
170.819
173.757
174.358
172.531
168.272
161.593
152.492
141.066
127.441
111.812
94.488
75.8623
56.4274
36.7605
17.4816
-0.764682
-17.3823
-31.8807
-43.9659
-53.5929
-60.9236
-66.1705
-69.4003
-70.5337
-69.551
-66.5578
-61.6439
-54.8468
-46.1393
-35.4335
-22.2881
-6.27847
15.1406
39.4579
116.649
103.681
87.8106
68.6913
47.6349
24.1692
-1.23367
-27.0126
-52.0646
-76.0489
-98.4936
-118.995
-137.602
-154.373
-169.33
-182.54
-194.058
-203.905
-212.112
-218.678
-223.551
-226.598
-227.614
-226.369
-222.777
-216.983
-209.248
-199.765
-188.535
-175.494
-160.67
-144.14
-125.937
-105.999
-84.1874
-59.9841
-32.9914
-0.67344
32.9445
119.577
129.598
139.246
147.561
154.041
158.852
161.669
162.382
160.923
157.286
151.483
143.502
133.412
121.299
107.307
91.6788
74.7355
56.8952
38.6633
20.5986
3.29658
-12.673
-26.8229
-38.828
-48.5846
-56.1744
-61.7345
-65.3096
-66.8346
-66.2689
-63.691
-59.1788
-52.7644
-44.4173
-34.0507
-21.2508
-5.63949
15.0525
38.171
108.751
96.8156
82.1979
64.5604
45.1568
23.5072
0.0317946
-23.8123
-47.0075
-69.2686
-90.1763
-109.36
-126.89
-142.842
-157.239
-170.146
-181.596
-191.573
-200.067
-207.036
-212.4
-216.017
-217.699
-217.232
-214.512
-209.62
-202.743
-194.043
-183.542
-171.198
-157.031
-141.108
-123.463
-104.039
-82.7088
-58.9941
-32.5642
-1.18857
31.0284
111.312
120.58
129.516
137.224
143.245
147.745
150.432
151.218
150.05
146.928
141.864
134.841
125.911
115.132
102.606
88.5222
73.1409
56.8119
39.9732
23.1216
6.80023
-8.45382
-22.1637
-33.9845
-43.7675
-51.5318
-57.3469
-61.2267
-63.1108
-62.941
-60.7673
-56.6535
-50.625
-42.6473
-32.6347
-20.2021
-5.0195
14.9089
36.8385
101.297
90.2773
76.7661
60.4441
42.5014
22.4637
0.70632
-21.4094
-42.9321
-63.6246
-83.1037
-101.03
-117.491
-132.575
-146.315
-158.778
-169.992
-179.925
-188.542
-195.77
-201.507
-205.602
-207.871
-208.108
-206.191
-202.147
-196.099
-188.173
-178.404
-166.764
-153.266
-137.966
-120.898
-102.01
-81.1875
-57.9951
-32.167
-1.78012
29.0451
103.574
112.166
120.462
127.622
133.224
137.434
139.988
140.817
139.882
137.186
132.749
126.549
118.628
109.023
97.8043
85.1205
71.1788
56.2691
40.7655
25.1057
9.78167
-4.70705
-17.902
-29.4478
-39.1637
-47.0204
-53.0303
-57.1721
-59.3804
-59.5826
-57.7992
-54.0778
-48.4357
-40.8344
-31.189
-19.1448
-4.41982
14.7122
35.4672
94.2835
84.0775
71.5542
56.4055
39.7655
21.1667
0.947379
-19.6132
-39.6268
-58.887
-77.0453
-93.7863
-109.21
-123.415
-136.443
-148.372
-159.232
-168.987
-177.59
-184.951
-190.951
-195.43
-198.205
-199.07
-197.882
-194.624
-189.364
-182.195
-173.149
-162.209
-149.384
-134.719
-118.244
-99.9136
-79.625
-56.9883
-31.8012
-2.4437
27.0063
96.3337
104.317
112.037
118.7
123.919
127.859
130.281
131.132
130.383
128.045
124.14
118.649
111.605
103.033
92.9796
81.5591
68.9357
55.3477
41.1119
26.6102
12.2831
-1.40904
-14.0303
-25.2245
-34.7897
-42.6611
-48.8039
-53.1616
-55.6564
-56.2036
-54.7937
-51.4566
-46.2001
-38.9813
-29.7162
-18.0814
-3.84239
14.4663
34.0636
87.6968
78.2198
66.5813
52.4871
37.015
19.7087
0.874387
-18.2816
-36.9264
-54.8787
-71.818
-87.448
-101.877
-115.213
-127.505
-138.843
-149.265
-158.737
-167.212
-174.593
-180.75
-185.52
-188.717
-190.13
-189.597
-187.062
-182.548
-176.112
-167.779
-157.537
-145.389
-131.369
-115.503
-97.7508
-78.0226
-55.9749
-31.4671
-3.17225
24.9227
89.5663
96.9999
104.197
110.408
115.275
118.965
121.258
122.114
121.516
119.479
116.029
111.151
104.872
97.208
88.1909
77.9067
66.4847
54.1194
41.0779
27.6902
14.3466
1.46768
-10.5364
-21.3155
-30.6563
-38.4701
-44.6853
-49.2113
-51.9533
-52.8164
-51.7606
-48.7972
-43.9239
-37.0923
-28.2195
-17.0142
-3.28772
14.1754
32.6349
81.5198
72.6995
61.8589
48.717
34.297
18.1587
0.578749
-17.3043
-34.703
-51.4594
-67.2731
-81.8658
-95.3508
-107.842
-119.397
-130.114
-140.041
-149.154
-157.411
-164.716
-170.937
-175.907
-179.443
-181.326
-181.373
-179.496
-175.68
-169.948
-162.312
-152.76
-141.288
-127.92
-112.677
-95.5238
-76.3822
-54.9562
-31.1641
-3.95914
22.8028
83.2438
90.1785
96.8999
102.698
107.242
110.701
112.869
113.72
113.244
111.462
108.402
104.055
98.4449
91.5813
83.4846
74.2206
63.8897
52.6505
40.7259
28.3997
16.015
3.95299
-7.40408
-17.7185
-26.7726
-34.4635
-40.6921
-45.3379
-48.2866
-49.4336
-48.71
-46.1079
-41.6132
-35.1721
-26.7029
-15.9456
-2.75687
13.8442
31.1892
75.7332
67.5073
57.3897
45.1122
31.646
16.5667
0.128453
-16.5934
-32.8558
-48.5148
-63.2894
-76.9163
-89.5124
-101.194
-112.022
-122.108
-131.507
-140.209
-148.177
-155.325
-161.527
-166.615
-170.407
-172.682
-173.235
-171.951
-168.782
-163.719
-156.76
-147.887
-137.089
-124.379
-109.771
-93.2351
-74.7055
-53.9327
-30.8915
-4.79636
20.6572
77.339
83.8191
90.1064
95.5266
99.7751
103.019
105.068
105.904
105.53
103.964
101.243
97.358
92.3333
86.1755
78.8971
70.5478
61.2053
50.9983
40.1121
28.7892
17.33
6.07767
-4.61583
-14.4278
-23.1434
-30.6535
-36.8397
-41.5568
-44.6711
-46.0684
-45.653
-43.3973
-39.2748
-33.226
-25.1699
-14.8784
-2.2499
13.478
29.7344
70.3167
62.6313
53.1723
41.682
29.0852
14.9714
-0.423769
-16.0836
-31.3037
-45.9533
-59.7676
-72.4973
-84.259
-95.1695
-105.296
-114.754
-123.61
-131.865
-139.495
-146.423
-152.532
-157.663
-161.635
-164.226
-165.213
-164.455
-161.879
-157.448
-151.141
-142.931
-132.801
-120.751
-106.789
-90.888
-72.9945
-52.9054
-30.6475
-5.67634
18.4959
71.8259
77.8912
83.7806
88.854
92.8308
95.8754
97.8109
98.6293
98.3375
96.9581
94.5295
91.0491
86.5394
81.0059
74.4551
66.9253
58.4764
49.212
39.2863
28.9061
18.3324
7.87257
-2.15147
-11.435
-19.7704
-27.0492
-33.1415
-37.883
-41.1218
-42.7342
-42.6012
-40.675
-36.9164
-31.2597
-23.6252
-13.8149
-1.76688
13.0823
28.2785
65.2504
58.0587
49.2012
38.4314
26.6291
13.4001
-1.03821
-15.7222
-29.9839
-43.703
-56.6297
-68.525
-79.5041
-89.686
-99.1391
-107.984
-116.295
-124.084
-131.34
-138.001
-143.959
-149.066
-153.145
-155.98
-157.33
-157.034
-154.995
-151.155
-145.471
-137.907
-128.434
-117.044
-103.737
-88.4862
-71.2518
-51.8746
-30.4297
-6.59029
16.3294
66.6809
72.365
77.8887
82.6436
86.3705
89.2305
91.0596
91.8565
91.633
90.4146
88.2421
85.1166
81.0608
76.0797
70.1766
63.381
55.7388
47.3339
38.2941
28.7946
19.062
9.37017
0.0122816
-8.72727
-16.6517
-23.6569
-29.6089
-34.3303
-37.653
-39.4447
-39.5667
-37.9513
-34.5461
-29.2797
-22.0732
-12.7575
-1.30694
12.6631
26.8301
60.5148
53.7752
45.4695
35.3614
24.2887
11.8723
-1.68483
-15.4701
-28.8479
-41.7064
-53.8098
-64.9302
-75.179
-84.6746
-93.4868
-101.739
-109.512
-116.828
-123.689
-130.047
-135.806
-140.832
-144.956
-147.965
-149.612
-149.714
-148.157
-144.862
-139.769
-132.828
-124.001
-113.268
-100.62
-86.0339
-69.4796
-50.8405
-30.2349
-7.52884
14.169
61.88
67.2137
72.4003
76.862
80.3586
83.048
84.7773
85.5505
85.3838
84.3056
82.358
79.5456
75.8913
71.4006
66.075
59.9374
53.0232
45.4002
37.1741
28.4934
19.5548
10.6011
1.89805
-6.29078
-13.7823
-20.4802
-26.2513
-30.9107
-34.2785
-36.2134
-36.5621
-35.2369
-32.1728
-27.2929
-20.519
-11.7089
-0.869517
12.2268
25.3976
56.0906
49.7666
41.9686
32.4704
22.0699
10.4029
-2.34064
-15.2941
-27.8541
-39.9154
-51.255
-61.6541
-71.2212
-80.0717
-88.2771
-95.9619
-103.212
-110.058
-116.513
-122.543
-128.068
-132.964
-137.077
-140.199
-142.079
-142.517
-141.386
-138.591
-134.054
-127.711
-119.514
-109.431
-97.4462
-83.536
-67.6806
-49.8027
-30.0594
-8.48286
12.0264
57.401
62.4122
67.2873
71.4787
74.7633
77.2941
78.9304
79.679
79.5607
78.6048
76.8557
74.3205
71.0229
66.9687
62.1586
56.6111
50.3535
43.4403
35.9599
28.0378
19.8448
11.5956
3.52964
-4.11025
-11.1553
-17.5195
-23.075
-27.6346
-31.0109
-33.0534
-33.5998
-32.543
-29.806
-25.3066
-18.9677
-10.6712
-0.453238
11.779
23.9888
51.9597
46.0187
38.6888
29.7548
19.9754
9.00141
-2.98767
-15.1698
-26.9699
-38.2913
-48.9201
-58.6475
-67.5788
-75.8263
-83.4597
-90.6046
-97.3506
-103.736
-109.784
-115.472
-120.734
-125.463
-129.518
-132.697
-134.75
-135.467
-134.707
-132.365
-128.346
-122.573
-114.987
-105.545
-94.2233
-80.9978
-65.8575
-48.761
-29.8985
-9.44245
9.91301
53.2236
57.9368
62.524
66.4654
69.5541
71.9386
73.4877
74.2117
74.1346
73.287
71.7139
69.4252
66.4449
62.7804
58.4316
53.4139
47.7484
41.4798
34.6814
27.4603
19.9636
12.3822
4.93054
-2.1688
-8.7613
-14.7732
-20.0851
-24.5115
-27.8619
-29.978
-30.6924
-29.8809
-27.4555
-23.3289
-17.4246
-9.64711
-0.0565875
11.3262
22.612
48.1043
42.5176
35.621
27.2098
18.0055
7.67515
-3.61287
-15.0769
-26.1712
-36.8035
-46.7701
-55.8714
-64.2092
-71.8918
-78.9883
-85.6232
-91.8875
-97.8263
-103.471
-108.81
-113.792
-118.324
-122.28
-125.467
-127.641
-128.582
-128.141
-126.205
-122.665
-117.432
-110.435
-101.623
-90.9605
-78.4251
-64.0133
-47.7146
-29.747
-10.3977
7.84068
49.3287
53.7655
58.0863
61.7962
64.7036
66.9529
68.4205
69.1205
69.0792
68.3276
66.9115
64.8428
62.1464
58.8306
54.8953
50.3539
45.2227
39.5389
33.3635
26.7879
19.9394
12.987
6.12355
-0.448373
-6.58883
-12.2366
-17.283
-21.5477
-24.8408
-26.9986
-27.8519
-27.2623
-25.1312
-21.3673
-15.8953
-8.63844
0.322119
10.8744
21.2747
44.5082
39.2494
32.7549
24.8297
16.1601
6.42865
-4.20642
-15.0017
-25.4374
-35.4263
-44.7749
-53.2924
-61.0759
-68.23
-74.8227
-80.9776
-86.7852
-92.2954
-97.5456
-102.536
-107.227
-111.542
-115.366
-118.518
-120.765
-121.879
-121.709
-120.131
-117.03
-112.305
-105.874
-97.6746
-87.6672
-75.8248
-62.1504
-46.6626
-29.5995
-11.3389
5.82041
45.6984
49.8787
53.9523
57.4476
60.1872
62.3111
63.7031
64.3798
64.3697
63.7039
62.4285
60.5571
58.1152
55.1121
51.5485
47.4357
42.7873
37.6338
32.0269
26.0443
19.7972
13.4348
7.13037
1.06816
-4.62675
-9.9047
-14.6696
-18.7487
-21.9564
-24.1264
-25.0906
-24.6984
-22.8433
-19.4307
-14.3851
-7.64794
0.684995
10.4295
19.9838
41.1554
36.2013
30.0805
22.6083
14.4366
5.26357
-4.76116
-14.9314
-24.7517
-34.1393
-42.91
-50.8819
-58.1481
-64.8091
-70.9307
-76.6339
-82.0102
-87.1114
-91.9811
-96.6276
-101.024
-105.105
-108.772
-111.856
-114.133
-115.374
-115.428
-114.164
-111.462
-107.21
-101.319
-93.7155
-84.353
-73.2031
-60.2728
-45.6036
-29.4504
-12.2562
3.86272
42.3158
46.2578
50.101
53.3975
55.9815
57.9891
59.311
59.9657
59.9829
59.3941
58.2454
56.5518
54.3389
51.6173
48.3881
44.6617
40.4495
35.7775
30.6887
25.2503
19.5594
13.7485
7.97238
2.39844
-2.86133
-7.76989
-12.2426
-16.1178
-19.2156
-21.3711
-22.4188
-22.2004
-20.602
-17.5266
-12.9003
-6.67749
1.0338
9.99622
18.7459
38.031
33.3604
27.5882
20.5383
12.8319
4.18073
-5.27281
-14.8574
-24.1013
-32.9259
-41.1554
-48.6168
-55.3992
-61.5992
-67.281
-72.5614
-77.5313
-82.2453
-86.75
-91.0622
-95.1636
-99.0018
-102.493
-105.482
-107.752
-109.08
-109.314
-108.322
-105.979
-102.167
-96.7864
-89.7588
-81.0292
-70.567
-58.3834
-44.5367
-29.2932
-13.1412
1.97753
39.165
42.885
46.5138
49.6252
52.0651
53.9647
55.2218
55.8558
55.8974
55.3783
54.3441
52.8111
50.8049
48.3371
45.4098
42.0323
38.2149
33.9795
29.3632
24.4236
19.2458
13.9479
8.66855
3.55975
-1.2797
-5.82315
-9.99861
-13.6559
-16.6241
-18.7414
-19.8469
-19.7785
-18.4172
-15.6638
-11.446
-5.72952
1.37007
9.57995
17.5662
35.1212
30.715
25.2681
18.6136
11.3422
3.17962
-5.73804
-14.7731
-23.4759
-31.7723
-39.4949
-46.4783
-52.8085
-58.5773
-63.8479
-68.7332
-73.3226
-77.6713
-81.8293
-85.8184
-89.6296
-93.222
-96.5244
-99.3944
-101.627
-103.007
-103.381
-102.622
-100.599
-97.1915
-92.2933
-85.8184
-77.7064
-67.9246
-56.485
-43.4609
-29.1228
-13.9839
0.174365
36.2315
39.7443
43.1731
46.1123
48.4185
50.218
51.4148
52.0294
52.093
51.6372
50.7067
49.3194
47.5005
45.2625
42.6078
39.5463
36.0865
32.2475
28.0614
23.5786
18.8736
14.0514
9.23707
4.56778
0.131164
-4.0557
-7.93312
-11.3632
-14.1856
-16.2442
-17.3844
-17.4429
-16.298
-13.8502
-10.0279
-4.80599
1.69649
9.18469
16.4497
32.4127
28.2536
23.1109
16.8269
9.96326
2.2593
-6.1552
-14.6733
-22.8678
-30.6679
-37.9143
-44.4501
-50.3572
-55.7239
-60.6102
-65.1265
-69.3592
-73.3649
-77.1946
-80.8749
-84.404
-87.7508
-90.8556
-93.5904
-95.7603
-97.161
-97.6421
-97.0778
-95.339
-92.3012
-87.8545
-81.9084
-74.3962
-65.2829
-54.5819
-42.3748
-28.932
-14.7767
-1.53824
33.5014
36.8205
40.0624
42.8414
45.023
46.7296
47.8706
48.4669
48.5508
48.1528
47.3169
46.062
44.4133
42.3833
39.976
37.2006
34.0651
30.5864
26.7922
22.727
18.4566
14.0749
9.69399
5.43836
1.3852
-2.45708
-6.03957
-9.23761
-11.9022
-13.8847
-15.0386
-15.2024
-14.2538
-12.0933
-8.65129
-3.90903
2.01387
8.81438
15.4003
29.8931
25.9651
21.1076
15.1712
8.69023
1.41749
-6.52361
-14.555
-22.2709
-29.604
-36.403
-42.5187
-48.0294
-53.0203
-57.5486
-61.7207
-65.6209
-69.3047
-72.8252
-76.2122
-79.4692
-82.5739
-85.4776
-88.0656
-90.1533
-91.5485
-92.1054
-91.7025
-90.2127
-87.5114
-83.4861
-78.0421
-71.1096
-62.6501
-52.677
-41.2772
-28.7162
-15.5117
-3.15299
30.9617
34.0996
37.1668
39.7962
41.8619
43.4821
44.5714
45.151
45.2533
44.9083
44.1592
43.0249
41.5309
39.6903
37.5074
34.9918
32.1508
28.9993
25.5624
21.8792
18.0077
14.0325
10.0545
6.18581
2.49496
-1.01674
-4.31118
-7.27614
-9.77466
-11.6673
-12.8163
-13.0651
-12.2925
-10.4004
-7.3212
-3.0408
2.32382
8.47181
14.4206
27.5506
23.8393
19.2494
13.6397
7.51865
0.65157
-6.8431
-14.4161
-21.6811
-28.5743
-34.9519
-40.6731
-45.8126
-50.4518
-54.6464
-58.4979
-62.0883
-65.472
-68.7024
-71.8118
-74.8089
-77.6781
-80.3807
-82.814
-84.8045
-86.1726
-86.779
-86.5071
-85.234
-82.8369
-79.2023
-74.2335
-67.8574
-60.034
-50.7744
-40.1674
-28.4697
-16.1822
-4.66326
28.6004
31.5686
34.472
36.9618
38.9196
40.4593
41.5007
42.0649
42.1842
41.8879
41.2181
40.1944
38.8417
37.1734
35.1948
32.9152
30.342
27.4885
24.3772
21.0428
17.5372
13.9363
10.3311
6.8233
3.47286
0.275329
-2.74036
-5.47435
-7.80218
-9.59427
-10.7226
-11.0377
-10.4214
-8.77817
-6.04244
-2.20348
2.62734
8.15917
13.5122
25.3745
21.8663
17.5277
12.2257
6.44337
-0.0412883
-7.11484
-14.2553
-21.0946
-27.5732
-33.5543
-38.9048
-43.6964
-48.0069
-51.8899
-55.4429
-58.7446
-61.8489
-64.8084
-67.657
-70.407
-73.0491
-75.5531
-77.8277
-79.7105
-81.0345
-81.6681
-81.5005
-80.4146
-78.2909
-75.0167
-70.4948
-64.6506
-57.4419
-48.8778
-39.045
-28.1878
-16.7818
-6.06342
26.4059
29.2148
31.9648
34.3241
36.1811
37.6459
38.6429
39.1928
39.328
39.0767
38.48
37.5576
36.3341
34.8232
33.0306
30.966
28.6364
26.0543
23.2396
20.2238
17.0533
13.7964
10.5356
7.36259
4.33033
1.42943
-1.31908
-3.82716
-5.98263
-7.66678
-8.76114
-9.12579
-8.64686
-7.23231
-4.81934
-1.39876
2.92493
7.87813
12.6762
23.354
20.0369
15.9347
10.9224
5.45948
-0.664377
-7.34053
-14.0718
-20.5095
-26.597
-32.2044
-37.2063
-41.6715
-45.6748
-49.2672
-52.5425
-55.5761
-58.4203
-61.1275
-63.7319
-66.2488
-68.6742
-70.9845
-73.099
-74.867
-76.1335
-76.7758
-76.6898
-75.7645
-73.885
-70.9416
-66.8382
-61.4995
-54.8818
-46.991
-37.9098
-27.8671
-17.306
-7.34933
24.3677
27.027
29.6329
31.8699
33.6328
35.028
35.9836
36.5205
36.6703
36.4608
35.9314
35.1021
33.997
32.6298
31.0072
29.1386
27.0309
24.6958
22.1517
19.4268
16.563
13.622
10.6781
7.81491
5.07838
2.4557
-0.0389596
-2.32864
-4.31293
-5.88446
-6.93425
-7.33358
-6.974
-5.76798
-3.65577
-0.629003
3.21695
7.62926
11.9121
21.4794
18.342
14.4626
9.72363
4.56195
-1.2212
-7.52137
-13.8663
-19.9243
-25.6423
-30.8972
-35.5712
-39.7301
-43.4459
-46.7676
-49.7849
-52.5694
-55.1726
-57.6451
-60.0218
-62.3198
-64.5394
-66.6629
-68.6193
-70.2688
-71.4683
-72.1039
-72.0795
-71.2907
-69.6289
-66.9881
-63.2746
-58.4138
-52.3605
-45.118
-36.7626
-27.5044
-17.7506
-8.51845
22.4756
24.9944
27.4648
29.5871
31.2621
32.5923
33.5096
34.0343
34.198
34.027
33.5597
32.8163
31.8198
30.5844
29.1169
27.4271
25.5218
23.412
21.1146
18.6552
16.0717
13.4201
10.7675
8.18964
5.72695
3.36365
1.10827
-0.972335
-2.78906
-4.24559
-5.24284
-5.66391
-5.40684
-4.38937
-2.5551
0.104188
3.50297
7.41242
11.2187
19.7414
16.7733
13.1039
8.62301
3.74598
-1.71513
-7.65976
-13.6389
-19.338
-24.7067
-29.6294
-33.9947
-37.8666
-41.3137
-44.3832
-47.1601
-49.7139
-52.0938
-54.3487
-56.5137
-58.6073
-60.6329
-62.5778
-64.3794
-65.9093
-67.0353
-67.6525
-67.6727
-66.9995
-65.5307
-63.1656
-59.8137
-55.4022
-49.8854
-43.2628
-35.6033
-27.0977
-18.1129
-9.56853
20.7203
23.1068
25.4497
27.4645
29.0571
30.3265
31.2082
31.7217
31.8983
31.763
31.3534
30.6889
29.7921
28.6775
27.3522
25.8258
24.105
22.2007
20.1283
17.9112
15.5838
13.1968
10.8112
8.49553
6.28518
4.16245
2.13108
0.248772
-1.40594
-2.74748
-3.68659
-4.11831
-3.94816
-3.09968
-1.52021
0.79893
3.78233
7.22688
10.5939
18.1313
15.3227
11.8516
7.61455
3.0065
-2.14997
-7.75804
-13.3907
-18.7504
-23.7893
-28.3983
-32.4734
-36.0758
-39.2715
-42.106
-44.66
-47.0001
-49.1733
-51.2269
-53.1958
-55.0989
-56.9425
-58.7181
-60.3706
-61.7813
-62.83
-63.4201
-63.4712
-62.8953
-61.597
-59.4818
-56.464
-52.4725
-47.4623
-41.4294
-34.4338
-26.6455
-18.3915
-10.4991
19.093
21.3548
23.5778
25.4914
27.0067
28.2193
29.0677
29.5709
29.7594
29.6574
29.301
28.7094
27.9045
26.9007
25.7055
24.3284
22.7763
21.0594
19.1922
17.1961
15.1024
12.9572
10.8158
8.74025
6.76161
4.8608
3.03771
1.34189
-0.157934
-1.38643
-2.26379
-2.6969
-2.59944
-1.90113
-0.553178
1.45361
4.05424
7.07118
10.0349
16.6409
13.9829
10.6989
6.6925
2.33891
-2.52914
-7.81851
-13.1235
-18.1618
-22.8888
-27.202
-31.0038
-34.3536
-37.3142
-39.9296
-42.2769
-44.4191
-46.4014
-48.2694
-50.0568
-51.7835
-53.4575
-55.0734
-56.5831
-57.8776
-58.8469
-59.4036
-59.4747
-58.9801
-57.8321
-55.943
-53.2322
-49.6318
-45.0974
-39.6217
-33.2554
-26.1479
-18.5853
-11.3106
17.5852
19.7294
21.8393
23.6578
25.1006
26.2599
27.0772
27.5707
27.7703
27.6994
27.3921
26.8678
26.1475
25.2456
24.1696
22.9291
21.5311
19.9852
18.3051
16.5105
14.6299
12.7052
10.7867
8.93038
7.1637
5.46665
3.83606
2.31429
0.961111
-0.15774
-0.971625
-1.39874
-1.36111
-0.794985
0.344336
2.06669
4.3172
6.94322
9.53813
15.2625
12.7466
9.6396
5.85137
1.73855
-2.85651
-7.84381
-12.8383
-17.5726
-22.0049
-26.0387
-29.5833
-32.696
-35.4371
-37.8486
-40.0042
-41.9634
-43.7697
-45.4666
-47.0868
-48.6506
-50.1669
-51.6333
-53.0077
-54.1901
-55.0803
-55.5991
-55.6814
-55.2548
-54.239
-52.554
-50.1241
-46.8858
-42.7958
-37.8435
-32.0706
-25.6056
-18.6957
-12.0049
16.1891
18.2224
20.2254
21.9544
23.3291
24.4382
25.2265
25.7109
25.921
25.8787
25.6169
25.1548
24.5125
23.704
22.7374
21.6219
20.3646
18.9748
17.4653
15.8543
14.1678
12.444
10.7285
9.07195
7.49838
5.98754
4.53392
3.17341
1.95775
0.943874
0.193704
-0.221539
-0.232369
0.218437
1.17145
2.63703
4.56972
6.84042
9.0994
13.9886
11.6071
8.66742
5.08578
1.20097
-3.13535
-7.83656
-12.5369
-16.9834
-21.1372
-24.9075
-28.2103
-31.1006
-33.6364
-35.8583
-37.8361
-39.6264
-41.2706
-42.8103
-44.2768
-45.6904
-47.0609
-48.3884
-49.6353
-50.7107
-51.5232
-52.0018
-52.0886
-51.7185
-50.8191
-49.3175
-47.1441
-44.2396
-40.5621
-36.0986
-30.882
-25.0205
-18.724
-12.5845
14.8974
16.8258
18.728
20.3726
21.683
22.745
23.506
23.9819
24.2015
24.1858
23.9662
23.5614
22.9908
22.2684
21.402
20.401
19.2723
18.0249
16.6709
15.227
13.7171
12.1761
10.6451
9.16997
7.77181
6.43046
5.1386
3.92655
2.83878
1.92428
1.23681
0.837878
0.788618
1.13979
1.92789
3.16356
4.81001
6.75975
8.71412
12.8124
10.5579
7.77662
4.39064
0.721839
-3.36944
-7.79943
-12.221
-16.3953
-20.2858
-23.8077
-26.8829
-29.5649
-31.9091
-33.9547
-35.7678
-37.4023
-38.8975
-40.2927
-41.6184
-42.894
-44.1303
-45.329
-46.4567
-47.4308
-48.1684
-48.6061
-48.6923
-48.3693
-47.5723
-46.2351
-44.295
-41.6966
-38.4001
-34.3907
-29.6923
-24.3947
-18.6732
-13.0532
13.7031
15.5322
17.3391
18.9041
20.1541
21.1716
21.9067
22.3746
22.6029
22.6118
22.4312
22.0793
21.5748
20.9314
20.157
19.2606
18.2494
17.1319
15.9195
14.6277
13.2784
11.9033
10.5397
9.22898
7.98966
6.80192
5.65719
4.58099
3.61125
2.7899
2.16314
1.78367
1.70466
1.97063
2.61402
3.64561
5.03628
6.69794
8.37748
11.7273
9.59313
6.96172
3.76115
0.296984
-3.56195
-7.73497
-11.8926
-15.8093
-19.4511
-22.7387
-25.6002
-28.0869
-30.2523
-32.1341
-33.7949
-35.2858
-36.6441
-37.9072
-39.1038
-40.2532
-41.3663
-42.446
-43.4632
-44.3424
-45.0085
-45.4055
-45.4875
-45.2038
-44.4967
-43.3071
-41.5782
-39.2595
-36.3132
-32.7229
-28.5049
-23.7317
-18.547
-13.4153
12.5996
14.3349
16.0516
17.5412
18.7341
19.7097
20.4204
20.8804
21.1168
21.1484
21.0037
20.7005
20.2569
19.686
18.9959
18.1954
17.2914
16.2923
15.2088
14.0553
12.8517
11.627
10.415
9.25291
8.15692
7.10788
6.09636
5.14373
4.28222
3.54739
2.97862
2.62069
2.51936
2.71322
3.23082
4.08275
5.24666
6.65143
8.08416
10.7272
8.70688
6.21754
3.19268
-0.0775534
-3.71634
-7.64578
-11.5535
-15.2265
-18.6334
-21.7004
-24.361
-26.6651
-28.6637
-30.3933
-31.9133
-33.272
-34.5048
-35.647
-36.7259
-37.7599
-38.7604
-39.7309
-40.646
-41.437
-42.0358
-42.393
-42.4686
-42.2178
-41.5899
-40.5323
-38.9942
-36.9297
-34.3036
-31.0983
-27.3234
-23.0354
-18.35
-13.6762
11.5807
13.2272
14.8584
16.2769
17.4157
18.3517
19.0393
19.4917
19.7352
19.7876
19.676
19.4178
19.03
18.5257
17.9128
17.1999
16.3938
15.5027
14.5364
13.5084
12.437
11.3485
10.2734
9.24523
8.27817
7.35391
6.4625
5.62168
4.85874
4.20359
3.68958
3.35438
3.23703
3.37054
3.77979
4.47502
5.43946
6.6167
7.82907
9.80634
7.89383
5.53913
2.68079
-0.40563
-3.83577
-7.53441
-11.2053
-14.648
-17.8333
-20.6925
-23.1645
-25.2978
-27.1411
-28.7296
-30.1196
-31.3568
-32.4746
-33.5064
-34.478
-35.407
-36.3047
-37.1754
-37.9966
-38.7061
-39.2422
-39.5614
-39.6292
-39.4062
-38.848
-37.9083
-36.542
-34.7079
-32.3732
-29.5197
-26.1512
-22.3101
-18.0872
-13.8419
10.6408
12.203
13.7533
15.1043
16.192
17.0904
17.7559
18.2008
18.4507
18.5222
18.441
18.2241
17.8877
17.4444
16.9021
16.2692
15.5525
14.7595
13.8998
12.9856
12.0339
11.0684
10.1167
9.20902
8.35765
7.54525
6.76164
6.02148
5.34776
4.7655
4.30264
3.99068
3.86252
3.94617
4.26299
4.82267
5.61308
6.59016
7.60688
8.95921
7.1489
4.92174
2.2214
-0.69079
-3.92312
-7.40304
-10.85
-14.0749
-17.0512
-19.7149
-22.0101
-23.9836
-25.6824
-27.1403
-28.4104
-29.536
-30.5487
-31.4797
-32.3537
-33.1874
-33.9918
-34.7716
-35.507
-36.1415
-36.6195
-36.9032
-36.9624
-36.763
-36.2663
-35.4318
-34.2199
-32.5936
-30.523
-27.9894
-24.9918
-21.5606
-17.7647
-13.9188
9.77425
11.2566
12.7301
14.0173
15.0564
15.919
16.5634
17.001
17.2564
17.3452
17.2919
17.1129
16.8236
16.4361
15.9584
15.3986
14.7631
14.0594
13.2963
12.4853
11.6418
10.7873
9.9467
9.14705
8.39916
7.68667
6.99945
6.34951
5.75612
5.24007
4.8246
4.5358
4.40115
4.44411
4.68287
5.12637
5.76615
6.56846
7.41257
8.18071
6.46727
4.36109
1.8105
-0.936526
-3.98146
-7.25423
-10.4892
-13.5086
-16.2878
-18.7676
-20.8971
-22.7216
-24.286
-25.6228
-26.7826
-27.8059
-28.7225
-29.562
-30.3473
-31.0946
-31.8144
-32.5116
-33.1688
-33.7349
-34.1598
-34.4104
-34.4609
-34.2818
-33.8395
-33.0988
-32.0252
-30.5859
-28.7534
-26.5094
-23.8487
-20.7916
-17.3884
-13.9136
8.97603
10.3826
11.7833
13.0097
14.0028
14.8313
15.4555
15.8857
16.1458
16.2503
16.2225
16.0781
15.8318
15.4955
15.0768
14.5835
14.022
13.3993
12.7238
12.0061
11.2601
10.5056
9.7647
9.06178
8.40618
7.7827
7.18135
6.61191
6.0905
5.63423
5.2623
4.99615
4.8585
4.86879
5.0423
5.38712
5.89765
6.54841
7.24122
7.46599
5.84441
3.85294
1.44439
-1.14607
-4.01336
-7.09003
-10.1246
-12.9499
-15.5435
-17.8507
-19.8252
-21.5105
-22.9501
-24.175
-25.2333
-26.1629
-26.9919
-27.7482
-28.4533
-29.1224
-29.7657
-30.3882
-30.9744
-31.4784
-31.8549
-32.0752
-32.1173
-31.9557
-31.5615
-30.9045
-29.9545
-28.6828
-27.0644
-25.0812
-22.7253
-20.0082
-16.9647
-13.8337
8.24132
9.57599
10.9074
12.0762
13.0254
13.8214
14.4261
14.8489
15.1128
15.2314
15.2268
15.114
14.9071
14.6174
14.2524
13.8197
13.3254
12.7762
12.1799
11.5464
10.8884
10.2235
9.57205
8.95545
8.38201
7.83754
7.31239
6.81451
6.35728
5.95471
5.62252
5.37819
5.24032
5.22483
5.34442
5.60622
6.00675
6.52717
7.08829
6.81051
5.27605
3.39341
1.11953
-1.3225
-4.02157
-6.91255
-9.7577
-12.3999
-14.8189
-16.964
-18.7934
-20.3493
-21.6731
-22.7948
-23.7596
-24.6035
-25.3528
-26.0336
-26.6661
-27.2647
-27.839
-28.3941
-28.9163
-29.364
-29.6967
-29.8896
-29.9237
-29.7774
-29.4261
-28.8436
-28.0039
-26.8818
-25.4551
-23.7061
-21.6246
-19.2153
-16.5001
-13.6863
7.56561
8.83198
10.0976
11.2116
12.119
12.8838
13.4697
13.8849
14.1519
14.2831
14.2994
14.2154
14.0443
13.7971
13.4809
13.1032
12.6698
12.1871
11.6624
11.1048
10.5258
9.94149
9.36985
8.83016
8.32959
7.85506
7.39735
6.96286
6.56263
6.20806
5.91194
5.68837
5.55244
5.51707
5.59261
5.78525
6.09303
6.50219
6.94953
6.20999
4.75819
2.97878
0.832697
-1.46876
-4.00849
-6.72382
-9.39001
-11.8596
-14.1144
-16.1076
-17.8014
-19.2368
-20.4532
-21.4797
-22.3588
-23.1244
-23.8012
-24.4137
-24.9808
-25.5158
-26.028
-26.5224
-26.987
-27.384
-27.6774
-27.8455
-27.8724
-27.7397
-27.4264
-26.9102
-26.1687
-25.18
-23.9243
-22.3848
-20.5495
-18.4178
-16.0009
-13.4788
6.94461
8.1461
9.34916
10.4109
11.2784
12.0134
12.581
12.9885
13.2577
13.4
13.4352
13.3772
13.2387
13.03
12.7582
12.4304
12.0521
11.6295
11.1693
10.6799
10.1719
9.65961
9.15921
8.68783
8.25174
7.83895
7.44073
7.06221
6.7124
6.40058
6.137
5.933
5.80068
5.75037
5.79042
5.92605
6.15631
6.47134
6.82117
5.66043
4.28708
2.60564
0.580619
-1.58753
-3.97642
-6.52566
-9.02284
-11.3299
-13.4303
-15.2811
-16.8485
-18.1718
-19.2889
-20.2277
-21.0283
-21.7224
-22.3335
-22.8842
-23.3922
-23.8701
-24.3266
-24.7666
-25.1794
-25.531
-25.7891
-25.9352
-25.9557
-25.8351
-25.5557
-25.0985
-24.4442
-23.5741
-22.4706
-21.1176
-19.5025
-17.6201
-15.4736
-13.2186
6.3744
7.51421
8.65769
9.66964
10.4991
11.2054
11.7551
12.1549
12.4254
12.5774
12.6294
12.595
12.4859
12.3121
12.0805
11.7977
11.4692
11.1008
10.6987
10.2706
9.82607
9.37808
8.94107
8.53025
8.15108
7.79264
7.44677
7.11747
6.81217
6.53824
6.30392
6.11822
5.99072
5.92961
5.94149
6.03066
6.19677
6.43282
6.69979
5.15807
3.85918
2.27064
0.360519
-1.68139
-3.9275
-6.31965
-8.65743
-10.8114
-12.7669
-14.4846
-15.934
-17.1532
-18.1786
-19.0366
-19.7653
-20.3944
-20.9458
-21.4407
-21.8957
-22.3223
-22.7289
-23.1202
-23.4867
-23.7977
-24.0244
-24.1508
-24.1658
-24.0562
-23.807
-23.4021
-22.8254
-22.0604
-21.0918
-19.9046
-18.4856
-16.8265
-14.924
-12.9127
5.85124
6.93238
8.01913
8.98358
9.77659
10.4553
10.9875
11.3793
11.6504
11.8107
11.8777
11.8644
11.7818
11.6395
11.4441
11.2021
10.9185
10.5987
10.2487
9.87554
9.48781
9.09714
8.71639
8.35912
8.03008
7.71937
7.4194
7.13331
6.86712
6.62671
6.41861
6.24989
6.1281
6.05959
6.04949
6.10125
6.21484
6.38526
6.58247
4.69937
3.47117
1.97083
0.169583
-1.75273
-3.86371
-6.10747
-8.29488
-10.3049
-12.1245
-13.7176
-15.0571
-16.1799
-17.1205
-17.9044
-18.5673
-19.1372
-19.6346
-20.0792
-20.4864
-20.8672
-21.2292
-21.577
-21.902
-22.1768
-22.3757
-22.485
-22.4952
-22.3955
-22.1732
-21.815
-21.3068
-20.635
-19.7857
-18.7453
-17.5005
-16.0407
-14.3578
-12.5681
5.37165
6.39696
7.42965
8.34871
9.1068
9.75882
10.274
10.6576
10.9284
11.0958
11.176
11.1815
11.1227
11.0088
10.846
10.6405
10.3972
10.1212
9.81795
9.49383
9.15672
8.81699
8.48611
8.17606
7.89106
7.62215
7.36234
7.11406
6.88218
6.67132
6.48662
6.3336
6.21809
6.14494
6.11809
6.14016
6.21121
6.32766
6.4667
4.28106
3.11995
1.70325
0.0053166
-1.80377
-3.78697
-5.89054
-7.9362
-9.81087
-11.503
-12.9798
-14.2172
-15.2505
-16.1129
-16.8287
-17.4316
-17.9477
-18.3962
-18.7956
-19.16
-19.4998
-19.8219
-20.1309
-20.4191
-20.6619
-20.8361
-20.9303
-20.9365
-20.8459
-20.6477
-20.3308
-19.8834
-19.2938
-18.5499
-17.6392
-16.5486
-15.2661
-13.7801
-12.1912
4.93233
5.9045
6.88564
7.76134
8.48592
9.11217
9.6106
9.98568
10.2556
10.4287
10.5205
10.5426
10.5051
10.4166
10.2831
10.1104
9.90329
9.66643
9.40489
9.12452
8.83244
8.53789
8.25107
7.9826
7.73619
7.50381
7.27907
7.06379
6.86192
6.67705
6.5132
6.37459
6.2657
6.19015
6.15086
6.14975
6.1868
6.25935
6.35044
3.9
2.80262
1.46534
-0.134753
-1.8366
-3.69892
-5.67015
-7.58229
-9.32981
-10.9026
-12.2708
-13.4132
-14.3638
-15.1541
-15.8075
-16.3556
-16.8228
-17.2272
-17.5859
-17.912
-18.2151
-18.5018
-18.7763
-19.0318
-19.2461
-19.3987
-19.4797
-19.4827
-19.4003
-19.2237
-18.9434
-18.5498
-18.0326
-17.3815
-16.5851
-15.6309
-14.5057
-13.1958
-11.7881
4.53025
5.45182
6.38376
7.21796
7.91035
8.51165
8.9936
9.35996
9.62817
9.8059
9.90753
9.94442
9.92582
9.85993
9.75263
9.60933
9.43448
9.23256
9.00821
8.76678
8.51465
8.2601
8.01214
7.7802
7.56753
7.36703
7.17281
6.98629
6.81059
6.64855
6.5032
6.37779
6.27565
6.19948
6.15132
6.13246
6.14273
6.18001
6.23204
3.55331
2.51646
1.2545
-0.25279
-1.85313
-3.6012
-5.44749
-7.23394
-8.86207
-10.3232
-11.5901
-12.6443
-13.5184
-14.2424
-14.8386
-15.3367
-15.7596
-16.1242
-16.4462
-16.7381
-17.0084
-17.2636
-17.5075
-17.734
-17.9231
-18.0568
-18.1264
-18.1268
-18.0521
-17.8947
-17.6469
-17.3007
-16.8473
-16.2779
-15.5821
-14.7479
-13.7621
-12.6092
-11.3644
4.16255
5.0359
5.92091
6.71536
7.37679
7.95389
8.41956
8.77695
9.04275
9.22393
9.33398
9.38371
9.38181
9.33605
9.25205
9.13491
8.98886
8.81804
8.62677
8.41989
8.20315
7.98388
7.77015
7.57022
7.38702
7.21423
7.04657
6.88504
6.73217
6.5901
6.46116
6.34776
6.2524
6.17697
6.12283
6.09071
6.08025
6.08961
6.11026
3.23829
2.25892
1.06847
-0.350912
-1.85517
-3.49525
-5.22367
-6.89182
-8.40792
-9.76455
-10.9371
-11.9095
-12.7128
-13.3758
-13.9197
-14.3723
-14.755
-15.0837
-15.3729
-15.6341
-15.8753
-16.1024
-16.3191
-16.52
-16.687
-16.804
-16.8639
-16.8624
-16.7946
-16.6545
-16.4355
-16.131
-15.7338
-15.236
-14.6285
-13.8999
-13.0372
-12.0239
-10.9254
3.82659
4.65401
5.49418
6.25052
6.88212
7.43572
7.8853
8.23348
8.49615
8.6797
8.79674
8.85757
8.87031
8.84234
8.77899
8.68509
8.5646
8.42142
8.25947
8.0832
7.89771
7.70956
7.52586
7.35394
7.1964
7.04771
6.90311
6.76329
6.63027
6.50567
6.39124
6.28878
6.20007
6.1264
6.06858
6.02688
6.00071
5.98834
5.98421
2.95243
2.02767
0.905045
-0.431009
-1.84436
-3.38241
-4.99963
-6.55647
-7.96747
-9.22642
-10.3112
-11.2077
-11.9457
-12.5527
-13.0487
-13.4598
-13.8062
-14.1025
-14.3622
-14.596
-14.8113
-15.0135
-15.2061
-15.3843
-15.5318
-15.6344
-15.6859
-15.683
-15.6217
-15.4969
-15.3035
-15.0358
-14.6879
-14.2529
-13.7228
-13.087
-12.3327
-11.4433
-10.4756
3.5199
4.30353
5.10087
5.82065
6.42351
6.95421
7.38787
7.72656
7.98544
8.17032
8.293
8.36329
8.38875
8.37638
8.33125
8.2579
8.16007
8.04134
7.90536
7.75611
7.59818
7.43739
7.28003
7.13256
6.99735
6.86957
6.74495
6.62397
6.50821
6.39889
6.29729
6.20473
6.12247
6.05131
5.99162
5.94329
5.90555
5.87663
5.85331
2.6934
1.82049
0.762239
-0.494883
-1.82218
-3.26388
-4.77623
-6.22838
-7.54084
-8.70852
-9.71155
-10.5377
-11.2156
-11.771
-12.2233
-12.5967
-12.9102
-13.1773
-13.4106
-13.6199
-13.8122
-13.9923
-14.1636
-14.3217
-14.4522
-14.5422
-14.5865
-14.5827
-14.5273
-14.4164
-14.2456
-14.0104
-13.7057
-13.3257
-12.8634
-12.3089
-11.65
-10.8703
-10.0191
3.24017
3.98207
4.73847
5.42316
5.99825
6.50667
6.92453
7.25345
7.50788
7.69312
7.82018
7.89837
7.93477
7.93599
7.90685
7.85159
7.77372
7.6766
7.56353
7.4381
7.30443
7.16766
7.03335
6.9072
6.7914
6.68174
6.57443
6.46977
6.36902
6.27304
6.1828
6.0992
6.02311
5.95496
5.8948
5.84223
5.79629
5.75508
5.71724
2.45901
1.63536
0.63816
-0.544171
-1.79009
-3.14075
-4.55418
-5.90793
-7.12797
-8.2104
-9.13743
-9.89852
-10.5208
-11.029
-11.4413
-11.7805
-12.0642
-12.305
-12.5147
-12.7021
-12.8739
-13.0344
-13.1868
-13.3273
-13.4428
-13.5219
-13.5602
-13.5557
-13.5059
-13.4074
-13.2567
-13.05
-12.7832
-12.4515
-12.0483
-11.5651
-10.9899
-10.3071
-9.55956
2.98526
3.68735
4.40461
5.0556
5.60388
6.09055
6.49273
6.81162
7.06097
7.24565
7.3759
7.46054
7.50623
7.51919
7.50396
7.46453
7.4042
7.32607
7.23315
7.12869
7.01632
6.90063
6.78647
6.67893
6.57996
6.48601
6.39367
6.30318
6.21544
6.13116
6.05093
5.97544
5.90519
5.8404
5.78081
5.72589
5.67441
5.62442
5.57595
2.24725
1.47036
0.531103
-0.580415
-1.74933
-3.01402
-4.33417
-5.59541
-6.72879
-7.7316
-8.58802
-9.28888
-9.86003
-10.3248
-10.7006
-11.0087
-11.2655
-11.4826
-11.671
-11.839
-11.9924
-12.1357
-12.2714
-12.3963
-12.4986
-12.5682
-12.6015
-12.5968
-12.5521
-12.4647
-12.3318
-12.1503
-11.9168
-11.6272
-11.2758
-10.8548
-10.3531
-9.75573
-9.10015
2.75318
3.41733
4.09715
4.71574
5.23809
5.70354
6.09012
6.39874
6.64241
6.82568
6.95796
7.0477
7.10115
7.12415
7.12093
7.09527
7.05026
6.98876
6.91351
6.82743
6.73377
6.63651
6.54
6.44864
6.36433
6.28395
6.20463
6.12637
6.05
5.97589
5.90457
5.83638
5.77168
5.7104
5.65222
5.59633
5.54147
5.48548
5.42955
2.05621
1.32374
0.439409
-0.605022
-1.70114
-2.88466
-4.11682
-5.29111
-6.34309
-7.27153
-8.0624
-8.70757
-9.23156
-9.65654
-9.99897
-10.2788
-10.5112
-10.707
-10.8764
-11.027
-11.1642
-11.292
-11.413
-11.5242
-11.615
-11.6764
-11.7054
-11.7007
-11.6607
-11.5834
-11.4662
-11.307
-11.1028
-10.8501
-10.5439
-10.1773
-9.73995
-9.21776
-8.64352
2.54211
3.17008
3.8141
4.40152
4.8988
5.34349
5.71457
6.01266
6.25008
6.43112
6.56437
6.65793
6.71776
6.74923
6.75629
6.74249
6.71077
6.66376
6.60393
6.53394
6.45663
6.37553
6.29443
6.21721
6.14561
6.07706
6.00898
5.94139
5.87487
5.80973
5.74626
5.68471
5.62519
5.56756
5.51132
5.45559
5.39897
5.33923
5.27839
1.8842
1.1939
0.361663
-0.619282
-1.64654
-2.75346
-3.90263
-4.99524
-5.97066
-6.82958
-7.55966
-8.15336
-8.63387
-9.02234
-9.33434
-9.58845
-9.79876
-9.97545
-10.1278
-10.2628
-10.3855
-10.4997
-10.6077
-10.7068
-10.7875
-10.8419
-10.8672
-10.8627
-10.8272
-10.7588
-10.6558
-10.5161
-10.3376
-10.1172
-9.85058
-9.53147
-9.15048
-8.6944
-8.192
2.35042
2.94388
3.55365
4.11103
4.58401
5.0084
5.36402
5.65134
5.88195
6.06004
6.19322
6.28947
6.35446
6.39297
6.40868
6.405
6.38474
6.35026
6.30384
6.24784
6.18482
6.11783
6.05019
5.98532
5.92481
5.86654
5.80827
5.74996
5.69207
5.63481
5.57834
5.52279
5.46816
5.41419
5.3603
5.30554
5.24843
5.18667
5.12293
1.72963
1.07937
0.296539
-0.624293
-1.58646
-2.62105
-3.69191
-4.70784
-5.61119
-6.40524
-7.079
-7.62508
-8.06545
-8.42036
-8.70455
-8.93531
-9.12566
-9.28506
-9.42207
-9.54319
-9.65307
-9.75511
-9.85151
-9.93994
-10.0118
-10.0601
-10.0825
-10.0784
-10.0469
-9.9866
-9.89609
-9.77379
-9.61784
-9.42574
-9.19374
-8.91619
-8.5845
-8.18649
-7.74742
2.1764
2.73694
3.31402
3.84248
4.29196
4.69638
5.0366
5.3129
5.53612
5.7106
5.84267
5.94062
6.00976
6.054
6.07684
6.08172
6.07127
6.0476
6.01274
5.96888
5.91826
5.86357
5.80768
5.75358
5.70277
5.65349
5.6038
5.55363
5.50333
5.45303
5.40282
5.35275
5.30271
5.25238
5.20114
5.14795
5.09134
5.0289
4.9638
1.59093
0.978638
0.242575
-0.621372
-1.52194
-2.48825
-3.485
-4.42882
-5.26399
-5.99783
-6.61976
-7.12169
-7.52485
-7.84886
-8.10765
-8.31715
-8.48941
-8.63322
-8.75646
-8.86514
-8.96353
-9.05479
-9.14094
-9.21994
-9.28409
-9.32704
-9.34695
-9.3434
-9.31569
-9.26275
-9.18342
-9.07647
-8.9404
-8.77314
-8.57141
-8.33018
-8.04165
-7.69461
-7.31137
2.01838
2.54767
3.09354
3.59423
4.02092
4.40588
4.73074
4.99576
5.21106
5.3814
5.51102
5.60964
5.68207
5.73086
5.75942
5.77146
5.76939
5.75501
5.73015
5.69679
5.65694
5.61295
5.5673
5.52263
5.4803
5.4389
5.39675
5.35376
5.31018
5.26608
5.22149
5.17642
5.1307
5.08398
5.03557
4.98444
4.92907
4.867
4.80177
1.46641
0.890038
0.198167
-0.612143
-1.4546
-2.3565
-3.2831
-4.15871
-4.92779
-5.6058
-6.18059
-6.64178
-7.01039
-7.30597
-7.5416
-7.73182
-7.88771
-8.01744
-8.1283
-8.22581
-8.31391
-8.39551
-8.47254
-8.54318
-8.6005
-8.63886
-8.65671
-8.65379
-8.62958
-8.58327
-8.51393
-8.42061
-8.30209
-8.15663
-7.98141
-7.77196
-7.52122
-7.21896
-6.8849
1.87526
2.37485
2.89093
3.3649
3.76957
4.13542
4.44503
4.69855
4.90553
5.07141
5.1969
5.29509
5.37002
5.42216
5.45512
5.47305
5.47811
5.47168
5.45542
5.43114
5.40066
5.36598
5.32933
5.29292
5.25808
5.22363
5.1882
5.15159
5.11402
5.07548
5.03601
4.99553
4.9539
4.91069
4.86527
4.81653
4.76297
4.70206
4.63766
1.35505
0.812644
0.162349
-0.597454
-1.38524
-2.22665
-3.08733
-3.8987
-4.60228
-5.22793
-5.75998
-6.18352
-6.52001
-6.78948
-7.00404
-7.17682
-7.31798
-7.4351
-7.53489
-7.62242
-7.70131
-7.77429
-7.84318
-7.90638
-7.95762
-7.99202
-8.00818
-8.00596
-7.98504
-7.94477
-7.88445
-7.80324
-7.70024
-7.57396
-7.42198
-7.24034
-7.02272
-6.7598
-6.46908
1.74697
2.21813
2.70545
3.15346
3.53653
3.88335
4.17774
4.41931
4.61766
4.77826
4.8985
4.99669
5.07357
5.12748
5.16342
5.18614
5.19715
5.1974
5.18839
5.17194
5.14949
5.12292
5.09403
5.06487
5.03658
5.00834
4.97887
4.94804
4.91587
4.88244
4.84764
4.81147
4.77369
4.73397
4.69159
4.64554
4.59423
4.53516
4.47233
1.25702
0.746829
0.136221
-0.575664
-1.31173
-2.09603
-2.89509
-3.64695
-4.29024
-4.86788
-5.35989
-5.74716
-6.05313
-6.29826
-6.49337
-6.65009
-6.77784
-6.88355
-6.97343
-7.05205
-7.12271
-7.18796
-7.24955
-7.30607
-7.35189
-7.38279
-7.39749
-7.39603
-7.37813
-7.34337
-7.29113
-7.22076
-7.13157
-7.02224
-6.8907
-6.73352
-6.54495
-6.31663
-6.06398
1.63269
2.07656
2.536
2.95868
3.32034
3.64784
3.92661
4.15538
4.34483
4.49852
4.61204
4.71326
4.79272
4.84625
4.88358
4.91036
4.92652
4.93234
4.92956
4.91978
4.90436
4.88472
4.86256
4.83963
4.81708
4.79423
4.77009
4.74436
4.7171
4.68828
4.65782
4.62561
4.59154
4.55518
4.51592
4.4727
4.42401
4.36724
4.30662
1.1716
0.692169
0.119724
-0.546174
-1.23247
-1.96194
-2.70212
-3.39718
-3.98826
-4.52844
-4.98321
-5.33329
-5.60936
-5.83183
-6.00887
-6.15063
-6.26593
-6.36128
-6.44225
-6.5129
-6.57622
-6.63451
-6.68945
-6.73986
-6.78083
-6.80858
-6.8221
-6.82142
-6.80641
-6.7767
-6.73181
-6.6712
-6.59433
-6.49998
-6.38649
-6.25075
-6.08776
-5.88994
-5.67095
1.54488
1.96705
2.40375
2.803
3.14285
3.44745
3.70338
3.90902
4.07686
4.2074
4.29852
4.41732
4.51618
4.57807
4.62349
4.66064
4.68694
4.70191
4.70772
4.70624
4.69853
4.68591
4.66998
4.65248
4.63465
4.61612
4.59613
4.5743
4.55079
4.52548
4.4979
4.46845
4.43695
4.40295
4.36582
4.32452
4.27761
4.22239
4.16321
1.10599
0.650459
0.106638
-0.521898
-1.16467
-1.8418
-2.51458
-3.13053
-3.63364
-4.18343
-4.62906
-4.95717
-5.21668
-5.42877
-5.59753
-5.73193
-5.84096
-5.93123
-6.00787
-6.07466
-6.13442
-6.18929
-6.24089
-6.28821
-6.32675
-6.35294
-6.36594
-6.36604
-6.35321
-6.32713
-6.28742
-6.23369
-6.1653
-6.08146
-5.98049
-5.8597
-5.71452
-5.53818
-5.34295
1.47533
1.87934
2.29573
2.6729
2.99033
3.26931
3.49791
3.67387
3.81132
3.90731
3.96373
4.11195
4.24121
4.31802
4.37643
4.42829
4.46841
4.49538
4.51194
4.52015
4.52105
4.51582
4.5061
4.49373
4.48012
4.46533
4.44879
4.4301
4.40958
4.38702
4.36133
4.33377
4.30407
4.27165
4.2358
4.19562
4.14964
4.09503
4.03641
1.05459
0.61845
0.0987734
-0.497162
-1.09932
-1.72342
-2.32333
-2.85455
-3.25653
-3.83808
-4.29307
-4.60971
-4.86105
-5.07021
-5.237
-5.36901
-5.47585
-5.56438
-5.63961
-5.70517
-5.76375
-5.81753
-5.86806
-5.91443
-5.95237
-5.97834
-5.99163
-5.99272
-5.98167
-5.95823
-5.92217
-5.87315
-5.8107
-5.73414
-5.64198
-5.53176
-5.39933
-5.23825
-5.05996
1.40757
1.79335
2.1894
2.54466
2.83999
3.09385
3.29605
3.44337
3.55185
3.61469
3.63894
3.80928
3.96518
4.05585
4.12565
4.19066
4.24377
4.28233
4.30929
4.32707
4.33657
4.33875
4.33522
4.32789
4.31842
4.30731
4.29423
4.27867
4.26114
4.24129
4.21747
4.19178
4.16396
4.13323
4.0989
4.06012
4.01547
3.96205
3.90481
1.00522
0.588747
0.093621
-0.469289
-1.03114
-1.60254
-2.13281
-2.5854
-2.89143
-3.49202
-3.9559
-4.26142
-4.50263
-4.70732
-4.87145
-5.00069
-5.10494
-5.1914
-5.26504
-5.32932
-5.38677
-5.43952
-5.48915
-5.53478
-5.57228
-5.59816
-5.61193
-5.61419
-5.60506
-5.58454
-5.55239
-5.50835
-5.45213
-5.38301
-5.29966
-5.19993
-5.07997
-4.93392
-4.77338
1.34201
1.70961
2.08545
2.41918
2.69284
2.92215
3.09898
3.21852
3.29951
3.32945
3.32449
3.50985
3.68785
3.79151
3.87153
3.94807
4.01315
4.06272
4.09978
4.12695
4.14509
4.15483
4.15766
4.1554
4.15
4.14241
4.13272
4.12027
4.10588
4.08881
4.06701
4.04325
4.01735
3.98828
3.95543
3.91799
3.87463
3.82224
3.76547
0.95812
0.561347
0.0908991
-0.438945
-0.961143
-1.48037
-1.9449
-2.32233
-2.54265
-3.14631
-3.61632
-3.91261
-4.14283
-4.34135
-4.502
-4.62809
-4.7294
-4.81337
-4.88512
-4.94792
-5.00421
-5.05592
-5.10464
-5.14948
-5.18637
-5.21182
-5.22565
-5.22849
-5.2207
-5.20237
-5.17339
-5.13368
-5.08301
-5.0208
-4.94581
-4.85622
-4.74832
-4.61649
-4.47013
1.27922
1.62889
1.98474
2.2975
2.55002
2.75547
2.90792
3.00021
3.0549
3.05108
3.01966
3.21349
3.40855
3.52402
3.61349
3.70041
3.77655
3.83666
3.8834
3.91972
3.94639
3.96389
3.97336
3.97655
3.97547
3.97156
3.96518
3.95574
3.94429
3.92989
3.91012
3.88846
3.86478
3.838
3.80748
3.77248
3.73173
3.68244
3.63058
0.913684
0.536467
0.0905184
-0.406571
-0.890255
-1.3581
-1.7612
-2.06538
-2.21197
-2.80339
-3.27413
-3.56279
-3.78201
-3.97304
-4.12921
-4.25181
-4.34976
-4.4309
-4.50037
-4.56155
-4.61674
-4.66783
-4.71614
-4.76102
-4.79837
-4.82478
-4.84006
-4.84494
-4.83992
-4.82513
-4.80062
-4.76637
-4.72215
-4.6674
-4.60106
-4.52131
-4.4252
-4.30812
-4.18213
1.21977
1.55196
1.88835
2.18077
2.41274
2.59505
2.72411
2.78946
2.81866
2.77912
2.72316
2.91956
3.1267
3.25229
3.35036
3.4468
3.53358
3.6042
3.66075
3.70616
3.74135
3.7665
3.78249
3.79101
3.79435
3.79448
3.79199
3.78622
3.77828
3.76685
3.74909
3.72898
3.70631
3.68002
3.64966
3.61475
3.57395
3.52347
3.46665
0.872194
0.514075
0.0921798
-0.372977
-0.819502
-1.23732
-1.58328
-1.81558
-1.89964
-2.46505
-2.92957
-3.21141
-3.42036
-3.6029
-3.75373
-3.87247
-3.96706
-4.04507
-4.11165
-4.1701
-4.22284
-4.27183
-4.31851
-4.36198
-4.39793
-4.42304
-4.4373
-4.44161
-4.43666
-4.42271
-4.40008
-4.36893
-4.32922
-4.28051
-4.222
-4.15192
-4.06695
-3.96098
-3.83906
1.16433
1.47997
1.79778
2.07062
2.28236
2.44201
2.54793
2.58575
2.58959
2.51163
2.43218
2.62654
2.84181
2.97562
3.08068
3.18511
3.28169
3.36298
3.43002
3.48559
3.53051
3.56461
3.58816
3.60216
3.60905
3.61175
3.61174
3.60878
3.60447
3.59707
3.5839
3.56915
3.55246
3.5324
3.50828
3.47949
3.44543
3.4047
3.36648
0.833777
0.493762
0.0949294
-0.339668
-0.750463
-1.11953
-1.41219
-1.57333
-1.6051
-2.13277
-2.58335
-2.85821
-3.05759
-3.23124
-3.37565
-3.48983
-3.58091
-3.65677
-3.72243
-3.78106
-3.83438
-3.88416
-3.93179
-3.97703
-4.0162
-4.04584
-4.06514
-4.07497
-4.07589
-4.06832
-4.05255
-4.02877
-3.9969
-3.95645
-3.90667
-3.84616
-3.77344
-3.68675
-3.60254
1.11359
1.41406
1.71462
1.96889
2.16068
2.29783
2.37935
2.38739
2.36517
2.24577
2.1419
2.33069
2.5523
2.69399
2.80541
2.91616
3.02038
3.11031
3.18662
3.25177
3.30656
3.351
3.38531
3.40991
3.42554
3.43429
3.43766
3.43575
3.43067
3.42133
3.40481
3.38534
3.36317
3.33749
3.30808
3.27428
3.23382
3.1801
3.11076
0.798534
0.475012
0.097479
-0.308655
-0.68515
-1.00672
-1.24895
-1.33961
-1.32667
-1.80688
-2.23607
-2.50256
-2.69316
-2.85794
-2.99599
-3.10476
-3.18939
-3.25685
-3.31336
-3.36316
-3.40924
-3.45348
-3.49697
-3.53794
-3.57162
-3.59516
-3.60907
-3.61428
-3.6114
-3.60088
-3.58337
-3.55939
-3.52932
-3.49312
-3.45009
-3.39841
-3.33353
-3.24601
-3.12988
1.06795
1.3545
1.63932
1.87659
2.04975
2.16575
2.22189
2.19907
2.15089
1.98347
1.84768
2.02657
2.25247
2.40259
2.52346
2.64432
2.75853
2.85779
2.94257
3.01511
3.07575
3.12391
3.16035
3.18767
3.20981
3.22964
3.24707
3.26178
3.27529
3.28166
3.28299
3.28291
3.27997
3.27225
3.25909
3.24075
3.21969
3.2006
3.20505
0.767077
0.458469
0.100274
-0.2803
-0.624841
-0.902371
-1.09835
-1.1173
-1.06293
-1.48744
-1.88785
-2.14428
-2.32616
-2.48094
-2.61228
-2.72097
-2.81237
-2.89079
-2.95888
-3.0182
-3.07089
-3.11913
-3.16573
-3.21225
-3.25692
-3.29493
-3.32394
-3.34442
-3.35692
-3.36183
-3.35932
-3.34946
-3.33218
-3.30729
-3.27455
-3.23402
-3.18784
-3.14192
-3.1249
1.02783
1.30155
1.5721
1.79435
1.95148
2.04977
2.08277
2.03449
1.96183
1.73015
1.54738
1.7138
1.93702
2.08629
2.2126
2.34662
2.47912
2.59914
2.70554
2.79989
2.88155
2.94796
2.99513
3.01996
3.02571
3.02162
3.01261
2.99874
2.98361
2.96828
2.94715
2.92069
2.89391
2.868
2.84163
2.8116
2.7699
2.69767
2.57413
0.740208
0.445471
0.10494
-0.253174
-0.569589
-0.811331
-0.967417
-0.910352
-0.812329
-1.17496
-1.53781
-1.78185
-1.95872
-2.10431
-2.21744
-2.2973
-2.35175
-2.39193
-2.42692
-2.46137
-2.49735
-2.53551
-2.57549
-2.61274
-2.64026
-2.65727
-2.66662
-2.66919
-2.66529
-2.65547
-2.64059
-2.62166
-2.59949
-2.57444
-2.5457
-2.51021
-2.45864
-2.37184
-2.22091
0.995095
1.26
1.51962
1.72855
1.8702
1.94979
1.95751
1.88523
1.77752
1.45746
1.22656
1.39875
1.62345
1.75791
1.86466
1.9834
2.10922
2.2317
2.34871
2.46092
2.56878
2.67391
2.77941
2.88502
2.97878
3.05369
3.11313
3.16575
3.21488
3.23882
3.26051
3.27881
3.28855
3.28903
3.28184
3.27135
3.27101
3.30716
3.42985
0.716574
0.431758
0.10468
-0.234753
-0.525746
-0.736672
-0.848396
-0.707006
-0.572084
-0.87221
-1.18493
-1.40691
-1.5803
-1.73983
-1.88976
-2.02673
-2.14746
-2.24753
-2.32658
-2.38746
-2.43518
-2.47476
-2.51307
-2.55873
-2.61564
-2.67472
-2.72712
-2.77169
-2.80892
-2.83906
-2.8616
-2.87575
-2.88118
-2.87797
-2.86741
-2.85307
-2.84628
-2.86945
-2.97587
0.973555
1.24028
1.49707
1.695
1.81685
1.8647
1.82593
1.70075
1.50776
1.07948
0.841132
1.05723
1.33557
1.50934
1.63198
1.74311
1.84692
1.94024
2.02246
2.09192
2.1415
2.15886
2.13558
2.0783
2.02529
1.99893
1.98407
1.96807
1.9528
1.93581
1.90998
1.88531
1.87361
1.86778
1.86136
1.84836
1.80813
1.69438
1.44854
0.691885
0.404583
0.0787106
-0.249774
-0.514625
-0.681768
-0.711109
-0.476798
-0.334669
-0.579197
-0.83938
-1.02877
-1.15651
-1.2297
-1.25397
-1.24777
-1.2317
-1.22333
-1.22991
-1.25079
-1.28266
-1.3221
-1.36377
-1.39471
-1.40249
-1.39498
-1.38417
-1.37135
-1.35615
-1.33826
-1.31922
-1.30062
-1.28366
-1.26856
-1.25364
-1.23272
-1.18639
-1.07869
-0.845309
0.963848
1.24142
1.50349
1.69547
1.79789
1.80763
1.70922
1.50385
1.18244
0.646907
0.373083
0.573758
0.888499
1.16905
1.43422
1.69478
1.95318
2.2104
2.47018
2.73825
3.02124
3.31972
3.61526
3.87034
4.02846
4.09394
4.16593
4.20666
4.29065
4.51569
4.41084
4.36926
4.38478
4.38681
4.36628
4.34863
4.36832
4.48364
4.74723
0.668308
0.366649
0.0293215
-0.298896
-0.542024
-0.656231
-0.574483
-0.252227
-0.10058
-0.265909
-0.487521
-0.740325
-1.0153
-1.30133
-1.56452
-1.77954
-1.94179
-2.04971
-2.11397
-2.14877
-2.16739
-2.18074
-2.20463
-2.26469
-2.37304
-2.49541
-2.60273
-2.69583
-2.78017
-2.85632
-2.9221
-2.97563
-3.01682
-3.04687
-3.07035
-3.09707
-3.15404
-3.28297
-3.56131
125.594
121.574
117.11
112.237
107.078
101.786
96.5076
91.329
86.2657
81.3356
76.5511
71.922
67.46
63.1743
59.0724
55.1603
51.4418
47.9188
44.5915
41.4583
38.5155
35.7588
33.1821
30.7789
28.542
26.4638
24.5364
22.7521
21.1038
19.584
18.1858
16.903
15.729
14.6581
13.6842
12.8019
12.0055
11.2894
10.6479
10.0754
9.56632
9.11475
8.715
8.36149
8.04858
7.77097
7.52351
7.30142
7.1002
6.91578
6.74443
6.58292
6.42839
6.2784
6.13092
5.98428
5.83719
5.68871
5.5382
5.38527
5.22977
5.07172
4.91132
4.74899
4.58528
4.42089
4.25662
4.11421
3.98761
3.8573
3.71786
3.58827
3.41884
3.33676
3.05301
3.20626
2.48059
3.50251
1.2916
4.94938
125.957
122.999
119.384
115.366
110.572
104.984
98.8716
92.6377
86.56
80.7033
75.0408
69.56
64.2736
59.1972
54.3387
49.6988
45.2743
41.0619
37.057
33.2541
29.6476
26.2314
22.9991
19.9431
17.0558
14.3309
11.7626
9.34605
7.07711
4.95269
2.97043
1.12803
-0.576515
-2.14472
-3.57826
-4.87903
-6.04919
-7.09133
-8.00846
-8.8042
-9.48267
-10.0485
-10.507
-10.8638
-11.1251
-11.2975
-11.3879
-11.4032
-11.3507
-11.2374
-11.0704
-10.8565
-10.6024
-10.3141
-9.9976
-9.6582
-9.30083
-8.92992
-8.54944
-8.16286
-7.77325
-7.38322
-6.99517
-6.61081
-6.23205
-5.85939
-5.49497
-5.18807
-4.91913
-4.64828
-4.35501
-4.08698
-3.74125
-3.54402
-3.03347
-3.12022
-2.10171
-3.04818
-0.697747
-3.68736
46.2306
46.0765
46.2794
46.4409
46.5526
46.566
46.4534
46.1954
45.7876
45.2347
44.5409
43.7129
42.7592
41.6892
40.5139
39.245
37.8961
36.4814
35.0147
33.5107
31.9843
30.4492
28.9187
27.4051
25.9196
24.4718
23.0699
21.7207
20.4298
19.2009
18.037
16.9398
15.9102
14.948
14.0529
13.2234
12.4581
11.7547
11.111
10.524
9.99083
9.50794
9.07181
8.67867
8.32459
8.00554
7.71761
7.45684
7.21948
7.00188
6.80071
6.61286
6.43555
6.26623
6.10275
5.94321
5.78605
5.63003
5.4742
5.31789
5.16062
5.00212
4.84232
4.6814
4.51971
4.35776
4.19631
4.05654
3.93242
3.80497
3.66837
3.54236
3.37693
3.29721
3.02221
3.16791
2.47292
3.44473
1.33732
4.84473
46.4298
46.3982
46.5188
46.7522
46.9859
47.1986
47.3256
47.2803
47.0158
46.5057
45.7297
44.6895
43.4032
41.8908
40.1772
38.2913
36.2618
34.1166
31.8839
29.5891
27.2566
24.9081
22.564
20.243
17.9617
15.7345
13.5732
11.4873
9.48405
7.5695
5.74849
4.02444
2.40011
0.87774
-0.540929
-1.85477
-3.06302
-4.16554
-5.16248
-6.05481
-6.84387
-7.53164
-8.12083
-8.61465
-9.01689
-9.33199
-9.56482
-9.72072
-9.8053
-9.82443
-9.78414
-9.69051
-9.54947
-9.36692
-9.14852
-8.89961
-8.62519
-8.32994
-8.01807
-7.69342
-7.35948
-7.01928
-6.67567
-6.33082
-5.9871
-5.64551
-5.30838
-5.02263
-4.77078
-4.51712
-4.23847
-3.987
-3.65272
-3.47149
-2.97137
-3.06632
-2.07457
-2.9897
-0.735443
-3.59171
23.1349
23.1169
23.1046
23.0703
23.0601
23.0648
23.0884
23.1278
23.1813
23.2425
23.3036
23.3571
23.3947
23.4084
23.3905
23.3331
23.23
23.0755
22.8647
22.5947
22.264
21.8724
21.4216
20.9148
20.3565
19.7526
19.1099
18.436
17.7388
17.0265
16.307
15.5881
14.8767
14.1793
13.5012
12.8474
12.2215
11.6266
11.0647
10.5372
10.0448
9.58729
9.16413
8.77416
8.41571
8.08681
7.78516
7.50832
7.25363
7.0185
6.8003
6.59654
6.40478
6.22283
6.04861
5.8803
5.7163
5.55528
5.39614
5.23802
5.08026
4.92238
4.76413
4.60545
4.44654
4.28772
4.12969
3.99307
3.87182
3.74746
3.6142
3.4913
3.33161
3.25187
2.99137
3.12063
2.47187
3.36948
1.39819
4.69522
23.0942
22.9071
22.6929
22.4758
22.2406
22.002
21.7681
21.5357
21.3092
21.0997
20.909
20.7314
20.555
20.3625
20.1357
19.8565
19.5088
19.0793
18.5586
17.941
17.2241
16.4087
15.4988
14.5008
13.4233
12.2772
11.0748
9.82959
8.55517
7.26532
5.97342
4.69199
3.4325
2.20573
1.02104
-0.113218
-1.18985
-2.20277
-3.14689
-4.01818
-4.81366
-5.53114
-6.16957
-6.72865
-7.20904
-7.61216
-7.9402
-8.19606
-8.38323
-8.50567
-8.5678
-8.57432
-8.53015
-8.44027
-8.30972
-8.14339
-7.94601
-7.72208
-7.47587
-7.21127
-6.93193
-6.64115
-6.34205
-6.03711
-5.72905
-5.41935
-5.1104
-4.84668
-4.6128
-4.37692
-4.11464
-3.87909
-3.56058
-3.38964
-2.9127
-2.99738
-2.06209
-2.90643
-0.794089
-3.47394
23.2475
23.2722
23.2649
23.231
23.171
23.0793
22.96
22.8129
22.6403
22.4434
22.2242
21.9851
21.7282
21.4558
21.1695
20.8709
20.5611
20.2407
19.9099
19.5685
19.2159
18.8508
18.4723
18.0791
17.6699
17.2441
16.8011
16.3412
15.8653
15.3748
14.872
14.3597
13.8412
13.3201
12.8004
12.2859
11.7803
11.2873
10.81
10.351
9.91257
9.49629
9.10323
8.73389
8.38825
8.06581
7.76568
7.48658
7.22702
6.98528
6.75956
6.54794
6.34857
6.15956
5.97918
5.80576
5.63784
5.47407
5.31336
5.15475
4.99752
4.84105
4.68493
4.52897
4.37319
4.21777
4.06333
3.92983
3.81128
3.68966
3.55935
3.43926
3.28427
3.20597
2.95549
3.07714
2.45555
3.31434
1.41744
4.59905
23.187
23.0762
22.9357
22.7708
22.5682
22.3138
21.9978
21.6118
21.1565
20.6477
20.1062
19.5424
18.9608
18.3642
17.7559
17.1386
16.5141
15.8825
15.2426
14.5925
13.9289
13.2476
12.5442
11.8146
11.0553
10.2637
9.43884
8.58083
7.69154
6.77429
5.83414
4.87716
3.91046
2.94198
1.97995
1.03269
0.108434
-0.785105
-1.64064
-2.4517
-3.21261
-3.91851
-4.56547
-5.1506
-5.67185
-6.12814
-6.51919
-6.84571
-7.10905
-7.31131
-7.45516
-7.54386
-7.58103
-7.57067
-7.51686
-7.42389
-7.29595
-7.13723
-6.95173
-6.74329
-6.51554
-6.27184
-6.01545
-5.74907
-5.47568
-5.19714
-4.91591
-4.67369
-4.45701
-4.23808
-3.99151
-3.77143
-3.46801
-3.3082
-2.85062
-2.93252
-2.03703
-2.84115
-0.816694
-3.39687
20.2557
20.2645
20.2714
20.274
20.2675
20.2506
20.2223
20.18
20.1221
20.0463
19.9511
19.8348
19.696
19.5337
19.3472
19.1362
18.9008
18.6415
18.3595
18.056
17.7325
17.3909
17.033
16.6609
16.2762
15.881
15.4767
15.0648
14.6468
14.2237
13.7968
13.3673
12.9364
12.5055
12.076
11.6498
11.2284
10.8139
10.4081
10.0129
9.63015
9.26129
8.90767
8.57028
8.24976
7.94641
7.66013
7.39057
7.137
6.89854
6.674
6.46218
6.26167
6.07113
5.88913
5.71436
5.54551
5.38143
5.22104
5.06349
4.90794
4.7538
4.60056
4.44793
4.29581
4.14424
3.99381
3.86372
3.74808
3.62937
3.50206
3.38472
3.23384
3.15766
2.91502
3.03314
2.43069
3.26564
1.41703
4.52706
20.2098
20.1141
20.0118
19.9128
19.8099
19.6958
19.565
19.4114
19.2253
18.9985
18.7298
18.4209
18.071
17.6784
17.2417
16.7609
16.2375
15.6738
15.0728
14.4378
13.7721
13.0788
12.3611
11.6221
10.8645
10.0908
9.30308
8.50297
7.69188
6.87133
6.04304
5.20907
4.37181
3.5345
2.70073
1.87482
1.06146
0.265806
-0.506884
-1.25124
-1.96215
-2.6346
-3.26417
-3.84696
-4.37976
-4.85995
-5.28575
-5.65615
-5.97085
-6.23028
-6.4356
-6.58857
-6.69155
-6.74732
-6.759
-6.72997
-6.66381
-6.56409
-6.43445
-6.2784
-6.09943
-5.90078
-5.68573
-5.45703
-5.21777
-4.97012
-4.71656
-4.49583
-4.2963
-4.09429
-3.86362
-3.65913
-3.37059
-3.22331
-2.78256
-2.86796
-2.00119
-2.78408
-0.818993
-3.33499
15.5133
15.5124
15.5161
15.5164
15.5147
15.5115
15.5063
15.4987
15.4883
15.4744
15.4562
15.4327
15.4027
15.3651
15.3182
15.2609
15.1914
15.1083
15.0103
14.8959
14.764
14.6138
14.4447
14.2564
14.049
13.8232
13.5796
13.3195
13.0443
12.7554
12.4547
12.1441
11.8253
11.5002
11.1706
10.8384
10.5052
10.1729
9.84298
9.51723
9.19715
8.88418
8.57964
8.2847
8.00031
7.72716
7.46577
7.21627
6.97867
6.75257
6.53754
6.33283
6.13768
5.95112
5.77227
5.60007
5.43361
5.27188
5.11408
4.95934
4.80697
4.65633
4.50695
4.35847
4.21075
4.06374
3.91794
3.79186
3.6797
3.56442
3.44057
3.32623
3.17961
3.10528
2.87109
2.9844
2.40366
3.2104
1.4168
4.44618
15.4784
15.3875
15.291
15.2007
15.1083
15.0107
14.9065
14.7936
14.6696
14.5305
14.3733
14.1982
14.0061
13.7963
13.5665
13.3141
13.0362
12.7311
12.3967
12.0312
11.6328
11.2001
10.7327
10.2309
9.69582
9.12939
8.53386
7.91186
7.26638
6.60061
5.91809
5.22223
4.51655
3.80465
3.09021
2.37692
1.66872
0.969543
0.283603
-0.384932
-1.03174
-1.65258
-2.24328
-2.80001
-3.31915
-3.79759
-4.23265
-4.62225
-4.9649
-5.25979
-5.50671
-5.70614
-5.85914
-5.96733
-6.0327
-6.05774
-6.0451
-5.99775
-5.91865
-5.81092
-5.67768
-5.52194
-5.34676
-5.1549
-4.94936
-4.73251
-4.50675
-4.30778
-4.12584
-3.94122
-3.72697
-3.53868
-3.26578
-3.13181
-2.70848
-2.79794
-1.96072
-2.72173
-0.818906
-3.26517
12.3155
12.3263
12.341
12.3519
12.362
12.3703
12.3767
12.3809
12.3828
12.382
12.3784
12.3715
12.3612
12.3471
12.3289
12.3061
12.2783
12.245
12.2055
12.1589
12.1047
12.0417
11.9691
11.8859
11.7911
11.6841
11.5639
11.4301
11.2824
11.1206
10.9451
10.7562
10.5549
10.342
10.1189
9.88691
9.64754
9.4024
9.15317
8.90145
8.6489
8.39699
8.14724
7.90101
7.65945
7.42367
7.19443
6.97243
6.75797
6.5513
6.35231
6.16089
5.97662
5.79911
5.62773
5.46196
5.30107
5.14451
4.99152
4.84154
4.69389
4.54806
4.4036
4.26019
4.11765
3.97587
3.8354
3.71389
3.60578
3.49452
3.37474
3.26372
3.12171
3.04883
2.82378
2.93081
2.37434
3.14852
1.41612
4.35524
12.2829
12.2102
12.1319
12.0571
11.9787
11.8952
11.8064
11.7101
11.6037
11.4848
11.3506
11.1998
11.034
10.8554
10.6649
10.4625
10.2476
10.0196
9.77786
9.52106
9.24739
8.95494
8.64199
8.30733
7.94984
7.56866
7.16305
6.7327
6.27766
5.79861
5.29682
4.77411
4.23263
3.67523
3.10497
2.52531
1.93991
1.35267
0.767543
0.188649
-0.379943
-0.934048
-1.46965
-1.98282
-2.46986
-2.9273
-3.35196
-3.74111
-4.0925
-4.4043
-4.67537
-4.90502
-5.09323
-5.24048
-5.3478
-5.41659
-5.44873
-5.44628
-5.41164
-5.34726
-5.25587
-5.14004
-5.0026
-4.84606
-4.67329
-4.48667
-4.28846
-4.11127
-3.94706
-3.77996
-3.58261
-3.4107
-3.15417
-3.03352
-2.6292
-2.72176
-1.91703
-2.65279
-0.817628
-3.18803
10.3325
10.3503
10.3709
10.3894
10.4081
10.4256
10.4421
10.4571
10.4705
10.4819
10.491
10.4974
10.5008
10.5008
10.4972
10.4895
10.4773
10.4604
10.4384
10.4108
10.3774
10.3379
10.292
10.2391
10.1792
10.1116
10.0361
9.9522
9.85956
9.75781
9.64664
9.52585
9.39538
9.25526
9.10572
8.94719
8.7802
8.60555
8.42413
8.237
8.04526
7.85014
7.65286
7.45463
7.2567
7.06008
6.86583
6.67466
6.4873
6.30414
6.12558
5.95166
5.78248
5.61784
5.45762
5.30146
5.14913
5.00013
4.85417
4.7107
4.5693
4.42953
4.29107
4.15361
4.01699
3.8811
3.74649
3.63007
3.52647
3.41973
3.30454
3.19729
3.06029
2.98871
2.77303
2.87319
2.34113
3.0826
1.41053
4.26263
10.3013
10.2434
10.1801
10.1185
10.054
9.98546
9.91394
9.83864
9.7573
9.66766
9.56729
9.45323
9.32388
9.18022
9.02403
8.85642
8.67772
8.48753
8.28516
8.0697
7.84012
7.59557
7.33565
7.0603
6.76956
6.46315
6.14068
5.80161
5.44551
5.07209
4.68143
4.27374
3.84959
3.40993
2.95615
2.48996
2.0136
1.52955
1.04076
0.550381
0.0618641
-0.421217
-0.895153
-1.35631
-1.80103
-2.22577
-2.62721
-3.00231
-3.3483
-3.66282
-3.94395
-4.19024
-4.40073
-4.57505
-4.71322
-4.81586
-4.88387
-4.91867
-4.92181
-4.89525
-4.84109
-4.76153
-4.65893
-4.53555
-4.39395
-4.23647
-4.0651
-3.90931
-3.7626
-3.61287
-3.43235
-3.27681
-3.03699
-2.92963
-2.545
-2.64033
-1.86885
-2.57958
-0.810871
-3.10869
8.73877
8.75641
8.77654
8.79571
8.81545
8.83488
8.85421
8.87317
8.89164
8.90939
8.92624
8.94196
8.9563
8.96896
8.97962
8.98792
8.99349
8.9959
8.99475
8.98961
8.98008
8.96574
8.94617
8.921
8.88986
8.85242
8.80838
8.75749
8.69952
8.63429
8.56164
8.48147
8.39371
8.29834
8.19541
8.08501
7.96732
7.84259
7.71125
7.5737
7.43058
7.28255
7.13035
6.97494
6.81709
6.65776
6.4977
6.33778
6.17859
6.02081
5.8648
5.71099
5.55952
5.41058
5.26413
5.12024
4.9787
4.8395
4.70235
4.56705
4.43325
4.30076
4.16929
4.03864
3.90867
3.77927
3.65106
3.54011
3.44138
3.33956
3.22952
3.1265
2.99504
2.92489
2.71859
2.81188
2.3037
3.0135
1.39919
4.17036
8.711
8.66267
8.60942
8.55684
8.50158
8.4428
8.3818
8.31908
8.2538
8.18432
8.10883
8.02523
7.93099
7.82472
7.70716
7.57987
7.44378
7.29875
7.14354
6.97657
6.79652
6.60268
6.39489
6.1733
5.938
5.68885
5.42541
5.14735
4.85442
4.54672
4.22448
3.8881
3.53799
3.17485
2.7994
2.4127
2.01594
1.61067
1.19865
0.782036
0.363161
-0.0552752
-0.470446
-0.879359
-1.27885
-1.66577
-2.03702
-2.38958
-2.72062
-3.0275
-3.30794
-3.55994
-3.782
-3.97296
-4.1322
-4.25948
-4.35507
-4.4195
-4.45383
-4.45928
-4.43751
-4.39011
-4.31908
-4.22622
-4.11381
-3.98401
-3.83844
-3.7034
-3.5738
-3.44102
-3.27727
-3.13779
-2.91482
-2.82039
-2.4559
-2.55415
-1.81556
-2.50325
-0.797777
-3.02896
7.37506
7.3915
7.41008
7.42821
7.44701
7.46596
7.48523
7.50466
7.5242
7.54373
7.56317
7.58238
7.6012
7.61944
7.63691
7.65338
7.66859
7.6823
7.69421
7.70402
7.7114
7.71598
7.71739
7.71522
7.70907
7.69853
7.68318
7.66266
7.63655
7.60455
7.56636
7.52173
7.4705
7.41255
7.34779
7.27625
7.19794
7.11304
7.02167
6.92414
6.82073
6.7118
6.59795
6.47956
6.35736
6.23182
6.1037
5.97353
5.84202
5.70964
5.57695
5.44429
5.31207
5.18043
5.04966
4.91977
4.79095
4.66314
4.5364
4.41057
4.28565
4.16146
4.03794
3.91489
3.79228
3.66996
3.54862
3.4435
3.34993
3.25338
3.14894
3.05065
2.92532
2.85694
2.6603
2.74664
2.26223
2.94053
1.38323
4.07688
7.3507
7.30992
7.26503
7.22023
7.17266
7.12162
7.06847
7.01407
6.95849
6.90098
6.84011
6.77438
6.70205
6.62113
6.5306
6.43119
6.32414
6.20996
6.08804
5.95698
5.81561
5.66354
5.50096
5.32804
5.14461
4.94997
4.74324
4.52361
4.29065
4.04425
3.78455
3.51173
3.22608
2.92798
2.61799
2.29681
1.9654
1.62485
1.27653
0.921973
0.562972
0.201487
-0.160278
-0.51996
-0.875035
-1.22289
-1.56081
-1.8861
-2.19608
-2.48817
-2.75996
-3.00926
-3.23416
-3.43311
-3.60489
-3.74874
-3.86419
-3.95127
-4.01033
-4.04216
-4.04773
-4.02827
-3.98516
-3.91995
-3.83442
-3.73053
-3.60945
-3.49435
-3.38133
-3.2651
-3.11779
-2.99407
-2.78786
-2.70616
-2.36182
-2.46308
-1.75694
-2.4231
-0.778918
-2.94717
6.2725
6.28866
6.30659
6.32427
6.34262
6.36125
6.3803
6.39966
6.41933
6.43924
6.45934
6.47954
6.49974
6.51983
6.5397
6.55919
6.57818
6.59648
6.61391
6.63026
6.64534
6.65885
6.67057
6.68021
6.68747
6.69203
6.69357
6.69176
6.68622
6.6766
6.66257
6.64379
6.61995
6.59076
6.556
6.51548
6.46906
6.41664
6.35825
6.29391
6.22371
6.14794
6.0667
5.98041
5.88932
5.79396
5.69467
5.59208
5.48655
5.37865
5.26877
5.15737
5.04474
4.93124
4.817
4.70236
4.58737
4.47225
4.357
4.24182
4.1267
4.01177
3.89694
3.78225
3.66759
3.5529
3.4389
3.33989
3.25171
3.16067
3.06218
2.96906
2.85044
2.78433
2.59772
2.6772
2.21676
2.86357
1.36299
3.98065
6.25045
6.21567
6.17765
6.13969
6.09936
6.05586
6.01034
5.96367
5.91601
5.86716
5.81632
5.76232
5.70399
5.64001
5.56878
5.48942
5.4023
5.30818
5.20729
5.09916
4.98309
4.85891
4.7269
4.58731
4.43976
4.2834
4.11721
3.94048
3.75291
3.55448
3.34518
3.12498
2.89372
2.6514
2.39809
2.13415
1.86008
1.57661
1.28467
0.985393
0.680082
0.370273
0.0576668
-0.255861
-0.568301
-0.87746
-1.18105
-1.47671
-1.76205
-2.03467
-2.29225
-2.53256
-2.75359
-2.95349
-3.13076
-3.28411
-3.41268
-3.51593
-3.59381
-3.64646
-3.67451
-3.67852
-3.65963
-3.61884
-3.55762
-3.47757
-3.37946
-3.28329
-3.18621
-3.08588
-2.95473
-2.84625
-2.6567
-2.58717
-2.26305
-2.3673
-1.6934
-2.33894
-0.755282
-2.86305
5.3912
5.40663
5.42352
5.44039
5.45788
5.47571
5.49396
5.51258
5.53157
5.55088
5.5705
5.59037
5.61047
5.63072
5.65108
5.67145
5.69176
5.71188
5.73169
5.75103
5.76976
5.78766
5.80456
5.82024
5.83449
5.84705
5.85769
5.86615
5.87215
5.87539
5.87562
5.87252
5.86581
5.8552
5.84043
5.82123
5.79737
5.76866
5.73494
5.69609
5.65205
5.60273
5.54822
5.48851
5.42388
5.35446
5.28061
5.20257
5.12075
5.03547
4.94717
4.85613
4.76273
4.66717
4.5698
4.47076
4.3703
4.26847
4.16558
4.06174
3.95723
3.85214
3.74669
3.64083
3.53467
3.42805
3.32174
3.22909
3.14649
3.0611
2.9688
2.88116
2.76973
2.70638
2.53037
2.60316
2.16695
2.78235
1.3385
3.88156
5.37131
5.34156
5.30916
5.27686
5.24284
5.20632
5.16785
5.12791
5.08649
5.04347
4.99868
4.95173
4.90196
4.84868
4.79083
4.72699
4.65614
4.57833
4.49415
4.40396
4.30781
4.20556
4.09717
3.98254
3.86115
3.73211
3.59459
3.44821
3.29298
3.12908
2.95654
2.77516
2.58459
2.38463
2.17519
1.9564
1.72852
1.49198
1.2473
0.995201
0.73653
0.472354
0.203904
-0.0674387
-0.340066
-0.612232
-0.882031
-1.14749
-1.40653
-1.657
-1.89679
-2.12377
-2.33593
-2.53138
-2.70838
-2.86542
-3.00124
-3.11505
-3.20623
-3.27465
-3.32029
-3.34354
-3.34491
-3.32528
-3.2855
-3.22704
-3.15007
-3.07166
-2.9897
-2.90463
-2.78902
-2.69527
-2.52203
-2.46431
-2.16017
-2.2672
-1.62531
-2.25078
-0.727042
-2.77582
4.65444
4.66842
4.6837
4.6992
4.71537
4.73202
4.74917
4.76679
4.78485
4.80334
4.82222
4.8415
4.86112
4.88108
4.90133
4.92183
4.94252
4.96335
4.9842
5.005
5.02563
5.04599
5.06589
5.08522
5.10378
5.12141
5.13788
5.15298
5.16648
5.17815
5.18773
5.19498
5.19964
5.20145
5.20017
5.19556
5.18735
5.17534
5.15932
5.13908
5.11447
5.08534
5.0516
5.01319
4.97007
4.9223
4.86993
4.81317
4.75217
4.68722
4.61851
4.54638
4.47101
4.39274
4.31171
4.22817
4.14216
4.05397
3.96371
3.87172
3.77817
3.68344
3.58765
3.49105
3.39365
3.29543
3.19707
3.111
3.03407
2.95448
2.86844
2.78646
2.68251
2.62237
2.45743
2.52396
2.1123
2.69681
1.30972
3.77926
4.63705
4.61187
4.58455
4.55729
4.52877
4.49832
4.46606
4.43182
4.39519
4.3561
4.31487
4.27201
4.22771
4.18171
4.13332
4.08138
4.02433
3.96108
3.89158
3.81653
3.73656
3.65197
3.56257
3.46793
3.36742
3.26032
3.14606
3.02451
2.8958
2.76006
2.61716
2.4667
2.30824
2.1415
1.96647
1.78326
1.59208
1.39317
1.18686
0.973564
0.753836
0.52837
0.298044
0.0638607
-0.172974
-0.411117
-0.649082
-0.885256
-1.11789
-1.34517
-1.56522
-1.77613
-1.976
-2.163
-2.33531
-2.49128
-2.62959
-2.74901
-2.84877
-2.92818
-2.98707
-3.0253
-3.04328
-3.04133
-3.02011
-2.98068
-2.9229
-2.86088
-2.79312
-2.72239
-2.62179
-2.54204
-2.38477
-2.33817
-2.05387
-2.16343
-1.55335
-2.15912
-0.695027
-2.68592
4.02929
4.0419
4.05564
4.06964
4.08433
4.09952
4.11529
4.13158
4.14842
4.16574
4.18358
4.20186
4.22062
4.23979
4.2594
4.27936
4.2997
4.32031
4.3412
4.36227
4.38349
4.40474
4.42598
4.44705
4.46788
4.48828
4.50816
4.52729
4.54554
4.56266
4.57849
4.59277
4.6053
4.61581
4.6241
4.6299
4.633
4.63315
4.63012
4.62371
4.6137
4.59992
4.58218
4.56035
4.53432
4.50399
4.46934
4.43038
4.38718
4.33981
4.28844
4.23322
4.17438
4.11204
4.04643
3.97758
3.90568
3.83083
3.75326
3.67311
3.59078
3.50646
3.4206
3.33331
3.24485
3.1551
3.06489
2.98547
2.91438
2.84054
2.76085
2.68458
2.58826
2.5316
2.37818
2.43887
2.05218
2.60616
1.27677
3.67294
4.01385
3.99209
3.96851
3.94484
3.92004
3.89347
3.86516
3.8347
3.80142
3.76516
3.7267
3.68719
3.64754
3.60785
3.56743
3.52508
3.47936
3.42865
3.37199
3.30949
3.24205
3.1705
3.09519
3.01579
2.93173
2.84238
2.74741
2.64671
2.54035
2.42824
2.31003
2.18516
2.05318
1.9139
1.76738
1.61375
1.45315
1.28568
1.11147
0.930766
0.743904
0.551395
0.353853
0.152039
-0.0531662
-0.260731
-0.469508
-0.678197
-0.885405
-1.08962
-1.28925
-1.48263
-1.66808
-1.84381
-2.00813
-2.15947
-2.29627
-2.41732
-2.52143
-2.60781
-2.67586
-2.72537
-2.75625
-2.76877
-2.76306
-2.74015
-2.69935
-2.65222
-2.59756
-2.54029
-2.45385
-2.38743
-2.24556
-2.20962
-1.94478
-2.05646
-1.47804
-2.064
-0.659791
-2.59216
3.48742
3.49896
3.51142
3.52417
3.53756
3.55151
3.56608
3.58128
3.59711
3.61356
3.6306
3.64823
3.66641
3.6851
3.70429
3.72395
3.74403
3.76451
3.78534
3.80651
3.82794
3.84961
3.87142
3.89333
3.91524
3.93706
3.95868
3.98
4.00086
4.02113
4.04063
4.0592
4.07664
4.09277
4.10735
4.1202
4.13107
4.13976
4.14602
4.14964
4.15041
4.1481
4.14249
4.13341
4.12067
4.10413
4.08367
4.05921
4.03072
3.99817
3.96163
3.92118
3.8769
3.82892
3.77728
3.72209
3.66341
3.60136
3.53598
3.46754
3.39618
3.32233
3.24624
3.16831
3.08865
3.00742
2.92525
2.85262
2.78723
2.71929
2.64583
2.57526
2.48656
2.43357
2.29191
2.34721
1.98606
2.50976
1.23972
3.56113
3.47371
3.45477
3.43408
3.41306
3.39082
3.36682
3.34105
3.31335
3.28331
3.25083
3.21661
3.18205
3.1482
3.11525
3.08236
3.04822
3.01143
2.97069
2.9248
2.87316
2.8162
2.75501
2.69055
2.62315
2.55242
2.47773
2.39862
2.31489
2.22643
2.13298
2.03414
1.92943
1.81857
1.7015
1.57838
1.44928
1.31423
1.17314
1.02601
0.872911
0.714082
0.549848
0.380673
0.207092
0.0297777
-0.150496
-0.33283
-0.516215
-0.699528
-0.881551
-1.06094
-1.2363
-1.4061
-1.56881
-1.72293
-1.86686
-1.99919
-2.11849
-2.22356
-2.31332
-2.38715
-2.44443
-2.48503
-2.5088
-2.51581
-2.50672
-2.48072
-2.44678
-2.40408
-2.35907
-2.28606
-2.23206
-2.10512
-2.079
-1.83351
-1.94674
-1.40032
-1.9656
-0.622804
-2.49364
3.04127
3.05223
3.06383
3.07556
3.0877
3.1002
3.11317
3.12661
3.1406
3.15516
3.17031
3.18606
3.20241
3.21935
3.23688
3.25496
3.27359
3.29274
3.31239
3.33249
3.35304
3.37395
3.39523
3.41677
3.43855
3.46046
3.48247
3.50444
3.5263
3.54791
3.56918
3.58992
3.61003
3.6293
3.64759
3.6647
3.68045
3.69463
3.70703
3.71744
3.72565
3.73144
3.73458
3.73486
3.73207
3.72603
3.71657
3.70354
3.68683
3.66638
3.64214
3.61413
3.58236
3.54683
3.50758
3.46464
3.41806
3.3678
3.31396
3.25657
3.19589
3.13211
3.06564
2.99673
2.92577
2.85274
2.77859
2.71243
2.65286
2.59057
2.52335
2.45834
2.37717
2.32784
2.19818
2.24823
1.91363
2.40636
1.19888
3.44207
3.02841
3.01118
2.99239
2.97314
2.95271
2.93059
2.90682
2.88143
2.85446
2.82616
2.79711
2.76813
2.73989
2.71223
2.68427
2.65476
2.62267
2.58726
2.54804
2.50447
2.45634
2.40414
2.34888
2.2913
2.23142
2.16853
2.10191
2.03111
1.95596
1.87628
1.79183
1.70241
1.60794
1.50853
1.40427
1.29515
1.18099
1.06159
0.936821
0.806728
0.671436
0.531203
0.386323
0.237191
0.0842674
-0.0718621
-0.230519
-0.390918
-0.552179
-0.713293
-0.873196
-1.03066
-1.18445
-1.33323
-1.47565
-1.6103
-1.73581
-1.85078
-1.95396
-2.04429
-2.12085
-2.18302
-2.2303
-2.26257
-2.27946
-2.28176
-2.26811
-2.2457
-2.21348
-2.17969
-2.11898
-2.07656
-1.96392
-1.94697
-1.72064
-1.83436
-1.32113
-1.863
-0.585586
-2.38789
2.64296
2.65331
2.66438
2.67573
2.68748
2.6996
2.71209
2.72498
2.73828
2.75205
2.7663
2.78108
2.79639
2.81228
2.82874
2.84577
2.86338
2.88155
2.90025
2.91949
2.93921
2.9594
2.98
3.001
3.02233
3.04396
3.0658
3.0878
3.10987
3.13194
3.1539
3.17564
3.19703
3.21796
3.23825
3.25779
3.2764
3.29391
3.31013
3.32488
3.33796
3.34917
3.35829
3.36513
3.36947
3.37111
3.36986
3.36555
3.35801
3.34714
3.33284
3.31502
3.29365
3.26865
3.24006
3.20784
3.17194
3.13232
3.08894
3.04187
2.99113
2.937
2.87963
2.81949
2.75677
2.69178
2.62511
2.56542
2.51126
2.45461
2.39326
2.33374
2.25988
2.21408
2.09665
2.14105
1.83491
2.29425
1.15523
3.31265
2.63129
2.61616
2.5998
2.5831
2.56547
2.54655
2.5264
2.50519
2.48307
2.46049
2.43791
2.41562
2.39331
2.37037
2.34582
2.31886
2.28911
2.25671
2.22192
2.18476
2.1448
2.1018
2.05593
2.0077
1.95734
1.90443
1.84803
1.78745
1.72249
1.65331
1.58005
1.50285
1.42177
1.33689
1.24815
1.15535
1.0582
0.956433
0.849947
0.738777
0.623058
0.502964
0.378696
0.250497
0.118683
-0.0163315
-0.154046
-0.293864
-0.435082
-0.576926
-0.718475
-0.858797
-0.996784
-1.13139
-1.26137
-1.38555
-1.50263
-1.61138
-1.71058
-1.79914
-1.8761
-1.94059
-1.99215
-2.03027
-2.05473
-2.06583
-2.0624
-2.04955
-2.0266
-2.00246
-1.95317
-1.92118
-1.82262
-1.81334
-1.60726
-1.71866
-1.24268
-1.75445
-0.552698
-2.27094
2.30731
2.31646
2.32638
2.33671
2.34756
2.35884
2.37056
2.38267
2.39518
2.40809
2.42141
2.43516
2.44938
2.46409
2.47931
2.49506
2.51138
2.52824
2.54567
2.56364
2.58215
2.60117
2.62069
2.64065
2.66103
2.68178
2.70287
2.72422
2.74577
2.76746
2.78922
2.81094
2.83255
2.8539
2.87492
2.89546
2.91542
2.93459
2.95288
2.97009
2.98607
3.0006
3.01354
3.02466
3.03382
3.04077
3.04536
3.04739
3.04669
3.04311
3.03651
3.02674
3.01371
2.99737
2.97761
2.95438
2.9276
2.89717
2.86307
2.82516
2.78356
2.7382
2.68943
2.63743
2.58262
2.52507
2.46566
2.41184
2.36299
2.31143
2.25583
2.20129
2.13469
2.09175
1.98733
2.02435
1.75028
2.17123
1.11076
3.17066
2.29712
2.28408
2.27002
2.2557
2.24072
2.22486
2.20833
2.1913
2.174
2.15669
2.13968
2.12265
2.10416
2.08176
2.0538
2.02044
1.98341
1.94518
1.90842
1.8754
1.84682
1.82076
1.79334
1.76059
1.72041
1.67373
1.62303
1.56959
1.51309
1.45303
1.38949
1.32285
1.25336
1.18094
1.10528
1.02598
0.942755
0.855431
0.764028
0.668629
0.569383
0.466387
0.359756
0.249598
0.136131
0.019614
-0.0995651
-0.220972
-0.344058
-0.468202
-0.592697
-0.716743
-0.83947
-0.959945
-1.0772
-1.19018
-1.2978
-1.39898
-1.49254
-1.57749
-1.65274
-1.71753
-1.771
-1.8129
-1.84248
-1.86022
-1.86463
-1.85962
-1.84431
-1.82841
-1.78945
-1.76632
-1.6819
-1.67797
-1.49491
-1.59841
-1.16787
-1.6372
-0.528511
-2.1388
1.9269
1.9343
1.94228
1.95065
1.95955
1.96897
1.9789
1.98932
2.00025
2.01165
2.02351
2.03583
2.04861
2.06184
2.07555
2.08975
2.10445
2.11965
2.13537
2.15163
2.16844
2.18578
2.20366
2.22207
2.24098
2.26037
2.28025
2.30051
2.32117
2.34215
2.36342
2.38488
2.4065
2.42813
2.44973
2.47119
2.49243
2.51325
2.53361
2.55332
2.57226
2.59023
2.60713
2.62276
2.63699
2.64958
2.66039
2.66924
2.67592
2.68029
2.68213
2.6813
2.67763
2.67102
2.6613
2.64838
2.63212
2.61245
2.58918
2.56226
2.53152
2.49702
2.45886
2.41723
2.37235
2.32446
2.27415
2.22811
2.18583
2.14104
2.09262
2.04444
1.98728
1.94743
1.86072
1.88704
1.65593
2.02836
1.06622
3.00995
1.91878
1.90842
1.89708
1.88538
1.87307
1.86006
1.84652
1.83267
1.81858
1.80417
1.78934
1.77386
1.75745
1.73946
1.71875
1.69455
1.66757
1.63951
1.61174
1.58471
1.55809
1.53122
1.50301
1.47254
1.43944
1.40318
1.3632
1.31962
1.27309
1.22414
1.17303
1.11982
1.06441
1.00646
0.945592
0.881389
0.813702
0.742483
0.667895
0.590009
0.508969
0.424753
0.337415
0.246953
0.153508
0.057213
-0.0416598
-0.14281
-0.245874
-0.350371
-0.455827
-0.561603
-0.66709
-0.771491
-0.874147
-0.974111
-1.07057
-1.16253
-1.24905
-1.32908
-1.40174
-1.46604
-1.52124
-1.56667
-1.60165
-1.62625
-1.63933
-1.64235
-1.63597
-1.62817
-1.60223
-1.58657
-1.52269
-1.5189
-1.37219
-1.45373
-1.09464
-1.4919
-0.520289
-1.97444
1.55667
1.56271
1.56904
1.57557
1.58241
1.58961
1.59719
1.6052
1.61367
1.62262
1.63201
1.64187
1.65222
1.66302
1.67429
1.68603
1.69822
1.71089
1.72404
1.73768
1.75183
1.76647
1.78166
1.79737
1.81361
1.83039
1.84772
1.86556
1.88393
1.90279
1.92215
1.94194
1.96216
1.98271
2.00355
2.02461
2.04584
2.0671
2.08833
2.10936
2.13015
2.15049
2.17031
2.18943
2.20774
2.22501
2.24111
2.25587
2.26908
2.28054
2.29006
2.29749
2.30261
2.30525
2.30525
2.30248
2.29674
2.28792
2.27579
2.26022
2.24102
2.21817
2.19164
2.16151
2.12795
2.09106
2.05156
2.01441
1.98004
1.94302
1.90305
1.86274
1.8155
1.78229
1.71021
1.73684
1.53431
1.8884
0.987405
2.88509
1.55005
1.54176
1.5326
1.52301
1.5128
1.50199
1.49078
1.47942
1.468
1.45642
1.44443
1.43176
1.41826
1.40404
1.38911
1.37306
1.35526
1.33569
1.31487
1.29324
1.27056
1.24656
1.22144
1.19552
1.16883
1.14089
1.11079
1.07771
1.04188
1.00425
0.965491
0.925579
0.884137
0.840583
0.794386
0.74511
0.692726
0.637349
0.579285
0.518626
0.455458
0.389622
0.321085
0.249746
0.175697
0.0990091
0.0198761
-0.0615076
-0.144895
-0.229977
-0.316436
-0.403842
-0.491789
-0.57968
-0.667042
-0.753156
-0.837399
-0.918949
-0.997089
-1.07087
-1.13951
-1.20202
-1.25759
-1.30541
-1.3447
-1.37541
-1.39625
-1.40726
-1.40885
-1.41001
-1.39517
-1.39055
-1.34191
-1.34888
-1.2237
-1.31072
-0.984852
-1.374
-0.454756
-1.89181
1.25672
1.2626
1.26872
1.27496
1.2814
1.28799
1.2948
1.30185
1.30921
1.31685
1.32486
1.33321
1.34198
1.35112
1.3607
1.37068
1.3811
1.39194
1.40324
1.41497
1.42716
1.43978
1.45288
1.46642
1.48044
1.49491
1.50986
1.52527
1.54116
1.55751
1.57436
1.59165
1.60941
1.6276
1.64621
1.66518
1.68451
1.70412
1.72396
1.74391
1.76397
1.78395
1.80379
1.82338
1.84259
1.86122
1.87917
1.89627
1.91231
1.92711
1.9405
1.95232
1.96235
1.97042
1.97638
1.98005
1.98123
1.97981
1.97552
1.96823
1.9577
1.94385
1.92656
1.90587
1.88178
1.85445
1.8242
1.7951
1.76756
1.73772
1.70508
1.67217
1.63358
1.60699
1.54776
1.57628
1.39871
1.74136
0.893388
2.75828
1.25029
1.2428
1.23494
1.22701
1.21888
1.21042
1.20173
1.19289
1.18402
1.17499
1.16551
1.155
1.14294
1.12902
1.11336
1.09643
1.07871
1.06041
1.04186
1.02373
1.00676
0.990923
0.97548
0.959223
0.941161
0.92049
0.897124
0.871368
0.843669
0.814429
0.784292
0.753487
0.72178
0.688471
0.652961
0.614817
0.574125
0.531105
0.486127
0.439245
0.390428
0.339379
0.285984
0.230088
0.171796
0.111158
0.0483462
-0.0165418
-0.083333
-0.151866
-0.22192
-0.293206
-0.365462
-0.438227
-0.51119
-0.583776
-0.655574
-0.725919
-0.794308
-0.859922
-0.922113
-0.979926
-1.03259
-1.07929
-1.11924
-1.15226
-1.17712
-1.1927
-1.1995
-1.20647
-1.19968
-1.20315
-1.16654
-1.18294
-1.07528
-1.17049
-0.870048
-1.26391
-0.379977
-1.82445
0.990621
0.995902
1.00144
1.00714
1.01302
1.01907
1.02528
1.03167
1.03827
1.04507
1.05211
1.05941
1.06702
1.07492
1.08319
1.09181
1.10082
1.11024
1.1201
1.13037
1.14112
1.1523
1.16397
1.17608
1.18868
1.20173
1.21524
1.2292
1.24361
1.25845
1.27373
1.28942
1.30552
1.32202
1.33892
1.35618
1.37382
1.39178
1.41005
1.42855
1.4473
1.46615
1.48506
1.50393
1.52267
1.54113
1.5592
1.57674
1.59357
1.60953
1.62444
1.63821
1.65058
1.66145
1.67065
1.67802
1.68338
1.68662
1.6875
1.68587
1.68146
1.67421
1.66392
1.6506
1.63418
1.61469
1.59236
1.57008
1.54873
1.52502
1.49912
1.47249
1.44183
1.42089
1.37371
1.40323
1.2508
1.57979
0.788867
2.60782
0.984938
0.97841
0.971582
0.964745
0.957876
0.950963
0.944054
0.937077
0.929912
0.922364
0.914146
0.904839
0.894004
0.8815
0.867623
0.853133
0.838807
0.825111
0.812045
0.79929
0.786759
0.774594
0.762773
0.750594
0.737162
0.721677
0.703861
0.683817
0.662137
0.639258
0.615552
0.591203
0.566332
0.540551
0.513344
0.484255
0.453329
0.42074
0.3868
0.351489
0.31466
0.275946
0.235179
0.192243
0.147271
0.100332
0.0515599
0.000975107
-0.0513519
-0.10534
-0.160872
-0.217726
-0.275751
-0.334593
-0.394059
-0.453706
-0.513273
-0.572238
-0.630251
-0.686616
-0.740814
-0.792013
-0.839537
-0.882667
-0.920608
-0.953159
-0.978937
-0.996632
-1.00608
-1.0165
-1.01486
-1.02378
-0.996435
-1.01987
-0.927933
-1.02912
-0.755025
-1.14937
-0.30807
-1.7381
0.768273
0.772676
0.777328
0.782157
0.787178
0.792381
0.797744
0.803268
0.808943
0.814752
0.820703
0.826792
0.833035
0.839429
0.846026
0.852835
0.859892
0.867222
0.874875
0.882862
0.891243
0.900042
0.909307
0.919029
0.929269
0.940023
0.951311
0.963123
0.975479
0.988342
1.00173
1.01559
1.02991
1.04468
1.05989
1.07548
1.09148
1.10782
1.12451
1.14148
1.15875
1.17623
1.19388
1.21159
1.22932
1.24695
1.26437
1.28146
1.29808
1.31408
1.32931
1.34367
1.35694
1.36906
1.37984
1.3892
1.39694
1.40302
1.40718
1.40931
1.40914
1.4066
1.4015
1.39383
1.38347
1.3704
1.35466
1.33842
1.32234
1.30426
1.28405
1.26324
1.23929
1.22353
1.18688
1.21681
1.08791
1.40206
0.66857
2.43104
0.763712
0.758493
0.752911
0.747184
0.741463
0.73591
0.730564
0.725144
0.719267
0.712656
0.705239
0.696933
0.68753
0.676898
0.665312
0.65356
0.642507
0.632554
0.623562
0.615065
0.606575
0.597652
0.588149
0.577899
0.56656
0.553637
0.538932
0.522551
0.5049
0.486439
0.467578
0.448348
0.428742
0.408686
0.388008
0.366343
0.343559
0.319649
0.294771
0.268882
0.241823
0.213263
0.18304
0.15108
0.11752
0.0824222
0.0458534
0.00775157
-0.0318949
-0.0730803
-0.115754
-0.15977
-0.205057
-0.251349
-0.298551
-0.3463
-0.394451
-0.442542
-0.490362
-0.537303
-0.583018
-0.626794
-0.668124
-0.706336
-0.740749
-0.771001
-0.795986
-0.813837
-0.824492
-0.836313
-0.837967
-0.84992
-0.829818
-0.857794
-0.779863
-0.88498
-0.636256
-1.02814
-0.232891
-1.63682
0.572872
0.576356
0.580068
0.583972
0.588149
0.59258
0.597305
0.602296
0.60758
0.613095
0.61886
0.624806
0.630935
0.637178
0.643558
0.649999
0.656517
0.663072
0.669718
0.676409
0.683218
0.690135
0.697252
0.704554
0.712154
0.720056
0.728361
0.737078
0.746296
0.756006
0.766283
0.777078
0.788448
0.800356
0.812812
0.825766
0.83923
0.853137
0.867489
0.88222
0.897321
0.912713
0.928355
0.944153
0.960054
0.975974
0.991793
1.00742
1.02273
1.03762
1.05194
1.0656
1.07842
1.09039
1.10131
1.11117
1.11976
1.12709
1.1329
1.13715
1.13955
1.14008
1.13852
1.13491
1.1291
1.12106
1.11074
1.09951
1.08806
1.07469
1.05967
1.04374
1.0259
1.01424
0.986819
1.0161
0.908453
1.20647
0.527988
2.22358
0.568984
0.564457
0.559727
0.555195
0.551277
0.548043
0.545306
0.542326
0.538479
0.533452
0.527611
0.521401
0.51506
0.508318
0.501069
0.49363
0.486837
0.481181
0.476575
0.472254
0.467665
0.462377
0.456142
0.448451
0.439003
0.42761
0.414479
0.400026
0.384888
0.369502
0.354181
0.338938
0.32362
0.307933
0.291774
0.275023
0.257583
0.239348
0.220383
0.200729
0.180352
0.159081
0.136778
0.113379
0.0889203
0.0634296
0.0368573
0.00911648
-0.0199122
-0.0502397
-0.0819108
-0.114811
-0.148963
-0.184141
-0.220336
-0.257233
-0.294776
-0.332548
-0.370448
-0.407977
-0.444943
-0.480777
-0.515129
-0.547415
-0.577045
-0.603692
-0.626269
-0.642992
-0.653262
-0.665167
-0.668066
-0.681488
-0.666106
-0.696922
-0.630128
-0.737681
-0.511275
-0.899421
-0.148844
-1.52336
0.317933
0.319303
0.321148
0.323417
0.326156
0.329344
0.33301
0.337158
0.34182
0.346997
0.352727
0.358994
0.365814
0.373149
0.380989
0.38926
0.397936
0.406939
0.41623
0.42572
0.435373
0.44512
0.454932
0.464763
0.47462
0.484467
0.494348
0.504272
0.514294
0.524434
0.534753
0.54527
0.556042
0.567091
0.578438
0.590091
0.602068
0.614359
0.626959
0.639854
0.653002
0.666387
0.679949
0.693644
0.707404
0.721181
0.734851
0.748373
0.761622
0.774527
0.786955
0.798878
0.810125
0.820732
0.830507
0.839526
0.847568
0.854708
0.860693
0.865576
0.869041
0.871134
0.871635
0.87063
0.867938
0.863606
0.857426
0.850318
0.8427
0.833612
0.822898
0.811649
0.798666
0.790746
0.770704
0.798663
0.708127
0.988229
0.360881
1.9623
0.317019
0.316359
0.316123
0.316172
0.316353
0.31649
0.316403
0.315692
0.314069
0.311508
0.308572
0.30597
0.304169
0.302869
0.301535
0.299885
0.298448
0.297899
0.298592
0.299922
0.301048
0.30126
0.300429
0.298183
0.293893
0.287067
0.278017
0.267737
0.257388
0.247766
0.239115
0.231195
0.223529
0.215501
0.206567
0.19648
0.185243
0.172901
0.159538
0.145331
0.130448
0.115005
0.0990068
0.0824587
0.0653176
0.0475796
0.0291247
0.0098538
-0.0104069
-0.031706
-0.0541442
-0.0776316
-0.102231
-0.127748
-0.154236
-0.18139
-0.209244
-0.237394
-0.265859
-0.294206
-0.322418
-0.350007
-0.376828
-0.402332
-0.426115
-0.447838
-0.4666
-0.480675
-0.489575
-0.500022
-0.503021
-0.51594
-0.503635
-0.534861
-0.476911
-0.584071
-0.37747
-0.75816
-0.0525917
-1.38254
0.260998
0.260384
0.259944
0.259668
0.25957
0.259651
0.259893
0.260306
0.260882
0.26166
0.262675
0.263965
0.265589
0.267605
0.270053
0.272971
0.276401
0.280351
0.284815
0.289777
0.295212
0.301068
0.307292
0.313821
0.320597
0.327553
0.334658
0.341871
0.349169
0.35654
0.363986
0.371519
0.379157
0.38692
0.394825
0.402911
0.411175
0.419647
0.428333
0.437243
0.446355
0.455679
0.465168
0.474812
0.484566
0.494384
0.504171
0.513898
0.523456
0.532786
0.54176
0.550391
0.558509
0.566206
0.573264
0.57988
0.585776
0.59116
0.595741
0.599693
0.602664
0.604788
0.605837
0.605939
0.604937
0.602883
0.599631
0.595675
0.591194
0.585303
0.57853
0.570714
0.562109
0.556679
0.542747
0.567744
0.490729
0.748606
0.175212
1.62417
0.261626
0.262517
0.263635
0.264359
0.264215
0.263142
0.261503
0.259578
0.257376
0.254728
0.251711
0.248833
0.246656
0.245252
0.244064
0.242466
0.240439
0.238624
0.237732
0.237772
0.238029
0.237493
0.235527
0.231918
0.226401
0.218606
0.208626
0.197708
0.187549
0.179416
0.173503
0.169216
0.165543
0.161509
0.156351
0.14956
0.141084
0.131178
0.12014
0.108265
0.0958449
0.0831163
0.0702321
0.0572862
0.0443024
0.031284
0.0181269
0.00471685
-0.00913967
-0.0235149
-0.0385439
-0.0541527
-0.0704567
-0.08729
-0.104813
-0.122746
-0.141251
-0.159961
-0.179045
-0.198107
-0.217288
-0.236162
-0.254733
-0.272555
-0.289358
-0.304926
-0.318479
-0.328941
-0.335287
-0.343459
-0.344862
-0.356239
-0.344643
-0.3748
-0.322178
-0.427146
-0.235354
-0.60399
0.0558889
-1.19855
0.116529
0.118342
0.120118
0.121855
0.123545
0.125212
0.126829
0.128415
0.129907
0.131329
0.13263
0.133855
0.13498
0.136074
0.137131
0.138253
0.13946
0.140857
0.142449
0.144341
0.146519
0.149051
0.151887
0.15506
0.15848
0.162163
0.166008
0.170011
0.174088
0.178244
0.182409
0.186609
0.190808
0.195032
0.199286
0.203603
0.207991
0.212482
0.217105
0.221863
0.226789
0.231874
0.237115
0.242504
0.248027
0.253642
0.259282
0.264944
0.270487
0.275957
0.281126
0.286162
0.290756
0.295203
0.299105
0.302897
0.306157
0.309318
0.31197
0.314476
0.316398
0.318037
0.31907
0.319766
0.319867
0.319619
0.318665
0.317352
0.315472
0.313063
0.309561
0.305726
0.301002
0.298625
0.28943
0.31117
0.242988
0.457923
-0.0246318
1.08667
0.114857
0.113325
0.112132
0.110934
0.109053
0.106186
0.102643
0.0992296
0.0964041
0.0939851
0.0913312
0.0882091
0.0849831
0.0822237
0.0799487
0.0775727
0.0745418
0.07088
0.0672107
0.0639716
0.0609456
0.0571626
0.0515232
0.0432902
0.0322961
0.0189015
0.00390382
-0.0107336
-0.0216201
-0.0249423
-0.0185076
-0.00264072
0.0200933
0.0457677
0.0698253
0.08829
0.0988963
0.101887
0.09963
0.0949477
0.0893844
0.0833458
0.0767275
0.0695565
0.061859
0.0537658
0.0451908
0.0362029
0.0266725
0.0167887
0.00645093
-0.00403033
-0.0148671
-0.0257169
-0.0369118
-0.048058
-0.0595252
-0.0708342
-0.0823432
-0.0935818
-0.104893
-0.115825
-0.126622
-0.136871
-0.146611
-0.155622
-0.16352
-0.169653
-0.173172
-0.178205
-0.177963
-0.186613
-0.17543
-0.202384
-0.155438
-0.250599
-0.0822191
-0.405015
0.152824
-0.864239
0.294188
0.295747
0.296761
0.297278
0.297273
0.29683
0.295947
0.29471
0.293088
0.291152
0.288851
0.286244
0.283257
0.279933
0.276206
0.272131
0.26767
0.262901
0.257821
0.252522
0.247035
0.241447
0.235803
0.230159
0.224539
0.218963
0.213434
0.207922
0.202425
0.196888
0.1913
0.185612
0.179827
0.173924
0.167925
0.161858
0.155758
0.149724
0.143764
0.138041
0.132537
0.12747
0.122724
0.118573
0.114816
0.111725
0.10899
0.106907
0.105054
0.103734
0.102481
0.101633
0.10067
0.100025
0.099158
0.0986037
0.0978161
0.0973596
0.0966876
0.0963027
0.0957016
0.0952775
0.0946756
0.0941817
0.0935895
0.0930909
0.0925699
0.0925713
0.092144
0.0910438
0.0896291
0.0877227
0.0853256
0.0834627
0.0776576
0.0893076
0.0517736
0.168097
-0.0738827
0.439098
0.292111
0.289511
0.286667
0.283685
0.280533
0.2772
0.273802
0.270772
0.268493
0.266929
0.265459
0.263499
0.261124
0.259084
0.2581
0.258149
0.258598
0.258738
0.258444
0.257989
0.25765
0.257189
0.256061
0.253946
0.251495
0.250581
0.253643
0.261968
0.274068
0.285161
0.288753
0.278835
0.252462
0.211327
0.162078
0.114133
0.0755179
0.0492954
0.0329432
0.0218111
0.0122678
0.00341204
-0.00464606
-0.0113499
-0.0171195
-0.0220282
-0.026676
-0.0307525
-0.0345594
-0.0375352
-0.0399912
-0.0414483
-0.0424839
-0.0427637
-0.0430564
-0.0429857
-0.0432672
-0.0433837
-0.0439636
-0.0444659
-0.0454039
-0.0463125
-0.0475461
-0.0487976
-0.050202
-0.0517179
-0.0530285
-0.0545561
-0.0543453
-0.0558303
-0.0531425
-0.0579493
-0.0477668
-0.0662036
-0.031024
-0.0955615
0.016847
-0.182435
0.151691
-0.413948
)
;

boundaryField
{
    inlet
    {
        type            freestreamPressure;
        freestreamValue uniform 0;
        value           nonuniform List<scalar> 
134
(
0.962014
1.23906
1.50063
1.69224
1.79446
1.80419
1.70597
1.50099
1.18019
0.645676
0.202736
0.311723
0.482599
0.634802
0.778566
0.91974
1.05966
1.19886
1.33937
1.48431
0.667037
1.63727
1.79858
1.95827
2.09605
2.18135
2.20146
2.26894
2.23885
2.2329
2.58331
2.38671
2.364
2.37219
2.37309
2.36178
2.35205
2.36249
2.42468
2.48155
0.365952
0.0292657
-0.298327
-0.540993
-0.654982
-0.57339
-0.251747
2.67608
2.61952
2.53871
2.48673
2.44782
2.40409
2.35493
2.30487
2.25498
2.20444
2.15242
2.09885
2.04355
1.98608
1.92565
1.8613
1.79135
1.71462
1.62777
1.56031
1.49182
1.41054
1.31504
1.20294
1.06173
0.878926
0.588153
0.237727
-0.0459201
-0.121442
-0.222746
-0.338403
-0.464301
-0.595353
-0.716023
-0.814696
-0.889232
-0.938892
-0.968557
-0.984721
-0.993476
-0.999825
-1.01104
-1.03888
-1.08892
-1.14543
-1.19504
-1.23814
-1.27723
-1.31255
-1.34312
-1.36805
-1.3873
-1.40141
-1.41251
-1.42509
-1.45161
-1.51132
-1.63976
-1.69798
-1.65399
-1.59981
-1.56438
-1.53595
-1.50386
-1.46841
-1.43194
-1.39529
-1.35768
-1.319
-1.27889
-1.23753
-1.1944
-1.14906
-1.10037
-1.04652
-0.985662
-0.909944
-0.871894
-0.840869
-0.801074
-0.754382
-0.702061
-0.637121
-0.55227
-0.398172
-0.190666
)
;
    }
    outlet
    {
        type            freestreamPressure;
        freestreamValue uniform 0;
        value           nonuniform List<scalar> 
160
(
0.000400563
0.000397564
0.00040295
0.000393881
0.000404579
0.000389904
0.000405541
0.000385759
0.00040579
0.000381416
0.000405431
0.000376885
0.000404459
0.000372313
0.000402987
0.000368228
0.000400978
0.000365084
0.000398529
0.000362826
0.000395571
0.000360691
0.000392187
0.000357982
0.00038828
0.000354811
0.000383911
0.000352099
0.000378989
0.000350709
0.000373591
0.000350578
0.000367661
0.000350909
0.000361306
0.000350833
0.000354518
0.000350226
0.000347424
0.000349428
0.000340061
0.000348761
0.000332552
0.00034788
0.000324957
0.000346044
0.000317354
0.000342789
0.00030978
0.000338949
0.000302263
0.000337073
0.00029481
0.000340635
0.000287381
0.000351694
0.000279973
0.000368578
0.000272512
0.000384992
0.000264981
0.000391938
0.000257313
0.000380646
0.000249509
0.000346322
0.000241537
0.00029076
0.000233425
0.000223135
0.000225212
0.000156881
0.000216941
0.000103499
0.000208748
6.73529e-05
0.000200645
4.49116e-05
0.000192858
2.97105e-05
0.000185364
1.67214e-05
0.000178467
4.67305e-06
0.000172009
-6.30184e-06
0.000166375
-1.54456e-05
0.000161289
-2.33256e-05
0.000157137
-3.0038e-05
0.000153486
-3.63978e-05
0.000150758
-4.19823e-05
0.000148362
-4.72063e-05
0.000146727
-5.13074e-05
0.000145202
-5.47117e-05
0.000144263
-5.67623e-05
0.000143176
-5.82449e-05
0.000142555
-5.86983e-05
0.000141636
-5.9175e-05
0.000141179
-5.91576e-05
0.000140407
-5.96313e-05
0.000140129
-5.98838e-05
0.000139562
-6.07844e-05
0.000139433
-6.15864e-05
0.000139015
-6.30039e-05
0.000138881
-6.43933e-05
0.000138513
-6.62517e-05
0.000138331
-6.81526e-05
0.000138032
-7.02906e-05
0.000137901
-7.26057e-05
0.00013777
-7.46683e-05
0.000138357
-7.70156e-05
0.000138257
-7.69314e-05
0.000137198
-7.92061e-05
0.000135708
-7.57174e-05
0.000133521
-8.26575e-05
0.000130624
-6.8691e-05
0.000128573
-9.48284e-05
0.000120541
-4.53063e-05
0.00013939
-0.000136588
8.20932e-05
2.53199e-05
0.000263769
-0.000254861
-0.000123758
0.000244462
0.000663347
-0.000532093
)
;
    }
    walls
    {
        type            zeroGradient;
    }
    frontAndBack
    {
        type            empty;
    }
}


// ************************************************************************* //
