/*--------------------------------*- C++ -*----------------------------------*\
| =========                 |                                                 |
| \\      /  F ield         | OpenFOAM: The Open Source CFD Toolbox           |
|  \\    /   O peration     | Version:  2412                                  |
|   \\  /    A nd           | Website:  www.openfoam.com                      |
|    \\/     M anipulation  |                                                 |
\*---------------------------------------------------------------------------*/
FoamFile
{
    version     2.0;
    format      ascii;
    arch        "LSB;label=32;scalar=64";
    class       volScalarField;
    location    "150";
    object      p;
}
// * * * * * * * * * * * * * * * * * * * * * * * * * * * * * * * * * * * * * //

dimensions      [0 2 -2 0 0 0 0];

internalField   nonuniform List<scalar> 
10720
(
308.44
280.612
242.842
197.209
145.361
86.559
25.9028
-34.2135
-93.5245
-148.851
-199.889
-246.328
-287.773
-324.239
-355.549
-381.156
-401.419
-415.241
-423.501
-425.177
-420.693
-409.246
-392.685
-372.003
-349.778
-328.414
-306.053
-281.654
-257.172
-233.252
-209.295
-184.907
-159.896
-134.031
-107.09
-78.2251
-46.5707
-6.74751
41.3811
329.417
342.528
347.591
345.462
332.556
305.733
267.676
223.232
177.643
134.157
96.4187
66.3083
42.3686
23.4694
8.90451
-3.46829
-14.125
-24.0288
-33.6159
-43.6422
-53.9955
-65.0204
-76.4219
-87.4826
-95.5192
-99.3402
-100.487
-99.3087
-95.9728
-90.7274
-83.7986
-75.3166
-65.3631
-53.8965
-40.8063
-25.5014
-7.03148
18.8375
57.2902
300.232
279.345
251.616
217.122
176.643
130.414
80.3384
28.1227
-25.062
-77.4058
-127.792
-175.348
-219.324
-259.184
-294.419
-324.5
-349.316
-368.231
-381.396
-387.855
-387.85
-381.227
-369.4
-353.372
-335.008
-316.534
-297.062
-275.354
-252.705
-229.891
-206.682
-182.842
-158.241
-132.7
-106.024
-77.376
-45.9034
-6.21059
41.0129
315.797
326.529
331.706
329.925
319.28
299.026
270.494
236.246
199.293
162.279
127.775
97.4707
71.4462
49.4291
31.0657
15.2847
1.52612
-10.9139
-22.5613
-34.042
-45.4623
-57.0834
-68.7034
-79.6417
-87.7968
-92.0772
-93.7414
-93.4754
-91.263
-87.0225
-80.8788
-73.005
-63.5283
-52.4379
-39.6376
-24.5522
-6.25713
19.4866
56.8446
283.924
266.051
242.092
211.86
176.102
134.745
88.9203
40.2169
-10.1011
-60.6438
-109.973
-157.094
-201.145
-241.419
-277.323
-308.384
-334.218
-354.262
-368.21
-375.697
-376.923
-371.841
-361.435
-346.73
-329.438
-311.51
-292.518
-271.388
-249.18
-226.782
-204.054
-180.704
-156.557
-131.412
-105.047
-76.6299
-45.3297
-5.8657
40.4547
297.086
306.11
310.717
309.752
301.605
285.534
262.026
232.744
199.969
165.99
133.019
102.862
76.2951
53.4013
33.9845
17.412
3.03557
-9.78348
-21.6153
-33.027
-44.2669
-55.5304
-66.6723
-77.0986
-85.1631
-89.7775
-91.7106
-91.5742
-89.3918
-85.1661
-79.0991
-71.3865
-62.1274
-51.2716
-38.6843
-23.7754
-5.62344
19.9145
56.0904
265.346
250.235
229.966
204.431
174.263
139.049
99.667
57.2351
12.6377
-32.9757
-78.42
-122.747
-165.05
-204.551
-240.52
-272.358
-299.497
-321.388
-337.593
-347.958
-352.353
-350.75
-343.776
-332.33
-317.803
-301.837
-284.433
-264.891
-244.061
-222.782
-200.959
-178.315
-154.714
-129.992
-103.951
-75.794
-44.7226
-5.62212
39.7261
276.568
284.345
288.594
288.296
282.08
269.309
250.219
226.063
198.549
169.373
140.313
112.89
87.8961
65.6171
46.0507
28.876
13.643
-0.112015
-12.8464
-25.0104
-36.8583
-48.5319
-59.9121
-70.4701
-78.8813
-84.1235
-86.7043
-87.1909
-85.6694
-82.1307
-76.7099
-69.5459
-60.7135
-50.1731
-37.8099
-23.0621
-5.04675
20.2287
55.1896
246.533
233.366
215.654
193.318
166.99
136.041
101.146
63.1828
22.7435
-19.1989
-61.6412
-103.709
-144.484
-183.132
-218.877
-251.024
-278.921
-301.988
-319.719
-331.824
-338.037
-338.31
-333.152
-323.456
-310.483
-295.659
-279.224
-260.679
-240.648
-219.914
-198.501
-176.203
-152.919
-128.503
-102.75
-74.8642
-44.0691
-5.4287
38.8138
256.37
263.248
267.259
267.49
262.773
252.535
236.815
216.554
193.065
167.609
141.616
116.375
92.6546
70.8832
51.2462
33.6668
17.8863
3.58308
-9.6061
-22.0524
-34.0169
-45.6324
-56.8114
-67.1109
-75.489
-81.0324
-83.9651
-84.783
-83.5666
-80.2975
-75.0919
-68.1003
-59.4192
-49.0278
-36.8127
-22.2162
-4.37657
20.5487
54.2002
228.387
216.743
201.09
181.394
158.307
131.084
100.293
66.6343
30.4807
-7.37674
-46.1341
-85.0615
-123.316
-160.098
-194.647
-226.229
-254.136
-277.749
-296.492
-309.957
-317.967
-320.452
-317.724
-310.493
-299.763
-286.703
-271.706
-254.506
-235.614
-215.784
-195.129
-173.487
-150.76
-126.813
-101.445
-73.8878
-43.4186
-5.3206
37.711
237.163
243.384
247.237
247.881
244.316
236.044
222.998
205.928
185.9
163.87
140.987
118.331
96.5592
76.1112
57.2488
40.0131
24.2785
9.84222
-3.56076
-16.2144
-28.3383
-40.0371
-51.2287
-61.518
-70.0494
-76.0026
-79.4189
-80.7033
-79.9565
-77.1592
-72.4105
-65.8504
-57.566
-47.5292
-35.6166
-21.2757
-3.68301
20.8205
53.1156
211.303
200.843
186.807
169.187
148.659
124.416
96.9443
66.8374
34.2943
-0.0318139
-35.5055
-71.5393
-107.381
-142.297
-175.56
-206.426
-234.167
-258.125
-277.678
-292.386
-301.928
-306.18
-305.28
-299.853
-290.794
-279.104
-265.26
-249.169
-231.251
-212.192
-192.17
-171.064
-148.793
-125.233
-100.195
-72.9352
-42.7885
-5.28595
36.4576
219.257
224.976
228.711
229.681
227.022
220.297
209.378
194.876
177.682
158.53
138.349
118.04
98.1359
79.038
61.0369
44.2461
28.6463
14.1521
0.599164
-12.2056
-24.4272
-36.1385
-47.2621
-57.4568
-66.0298
-72.2589
-76.0574
-77.7132
-77.3273
-74.8841
-70.4681
-64.2082
-56.1871
-46.3784
-34.6595
-20.4932
-3.09895
20.9755
51.9322
195.4
185.889
173.168
157.252
138.831
117.079
92.4338
65.4104
36.1001
5.03232
-27.2798
-60.3815
-93.6333
-126.388
-157.971
-187.675
-214.774
-238.597
-258.502
-273.988
-284.686
-290.453
-291.331
-287.79
-280.546
-270.418
-257.903
-243.054
-226.235
-208.066
-188.778
-168.298
-146.562
-123.461
-98.8176
-71.9144
-42.1403
-5.30571
35.1011
202.698
208.018
211.66
212.89
210.949
205.456
196.251
183.846
169.003
152.307
134.522
116.406
98.3832
80.7944
63.9194
47.8946
32.7688
18.5325
5.10047
-7.6473
-19.8214
-31.4639
-42.495
-52.6122
-61.2287
-67.7072
-71.8675
-73.9062
-73.9208
-71.895
-67.8901
-62.0173
-54.3504
-44.861
-33.4254
-19.5204
-2.41003
21.1304
50.7123
180.682
171.948
160.309
145.801
129.121
109.449
87.1827
62.7871
36.2726
8.08298
-21.3733
-51.7553
-82.5245
-113.124
-142.957
-171.359
-197.635
-221.121
-241.164
-257.236
-268.906
-275.974
-278.365
-276.422
-270.745
-262.019
-250.73
-237.032
-221.247
-203.934
-185.358
-165.492
-144.288
-121.65
-97.4111
-70.8845
-41.5106
-5.40043
33.6526
187.443
192.44
196.002
197.437
196.072
191.574
183.765
173.082
160.191
145.571
129.863
113.708
97.441
81.3373
65.6445
50.4951
35.9715
22.1169
8.9058
-3.71366
-15.7961
-27.3472
-38.2788
-48.3156
-56.9568
-63.6392
-68.127
-70.5231
-70.9054
-69.2507
-65.6059
-60.0689
-52.7086
-43.4967
-32.3099
-18.6427
-1.80842
21.1786
49.42
167.096
159.009
148.279
134.958
119.743
101.831
81.5957
59.4649
35.3969
9.76943
-17.0925
-44.9356
-73.3096
-101.756
-129.751
-156.686
-181.919
-204.807
-224.705
-241.062
-253.41
-261.508
-265.221
-264.753
-260.581
-253.253
-243.219
-230.693
-215.978
-199.567
-181.748
-162.537
-141.901
-119.757
-95.9515
-69.8337
-40.9
-5.57504
32.1143
173.405
178.132
181.622
183.218
182.321
178.634
171.976
162.721
151.461
138.603
124.691
110.283
95.6367
80.9707
66.494
52.3213
38.5434
25.2304
12.4007
0.0517924
-11.8235
-23.199
-33.9749
-43.8975
-52.5252
-59.3556
-64.1182
-66.8393
-67.5751
-66.2981
-63.0378
-57.8727
-50.8605
-41.9698
-31.0761
-17.6936
-1.188
21.1738
48.0696
154.568
147.032
137.076
124.766
110.799
94.3918
75.9003
55.7238
33.7917
10.4292
-14.1035
-39.6249
-65.7609
-92.1329
-118.295
-143.71
-167.787
-189.922
-209.486
-225.927
-238.757
-247.679
-252.512
-253.327
-250.499
-244.47
-235.635
-224.241
-210.571
-195.062
-178.009
-159.464
-139.414
-117.785
-94.4372
-68.7597
-40.3079
-5.82746
30.4885
160.49
164.985
168.405
170.128
169.614
166.596
160.895
152.833
142.946
131.585
119.224
106.354
93.1772
79.8601
66.5762
53.4128
40.4515
27.7738
15.4235
3.43412
-8.16429
-19.3153
-29.9085
-39.7028
-48.2983
-55.2421
-60.2462
-63.2719
-64.3454
-63.4277
-60.5321
-55.7202
-49.0403
-40.4588
-29.8529
-16.7594
-0.599736
21.0998
46.6668
143.014
135.956
126.67
115.235
102.342
87.234
70.255
51.7809
31.7214
10.3645
-12.0787
-35.4819
-59.5361
-83.9363
-108.305
-132.17
-155.007
-176.254
-195.314
-211.643
-224.741
-234.271
-240.024
-241.962
-240.359
-235.557
-227.889
-217.609
-204.98
-190.385
-174.119
-156.265
-136.823
-115.734
-92.8718
-67.6677
-39.7386
-6.15854
28.7795
148.603
152.894
156.245
158.066
157.867
155.406
150.504
143.448
134.723
124.642
113.623
102.103
90.2448
78.1765
66.0359
53.8826
41.7821
29.813
18.0306
6.49049
-4.74914
-15.6093
-25.9708
-35.5999
-44.1262
-51.1345
-56.33
-59.6223
-61.0074
-60.4361
-57.9041
-53.4541
-47.1221
-38.8705
-28.577
-15.803
-0.0266055
20.9624
45.2148
132.357
125.717
117.018
106.349
94.3901
80.4166
64.7587
47.7754
29.3653
9.78449
-10.7882
-32.2715
-54.4085
-76.9552
-99.5993
-121.934
-143.495
-163.769
-182.2
-198.262
-211.458
-221.416
-227.906
-230.801
-230.283
-226.61
-220.052
-210.847
-199.236
-185.556
-170.089
-152.941
-134.129
-113.605
-91.2553
-66.5589
-39.193
-6.56519
26.9924
137.651
141.76
145.041
146.936
146.998
145.003
140.777
134.574
126.839
117.856
107.999
97.6628
86.9832
76.056
64.9893
53.8177
42.5882
31.3693
20.2161
9.1924
-1.62572
-12.1433
-22.2329
-31.666
-40.0933
-47.1281
-52.4753
-56.005
-57.6803
-57.4389
-55.2578
-51.1619
-45.1751
-37.2554
-27.2825
-14.8448
0.521399
20.7619
43.7195
122.521
116.252
108.072
98.0792
86.9436
73.969
59.4737
43.8048
26.8529
8.8516
-10.0462
-29.7916
-50.1716
-70.991
-91.9975
-112.843
-133.118
-152.365
-170.07
-185.734
-198.871
-209.091
-216.142
-219.839
-220.275
-217.637
-212.13
-203.96
-193.346
-180.577
-165.92
-149.495
-131.333
-111.397
-89.5882
-65.4338
-38.6727
-7.04305
25.1351
127.549
131.493
134.705
136.654
136.93
135.328
131.677
126.202
119.318
111.281
102.433
93.1365
83.505
73.6122
63.5428
53.31
42.941
32.4905
22.0058
11.5507
1.2089
-8.91562
-18.6902
-27.8914
-36.1842
-43.2031
-48.6569
-52.3862
-54.323
-54.3922
-52.5513
-48.8072
-43.1702
-35.5928
-25.9569
-13.8791
1.04584
20.5029
42.187
113.436
107.499
99.7841
90.3946
79.9904
67.9013
54.438
39.9344
24.2793
7.68853
-9.70649
-27.8804
-46.6561
-65.88
-85.3451
-104.758
-123.764
-141.957
-158.871
-174.038
-186.988
-197.326
-204.779
-209.131
-210.39
-208.683
-204.155
-196.974
-187.327
-175.461
-161.618
-145.929
-128.436
-109.111
-87.8717
-64.2942
-38.1785
-7.5888
23.2167
118.224
122.013
125.155
127.143
127.596
126.325
123.167
118.319
112.167
104.951
96.9839
88.5999
79.8997
70.9402
61.7886
52.4402
42.905
33.2203
23.4229
13.5708
3.74715
-5.94139
-15.362
-24.2974
-32.4224
-39.387
-44.9059
-48.7991
-50.9698
-51.3292
-49.8142
-46.4143
-41.1261
-33.8964
-24.6093
-12.9117
1.54371
20.1877
40.624
105.035
99.4001
92.1058
83.2609
73.5109
62.2137
49.6727
36.2092
21.7126
6.38489
-9.6601
-26.4136
-43.726
-61.4774
-79.502
-97.5521
-115.323
-132.458
-148.538
-163.13
-175.787
-186.119
-193.831
-198.699
-200.655
-199.777
-196.154
-189.909
-181.194
-170.216
-157.19
-142.248
-125.441
-106.749
-86.107
-63.1412
-37.7116
-8.19687
21.2461
109.606
113.251
116.321
118.335
118.934
117.944
115.209
110.904
105.388
98.8873
91.6907
84.1106
76.2378
68.118
59.8048
51.2803
42.5398
33.6047
24.4982
15.2691
5.99372
-3.22476
-12.2569
-20.8926
-28.8151
-35.6872
-41.2299
-45.2491
-47.623
-48.2494
-47.0446
-43.9811
-39.0412
-32.1654
-23.2402
-11.9439
2.01426
19.8211
39.0371
97.2636
91.9045
84.9925
76.6425
67.4819
56.8983
45.1859
32.6563
19.1997
5.00599
-9.82249
-25.2886
-41.2676
-57.6651
-74.3498
-91.1139
-107.696
-123.787
-139.01
-152.972
-165.251
-175.47
-183.319
-188.573
-191.107
-190.954
-188.156
-182.789
-174.967
-164.856
-152.644
-138.456
-122.349
-104.313
-84.2959
-61.9762
-37.2713
-8.86168
19.2324
101.633
105.143
108.141
110.168
110.887
110.137
107.769
103.935
98.974
93.0992
86.58
79.7099
72.5734
65.2079
57.6575
49.8946
41.9031
33.6903
25.2658
16.6661
7.95737
-0.765228
-9.38032
-17.6863
-25.3747
-32.1179
-37.645
-41.753
-44.2987
-45.1675
-44.2553
-41.5178
-36.9233
-30.4057
-21.8541
-10.9785
2.45674
19.4074
37.433
90.0687
84.9634
78.4031
70.504
61.8795
51.9424
40.98
29.2922
16.774
3.604
-10.1247
-24.4252
-39.1893
-54.3458
-69.7886
-85.3445
-100.793
-115.864
-130.225
-143.518
-155.355
-165.37
-173.25
-178.773
-181.773
-182.245
-180.19
-175.639
-168.664
-159.396
-147.989
-134.56
-119.166
-101.806
-82.4403
-60.7997
-36.8572
-9.57628
17.1868
94.2501
97.6321
100.558
102.589
103.406
102.861
100.81
97.3889
92.9152
87.5913
81.6704
75.4297
68.9485
62.2599
55.4011
48.3385
41.0463
33.5206
25.7589
17.7839
9.64967
1.44
-6.73454
-14.684
-22.1086
-28.6893
-34.1631
-38.3228
-41.0081
-42.0931
-41.4541
-39.0308
-34.7775
-28.6214
-20.4543
-10.018
2.87051
18.9521
35.8201
83.4025
78.533
72.297
64.8136
56.6785
47.3313
37.0504
26.1269
14.4584
2.21533
-10.5172
-23.7586
-37.4157
-51.4328
-65.7274
-80.1544
-94.5284
-108.615
-122.122
-134.727
-146.071
-155.81
-163.631
-169.316
-172.678
-173.679
-172.284
-168.482
-162.308
-153.852
-143.238
-130.567
-115.897
-99.2304
-80.5422
-59.613
-36.4678
-10.3333
15.1197
87.4082
90.6679
93.5214
95.5478
96.4442
96.0762
94.3018
91.2433
87.1993
82.3627
76.9723
71.291
65.3949
59.3142
53.0814
46.6595
40.0159
33.1377
26.0117
18.6479
11.0866
3.39792
-4.32024
-11.8906
-19.0237
-25.4107
-30.7962
-34.9719
-37.7646
-39.0381
-38.6516
-36.5288
-32.6108
-26.8179
-19.0449
-9.06484
3.25586
18.4606
34.2059
77.223
72.5741
66.6392
59.5395
51.8547
43.0476
33.39
23.1626
12.2671
0.866459
-10.96
-23.2373
-35.8827
-48.8549
-62.09
-75.4662
-88.8272
-101.972
-114.642
-126.55
-137.369
-146.774
-154.462
-160.216
-163.845
-165.282
-164.465
-161.345
-155.92
-148.242
-138.403
-126.487
-112.548
-96.591
-78.6042
-58.4164
-36.101
-11.1247
13.0423
81.063
84.2062
86.9873
89.0021
89.9623
89.7453
88.2136
85.4756
81.8125
77.4092
72.4915
67.3095
61.9372
56.4032
50.7364
44.8985
38.8533
32.5804
26.058
19.2839
12.2856
5.11946
-2.13191
-9.30573
-16.1251
-22.2903
-27.5549
-31.7123
-34.5805
-36.014
-35.8581
-34.0208
-30.4303
-25.001
-17.6303
-8.12138
3.61311
17.9388
32.5981
71.4922
67.0498
61.396
54.6532
47.384
39.0744
29.9889
20.3988
10.2094
-0.422698
-11.4241
-22.8219
-34.5438
-46.5579
-58.815
-71.215
-83.6247
-95.8718
-107.731
-118.944
-129.216
-138.243
-145.737
-151.481
-155.293
-157.08
-156.76
-154.254
-149.523
-142.584
-133.499
-122.331
-109.126
-93.8923
-76.6291
-57.2104
-35.7538
-11.9416
10.9663
75.1758
78.2066
80.915
82.9123
83.9235
83.8365
82.5182
80.0647
76.7407
72.7241
68.2292
63.4945
58.5922
53.5499
48.3951
43.0892
37.5937
31.8837
25.9293
19.7187
13.2674
6.61761
-0.162864
-6.92848
-13.4154
-19.3344
-24.4487
-28.5556
-31.4681
-33.0329
-33.0848
-31.5163
-28.2441
-23.1769
-16.2148
-7.18999
3.94324
17.393
31.0048
66.1752
61.9275
56.5365
50.1272
43.2438
35.3941
26.8366
17.8317
8.29048
-1.63856
-11.8855
-22.48
-33.3563
-44.4912
-55.848
-67.3412
-78.8608
-90.2579
-101.336
-111.866
-121.58
-130.199
-137.449
-143.116
-147.034
-149.093
-149.193
-147.232
-143.139
-136.899
-128.541
-118.109
-105.639
-91.14
-74.6198
-55.9951
-35.4228
-12.7744
8.90407
69.7103
72.6329
75.2682
77.2432
78.2946
78.3199
77.1898
74.9897
71.9692
68.2998
64.185
59.852
55.3726
50.7742
46.0828
41.2608
36.2689
31.0786
25.6548
19.9781
14.0528
7.90765
1.5953
-4.75532
-10.8953
-16.5473
-21.4853
-25.512
-28.439
-30.1065
-30.3426
-29.0252
-26.0605
-21.3523
-14.8034
-6.27283
4.2473
16.8294
29.434
61.2406
57.1768
52.0334
45.9367
39.4118
31.9898
23.9207
15.4559
6.51031
-2.77252
-12.328
-22.1857
-32.2869
-42.6145
-53.1412
-63.795
-74.4834
-85.0793
-95.4102
-105.274
-114.429
-122.618
-129.585
-135.123
-139.08
-141.338
-141.787
-140.304
-136.791
-131.205
-123.546
-113.836
-102.097
-88.34
-72.5796
-54.7704
-35.1041
-13.6144
6.86679
64.634
67.4529
70.015
71.9634
73.0459
73.1681
72.2048
70.231
67.4833
64.1269
60.355
56.385
52.2874
48.09
43.8179
39.4355
34.9038
30.1918
25.2612
20.0866
14.6627
9.00569
3.15407
-2.77981
-8.56326
-13.932
-18.6709
-22.591
-25.5043
-27.2465
-27.6429
-26.5578
-23.8883
-19.5342
-13.4008
-5.37208
4.52717
16.2544
27.8935
56.6598
52.7703
47.8606
42.0579
35.8683
28.8448
21.2293
13.2641
4.8689
-3.81968
-12.7394
-21.9209
-31.3098
-40.8945
-50.6556
-60.5322
-70.4468
-80.2889
-89.9092
-99.1285
-107.73
-115.476
-122.133
-127.497
-131.436
-133.83
-134.561
-133.492
-130.503
-125.525
-118.532
-109.523
-98.5106
-85.4996
-70.5118
-53.5364
-34.7927
-14.4511
4.86681
59.918
62.6364
65.1263
67.0451
68.1504
68.3557
67.5404
65.7703
63.2691
60.1958
56.7348
53.0934
49.3415
45.5071
41.6153
37.6325
33.5206
29.2478
24.7736
20.0679
15.1179
9.92907
4.5265
-0.993836
-6.41573
-11.4892
-16.0108
-19.8002
-22.6737
-24.4644
-24.9967
-24.1246
-21.7368
-17.7298
-12.0122
-4.48975
4.78461
15.6742
26.3906
52.4068
48.6831
43.9949
38.469
32.594
25.9429
18.7502
11.2491
3.36308
-4.77643
-13.1103
-21.6688
-30.4028
-39.3044
-48.3589
-57.5161
-66.7102
-75.8459
-84.7933
-93.3931
-101.452
-108.752
-115.078
-120.235
-124.108
-126.581
-127.533
-126.816
-124.296
-119.879
-113.516
-105.188
-94.8902
-82.6257
-68.4206
-52.2922
-34.4839
-15.275
2.91559
55.5358
58.1571
60.5751
62.4614
63.5826
63.8596
63.1765
61.5902
59.3124
56.4965
53.3181
49.9754
46.5378
43.0332
39.4867
35.8667
32.1372
28.2662
24.2126
19.9428
15.4376
10.6938
5.72493
0.611493
-4.44826
-9.21807
-13.5077
-17.1462
-19.9562
-21.7703
-22.415
-21.7358
-19.6152
-15.947
-10.6425
-3.62778
5.0218
15.095
24.9325
48.4578
44.8922
40.4141
35.1499
29.5706
23.2687
16.471
9.40191
1.98883
-5.64215
-13.435
-21.4189
-29.5489
-37.8206
-46.2231
-54.7141
-63.2382
-71.7135
-80.0255
-88.0339
-95.5648
-102.421
-108.403
-113.33
-117.097
-119.6
-120.717
-120.296
-118.19
-114.287
-108.518
-100.844
-91.2475
-79.7269
-66.3091
-51.0379
-34.1716
-16.0757
1.02453
51.4632
53.9903
56.3369
58.1882
59.3197
59.6587
59.0937
57.6742
55.5997
53.0186
50.0983
47.0283
43.8768
40.672
37.4392
34.1494
30.768
27.2644
23.5972
19.7307
15.6408
11.3174
6.76366
2.04571
-2.65444
-7.11653
-11.1634
-14.6344
-17.3598
-19.1744
-19.9085
-19.402
-17.5327
-14.193
-9.29708
-2.78786
5.24084
14.5227
23.5257
44.7912
41.3765
37.0984
32.0818
26.7815
20.8076
14.3799
7.71428
0.741258
-6.41752
-13.7095
-21.1623
-28.7352
-36.4249
-44.2253
-52.0996
-60.0012
-67.8591
-75.573
-83.0193
-90.0408
-96.4599
-102.092
-106.77
-110.4
-112.893
-114.128
-113.949
-112.204
-108.768
-103.555
-96.5072
-87.5952
-76.8107
-64.1828
-49.7726
-33.8507
-16.8451
-0.795816
47.6776
50.1135
52.3897
54.2045
55.3411
55.7339
55.2746
54.0064
52.1178
49.7518
47.0681
44.2476
41.3575
38.4262
35.4791
32.4897
29.4257
26.2572
22.9439
19.4486
15.7448
11.816
7.65661
3.32082
-1.02658
-5.18081
-8.97787
-12.2681
-14.8909
-16.6854
-17.4871
-17.1332
-15.4986
-12.4754
-7.9809
-1.97181
5.44426
13.9623
22.176
41.3868
38.1167
34.0286
29.2476
24.2106
18.5458
12.4657
6.17704
-0.385212
-7.10492
-13.932
-20.8935
-27.9504
-35.1029
-42.3459
-49.6489
-56.9723
-64.2542
-71.4066
-78.3199
-84.8535
-90.8452
-96.1279
-100.545
-104.015
-106.463
-107.772
-107.789
-106.357
-103.343
-98.6452
-92.1937
-83.9461
-73.8867
-62.0448
-48.496
-33.5162
-17.5731
-2.5359
44.1589
46.5067
48.7134
50.4901
51.6278
52.0667
51.7026
50.5724
48.8542
46.6858
44.2196
41.6283
38.9777
36.2966
33.6101
30.8942
28.1187
25.2557
22.2657
19.1117
15.7648
12.2042
8.41773
4.44761
0.443212
-3.4062
-6.94993
-10.0498
-12.555
-14.3108
-15.1597
-14.9391
-13.5221
-10.8019
-6.6987
-1.18135
5.63395
13.4194
20.8885
38.2263
35.0947
31.1881
26.6309
21.8432
16.4698
10.7169
4.78189
-1.39647
-7.70704
-14.1016
-20.6071
-27.1867
-33.8412
-40.5687
-47.3426
-54.1289
-60.874
-67.5002
-73.9099
-79.9775
-85.5559
-90.4921
-94.6438
-97.9357
-100.311
-101.66
-101.829
-100.665
-98.0282
-93.8072
-87.9196
-80.3123
-70.964
-59.9004
-47.2077
-33.1608
-18.252
-4.18644
40.8886
43.1509
45.2889
47.0265
48.1618
48.6405
48.3622
47.3581
45.7966
43.8105
41.545
39.1645
36.7339
34.282
31.8334
29.3667
26.8543
24.2695
21.5747
18.7332
15.7152
12.4967
9.06004
5.43769
1.76401
-1.78694
-5.07699
-7.98011
-10.3559
-12.0572
-12.9346
-12.8283
-11.6117
-9.17941
-5.45566
-0.417936
5.81271
12.8978
19.6674
35.293
32.2939
28.5607
24.2168
19.6652
14.5678
9.12297
3.52025
-2.29844
-8.22661
-14.2187
-20.3002
-26.4368
-32.6302
-38.88
-45.1633
-51.451
-57.6959
-63.8301
-69.7658
-75.3909
-80.5715
-85.1688
-89.0525
-92.1558
-94.4375
-95.7936
-96.079
-95.1414
-92.8401
-89.0569
-83.7001
-76.7075
-68.0511
-57.7543
-45.9072
-32.7809
-18.8731
-5.73895
37.8493
40.0285
42.0991
43.7971
44.9268
45.4396
45.2389
44.3504
42.9336
41.116
39.0359
36.8503
34.6222
32.3805
30.1496
27.9105
25.6375
23.306
20.8801
18.3242
15.6082
12.7061
9.59607
6.30212
2.94494
-0.316085
-3.35534
-6.05855
-8.29613
-9.92976
-10.819
-10.8089
-9.77528
-7.61505
-4.25614
0.316898
5.98195
12.4016
18.5159
32.571
29.6992
26.1318
21.9911
17.6639
12.8275
7.6736
2.38351
-3.09775
-8.66844
-14.2848
-19.9717
-25.6967
-31.462
-37.2689
-43.097
-48.9219
-54.7015
-60.3754
-65.8659
-71.072
-75.8722
-80.1406
-83.7586
-86.667
-88.8381
-90.1772
-90.5463
-89.7982
-87.7933
-84.4099
-79.5499
-73.1439
-65.1581
-55.6111
-44.5948
-32.3711
-19.4302
-7.18692
35.0254
37.124
39.1282
40.786
41.9076
42.4496
42.3191
41.5371
40.254
38.5926
36.6845
34.679
32.6378
30.5895
28.558
26.5265
24.4717
22.3706
20.1895
17.8943
15.4548
12.8441
10.0374
7.05174
3.99536
1.01344
-1.78063
-4.28349
-6.37698
-7.93234
-8.81885
-8.88813
-8.01999
-6.11502
-3.10448
1.02173
6.14361
11.9336
17.4363
30.0459
27.2962
23.8876
19.941
15.8268
11.2381
6.35912
1.36342
-3.80094
-9.03651
-14.302
-19.6209
-24.9629
-30.3305
-35.7262
-41.1322
-46.5268
-51.8733
-57.1178
-62.1911
-67.0018
-71.4405
-75.3917
-78.7489
-81.4602
-83.5094
-84.8112
-85.2367
-84.6451
-82.9006
-79.8806
-75.4833
-69.6338
-62.2935
-53.4758
-43.2711
-31.9271
-19.9169
-8.5247
32.402
34.4226
36.3615
37.9786
39.0901
39.6569
39.5901
38.9062
37.7469
36.2307
34.4823
32.6441
30.7756
28.9051
27.0566
25.215
23.3591
21.4676
19.5091
17.451
15.2642
12.9211
10.3951
7.69734
4.92467
2.20911
-0.347415
-2.65235
-4.59866
-6.06772
-6.93875
-7.07201
-6.35239
-4.68491
-2.00471
1.69506
6.29912
11.4965
16.4301
27.7042
25.0718
21.8154
18.0541
14.1427
9.78892
5.17025
0.45251
-4.41366
-9.33482
-14.2722
-19.2477
-24.2329
-29.231
-34.2447
-39.2584
-44.2533
-49.1971
-54.0415
-58.7242
-63.1632
-67.2591
-70.9071
-74.0112
-76.5262
-78.446
-79.695
-80.1537
-79.6899
-78.1728
-75.4815
-71.5128
-66.1889
-59.4663
-51.3537
-41.936
-31.4458
-20.3283
-9.74734
29.9654
31.9104
33.7855
35.3616
36.461
37.0489
37.04
36.4466
35.4025
34.0212
32.4215
30.7384
29.0298
27.3236
25.643
23.9751
22.3005
20.5996
18.8432
17.0008
15.0442
12.9459
10.6784
8.2483
5.74186
3.2787
0.950144
-1.16154
-2.96003
-4.33709
-5.18218
-5.36545
-4.778
-3.32987
-0.96028
2.33559
6.44922
11.0915
15.4977
25.5334
23.0137
19.9033
16.319
12.6008
8.47022
4.0982
-0.35722
-4.94223
-9.56818
-14.198
-18.8526
-23.5051
-28.1593
-32.818
-37.4674
-42.0911
-46.6606
-51.132
-55.45
-59.5401
-63.3124
-66.6718
-69.532
-71.8546
-73.6413
-74.8261
-75.2995
-74.9384
-73.6188
-71.2235
-67.6504
-62.8196
-56.6849
-49.2496
-40.5916
-30.924
-20.6603
-10.8519
27.7032
29.5749
31.3873
32.9226
34.0083
34.614
34.6575
34.1478
33.2108
31.9553
30.4942
28.9554
27.395
25.8405
24.3143
22.8053
21.2958
19.7683
18.1954
16.5488
14.8015
12.9265
10.8962
8.71355
6.45536
4.22987
2.11833
0.19349
-1.45868
-2.74051
-3.55138
-3.7722
-3.30123
-2.05412
0.0256692
2.94174
6.59455
10.7197
14.6383
23.5219
21.1106
18.1401
14.7252
11.1911
7.27272
3.13448
-1.07274
-5.39297
-9.74126
-14.0827
-18.4371
-22.7794
-27.1129
-31.4413
-35.7522
-40.0309
-44.2523
-48.3768
-52.3545
-56.1181
-59.5861
-62.6727
-65.2999
-67.4355
-69.0879
-70.2008
-70.6743
-70.3944
-69.2454
-67.1159
-63.906
-59.536
-53.9576
-47.1686
-39.2387
-30.3606
-20.9107
-11.8364
25.6034
27.4039
29.1552
30.6497
31.7205
32.3408
32.4322
32
31.1626
30.0244
28.6926
27.2881
25.8653
24.4509
23.0667
21.7031
20.3444
18.9744
17.568
16.0987
14.5412
12.8696
11.0563
9.10149
7.0736
5.0703
3.16368
1.41772
-0.091636
-1.2769
-2.04707
-2.29462
-1.9253
-0.861044
0.950509
3.51262
6.73513
10.3809
13.8506
21.6587
19.3518
16.5156
13.2627
9.90418
6.18774
2.27146
-1.70106
-5.7715
-9.85848
-13.9293
-18.0027
-22.055
-26.0899
-30.1109
-34.1069
-38.0652
-41.9629
-45.7648
-49.4255
-52.8843
-56.0671
-58.8965
-61.3024
-63.2587
-64.7782
-65.8144
-66.2763
-66.0598
-65.0579
-63.1661
-60.2884
-56.3467
-51.2913
-45.1157
-37.8796
-29.7548
-21.0777
-12.7002
23.6551
25.3868
27.0782
28.5321
29.5869
30.2191
30.3538
29.9934
29.249
28.2203
27.0093
25.7299
24.4347
23.1498
21.8963
20.666
19.4446
18.2177
16.9621
15.6535
14.2679
12.7808
11.1654
9.41961
7.60436
5.80751
4.09298
2.51654
1.14499
0.0559622
-0.669004
-0.933922
-0.652396
0.246943
1.81219
4.04683
6.87089
10.0746
13.1323
19.934
17.7275
15.0202
11.9223
8.73124
5.20693
1.5013
-2.24905
-6.08345
-9.92441
-13.7409
-17.5511
-21.3324
-25.0885
-28.8232
-32.5267
-36.1871
-39.7843
-43.2863
-46.6522
-49.8269
-52.7431
-55.3312
-57.5284
-59.3138
-60.7038
-61.6607
-62.1026
-61.9348
-61.0595
-59.3796
-56.8045
-53.2589
-48.6929
-43.0955
-36.5167
-29.1064
-21.1612
-13.4437
21.8483
23.5131
25.1461
26.5597
27.5974
28.2392
28.4133
28.1193
27.4614
26.5351
25.4367
24.274
23.0974
21.9323
20.7991
19.6907
18.5946
17.4976
16.3787
15.2152
13.985
12.665
11.2294
9.6746
8.05472
6.44874
4.91299
3.49599
2.25595
1.26128
0.584296
0.309999
0.516416
1.26823
2.60921
4.5434
7.00101
9.79944
12.4804
18.3382
16.2283
13.6446
10.6952
7.66398
4.32267
0.817046
-2.72284
-6.33408
-9.94324
-13.521
-17.0844
-20.6122
-24.1082
-27.5763
-31.0073
-34.3911
-37.7092
-40.9328
-44.0247
-46.9353
-49.603
-51.9657
-53.967
-55.5906
-56.8562
-57.7336
-58.1493
-58.0181
-57.2515
-55.7603
-53.46
-50.279
-46.1681
-41.1127
-35.1529
-28.4169
-21.162
-14.0687
20.1731
21.7734
23.3492
24.7229
25.7427
26.3918
26.6016
26.3691
25.7919
24.9611
23.968
22.914
21.8476
20.7932
19.7707
18.7741
17.7921
16.813
15.8176
14.7851
13.6953
12.5262
11.2534
9.8725
8.43135
7.00084
5.63054
4.36222
3.24649
2.343
1.71542
1.43825
1.58115
2.20209
3.34063
5.00135
7.12452
9.5534
11.8912
16.8625
14.8455
12.3805
9.57331
6.69463
3.52769
0.212091
-3.12829
-6.52882
-9.91946
-13.2727
-16.6046
-19.8952
-23.1485
-26.3681
-29.5458
-32.6725
-35.7315
-38.6968
-41.5344
-44.1996
-46.6366
-48.7892
-50.6075
-52.0794
-53.2267
-54.0257
-54.4114
-54.3072
-53.6339
-52.3102
-50.2588
-47.412
-43.7221
-39.1717
-33.7912
-27.6883
-21.0824
-14.5782
18.6209
20.1584
21.6785
23.0127
24.014
24.6685
24.9106
24.7348
24.2328
23.4913
22.5963
21.6436
20.6794
19.7276
18.8069
17.9125
17.0345
16.1623
15.2785
14.3642
13.4006
12.3676
11.2421
10.0189
8.74052
7.47047
6.25222
5.1216
4.12225
3.30581
2.72786
2.45304
2.54287
3.04875
4.00608
5.41996
7.2402
9.33418
11.3606
15.4986
13.5711
11.2201
8.54901
5.81597
2.81512
-0.319803
-3.47118
-6.67238
-9.85698
-12.9989
-16.1137
-19.1824
-22.209
-25.1972
-28.1392
-31.0271
-33.8458
-36.5714
-39.1736
-41.6113
-43.8343
-45.7919
-47.4402
-48.7705
-49.8061
-50.5295
-50.8828
-50.7983
-50.2051
-49.0302
-47.2031
-44.6613
-41.359
-37.2763
-32.4351
-26.9235
-20.9252
-14.9759
17.1831
18.66
20.1258
21.4209
22.4031
23.0611
23.3322
23.209
22.7769
22.1185
21.3152
20.4569
19.5875
18.7304
17.9033
17.1025
16.319
15.5436
14.7606
13.9527
13.1027
12.192
11.1992
10.1185
8.98789
7.8639
6.78459
5.78062
4.8893
4.15504
3.62594
3.35756
3.40361
3.80922
4.60571
5.79869
7.34664
9.13895
10.884
14.239
12.3975
10.1558
7.61514
5.02114
2.17852
-0.78465
-3.7569
-6.76957
-9.7598
-12.7031
-15.6141
-18.4751
-21.29
-24.0623
-26.7851
-29.4514
-32.0471
-34.5508
-36.9349
-39.1623
-41.1873
-42.9647
-44.4554
-45.6544
-46.5858
-47.237
-47.5571
-47.4864
-46.9621
-45.9192
-44.294
-42.0294
-39.082
-35.4303
-31.0883
-26.126
-20.6946
-15.2665
15.8522
17.2703
18.6832
19.9396
20.9023
21.5619
21.8592
21.7844
21.4172
20.8364
20.1185
19.3478
18.5665
17.7967
17.0557
16.3403
15.6429
14.9551
14.2629
13.5505
12.8024
12.0015
11.1279
10.1757
9.17861
8.18698
7.23399
6.34573
5.55394
4.89648
4.41465
4.15579
4.16629
4.4853
5.14031
6.13721
7.4423
8.96454
10.4567
13.0762
11.3176
9.1809
6.76502
4.30378
1.61192
-1.18798
-3.9904
-6.8249
-9.63173
-12.3881
-15.1078
-17.7744
-20.3915
-22.9627
-25.4817
-27.942
-30.3312
-32.6296
-34.8121
-36.8451
-38.6874
-40.2986
-41.6441
-42.7219
-43.5566
-44.1399
-44.427
-44.3657
-43.9009
-42.9749
-41.531
-39.5175
-36.8935
-33.6368
-29.7544
-25.3
-20.3953
-15.4558
14.6207
15.9819
17.3432
18.5615
19.5041
20.164
20.4845
20.4542
20.1473
19.6386
19.0002
18.3109
17.6111
16.9219
16.2599
15.6225
15.0032
14.3946
13.784
13.1574
12.5005
11.7979
11.0312
10.1944
9.31755
8.4453
7.60656
6.82337
6.12259
5.53628
5.09955
4.85242
4.83454
5.07947
5.6111
6.43544
7.52559
8.80766
10.0735
12.0037
10.3246
8.28881
5.99236
3.65799
1.10969
-1.53512
-4.1765
-6.84236
-9.47623
-12.0567
-14.5969
-17.0814
-19.5139
-21.8977
-24.2272
-26.4966
-28.6944
-30.8029
-32.7993
-34.653
-36.3271
-37.7854
-38.9976
-39.964
-40.7096
-41.2296
-41.4849
-41.4299
-41.0165
-40.1943
-38.9129
-37.1257
-34.7953
-31.8987
-28.4371
-24.45
-20.0331
-15.5499
13.4818
14.788
16.0989
17.2797
18.2018
18.8604
19.2015
19.2121
18.961
18.5193
17.9547
17.3409
16.7164
16.1015
15.5118
14.9455
14.3971
13.86
13.3228
12.7729
12.1976
11.5828
10.9115
10.1782
9.40914
8.64415
7.90822
7.2199
6.60179
6.08082
5.68662
5.45271
5.41262
5.59483
6.01984
6.69358
7.59502
8.66495
9.72933
11.015
9.41254
7.47346
5.29138
3.07802
0.666569
-1.8308
-4.31952
-6.82598
-9.29673
-11.7117
-14.0835
-16.3976
-18.6576
-20.8668
-23.0201
-25.1124
-27.1331
-29.0662
-30.8909
-32.5797
-34.0992
-35.4173
-36.5076
-37.3722
-38.0362
-38.4977
-38.7229
-38.6719
-38.3032
-37.573
-36.4368
-34.8533
-32.788
-30.2182
-27.14
-23.581
-19.6137
-15.5555
12.4291
13.682
14.944
16.0877
16.989
17.645
18.0042
18.052
17.8524
17.4728
16.9766
16.4328
15.8778
15.3312
14.8076
14.3061
13.8219
13.3491
12.8777
12.3965
11.8939
11.3572
10.7711
10.1302
9.45749
8.78843
8.14462
7.54151
6.99802
6.53662
6.1821
5.96231
5.90528
6.03493
6.36865
6.91214
7.64919
8.533
9.41921
10.1043
8.57546
6.72919
4.65656
2.55871
0.27763
-2.07968
-4.42368
-6.77942
-9.0963
-11.3556
-13.5693
-15.724
-17.823
-19.8697
-21.8593
-23.7874
-25.6443
-27.4155
-29.0821
-30.6193
-31.9971
-33.1868
-34.1658
-34.9377
-35.5276
-35.9356
-36.1327
-36.0843
-35.7547
-35.1059
-34.0994
-32.6984
-30.8718
-28.5971
-25.8668
-22.698
-19.1436
-15.4798
11.4567
12.6579
13.8723
14.9795
15.8597
16.5117
16.8866
16.9684
16.8161
16.4939
16.0611
15.5819
15.0909
14.6069
14.1438
13.7011
13.2748
12.8599
12.4475
12.0275
11.5896
11.1224
10.612
10.0532
9.46645
8.8829
8.32122
7.79428
7.31774
6.91029
6.59245
6.38718
6.31766
6.40376
6.66007
7.09188
7.68692
8.40864
9.13822
9.26591
7.80793
6.05072
4.08282
2.0952
-0.0617275
-2.28595
-4.49285
-6.70611
-8.87785
-10.9908
-13.0562
-15.0616
-17.0104
-18.9058
-20.7436
-22.5195
-24.2251
-25.8469
-27.3681
-28.7662
-30.0143
-31.0869
-31.9646
-32.6526
-33.1754
-33.5349
-33.706
-33.6593
-33.364
-32.7875
-31.8965
-30.6587
-29.046
-27.0367
-24.6205
-21.8059
-18.6294
-15.3304
10.5588
11.7101
12.8781
13.9494
14.8083
15.4551
15.8433
15.9559
15.8471
15.5777
15.2033
14.7836
14.3515
13.9248
13.5168
13.1275
12.7535
12.3905
12.0307
11.6652
11.2848
10.8792
10.4359
9.95006
9.4396
8.93195
8.44322
7.98402
7.56727
7.20835
6.92415
6.73342
6.65514
6.7056
6.89691
7.23383
7.70718
8.28878
8.88158
8.49474
7.10487
5.43305
3.56534
1.68293
-0.35588
-2.45368
-4.53068
-6.60921
-8.64418
-10.6194
-12.5458
-14.4117
-16.2203
-17.9749
-19.6716
-21.3067
-22.8725
-24.3569
-25.7445
-27.0152
-28.1447
-29.1108
-29.8967
-30.5089
-30.9711
-31.2868
-31.4345
-31.3889
-31.1238
-30.6116
-29.8233
-28.731
-27.3094
-25.538
-23.4042
-20.9098
-18.0776
-15.1148
9.73019
10.8332
11.9561
12.992
13.8293
14.4698
14.8693
15.0094
14.9404
14.7196
14.3989
14.0339
13.6557
13.2813
12.9234
12.5824
12.2555
11.9391
11.6262
11.3091
10.9796
10.6284
10.2445
9.82317
9.38023
8.93976
8.51555
8.11635
7.75271
7.43724
7.18368
7.00722
6.92325
6.94497
7.08225
7.33927
7.70925
8.17068
8.64493
7.78592
6.4615
4.87157
3.09966
1.31759
-0.608744
-2.58656
-4.54055
-6.49177
-8.39777
-10.2437
-12.0397
-13.775
-15.453
-17.0766
-18.6425
-20.1474
-21.5842
-22.9421
-24.2071
-25.3611
-26.3826
-27.2519
-27.955
-28.4988
-28.9068
-29.1833
-29.3099
-29.2651
-29.0269
-28.5717
-27.8747
-26.9117
-25.6603
-24.1012
-22.2206
-20.0145
-17.4949
-14.8406
8.96602
10.0223
11.1012
12.1024
12.9179
13.551
13.9596
14.1244
14.0915
13.9152
13.6438
13.3288
12.9999
12.6733
12.3608
12.0634
11.7787
11.5038
11.2328
10.9585
10.6739
10.3708
10.0392
9.67487
9.29152
8.91027
8.54293
8.19664
7.88
7.6032
7.37738
7.21473
7.12757
7.12646
7.21933
7.40974
7.69268
8.05187
8.42414
7.13488
5.87335
4.36193
2.68164
0.995256
-0.824074
-2.68799
-4.52547
-6.35646
-8.141
-9.86529
-11.5391
-13.1525
-14.7086
-16.2105
-17.6551
-19.0396
-20.3575
-21.5991
-22.7518
-23.7993
-24.7225
-25.504
-26.1323
-26.6149
-26.9744
-27.2159
-27.3238
-27.2799
-27.0657
-26.661
-26.045
-25.1969
-24.0967
-22.7265
-21.0716
-19.1242
-16.8874
-14.5154
8.26163
9.27271
10.3089
11.2758
12.0694
12.6941
13.1098
13.2964
13.2962
13.1605
12.9341
12.6649
12.3809
12.0976
11.8262
11.568
11.3212
11.0834
10.8493
10.6129
10.368
10.1071
9.82155
9.50734
9.1764
8.8472
8.5298
8.23001
7.95476
7.71225
7.51142
7.36195
7.27362
7.25472
7.31153
7.44696
7.65728
7.93024
8.21556
6.53736
5.33628
3.90012
2.30737
0.712181
-1.00533
-2.76112
-4.48833
-6.20581
-7.876
-9.48607
-11.0454
-12.5448
-13.9875
-15.3763
-16.7085
-17.9817
-19.1901
-20.3248
-21.3747
-22.3251
-23.159
-23.8612
-24.4222
-24.85
-25.1663
-25.3768
-25.4682
-25.4254
-25.2325
-24.8728
-24.3287
-23.5821
-22.6159
-21.4132
-19.9593
-18.2432
-16.2613
-14.1464
7.6127
8.58008
9.57469
10.5079
11.2795
11.8947
12.3156
12.5214
12.5507
12.4517
12.2663
12.0387
11.7955
11.5514
11.3171
11.094
10.8811
10.6762
10.4749
10.272
10.0618
9.83809
9.59288
9.32264
9.03768
8.75407
8.48039
8.2213
7.98237
7.77014
7.59173
7.45474
7.36681
7.33438
7.3623
7.45284
7.60317
7.80406
8.01585
5.98943
4.84638
3.48235
1.97324
0.464991
-1.15572
-2.80895
-4.43183
-6.04219
-7.60466
-9.10751
-10.5596
-11.9526
-13.2895
-14.5733
-15.8015
-16.972
-18.0796
-19.1163
-20.0722
-20.9341
-21.6869
-22.3175
-22.8181
-23.1971
-23.4751
-23.6583
-23.7354
-23.6936
-23.5199
-23.2002
-22.7197
-22.0631
-21.2151
-20.1607
-18.885
-17.375
-15.6222
-13.7409
7.01523
7.94031
8.89447
9.79457
10.544
11.1489
11.5732
11.7956
11.8511
11.7853
11.6371
11.4473
11.241
11.0323
10.8313
10.6397
10.4569
10.2812
10.1089
9.93527
9.75564
9.56438
9.35449
9.12272
8.87796
8.63417
8.39864
8.17508
7.96792
7.78235
7.62396
7.49867
7.41236
7.36996
7.37508
7.42941
7.5307
7.67194
7.82222
5.48734
4.40006
3.10507
1.67588
0.250465
-1.27821
-2.8342
-4.3584
-5.86762
-7.32872
-8.73093
-10.0827
-11.3764
-12.6149
-13.8012
-14.933
-16.0088
-17.0237
-17.9706
-18.8406
-19.622
-20.3014
-20.8675
-21.314
-21.6495
-21.8937
-22.0528
-22.1175
-22.077
-21.9206
-21.6365
-21.2123
-20.635
-19.8914
-18.9678
-17.8497
-16.523
-14.9754
-13.3052
6.46541
7.34961
8.26445
9.13195
9.85908
10.4528
10.8789
11.1154
11.1942
11.1582
11.0435
10.8877
10.7147
10.5379
10.3667
10.2032
10.0472
9.89731
9.75041
9.60256
9.44962
9.28669
9.1076
8.9094
8.69972
8.49061
8.28826
8.09561
7.91617
7.75399
7.61344
7.49905
7.41529
7.36583
7.35329
7.3788
7.44047
7.53287
7.63218
5.02763
3.99388
2.76506
1.41217
0.0656464
-1.37559
-2.83939
-4.27024
-5.68409
-7.04984
-8.3576
-9.61549
-10.8164
-11.9634
-13.0593
-14.1021
-15.0904
-16.0201
-16.8848
-17.6764
-18.3847
-18.9976
-19.5057
-19.9038
-20.2008
-20.4152
-20.5532
-20.6072
-20.5683
-20.4274
-20.1749
-19.8005
-19.2932
-18.6415
-17.8331
-16.8542
-15.6898
-14.3254
-12.8456
5.95974
6.8044
7.68099
8.51648
9.22127
9.80301
10.2292
10.4774
10.5767
10.5673
10.4827
10.3575
10.2144
10.0661
9.92149
9.78304
9.65068
9.52354
9.39898
9.27365
9.14398
9.00572
8.85344
8.68445
8.50527
8.32629
8.15272
7.98691
7.83157
7.68986
7.56514
7.46086
7.38032
7.32619
7.30027
7.3032
7.33327
7.38613
7.44378
4.60708
3.62472
2.45924
1.17919
-0.0922139
-1.45033
-2.82679
-4.16942
-5.49332
-6.76936
-7.98855
-9.15859
-10.2731
-11.3349
-12.3469
-13.3074
-14.2152
-15.0666
-15.8561
-16.5762
-17.2181
-17.7711
-18.227
-18.5819
-18.8447
-19.0329
-19.1526
-19.1975
-19.1603
-19.0334
-18.8091
-18.4788
-18.0331
-17.4622
-16.755
-15.8986
-14.8779
-13.6766
-12.3679
5.49491
6.30134
7.14077
7.94476
8.62714
9.19616
9.62084
9.87868
9.99578
10.0099
9.95208
9.85435
9.73793
9.615
9.49411
9.37779
9.26634
9.15917
9.05415
8.94844
8.83901
8.72216
8.59313
8.4495
8.29678
8.1439
7.99525
7.85266
7.71823
7.59441
7.48373
7.38876
7.31191
7.25503
7.21927
7.20482
7.21006
7.23137
7.25536
4.22267
3.28964
2.18479
0.974251
-0.225631
-1.50484
-2.7985
-4.05774
-5.29685
-6.48856
-7.62469
-8.71261
-9.74643
-10.7291
-11.6633
-12.5478
-13.3814
-14.1611
-14.8816
-15.5367
-16.1184
-16.6172
-17.0263
-17.3428
-17.5754
-17.7405
-17.8443
-17.8816
-17.8462
-17.7321
-17.5328
-17.2414
-16.8499
-16.35
-15.7316
-14.983
-14.0889
-13.0327
-11.8772
5.06788
5.83735
6.64064
7.41368
8.07364
8.6292
9.05097
9.31631
9.44863
9.48342
9.44938
9.376
9.28334
9.18299
9.08308
8.9863
8.89321
8.80354
8.71555
8.62689
8.535
8.43666
8.32777
8.20608
8.07625
7.94592
7.81879
7.69627
7.57997
7.47173
7.37347
7.28706
7.2142
7.1561
7.11337
7.08587
7.07195
7.06844
7.06573
3.87159
2.9859
1.93907
0.794874
-0.336947
-1.54123
-2.75649
-3.93694
-5.09613
-6.20856
-7.26682
-8.27794
-9.2366
-10.1457
-11.0079
-11.8221
-12.5875
-13.3012
-13.9588
-14.5547
-15.0817
-15.5318
-15.899
-16.1812
-16.3871
-16.5321
-16.6222
-16.653
-16.6195
-16.517
-16.3401
-16.083
-15.7392
-15.3015
-14.7611
-14.107
-13.3245
-12.3967
-11.3781
4.67577
5.40952
6.17769
6.92032
7.55783
8.09929
8.51676
8.78763
8.93275
8.98549
8.97241
8.92056
8.84891
8.76854
8.68712
8.6075
8.5305
8.45607
8.38289
8.30901
8.23226
8.14992
8.05838
7.95564
7.84557
7.73469
7.6261
7.52088
7.42025
7.32559
7.23831
7.15974
7.09102
7.03289
6.98554
6.94851
6.92012
6.8975
6.87395
3.55126
2.71097
1.71965
0.638724
-0.428341
-1.56149
-2.70249
-3.80854
-4.89241
-5.93033
-6.91557
-7.8549
-8.74351
-9.58426
-10.3797
-11.129
-11.8316
-12.4849
-13.085
-13.627
-14.1046
-14.5107
-14.8404
-15.0922
-15.2746
-15.4019
-15.4801
-15.5056
-15.4742
-15.3821
-15.2251
-14.9983
-14.6965
-14.3134
-13.8413
-13.27
-12.5857
-11.7715
-10.8748
4.31594
5.01516
5.7492
6.46196
7.07701
7.60378
8.01567
8.29019
8.44583
8.51399
8.51919
8.48626
8.43311
8.37028
8.30508
8.24049
8.17752
8.11634
8.05597
7.99484
7.93115
7.86255
7.78595
7.69953
7.60647
7.51231
7.41967
7.32935
7.24225
7.1594
7.08182
7.01041
6.9459
6.88865
6.83854
6.79485
6.75586
6.71884
6.67945
3.25923
2.46249
1.52425
0.503653
-0.50182
-1.56745
-2.63815
-3.67391
-4.6868
-5.65467
-6.5715
-7.44372
-8.26703
-9.04426
-9.77793
-10.4673
-11.112
-11.71
-12.2576
-12.7506
-13.1835
-13.55
-13.8461
-14.0709
-14.2326
-14.3446
-14.4126
-14.4336
-14.4044
-14.3218
-14.1825
-13.9825
-13.7176
-13.3823
-12.9699
-12.4712
-11.8731
-11.1593
-10.3709
3.98592
4.65177
5.35265
6.03608
6.62869
7.1402
7.54526
7.8217
7.98567
8.06687
8.08792
8.07151
8.0345
7.98701
7.93598
7.88447
7.83367
7.78395
7.73463
7.68447
7.63198
7.57518
7.51139
7.43897
7.36052
7.28074
7.20178
7.12426
7.04885
6.97627
6.90724
6.84237
6.78205
6.72636
6.67494
6.62691
6.58047
6.53294
6.48189
2.99325
2.23825
1.35078
0.38768
-0.559205
-1.56078
-2.56491
-3.53427
-4.48027
-5.38233
-6.23502
-7.04452
-7.80697
-8.52521
-9.20161
-9.8357
-10.4272
-10.9744
-11.4741
-11.9226
-12.315
-12.6459
-12.9119
-13.1128
-13.2562
-13.3549
-13.4141
-13.4316
-13.4045
-13.3306
-13.2071
-13.0309
-12.7983
-12.505
-12.1448
-11.7096
-11.1871
-10.5618
-9.86948
3.68339
4.31701
4.9857
5.64032
6.21054
6.70626
7.10334
7.38006
7.55028
7.64232
7.67698
7.67484
7.65185
7.61766
7.57892
7.53873
7.49845
7.4586
7.41877
7.37801
7.3351
7.28838
7.23556
7.17513
7.10921
7.04172
6.9745
6.90798
6.84264
6.77898
6.71752
6.65859
6.60238
6.54875
6.49716
6.44661
6.39525
6.34042
6.28115
2.75124
2.03623
1.19727
0.28896
-0.602233
-1.54302
-2.48413
-3.39081
-4.27374
-5.11392
-5.90647
-6.65731
-7.36305
-8.02645
-8.6498
-9.23282
-9.77539
-10.276
-10.732
-11.14
-11.4958
-11.7947
-12.0339
-12.2135
-12.341
-12.4281
-12.4798
-12.4943
-12.4695
-12.4034
-12.2941
-12.1388
-11.9348
-11.6782
-11.3638
-10.9841
-10.5278
-9.9804
-9.37315
3.40623
4.00872
4.64616
5.27252
5.82041
6.29987
6.68789
6.96332
7.13776
7.23859
7.28485
7.29495
7.28398
7.26125
7.2331
7.20266
7.17141
7.14003
7.10832
7.07557
7.04083
7.0027
6.95923
6.90905
6.85383
6.79688
6.73969
6.68261
6.62595
6.57007
6.51527
6.46176
6.40952
6.35829
6.30741
6.25578
6.20153
6.14195
6.07728
2.53129
1.85458
1.06197
0.205843
-0.632418
-1.51559
-2.39703
-3.2445
-4.06797
-4.84996
-5.58607
-6.28199
-6.93485
-7.5473
-8.12152
-8.65735
-9.15488
-9.61281
-10.0289
-10.4001
-10.7227
-10.9928
-11.2081
-11.3689
-11.4824
-11.5594
-11.6048
-11.617
-11.5944
-11.5356
-11.4388
-11.3022
-11.1232
-10.8988
-10.6244
-10.2933
-9.89515
-9.41623
-8.88414
3.15251
3.72493
4.33205
4.93064
5.45628
5.91903
6.29697
6.56969
6.74638
6.85416
6.91018
6.93063
6.92986
6.91691
6.89782
6.87572
6.85219
6.82802
6.80321
6.77728
6.74948
6.71865
6.68314
6.64169
6.59561
6.54765
6.49905
6.45005
6.40088
6.35175
6.30286
6.25426
6.20585
6.15724
6.10772
6.05612
6.00055
5.93829
5.8705
2.33168
1.69165
0.943278
0.136855
-0.65111
-1.47962
-2.3046
-3.09619
-3.86356
-4.59088
-5.27401
-5.91851
-6.52208
-7.08717
-7.61579
-8.10798
-8.56401
-8.98281
-9.36237
-9.70012
-9.99286
-10.2371
-10.431
-10.5752
-10.6764
-10.7447
-10.7847
-10.7951
-10.7747
-10.7225
-10.637
-10.5169
-10.36
-10.1639
-9.92449
-9.63587
-9.2886
-8.86995
-8.40421
2.92044
3.4638
4.0415
4.6128
5.11626
5.56187
5.92872
6.19738
6.37446
6.48766
6.55182
6.58085
6.58854
6.58384
6.57243
6.55741
6.54043
6.52237
6.50343
6.48327
6.46133
6.43669
6.40791
6.37389
6.3356
6.2953
6.25404
6.21198
6.16926
6.12602
6.08235
6.03823
5.99346
5.94761
5.89992
5.84919
5.79353
5.73021
5.66109
2.15059
1.54568
0.839523
0.0804361
-0.659753
-1.43637
-2.20786
-2.94662
-3.66097
-4.33691
-4.97023
-5.56665
-6.1244
-6.64547
-7.1317
-7.58346
-8.00124
-8.3841
-8.73028
-9.03758
-9.30325
-9.52424
-9.6991
-9.82856
-9.91902
-9.97985
-10.0152
-10.0244
-10.0062
-9.95995
-9.88468
-9.77918
-9.64187
-9.47058
-9.26186
-9.01043
-8.70774
-8.34204
-7.93481
2.70821
3.22358
3.77282
4.31731
4.7987
5.22673
5.58149
5.84477
6.02028
6.13776
6.20878
6.24464
6.25919
6.26133
6.25639
6.24732
6.23584
6.22293
6.20891
6.1936
6.17661
6.15718
6.1341
6.10637
6.0747
6.04093
6.00595
5.96985
5.93272
5.89463
5.8556
5.81555
5.77424
5.73121
5.68569
5.63646
5.58165
5.51854
5.44949
1.98629
1.41481
0.748855
0.0347321
-0.660018
-1.38748
-2.10819
-2.79687
-3.46091
-4.08862
-4.67451
-5.22561
-5.7409
-6.22114
-6.66792
-7.08222
-7.46476
-7.81465
-8.13034
-8.40995
-8.65111
-8.8512
-9.00905
-9.1255
-9.20659
-9.26096
-9.29256
-9.30076
-9.28479
-9.24408
-9.17796
-9.08551
-8.96546
-8.81602
-8.63422
-8.41538
-8.15176
-7.83262
-7.47694
2.51408
3.00257
3.52437
4.04268
4.5023
4.91246
5.25425
5.51075
5.68196
5.80285
5.87981
5.92098
5.94087
5.94865
5.94912
5.94505
5.93816
5.92954
5.91964
5.90839
5.89553
5.88046
5.86218
5.83978
5.81372
5.78552
5.7559
5.72492
5.69263
5.65904
5.62415
5.58783
5.5498
5.5096
5.46648
5.4192
5.36596
5.30403
5.23616
1.83762
1.29798
0.670204
-0.00131438
-0.653052
-1.33411
-2.00671
-2.64804
-3.26448
-3.84696
-4.38694
-4.89482
-5.37067
-5.81299
-6.22297
-6.60252
-6.95261
-7.27227
-7.56008
-7.81455
-8.03357
-8.21492
-8.35769
-8.46269
-8.53566
-8.58451
-8.613
-8.62064
-8.60685
-8.57131
-8.51348
-8.43271
-8.32798
-8.19782
-8.03969
-7.84943
-7.62007
-7.34184
-7.03157
2.33682
2.79944
3.29485
3.78751
4.22567
4.61771
4.94607
5.19468
5.35825
5.48173
5.56378
5.60872
5.63259
5.64494
5.64992
5.64998
5.64692
5.64189
5.63542
5.62757
5.61817
5.60676
5.59253
5.57464
5.55335
5.52992
5.50491
5.47835
5.45028
5.42067
5.38949
5.35657
5.32164
5.28426
5.24367
5.19868
5.14753
5.08752
5.02168
1.70459
1.19548
0.604242
-0.0268098
-0.637874
-1.2751
-1.90252
-2.49961
-3.0716
-3.61106
-4.10816
-4.57657
-5.01596
-5.42227
-5.79731
-6.14431
-6.46419
-6.75576
-7.0178
-7.2492
-7.4481
-7.61258
-7.74186
-7.83678
-7.90267
-7.94687
-7.97283
-7.98023
-7.9686
-7.93784
-7.88754
-7.81721
-7.72613
-7.61304
-7.47575
-7.31066
-7.11145
-6.86927
-6.59896
2.17622
2.61373
3.08308
3.55013
3.96666
4.33971
4.65415
4.89412
5.04907
5.17561
5.26117
5.3077
5.33413
5.35007
5.35857
5.36186
5.36182
5.35968
5.35603
5.35098
5.34444
5.3361
5.32529
5.31123
5.29401
5.27467
5.25363
5.23094
5.20656
5.18051
5.15268
5.12292
5.09096
5.05634
5.01838
4.97592
4.92726
4.86971
4.8066
1.58629
1.10652
0.550552
-0.0418595
-0.614036
-1.20947
-1.79385
-2.34965
-2.87978
-3.37838
-3.83606
-4.27188
-4.67905
-5.04991
-5.3908
-5.7072
-5.99899
-6.2643
-6.50233
-6.7124
-6.89294
-7.04211
-7.15923
-7.24524
-7.305
-7.34527
-7.36931
-7.3768
-7.36744
-7.34127
-7.29792
-7.23699
-7.1581
-7.06014
-6.9412
-6.79819
-6.62547
-6.41504
-6.18006
2.03135
2.44439
2.88792
3.32898
3.72318
4.07555
4.37524
4.60392
4.75096
4.88561
4.9733
5.01795
5.04543
5.06431
5.07562
5.08132
5.0836
5.08374
5.08233
5.07951
5.07529
5.06943
5.06141
5.0505
5.03671
5.0208
5.00316
4.98378
4.96266
4.93974
4.91495
4.88812
4.85899
4.82709
4.79179
4.75199
4.70605
4.65132
4.5913
1.49505
1.03802
0.508494
-0.052835
-0.592584
-1.15103
-1.69268
-2.20414
-2.68237
-3.13514
-3.52522
-3.94163
-4.3396
-4.69015
-5.01115
-5.31232
-5.59079
-5.84329
-6.06945
-6.26903
-6.44046
-6.58194
-6.69281
-6.7741
-6.8305
-6.86849
-6.89142
-6.89893
-6.89121
-6.86844
-6.82885
-6.77394
-6.7032
-6.61547
-6.50898
-6.38098
-6.22646
-6.03811
-5.82805
1.91932
2.31196
2.73364
3.14863
3.51691
3.8388
4.10692
4.29647
4.41968
4.59728
4.70411
4.75312
4.78662
4.81289
4.82998
4.83999
4.84584
4.8492
4.85067
4.85053
4.84891
4.84569
4.84048
4.83262
4.82196
4.80906
4.79421
4.77747
4.75881
4.73819
4.71554
4.69073
4.6635
4.63349
4.60004
4.56208
4.51805
4.4653
4.40756
1.42284
0.984284
0.476518
-0.0589164
-0.570172
-1.09389
-1.59373
-2.05824
-2.47843
-2.87942
-3.18524
-3.59654
-4.00131
-4.34206
-4.65269
-4.94852
-5.22326
-5.47179
-5.6941
-5.8902
-6.05854
-6.19724
-6.30569
-6.38501
-6.43994
-6.477
-6.49972
-6.5075
-6.50114
-6.48102
-6.443
-6.39159
-6.32614
-6.24507
-6.14673
-6.02882
-5.88675
-5.71357
-5.52043
1.82971
2.20468
2.60555
2.99411
3.33326
3.61772
3.84343
3.97965
4.06856
4.30681
4.446
4.50544
4.54869
4.58534
4.61059
4.62653
4.63713
4.64454
4.64952
4.65253
4.65384
4.65355
4.65134
4.64663
4.6391
4.62905
4.61674
4.60229
4.5857
4.56692
4.5459
4.52252
4.49654
4.46764
4.4352
4.39816
4.35503
4.30303
4.24594
1.3527
0.932892
0.447281
-0.0618002
-0.54428
-1.03292
-1.49149
-1.90961
-2.2747
-2.62478
-2.85163
-3.25374
-3.66256
-3.99308
-4.2919
-4.58063
-4.85054
-5.09437
-5.31219
-5.50437
-5.66942
-5.80525
-5.91137
-5.98889
-6.04253
-6.07886
-6.10156
-6.10982
-6.10509
-6.08803
-6.05208
-6.00463
-5.94506
-5.87111
-5.78123
-5.67354
-5.54395
-5.38607
-5.21188
1.74188
2.09914
2.47912
2.84141
3.15214
3.39964
3.5848
3.67032
3.72544
4.01251
4.18358
4.25355
4.3048
4.35065
4.38368
4.40532
4.4204
4.43159
4.43995
4.44599
4.45014
4.45263
4.45334
4.4517
4.4472
4.43991
4.43011
4.41788
4.40328
4.38633
4.36698
4.34515
4.3207
4.29326
4.26224
4.22663
4.18494
4.13449
4.07993
1.28501
0.884019
0.420812
-0.0618002
-0.51544
-0.96897
-1.38716
-1.75946
-2.07277
-2.37072
-2.52699
-2.91493
-3.32307
-3.64328
-3.92974
-4.20971
-4.47354
-4.71197
-4.92479
-5.11265
-5.27413
-5.40701
-5.51086
-5.58672
-5.63928
-5.67502
-5.69776
-5.70636
-5.703
-5.68845
-5.65394
-5.60962
-5.55496
-5.48717
-5.40485
-5.30658
-5.18857
-5.04414
-4.88237
1.65637
1.99607
2.35523
2.6917
2.9748
3.18589
3.33265
3.36943
3.39247
3.71496
3.91604
3.99765
4.05571
4.10937
4.1496
4.17678
4.19609
4.21079
4.22222
4.23109
4.23791
4.24304
4.24653
4.24785
4.24631
4.24179
4.23451
4.22457
4.21202
4.19685
4.17898
4.15836
4.13487
4.10823
4.07792
4.04306
4.00213
3.95206
3.89603
1.22037
0.838104
0.397312
-0.0589681
-0.484023
-0.902813
-1.28179
-1.60914
-1.87408
-2.11838
-2.21324
-2.58189
-2.98351
-3.29263
-3.56638
-3.83619
-4.09256
-4.32485
-4.53221
-4.71548
-4.87323
-5.00321
-5.10478
-5.17906
-5.23084
-5.26667
-5.29055
-5.30103
-5.30094
-5.29104
-5.26056
-5.22182
-5.17423
-5.11446
-5.04109
-4.95303
-4.84732
-4.7192
-4.5827
1.57397
1.89637
2.23496
2.5462
2.80256
2.97762
3.08798
3.07616
3.06936
3.41478
3.6426
3.73703
3.80151
3.86173
3.90834
3.94071
3.96411
3.98226
3.9967
4.00824
4.01755
4.02514
4.03117
4.03524
4.03645
4.03449
4.02958
4.02193
4.0117
3.99894
3.98367
3.96587
3.94533
3.92169
3.89436
3.86236
3.82445
3.77863
3.73189
1.1593
0.79542
0.376696
-0.0536576
-0.450713
-0.835512
-1.17679
-1.46044
-1.68035
-1.86949
-1.91158
-2.25578
-2.64446
-2.94107
-3.20183
-3.46031
-3.70789
-3.93319
-4.13462
-4.313
-4.46707
-4.59452
-4.6944
-4.76738
-4.81772
-4.85203
-4.87452
-4.88367
-4.88284
-4.87294
-4.8419
-4.80424
-4.75952
-4.7042
-4.63708
-4.55722
-4.46092
-4.34047
-4.19881
1.49547
1.80104
2.1194
2.40627
2.63663
2.77599
2.85169
2.78986
2.75464
3.11234
3.36285
3.47084
3.54208
3.60836
3.6607
3.6975
3.72431
3.74551
3.76293
3.77733
3.78933
3.79952
3.80823
3.81514
3.81922
3.81986
3.81708
3.811
3.80167
3.78903
3.77314
3.75407
3.73192
3.70669
3.67809
3.64524
3.60628
3.55666
3.49592
1.10237
0.755996
0.358404
-0.0470071
-0.416887
-0.768772
-1.0738
-1.31506
-1.49284
-1.62561
-1.623
-1.93747
-2.30667
-2.58874
-2.83581
-3.08176
-3.3194
-3.53703
-3.73215
-3.90525
-4.05513
-4.17969
-4.27845
-4.35277
-4.40689
-4.44656
-4.47583
-4.49288
-4.50145
-4.50227
-4.48116
-4.45397
-4.42019
-4.3757
-4.31923
-4.25062
-4.16916
-4.07439
-3.98805
1.42198
1.71151
2.01019
2.27358
2.47792
2.58096
2.62274
2.50792
2.44468
2.80725
3.07694
3.19809
3.27581
3.34818
3.40705
3.44899
3.47889
3.50182
3.52061
3.5366
3.55054
3.563
3.57431
3.58415
3.59155
3.59601
3.5977
3.59694
3.59387
3.58852
3.58083
3.57056
3.55738
3.54058
3.51952
3.49352
3.46254
3.42746
3.40171
1.05026
0.719866
0.341684
-0.0405129
-0.3846
-0.705013
-0.974805
-1.17436
-1.31232
-1.38811
-1.34785
-1.62739
-1.97075
-2.2358
-2.4679
-2.69968
-2.92585
-3.13517
-3.32438
-3.49327
-3.63997
-3.76122
-3.85478
-3.92081
-3.96443
-3.99337
-4.01219
-4.01899
-4.01776
-4.00912
-3.97988
-3.94743
-3.91133
-3.86756
-3.81478
-3.75195
-3.67342
-3.56638
-3.4185
1.3547
1.6294
1.90937
2.15034
2.32761
2.39278
2.40014
2.22753
2.13356
2.49691
2.78518
2.92015
3.00308
3.07848
3.14219
3.19087
3.22777
3.25624
3.27842
3.29595
3.31042
3.3231
3.33474
3.34482
3.35157
3.35379
3.35155
3.34512
3.33463
3.32027
3.30234
3.28131
3.25767
3.2318
3.20375
3.17237
3.13363
3.0781
2.99514
1.00361
0.687855
0.327326
-0.0338926
-0.354439
-0.646044
-0.882356
-1.04203
-1.14296
-1.161
-1.08678
-1.32566
-1.63703
-1.88232
-2.09815
-2.31396
-2.52595
-2.72405
-2.90535
-3.07014
-3.21762
-3.3461
-3.45472
-3.54392
-3.61463
-3.6698
-3.71433
-3.74678
-3.77284
-3.79273
-3.78764
-3.77659
-3.75999
-3.73308
-3.695
-3.64745
-3.59523
-3.54782
-3.54617
1.2941
1.55524
1.81804
2.03867
2.18878
2.21768
2.19128
1.9502
1.81545
2.17532
2.48274
2.63726
2.73206
2.81085
2.87128
2.91482
2.94985
2.98211
3.01258
3.04036
3.06496
3.08675
3.10682
3.12646
3.14617
3.16483
3.1814
3.19585
3.20804
3.21776
3.22452
3.22769
3.22653
3.22047
3.20907
3.19281
3.1751
3.16445
3.18813
0.962839
0.660866
0.316793
-0.0253836
-0.325197
-0.592247
-0.799482
-0.925859
-0.994794
-0.951213
-0.841094
-1.03416
-1.30635
-1.52691
-1.72482
-1.92521
-2.12362
-2.30932
-2.47773
-2.62749
-2.75602
-2.85853
-2.93077
-2.97153
-2.99185
-3.00499
-3.01335
-3.01299
-3.00572
-2.99251
-2.96289
-2.93369
-2.90438
-2.8715
-2.83325
-2.78635
-2.71863
-2.60508
-2.40367
1.24026
1.48891
1.73639
1.93962
2.06504
2.06628
2.00746
1.67685
1.48763
1.84013
2.15699
2.32784
2.44681
2.55387
2.63581
2.68431
2.70591
2.71248
2.71394
2.71598
2.72087
2.72912
2.73962
2.74811
2.74892
2.74237
2.73127
2.71647
2.69838
2.67761
2.65497
2.63147
2.60789
2.58452
2.56038
2.53238
2.49117
2.4168
2.2784
0.92847
0.636125
0.304215
-0.0225112
-0.304645
-0.549866
-0.730108
-0.828108
-0.863947
-0.751117
-0.607391
-0.756975
-0.98439
-1.17034
-1.34108
-1.5212
-1.70929
-1.89706
-2.08018
-2.25715
-2.42704
-2.59021
-2.74706
-2.89328
-3.01326
-3.10183
-3.17305
-3.23041
-3.28654
-3.33842
-3.36077
-3.37108
-3.37466
-3.36844
-3.35187
-3.32979
-3.31821
-3.345
-3.48495
1.19667
1.43576
1.67023
1.85633
1.9555
1.93028
1.81992
1.37502
1.14203
1.5052
1.82256
1.9814
2.08576
2.19273
2.30701
2.42172
2.52967
2.62203
2.69399
2.74607
2.78213
2.80706
2.82775
2.85484
2.89606
2.94375
2.98803
3.02693
3.0606
3.08885
3.11075
3.12507
3.13114
3.12894
3.1204
3.11
3.11102
3.14854
3.2722
0.902513
0.606807
0.273349
-0.0488758
-0.318939
-0.540732
-0.68436
-0.738352
-0.712799
-0.521391
-0.369377
-0.488926
-0.678602
-0.830639
-0.961733
-1.08974
-1.21608
-1.33693
-1.44918
-1.5488
-1.62843
-1.67648
-1.68414
-1.65627
-1.62819
-1.61981
-1.621
-1.61414
-1.59439
-1.57907
-1.5454
-1.51581
-1.49609
-1.47794
-1.45638
-1.42699
-1.36637
-1.23394
-0.936581
1.17276
1.41061
1.63662
1.8013
1.85987
1.77777
1.54704
0.976176
0.746249
1.16189
1.53585
1.74537
1.84514
1.86536
1.82193
1.74514
1.66555
1.60746
1.57811
1.57442
1.5897
1.61809
1.65079
1.67022
1.66154
1.63777
1.61534
1.59563
1.57751
1.56045
1.54585
1.53536
1.52988
1.52915
1.53061
1.52668
1.49637
1.39943
1.17518
0.888384
0.577287
0.228369
-0.102785
-0.370103
-0.57163
-0.674213
-0.668401
-0.552432
-0.280972
-0.12542
-0.203878
-0.354332
-0.508577
-0.67221
-0.848059
-1.03634
-1.23689
-1.45133
-1.68376
-1.93958
-2.22026
-2.51092
-2.77753
-2.96396
-3.07279
-3.17626
-3.25977
-3.39503
-3.60094
-3.52481
-3.51693
-3.56322
-3.59362
-3.59902
-3.60244
-3.64069
-3.7624
-4.06455
1.17101
1.41631
1.6408
1.7854
1.79796
1.63531
1.23687
0.556815
0.281618
0.651418
1.08127
1.51053
1.93159
2.33618
2.67922
2.93406
3.10525
3.19927
3.23489
3.23307
3.2114
3.18325
3.16758
3.19647
3.28466
3.38749
3.46798
3.52918
3.57895
3.61903
3.64709
3.66169
3.66348
3.65484
3.64135
3.63432
3.66251
3.77042
4.03357
127.057
123.902
120.009
115.491
110.277
104.467
98.3564
92.2455
86.2765
80.4706
74.821
69.3305
64.0102
58.872
53.9243
49.1734
44.623
40.2748
36.1297
32.1867
28.4431
24.896
21.5407
18.3727
15.3867
12.5775
9.93985
7.46876
5.16019
3.00972
1.01369
-0.83108
-2.52805
-4.07989
-5.48938
-6.75961
-7.89355
-8.89475
-9.767
-10.5146
-11.1421
-11.6549
-12.0589
-12.3599
-12.5649
-12.6808
-12.7148
-12.6743
-12.5666
-12.3992
-12.1792
-11.9138
-11.6095
-11.2727
-10.9095
-10.5251
-10.1247
-9.71275
-9.29314
-8.86944
-8.44467
-8.02143
-7.60195
-7.18796
-6.78114
-6.38229
-5.99308
-5.66341
-5.36991
-5.07938
-4.75713
-4.48454
-4.08672
-3.93519
-3.2975
-3.56003
-2.24761
-3.58547
-0.753638
-4.26453
126.824
122.884
118.216
113.296
108.15
102.894
97.6654
92.5531
87.573
82.7401
78.0627
73.5477
69.2039
65.0373
61.053
57.2538
53.6412
50.2155
46.9751
43.9168
41.0367
38.3296
35.7897
33.4106
31.1855
29.1078
27.1705
25.3669
23.6907
22.1356
20.696
19.3662
18.1406
17.0141
15.9815
15.0377
14.1774
13.3954
12.6864
12.045
11.4657
10.9432
10.4718
10.0462
9.66121
9.31161
8.99251
8.69934
8.42775
8.17389
7.93415
7.70543
7.48496
7.27045
7.05989
6.85174
6.64471
6.43788
6.23059
6.02245
5.81326
5.60297
5.3917
5.1796
4.96695
4.75421
4.54144
4.35982
4.19834
4.03549
3.84853
3.69577
3.44278
3.38493
2.9245
3.20723
2.17564
3.3486
1.02909
4.14961
49.3755
48.8321
48.6212
48.4474
48.2268
47.9188
47.4779
46.8701
46.067
45.0585
43.8532
42.4662
40.9132
39.2099
37.3725
35.4178
33.3641
31.2299
29.0337
26.794
24.5291
22.2563
19.992
17.7512
15.5481
13.3948
11.3023
9.2798
7.33559
5.47612
3.70698
2.03288
0.457139
-1.01721
-2.38792
-3.65353
-4.813
-5.86604
-6.81285
-7.65424
-8.39169
-9.02738
-9.56417
-10.0053
-10.355
-10.6178
-10.7989
-10.9036
-10.9378
-10.9076
-10.8191
-10.6785
-10.4919
-10.2652
-10.0043
-9.71444
-9.40079
-9.06801
-8.72039
-8.36181
-7.99576
-7.62522
-7.25291
-6.881
-6.51163
-6.1461
-5.78614
-5.4797
-5.20467
-4.93368
-4.62654
-4.37347
-3.9863
-3.85366
-3.22675
-3.49547
-2.21908
-3.51033
-0.804426
-4.14893
49.6778
49.752
50.2202
50.7186
51.0859
51.286
51.2949
51.0987
50.6954
50.1003
49.3278
48.3915
47.3084
46.0937
44.7644
43.3375
41.8299
40.2587
38.6412
36.9938
35.3324
33.6712
32.0237
30.402
28.8166
27.2763
25.7883
24.3585
22.9913
21.6896
20.4558
19.2907
18.1946
17.167
16.2072
15.3135
14.4842
13.7169
13.0092
12.3582
11.7608
11.2135
10.713
10.2554
9.83689
9.45364
9.10181
8.77754
8.47719
8.19722
7.9344
7.68566
7.44831
7.21988
6.99828
6.78168
6.56859
6.3578
6.14838
5.93962
5.73109
5.52248
5.31368
5.10468
4.89562
4.68681
4.47812
4.30033
4.14195
3.98322
3.79891
3.65128
3.40074
3.34643
2.89502
3.16628
2.17283
3.29001
1.07029
4.04171
22.5282
22.2864
22.0699
21.8248
21.5749
21.3359
21.109
20.8937
20.6846
20.4768
20.263
20.0311
19.7682
19.4622
19.1021
18.6783
18.1833
17.6113
16.958
16.2217
15.4028
14.5037
13.5287
12.4843
11.3783
10.22
9.01985
7.78878
6.53846
5.28044
4.02608
2.78662
1.57221
0.39263
-0.743321
-1.82782
-2.85396
-3.81588
-4.70864
-5.52828
-6.27189
-6.93765
-7.5246
-8.03249
-8.46221
-8.81536
-9.09417
-9.30171
-9.44156
-9.51791
-9.53519
-9.49823
-9.41197
-9.28149
-9.11179
-8.90786
-8.67443
-8.41609
-8.13708
-7.84139
-7.53266
-7.21417
-6.8889
-6.55934
-6.22794
-5.89652
-5.56664
-5.2842
-5.02861
-4.77742
-4.48754
-4.25214
-3.88236
-3.75873
-3.16203
-3.40865
-2.21134
-3.40005
-0.88318
-3.9818
22.6192
22.5961
22.6647
22.7504
22.8771
23.0612
23.2911
23.5543
23.8417
24.1428
24.4422
24.7241
24.9758
25.1838
25.3377
25.4278
25.4468
25.3889
25.2507
25.0306
24.7293
24.349
23.894
23.3702
22.7848
22.1459
21.4622
20.7432
19.9981
19.236
18.4658
17.6954
16.9322
16.1828
15.4526
14.7463
14.0678
13.4198
12.8045
12.2231
11.6762
11.1639
10.6854
10.2399
9.82551
9.44061
9.08292
8.75013
8.43969
8.1491
7.87579
7.61733
7.37133
7.13566
6.90828
6.68748
6.47169
6.25962
6.05021
5.8426
5.63615
5.43041
5.22512
5.02013
4.81544
4.61128
4.40734
4.23391
4.07926
3.92489
3.74465
3.60075
3.35718
3.29975
2.86975
3.11229
2.18173
3.21058
1.12976
3.91394
22.0622
21.9351
21.7699
21.5509
21.2754
20.94
20.5484
20.1137
19.648
19.1577
18.6456
18.1134
17.5637
16.998
16.418
15.8232
15.2136
14.5878
13.944
13.2799
12.5933
11.8814
11.1421
10.3736
9.57474
8.74534
7.88628
6.99931
6.08778
5.15571
4.20841
3.25208
2.29346
1.33983
0.39883
-0.522026
-1.41524
-2.27381
-3.09113
-3.86133
-4.57936
-5.24101
-5.84281
-6.38204
-6.85717
-7.26739
-7.61276
-7.89417
-8.11322
-8.27218
-8.37394
-8.42173
-8.41935
-8.37072
-8.28008
-8.15166
-7.98977
-7.79858
-7.58218
-7.34444
-7.08903
-6.81931
-6.53842
-6.2491
-5.95397
-5.65529
-5.35446
-5.09508
-4.85773
-4.62505
-4.35146
-4.13292
-3.77896
-3.66616
-3.09291
-3.33002
-2.18669
-3.31429
-0.916896
-3.86591
22.1327
22.1622
22.1728
22.1484
22.0968
22.0198
21.9183
21.7986
21.6681
21.5311
21.3901
21.2475
21.1053
20.964
20.8238
20.6832
20.5403
20.3922
20.2352
20.0658
19.8795
19.6723
19.4405
19.1806
18.8903
18.5678
18.2123
17.8245
17.4056
16.9581
16.4856
15.992
15.482
14.9604
14.4324
13.9029
13.3767
12.8581
12.3511
11.8587
11.3839
10.9286
10.4943
10.0818
9.69157
9.32325
8.9763
8.64965
8.34207
8.05197
7.77772
7.51749
7.26954
7.03204
6.80334
6.58185
6.36616
6.15498
5.94724
5.74203
5.53864
5.33651
5.13526
4.93469
4.73464
4.53532
4.33624
4.16708
4.01596
3.86565
3.68922
3.54916
3.31134
3.25361
2.83822
3.06511
2.17361
3.15175
1.15164
3.8309
20.2202
20.1118
19.99
19.8544
19.6983
19.5147
19.2976
19.0456
18.7612
18.4427
18.0872
17.6936
17.2619
16.7923
16.2857
15.7429
15.1655
14.5556
13.9151
13.2465
12.5522
11.8344
11.0954
10.3375
9.56244
8.77232
7.96885
7.15376
6.32902
5.49658
4.6587
3.81826
2.9782
2.14217
1.31416
0.498601
-0.299831
-1.07624
-1.82559
-2.5429
-3.22339
-3.86264
-4.45666
-5.00195
-5.49585
-5.93619
-6.32161
-6.65152
-6.92588
-7.14551
-7.31176
-7.42659
-7.49242
-7.51216
-7.489
-7.42641
-7.32795
-7.19735
-7.03826
-6.8543
-6.64897
-6.42558
-6.18729
-5.93693
-5.67722
-5.41077
-5.13872
-4.90226
-4.68303
-4.46872
-4.21138
-4.01001
-3.67104
-3.57155
-3.01682
-3.25421
-2.14816
-3.24061
-0.924637
-3.77508
20.2899
20.3319
20.3763
20.4242
20.4701
20.5044
20.5202
20.5152
20.4883
20.4382
20.3635
20.264
20.1399
19.9913
19.8195
19.6255
19.4109
19.1776
18.9272
18.6617
18.3827
18.0916
17.7896
17.4774
17.1557
16.8245
16.4837
16.1333
15.7729
15.4025
15.0222
14.6324
14.2337
13.8274
13.415
12.9985
12.5801
12.1621
11.747
11.3373
10.9353
10.543
10.1624
9.7948
9.44137
9.10283
8.77943
8.47119
8.17766
7.89825
7.63198
7.37784
7.13456
6.90093
6.67557
6.45729
6.24483
6.0371
5.83308
5.63192
5.43289
5.23541
5.03907
4.84358
4.64874
4.4547
4.26085
4.09621
3.94878
3.80263
3.63012
3.49422
3.26152
3.20551
2.80081
3.01955
2.15464
3.10088
1.15399
3.7637
15.797
15.6925
15.5829
15.4686
15.3439
15.2068
15.0557
14.8884
14.7077
14.5129
14.3018
14.0728
13.8241
13.5535
13.259
12.9385
12.5903
12.2128
11.8049
11.3658
10.8954
10.3938
9.86187
9.30072
8.71198
8.09765
7.4601
6.80183
6.1258
5.43484
4.73211
4.02082
3.30424
2.58573
1.86887
1.15727
0.454788
-0.234717
-0.907095
-1.55832
-2.1843
-2.78112
-3.34496
-3.87224
-4.35992
-4.80517
-5.20582
-5.56017
-5.86715
-6.12626
-6.33771
-6.50212
-6.62081
-6.69545
-6.72828
-6.72176
-6.67872
-6.60213
-6.49516
-6.36093
-6.20267
-6.02344
-5.82628
-5.61401
-5.38927
-5.15495
-4.91187
-4.69868
-4.49808
-4.30272
-4.0624
-3.87874
-3.55565
-3.47
-2.9347
-3.17262
-2.10498
-3.1612
-0.929495
-3.67622
15.8541
15.8727
15.8994
15.935
15.9761
16.0192
16.0608
16.0997
16.1355
16.1671
16.1931
16.2119
16.2215
16.2201
16.206
16.1772
16.1322
16.0695
15.988
15.8869
15.7656
15.6241
15.4625
15.2815
15.0817
14.8645
14.6308
14.382
14.1194
13.8444
13.5581
13.262
12.957
12.6443
12.3252
12.0008
11.6725
11.3416
11.0095
10.6778
10.3481
10.0219
9.7006
9.3857
9.07835
8.77954
8.49007
8.21037
7.94074
7.68108
7.43121
7.19059
6.95865
6.73456
6.51753
6.3066
6.10091
5.89955
5.70171
5.50661
5.31362
5.12221
4.93193
4.74252
4.55371
4.36569
4.17774
4.01815
3.87491
3.73334
3.56526
3.43385
3.20683
3.15272
2.75935
2.96956
2.13273
3.04459
1.15542
3.6882
12.2323
12.1479
12.0603
11.9673
11.864
11.7489
11.6215
11.4801
11.327
11.1648
10.993
10.8111
10.6187
10.4151
10.1995
9.97111
9.72883
9.47164
9.19821
8.90725
8.5975
8.26765
7.91644
7.54296
7.14643
6.72651
6.28312
5.81666
5.32799
4.81838
4.28954
3.74373
3.18338
2.61142
2.03097
1.44544
0.858414
0.273602
-0.305114
-0.873831
-1.42869
-1.9658
-2.48143
-2.97188
-3.43384
-3.86417
-4.26004
-4.61917
-4.93955
-5.21987
-5.45921
-5.65727
-5.81421
-5.93071
-6.00793
-6.04745
-6.05119
-6.02141
-5.96052
-5.87121
-5.75617
-5.61816
-5.45993
-5.28418
-5.09338
-4.89059
-4.67622
-4.48633
-4.30457
-4.12838
-3.9056
-3.73986
-3.4336
-3.36153
-2.84757
-3.08431
-2.05874
-3.07424
-0.932767
-3.56751
12.2802
12.2993
12.325
12.3549
12.3873
12.4206
12.4531
12.4846
12.5158
12.5469
12.5777
12.6079
12.6372
12.6648
12.6904
12.7129
12.7316
12.7451
12.7522
12.7517
12.7421
12.7218
12.6895
12.6438
12.5837
12.508
12.4162
12.3078
12.1827
12.0411
11.8835
11.7104
11.523
11.3222
11.1094
10.8857
10.6527
10.4118
10.1644
9.91195
9.65598
9.39792
9.13916
8.88106
8.62482
8.37166
8.12247
7.87811
7.63915
7.40604
7.17895
6.95796
6.74286
6.53339
6.32907
6.12943
5.93384
5.74175
5.5525
5.36555
5.18035
4.99646
4.81349
4.6312
4.44934
4.26811
4.08676
3.93274
3.79418
3.65759
3.49452
3.36783
3.14722
3.09483
2.71409
2.91452
2.10838
2.9822
1.15636
3.60557
10.0743
10.0099
9.94303
9.87203
9.79332
9.70567
9.60828
9.49957
9.37891
9.24927
9.11079
8.96282
8.80492
8.63666
8.45771
8.26755
8.06584
7.85217
7.62613
7.38722
7.13512
6.86928
6.5892
6.29438
5.98431
5.65851
5.31654
4.95804
4.58292
4.19114
3.78303
3.35921
2.92063
2.46856
2.00474
1.53118
1.05035
0.564902
0.0779152
-0.40744
-0.887761
-1.35959
-1.81942
-2.26369
-2.68909
-3.09229
-3.47031
-3.82036
-4.14004
-4.42732
-4.68065
-4.89883
-5.08126
-5.22766
-5.33838
-5.41408
-5.45589
-5.46526
-5.44398
-5.39402
-5.31763
-5.2171
-5.09485
-4.95334
-4.79475
-4.62225
-4.43575
-4.2687
-4.10555
-3.94829
-3.74315
-3.59517
-3.30625
-3.24747
-2.75569
-2.99093
-2.00784
-2.98334
-0.929533
-3.45683
10.1157
10.1406
10.1705
10.2034
10.2387
10.2751
10.3106
10.345
10.3785
10.4113
10.4429
10.4733
10.5021
10.5292
10.5544
10.5772
10.5976
10.6152
10.6296
10.6404
10.6471
10.6493
10.646
10.6367
10.6206
10.5966
10.5638
10.5215
10.4686
10.4045
10.3283
10.2397
10.1385
10.0244
9.8978
9.75901
9.60866
9.44757
9.27669
9.0971
8.90998
8.71656
8.5181
8.31581
8.11094
7.90461
7.69791
7.49172
7.28693
7.08413
6.88391
6.68656
6.49233
6.3012
6.11316
5.92797
5.7454
5.56506
5.38664
5.20971
5.03394
4.85895
4.68448
4.51033
4.33628
4.16259
3.98847
3.8405
3.70703
3.57574
3.41811
3.29636
3.08272
3.0321
2.66453
2.85527
2.0798
2.91634
1.15251
3.52188
8.54024
8.48827
8.43439
8.37787
8.31614
8.24826
8.17342
8.09087
7.99881
7.89849
7.7912
7.67641
7.55351
7.42202
7.28144
7.1312
6.97074
6.79956
6.61713
6.42297
6.21666
5.99784
5.76614
5.52137
5.26326
4.99174
4.70669
4.40811
4.09609
3.77077
3.43238
3.08136
2.71817
2.34354
1.95837
1.56383
1.1613
0.752485
0.339333
-0.0759098
-0.490812
-0.902685
-1.30872
-1.70595
-2.09137
-2.46201
-2.8149
-3.14733
-3.45665
-3.74064
-3.99722
-4.22476
-4.422
-4.58807
-4.72253
-4.82539
-4.89699
-4.93813
-4.94986
-4.93361
-4.891
-4.8239
-4.73427
-4.62431
-4.4958
-4.35199
-4.19218
-4.04721
-3.90222
-3.76347
-3.57586
-3.44532
-3.17398
-3.12827
-2.65895
-2.89307
-1.95139
-2.88967
-0.918584
-3.34672
8.57604
8.60089
8.62966
8.66143
8.69585
8.73211
8.76845
8.80444
8.84043
8.87638
8.91201
8.94711
8.98139
9.01455
9.04628
9.07621
9.10403
9.12933
9.15181
9.17107
9.18675
9.19851
9.20598
9.2088
9.20662
9.19904
9.18565
9.16602
9.13969
9.10618
9.06502
9.0157
8.95781
8.89091
8.8147
8.72896
8.63362
8.52874
8.41453
8.29137
8.15977
8.02041
7.874
7.72146
7.56358
7.40137
7.23565
7.06736
6.89725
6.72612
6.55453
6.38305
6.21204
6.04182
5.87251
5.70422
5.53687
5.37042
5.20466
5.03946
4.87455
4.70976
4.54489
4.37985
4.21445
4.04902
3.88278
3.74132
3.61331
3.48762
3.33585
3.21926
3.01305
2.96438
2.61022
2.79191
2.04626
2.84775
1.14287
3.43826
7.21958
7.17571
7.13038
7.08327
7.03236
6.97687
6.91614
6.84968
6.77642
6.69568
6.60909
6.51695
6.41875
6.31409
6.2026
6.08382
5.9573
5.82255
5.67911
5.52642
5.36403
5.19141
5.00812
4.81372
4.60781
4.39005
4.16023
3.91813
3.66376
3.39708
3.11832
2.82775
2.5258
2.213
1.89011
1.55796
1.21763
0.870298
0.51744
0.160644
-0.198263
-0.557288
-0.914283
-1.26682
-1.61252
-1.94877
-2.27306
-2.5828
-2.87553
-3.14891
-3.40082
-3.62928
-3.83277
-4.00989
-4.15975
-4.28172
-4.37563
-4.44158
-4.48009
-4.49194
-4.47828
-4.44042
-4.37989
-4.29856
-4.1978
-4.08081
-3.94628
-3.82245
-3.69503
-3.57424
-3.40395
-3.29046
-3.03683
-3.00393
-2.55726
-2.79053
-1.88945
-2.7927
-0.901045
-3.23594
7.25056
7.27298
7.2986
7.32689
7.35757
7.39015
7.42328
7.45661
7.49052
7.52506
7.56007
7.59546
7.63106
7.66668
7.70214
7.7372
7.77158
7.80498
7.8371
7.86757
7.89599
7.92199
7.94512
7.96497
7.9811
7.99309
8.00049
8.00291
7.99996
7.99127
7.97646
7.95521
7.92722
7.89216
7.84976
7.79983
7.74214
7.67658
7.60307
7.52164
7.43242
7.3356
7.23152
7.12054
7.0032
6.88002
6.75164
6.61868
6.48182
6.34165
6.1988
6.05376
5.90705
5.75901
5.60998
5.46014
5.30968
5.15863
5.00707
4.85492
4.70216
4.54868
4.39443
4.23939
4.08345
3.927
3.76926
3.63476
3.51262
3.39285
3.24737
3.13616
2.93784
2.89134
2.55087
2.72404
2.00769
2.7758
1.12823
3.35326
6.10106
6.06385
6.0255
5.98593
5.94342
5.89736
5.8472
5.79241
5.73256
5.66653
5.59476
5.51844
5.4374
5.35126
5.25972
5.1625
5.05923
4.94959
4.83321
4.70973
4.57876
4.43993
4.29283
4.13709
3.9723
3.79812
3.61417
3.42017
3.21587
3.00106
2.77565
2.53967
2.2932
2.0365
1.76997
1.49415
1.20975
0.91764
0.618896
0.314745
0.00657901
-0.304046
-0.615369
-0.925491
-1.2324
-1.53398
-1.82799
-2.11222
-2.38435
-2.64222
-2.88369
-3.10678
-3.30971
-3.49091
-3.64909
-3.78328
-3.89277
-3.97724
-4.03664
-4.07127
-4.08174
-4.06892
-4.03385
-3.97807
-3.90247
-3.81021
-3.6993
-3.5955
-3.48488
-3.38135
-3.22798
-3.13102
-2.89509
-2.87464
-2.45076
-2.68323
-1.82225
-2.69194
-0.877797
-3.12336
6.12802
6.14842
6.17149
6.19678
6.22406
6.25304
6.28273
6.31281
6.34369
6.37541
6.40788
6.44107
6.47487
6.50921
6.54397
6.57906
6.61431
6.64955
6.68462
6.71928
6.75331
6.78641
6.81828
6.84859
6.87698
6.90303
6.92633
6.94646
6.96296
6.97539
6.98329
6.98625
6.98388
6.97577
6.96158
6.94104
6.91385
6.87983
6.83879
6.79064
6.73534
6.67291
6.60339
6.52698
6.44386
6.35437
6.25881
6.15765
6.05125
5.94014
5.82473
5.70554
5.58294
5.45737
5.32913
5.19857
5.06588
4.9313
4.79491
4.65687
4.51719
4.37596
4.23317
4.08893
3.94315
3.79633
3.64769
3.52059
3.40472
3.29118
3.15238
3.0468
2.85681
2.81269
2.48623
2.65133
1.96407
2.70003
1.10915
3.26604
5.19925
5.1677
5.13523
5.10191
5.06636
5.02807
4.98662
4.94148
4.8923
4.83849
4.77932
4.71576
4.64837
4.57687
4.50094
4.42034
4.33478
4.244
4.1477
4.0456
3.93738
3.82277
3.70143
3.57309
3.43742
3.29416
3.14301
2.98372
2.81603
2.63975
2.45469
2.26078
2.05794
1.84622
1.62574
1.39678
1.15968
0.914984
0.663351
0.405632
0.142797
-0.123956
-0.393335
-0.663802
-0.933784
-1.20148
-1.46506
-1.72253
-1.97192
-2.21118
-2.43837
-2.6515
-2.84881
-3.02857
-3.18937
-3.32991
-3.44921
-3.54653
-3.62146
-3.67384
-3.70383
-3.71186
-3.69856
-3.66511
-3.61193
-3.54209
-3.45292
-3.36778
-3.27304
-3.18587
-3.04886
-2.96773
-2.74931
-2.74082
-2.33972
-2.57134
-1.75004
-2.58745
-0.849074
-3.00891
5.22283
5.24158
5.26256
5.28539
5.30992
5.33595
5.36273
5.39001
5.41819
5.44725
5.47716
5.5079
5.5394
5.57164
5.60452
5.63799
5.67195
5.70629
5.74091
5.77566
5.8104
5.84494
5.87909
5.91264
5.94534
5.97694
6.00712
6.03558
6.06197
6.08592
6.10704
6.12492
6.13915
6.1493
6.15498
6.15578
6.15133
6.14131
6.12541
6.10337
6.07502
6.04018
5.99878
5.95078
5.89623
5.83521
5.76791
5.69447
5.6152
5.53034
5.44027
5.34527
5.24573
5.14194
5.03427
4.92296
4.80834
4.69059
4.56996
4.44659
4.32067
4.1923
4.06162
3.92877
3.79375
3.65709
3.51808
3.39878
3.28952
3.18251
3.05078
2.95104
2.76977
2.72826
2.41609
2.57357
1.9153
2.62024
1.08569
3.17609
4.46659
4.43962
4.41188
4.38354
4.35355
4.32145
4.28694
4.24957
4.20893
4.16476
4.11632
4.06346
4.00718
3.94758
3.88439
3.81733
3.74618
3.67072
3.5907
3.50586
3.41596
3.32073
3.2199
3.11322
3.00042
2.88125
2.75546
2.6228
2.48309
2.33611
2.18172
2.01978
1.85024
1.67305
1.48827
1.296
1.09645
0.889917
0.676834
0.457725
0.233277
0.00428339
-0.228292
-0.463332
-0.699587
-0.935671
-1.17004
-1.4011
-1.6271
-1.84631
-2.05691
-2.25711
-2.44517
-2.61943
-2.77833
-2.92049
-3.04471
-3.15002
-3.23568
-3.30121
-3.34638
-3.37128
-3.3761
-3.36174
-3.32812
-3.27823
-3.20875
-3.14075
-3.06077
-2.9889
-2.86748
-2.80136
-2.60006
-2.6029
-2.22448
-2.45511
-1.67303
-2.47926
-0.815518
-2.89268
4.48728
4.50437
4.52331
4.54382
4.5658
4.5891
4.61311
4.63772
4.66325
4.68968
4.717
4.74521
4.77426
4.80415
4.83483
4.86626
4.89838
4.93111
4.96439
4.99812
5.03217
5.06644
5.10077
5.13501
5.16898
5.20249
5.23532
5.26725
5.29802
5.32736
5.35497
5.38053
5.40373
5.42419
5.44158
5.45552
5.46564
5.47156
5.47294
5.46944
5.46076
5.44661
5.4268
5.40112
5.36943
5.33167
5.28779
5.23785
5.18189
5.12007
5.05253
4.97951
4.90119
4.81785
4.72972
4.63706
4.5401
4.43909
4.33423
4.22576
4.11384
3.99871
3.88049
3.75945
3.63558
3.50951
3.38053
3.26937
3.16704
3.0668
2.94247
2.84878
2.67657
2.63786
2.34027
2.49056
1.86127
2.53617
1.05805
3.08298
3.85408
3.83085
3.80694
3.78259
3.757
3.72979
3.7007
3.66941
3.63553
3.59878
3.55885
3.51505
3.46773
3.4176
3.36456
3.30835
3.24877
3.18561
3.11868
3.04777
2.97267
2.89317
2.80903
2.72003
2.62593
2.52651
2.42153
2.31078
2.19406
2.07116
1.94191
1.80619
1.66387
1.51489
1.35923
1.19694
1.02811
0.852933
0.671675
0.484709
0.292482
0.0955832
-0.105313
-0.309355
-0.515622
-0.723023
-0.930365
-1.13632
-1.33949
-1.53835
-1.73135
-1.91688
-2.09336
-2.25917
-2.41283
-2.55289
-2.67809
-2.78728
-2.87954
-2.95412
-3.01053
-3.04855
-3.06801
-3.06954
-3.05264
-3.02017
-2.9682
-2.91569
-2.84926
-2.79148
-2.68474
-2.63263
-2.44794
-2.46136
-2.10533
-2.33465
-1.59149
-2.36733
-0.777664
-2.77402
3.87224
3.88763
3.90458
3.92285
3.94239
3.96307
3.9844
4.00638
4.02927
4.05304
4.0777
4.10324
4.12967
4.15699
4.18517
4.21418
4.24402
4.27462
4.30595
4.33795
4.37052
4.40361
4.4371
4.47089
4.50483
4.53879
4.57259
4.60606
4.639
4.67119
4.70238
4.73233
4.76076
4.78738
4.81191
4.83401
4.85336
4.86964
4.8825
4.89162
4.89667
4.89732
4.89328
4.8843
4.87011
4.85054
4.82541
4.7946
4.75805
4.71573
4.66767
4.6139
4.55458
4.48979
4.41971
4.34449
4.26435
4.17943
4.08998
3.99615
3.89821
3.79632
3.69071
3.58162
3.46915
3.35389
3.23524
3.13244
3.03728
2.94403
2.82738
2.73994
2.5771
2.54139
2.25862
2.40208
1.80193
2.44734
1.02655
2.98558
3.33507
3.31497
3.29425
3.27319
3.25117
3.22791
3.2032
3.17676
3.1483
3.11749
3.08417
3.04789
3.00821
2.96573
2.92087
2.87341
2.82314
2.76988
2.71348
2.65376
2.59056
2.52368
2.45295
2.37817
2.29914
2.21567
2.12756
2.03461
1.93665
1.83347
1.72492
1.61085
1.49113
1.36565
1.23436
1.09722
0.954281
0.805605
0.651371
0.491792
0.327198
0.157975
-0.0153665
-0.192214
-0.371853
-0.553462
-0.736087
-0.918688
-1.1001
-1.27908
-1.4543
-1.62436
-1.78784
-1.94329
-2.0893
-2.22448
-2.34753
-2.45727
-2.55263
-2.63274
-2.69686
-2.74458
-2.77542
-2.78981
-2.78682
-2.76924
-2.73256
-2.69381
-2.63958
-2.5946
-2.50151
-2.46228
-2.29355
-2.31661
-1.98282
-2.21007
-1.50602
-2.25121
-0.736625
-2.65188
3.35103
3.36484
3.37996
3.3962
3.41353
3.43181
3.45069
3.47025
3.49066
3.5119
3.534
3.55696
3.58079
3.6055
3.63108
3.65754
3.68485
3.713
3.74196
3.7717
3.80218
3.83333
3.86512
3.89744
3.93022
3.96335
3.99671
4.03017
4.06358
4.09676
4.12953
4.16167
4.19297
4.22318
4.25204
4.27928
4.30461
4.32772
4.34832
4.36608
4.3807
4.39184
4.39921
4.4025
4.40142
4.39571
4.38515
4.3695
4.34861
4.32232
4.29056
4.25325
4.21037
4.16196
4.10805
4.04874
3.98411
3.91431
3.83946
3.75975
3.67534
3.58647
3.49329
3.39613
3.29504
3.1907
3.08246
2.98819
2.90035
2.81424
2.70551
2.62445
2.47126
2.43867
2.17111
2.30785
1.7376
2.35321
0.992023
2.88213
2.89553
2.87807
2.86004
2.84171
2.82261
2.80256
2.78138
2.75884
2.73471
2.70871
2.68063
2.65029
2.61719
2.5812
2.54297
2.50264
2.45997
2.41479
2.36696
2.31635
2.2628
2.20617
2.1463
2.08304
2.0162
1.94564
1.87117
1.79263
1.70984
1.62267
1.53093
1.43451
1.33326
1.22708
1.11588
0.99961
0.878244
0.751813
0.620385
0.484105
0.343155
0.197814
0.0484196
-0.104566
-0.260632
-0.41914
-0.579361
-0.740459
-0.901507
-1.06148
-1.21927
-1.37369
-1.52351
-1.66743
-1.80417
-1.93243
-2.05096
-2.15858
-2.25418
-2.3368
-2.40558
-2.45993
-2.49917
-2.52355
-2.53179
-2.52659
-2.50297
-2.4762
-2.43281
-2.39924
-2.31868
-2.29106
-2.1376
-2.16909
-1.85755
-2.08121
-1.41752
-2.13031
-0.693463
-2.52438
2.90958
2.92194
2.9354
2.94981
2.96515
2.98128
2.99795
3.0153
3.03343
3.05232
3.07202
3.09254
3.11388
3.13606
3.15909
3.18297
3.20771
3.23329
3.2597
3.28694
3.31498
3.34379
3.37333
3.40355
3.43439
3.46579
3.49766
3.5299
3.56241
3.59507
3.62771
3.66019
3.69234
3.72395
3.75481
3.78469
3.81334
3.84051
3.86589
3.88923
3.9102
3.92852
3.94386
3.95593
3.96442
3.96905
3.96952
3.96558
3.95699
3.94354
3.92504
3.90135
3.87237
3.838
3.7982
3.75298
3.70233
3.64631
3.58501
3.51852
3.44698
3.37056
3.28945
3.2039
3.11405
3.02047
2.92266
2.83688
2.75644
2.67754
2.57687
2.50229
2.35902
2.32957
2.07775
2.20733
1.66873
2.25219
0.955734
2.7701
2.52019
2.50501
2.48929
2.47332
2.4567
2.43932
2.42108
2.40178
2.3812
2.35914
2.33537
2.30975
2.28207
2.25185
2.21925
2.18479
2.14846
2.11003
2.06933
2.02627
1.98073
1.93259
1.88171
1.82796
1.7712
1.71127
1.64804
1.58135
1.51106
1.43703
1.35913
1.27723
1.19119
1.10092
1.00633
0.907342
0.803921
0.696047
0.583757
0.467115
0.346245
0.221313
0.0925638
-0.0396892
-0.175059
-0.313084
-0.453195
-0.594754
-0.73701
-0.879155
-1.02027
-1.15935
-1.29536
-1.42716
-1.55362
-1.67358
-1.78585
-1.8893
-1.98284
-2.06549
-2.13632
-2.19464
-2.2396
-2.27134
-2.2883
-2.29311
-2.28036
-2.26378
-2.22986
-2.2062
-2.13711
-2.1195
-1.98105
-2.01869
-1.73081
-1.94733
-1.32799
-2.00213
-0.650859
-2.38823
2.53253
2.54356
2.55551
2.56828
2.58184
2.59605
2.61076
2.62613
2.64221
2.659
2.67654
2.69483
2.71389
2.73375
2.75441
2.77589
2.79818
2.8213
2.84524
2.87
2.89557
2.92193
2.94907
2.97695
3.00553
3.03477
3.06462
3.095
3.12585
3.15705
3.18852
3.22011
3.25172
3.28318
3.31432
3.34495
3.37487
3.40386
3.43169
3.45809
3.48281
3.50556
3.52606
3.54401
3.55911
3.57107
3.57958
3.58436
3.58514
3.58164
3.57366
3.56095
3.54337
3.52073
3.49294
3.45987
3.42149
3.37777
3.32869
3.27433
3.21474
3.15004
3.08036
3.00599
2.92694
2.84389
2.75625
2.67889
2.60581
2.53405
2.44158
2.37337
2.24055
2.21359
1.9792
2.09925
1.59711
2.14185
0.921755
2.64463
2.19895
2.18538
2.17123
2.15676
2.14168
2.12593
2.10951
2.09235
2.07437
2.05548
2.03555
2.01443
1.99192
1.96759
1.94075
1.91139
1.87993
1.84676
1.81186
1.77501
1.73602
1.69483
1.65132
1.6054
1.55692
1.50577
1.45182
1.39494
1.33501
1.2719
1.20549
1.13567
1.06232
0.985333
0.904622
0.820119
0.731759
0.639516
0.543381
0.443394
0.339612
0.232153
0.121169
0.00689599
-0.110402
-0.230363
-0.352573
-0.476533
-0.60165
-0.727291
-0.8527
-0.977049
-1.09947
-1.219
-1.33466
-1.44539
-1.55015
-1.64789
-1.73755
-1.8182
-1.88886
-1.94883
-1.99715
-2.03383
-2.05717
-2.06967
-2.06576
-2.05747
-2.03179
-2.01626
-1.95799
-1.94789
-1.82533
-1.86494
-1.60458
-1.80664
-1.24018
-1.86446
-0.61278
-2.2405
2.2101
2.22014
2.23092
2.24232
2.25434
2.26686
2.27986
2.29349
2.30775
2.32266
2.33824
2.35451
2.37148
2.38919
2.40764
2.42683
2.4468
2.46754
2.48905
2.51136
2.53445
2.55832
2.58296
2.60836
2.63449
2.66132
2.68881
2.71692
2.7456
2.77479
2.8044
2.83433
2.86449
2.89477
2.92503
2.9551
2.98484
3.01408
3.0426
3.0702
3.09663
3.12166
3.14504
3.16649
3.18573
3.2025
3.21647
3.22736
3.2349
3.2388
3.23878
3.23462
3.22605
3.21289
3.19496
3.17208
3.14415
3.11107
3.07276
3.02921
2.98045
2.92649
2.86745
2.80352
2.73476
2.66171
2.58392
2.51468
2.44887
2.38399
2.29995
2.23747
2.11628
2.08984
1.87667
1.98159
1.52526
2.01856
0.894126
2.50194
1.83773
1.82674
1.81522
1.80346
1.79123
1.7785
1.76524
1.75138
1.73679
1.72137
1.70494
1.68736
1.66846
1.64809
1.62603
1.60224
1.57685
1.54994
1.52151
1.49152
1.45986
1.42641
1.39111
1.35386
1.31454
1.27306
1.22932
1.18322
1.13464
1.08348
1.02964
0.973019
0.913498
0.850996
0.78541
0.716679
0.644725
0.5695
0.490962
0.409119
0.323974
0.23558
0.144015
0.0494231
-0.0480429
-0.148136
-0.250585
-0.35504
-0.461082
-0.568239
-0.675953
-0.783587
-0.890462
-0.99581
-1.09881
-1.19857
-1.2942
-1.38475
-1.46926
-1.54682
-1.61649
-1.6775
-1.72887
-1.7704
-1.80048
-1.8209
-1.82703
-1.8271
-1.8118
-1.8035
-1.76042
-1.7544
-1.65644
-1.68947
-1.47233
-1.64383
-1.15451
-1.70557
-0.584521
-2.07568
1.84691
1.85531
1.86433
1.8739
1.88399
1.8945
1.9055
1.91705
1.92915
1.94182
1.95509
1.96897
1.98348
1.99866
2.0145
2.03101
2.04823
2.06617
2.08483
2.10423
2.12437
2.14528
2.16693
2.18933
2.21246
2.23633
2.26091
2.28617
2.31208
2.33862
2.36572
2.39332
2.42135
2.44977
2.47844
2.50725
2.53608
2.56484
2.59334
2.62141
2.64888
2.67552
2.70114
2.72553
2.74841
2.76955
2.78867
2.80547
2.8197
2.83106
2.83925
2.84405
2.8451
2.84219
2.83509
2.82359
2.80744
2.78654
2.76069
2.72982
2.69387
2.65279
2.60661
2.55545
2.49933
2.43866
2.37321
2.31394
2.25766
2.20075
2.12876
2.07124
1.9688
1.93724
1.75982
1.83429
1.45156
1.86244
0.879308
2.32376
1.48113
1.47274
1.46394
1.45496
1.44564
1.43592
1.42579
1.41518
1.40399
1.39205
1.37923
1.3654
1.35047
1.33439
1.31721
1.29893
1.2795
1.25883
1.23686
1.21362
1.18913
1.16329
1.136
1.1072
1.07678
1.04469
1.01083
0.975123
0.937478
0.897814
0.856043
0.812082
0.765833
0.717217
0.666136
0.61253
0.55632
0.497446
0.435848
0.371504
0.304374
0.234474
0.161811
0.0864506
0.00846847
-0.072013
-0.154824
-0.239763
-0.326563
-0.414899
-0.5044
-0.594629
-0.685069
-0.77515
-0.864247
-0.95165
-1.03661
-1.11834
-1.196
-1.26877
-1.33573
-1.39616
-1.44905
-1.49413
-1.52966
-1.5573
-1.57232
-1.58123
-1.57483
-1.57597
-1.54462
-1.54907
-1.4668
-1.50865
-1.31439
-1.48711
-1.03505
-1.56951
-0.513802
-1.96822
1.48823
1.49485
1.50199
1.50956
1.51754
1.52589
1.53466
1.54388
1.55355
1.5637
1.57435
1.58551
1.5972
1.60946
1.62229
1.63569
1.64973
1.66438
1.67969
1.69566
1.71229
1.72964
1.74768
1.76641
1.78587
1.80604
1.82693
1.84854
1.87083
1.89381
1.91745
1.94171
1.96656
1.99199
2.01789
2.0442
2.07086
2.09777
2.12483
2.15191
2.17887
2.20556
2.23184
2.2575
2.28234
2.30617
2.32874
2.34979
2.36908
2.38634
2.40127
2.41363
2.42308
2.42937
2.43222
2.43139
2.42657
2.41759
2.4042
2.38622
2.36353
2.33601
2.30359
2.26628
2.22407
2.17725
2.12564
2.07803
2.03219
1.9856
1.92543
1.87807
1.78999
1.76612
1.60884
1.68355
1.33369
1.73072
0.800879
2.23152
1.20109
1.19433
1.18717
1.17983
1.17216
1.16414
1.15577
1.14708
1.13804
1.1286
1.11868
1.1082
1.09708
1.08521
1.07246
1.05871
1.04381
1.02775
1.0106
0.992411
0.973218
0.952985
0.931631
0.909076
0.885245
0.860086
0.833533
0.805516
0.775977
0.744837
0.71203
0.677481
0.641109
0.602841
0.562604
0.520325
0.475941
0.429388
0.380615
0.329572
0.276223
0.22055
0.162535
0.102204
0.0395841
-0.0252634
-0.0922387
-0.161226
-0.23205
-0.304505
-0.378332
-0.453233
-0.528837
-0.604723
-0.680426
-0.755396
-0.829046
-0.900741
-0.969784
-1.03547
-1.097
-1.15374
-1.20469
-1.24964
-1.2868
-1.31782
-1.33784
-1.3524
-1.35209
-1.36003
-1.33742
-1.35032
-1.28027
-1.33078
-1.15411
-1.33229
-0.908117
-1.43863
-0.431532
-1.87057
1.20689
1.21238
1.21825
1.22442
1.23091
1.23772
1.24488
1.2524
1.26029
1.26859
1.2773
1.28641
1.29599
1.30603
1.31654
1.32754
1.33907
1.35113
1.36375
1.37692
1.39066
1.40501
1.41997
1.43554
1.45176
1.4686
1.4861
1.50425
1.52305
1.54249
1.56258
1.58328
1.6046
1.62652
1.64897
1.67194
1.69537
1.71921
1.74337
1.76779
1.79237
1.81699
1.84154
1.86588
1.88985
1.91331
1.93604
1.95784
1.97851
1.99783
2.01551
2.03133
2.04502
2.05628
2.06488
2.07053
2.07294
2.07191
2.06713
2.05842
2.04558
2.02844
2.00685
1.98077
1.95008
1.91502
1.87541
1.83814
1.80162
1.76447
1.71511
1.67752
1.60255
1.5874
1.44756
1.52739
1.20325
1.6014
0.708059
2.15275
0.970701
0.965369
0.959694
0.953845
0.947728
0.941308
0.934597
0.927607
0.920348
0.912798
0.90492
0.896653
0.887941
0.878703
0.86886
0.858315
0.846919
0.834577
0.821278
0.807069
0.791993
0.776071
0.75929
0.741577
0.722854
0.703083
0.682208
0.66018
0.636957
0.612469
0.58666
0.559465
0.530816
0.500652
0.468915
0.435539
0.400468
0.363648
0.325026
0.284554
0.242195
0.197916
0.151694
0.103528
0.0534225
0.00140484
-0.0524675
-0.10813
-0.165469
-0.224354
-0.284601
-0.346015
-0.408327
-0.471226
-0.534383
-0.59737
-0.659742
-0.721007
-0.780606
-0.837967
-0.892409
-0.943412
-0.990067
-1.03224
-1.06819
-1.09957
-1.12152
-1.13902
-1.14248
-1.15474
-1.13857
-1.15735
-1.0976
-1.15413
-0.994278
-1.17481
-0.779696
-1.30231
-0.348473
-1.75784
0.97532
0.979742
0.984475
0.98944
0.994673
1.00019
1.00599
1.01209
1.0185
1.02524
1.03232
1.03974
1.04755
1.05574
1.06432
1.07332
1.08276
1.09264
1.103
1.11383
1.12514
1.13697
1.14932
1.16221
1.17565
1.18964
1.20419
1.21933
1.23503
1.25132
1.26819
1.28563
1.30364
1.32221
1.34131
1.36092
1.38101
1.40154
1.42247
1.44374
1.46529
1.48703
1.50888
1.53074
1.5525
1.57405
1.59521
1.61584
1.63576
1.65481
1.67275
1.68939
1.7045
1.71781
1.72912
1.73816
1.74466
1.74841
1.74914
1.74662
1.74066
1.73103
1.71757
1.70018
1.67871
1.65327
1.62374
1.59532
1.56696
1.53814
1.49859
1.46982
1.40734
1.40003
1.27796
1.36163
1.06578
1.46137
0.61301
2.04896
0.773385
0.769249
0.764816
0.760229
0.755423
0.75037
0.745069
0.739527
0.733754
0.727746
0.721497
0.714983
0.708162
0.700972
0.693363
0.685284
0.676635
0.667303
0.657197
0.646289
0.634614
0.622211
0.609119
0.595321
0.580757
0.565385
0.549157
0.532035
0.513985
0.494951
0.474883
0.453731
0.431437
0.407957
0.383244
0.357242
0.329907
0.301185
0.271034
0.239409
0.206271
0.171588
0.13533
0.0974826
0.0580391
0.0170035
-0.0255947
-0.0697226
-0.115313
-0.162282
-0.210513
-0.259868
-0.310168
-0.361185
-0.412685
-0.464354
-0.515855
-0.566817
-0.616799
-0.665362
-0.711937
-0.756126
-0.797118
-0.834889
-0.867759
-0.897427
-0.919132
-0.937537
-0.942982
-0.957635
-0.945975
-0.968615
-0.917322
-0.977825
-0.833188
-1.01414
-0.647331
-1.15955
-0.260799
-1.63103
0.776985
0.780465
0.784188
0.788084
0.792195
0.796526
0.801085
0.805878
0.810921
0.816231
0.821813
0.827681
0.833846
0.840321
0.847119
0.854263
0.861756
0.869609
0.877846
0.886479
0.895526
0.904989
0.914887
0.925235
0.936047
0.94733
0.959088
0.971346
0.984101
0.997364
1.01114
1.02542
1.04021
1.05552
1.07131
1.08758
1.10433
1.12152
1.13911
1.15709
1.17538
1.19396
1.21275
1.23168
1.25066
1.26961
1.28842
1.30696
1.32509
1.34268
1.35956
1.37555
1.39048
1.40412
1.41627
1.42675
1.43528
1.44169
1.44573
1.44719
1.44586
1.44154
1.43404
1.42324
1.40899
1.39133
1.37012
1.3492
1.32788
1.30632
1.27553
1.25465
1.20373
1.20353
1.09858
1.18543
0.917779
1.30882
0.509151
1.92404
0.600537
0.597404
0.594052
0.590576
0.586923
0.583065
0.579004
0.574738
0.570275
0.565612
0.560756
0.555705
0.550447
0.544943
0.539157
0.53305
0.526567
0.519633
0.512166
0.504073
0.495321
0.485938
0.475969
0.465443
0.454362
0.442692
0.430383
0.417392
0.403695
0.389243
0.374001
0.357927
0.340982
0.323134
0.304348
0.284576
0.263785
0.241927
0.21897
0.194872
0.169602
0.143126
0.115418
0.0864568
0.0562329
0.024735
-0.00802236
-0.0420275
-0.0772435
-0.11362
-0.151087
-0.189548
-0.228892
-0.268958
-0.309583
-0.350547
-0.391603
-0.432475
-0.472835
-0.512354
-0.550581
-0.587223
-0.621577
-0.653733
-0.682104
-0.708456
-0.728164
-0.745839
-0.751763
-0.767207
-0.758348
-0.783146
-0.738423
-0.801281
-0.66987
-0.850024
-0.508699
-1.00961
-0.164171
-1.48993
0.603281
0.605949
0.608795
0.611775
0.614923
0.618239
0.621733
0.625406
0.629274
0.633349
0.637635
0.642141
0.646878
0.651855
0.657088
0.662585
0.668353
0.674402
0.680752
0.687414
0.694397
0.701711
0.709371
0.717385
0.725772
0.734537
0.743681
0.753231
0.763187
0.773563
0.784359
0.795572
0.807224
0.819312
0.831808
0.844734
0.858081
0.871823
0.885949
0.900445
0.915257
0.930375
0.945753
0.961328
0.977048
0.992847
1.00865
1.02438
1.0399
1.05513
1.06993
1.08416
1.09769
1.11034
1.12193
1.13233
1.1413
1.14869
1.15428
1.15791
1.15939
1.15852
1.15515
1.14914
1.14034
1.12876
1.11427
1.09957
1.08419
1.06883
1.04569
1.0317
0.991221
0.997318
0.908228
0.997739
0.756525
1.14234
0.390352
1.78055
0.440866
0.438638
0.436256
0.433792
0.431205
0.428452
0.425532
0.422457
0.41923
0.415847
0.412317
0.408642
0.404829
0.400869
0.396743
0.392413
0.387851
0.383025
0.377891
0.372366
0.366363
0.359839
0.352812
0.34532
0.33741
0.329083
0.320298
0.311005
0.30118
0.290789
0.279814
0.268225
0.255999
0.24311
0.229532
0.215226
0.200165
0.184313
0.167644
0.150126
0.131735
0.112441
0.0922287
0.0710752
0.048971
0.0259042
0.00187894
-0.0231017
-0.0490162
-0.0758378
-0.103522
-0.132009
-0.161225
-0.191067
-0.221425
-0.25215
-0.283073
-0.313996
-0.344688
-0.374922
-0.404351
-0.432791
-0.459648
-0.485133
-0.507766
-0.529373
-0.545545
-0.561018
-0.566085
-0.580828
-0.573249
-0.598491
-0.558691
-0.62213
-0.502031
-0.679632
-0.361879
-0.847654
-0.0575179
-1.31922
0.442831
0.444749
0.446801
0.448957
0.451239
0.453651
0.456199
0.458882
0.461714
0.464701
0.467846
0.47116
0.474653
0.478328
0.482199
0.486266
0.490539
0.495029
0.49975
0.504704
0.509896
0.515343
0.521061
0.527043
0.533308
0.539865
0.546714
0.553873
0.561347
0.569144
0.577265
0.585712
0.594502
0.603629
0.613082
0.62288
0.633013
0.643466
0.654229
0.665307
0.676656
0.688269
0.700116
0.712154
0.724359
0.736675
0.749056
0.761444
0.773752
0.785922
0.797839
0.809422
0.820563
0.831127
0.840991
0.850038
0.858091
0.865042
0.870708
0.87497
0.877664
0.878638
0.877775
0.874945
0.870014
0.862977
0.853716
0.844026
0.833567
0.823393
0.806796
0.79868
0.767447
0.778816
0.704043
0.795064
0.578046
0.956523
0.251382
1.60016
0.30372
0.302247
0.300664
0.299019
0.297292
0.295455
0.293495
0.291415
0.289217
0.286896
0.284457
0.28189
0.279192
0.276372
0.273424
0.270327
0.267061
0.263607
0.259939
0.256028
0.251845
0.247351
0.24252
0.237352
0.231876
0.226143
0.220161
0.21387
0.207216
0.200174
0.192741
0.184906
0.176657
0.167971
0.15883
0.149205
0.139075
0.128412
0.117203
0.105424
0.0930604
0.080091
0.0665038
0.0522809
0.0374154
0.0218955
0.00572017
-0.0111101
-0.0285847
-0.0466899
-0.0653988
-0.0846775
-0.104481
-0.124746
-0.145402
-0.16636
-0.18751
-0.208725
-0.229851
-0.250753
-0.271176
-0.291042
-0.309865
-0.327971
-0.343995
-0.35983
-0.371288
-0.383451
-0.386567
-0.399474
-0.391747
-0.4162
-0.379432
-0.442401
-0.330926
-0.504908
-0.207981
-0.672147
0.0564961
-1.10041
0.305002
0.306242
0.307575
0.308976
0.310458
0.312024
0.313676
0.315419
0.317261
0.319202
0.321245
0.323396
0.325665
0.328056
0.330573
0.333217
0.335997
0.338926
0.342004
0.345235
0.348622
0.35218
0.355921
0.359836
0.363936
0.368234
0.37273
0.377435
0.38235
0.38749
0.392847
0.398433
0.404255
0.41031
0.416595
0.423128
0.429904
0.436914
0.444145
0.451615
0.459291
0.467168
0.475229
0.483456
0.491827
0.500307
0.508865
0.51747
0.526064
0.534605
0.543023
0.551264
0.559244
0.566886
0.574104
0.580812
0.586881
0.592253
0.596788
0.600415
0.603011
0.60447
0.604719
0.603654
0.601178
0.597289
0.591888
0.586095
0.579542
0.573513
0.562322
0.558985
0.535585
0.551069
0.488472
0.579757
0.383072
0.750213
0.0927378
1.36477
0.128032
0.127017
0.125911
0.124744
0.12351
0.122199
0.120809
0.119334
0.117775
0.116186
0.114674
0.113354
0.112341
0.11177
0.11177
0.112451
0.113879
0.116051
0.118876
0.12215
0.125485
0.128325
0.130114
0.130495
0.129428
0.127134
0.124027
0.120575
0.116996
0.113238
0.109222
0.104934
0.100391
0.0955913
0.0905303
0.0851925
0.0795731
0.0736612
0.0674605
0.0609632
0.0541674
0.0470651
0.0396509
0.0319171
0.0238637
0.0154852
0.006782
-0.00224405
-0.0115891
-0.0212443
-0.0312014
-0.0414375
-0.0519407
-0.0626716
-0.0736039
-0.0846875
-0.0958797
-0.107109
-0.118301
-0.129396
-0.140238
-0.150846
-0.160848
-0.170667
-0.179098
-0.188065
-0.193701
-0.201423
-0.201673
-0.211561
-0.202832
-0.224763
-0.190975
-0.249478
-0.150813
-0.30752
-0.0529208
-0.446162
0.14576
-0.743612
0.128948
0.129867
0.130857
0.131903
0.133016
0.134197
0.135441
0.136764
0.138165
0.139644
0.141198
0.142835
0.14456
0.146376
0.148278
0.150273
0.152364
0.15456
0.156853
0.159248
0.161751
0.164364
0.167086
0.169917
0.17286
0.175917
0.179087
0.182372
0.185765
0.189279
0.192898
0.196631
0.200471
0.204417
0.208464
0.212616
0.216868
0.221213
0.225644
0.230171
0.234763
0.239427
0.244154
0.248935
0.253753
0.258601
0.263455
0.268306
0.273127
0.277904
0.282602
0.287201
0.291656
0.295934
0.299989
0.303784
0.307242
0.310356
0.31303
0.315238
0.316913
0.318012
0.318507
0.318334
0.317449
0.315849
0.31347
0.310842
0.307587
0.305146
0.298701
0.2995
0.283061
0.301339
0.250425
0.336486
0.166617
0.490515
-0.0680709
0.958301
0.101201
0.101645
0.102093
0.102542
0.103007
0.103504
0.104063
0.10473
0.105536
0.10644
0.107319
0.107986
0.108233
0.107816
0.106477
0.103932
0.0999205
0.0942225
0.0867384
0.077583
0.0672297
0.0565046
0.0464885
0.0382329
0.0324793
0.0292805
0.0278526
0.0270452
0.0261579
0.025098
0.0240147
0.022986
0.0219933
0.0209906
0.0199524
0.0188626
0.0177111
0.0164931
0.0151985
0.0138234
0.0123564
0.0107941
0.00912093
0.00733949
0.00544104
0.00343109
0.00129988
-0.000940834
-0.00329908
-0.00576091
-0.00833096
-0.0109915
-0.0137461
-0.0165732
-0.0194721
-0.0224174
-0.0254085
-0.0284164
-0.0314235
-0.0344226
-0.03734
-0.0402623
-0.0429178
-0.0457741
-0.0478279
-0.0508501
-0.051594
-0.0552302
-0.0531523
-0.0595573
-0.0509468
-0.0675518
-0.0410407
-0.0847467
-0.0151631
-0.121774
0.0394242
-0.192869
0.138628
-0.292027
0.100739
0.100251
0.09974
0.0992019
0.0986411
0.0980568
0.0974464
0.0968146
0.0961617
0.0954866
0.0947893
0.0940703
0.0933325
0.0925745
0.0917967
0.0910003
0.0901875
0.0893629
0.0885227
0.087674
0.0868215
0.0859662
0.0851117
0.0842656
0.0834313
0.0826148
0.0818223
0.0810589
0.080328
0.0796438
0.0790027
0.0784189
0.0778895
0.0774289
0.0770368
0.076723
0.0764872
0.0763376
0.0762753
0.0763096
0.0764242
0.0766345
0.0769302
0.0773163
0.0777758
0.0783184
0.0789216
0.0795896
0.0803014
0.0810609
0.0818474
0.0826551
0.0834605
0.0842521
0.0850053
0.0857088
0.0863278
0.0868808
0.08732
0.0876547
0.0878634
0.0879398
0.0878809
0.0876583
0.0872721
0.0867295
0.086009
0.085434
0.0843113
0.0839398
0.0809659
0.0834173
0.0738319
0.0889098
0.0558633
0.115278
0.00553847
0.203958
-0.118564
0.436048
)
;

boundaryField
{
    inlet
    {
        type            freestreamPressure;
        freestreamValue uniform 0;
        value           nonuniform List<scalar> 
134
(
0.887961
0.577012
0.22826
-0.102736
-0.369927
-0.571358
-0.673892
-0.668083
-0.552169
-0.280838
-0.0599866
-0.0975277
-0.169539
-0.243413
-0.321839
-0.406184
-0.496568
-0.592927
-0.696055
-0.807927
1.17046
-0.931154
-1.06644
-1.20662
-1.3353
-1.42545
-1.46712
-1.53898
-1.54001
-1.56533
-1.84521
-1.69818
-1.6948
-1.7175
-1.73254
-1.7355
-1.73751
-1.75632
-1.81545
-1.88958
1.41563
1.64002
1.78455
1.79711
1.63453
1.23629
0.55655
-2.05838
-2.00265
-1.92203
-1.86617
-1.82241
-1.77478
-1.72238
-1.66904
-1.61598
-1.56258
-1.50831
-1.45314
-1.3971
-1.33987
-1.28095
-1.21943
-1.15372
-1.08241
-1.00282
-0.950941
-0.903789
-0.849332
-0.788058
-0.719864
-0.637356
-0.531597
-0.359195
-0.141035
0.146886
0.339626
0.56349
0.786856
1.00581
1.21609
1.39428
1.52656
1.61532
1.66395
1.68221
1.68102
1.66951
1.65463
1.64621
1.66093
1.70644
1.75955
1.80105
1.83253
1.85808
1.8786
1.89289
1.9002
1.90088
1.89614
1.8889
1.885
1.89935
1.95501
2.09119
2.15122
2.09525
2.02897
1.98588
1.95099
1.9118
1.86891
1.82547
1.78206
1.73795
1.69268
1.64599
1.59768
1.54715
1.49349
1.43539
1.37034
1.29637
1.20401
1.15619
1.11537
1.06159
0.996895
0.922597
0.829191
0.707295
0.496707
0.226071
)
;
    }
    outlet
    {
        type            freestreamPressure;
        freestreamValue uniform 0;
        value           nonuniform List<scalar> 
160
(
2.21089e-05
2.20135e-05
2.21999e-05
2.19122e-05
2.22923e-05
2.18067e-05
2.23852e-05
2.16951e-05
2.24803e-05
2.15788e-05
2.25797e-05
2.14574e-05
2.26893e-05
2.13305e-05
2.282e-05
2.11991e-05
2.29824e-05
2.10632e-05
2.31729e-05
2.09226e-05
2.33693e-05
2.07775e-05
2.35326e-05
2.06277e-05
2.36155e-05
2.04741e-05
2.35608e-05
2.03164e-05
2.33066e-05
2.01546e-05
2.27855e-05
1.99891e-05
2.19352e-05
1.98202e-05
2.07035e-05
1.96491e-05
1.90674e-05
1.94751e-05
1.70533e-05
1.92993e-05
1.47689e-05
1.91233e-05
1.24002e-05
1.89469e-05
1.0188e-05
1.87713e-05
8.3637e-06
1.85978e-05
7.089e-06
1.84275e-05
6.37459e-06
1.82617e-05
6.05004e-06
1.81016e-05
5.86617e-06
1.79486e-05
5.67003e-06
1.78034e-05
5.43874e-06
1.76693e-05
5.20262e-06
1.75455e-05
4.97814e-06
1.74352e-05
4.76142e-06
1.7338e-05
4.54273e-06
1.7257e-05
4.3166e-06
1.71925e-05
4.07948e-06
1.71466e-05
3.82925e-06
1.71197e-05
3.56484e-06
1.71135e-05
3.28408e-06
1.71286e-05
2.98614e-06
1.71674e-05
2.66855e-06
1.72264e-05
2.33061e-06
1.73095e-05
1.96897e-06
1.74146e-05
1.58417e-06
1.75432e-05
1.17428e-06
1.76919e-05
7.40461e-07
1.78634e-05
2.80521e-07
1.8053e-05
-2.03119e-07
1.8262e-05
-7.12337e-07
1.84864e-05
-1.24432e-06
1.87274e-05
-1.80034e-06
1.8981e-05
-2.37687e-06
1.92464e-05
-2.9751e-06
1.95187e-05
-3.59081e-06
1.9796e-05
-4.22443e-06
2.00727e-05
-4.8711e-06
2.03473e-05
-5.5315e-06
2.06113e-05
-6.20008e-06
2.08699e-05
-6.87411e-06
2.11121e-05
-7.5527e-06
2.13398e-05
-8.22158e-06
2.15484e-05
-8.89927e-06
2.17357e-05
-9.53044e-06
2.19013e-05
-1.02127e-05
2.20376e-05
-1.0738e-05
2.21437e-05
-1.14755e-05
2.22211e-05
-1.17477e-05
2.22635e-05
-1.26218e-05
2.23179e-05
-1.22826e-05
2.22124e-05
-1.37399e-05
2.23031e-05
-1.20258e-05
2.17608e-05
-1.56913e-05
2.2584e-05
-1.00282e-05
2.03772e-05
-1.96121e-05
2.4483e-05
-3.93417e-06
1.60587e-05
-2.72943e-05
3.18614e-05
1.13858e-05
1.71771e-06
-3.91624e-05
5.39068e-05
4.83807e-05
-4.32601e-05
-4.63251e-05
9.61941e-05
)
;
    }
    walls
    {
        type            zeroGradient;
    }
    frontAndBack
    {
        type            empty;
    }
}


// ************************************************************************* //
