/*--------------------------------*- C++ -*----------------------------------*\
| =========                 |                                                 |
| \\      /  F ield         | OpenFOAM: The Open Source CFD Toolbox           |
|  \\    /   O peration     | Version:  2412                                  |
|   \\  /    A nd           | Website:  www.openfoam.com                      |
|    \\/     M anipulation  |                                                 |
\*---------------------------------------------------------------------------*/
FoamFile
{
    version     2.0;
    format      ascii;
    arch        "LSB;label=32;scalar=64";
    class       volScalarField;
    location    "100";
    object      p;
}
// * * * * * * * * * * * * * * * * * * * * * * * * * * * * * * * * * * * * * //

dimensions      [0 2 -2 0 0 0 0];

internalField   nonuniform List<scalar> 
10720
(
315.221
289.265
253.692
210.103
159.865
102.477
42.8601
-16.6021
-75.5287
-130.784
-181.967
-228.701
-270.561
-307.535
-339.427
-365.685
-386.664
-401.198
-410.158
-412.59
-408.892
-398.247
-382.44
-362.431
-340.861
-320.31
-298.866
-275.206
-251.255
-227.797
-204.296
-180.343
-155.733
-130.249
-103.679
-75.1921
-43.9352
-4.68254
42.6619
334.004
344.467
347.537
343.413
327.575
298.333
258.343
212.354
165.83
121.988
84.3705
54.7117
31.3645
13.1228
-0.751663
-12.4802
-22.5401
-31.9085
-41.021
-50.6418
-60.6458
-71.3804
-82.5409
-93.3899
-101.204
-104.758
-105.593
-104.089
-100.455
-94.9377
-87.7512
-79.0245
-68.8421
-57.1643
-43.8855
-28.4125
-9.80338
16.2349
54.8484
305.073
285.528
259.254
226.194
187.006
141.945
92.8712
41.4619
-11.1135
-63.0537
-113.213
-160.695
-204.732
-244.772
-280.292
-310.752
-336.001
-355.393
-369.084
-376.166
-376.789
-370.798
-359.568
-344.107
-326.338
-308.562
-289.874
-268.874
-246.781
-224.451
-201.706
-178.302
-154.104
-128.945
-102.639
-74.3665
-43.2895
-4.16339
42.2848
319.288
328.329
331.667
327.955
315.354
293.459
263.504
228.056
190.247
152.742
118.063
87.8259
62.0261
40.3418
22.3845
7.0298
-6.30261
-18.3344
-29.6024
-40.7446
-51.8639
-63.2257
-74.6214
-85.3573
-93.2888
-97.305
-98.7031
-98.174
-95.6963
-91.1927
-84.795
-76.6801
-66.978
-55.6798
-42.6937
-27.4425
-9.00955
16.9025
54.4181
287.996
271.372
248.745
219.872
185.39
145.209
100.443
52.6286
3.00712
-47.0255
-96.0316
-142.999
-187.042
-227.441
-263.584
-294.979
-321.222
-341.778
-356.286
-364.353
-366.187
-361.722
-351.918
-337.796
-321.095
-303.82
-285.554
-265.099
-243.418
-221.466
-199.166
-176.227
-152.467
-127.692
-101.689
-73.6429
-42.7362
-3.83518
41.7274
299.938
307.563
310.653
308.071
298.292
280.734
255.864
225.397
191.696
157.091
123.777
93.5242
67.057
44.404
25.3241
9.13996
-4.83026
-17.2478
-28.6987
-39.7624
-50.6895
-61.6776
-72.5768
-82.7804
-90.6073
-94.9575
-96.6245
-96.2167
-93.7602
-89.2713
-82.9579
-75.0137
-65.5387
-54.4831
-41.716
-26.6454
-8.3574
17.3477
53.6828
268.715
254.647
235.482
211.067
181.962
147.751
109.289
67.6626
23.7344
-21.3494
-66.4079
-110.486
-152.667
-192.16
-228.229
-260.259
-287.676
-309.926
-326.541
-337.314
-342.181
-341.083
-334.62
-323.687
-309.697
-294.335
-277.61
-258.701
-238.377
-217.53
-196.128
-173.89
-150.67
-126.313
-100.628
-72.836
-42.1542
-3.60925
40.997
278.911
285.524
288.497
286.833
279.24
265.197
244.94
219.766
191.437
161.674
132.252
104.668
79.6797
57.5304
38.1831
21.2844
6.35637
-7.08603
-19.5148
-31.392
-42.9768
-54.4138
-65.5809
-75.9394
-84.1392
-89.1488
-91.4889
-91.7313
-89.9636
-86.1856
-80.5349
-73.1497
-64.1067
-53.3694
-40.8274
-25.918
-7.76529
17.6782
52.8073
249.398
237.156
220.427
199.095
173.73
143.711
109.692
72.517
32.7616
-8.61034
-50.6057
-92.3498
-132.92
-171.477
-207.238
-239.499
-267.598
-290.948
-309.023
-321.517
-328.169
-328.926
-324.26
-315.061
-302.605
-288.354
-272.547
-254.599
-235.059
-214.751
-193.749
-171.847
-148.933
-124.871
-99.4662
-71.9399
-41.5298
-3.4352
40.0775
258.332
264.213
267.13
266.189
260.287
248.925
232.155
210.962
186.7
160.648
134.237
108.748
84.9288
63.1803
43.6621
26.2731
10.7298
-3.31097
-16.2288
-28.4082
-40.1188
-51.498
-62.4578
-72.5491
-80.7128
-86.0262
-88.7179
-89.292
-87.8306
-84.3209
-78.8829
-71.6693
-62.7788
-52.1928
-39.8017
-25.0461
-7.07068
18.0207
51.8501
230.852
220.022
205.235
186.425
164.189
137.795
107.792
74.8529
39.338
2.02884
-36.2803
-74.8623
-112.874
-149.513
-184.015
-215.641
-243.676
-267.494
-286.508
-300.293
-308.655
-311.531
-309.218
-302.421
-292.157
-279.617
-265.194
-248.551
-230.131
-210.712
-190.451
-169.191
-146.825
-123.224
-98.1985
-70.9959
-40.9075
-3.3458
38.9659
238.831
244.184
247.081
246.701
242.105
232.836
218.85
200.942
180.208
157.616
134.319
111.392
89.4805
69.0031
50.2014
33.0972
17.5441
3.31986
-9.85602
-22.2802
-34.1813
-45.669
-56.6618
-66.7597
-75.0946
-80.8367
-84.0332
-85.0932
-84.1196
-81.0981
-76.1323
-69.3637
-60.8816
-50.6592
-38.5772
-24.0816
-6.35484
18.3142
50.7986
213.452
203.719
190.459
173.637
153.875
130.387
103.64
74.2027
42.2676
8.47748
-26.5418
-62.2069
-97.7676
-132.493
-165.652
-196.5
-224.303
-248.398
-268.156
-283.118
-292.958
-297.56
-297.045
-292.027
-283.406
-272.203
-258.891
-243.324
-225.86
-207.199
-187.559
-166.826
-144.908
-121.688
-96.9857
-70.0756
-40.3058
-3.32994
37.704
220.692
225.647
228.535
228.596
225.029
217.411
205.642
190.377
172.53
152.843
132.249
111.648
91.5626
72.3804
54.3776
37.6542
22.1748
7.83871
-5.53215
-18.1425
-30.1668
-41.6839
-52.6183
-62.6271
-71.0098
-77.0373
-80.6247
-82.0641
-81.4573
-78.7949
-74.1656
-67.7
-59.4831
-49.4901
-37.6025
-23.2815
-5.75173
18.4893
49.6476
197.289
188.433
176.413
161.217
143.487
122.419
98.4348
72.0265
43.2816
12.7207
-19.1521
-51.886
-84.8446
-117.384
-148.83
-178.473
-205.588
-229.496
-249.55
-265.241
-276.184
-282.245
-283.455
-280.273
-273.423
-263.736
-251.707
-237.344
-220.955
-203.169
-184.249
-164.128
-142.734
-119.964
-95.6493
-69.0897
-39.688
-3.36961
36.3392
203.942
208.585
211.468
211.881
209.132
202.835
192.857
179.756
164.313
147.115
128.932
110.52
92.2972
74.594
57.6797
41.6809
26.6338
12.5166
-0.768009
-13.3507
-25.3515
-36.8188
-47.6759
-57.6196
-66.0585
-72.3495
-76.3123
-78.1487
-77.9568
-75.7252
-71.5189
-65.4509
-57.5972
-47.9314
-36.3333
-22.2782
-5.03432
18.6711
48.4637
182.358
174.218
163.216
149.364
133.311
114.264
92.6035
68.7749
42.7872
15.0766
-13.9567
-43.9747
-74.443
-104.808
-134.475
-162.781
-189.029
-212.552
-232.695
-248.919
-260.788
-268.099
-270.783
-269.165
-263.849
-255.53
-244.689
-231.442
-216.069
-199.125
-180.904
-161.385
-140.515
-118.2
-94.2828
-68.0942
-39.0888
-3.48407
34.8827
188.53
192.922
195.797
196.49
194.401
189.173
180.659
169.337
155.892
140.802
124.711
108.263
91.784
75.5426
59.7784
44.6172
30.1318
16.3563
3.25543
-9.23164
-21.1679
-32.5652
-43.3391
-53.215
-61.6902
-68.1976
-72.5009
-74.7064
-74.8918
-73.0392
-69.1991
-63.472
-55.9289
-46.5437
-35.1965
-21.3802
-4.41125
18.7423
47.2054
168.592
161.048
150.901
138.18
123.538
106.198
86.5181
64.9092
41.3297
16.1507
-10.3097
-37.8007
-65.8759
-94.0802
-121.893
-148.707
-173.881
-196.771
-216.728
-233.196
-245.703
-254
-257.964
-257.782
-253.934
-246.974
-237.347
-225.24
-210.912
-194.855
-177.376
-158.499
-138.186
-116.357
-92.8657
-67.0797
-38.5094
-3.67841
33.3367
174.364
178.544
181.408
182.327
180.773
176.422
169.117
159.273
147.501
134.203
119.927
105.232
90.371
75.554
60.985
46.7737
33.0041
19.7393
6.99022
-5.2531
-17.0053
-28.2459
-38.8794
-48.6538
-57.1273
-63.795
-68.3851
-70.9273
-71.4781
-70.0144
-66.5689
-61.2227
-54.0357
-44.9784
-33.9297
-20.402
-3.76279
18.7647
45.8901
155.913
148.875
139.456
127.697
114.255
98.3737
80.3938
60.6988
39.2198
16.2763
-7.87718
-33.0606
-58.9036
-85.0313
-111.001
-136.276
-160.269
-182.373
-201.962
-218.478
-231.428
-240.51
-245.555
-246.622
-244.086
-238.39
-229.927
-218.919
-205.615
-190.444
-173.718
-155.495
-135.758
-114.435
-91.3949
-66.0426
-37.9492
-3.95054
31.7034
161.343
165.337
168.185
169.288
168.173
164.546
158.249
149.643
139.279
127.507
114.802
101.656
88.2638
74.7881
61.3971
48.1742
35.1961
22.5394
10.2422
-1.66787
-13.1668
-24.2034
-34.6714
-44.3319
-52.7864
-59.5807
-64.4254
-67.2844
-68.1844
-67.0895
-64.0167
-59.0302
-52.1808
-43.4372
-32.6794
-19.4425
-3.14846
18.7175
44.5221
144.23
137.631
128.841
117.916
105.505
90.8823
74.3753
56.3461
36.7067
15.7404
-6.34635
-29.428
-53.1989
-77.3572
-101.528
-125.242
-147.977
-169.171
-188.227
-204.599
-217.785
-227.441
-233.371
-235.528
-234.183
-229.682
-222.351
-212.425
-200.138
-185.865
-169.912
-152.367
-133.228
-112.437
-89.8741
-64.9885
-37.4123
-4.30147
29.9874
149.365
153.196
156.021
157.272
156.519
153.497
148.045
140.484
131.315
120.849
109.505
97.7193
85.651
73.4212
61.1644
48.937
36.8008
24.8309
13.0788
1.59554
-9.56557
-20.33
-30.5823
-40.0917
-48.4895
-55.3605
-60.4086
-63.5458
-64.7687
-64.0302
-61.3303
-56.7139
-50.2196
-41.8119
-31.371
-18.4569
-2.54657
18.6086
43.1047
133.463
127.248
119.008
108.81
97.2984
83.7735
68.5525
51.9808
33.9607
14.7439
-5.49461
-26.6734
-48.5387
-70.849
-93.2944
-115.471
-136.916
-157.119
-175.523
-191.603
-204.857
-214.912
-221.544
-224.628
-224.339
-220.935
-214.683
-205.801
-194.511
-181.136
-165.967
-149.116
-130.596
-110.361
-88.3034
-63.9185
-36.8998
-4.72839
28.1937
138.336
142.02
144.815
146.184
145.733
143.218
138.482
131.809
123.661
114.317
104.152
93.5629
82.6792
71.5909
60.4029
49.1471
37.8674
26.6302
15.4877
4.50074
-6.25846
-16.6984
-26.6952
-36.0232
-44.3353
-51.2457
-56.458
-59.8444
-61.3692
-60.9706
-58.6303
-54.3755
-48.2326
-40.1618
-30.0454
-17.4698
-1.96942
18.4373
41.6437
123.531
117.656
109.905
100.35
89.628
77.0697
62.9797
47.6925
31.1031
13.441
-5.14411
-24.6024
-44.7234
-65.3141
-86.1242
-106.809
-126.959
-146.121
-163.781
-179.441
-192.612
-202.904
-210.067
-213.925
-214.561
-212.162
-206.929
-199.055
-188.739
-176.259
-161.885
-145.744
-127.864
-108.207
-86.6834
-62.8333
-36.4135
-5.22713
26.3298
128.168
131.718
134.479
135.94
135.74
133.655
129.528
123.615
116.344
107.968
98.8302
89.2929
79.4647
69.4133
59.2207
48.8972
38.4677
27.9852
17.4954
7.05987
-3.24037
-13.304
-23.0012
-32.1114
-40.302
-47.2089
-52.5397
-56.1371
-57.9346
-57.8567
-55.8656
-51.9705
-46.184
-38.4614
-28.6861
-16.4733
-1.41438
18.2084
40.1452
114.362
108.793
101.478
92.4963
82.477
70.7754
57.6889
43.5401
28.2222
11.9476
-5.15487
-23.0586
-41.5886
-60.5928
-79.866
-99.1174
-117.994
-136.092
-152.947
-168.091
-181.055
-191.443
-198.982
-203.469
-204.901
-203.405
-199.124
-192.212
-182.839
-171.245
-157.672
-142.254
-125.032
-105.977
-85.0151
-61.7347
-35.9542
-5.79438
24.405
118.786
122.207
124.93
126.464
126.474
124.752
121.149
115.891
109.377
101.842
93.6009
84.9886
76.0998
66.9859
57.7113
48.2686
38.6658
28.9388
19.1234
9.27626
-0.52119
-10.1642
-19.5223
-28.3805
-36.4164
-43.2811
-48.6892
-52.4618
-54.5043
-54.7267
-53.0705
-49.5274
-44.0963
-36.7267
-27.3042
-15.4742
-0.884979
17.9244
38.6159
105.888
100.597
93.6764
85.2128
75.8218
64.886
52.6961
39.5631
25.3807
10.348
-5.4234
-21.9231
-39.0031
-56.5447
-74.3833
-92.2733
-109.912
-126.946
-142.956
-157.511
-170.166
-180.528
-188.305
-193.283
-195.387
-194.695
-191.291
-185.29
-176.828
-166.105
-153.334
-138.65
-122.102
-103.673
-83.2999
-60.6238
-35.523
-6.4246
22.4284
110.118
113.419
116.099
117.688
117.873
116.462
113.31
108.619
102.763
95.9626
88.5072
80.7106
72.6577
64.3887
55.9544
47.3342
38.5214
29.5366
20.402
11.1658
1.90332
-7.28343
-16.2668
-24.8386
-32.6845
-39.4688
-44.9122
-48.822
-51.0783
-51.5778
-50.2409
-47.042
-41.9659
-34.9557
-25.8994
-14.4733
-0.381731
17.5898
37.0626
98.0517
93.0148
86.4535
78.4607
69.6357
59.3901
48.0058
35.7843
22.6211
8.70286
-5.86966
-21.0976
-36.8572
-53.0551
-69.5608
-86.1682
-102.618
-118.603
-133.75
-147.663
-159.926
-170.159
-178.054
-183.395
-186.055
-186.064
-183.461
-178.314
-170.724
-160.851
-148.88
-134.937
-119.079
-101.295
-81.5395
-59.502
-35.1192
-7.11213
20.4091
102.101
105.289
107.922
109.552
109.882
108.737
105.976
101.781
96.4994
90.3419
83.5782
76.503
69.1948
61.6859
54.0174
46.1592
38.0928
29.8249
21.3646
12.748
4.04095
-4.66218
-13.2411
-21.4958
-29.1198
-35.7867
-41.2258
-45.2352
-47.674
-48.426
-47.3905
-44.5254
-39.8014
-33.155
-24.4763
-13.4738
0.0945367
17.2091
35.492
90.7993
85.9966
79.766
72.2024
63.8924
54.2719
43.6166
32.2169
19.973
7.06048
-6.42863
-20.5056
-35.063
-50.0302
-65.3016
-80.7055
-96.0236
-110.987
-125.265
-138.502
-150.311
-160.327
-168.236
-173.827
-176.932
-177.545
-175.662
-171.307
-164.546
-155.499
-144.318
-131.121
-115.965
-98.8479
-79.736
-58.3698
-34.7422
-7.85007
18.3582
94.6802
97.7597
100.342
102.001
102.453
101.537
99.116
95.3537
90.5778
84.9869
78.8347
72.3996
65.7552
58.9292
51.9561
44.7996
37.4315
29.8475
22.0443
14.0447
5.90262
-2.29825
-10.4481
-18.3579
-25.7296
-32.2451
-37.6419
-41.7136
-44.3022
-45.2802
-44.5268
-41.9836
-37.6076
-31.3282
-23.0383
-12.4777
0.543245
16.7878
33.9125
84.0819
79.4972
73.5718
66.4039
58.5641
49.5143
39.5213
28.8677
17.456
5.454
-7.05421
-20.0858
-33.5482
-47.3862
-61.5173
-75.7977
-90.0437
-104.022
-117.443
-129.986
-141.293
-151.021
-158.859
-164.594
-168.043
-169.165
-167.921
-164.295
-158.315
-150.063
-139.661
-127.21
-112.766
-96.3338
-77.8911
-57.2285
-34.3906
-8.63112
16.2859
87.8044
90.7796
93.3107
94.9866
95.5391
94.8206
92.6977
89.3171
84.9875
79.8984
74.2891
68.4236
62.3723
56.1604
49.8176
43.3041
36.5849
29.6463
22.475
15.0806
7.50373
-0.185272
-7.88888
-15.4303
-22.5214
-28.8538
-34.1727
-38.2706
-40.9764
-42.1527
-41.6605
-39.4257
-35.3916
-29.481
-21.5893
-11.4878
0.964656
16.3312
32.3316
77.8565
73.4762
67.8343
61.032
53.6252
45.0977
35.7106
25.7364
15.0818
3.90708
-7.70905
-19.7895
-32.2518
-45.0546
-58.1341
-71.3697
-84.6061
-97.6438
-110.227
-122.068
-132.843
-142.228
-149.922
-155.711
-159.411
-160.951
-160.265
-157.301
-152.052
-144.562
-134.922
-123.213
-109.489
-93.7569
-76.0075
-56.0783
-34.0624
-9.4473
14.203
81.4293
84.3042
86.7817
88.466
89.1016
88.5536
86.6924
83.6496
79.7163
75.0739
69.9487
64.592
59.0724
53.4132
47.641
41.7144
35.5947
29.2609
22.6904
15.8814
8.8614
1.68719
-5.55853
-12.7132
-19.5005
-25.6212
-30.8291
-34.9185
-37.7092
-39.0552
-38.8021
-36.8603
-33.1605
-27.619
-20.1337
-10.5062
1.35908
15.8451
30.7568
72.0844
67.8958
62.5189
56.0569
49.0496
41.0036
32.1726
22.8205
12.8573
2.43726
-8.36683
-19.5796
-31.1293
-42.9834
-55.093
-67.3584
-79.6478
-91.7899
-103.561
-114.705
-124.928
-133.928
-141.418
-147.185
-151.053
-152.927
-152.721
-150.353
-145.78
-139.015
-130.114
-119.141
-106.14
-91.1221
-74.0878
-54.9196
-33.7544
-10.2898
12.1213
75.5154
78.2929
80.7147
82.3999
83.1042
82.704
81.0737
78.3313
74.7511
70.5078
65.8162
60.9157
55.8735
50.7121
45.4565
40.0651
34.497
28.7262
22.7225
16.4738
9.99591
3.33168
-3.45083
-10.206
-16.67
-22.5537
-27.6207
-31.6689
-34.513
-35.9995
-35.9625
-34.2971
-30.9224
-25.7484
-18.6759
-9.53535
1.72744
15.336
29.1963
66.7302
62.7225
57.5937
51.4497
44.8137
37.2128
28.8952
20.1142
10.7858
1.05605
-9.00553
-19.4262
-30.1403
-41.1244
-52.3414
-63.7062
-75.1101
-86.4048
-97.3953
-107.855
-117.516
-126.103
-133.341
-139.021
-142.982
-145.113
-145.312
-143.472
-139.521
-133.439
-125.253
-115.005
-102.728
-88.4347
-72.1351
-53.7527
-33.4633
-11.149
10.0527
70.0261
72.709
75.0736
76.7532
77.514
77.2425
75.8164
73.342
70.0784
66.1938
61.8921
57.4018
52.7895
48.0778
43.2903
38.3863
33.324
28.0739
22.6002
16.8834
10.9279
4.7632
-1.55769
-7.90545
-14.0308
-19.6562
-24.5556
-28.5324
-31.3997
-32.9976
-33.153
-31.7462
-28.6855
-23.876
-17.2208
-8.57746
2.07079
14.8097
27.6582
61.7618
57.9254
53.0304
47.185
40.894
33.7072
25.8645
17.6108
8.86564
-0.229697
-9.61083
-19.305
-29.2535
-39.4389
-49.8333
-60.365
-70.9424
-81.4392
-91.6843
-101.477
-110.577
-118.729
-125.68
-131.221
-135.21
-137.527
-138.06
-136.684
-133.298
-127.857
-120.356
-110.817
-99.2618
-85.7008
-70.1525
-52.5773
-33.1851
-12.0162
8.00874
64.9284
67.5203
69.8263
71.4947
72.3015
72.1419
70.8974
68.6631
65.6844
62.1233
58.1739
54.0544
49.8306
45.5255
41.1619
36.7011
32.1015
27.3311
22.3508
17.1348
11.6781
5.9976
0.132022
-5.8056
-11.5818
-16.9317
-21.6401
-25.5186
-28.3804
-30.0613
-30.3848
-29.2177
-26.4586
-22.0086
-15.7733
-7.63473
2.39093
14.2728
26.1502
57.1504
53.4766
48.8025
43.2381
37.27
30.4689
23.0674
15.3015
7.09536
-1.41657
-10.1722
-19.1997
-28.4449
-37.8954
-47.5313
-57.2921
-67.1006
-76.8471
-86.3837
-95.5323
-104.077
-111.784
-118.419
-123.781
-127.742
-130.184
-130.986
-130.01
-127.135
-122.287
-115.441
-106.592
-95.7518
-82.9275
-68.1433
-51.3935
-32.9149
-12.881
6.00149
60.1932
62.6965
64.9435
66.5966
67.4401
67.3775
66.2948
64.2768
61.5557
58.2878
54.6578
50.8743
47.0024
43.0657
39.0869
35.0292
30.8522
26.5228
21.9996
17.252
12.2675
7.05209
1.63115
-3.89854
-9.31969
-14.3814
-18.8798
-22.6354
-25.4651
-27.2022
-27.6694
-26.7223
-24.2513
-20.1538
-14.3384
-6.70917
2.68961
13.7314
24.6798
52.8692
49.3505
44.8861
39.5863
33.9213
27.481
20.4908
13.178
5.47057
-2.50232
-10.6815
-19.095
-27.6935
-36.4685
-45.4047
-54.452
-63.545
-72.589
-81.4551
-89.9852
-97.9873
-105.246
-111.546
-116.696
-120.583
-123.094
-124.105
-123.47
-121.05
-116.752
-110.523
-102.344
-92.2087
-80.1216
-66.1116
-50.2002
-32.6477
-13.7335
4.04244
55.7936
58.2107
60.3982
62.0321
62.9042
62.9264
61.9886
60.1662
57.679
54.6776
51.3384
47.8606
44.3088
40.707
37.0777
33.3865
29.5946
25.669
21.5675
17.256
12.7153
7.94262
2.95186
-2.17562
-7.24024
-12.0045
-16.2777
-19.8894
-22.6628
-24.4307
-25.0175
-24.2703
-22.0726
-18.3191
-12.921
-5.8028
2.96892
13.1916
23.2541
48.8942
45.5238
41.2585
36.2091
30.8292
24.7271
18.1213
11.2305
3.98617
-3.48746
-11.1344
-18.9815
-26.9838
-35.1361
-43.4267
-51.8135
-60.2415
-68.6289
-76.8625
-84.8027
-92.2773
-99.091
-105.045
-109.96
-113.735
-116.267
-117.434
-117.083
-115.065
-111.269
-105.624
-98.0873
-88.6441
-77.2917
-64.0603
-48.9976
-32.3776
-14.5637
2.14284
51.7053
54.0384
56.1659
57.7772
58.6715
58.7678
57.96
56.3153
54.0412
51.2833
48.2098
45.0111
41.7509
38.4537
35.1423
31.7847
28.3438
24.7878
21.074
17.1663
13.0405
8.6867
4.10837
-0.627466
-5.33727
-9.79929
-13.8358
-17.2864
-19.9818
-21.757
-22.4402
-21.8722
-19.9318
-16.512
-11.5268
-4.91733
3.23093
12.6591
21.8796
45.2039
41.975
37.8994
33.0872
27.9762
22.1922
15.9464
9.44962
2.63635
-4.37369
-11.5278
-18.8516
-26.3039
-33.8809
-41.5757
-49.3513
-57.1615
-64.9355
-72.5739
-79.9541
-86.9201
-93.2956
-98.8982
-103.561
-107.193
-109.708
-110.985
-110.866
-109.2
-105.86
-100.759
-93.8392
-85.0703
-74.445
-61.9949
-47.7845
-32.0993
-15.3631
0.31322
47.9054
50.1569
52.2245
53.8109
54.7215
54.8827
54.1918
52.7088
50.6296
48.0949
45.2651
42.322
39.3285
36.3093
33.2875
30.2336
27.1129
23.8942
20.536
17.0004
13.2607
9.30051
5.11454
0.757794
-3.60327
-7.76215
-11.5542
-14.8298
-17.4287
-19.19
-19.9473
-19.5383
-17.8383
-14.7401
-10.1606
-4.05467
3.47808
12.139
20.5622
41.7776
38.6846
34.7895
30.2028
25.3459
19.8615
13.9541
7.82566
1.41472
-5.16424
-11.861
-18.7006
-25.6437
-32.6897
-39.8329
-47.0425
-54.2791
-61.4812
-68.5611
-75.4105
-81.8898
-87.838
-93.0898
-97.4899
-100.957
-103.422
-104.765
-104.834
-103.471
-100.542
-95.9474
-89.6139
-81.5002
-71.5911
-59.9184
-46.5608
-31.8076
-16.1216
-1.43698
44.3738
46.546
48.554
50.113
51.0351
51.2531
50.6678
49.3323
47.4322
45.1028
42.4971
39.7888
37.0398
34.2751
31.5176
28.7403
25.9109
23
19.9668
16.7736
13.3912
9.79882
5.98435
1.99089
-2.03046
-5.88854
-9.43187
-12.5223
-15.0091
-16.7375
-17.5481
-17.2782
-15.8014
-13.0112
-8.82726
-3.2166
3.7122
11.6366
19.3069
38.597
35.6341
31.9114
27.5394
22.9231
17.7214
12.1325
6.34954
0.314682
-5.86258
-12.1339
-18.524
-24.9961
-31.55
-38.1832
-44.8687
-51.5727
-58.2418
-64.7989
-71.147
-77.1617
-82.6972
-87.6019
-91.7349
-95.0218
-97.4086
-98.7844
-98.998
-97.8943
-95.3345
-91.2067
-85.4281
-77.9456
-68.7389
-57.836
-45.3257
-31.4956
-16.8316
-3.09846
41.0916
43.1866
45.1352
46.6651
47.5947
47.8623
47.3727
46.1724
44.437
42.297
39.8983
37.4063
34.8819
32.3502
29.8342
27.3093
24.7456
22.1151
19.3789
16.4996
13.4467
10.1963
6.73087
3.08339
-0.609865
-4.17285
-7.46649
-10.3647
-12.727
-14.4062
-15.2509
-15.1009
-13.8297
-11.3323
-7.53206
-2.40467
3.93602
11.156
18.1181
35.645
32.8068
29.2491
25.0816
20.6934
15.7593
10.4705
5.01219
-0.670328
-6.47212
-12.3475
-18.3199
-24.3548
-30.4532
-36.6138
-42.8134
-49.0232
-55.1958
-61.264
-67.1407
-72.7146
-77.8532
-82.419
-86.2828
-89.3788
-91.6676
-93.0458
-93.3686
-92.4839
-90.2514
-86.5528
-81.2963
-74.4201
-65.8967
-55.7522
-44.0788
-31.1591
-17.4842
-4.66285
38.0414
40.0611
41.951
43.4507
44.3839
44.695
44.2922
43.216
41.6329
39.6682
37.4609
35.1688
32.8511
30.5336
28.2385
25.9441
23.6224
21.2474
18.7819
16.1896
13.4397
10.506
7.3667
4.04638
0.667587
-2.60821
-5.65442
-8.3567
-10.5852
-12.2013
-13.063
-13.0144
-11.9313
-9.71063
-6.27945
-1.6205
4.15087
10.7009
16.999
32.9056
30.1873
26.7875
22.8151
18.6434
13.9627
8.95728
3.80444
-1.54746
-6.99825
-12.5039
-18.0876
-23.7164
-29.3918
-35.1143
-40.8633
-46.6143
-52.3253
-57.9364
-63.3705
-68.5274
-73.2868
-77.5239
-81.1215
-84.0208
-86.1958
-87.5524
-87.9532
-87.2514
-85.3079
-82.0013
-77.2334
-70.9355
-63.0745
-53.6714
-42.8202
-30.793
-18.0731
-6.12357
35.2073
37.1539
38.9856
40.4539
41.3877
41.7367
41.4129
40.4513
39.0091
37.207
35.1772
33.07
30.9434
28.8228
26.7303
24.6462
22.5452
20.4027
18.1839
15.8537
13.3814
10.7397
7.90358
4.89072
1.81124
-1.18763
-3.99147
-6.49675
-8.58498
-10.127
-10.9907
-11.0263
-10.1134
-8.15251
-5.0739
-0.865614
4.35861
10.2744
15.9518
30.3643
27.7612
24.5126
20.7266
16.7608
12.3203
7.58279
2.71769
-2.32374
-7.44548
-12.6061
-17.827
-23.078
-28.3605
-33.6765
-39.0076
-44.3322
-49.6137
-54.7986
-59.818
-64.5816
-68.9808
-72.9014
-76.2379
-78.939
-80.9894
-82.305
-82.7573
-82.2062
-80.5165
-77.566
-73.2533
-67.5041
-60.2806
-51.5987
-41.5503
-30.3928
-18.592
-7.47505
32.5746
34.45
36.2243
37.6602
38.5921
38.9743
38.7224
37.8665
36.555
34.904
33.0392
31.1039
29.1538
27.2145
25.3078
23.4163
21.5164
19.5857
17.5912
15.4997
13.2812
10.9078
8.35259
5.6273
2.83049
0.0963231
-2.47224
-4.78242
-6.72677
-8.18622
-9.03854
-9.14254
-8.38263
-6.66363
-3.91951
-0.141594
4.56062
9.87875
14.9781
28.0074
25.5151
22.4116
18.8036
15.0337
10.8214
6.33744
1.74398
-3.00527
-7.81829
-12.6561
-17.5387
-22.4377
-27.3553
-32.2934
-37.2364
-42.1651
-47.0473
-51.8351
-56.4665
-60.8605
-64.9184
-68.5366
-71.6202
-74.1243
-76.0434
-77.303
-77.7844
-77.3561
-75.8878
-73.2595
-69.3683
-64.1373
-57.5238
-49.539
-40.2691
-29.9553
-19.0358
-8.71229
30.1294
31.9358
33.6534
35.0563
35.9839
36.395
36.2088
35.4507
34.2608
32.7505
31.0394
29.2634
27.477
25.7051
23.9692
22.2538
20.5374
18.7992
17.0086
15.1343
13.1472
11.0195
8.72333
6.26559
3.73437
1.2514
-1.09099
-3.21026
-5.00958
-6.38024
-7.21033
-7.36834
-6.74478
-5.24931
-2.81989
0.550135
4.75753
9.51542
14.0784
25.8223
23.4367
20.4723
17.0344
13.4514
9.4557
5.21208
0.87505
-3.59872
-8.12189
-12.6571
-17.2236
-21.7945
-26.3724
-30.9596
-35.542
-40.1031
-44.6143
-49.032
-53.3013
-57.3485
-61.0844
-64.4152
-67.2553
-69.5665
-71.3511
-72.5439
-73.0366
-72.7065
-71.4306
-69.0923
-65.5902
-60.8453
-54.8125
-47.497
-38.9783
-29.4772
-19.4004
-9.83241
27.8591
29.5983
31.2603
32.6298
33.5511
33.9874
33.8611
33.1936
32.1169
30.7378
29.1701
27.5425
25.9077
24.2905
22.7117
21.1574
19.6083
18.0454
16.4401
14.763
12.9865
11.0831
9.02476
6.81466
4.53138
2.28526
0.158519
-1.77577
-3.43112
-4.70929
-5.50841
-5.7076
-5.20439
-3.91392
-1.77829
1.20789
4.94994
9.18526
13.2517
23.7975
21.5143
18.6835
15.4085
12.0034
8.21381
4.198
0.103566
-4.11075
-8.3613
-12.6129
-16.8838
-21.1485
-25.4098
-29.6706
-33.918
-38.1375
-42.3037
-46.3774
-50.3089
-54.0318
-57.4651
-60.5242
-63.1318
-65.256
-66.9053
-68.0243
-68.5141
-68.2614
-67.1515
-65.0736
-61.9287
-57.6381
-52.1544
-45.4777
-37.6789
-28.9575
-19.6836
-10.8333
25.7518
27.4257
29.0331
30.369
31.2822
31.7403
31.6689
31.0855
30.1142
28.8577
27.4238
25.9343
24.4403
22.9661
21.5318
20.1252
18.7288
17.3252
15.888
14.3898
12.8044
11.1054
9.26487
7.28302
5.23002
3.20559
1.2828
-0.47407
-1.98852
-3.17245
-3.93367
-4.16283
-3.76485
-2.661
-0.797481
1.83068
5.13778
8.88827
12.4969
21.9218
19.7374
17.0347
13.9156
10.6803
7.08677
3.28729
-0.577708
-4.54729
-8.54128
-12.5267
-16.5208
-20.4996
-24.466
-28.4229
-32.359
-36.2612
-40.1067
-43.8605
-47.4775
-50.8977
-54.0476
-56.8508
-59.2378
-61.1828
-62.6986
-63.7393
-64.2151
-64.0226
-63.0557
-61.2106
-58.3924
-54.524
-49.5567
-43.486
-36.3729
-28.3952
-19.8834
-11.7143
23.7965
25.4071
26.9609
28.2629
29.1667
29.6436
29.6222
29.1168
28.244
27.1019
25.7931
24.4323
23.0692
21.7272
20.4259
19.1547
17.8975
16.6387
15.354
14.0178
12.6057
11.0924
9.45053
7.67832
5.83817
4.01998
2.28863
0.7002
-0.677983
-1.7676
-2.486
-2.73541
-2.42849
-1.49308
0.120353
2.41699
5.3209
8.62363
11.8117
20.1852
18.0959
15.5163
12.5462
9.473
6.06611
2.47193
-1.17592
-4.91422
-8.66669
-12.402
-16.1368
-19.8484
-23.5397
-27.2137
-30.8604
-34.4678
-38.0156
-41.4721
-44.7968
-47.9349
-50.8199
-53.3832
-55.5624
-57.3368
-58.7227
-59.683
-60.1367
-59.9901
-59.1463
-57.5089
-54.9882
-51.5101
-47.0259
-41.5263
-35.0626
-27.79
-19.9999
-12.4759
21.9831
23.5321
25.0333
26.3015
27.1946
27.6874
27.7119
27.2788
26.4978
25.4629
24.2708
23.0302
21.7887
20.5691
19.3902
18.243
17.1129
15.9857
14.8391
13.6495
12.3941
11.049
9.58791
8.00739
6.36302
4.73574
3.18279
1.75303
0.505184
-0.49165
-1.16409
-1.42541
-1.19656
-0.411977
0.973556
2.96571
5.49841
8.39021
11.193
18.5781
16.5804
14.1189
11.2918
8.37314
5.14398
1.74473
-1.69737
-5.21705
-8.74196
-12.2425
-15.7343
-19.1959
-22.6304
-26.0411
-29.4184
-32.752
-36.0235
-39.2041
-42.257
-45.1332
-47.7715
-50.1106
-52.0949
-53.708
-54.9693
-55.8492
-56.2752
-56.1628
-55.4246
-53.972
-51.7215
-48.6028
-44.5676
-39.6032
-33.7508
-27.1434
-20.0336
-13.1197
20.3017
21.7912
23.2409
24.4752
25.3565
25.8628
25.9291
25.5632
24.868
23.9331
22.8502
21.7217
20.5931
19.4867
18.4207
17.3871
16.3728
15.3651
14.3435
13.2863
12.1724
10.9794
9.6823
8.27643
6.81135
5.35978
3.97215
2.69057
1.56615
0.659249
0.0345335
-0.231866
-0.0691992
0.581439
1.76104
3.47575
5.66925
8.18582
10.6372
17.0918
15.1822
12.8341
10.1438
7.37277
4.31299
1.09895
-2.14817
-5.46141
-8.77183
-12.0516
-15.3154
-18.5433
-21.7383
-24.9035
-28.0303
-31.1096
-34.1246
-37.0493
-39.8502
-42.4829
-44.8923
-47.0227
-48.8249
-50.2868
-51.4299
-52.2308
-52.6254
-52.5381
-51.8905
-50.6019
-48.5961
-45.8067
-42.1868
-37.7209
-32.4405
-26.4574
-19.9868
-13.6488
18.7436
20.1752
21.5745
22.7752
23.6437
24.1612
24.2657
23.9621
23.3469
22.5055
21.5246
20.5005
19.4769
18.4753
17.5132
16.5836
15.6749
14.7756
13.867
12.9293
11.943
10.8873
9.73839
8.49114
7.18955
5.89884
4.66334
3.51919
2.51054
1.68971
1.11324
0.847265
0.954474
1.48721
2.48226
3.94626
5.83211
8.00815
10.1402
15.7179
13.8931
11.6539
9.09474
6.4646
3.56611
0.528172
-2.53421
-5.65221
-8.76041
-11.8324
-14.8825
-17.8917
-20.863
-23.7996
-26.6936
-29.5367
-32.3138
-35.0012
-37.5687
-39.9759
-42.1729
-44.1098
-45.7429
-47.0639
-48.0954
-48.8202
-49.1815
-49.1122
-48.5423
-47.3995
-45.6142
-43.1252
-39.8876
-35.8832
-31.1349
-25.7347
-19.8624
-14.0667
17.3004
18.6758
20.026
21.1931
22.0481
22.5747
22.7139
22.468
21.9274
21.1733
20.2876
19.3609
18.4348
17.5301
16.6636
15.8292
15.0167
14.2156
13.4091
12.579
11.7075
10.7753
9.76016
8.65646
7.50339
6.35927
5.26295
4.24539
3.34438
2.60499
2.07624
1.81507
1.87635
2.30618
3.13724
4.37658
5.98552
7.85433
9.69729
14.4486
12.7055
10.5709
8.13722
5.64158
2.89682
0.0262545
-2.86108
-5.79443
-8.71188
-11.5887
-14.4382
-17.2427
-20.0051
-22.7286
-25.406
-28.0299
-30.5864
-33.0542
-35.4056
-37.6043
-39.605
-41.3629
-42.8396
-44.0298
-44.9573
-45.6098
-45.937
-45.8802
-45.3771
-44.3635
-42.7767
-40.5607
-37.673
-34.0937
-29.8378
-24.9788
-19.6645
-14.3782
15.9642
17.2852
18.5874
19.7212
20.5619
21.0956
21.2663
21.0739
20.6026
19.9301
19.1332
18.2971
17.4615
16.6464
15.8677
15.1204
14.3954
13.6832
12.9688
12.2355
11.4671
10.6458
9.75099
8.77684
7.75812
6.74701
5.77738
4.87563
4.07395
3.41084
2.92844
2.67539
2.69921
3.04002
3.72662
4.76626
6.12784
7.72114
9.30377
13.2767
11.6122
9.57805
7.26451
4.89735
2.29899
-0.412479
-3.13385
-5.89272
-8.63024
-11.3233
-13.9847
-16.5975
-19.1649
-21.6899
-24.1659
-26.5863
-28.9384
-31.203
-33.3549
-35.361
-37.1805
-38.7736
-40.106
-41.1757
-42.0069
-42.5912
-42.8848
-42.8363
-42.3909
-41.4918
-40.0832
-38.1143
-35.5454
-32.3555
-28.5527
-24.1939
-19.3978
-14.5889
14.7278
15.996
17.2512
18.3522
19.1778
19.7169
19.916
19.773
19.3663
18.7697
18.0556
17.3037
16.5519
15.8195
15.1215
14.4538
13.8083
13.1767
12.5451
11.8988
11.2227
10.5008
9.71394
8.85626
7.9587
7.0677
6.21282
5.41638
4.70568
4.11336
3.67535
3.43282
3.42656
3.69108
4.25149
5.11511
6.25741
7.60528
8.95453
12.1955
10.6065
8.66882
6.47028
4.22585
1.76693
-0.793438
-3.35749
-5.95123
-8.51908
-11.0393
-13.5241
-15.9576
-18.3429
-20.683
-22.9719
-25.2035
-27.3665
-29.4431
-31.4108
-33.2393
-34.8922
-36.3336
-37.5337
-38.4927
-39.2351
-39.7562
-40.0175
-39.9741
-39.5786
-38.7811
-37.5321
-35.786
-33.5063
-30.6714
-27.2832
-23.3843
-19.0679
-14.7049
13.5842
14.8014
16.0108
17.079
17.889
18.4318
18.6566
18.559
18.2122
17.6863
17.0493
16.3756
15.7014
15.0451
14.4212
13.8261
13.2528
12.6938
12.1369
11.5684
10.975
10.3419
9.65167
8.89844
8.10968
7.32672
6.57525
5.87402
5.24608
4.71891
4.32287
4.09256
4.06257
4.26233
4.71349
5.42324
6.37265
7.50331
8.64445
11.1985
9.68227
7.83708
5.74865
3.6213
1.29524
-1.12148
-3.53639
-5.9741
-8.38196
-10.7396
-13.0587
-15.3244
-17.5397
-19.7076
-21.8225
-23.8792
-25.8671
-27.7703
-29.568
-31.2333
-32.733
-34.0353
-35.1146
-35.9724
-36.6337
-37.0962
-37.327
-37.2869
-36.9347
-36.2272
-35.1209
-33.5751
-31.5565
-29.0434
-26.033
-22.5551
-18.6807
-14.7329
12.527
13.6947
14.8595
15.8954
16.6892
17.2342
17.4818
17.426
17.1348
16.6744
16.1089
15.5078
14.9053
14.3192
13.763
13.234
12.7262
12.2327
11.7427
11.244
10.7244
10.1705
9.56648
8.90662
8.21523
7.52904
6.87032
6.25476
5.70164
5.23397
4.8772
4.66016
4.61191
4.75724
5.11466
5.69104
6.47208
7.41177
8.3684
10.2798
8.83355
7.07712
5.09407
3.07843
0.878964
-1.40135
-3.67494
-5.96512
-8.2221
-10.4269
-12.5905
-14.6992
-16.7559
-18.7635
-20.7169
-22.6114
-24.4374
-26.1805
-27.8219
-29.3371
-30.6965
-31.8717
-32.8405
-33.6064
-34.1939
-34.603
-34.8054
-34.7671
-34.4527
-33.825
-32.8459
-31.4797
-29.6959
-27.4734
-24.8054
-21.7113
-18.2425
-14.68
11.5503
12.67
13.7913
14.7952
15.5725
16.1181
16.386
16.3685
16.1284
15.7289
15.2297
14.6957
14.1593
13.6376
13.1434
12.6747
12.226
11.7915
11.3615
10.925
10.4711
9.98777
9.46044
8.88382
8.27932
7.67948
7.10359
6.56469
6.07881
5.66512
5.34475
5.14154
5.07963
5.17973
5.45747
5.91921
6.55446
7.32743
8.12146
9.43388
8.05487
6.38361
4.50137
2.59235
0.513382
-1.63733
-3.77704
-5.92781
-8.04252
-10.1036
-12.1214
-14.0832
-15.9919
-17.8503
-19.6538
-21.3982
-23.0747
-24.6702
-26.1678
-27.5454
-28.7763
-29.8356
-30.7041
-31.3867
-31.9074
-32.2681
-32.4444
-32.4071
-32.1259
-31.5689
-30.7031
-29.4973
-27.924
-25.9627
-23.6037
-20.8577
-17.7599
-14.5538
10.6483
11.7217
12.8005
13.7729
14.5331
15.0779
15.3637
15.3811
15.1882
14.8448
14.407
13.9349
13.4594
12.9968
12.5592
12.145
11.7498
11.3683
10.9919
10.6109
10.2154
9.79465
9.33544
8.83279
8.30556
7.7825
7.28026
6.80965
6.38392
6.01888
5.73198
5.54275
5.47107
5.53401
5.74464
6.10872
6.6187
7.24715
7.89878
8.65545
7.34112
5.75152
3.96571
2.15842
0.194095
-1.83353
-3.84646
-5.86543
-7.84609
-9.77203
-11.6532
-13.4777
-15.2484
-16.968
-18.6323
-20.2377
-21.7762
-23.2359
-24.6015
-25.853
-26.9668
-27.9206
-28.6981
-29.3055
-29.766
-30.0831
-30.2357
-30.1989
-29.947
-29.4528
-28.6878
-27.6249
-26.2395
-24.5121
-22.4309
-19.9993
-17.2395
-14.3617
9.81589
10.8443
11.8818
12.823
13.5658
14.1086
14.4099
14.4589
14.3093
14.0177
13.6364
13.2213
12.8018
12.3932
12.0071
11.6424
11.2954
10.9615
10.6329
10.3012
9.95749
9.59211
9.19321
8.7561
8.29736
7.84233
7.40534
6.99531
6.6231
6.30168
6.04533
5.86993
5.7917
5.82453
5.97919
6.2608
6.66403
7.16815
7.69595
7.93966
6.6875
5.17621
3.48259
1.7723
-0.0829163
-1.99376
-3.88663
-5.78111
-7.63542
-9.43442
-11.1875
-12.8836
-14.5257
-16.1162
-17.6516
-19.1284
-20.5397
-21.8744
-23.1189
-24.2552
-25.2621
-26.1202
-26.8156
-27.3552
-27.7618
-28.0398
-28.1711
-28.1348
-27.9088
-27.4702
-26.7948
-25.8589
-24.6408
-23.122
-21.2894
-19.141
-16.6878
-14.1114
9.04802
10.0329
11.0302
11.9406
12.6656
13.2051
13.5197
13.5972
13.4873
13.2432
12.9138
12.5511
12.1828
11.8235
11.4843
11.1644
10.8607
10.5693
10.2834
9.99535
9.69747
9.38102
9.03537
8.65617
8.25794
7.86298
7.48359
7.12706
6.80228
6.51977
6.29114
6.12921
6.04703
6.05582
6.16431
6.3769
6.68993
7.0879
7.50878
7.28195
6.08953
4.65329
3.04782
1.42999
-0.321424
-2.12145
-3.90067
-5.6776
-7.41295
-9.09268
-10.7258
-12.3019
-13.8241
-15.2947
-16.7106
-18.0687
-19.3626
-20.5825
-21.716
-22.7471
-23.6568
-24.4282
-25.0495
-25.5284
-25.8869
-26.13
-26.2425
-26.2066
-26.0038
-25.6146
-25.0185
-24.1953
-23.1256
-21.7923
-20.1816
-18.2869
-16.1111
-13.8102
8.34009
9.2829
10.2409
11.121
11.828
12.363
12.6887
12.7918
12.7179
12.5173
12.2356
11.9208
11.5993
11.2849
10.9881
10.7086
10.4438
10.1903
9.94231
9.69299
9.43553
9.16218
8.86342
8.53524
8.19033
7.84824
7.51951
7.21008
6.92713
6.67919
6.47558
6.32656
6.24256
6.23247
6.30329
6.45869
6.69618
7.00425
7.33358
6.67804
5.54301
4.17871
2.65743
1.12773
-0.524971
-2.21983
-3.89151
-5.55752
-7.18091
-8.74863
-10.2693
-11.7335
-13.144
-14.5032
-15.8084
-17.0568
-18.2426
-19.3571
-20.3892
-21.3244
-22.1459
-22.8388
-23.3936
-23.8183
-24.1339
-24.3461
-24.442
-24.4066
-24.2244
-23.8791
-23.3533
-22.6298
-21.6915
-20.5227
-19.1092
-17.4413
-15.5154
-13.4655
7.6878
8.5899
9.50975
10.3599
11.0485
11.578
11.9127
12.0386
11.9973
11.8364
11.5982
11.3271
11.0482
10.7746
10.5161
10.2729
10.0429
9.82328
9.60886
9.39373
9.17186
8.93637
8.67881
8.39547
8.09739
7.80169
7.51738
7.24925
7.00308
6.7857
6.60458
6.46782
6.38365
6.35907
6.39954
6.50803
6.68284
6.91544
7.16697
6.12399
5.04406
3.74868
2.30783
0.86208
-0.696783
-2.29193
-3.86191
-5.42326
-6.94124
-8.40386
-9.8193
-11.1789
-12.4854
-13.7413
-14.944
-16.0912
-17.1777
-18.1956
-19.1349
-19.9828
-20.7241
-21.3463
-21.8414
-22.2177
-22.4953
-22.6802
-22.7617
-22.727
-22.5633
-22.257
-21.7935
-21.158
-20.3358
-19.3123
-18.0736
-16.6077
-14.9062
-13.0842
7.08711
7.9498
8.83246
9.65307
10.3231
10.846
11.1879
11.3338
11.3219
11.197
10.9983
10.7671
10.5268
10.29
10.0661
9.85549
9.65655
9.46698
9.28227
9.09726
8.90666
8.70438
8.48293
8.23887
7.98182
7.7267
7.4812
7.24917
7.03522
6.84479
6.68378
6.55856
6.47553
6.4401
6.45646
6.5269
6.65021
6.82003
7.00614
5.61602
4.58903
3.35962
1.99558
0.629817
-0.839902
-2.34053
-3.81435
-5.27694
-6.69576
-8.05978
-9.37676
-10.6388
-11.8486
-13.0086
-14.1165
-15.1703
-16.1655
-17.0948
-17.9494
-18.7179
-19.3868
-19.9453
-20.3869
-20.7201
-20.9642
-21.1252
-21.1941
-21.1603
-21.0133
-20.7416
-20.3331
-19.7753
-19.0554
-18.1601
-17.0758
-15.7894
-14.2887
-12.6728
6.53422
7.35881
8.20531
8.99678
9.64802
10.1633
10.5105
10.6739
10.6884
10.5959
10.4331
10.2379
10.0325
9.82902
9.63607
9.45462
9.28335
9.1204
8.96191
8.80337
8.64016
8.46693
8.27702
8.06732
7.84613
7.62641
7.41475
7.21419
7.02838
6.86163
6.71856
6.6041
6.5232
6.47993
6.47744
6.5174
6.59883
6.71697
6.84852
5.15068
4.1745
3.00828
1.71756
0.427911
-0.957108
-2.36818
-3.75109
-5.12059
-6.44617
-7.71769
-8.9426
-10.1137
-11.2335
-12.3045
-13.3248
-14.2926
-15.2038
-16.0521
-16.8295
-17.5258
-18.1293
-18.6304
-19.0242
-19.3192
-19.5337
-19.6738
-19.7319
-19.6993
-19.5673
-19.3264
-18.9665
-18.4771
-17.8472
-17.0647
-16.1166
-14.9891
-13.6676
-12.2374
6.02562
6.81334
7.62464
8.38746
9.01969
9.52641
9.87722
10.0557
10.0935
10.0303
9.89978
9.73709
9.56317
9.38952
9.22433
9.06883
8.92211
8.78267
8.64723
8.51189
8.37263
8.22475
8.06237
7.88263
7.69269
7.5038
7.32154
7.14834
6.98706
6.84107
6.71394
6.60948
6.53141
6.48277
6.46582
6.48168
6.52948
6.60549
6.69211
4.72472
3.7973
2.69156
1.4708
0.253629
-1.05095
-2.37721
-3.67421
-4.95599
-6.19388
-7.3787
-8.51751
-9.60374
-10.6399
-11.6286
-12.5678
-13.4564
-14.2906
-15.0647
-15.7717
-16.4026
-16.9469
-17.3966
-17.7478
-18.009
-18.1974
-18.3192
-18.3682
-18.337
-18.2184
-18.0049
-17.6879
-17.2588
-16.7078
-16.0244
-15.1962
-14.2091
-13.0472
-11.7837
5.55798
6.31005
7.08713
7.8217
8.43478
8.93213
9.28485
9.47606
9.53452
9.49733
9.39582
9.26235
9.11665
8.96971
8.82928
8.69683
8.57182
8.45307
8.33783
8.22277
8.10438
7.97856
7.84012
7.68647
7.52371
7.36159
7.20485
7.05538
6.91543
6.78758
6.67461
6.57937
6.50464
6.45262
6.42484
6.42196
6.44307
6.48517
6.53518
4.3351
3.45449
2.40661
1.25259
0.104382
-1.12382
-2.36973
-3.58561
-4.7847
-5.94021
-7.04378
-8.10214
-9.10927
-10.0678
-10.98
-11.8445
-12.6601
-13.4236
-14.13
-14.7729
-15.3444
-15.8354
-16.239
-16.5522
-16.7835
-16.9491
-17.0551
-17.0962
-17.0665
-16.9602
-16.771
-16.492
-16.1157
-15.6341
-15.0375
-14.3146
-13.4513
-12.431
-11.3167
5.12824
5.84586
6.58963
7.29642
7.89021
8.37737
8.73048
8.93225
9.00867
8.99456
8.91895
8.81157
8.6911
8.56798
8.44954
8.33749
8.23159
8.131
8.03342
7.936
7.83575
7.72907
7.61141
7.4804
7.34123
7.20232
7.06767
6.93876
6.81731
6.70532
6.60488
6.51812
6.44707
6.39326
6.35762
6.34043
6.34071
6.35586
6.37647
3.97902
3.1433
2.15079
1.06044
-0.0221607
-1.17792
-2.34776
-3.487
-4.6082
-5.68632
-6.71374
-7.69692
-8.63038
-9.51669
-10.3582
-11.1536
-11.9021
-12.6009
-13.2453
-13.8299
-14.3477
-14.7906
-15.1529
-15.4323
-15.6372
-15.7829
-15.8751
-15.9097
-15.8816
-15.7864
-15.6188
-15.3732
-15.0434
-14.6226
-14.1021
-13.4715
-12.7171
-11.8221
-10.8411
4.73356
5.41786
6.12927
6.80868
7.38309
7.85933
8.21133
8.42161
8.51348
8.51967
8.46703
8.38289
8.28485
8.18287
8.08391
7.98984
7.90073
7.816
7.73379
7.65168
7.56712
7.477
7.37731
7.2659
7.14716
7.02832
6.91276
6.80163
6.69624
6.59808
6.50873
6.42975
6.36258
6.3082
6.26715
6.2393
6.22359
6.21767
6.21501
3.6539
2.86122
1.92162
0.891976
-0.128252
-1.21523
-2.31307
-3.37999
-4.42782
-5.43323
-6.38929
-7.30221
-8.16704
-8.98631
-9.76233
-10.4941
-11.1808
-11.8201
-12.4081
-12.9397
-13.4088
-13.8085
-14.1338
-14.3831
-14.5649
-14.693
-14.7734
-14.8025
-14.7763
-14.691
-14.5426
-14.3266
-14.0376
-13.6699
-13.216
-12.6662
-12.0075
-11.2234
-10.3609
4.37128
5.02338
5.70331
6.35582
6.91073
7.37534
7.72487
7.9417
8.04665
8.07053
8.03815
7.97455
7.89637
7.81307
7.73128
7.65302
7.5786
7.50769
7.43881
7.36994
7.29892
7.22305
7.13886
7.04437
6.94326
6.84174
6.74266
6.64688
6.55538
6.46929
6.38977
6.31792
6.25472
6.20078
6.15624
6.12071
6.09301
6.07091
6.05019
3.35728
2.60585
1.71685
0.745034
-0.215885
-1.23765
-2.26735
-3.26595
-4.24468
-5.18178
-6.07101
-6.91831
-7.71921
-8.47624
-9.19165
-9.8646
-10.4946
-11.0795
-11.6158
-12.0993
-12.5244
-12.8851
-13.1773
-13.4
-13.5613
-13.6743
-13.7444
-13.769
-13.7447
-13.6685
-13.5372
-13.3472
-13.094
-12.7729
-12.3771
-11.898
-11.3232
-10.6369
-9.87971
4.03893
4.65991
5.30927
5.9353
6.47065
6.92297
7.26866
7.4902
7.60598
7.64511
7.63048
7.58498
7.52426
7.45741
7.39069
7.32628
7.26468
7.20578
7.14842
7.09096
7.03158
6.96795
6.89706
6.81711
6.73118
6.64456
6.55966
6.47711
6.39765
6.32208
6.25126
6.18594
6.12675
6.07398
6.02749
5.9867
5.9503
5.91608
5.88164
3.08691
2.37501
1.53436
0.617625
-0.28694
-1.24684
-2.21207
-3.14622
-4.05985
-4.93278
-5.7594
-6.54539
-7.28674
-7.98599
-8.64527
-9.26398
-9.84177
-10.3768
-10.8661
-11.3057
-11.6911
-12.0167
-12.2794
-12.4785
-12.6218
-12.7215
-12.7829
-12.8038
-12.7814
-12.7135
-12.5975
-12.4304
-12.2087
-11.9282
-11.5833
-11.1659
-10.6647
-10.0644
-9.40057
3.73421
4.32514
4.94477
5.54479
6.0605
6.49988
6.84051
7.06502
7.18947
7.24158
7.24241
7.21272
7.16729
7.11482
7.06128
7.00893
6.95848
6.90999
6.86259
6.81494
6.76553
6.71237
6.65287
6.58539
6.51247
6.43862
6.36588
6.29472
6.22565
6.15926
6.09613
6.03679
5.98157
5.93053
5.88334
5.83923
5.79678
5.75379
5.70928
2.84069
2.16664
1.37217
0.50789
-0.343128
-1.24441
-2.14864
-3.02195
-3.87426
-4.68691
-5.45485
-6.18353
-6.86942
-7.51498
-8.1223
-8.69095
-9.22074
-9.71009
-10.1564
-10.5563
-10.9057
-11.1999
-11.4361
-11.6143
-11.7417
-11.83
-11.8839
-11.9017
-11.8814
-11.821
-11.7186
-11.5718
-11.3777
-11.1328
-10.8322
-10.4688
-10.0319
-9.50742
-8.92606
3.45496
4.01686
4.60766
5.18206
5.67812
6.104
6.43835
6.66419
6.79522
6.85821
6.87241
6.85645
6.82429
6.78432
6.74223
6.70036
6.65957
6.62007
6.58126
6.54204
6.50117
6.45697
6.4072
6.35036
6.28857
6.22564
6.16329
6.10188
6.04176
5.98335
5.92704
5.87314
5.8218
5.77291
5.72598
5.68011
5.63381
5.58476
5.53317
2.61673
1.97892
1.22854
0.41417
-0.386015
-1.23174
-2.07829
-2.8942
-3.68874
-4.44476
-5.15766
-5.83272
-6.46691
-7.06262
-7.62182
-8.14424
-8.62987
-9.07738
-9.48449
-9.84828
-10.1651
-10.431
-10.6437
-10.8033
-10.9169
-10.9951
-11.0426
-11.058
-11.0397
-10.9862
-10.896
-10.7671
-10.5973
-10.3836
-10.1218
-9.80541
-9.42486
-8.96688
-8.45836
3.19926
3.73312
4.2959
4.84512
5.32147
5.73328
6.06027
6.28591
6.42151
6.49348
6.51917
6.51499
6.49423
6.46503
6.43283
6.4
6.36753
6.33579
6.30436
6.27239
6.23885
6.20232
6.16085
6.11312
6.06081
6.00719
5.95369
5.90059
5.84816
5.79666
5.74635
5.6974
5.64981
5.60335
5.55742
5.51103
5.46259
5.40974
5.35355
2.41327
1.81015
1.10183
0.334968
-0.41694
-1.21004
-2.00204
-2.76383
-3.50393
-4.20676
-4.86805
-5.49293
-6.07896
-6.62834
-7.14291
-7.62259
-8.06756
-8.47672
-8.84804
-9.17902
-9.46647
-9.70693
-9.89855
-10.0418
-10.1432
-10.2127
-10.2547
-10.2683
-10.2519
-10.2047
-10.1254
-10.0125
-9.86407
-9.67773
-9.44974
-9.17448
-8.84315
-8.44352
-7.99918
2.96532
3.47206
4.00766
4.53204
4.98867
5.38589
5.7044
5.92845
6.0667
6.14604
6.18154
6.18733
6.17619
6.15617
6.13243
6.10734
6.082
6.05691
6.03182
6.00607
5.97882
5.94887
5.91453
5.8746
5.83041
5.7847
5.73873
5.6927
5.64682
5.60126
5.5562
5.5117
5.46769
5.42382
5.37943
5.33347
5.2843
5.22948
5.17072
2.22851
1.65858
0.990364
0.268715
-0.437391
-1.18055
-1.92093
-2.63162
-3.32029
-3.9732
-4.586
-5.16398
-5.70526
-6.2116
-6.6847
-7.12481
-7.53232
-7.90626
-8.24489
-8.54601
-8.8069
-9.02453
-9.19737
-9.32607
-9.41681
-9.47881
-9.51623
-9.52826
-9.5139
-9.47239
-9.40285
-9.30409
-9.17459
-9.01229
-8.81396
-8.57465
-8.28635
-7.93788
-7.54999
2.75131
3.23195
3.74122
4.24115
4.67806
5.06015
5.36917
5.59024
5.72916
5.81463
5.85857
5.87257
5.86941
5.85712
5.84054
5.82198
5.80267
5.7832
5.7635
5.74308
5.72123
5.69694
5.66875
5.63554
5.59834
5.55944
5.5199
5.47988
5.43956
5.39908
5.35856
5.31803
5.27732
5.23609
5.19362
5.14881
5.09999
5.04467
4.98503
2.06071
1.52237
0.892317
0.213571
-0.448995
-1.14492
-1.83634
-2.49861
-3.13856
-3.74462
-4.3113
-4.84514
-5.34495
-5.8114
-6.24592
-6.64937
-7.02237
-7.36403
-7.67279
-7.94679
-8.18368
-8.3808
-8.53694
-8.65279
-8.73421
-8.78969
-8.82318
-8.83407
-8.82164
-8.78534
-8.72455
-8.63837
-8.52557
-8.38442
-8.21213
-8.00431
-7.7537
-7.45011
-7.11183
2.5555
3.01106
3.49494
3.97094
4.38834
4.75498
5.05355
5.27018
5.40707
5.49772
5.54909
5.56973
5.57301
5.56721
5.55669
5.54362
5.52931
5.51452
5.49934
5.48341
5.46617
5.44676
5.4239
5.39656
5.36545
5.33246
5.29848
5.26362
5.22805
5.19188
5.15525
5.11816
5.08046
5.04178
5.00143
4.95827
4.91063
4.85599
4.79685
1.90873
1.40044
0.806624
0.168501
-0.452908
-1.10426
-1.74934
-2.3659
-2.95978
-3.52193
-4.04406
-4.53585
-4.99717
-5.42659
-5.82514
-6.19457
-6.53579
-6.84783
-7.1293
-7.37872
-7.59395
-7.77275
-7.91408
-8.01867
-8.092
-8.14191
-8.17213
-8.18223
-8.17166
-8.14016
-8.08722
-8.01224
-7.91421
-7.79173
-7.64235
-7.4622
-7.24465
-6.9805
-6.68583
2.37668
2.80809
3.26751
3.72006
4.11821
4.46906
4.75666
4.96766
5.09926
5.19416
5.25201
5.27774
5.28612
5.28573
5.28031
5.2718
5.26161
5.25065
5.23917
5.22696
5.2136
5.19838
5.18019
5.15801
5.1323
5.10459
5.07554
5.04522
5.01378
4.98134
4.94803
4.91388
4.87881
4.84249
4.80427
4.76305
4.71718
4.66408
4.60653
1.77253
1.29306
0.733894
0.134323
-0.448185
-1.05751
-1.65912
-2.23297
-2.78385
-3.30427
-3.78487
-4.23827
-4.66406
-5.05838
-5.42283
-5.7604
-6.07202
-6.35654
-6.61279
-6.83963
-7.03524
-7.19753
-7.32572
-7.42037
-7.4867
-7.53186
-7.55941
-7.56898
-7.56025
-7.53308
-7.48722
-7.42213
-7.33722
-7.23119
-7.10202
-6.94623
-6.75786
-6.52844
-6.27212
2.2146
2.62258
3.05788
3.48696
3.86569
4.1999
4.47591
4.68036
4.80542
4.90489
4.96765
4.99636
5.00845
5.01254
5.01128
5.0064
4.99947
4.9915
4.98292
4.97366
4.96345
4.95175
4.93758
4.91998
4.89913
4.87622
4.85167
4.82552
4.79783
4.76873
4.73835
4.70677
4.67398
4.63975
4.60356
4.56438
4.5206
4.46965
4.41452
1.6512
1.19941
0.673667
0.110892
-0.434461
-1.00372
-1.56394
-2.09802
-2.60841
-3.08928
-3.53179
-3.95337
-4.34776
-4.70766
-5.03886
-5.34649
-5.63055
-5.88935
-6.12209
-6.32812
-6.5058
-6.65323
-6.76955
-6.85552
-6.91577
-6.957
-6.98243
-6.99187
-6.985
-6.96199
-6.92251
-6.86628
-6.79293
-6.70147
-6.59004
-6.45569
-6.29298
-6.09431
-5.872
2.06834
2.45351
2.86492
3.27025
3.62888
3.94472
4.20828
4.40347
4.52223
4.63082
4.69714
4.72553
4.73991
4.74786
4.75013
4.74814
4.74376
4.73808
4.73166
4.72455
4.71672
4.70775
4.69689
4.68319
4.66667
4.64807
4.62769
4.60541
4.58124
4.55524
4.52756
4.4983
4.46754
4.43516
4.40081
4.36357
4.32198
4.27345
4.22114
1.55762
1.12727
0.626542
0.0932452
-0.421285
-0.955389
-1.47489
-1.9667
-2.42748
-2.8647
-3.24246
-3.64436
-4.02899
-4.36883
-4.68035
-4.97268
-5.24329
-5.48917
-5.71004
-5.90561
-6.07432
-6.21423
-6.32449
-6.40588
-6.46283
-6.50178
-6.526
-6.53526
-6.52971
-6.50965
-6.47347
-6.42271
-6.35696
-6.27521
-6.17576
-6.05599
-5.91101
-5.7338
-5.53545
1.95527
2.32135
2.71243
3.09357
3.42838
3.71614
3.95096
4.11035
4.20868
4.35876
4.44437
4.47809
4.4992
4.51504
4.52352
4.52617
4.52548
4.52293
4.5191
4.51434
4.50882
4.5024
4.4945
4.48429
4.47156
4.45675
4.43994
4.42096
4.39972
4.37623
4.35061
4.32301
4.29352
4.26224
4.22891
4.19277
4.15251
4.10554
4.05528
1.48359
1.07063
0.590419
0.0815893
-0.406003
-0.907257
-1.38715
-1.83454
-2.24016
-2.62859
-2.92606
-3.32165
-3.71155
-4.04127
-4.34215
-4.6286
-4.89489
-5.13631
-5.35291
-5.54475
-5.71022
-5.84732
-5.9552
-6.03466
-6.09019
-6.12818
-6.15212
-6.16147
-6.15707
-6.13928
-6.10435
-6.05666
-5.99577
-5.92025
-5.82863
-5.71866
-5.58588
-5.42358
-5.24191
1.86486
2.21436
2.58595
2.94238
3.25004
3.50282
3.69847
3.80832
3.8767
4.08481
4.20199
4.24661
4.2778
4.30417
4.32099
4.3298
4.33396
4.33539
4.33482
4.33281
4.3298
4.32595
4.32091
4.31396
4.30473
4.29333
4.27971
4.26367
4.24504
4.22376
4.19991
4.1736
4.14498
4.11421
4.08119
4.0453
4.00535
3.95872
3.9089
1.41157
1.01626
0.556952
0.0730317
-0.387314
-0.855373
-1.29616
-1.69962
-2.05294
-2.39347
-2.61566
-3.00131
-3.394
-3.71322
-4.00215
-4.2811
-4.54207
-4.77831
-4.99
-5.17755
-5.33951
-5.47363
-5.57918
-5.6569
-5.71118
-5.74842
-5.77227
-5.78196
-5.77891
-5.76378
-5.73049
-5.68623
-5.63061
-5.56165
-5.478
-5.37786
-5.25725
-5.10988
-4.94638
1.77623
2.10912
2.46115
2.793
3.07415
3.29243
3.45061
3.51341
3.55229
3.80733
3.95556
4.0111
4.05067
4.08645
4.11128
4.1261
4.13504
4.14042
4.14316
4.1439
4.14327
4.1417
4.13918
4.13512
4.12905
4.12081
4.11027
4.09713
4.08118
4.0623
4.04049
4.01584
3.98853
3.95873
3.92644
3.8912
3.85194
3.80623
3.75846
1.34198
0.96439
0.526207
0.0673097
-0.365745
-0.800558
-1.20307
-1.5632
-1.86741
-2.15889
-2.31381
-2.685
-3.07607
-3.38472
-3.66121
-3.93115
-4.18565
-4.41608
-4.62231
-4.80514
-4.96318
-5.09416
-5.19733
-5.2734
-5.32663
-5.36334
-5.38725
-5.39731
-5.39554
-5.38278
-5.35071
-5.30925
-5.25808
-5.19481
-5.11824
-5.02711
-4.91773
-4.78375
-4.63334
1.68989
2.00632
2.33882
2.6465
2.90188
3.08617
3.20897
3.2266
3.2374
3.5269
3.70437
3.77182
3.81857
3.86237
3.89462
3.91534
3.92891
3.93816
3.94414
3.94763
3.94931
3.9499
3.94959
3.94811
3.94484
3.93951
3.93188
3.92162
3.90839
3.892
3.87226
3.8492
3.82292
3.79364
3.76148
3.7262
3.68685
3.64074
3.59095
1.27542
0.915455
0.498407
0.0643784
-0.34164
-0.743607
-1.10899
-1.42661
-1.68498
-1.926
-2.02239
-2.3744
-2.75838
-3.05575
-3.31949
-3.57914
-3.82594
-4.04988
-4.25028
-4.42803
-4.58192
-4.70966
-4.81039
-4.88479
-4.93717
-4.97384
-4.99868
-5.01035
-5.0115
-5.0029
-4.97435
-4.9378
-4.89295
-4.8369
-4.76852
-4.68688
-4.58909
-4.47037
-4.34289
1.60664
1.90683
2.22003
2.50406
2.73449
2.88521
2.97445
2.94715
2.93163
3.24399
3.44768
3.52812
3.58165
3.63216
3.67093
3.69712
3.71527
3.72846
3.73786
3.74415
3.74819
3.75082
3.75252
3.75324
3.75237
3.74949
3.74438
3.73677
3.72642
3.71311
3.69668
3.67704
3.6541
3.62785
3.59827
3.5651
3.5278
3.48488
3.44331
1.21244
0.869784
0.47351
0.0639388
-0.315661
-0.685516
-1.01525
-1.29161
-1.50732
-1.69643
-1.74256
-2.07063
-2.44149
-2.72624
-2.97697
-3.22525
-3.46314
-3.67993
-3.87406
-4.04651
-4.19613
-4.3208
-4.41947
-4.49248
-4.54365
-4.57912
-4.60297
-4.61368
-4.61448
-4.60627
-4.57746
-4.54208
-4.49995
-4.44797
-4.38528
-4.31119
-4.22235
-4.1117
-3.98206
1.52727
1.81165
2.10583
2.36703
2.5732
2.69064
2.748
2.67438
2.6336
2.95893
3.18506
3.27917
3.33982
3.39659
3.44109
3.47181
3.49374
3.5106
3.52363
3.53325
3.54012
3.54513
3.54901
3.55196
3.5534
3.5528
3.54974
3.54383
3.53472
3.52206
3.50567
3.48552
3.46167
3.43429
3.40354
3.36916
3.33006
3.28238
3.226
1.15364
0.82744
0.451048
0.0649527
-0.289045
-0.627892
-0.923398
-1.15973
-1.33554
-1.4717
-1.47533
-1.77451
-2.12612
-2.39637
-2.63346
-2.86919
-3.09709
-3.30609
-3.4938
-3.66067
-3.80564
-3.92677
-4.0235
-4.09692
-4.15088
-4.19084
-4.2206
-4.23833
-4.24758
-4.24913
-4.22938
-4.20364
-4.17155
-4.12941
-4.07627
-4.01219
-3.93639
-3.84806
-3.76627
1.45289
1.72219
1.99787
2.23704
2.41892
2.50252
2.52862
2.40583
2.33976
2.6713
2.91662
3.02386
3.09144
3.15464
3.20573
3.24142
3.26645
3.28539
3.30055
3.31262
3.32211
3.32959
3.33586
3.34113
3.34522
3.34783
3.3489
3.34818
3.34541
3.34024
3.33243
3.32155
3.30722
3.28879
3.26584
3.23818
3.20641
3.17207
3.14864
1.09973
0.788557
0.430378
0.0660847
-0.263714
-0.572959
-0.835253
-1.03229
-1.17048
-1.25322
-1.22115
-1.48652
-1.81282
-2.06629
-2.28861
-2.51032
-2.72669
-2.92722
-3.10876
-3.27111
-3.41256
-3.5301
-3.62179
-3.68768
-3.73236
-3.76285
-3.78348
-3.79231
-3.79316
-3.78671
-3.76001
-3.72989
-3.69608
-3.6548
-3.60511
-3.54631
-3.47356
-3.37543
-3.24106
1.38471
1.64007
1.89811
2.11625
2.27279
2.321
2.31528
2.13853
2.04439
2.37866
2.64281
2.76367
2.83662
2.90335
2.95965
3.00217
3.03394
3.05824
3.07694
3.09125
3.10218
3.11072
3.11765
3.12299
3.12578
3.12542
3.12196
3.11533
3.10523
3.09147
3.07409
3.05338
3.02972
3.00341
2.97454
2.94228
2.90318
2.84865
2.769
1.05142
0.753986
0.412358
0.0677137
-0.240049
-0.522288
-0.753154
-0.912791
-1.01618
-1.04493
-0.980925
-1.20699
-1.50198
-1.73596
-1.94233
-2.1485
-2.35107
-2.54048
-2.71389
-2.87153
-3.01257
-3.13531
-3.23902
-3.32428
-3.39229
-3.44596
-3.48969
-3.52181
-3.54753
-3.56722
-3.56292
-3.55287
-3.53732
-3.51176
-3.4755
-3.43025
-3.38027
-3.33395
-3.32813
1.32329
1.56588
1.80773
2.00675
2.13779
2.15199
2.11482
1.87388
1.74162
2.07491
2.35892
2.49907
2.58363
2.65376
2.70716
2.74518
2.7756
2.80387
2.83082
2.85547
2.87701
2.89541
2.91147
2.92662
2.94194
2.95697
2.97095
2.98378
2.99505
3.00426
3.01064
3.01342
3.01181
3.00517
2.99311
2.97617
2.95799
2.94715
2.97018
1.00914
0.724651
0.398448
0.0716788
-0.216671
-0.47586
-0.679537
-0.808065
-0.881527
-0.853078
-0.755966
-0.93795
-1.19483
-1.4045
-1.59295
-1.78371
-1.97301
-2.15063
-2.31201
-2.45584
-2.57975
-2.67922
-2.75029
-2.7918
-2.81385
-2.82879
-2.83917
-2.84121
-2.83674
-2.82655
-2.79996
-2.77366
-2.74706
-2.71668
-2.68091
-2.63703
-2.57424
-2.47004
-2.2863
1.26874
1.49961
1.72705
1.90977
2.01757
2.00582
1.93839
1.61276
1.429
1.75758
2.05224
2.20902
2.31757
2.41533
2.48936
2.53181
2.54897
2.55228
2.55116
2.55107
2.55399
2.56013
2.56804
2.57347
2.57122
2.56207
2.54912
2.53333
2.51504
2.49466
2.47278
2.45019
2.42752
2.40493
2.38144
2.354
2.31376
2.24187
2.10925
0.973493
0.698005
0.38318
0.0708552
-0.200963
-0.439729
-0.618223
-0.720196
-0.762793
-0.670776
-0.543202
-0.682876
-0.896595
-1.07341
-1.23557
-1.40583
-1.58355
-1.7611
-1.93409
-2.10104
-2.26102
-2.41428
-2.56106
-2.69764
-2.81012
-2.89397
-2.96186
-3.01682
-3.0704
-3.12019
-3.1417
-3.15204
-3.15592
-3.15032
-3.13463
-3.11325
-3.10061
-3.12215
-3.24643
1.22443
1.44631
1.66148
1.82809
1.91104
1.87452
1.75854
1.32423
1.09884
1.44043
1.73684
1.88227
1.97749
2.07654
2.18321
2.29059
2.39156
2.47763
2.54411
2.59173
2.62422
2.64626
2.66423
2.68818
2.72545
2.76877
2.80884
2.844
2.87452
2.90025
2.92021
2.93315
2.93835
2.93576
2.92717
2.91688
2.9176
2.9535
3.07182
0.946675
0.667945
0.351368
0.0428176
-0.218252
-0.435667
-0.580624
-0.641917
-0.628237
-0.464222
-0.32867
-0.437427
-0.613246
-0.757632
-0.88346
-1.0062
-1.1274
-1.24357
-1.35159
-1.44756
-1.52476
-1.57248
-1.58245
-1.5589
-1.53427
-1.52735
-1.52936
-1.524
-1.50693
-1.49441
-1.46361
-1.43669
-1.41911
-1.4028
-1.38312
-1.35607
-1.3004
-1.17878
-0.905492
1.19947
1.41996
1.62676
1.77267
1.81671
1.72616
1.49549
0.94105
0.719389
1.11549
1.46851
1.66255
1.75208
1.76661
1.72138
1.64535
1.56749
1.51077
1.48162
1.47697
1.4903
1.51613
1.54598
1.56314
1.55347
1.52958
1.50713
1.48744
1.4694
1.45257
1.43826
1.42803
1.42268
1.42188
1.42316
1.41926
1.39032
1.29807
1.08524
0.932257
0.638946
0.307374
-0.0104031
-0.269959
-0.469668
-0.57765
-0.584521
-0.48885
-0.251261
-0.111712
-0.180789
-0.315999
-0.456917
-0.607916
-0.77103
-0.946285
-1.13344
-1.33383
-1.55102
-1.78984
-2.05152
-2.32238
-2.57096
-2.74544
-2.84785
-2.94496
-3.02332
-3.14941
-3.34088
-3.27236
-3.2658
-3.30884
-3.33752
-3.34291
-3.34573
-3.37985
-3.49023
-3.76685
1.19652
1.42358
1.62822
1.75419
1.75368
1.58599
1.19463
0.536367
0.271715
0.627565
1.03898
1.44778
1.84746
2.23074
2.55484
2.79472
2.95495
3.04203
3.07379
3.07019
3.04781
3.01934
3.00273
3.02845
3.11037
3.20613
3.28066
3.33707
3.38285
3.41963
3.44516
3.45814
3.4592
3.4506
3.43765
3.43112
3.45829
3.56156
3.81186
125.912
122.831
119.012
114.593
109.502
103.835
97.872
91.8995
86.057
80.3686
74.8299
69.4438
64.2207
59.1722
54.3066
49.6303
45.147
40.8589
36.7666
32.8697
29.1658
25.6524
22.3254
19.1807
16.2136
13.4192
10.7927
8.32957
6.02605
3.87807
1.88225
0.0356852
-1.66489
-3.22196
-4.63819
-5.91649
-7.05978
-8.07147
-8.9553
-9.71545
-10.3565
-10.8837
-11.3029
-11.6199
-11.8416
-11.9751
-12.0273
-12.0056
-11.9172
-11.7695
-11.5697
-11.3246
-11.0408
-10.7247
-10.382
-10.0182
-9.63813
-9.24633
-8.84671
-8.44274
-8.03737
-7.63309
-7.23215
-6.83626
-6.44734
-6.06591
-5.69435
-5.37908
-5.0996
-4.82101
-4.5165
-4.25052
-3.87963
-3.71609
-3.13104
-3.33915
-2.14294
-3.33846
-0.735913
-3.95405
125.7
121.71
117.022
112.076
106.896
101.603
96.3394
91.1966
86.1879
81.3293
76.6288
72.0934
67.7323
63.5518
59.5569
55.7506
52.1342
48.7078
45.4697
42.4164
39.5438
36.8466
34.3188
31.9536
29.7442
27.6835
25.7646
23.9805
22.3247
20.7909
19.3734
18.0663
16.8641
15.7615
14.7534
13.8345
12.9997
12.2436
11.561
10.9465
10.3945
9.89971
9.45645
9.05937
8.70306
8.38241
8.09238
7.82838
7.58599
7.36134
7.15077
6.95112
6.75959
6.57378
6.39164
6.21151
6.03207
5.85233
5.67165
5.48963
5.30614
5.12119
4.93483
4.7472
4.55835
4.36853
4.17768
4.01393
3.86778
3.72034
3.54959
3.41264
3.17776
3.13459
2.70188
2.98851
2.01078
3.14358
0.946543
3.92098
48.8807
48.4054
48.2503
48.1383
47.9778
47.7261
47.336
46.7741
46.015
45.0496
43.8866
42.5411
41.0289
39.366
37.5688
35.654
33.6396
31.5439
29.385
27.1813
24.9508
22.7107
20.4771
18.265
16.0884
13.9593
11.8886
9.8855
7.95832
6.11355
4.35687
2.69302
1.12548
-0.342672
-1.70904
-2.97213
-4.13075
-5.18459
-6.1337
-6.97887
-7.72143
-8.36359
-8.90816
-9.35835
-9.71823
-9.99233
-10.1856
-10.3034
-10.3515
-10.3359
-10.2628
-10.1381
-9.9678
-9.75786
-9.51384
-9.2411
-8.94466
-8.62917
-8.29888
-7.9576
-7.60873
-7.25514
-6.89954
-6.54398
-6.19086
-5.84119
-5.49744
-5.20418
-4.94248
-4.68247
-4.39279
-4.14562
-3.78515
-3.64021
-3.06402
-3.28026
-2.11398
-3.27096
-0.780392
-3.85065
49.1018
49.1039
49.5228
49.9595
50.2681
50.4177
50.3839
50.1518
49.718
49.0971
48.3021
47.3462
46.2459
45.0161
43.6735
42.2348
40.7169
39.1366
37.5111
35.857
34.1901
32.5248
30.8745
29.2514
27.666
26.1271
24.642
23.2165
21.8549
20.5604
19.3349
18.1796
17.0944
16.079
15.1325
14.2533
13.4395
12.6887
11.9986
11.366
10.788
10.261
9.78149
9.34568
8.94969
8.58952
8.26126
7.96098
7.68501
7.42972
7.19183
6.96824
6.7562
6.55316
6.35694
6.16562
5.9776
5.79159
5.60663
5.42204
5.23738
5.05246
4.86721
4.6816
4.49558
4.30923
4.12222
3.96216
3.81893
3.67538
3.50695
3.37456
3.14135
3.10033
2.67546
2.94952
2.00832
3.08637
0.985409
3.8174
22.1592
21.9268
21.7219
21.4931
21.2629
21.0486
20.8502
20.6663
20.4912
20.3188
20.1408
19.9452
19.7186
19.4486
19.1243
18.7356
18.2748
17.7361
17.1151
16.4102
15.6218
14.7525
13.8063
12.7899
11.7109
10.5785
9.40297
8.1953
6.967
5.72953
4.49414
3.272
2.07321
0.907519
-0.21632
-1.29048
-2.30807
-3.26317
-4.15083
-4.96704
-5.70896
-6.37473
-6.96328
-7.47418
-7.90827
-8.26701
-8.55264
-8.76812
-8.91699
-9.00333
-9.03153
-9.00625
-8.9324
-8.81487
-8.65863
-8.46853
-8.24929
-8.00542
-7.74113
-7.46035
-7.16665
-6.86314
-6.55279
-6.23792
-5.92121
-5.60407
-5.28897
-5.01841
-4.77518
-4.53391
-4.26071
-4.03072
-3.68657
-3.55149
-3.00215
-3.20031
-2.10469
-3.16991
-0.851724
-3.69806
22.2516
22.2364
22.3055
22.3807
22.493
22.657
22.8616
23.0958
23.3517
23.6199
23.8853
24.1334
24.352
24.5283
24.652
24.7136
24.7058
24.6229
24.4614
24.2199
23.899
23.501
23.03
22.492
21.894
21.244
20.5511
19.8244
19.0732
18.3066
17.5336
16.7621
15.9993
15.2519
14.5253
13.8241
13.1521
12.5122
11.9062
11.3356
10.8007
10.3017
9.83768
9.40761
9.00981
8.64236
8.30294
7.98916
7.69838
7.42803
7.1755
6.9383
6.71399
6.50035
6.29528
6.09693
5.90363
5.71398
5.52685
5.34134
5.15687
4.97306
4.78975
4.60684
4.42421
4.24186
4.05923
3.90337
3.76373
3.62441
3.45984
3.33083
3.10405
3.05895
2.65383
2.89891
2.01727
3.01004
1.04097
3.69557
21.7023
21.5851
21.4308
21.2244
20.9627
20.6425
20.2662
19.8464
19.3967
18.9243
18.4321
17.9224
17.3972
16.8583
16.3066
15.7415
15.1625
14.568
13.9557
13.3233
12.6682
11.9877
11.2791
10.5407
9.77096
8.96963
8.13748
7.27622
6.3891
5.48009
4.55444
3.61833
2.67843
1.74199
0.816621
-0.0901911
-0.970963
-1.81878
-2.62706
-3.39
-4.10244
-4.76005
-5.35926
-5.89736
-6.37274
-6.78457
-7.13282
-7.41835
-7.64267
-7.80799
-7.91709
-7.97319
-7.97993
-7.94119
-7.86107
-7.74376
-7.59347
-7.41435
-7.21042
-6.9855
-6.74319
-6.48672
-6.21918
-5.94308
-5.66127
-5.3755
-5.08813
-4.83934
-4.61337
-4.38939
-4.13155
-3.91757
-3.58852
-3.46415
-2.93671
-3.12671
-2.08094
-3.08998
-0.882335
-3.59133
21.7672
21.7942
21.7999
21.77
21.7135
21.6308
21.523
21.3961
21.257
21.1094
20.956
20.7992
20.6412
20.4825
20.3233
20.1624
19.9981
19.8279
19.6486
19.4568
19.2486
19.0202
18.7678
18.4886
18.18
17.8406
17.4697
17.068
16.6368
16.1787
15.6971
15.1961
14.6803
14.1546
13.6242
13.0938
12.5682
12.0518
11.5485
11.0613
10.593
10.1456
9.72063
9.31869
8.94014
8.58464
8.25155
7.93968
7.64772
7.37403
7.11692
6.8745
6.64497
6.42646
6.21723
6.01556
5.81996
5.62898
5.44148
5.25646
5.07323
4.89131
4.71045
4.53055
4.35142
4.17308
3.99482
3.84307
3.70692
3.57166
3.41098
3.28571
3.06453
3.01859
2.62677
2.85596
2.01048
2.95464
1.06087
3.61708
19.8833
19.7873
19.68
19.5608
19.4232
19.2599
19.0642
18.8322
18.5665
18.2664
17.9293
17.5542
17.1413
16.6908
16.2033
15.6799
15.1222
14.5322
13.9122
13.2647
12.592
11.8965
11.1803
10.4454
9.69355
8.92658
8.14607
7.35357
6.55087
5.73978
4.92243
4.10156
3.28
2.46128
1.64932
0.848453
0.0633279
-0.701163
-1.43996
-2.14802
-2.82058
-3.4532
-4.04194
-4.58327
-5.07454
-5.51353
-5.89885
-6.22984
-6.50644
-6.72937
-6.89999
-7.02015
-7.09226
-7.11911
-7.10386
-7.04986
-6.96066
-6.83988
-6.69115
-6.51802
-6.32393
-6.11207
-5.88558
-5.64703
-5.39932
-5.14444
-4.8846
-4.65745
-4.44856
-4.24165
-3.999
-3.80095
-3.4862
-3.3745
-2.86464
-3.05542
-2.04426
-3.02146
-0.888472
-3.50835
19.9434
19.9775
20.0133
20.0516
20.086
20.1077
20.1109
20.0939
20.0557
19.9948
19.91
19.8008
19.6672
19.5091
19.3275
19.1233
18.898
18.6535
18.3916
18.1142
17.8227
17.5189
17.2039
16.8786
16.5437
16.1996
15.8463
15.4838
15.112
14.7309
14.3408
13.9423
13.536
13.1232
12.7056
12.2852
11.8641
11.4448
11.0297
10.6212
10.2218
9.83353
9.4581
9.09703
8.75132
8.42167
8.10829
7.81109
7.52959
7.26311
7.01064
6.77109
6.54316
6.32557
6.1169
5.91585
5.72106
5.53132
5.34548
5.16261
4.98193
4.80292
4.62529
4.44889
4.27358
4.09941
3.92563
3.77806
3.64549
3.5144
3.35779
3.2368
3.0208
2.9765
2.59432
2.81516
1.99396
2.90753
1.0628
3.55382
15.4886
15.3919
15.2916
15.1879
15.0752
14.9518
14.8163
14.6652
14.5003
14.3221
14.1283
13.9174
13.6872
13.4354
13.1598
12.8581
12.5287
12.1701
11.7812
11.3614
10.9103
10.4281
9.91541
9.37332
8.80341
8.20771
7.58858
6.9485
6.29038
5.61702
4.93149
4.23696
3.53658
2.83365
2.13169
1.43421
0.745019
0.0679191
-0.593003
-1.23377
-1.85032
-2.4388
-2.99543
-3.51668
-3.99945
-4.44098
-4.83901
-5.19188
-5.49841
-5.75815
-5.97122
-6.13827
-6.26053
-6.33968
-6.37787
-6.37756
-6.34145
-6.27251
-6.17379
-6.0484
-5.89948
-5.73002
-5.54303
-5.34107
-5.12699
-4.90293
-4.67081
-4.46571
-4.27445
-4.08513
-3.85833
-3.67663
-3.37673
-3.27827
-2.78644
-2.97885
-2.00264
-2.94824
-0.891411
-3.41855
15.5394
15.5532
15.5751
15.6051
15.6387
15.6724
15.7038
15.7322
15.7575
15.7786
15.7942
15.8027
15.8021
15.7903
15.7658
15.7266
15.6713
15.5986
15.5072
15.3964
15.2656
15.1144
14.9433
14.7527
14.5435
14.3167
14.0736
13.8155
13.5438
13.2599
12.9651
12.6608
12.3483
12.0287
11.7034
11.3736
11.0408
10.7063
10.3717
10.0386
9.70849
9.38302
9.0637
8.75189
8.44883
8.15545
7.87253
7.60049
7.33956
7.08961
6.85037
6.62128
6.40171
6.19079
5.98766
5.79131
5.60083
5.41515
5.23339
5.05463
4.87817
4.70345
4.53014
4.35811
4.18723
4.01767
3.84869
3.70555
3.57686
3.4502
3.29813
3.18181
2.97162
2.92938
2.5579
2.77013
1.97505
2.85545
1.06437
3.48248
11.9649
11.886
11.8047
11.7192
11.6242
11.5186
11.4022
11.2729
11.1315
10.9812
10.822
10.6533
10.4745
10.2848
10.0833
9.86905
9.64123
9.39894
9.14092
8.86585
8.57236
8.259
7.9244
7.56754
7.18763
6.7843
6.35743
5.90739
5.43499
4.94145
4.42843
3.89812
3.35289
2.79563
2.22942
1.65762
1.08377
0.511539
-0.0552825
-0.612847
-1.15737
-1.68502
-2.19213
-2.67499
-3.13037
-3.55509
-3.94637
-4.30185
-4.61959
-4.89821
-5.13684
-5.3351
-5.49322
-5.61182
-5.69209
-5.73553
-5.74405
-5.71979
-5.66517
-5.58274
-5.4752
-5.34518
-5.1955
-5.02856
-4.84707
-4.65324
-4.44867
-4.26575
-4.0924
-3.921
-3.71057
-3.54545
-3.26115
-3.17568
-2.70341
-2.89593
-1.95797
-2.86793
-0.893016
-3.3193
12.0083
12.0241
12.0468
12.0736
12.1021
12.1304
12.1573
12.1829
12.2081
12.2328
12.2568
12.2796
12.3008
12.3198
12.3361
12.3491
12.358
12.3616
12.3587
12.3481
12.3283
12.2977
12.2551
12.1993
12.1291
12.0435
11.9419
11.8239
11.6894
11.5386
11.3721
11.1906
10.995
10.7866
10.5666
10.3364
10.0975
9.85133
9.59948
9.34348
9.08484
8.82507
8.5656
8.30785
8.05302
7.80234
7.55676
7.3171
7.08392
6.85762
6.63833
6.42607
6.22058
6.02156
5.82848
5.64087
5.45804
5.27937
5.10409
4.93155
4.76108
4.59218
4.42448
4.25787
4.09224
3.92787
3.76408
3.62559
3.50099
3.37895
3.23177
3.12033
2.91673
2.87651
2.51732
2.71987
1.95372
2.79752
1.06557
3.40408
9.8405
9.78007
9.71787
9.65231
9.57967
9.49901
9.40969
9.31048
9.19974
9.07979
8.95144
8.81391
8.6665
8.50863
8.33999
8.16028
7.96936
7.76705
7.55296
7.32652
7.08723
6.83442
6.56752
6.28602
5.98946
5.67739
5.34936
5.00497
4.64405
4.2665
3.87258
3.46283
3.03816
2.59978
2.1494
1.68897
1.2209
0.747781
0.27263
-0.201456
-0.671115
-1.13297
-1.58353
-2.01931
-2.43699
-2.83332
-3.20527
-3.55012
-3.86544
-4.14924
-4.39992
-4.61635
-4.7979
-4.94437
-5.05606
-5.13368
-5.17826
-5.19127
-5.17438
-5.12952
-5.05886
-4.96466
-4.84937
-4.71519
-4.56458
-4.39978
-4.22199
-4.06088
-3.90533
-3.75178
-3.55792
-3.40932
-3.14108
-3.06827
-2.61632
-2.80835
-1.9092
-2.78377
-0.888951
-3.21772
9.87866
9.90086
9.92812
9.95848
9.99097
10.024
10.0559
10.0865
10.1163
10.1448
10.1717
10.1968
10.2197
10.2404
10.2587
10.2744
10.2875
10.2974
10.3037
10.3062
10.3042
10.2972
10.2847
10.2658
10.24
10.2063
10.1637
10.1116
10.049
9.97521
9.88968
9.79195
9.68182
9.55929
9.42459
9.27819
9.12078
8.9532
8.77649
8.59177
8.4003
8.20331
8.00217
7.7981
7.5924
7.38625
7.18078
6.97689
6.77545
6.57704
6.38218
6.19112
6.00406
5.82095
5.64175
5.4662
5.29408
5.12496
4.95846
4.79407
4.63133
4.46972
4.30896
4.14887
3.98938
3.83085
3.67268
3.53903
3.41865
3.30122
3.15911
3.05256
2.85608
2.81793
2.47185
2.66513
1.92807
2.73633
1.06232
3.32485
8.33052
8.2813
8.23081
8.17841
8.12133
8.05863
7.98965
7.91392
7.82977
7.73731
7.63804
7.53149
7.41681
7.29342
7.161
7.01925
6.86784
6.70634
6.53411
6.35046
6.1548
5.94665
5.72567
5.49174
5.24473
4.98457
4.71116
4.42444
4.12445
3.81126
3.48506
3.14625
2.79527
2.43283
2.05977
1.67721
1.28648
0.889217
0.487297
0.0829335
-0.321518
-0.72339
-1.11996
-1.50826
-1.88538
-2.24833
-2.59425
-2.92038
-3.22413
-3.50324
-3.75573
-3.97992
-4.17466
-4.33905
-4.47276
-4.57572
-4.64837
-4.6914
-4.70584
-4.69299
-4.65451
-4.59215
-4.50798
-4.40391
-4.28208
-4.14471
-3.99252
-3.85252
-3.71438
-3.57838
-3.40112
-3.2689
-3.01704
-2.95668
-2.52535
-2.717
-1.85569
-2.69723
-0.878069
-3.11673
8.36418
8.38709
8.41365
8.44301
8.47484
8.50811
8.54127
8.57411
8.60679
8.63898
8.67039
8.70079
8.72998
8.75783
8.78413
8.80854
8.83065
8.84999
8.86615
8.87875
8.88745
8.89196
8.89192
8.88698
8.87679
8.86099
8.83918
8.81099
8.77598
8.73375
8.68385
8.62586
8.5594
8.48411
8.39973
8.30615
8.20332
8.09139
7.97063
7.84147
7.70449
7.5604
7.40999
7.25418
7.09389
6.93016
6.76387
6.59599
6.4273
6.25855
6.09029
5.92304
5.7571
5.59277
5.43014
5.26934
5.11029
4.95297
4.79716
4.64269
4.48914
4.33622
4.18358
4.03113
3.87873
3.72681
3.57481
3.44624
3.33019
3.21735
3.08034
2.97859
2.78952
2.75361
2.42093
2.60591
1.89726
2.67242
1.0537
3.24591
7.02963
6.98748
6.94455
6.90072
6.85369
6.80247
6.74632
6.68476
6.6171
6.5422
6.4612
6.37472
6.28222
6.18337
6.07806
5.96611
5.84717
5.72064
5.58581
5.44186
5.28819
5.12429
4.94984
4.76456
4.56813
4.36021
4.14049
3.90868
3.6647
3.4085
3.14028
2.86033
2.56908
2.26703
1.95492
1.63353
1.30389
0.967137
0.624714
0.278152
-0.0707411
-0.420052
-0.767644
-1.11119
-1.44829
-1.77646
-2.09315
-2.39587
-2.68212
-2.94965
-3.19632
-3.42025
-3.61988
-3.79395
-3.94154
-4.06213
-4.15552
-4.22182
-4.26145
-4.27521
-4.26415
-4.22957
-4.17306
-4.09623
-4.00081
-3.88899
-3.76096
-3.64111
-3.51981
-3.4009
-3.2401
-3.12403
-2.88884
-2.84084
-2.43038
-2.62192
-1.79757
-2.60815
-0.861435
-3.01534
7.05949
7.08092
7.10511
7.13142
7.15964
7.18926
7.2192
7.24937
7.27994
7.31073
7.34166
7.3727
7.40383
7.43498
7.46595
7.49642
7.526
7.55431
7.58102
7.60581
7.62833
7.64822
7.66507
7.67842
7.68785
7.69294
7.69327
7.68847
7.67815
7.66197
7.6396
7.61072
7.57511
7.53245
7.48255
7.42524
7.36039
7.28792
7.20785
7.12022
7.02524
6.92313
6.81431
6.69921
6.57843
6.45256
6.32231
6.18833
6.05135
5.91195
5.77074
5.62817
5.48474
5.34074
5.19651
5.05222
4.90809
4.76423
4.62077
4.47756
4.33455
4.19143
4.04804
3.90422
3.75989
3.61542
3.4703
3.34719
3.2357
3.12748
2.99564
2.89852
2.71702
2.6834
2.36435
2.54178
1.86131
2.60514
1.04053
3.16606
5.9252
5.88903
5.85229
5.8151
5.77564
5.73308
5.68675
5.63593
5.58021
5.51856
5.45077
5.37813
5.30087
5.21884
5.13202
5.04027
4.94321
4.84024
4.73069
4.614
4.48979
4.35784
4.21795
4.0699
3.91326
3.74759
3.57237
3.38722
3.19184
2.98606
2.7698
2.54313
2.30613
2.05902
1.80217
1.53608
1.26142
0.979056
0.690007
0.395491
0.0968478
-0.204393
-0.506542
-0.807714
-1.10598
-1.39924
-1.68531
-1.962
-2.22707
-2.47835
-2.7138
-2.93142
-3.12952
-3.30653
-3.46129
-3.59283
-3.7005
-3.78391
-3.84308
-3.8782
-3.88992
-3.87898
-3.84659
-3.79393
-3.72237
-3.63395
-3.52836
-3.42752
-3.32226
-3.21975
-3.07508
-2.97477
-2.75638
-2.72063
-2.33136
-2.52297
-1.73512
-2.51606
-0.840023
-2.9125
5.95167
5.97178
5.99422
6.01823
6.04347
6.06966
6.09611
6.12297
6.15049
6.17863
6.20744
6.23696
6.26718
6.29801
6.32921
6.36056
6.39179
6.42272
6.4532
6.48307
6.51213
6.5401
6.56666
6.59147
6.61416
6.63434
6.65161
6.66555
6.67572
6.68171
6.68306
6.67939
6.67033
6.6555
6.63461
6.60741
6.57366
6.53322
6.48594
6.4318
6.37078
6.30296
6.22845
6.14749
6.06035
5.96743
5.8691
5.76586
5.65816
5.54651
5.43135
5.31316
5.19232
5.06922
4.94414
4.81743
4.68935
4.56022
4.43016
4.2994
4.16784
4.03551
3.90222
3.76796
3.63255
3.49642
3.35897
3.24187
3.13532
3.0319
2.90533
2.81271
2.63881
2.60745
2.30213
2.47244
1.82018
2.53389
1.02306
3.0842
5.03126
5.00038
4.96885
4.93688
4.9032
4.86725
4.8286
4.78664
4.74088
4.69072
4.63513
4.57466
4.51036
4.44235
4.37055
4.29472
4.2144
4.12899
4.03797
3.94102
3.83803
3.72896
3.61366
3.49188
3.36314
3.22702
3.08308
2.93107
2.77079
2.60211
2.42491
2.23913
2.04465
1.84149
1.62971
1.40956
1.18135
0.94562
0.702996
0.454318
0.200508
-0.057275
-0.317767
-0.579493
-0.840894
-1.10025
-1.35572
-1.60543
-1.8474
-2.07969
-2.30032
-2.5074
-2.69917
-2.87401
-3.03051
-3.16744
-3.28381
-3.37898
-3.45246
-3.50413
-3.53409
-3.54276
-3.53083
-3.49919
-3.44872
-3.38137
-3.29629
-3.21304
-3.12283
-3.03583
-2.90671
-2.82155
-2.61988
-2.59613
-2.2283
-2.42015
-1.66854
-2.421
-0.814049
-2.808
5.0545
5.07316
5.09402
5.11632
5.13957
5.16338
5.18725
5.21154
5.23663
5.26259
5.28953
5.31745
5.34627
5.37583
5.40591
5.43634
5.467
5.4978
5.52872
5.55963
5.59041
5.62083
5.65069
5.67977
5.70782
5.73459
5.75978
5.7831
5.80419
5.8227
5.83825
5.85045
5.8589
5.8632
5.86298
5.85787
5.84753
5.83167
5.81001
5.78237
5.74855
5.70847
5.66208
5.60941
5.55055
5.48566
5.41498
5.33872
5.25724
5.17082
5.07986
4.98465
4.88559
4.78293
4.67703
4.56815
4.45669
4.34284
4.22701
4.10929
3.98995
3.869
3.74653
3.62245
3.49673
3.3697
3.24073
3.13027
3.02918
2.93088
2.80988
2.72167
2.55535
2.52605
2.23448
2.39789
1.77385
2.45858
1.00131
2.99991
4.30159
4.2751
4.24785
4.22009
4.19088
4.15992
4.127
4.09181
4.05395
4.01307
3.96835
3.91916
3.86637
3.81059
3.75169
3.68929
3.6229
3.55199
3.47625
3.39558
3.31003
3.21957
3.12398
3.02286
2.91577
2.80231
2.68222
2.55537
2.42172
2.28113
2.13351
1.97867
1.81649
1.64684
1.46978
1.28535
1.0938
0.895374
0.690534
0.479747
0.263696
0.0431127
-0.181043
-0.407719
-0.635688
-0.863617
-1.09002
-1.31335
-1.53192
-1.74401
-1.94787
-2.14173
-2.32393
-2.49281
-2.64688
-2.78473
-2.90527
-3.00749
-3.09074
-3.15445
-3.19849
-3.22282
-3.22783
-3.21396
-3.18177
-3.13299
-3.06634
-2.99912
-2.92283
-2.85021
-2.73586
-2.66504
-2.47974
-2.46755
-2.12126
-2.31342
-1.59785
-2.3228
-0.783989
-2.70197
4.32191
4.33882
4.35779
4.37835
4.39998
4.42215
4.44434
4.46696
4.49041
4.51478
4.54016
4.56649
4.59364
4.62147
4.64985
4.67874
4.70812
4.738
4.76835
4.79907
4.83003
4.86106
4.892
4.92269
4.95296
4.98262
5.01145
5.03922
5.06568
5.09055
5.11355
5.13437
5.1527
5.16818
5.1805
5.18928
5.1942
5.1949
5.19108
5.18241
5.16864
5.14951
5.12486
5.09453
5.05844
5.01657
4.96894
4.91564
4.85679
4.79261
4.72327
4.64904
4.57012
4.4868
4.3993
4.30793
4.21288
4.11454
4.01304
3.90879
3.80196
3.69287
3.58153
3.46814
3.35256
3.23524
3.11542
3.01225
2.9172
2.82453
2.70947
2.62577
2.46705
2.43963
2.16166
2.31823
1.72225
2.37895
0.975317
2.9125
3.69552
3.67239
3.64845
3.62404
3.59845
3.57149
3.543
3.5128
3.48068
3.44643
3.40977
3.36986
3.32654
3.28058
3.23202
3.18041
3.12523
3.06611
3.00289
2.93562
2.86436
2.78901
2.70929
2.62479
2.53515
2.44015
2.33968
2.23371
2.12215
2.00484
1.88153
1.752
1.61604
1.47356
1.32452
1.16902
1.00714
0.839103
0.665137
0.485616
0.300928
0.111669
-0.0815499
-0.277867
-0.476439
-0.676182
-0.875988
-1.07456
-1.27054
-1.46246
-1.64882
-1.82804
-1.9986
-2.15889
-2.30739
-2.44277
-2.56371
-2.66915
-2.75813
-2.82998
-2.88421
-2.92059
-2.93903
-2.93984
-2.92303
-2.89038
-2.83992
-2.78713
-2.72344
-2.66405
-2.56347
-2.506
-2.33651
-2.33518
-2.01027
-2.20262
-1.52295
-2.22122
-0.750047
-2.5937
3.71349
3.72865
3.7455
3.7639
3.78359
3.80409
3.82489
3.84626
3.86845
3.89145
3.91525
3.93974
3.96482
3.99046
4.01664
4.04343
4.0709
4.09909
4.12797
4.15744
4.1874
4.21773
4.24834
4.27912
4.30995
4.34067
4.37111
4.4011
4.43041
4.45885
4.48614
4.51207
4.53635
4.5587
4.57883
4.59645
4.61122
4.62285
4.631
4.63541
4.63571
4.63168
4.62301
4.60951
4.59094
4.56717
4.53804
4.50352
4.46358
4.41826
4.36765
4.31185
4.25103
4.18533
4.11498
4.04008
3.9609
3.87753
3.7903
3.6994
3.60524
3.50801
3.40806
3.30547
3.20035
3.09303
2.98289
2.88751
2.79908
2.71254
2.60403
2.52512
2.37417
2.34848
2.08401
2.23367
1.6656
2.29468
0.945532
2.821
3.18636
3.1657
3.14435
3.12274
3.10039
3.07712
3.05274
3.02694
2.99947
2.97018
2.93905
2.9058
2.86977
2.8312
2.79044
2.74714
2.70079
2.65108
2.59797
2.5415
2.48168
2.41836
2.35124
2.28003
2.20456
2.12474
2.04057
1.95198
1.85879
1.76068
1.65738
1.54859
1.43418
1.31405
1.18824
1.05674
0.919659
0.777028
0.629033
0.475835
0.317774
0.155186
-0.0113957
-0.181426
-0.354174
-0.528905
-0.704652
-0.880465
-1.05517
-1.22763
-1.39652
-1.56052
-1.71821
-1.86812
-2.00889
-2.13911
-2.25751
-2.36288
-2.45427
-2.53077
-2.59181
-2.63679
-2.66553
-2.67791
-2.67382
-2.65471
-2.61836
-2.57817
-2.52588
-2.47834
-2.39053
-2.34525
-2.19083
-2.19939
-1.89566
-2.08755
-1.44403
-2.11546
-0.712971
-2.48212
3.20267
3.21653
3.23153
3.24774
3.26521
3.28367
3.30275
3.32263
3.3433
3.36467
3.38666
3.40915
3.43214
3.45566
3.47977
3.50459
3.53016
3.55649
3.58353
3.61119
3.63944
3.6682
3.69745
3.72712
3.75714
3.7874
3.81778
3.84813
3.87832
3.90816
3.93748
3.96605
3.99367
4.02006
4.04502
4.06822
4.08942
4.1083
4.12459
4.13796
4.14817
4.15487
4.15782
4.15671
4.15133
4.14136
4.12668
4.10704
4.0824
4.05261
4.01771
3.97766
3.93256
3.88251
3.82754
3.76781
3.70331
3.6342
3.56059
3.48277
3.40096
3.3156
3.22687
3.13516
3.04044
2.94332
2.84297
2.7558
2.67433
2.59452
2.49312
2.41948
2.2767
2.25281
2.0019
2.14437
1.60455
2.20542
0.912858
2.72363
2.75455
2.73604
2.71698
2.69793
2.67852
2.65863
2.63805
2.61636
2.59316
2.5682
2.54138
2.5128
2.48216
2.44915
2.4141
2.37702
2.33744
2.29506
2.24985
2.20187
2.15113
2.09748
2.04069
1.98059
1.91706
1.85008
1.77953
1.70525
1.62693
1.54424
1.45689
1.36474
1.26771
1.16583
1.05907
0.947472
0.830973
0.709614
0.583397
0.452484
0.317016
0.177311
0.0336612
-0.113435
-0.263533
-0.415965
-0.570085
-0.725029
-0.879975
-1.03388
-1.18574
-1.33435
-1.47851
-1.61692
-1.74831
-1.87135
-1.98478
-2.08749
-2.1784
-2.25663
-2.32136
-2.37198
-2.40791
-2.42916
-2.43504
-2.42716
-2.4026
-2.37347
-2.33109
-2.29417
-2.21794
-2.18362
-2.04343
-2.06064
-1.77789
-1.96794
-1.36163
-2.00475
-0.673441
-2.3653
2.76946
2.78223
2.79568
2.80992
2.82515
2.8413
2.85816
2.87585
2.8943
2.91339
2.93308
2.95336
2.97427
2.99589
3.0183
3.04152
3.06556
3.09033
3.11577
3.14182
3.16846
3.19567
3.22343
3.25171
3.28045
3.30959
3.33903
3.36872
3.39851
3.42832
3.45797
3.48733
3.51622
3.54446
3.5718
3.59804
3.62292
3.6462
3.66757
3.68681
3.7036
3.71769
3.72875
3.73655
3.74073
3.74108
3.73729
3.72918
3.7165
3.69919
3.67705
3.65012
3.61833
3.58169
3.54023
3.49393
3.44276
3.38674
3.32595
3.26048
3.19066
3.11672
3.03909
2.95794
2.87358
2.78637
2.69594
2.61689
2.54273
2.46988
2.37623
2.30838
2.17443
2.15246
1.91563
2.05022
1.54001
2.11003
0.878831
2.61825
2.38656
2.37017
2.35348
2.33695
2.32022
2.30313
2.28551
2.26704
2.24735
2.22608
2.20305
2.17822
2.15167
2.12307
2.09237
2.05981
2.02523
1.98828
1.94894
1.90736
1.86366
1.81779
1.76961
1.7189
1.66549
1.60919
1.54976
1.48688
1.42029
1.34971
1.27505
1.19628
1.11349
1.02666
0.935806
0.840799
0.741582
0.638037
0.530205
0.418101
0.301905
0.181757
0.0579599
-0.069215
-0.199334
-0.331991
-0.466584
-0.602554
-0.739132
-0.875605
-1.01101
-1.14445
-1.2748
-1.40099
-1.52182
-1.63615
-1.74283
-1.84074
-1.92889
-2.00628
-2.07214
-2.1256
-2.16624
-2.19366
-2.20722
-2.20812
-2.19345
-2.17353
-2.13993
-2.11213
-2.04652
-2.02162
-1.89526
-1.9189
-1.6581
-1.84305
-1.2774
-1.88656
-0.633721
-2.24016
2.40002
2.41169
2.4237
2.43611
2.44917
2.46289
2.47723
2.4923
2.50802
2.52438
2.54143
2.55925
2.57792
2.59751
2.61806
2.63952
2.66184
2.68492
2.7087
2.73315
2.75826
2.784
2.81037
2.83731
2.86477
2.8927
2.92104
2.94972
2.97867
3.00778
3.03698
3.06612
3.0951
3.12373
3.15189
3.17935
3.20594
3.23142
3.25559
3.27816
3.29896
3.31765
3.33403
3.34776
3.35861
3.36625
3.37044
3.37088
3.3674
3.35974
3.34783
3.33147
3.31069
3.28532
3.25541
3.22076
3.18139
3.13717
3.08807
3.03419
2.97565
2.91275
2.84566
2.77488
2.70037
2.62295
2.54197
2.47108
2.40406
2.33839
2.25281
2.19112
2.06694
2.04674
1.82581
1.9502
1.47402
2.00647
0.847539
2.50025
2.07313
2.05844
2.04367
2.029
2.01389
1.99812
1.98166
1.96448
1.94653
1.92771
1.90785
1.88677
1.86435
1.84032
1.81403
1.78518
1.75386
1.72041
1.68511
1.64825
1.60996
1.57027
1.52893
1.48562
1.43996
1.39166
1.34042
1.28602
1.22827
1.16715
1.10268
1.03502
0.964158
0.890103
0.812682
0.731764
0.647156
0.558806
0.466658
0.370799
0.271274
0.168252
0.0618692
-0.0476017
-0.159925
-0.274714
-0.391599
-0.510067
-0.629587
-0.74951
-0.86913
-0.987581
-1.10402
-1.21746
-1.32694
-1.43142
-1.52988
-1.62132
-1.70469
-1.77916
-1.84377
-1.89787
-1.94071
-1.97204
-1.99084
-1.99848
-1.99158
-1.9793
-1.95315
-1.93304
-1.87726
-1.85968
-1.7476
-1.77395
-1.53812
-1.71137
-1.19378
-1.7589
-0.597321
-2.10393
2.0857
2.09697
2.10836
2.11972
2.13123
2.14303
2.15529
2.16813
2.18154
2.19561
2.21043
2.22608
2.24265
2.26016
2.27858
2.29786
2.31795
2.33881
2.36043
2.38281
2.40593
2.4298
2.45436
2.47957
2.50537
2.53172
2.55853
2.58576
2.61334
2.64122
2.66927
2.69743
2.72555
2.75358
2.78133
2.80868
2.83544
2.86149
2.88658
2.91056
2.93317
2.95425
2.97351
2.99076
3.00568
3.01807
3.02759
3.03403
3.03712
3.03668
3.03251
3.02448
3.01242
2.99625
2.97584
2.95107
2.92178
2.88788
2.84924
2.80584
2.7578
2.70511
2.64813
2.587
2.52205
2.45376
2.38196
2.31866
2.25872
2.19982
2.12274
2.06682
1.95409
1.93413
1.7332
1.84209
1.409
1.89143
0.822986
2.36624
1.71955
1.70774
1.69576
1.68357
1.67062
1.65685
1.64237
1.62733
1.61177
1.59563
1.57872
1.56077
1.54152
1.52075
1.49819
1.47372
1.44736
1.41924
1.38965
1.35899
1.32743
1.29488
1.26093
1.22518
1.18723
1.1469
1.10409
1.05877
1.01095
0.960726
0.908112
0.853165
0.795757
0.735782
0.672996
0.607281
0.538466
0.466539
0.391446
0.313267
0.231988
0.14771
0.0604735
-0.0295433
-0.122237
-0.217325
-0.31459
-0.413644
-0.514127
-0.615513
-0.717298
-0.818777
-0.919337
-1.01815
-1.11448
-1.20741
-1.29612
-1.37963
-1.45709
-1.52756
-1.59028
-1.64443
-1.68933
-1.7245
-1.74901
-1.76372
-1.76585
-1.76142
-1.74475
-1.73179
-1.6898
-1.67692
-1.58674
-1.60843
-1.41138
-1.55857
-1.11087
-1.61064
-0.569001
-1.95136
1.73002
1.73984
1.74996
1.76011
1.7703
1.78067
1.79142
1.80268
1.81446
1.82685
1.83988
1.85357
1.86793
1.88296
1.89864
1.91495
1.93193
1.9496
1.96798
1.98711
2.00699
2.02764
2.04902
2.07111
2.09388
2.11731
2.14133
2.16593
2.19102
2.2166
2.24255
2.26881
2.29527
2.32192
2.34858
2.37516
2.4015
2.42755
2.45309
2.47799
2.50205
2.52512
2.54698
2.56748
2.58633
2.60336
2.61829
2.6309
2.64093
2.6482
2.65243
2.65352
2.65118
2.64531
2.63569
2.6222
2.60456
2.58273
2.55645
2.52566
2.49022
2.45017
2.40554
2.35657
2.30343
2.24665
2.18616
2.13213
2.0811
2.02991
1.96458
1.91376
1.81942
1.79453
1.62793
1.7067
1.34352
1.74596
0.811331
2.19874
1.38065
1.37127
1.36133
1.3508
1.33944
1.32742
1.315
1.30237
1.28948
1.27622
1.26236
1.24771
1.23209
1.21535
1.19736
1.17812
1.15752
1.13562
1.11263
1.08903
1.06497
1.04017
1.01398
0.985851
0.955442
0.922818
0.888179
0.851815
0.813884
0.774516
0.733631
0.691123
0.646696
0.600127
0.551125
0.499602
0.445457
0.38875
0.329462
0.267678
0.203349
0.136537
0.0672052
-0.00454811
-0.0786937
-0.155066
-0.233536
-0.313845
-0.39576
-0.478892
-0.562911
-0.64732
-0.73167
-0.815345
-0.897813
-0.978327
-1.05622
-1.13067
-1.20093
-1.26618
-1.32569
-1.3787
-1.42449
-1.46257
-1.49189
-1.51323
-1.52355
-1.52757
-1.51927
-1.51551
-1.48463
-1.48197
-1.40638
-1.4367
-1.26081
-1.40969
-0.99657
-1.48143
-0.501375
-1.84994
1.38901
1.39699
1.40527
1.41361
1.42199
1.43053
1.43937
1.44862
1.45828
1.46841
1.47898
1.48998
1.50138
1.5132
1.52541
1.53804
1.55115
1.56479
1.57898
1.5938
1.6092
1.62529
1.64202
1.65941
1.67746
1.69621
1.71562
1.73571
1.7564
1.77775
1.79966
1.82212
1.84506
1.86849
1.89226
1.91636
1.94065
1.96511
1.98955
2.01392
2.03804
2.0618
2.08502
2.10757
2.12922
2.14984
2.16917
2.187
2.20311
2.2173
2.22926
2.23888
2.24582
2.24994
2.25097
2.24878
2.24305
2.23367
2.2203
2.20279
2.18085
2.15441
2.12338
2.08787
2.04799
2.00417
1.95654
1.91319
1.87189
1.8303
1.77633
1.73525
1.65502
1.63754
1.49037
1.56888
1.23645
1.62494
0.73941
2.11368
1.10716
1.099
1.09008
1.08054
1.07043
1.06001
1.04947
1.03889
1.0282
1.01732
1.00612
0.994527
0.982456
0.969834
0.956522
0.94239
0.92724
0.911111
0.894184
0.87674
0.858805
0.839961
0.819425
0.796635
0.771459
0.744307
0.715691
0.686074
0.655612
0.624273
0.591808
0.557953
0.522363
0.484843
0.44522
0.40352
0.359765
0.314064
0.266422
0.21687
0.165331
0.11181
0.0562337
-0.00133776
-0.0609062
-0.122356
-0.185608
-0.250477
-0.316807
-0.384331
-0.452843
-0.521993
-0.59149
-0.660879
-0.729795
-0.797651
-0.863949
-0.928018
-0.989287
-1.04705
-1.1007
-1.14954
-1.19294
-1.23042
-1.26094
-1.28521
-1.3002
-1.30955
-1.30717
-1.30999
-1.28765
-1.29315
-1.22918
-1.26771
-1.10827
-1.26234
-0.875235
-1.35638
-0.422574
-1.75724
1.11428
1.12123
1.12857
1.13608
1.14369
1.15144
1.1594
1.16758
1.17602
1.18474
1.19371
1.20294
1.21243
1.22221
1.23225
1.24263
1.25334
1.26443
1.27591
1.2878
1.30009
1.31285
1.32607
1.33979
1.35403
1.36882
1.38417
1.40013
1.41666
1.4338
1.45154
1.46987
1.48877
1.50827
1.52826
1.54877
1.56971
1.59106
1.6127
1.63461
1.65664
1.67873
1.70073
1.72254
1.744
1.76502
1.78535
1.80485
1.82329
1.84052
1.85622
1.87028
1.88239
1.89238
1.89998
1.90506
1.90729
1.90653
1.90239
1.89467
1.883
1.86721
1.84708
1.82264
1.79388
1.7612
1.72463
1.69083
1.65797
1.62511
1.58115
1.54934
1.48165
1.47266
1.34224
1.42556
1.11719
1.50638
0.654069
2.04149
0.826356
0.82079
0.814093
0.806606
0.798668
0.790628
0.782555
0.774429
0.766123
0.757637
0.748945
0.740122
0.731137
0.722006
0.712688
0.703216
0.693459
0.683361
0.672854
0.661956
0.650448
0.63787
0.62349
0.606861
0.58807
0.567784
0.546631
0.524995
0.502768
0.479616
0.45508
0.428856
0.400723
0.370707
0.33889
0.305481
0.270611
0.234399
0.196802
0.157775
0.117197
0.0750255
0.0311901
-0.0142692
-0.061348
-0.10996
-0.16004
-0.211459
-0.264114
-0.317829
-0.372464
-0.427791
-0.483621
-0.539624
-0.595569
-0.651005
-0.705593
-0.758822
-0.810276
-0.859375
-0.905642
-0.948502
-0.987395
-1.02195
-1.05114
-1.07571
-1.09261
-1.10501
-1.10638
-1.11377
-1.09779
-1.10944
-1.05528
-1.09989
-0.956028
-1.11265
-0.752321
-1.22637
-0.342486
-1.65067
0.831129
0.836012
0.841729
0.848117
0.854993
0.862291
0.869923
0.87789
0.886159
0.894755
0.903635
0.912844
0.922371
0.932256
0.942461
0.953039
0.96394
0.975174
0.98671
0.998549
1.01066
1.02308
1.03579
1.04883
1.0622
1.07593
1.09002
1.10452
1.11941
1.13473
1.1505
1.16673
1.18341
1.20059
1.21821
1.2363
1.25483
1.27379
1.29311
1.31278
1.33272
1.35287
1.37314
1.39346
1.41372
1.43385
1.45366
1.47303
1.49178
1.50976
1.52673
1.54255
1.55698
1.56985
1.58091
1.59007
1.59698
1.60156
1.60341
1.60231
1.59788
1.58989
1.57804
1.56226
1.54247
1.51891
1.49177
1.46594
1.44055
1.41508
1.38012
1.3562
1.30031
1.29852
1.1852
1.27195
0.990394
1.37681
0.566418
1.94518
0.605936
0.60148
0.595613
0.589002
0.582226
0.575544
0.568853
0.561922
0.554612
0.546942
0.53903
0.531028
0.523016
0.515002
0.50694
0.498839
0.490713
0.482594
0.474461
0.466249
0.457705
0.44834
0.437631
0.425359
0.411819
0.39771
0.383619
0.369628
0.35528
0.339864
0.322788
0.303762
0.282805
0.260159
0.236148
0.21104
0.184994
0.15802
0.13003
0.100894
0.070504
0.0388071
0.00578037
-0.0285548
-0.0641802
-0.10105
-0.139119
-0.178312
-0.218572
-0.259788
-0.301879
-0.344685
-0.388098
-0.431874
-0.475878
-0.519783
-0.563378
-0.606276
-0.648192
-0.688665
-0.727336
-0.763725
-0.797376
-0.827988
-0.854633
-0.878073
-0.895322
-0.909157
-0.913021
-0.923349
-0.912404
-0.928481
-0.882823
-0.931774
-0.802301
-0.959828
-0.6257
-1.09033
-0.257949
-1.53078
0.609039
0.611701
0.614726
0.618215
0.622141
0.626467
0.631167
0.636247
0.641713
0.647599
0.653914
0.660694
0.667955
0.675726
0.684002
0.692795
0.702068
0.711803
0.72198
0.732575
0.743568
0.754935
0.766667
0.778751
0.791184
0.803953
0.817056
0.830503
0.844296
0.858443
0.872961
0.887841
0.903115
0.91879
0.934856
0.951332
0.968229
0.985519
1.0032
1.02123
1.03958
1.05821
1.07707
1.09609
1.11521
1.13433
1.15337
1.17219
1.19064
1.2086
1.22586
1.24229
1.25769
1.27189
1.28469
1.29601
1.30558
1.31333
1.31893
1.32219
1.32274
1.32036
1.31469
1.30561
1.29296
1.27694
1.25753
1.2386
1.21944
1.20044
1.17313
1.15615
1.11061
1.11512
1.01777
1.10724
0.852332
1.23426
0.469669
1.82832
0.423747
0.418962
0.41331
0.407639
0.402464
0.397723
0.393038
0.387987
0.382442
0.376427
0.370134
0.363695
0.357237
0.350743
0.344177
0.337385
0.330263
0.322726
0.314785
0.306415
0.297616
0.288231
0.278077
0.267192
0.256122
0.245552
0.235923
0.22703
0.21819
0.2085
0.197387
0.184668
0.170584
0.155474
0.139686
0.123329
0.106407
0.0887302
0.0701433
0.0504788
0.0297061
0.00780652
-0.0151646
-0.0391908
-0.0642293
-0.0902843
-0.117325
-0.145346
-0.174318
-0.2042
-0.234948
-0.266459
-0.298671
-0.331421
-0.364633
-0.398081
-0.431641
-0.465018
-0.498033
-0.530313
-0.561602
-0.591491
-0.619613
-0.645756
-0.669061
-0.690361
-0.706742
-0.720868
-0.726012
-0.738123
-0.730668
-0.749915
-0.711018
-0.763135
-0.646291
-0.803831
-0.493353
-0.947828
-0.165292
-1.39735
0.427114
0.429659
0.431937
0.434137
0.436363
0.438665
0.441083
0.44365
0.44642
0.449438
0.45276
0.456427
0.460502
0.465015
0.470027
0.475543
0.481602
0.488195
0.495369
0.503096
0.511401
0.520243
0.529643
0.539546
0.549973
0.56086
0.572219
0.584008
0.596246
0.608883
0.621944
0.635374
0.649227
0.663453
0.678071
0.693063
0.708471
0.724236
0.740395
0.756896
0.773735
0.790862
0.808274
0.825877
0.843656
0.861514
0.879407
0.897205
0.9148
0.932067
0.948831
0.964948
0.980254
0.994596
1.0078
1.01983
1.03045
1.03966
1.04718
1.05294
1.05659
1.05794
1.05664
1.05254
1.0454
1.03532
1.02226
1.00891
0.995089
0.981327
0.960692
0.949275
0.912923
0.922377
0.839598
0.930807
0.70092
1.07755
0.358103
1.69353
0.215439
0.21119
0.207545
0.205109
0.203805
0.202868
0.201633
0.199693
0.19721
0.194327
0.191349
0.188278
0.185261
0.182224
0.17927
0.176247
0.173097
0.169517
0.165352
0.160295
0.154258
0.147173
0.139259
0.130785
0.122424
0.114825
0.108396
0.102816
0.0974449
0.091487
0.0846462
0.0769983
0.0690363
0.061123
0.0534723
0.0458805
0.0380533
0.0295559
0.0201387
0.0096158
-0.00198865
-0.0146439
-0.0282461
-0.0427653
-0.0581558
-0.0744295
-0.0915846
-0.109641
-0.1286
-0.148449
-0.169172
-0.190705
-0.213021
-0.236007
-0.259642
-0.283753
-0.308288
-0.333004
-0.357806
-0.382382
-0.406554
-0.429973
-0.452353
-0.47356
-0.492823
-0.511012
-0.525382
-0.538558
-0.543839
-0.556247
-0.550993
-0.571597
-0.538144
-0.591658
-0.485889
-0.64175
-0.353446
-0.794215
-0.0633509
-1.23621
0.219257
0.222832
0.226343
0.229776
0.23321
0.236624
0.240061
0.243474
0.246929
0.250385
0.253917
0.257503
0.261246
0.265128
0.269267
0.273647
0.278389
0.283488
0.289066
0.295093
0.301668
0.308753
0.31644
0.324647
0.333454
0.342775
0.352668
0.363045
0.373962
0.385315
0.397157
0.409379
0.422049
0.435059
0.448457
0.462171
0.476258
0.49062
0.505317
0.520276
0.535516
0.550963
0.566643
0.582451
0.59841
0.614417
0.63046
0.646434
0.662258
0.677822
0.692979
0.707613
0.721561
0.734718
0.746924
0.758181
0.768305
0.777358
0.785131
0.791645
0.796621
0.799948
0.801307
0.800533
0.797313
0.79169
0.783503
0.774705
0.765109
0.755794
0.740522
0.733817
0.705119
0.7185
0.648313
0.740126
0.532659
0.902051
0.226947
1.52306
0.102206
0.100403
0.0992097
0.0987714
0.0986134
0.0978801
0.0960877
0.093332
0.0901153
0.0867772
0.0835102
0.0802089
0.0768541
0.0733871
0.0699474
0.0666026
0.0635386
0.0607359
0.0581497
0.0555076
0.0525474
0.0489238
0.0445815
0.0396803
0.0346702
0.030022
0.0260476
0.0224566
0.0187022
0.0142951
0.00929986
0.00417208
-0.000393921
-0.0039839
-0.00653131
-0.00843891
-0.0102233
-0.0124309
-0.0153468
-0.019123
-0.0237056
-0.0290496
-0.0350677
-0.041769
-0.0491446
-0.0572533
-0.0661161
-0.0757903
-0.0862853
-0.0976109
-0.109761
-0.122699
-0.136436
-0.150881
-0.16606
-0.181827
-0.198195
-0.214939
-0.232039
-0.249217
-0.266362
-0.283183
-0.29946
-0.315138
-0.329509
-0.34352
-0.354535
-0.365473
-0.369521
-0.380975
-0.376026
-0.396715
-0.366436
-0.420219
-0.322702
-0.475996
-0.207166
-0.628604
0.0450036
-1.03067
0.104109
0.106241
0.108666
0.111287
0.114104
0.117067
0.120163
0.12333
0.126557
0.129776
0.132982
0.136132
0.139252
0.142324
0.145398
0.148478
0.151648
0.154939
0.158436
0.162162
0.166207
0.170594
0.175413
0.180647
0.186373
0.192575
0.199307
0.206531
0.214289
0.222524
0.231261
0.240429
0.250057
0.260051
0.270434
0.281136
0.292183
0.303483
0.31506
0.326856
0.338875
0.351044
0.363383
0.37581
0.38834
0.400888
0.413457
0.425966
0.438367
0.450567
0.462465
0.473963
0.484925
0.495282
0.504904
0.513805
0.521844
0.529138
0.535539
0.541155
0.545787
0.549405
0.551747
0.552648
0.551792
0.549144
0.544502
0.539127
0.532916
0.526916
0.51621
0.512989
0.490863
0.506825
0.44736
0.538176
0.349538
0.707436
0.0775556
1.30012
-0.0253978
-0.0276137
-0.0294475
-0.0309678
-0.032566
-0.0347275
-0.0376065
-0.0410014
-0.0444211
-0.0476419
-0.0505883
-0.0534434
-0.0562201
-0.058932
-0.0613394
-0.0632588
-0.0643314
-0.0643229
-0.0629514
-0.0601772
-0.0560487
-0.050975
-0.0455103
-0.0403015
-0.0356059
-0.0315088
-0.0280569
-0.0253056
-0.0233032
-0.0222886
-0.0222036
-0.0225692
-0.0225993
-0.0217896
-0.0200735
-0.0178918
-0.01576
-0.0141171
-0.0130651
-0.0125765
-0.0124775
-0.0127086
-0.0132291
-0.0141405
-0.0155188
-0.0174976
-0.0201391
-0.0235095
-0.0276244
-0.0324614
-0.0380356
-0.0442621
-0.0511992
-0.0587101
-0.0668886
-0.0755438
-0.0847884
-0.0943686
-0.104371
-0.114509
-0.1248
-0.13495
-0.144877
-0.15453
-0.163368
-0.172301
-0.178993
-0.186524
-0.188482
-0.197521
-0.192153
-0.211025
-0.1838
-0.234317
-0.148565
-0.287554
-0.057325
-0.415458
0.13229
-0.695285
-0.0232163
-0.0208375
-0.0181987
-0.0153399
-0.0122317
-0.00891273
-0.00536869
-0.0016549
0.00222664
0.00618025
0.0101924
0.0141663
0.018102
0.0219091
0.0256065
0.0291312
0.0325391
0.0357967
0.0389752
0.0420584
0.0451544
0.0482548
0.0514724
0.0547951
0.0583411
0.0620939
0.0661587
0.0705015
0.0752073
0.0802333
0.0856358
0.0913525
0.0974282
0.103776
0.110431
0.117311
0.124444
0.131738
0.13922
0.146824
0.154556
0.162354
0.170236
0.178142
0.186078
0.194001
0.201901
0.209748
0.217507
0.225144
0.232568
0.239761
0.246572
0.253027
0.258955
0.264467
0.269372
0.273903
0.27788
0.281546
0.284706
0.287504
0.289673
0.291173
0.291642
0.291096
0.289204
0.286749
0.28341
0.280671
0.273857
0.274033
0.257593
0.275248
0.225822
0.310486
0.146552
0.461515
-0.0736807
0.911976
0.0666365
0.068596
0.0707385
0.0729582
0.075045
0.0769175
0.0786429
0.0804128
0.0823362
0.0844169
0.0864103
0.0880854
0.0891621
0.0895304
0.0890188
0.0875499
0.084917
0.0809937
0.0755768
0.0686219
0.0601622
0.0505544
0.0404404
0.0307851
0.0225946
0.0165843
0.012635
0.00976106
0.00674466
0.00296225
-0.00143699
-0.00586639
-0.00982239
-0.0131661
-0.0161551
-0.0191837
-0.0225241
-0.0260747
-0.0294882
-0.032252
-0.0340619
-0.0347548
-0.0345229
-0.0335327
-0.0321644
-0.0305566
-0.0290268
-0.0275621
-0.0264094
-0.0254605
-0.0249456
-0.0247032
-0.0249766
-0.0255298
-0.0266076
-0.0279152
-0.029716
-0.0316675
-0.0340172
-0.036415
-0.0390396
-0.0416035
-0.0441479
-0.0466723
-0.0487575
-0.0513067
-0.0523216
-0.0552036
-0.053876
-0.059008
-0.0524
-0.0659259
-0.0437483
-0.0809517
-0.0199813
-0.114588
0.0312619
-0.180506
0.12612
-0.275328
0.0651192
0.0636954
0.0623431
0.0610942
0.0599517
0.0589727
0.0581587
0.0575689
0.0571902
0.0570548
0.0571186
0.0573831
0.0577785
0.0582825
0.0588091
0.0593283
0.0597576
0.0600769
0.0602186
0.0601838
0.059942
0.0595143
0.0588997
0.0581416
0.0572665
0.0563289
0.055375
0.0544579
0.0536256
0.0529287
0.052405
0.0520858
0.0519907
0.0521275
0.052497
0.0530881
0.0538802
0.0548542
0.0559742
0.0572349
0.0585687
0.0599964
0.0614387
0.0629402
0.0644001
0.0659095
0.0673454
0.0688372
0.0702364
0.0717008
0.0730413
0.0744268
0.0756049
0.0767809
0.0776576
0.0785044
0.0790096
0.0795463
0.0798254
0.0802355
0.0805376
0.0810134
0.0814239
0.081838
0.0819937
0.0819032
0.0813501
0.0807776
0.0795936
0.0787461
0.0753813
0.0770252
0.0671213
0.0813314
0.0489014
0.106856
0.000759969
0.193318
-0.115158
0.417064
)
;

boundaryField
{
    inlet
    {
        type            freestreamPressure;
        freestreamValue uniform 0;
        value           nonuniform List<scalar> 
134
(
0.931814
0.638642
0.307228
-0.0103982
-0.26983
-0.469444
-0.577376
-0.584243
-0.488617
-0.251142
-0.0534291
-0.086479
-0.151187
-0.218666
-0.291018
-0.369229
-0.453326
-0.543206
-0.639525
-0.744005
1.19595
-0.858965
-0.985005
-1.11554
-1.23544
-1.31973
-1.35903
-1.42617
-1.4275
-1.45118
-1.71106
-1.57561
-1.5728
-1.59387
-1.60801
-1.61092
-1.61259
-1.62935
-1.68292
-1.74982
1.4229
1.62744
1.75336
1.75284
1.58524
1.19406
0.536111
-1.90711
-1.85729
-1.78373
-1.73231
-1.69235
-1.6491
-1.60129
-1.55237
-1.50372
-1.45488
-1.40533
-1.35498
-1.30389
-1.2517
-1.19791
-1.14159
-1.08124
-1.01552
-0.941907
-0.892975
-0.848242
-0.796801
-0.738922
-0.67449
-0.596676
-0.49742
-0.335523
-0.132838
0.141723
0.3272
0.541475
0.75422
0.962081
1.16132
1.3297
1.45425
1.53734
1.5824
1.59868
1.59659
1.58474
1.56971
1.56083
1.57393
1.61623
1.66571
1.70415
1.73319
1.7567
1.77555
1.78856
1.79506
1.79538
1.7907
1.78375
1.78014
1.794
1.8473
1.97689
2.03335
1.9796
1.91639
1.87564
1.84278
1.80573
1.76502
1.72388
1.68289
1.64143
1.59892
1.55517
1.50979
1.46231
1.41178
1.35711
1.29591
1.22642
1.13957
1.09545
1.05802
1.00811
0.947565
0.877742
0.789444
0.673962
0.472812
0.216278
)
;
    }
    outlet
    {
        type            freestreamPressure;
        freestreamValue uniform 0;
        value           nonuniform List<scalar> 
160
(
1.4712e-05
1.43978e-05
1.5129e-05
1.40995e-05
1.55872e-05
1.38163e-05
1.60647e-05
1.3554e-05
1.65153e-05
1.33133e-05
1.69243e-05
1.31069e-05
1.73043e-05
1.29357e-05
1.7691e-05
1.28127e-05
1.81037e-05
1.27348e-05
1.85451e-05
1.27098e-05
1.8967e-05
1.27279e-05
1.93247e-05
1.279e-05
1.95585e-05
1.28809e-05
1.96429e-05
1.29964e-05
1.95363e-05
1.31176e-05
1.92178e-05
1.32384e-05
1.8638e-05
1.33406e-05
1.77671e-05
1.34201e-05
1.65613e-05
1.34616e-05
1.50153e-05
1.34654e-05
1.31432e-05
1.34242e-05
1.1029e-05
1.33426e-05
8.81365e-06
1.32198e-05
6.70274e-06
1.30652e-05
4.90959e-06
1.28842e-05
3.58801e-06
1.2689e-05
2.71451e-06
1.24894e-05
2.07843e-06
1.22976e-05
1.41822e-06
1.21241e-05
5.98922e-07
1.19807e-05
-3.50454e-07
1.18761e-05
-1.30721e-06
1.18178e-05
-2.16469e-06
1.18107e-05
-2.89171e-06
1.18571e-05
-3.54094e-06
1.19578e-05
-4.19569e-06
1.21106e-05
-4.91687e-06
1.23116e-05
-5.68734e-06
1.25566e-05
-6.4361e-06
1.28381e-05
-7.05176e-06
1.31551e-05
-7.46412e-06
1.34927e-05
-7.63246e-06
1.38558e-05
-7.59555e-06
1.42264e-05
-7.38902e-06
1.46152e-05
-7.09706e-06
1.4999e-05
-6.75111e-06
1.53991e-05
-6.42198e-06
1.57873e-05
-6.10713e-06
1.6194e-05
-5.86155e-06
1.65848e-05
-5.66154e-06
1.69973e-05
-5.55896e-06
1.73872e-05
-5.51838e-06
1.77951e-05
-5.59504e-06
1.81609e-05
-5.73676e-06
1.85342e-05
-5.99958e-06
1.88431e-05
-6.31783e-06
1.91531e-05
-6.75247e-06
1.93876e-05
-7.22663e-06
1.9638e-05
-7.79838e-06
1.98331e-05
-8.38871e-06
2.00697e-05
-9.04051e-06
2.02888e-05
-9.68816e-06
2.05624e-05
-1.03436e-05
2.0831e-05
-1.10051e-05
2.11134e-05
-1.1581e-05
2.13413e-05
-1.22717e-05
2.15172e-05
-1.26302e-05
2.15821e-05
-1.34026e-05
2.16176e-05
-1.32138e-05
2.14721e-05
-1.4499e-05
2.14155e-05
-1.31251e-05
2.07201e-05
-1.63692e-05
2.1319e-05
-1.13192e-05
1.89137e-05
-2.0141e-05
2.28673e-05
-5.46138e-06
1.43195e-05
-2.78973e-05
3.01341e-05
9.39134e-06
2.36239e-07
-4.06105e-05
5.2222e-05
4.49964e-05
-4.24131e-05
-5.04329e-05
9.50263e-05
)
;
    }
    walls
    {
        type            zeroGradient;
    }
    frontAndBack
    {
        type            empty;
    }
}


// ************************************************************************* //
