/*--------------------------------*- C++ -*----------------------------------*\
| =========                 |                                                 |
| \\      /  F ield         | OpenFOAM: The Open Source CFD Toolbox           |
|  \\    /   O peration     | Version:  2412                                  |
|   \\  /    A nd           | Website:  www.openfoam.com                      |
|    \\/     M anipulation  |                                                 |
\*---------------------------------------------------------------------------*/
FoamFile
{
    version     2.0;
    format      ascii;
    arch        "LSB;label=32;scalar=64";
    class       volScalarField;
    location    "200";
    object      p;
}
// * * * * * * * * * * * * * * * * * * * * * * * * * * * * * * * * * * * * * //

dimensions      [0 2 -2 0 0 0 0];

internalField   nonuniform List<scalar> 
10720
(
306.786
278.536
240.277
194.189
141.98
82.8625
21.9814
-38.2703
-97.6552
-152.986
-203.977
-250.334
-291.668
-328.004
-359.168
-384.616
-404.704
-418.354
-426.446
-427.942
-423.271
-411.636
-394.901
-374.065
-351.69
-330.136
-307.564
-282.997
-258.393
-234.367
-210.306
-185.82
-160.718
-134.766
-107.741
-78.7921
-47.0524
-7.11958
41.1446
328.258
341.961
347.489
345.79
333.56
307.309
269.703
225.62
180.257
136.864
99.1073
68.9009
44.8309
25.7857
11.0674
-1.44896
-12.2389
-22.2626
-31.9566
-42.0753
-52.5097
-63.604
-75.0656
-86.1815
-94.2757
-98.1633
-99.3841
-98.2843
-95.022
-89.8449
-82.9805
-74.5596
-64.6641
-53.2522
-40.2131
-24.9567
-6.53169
19.2821
57.6875
299.042
277.851
249.794
214.977
174.206
127.716
77.419
25.0291
-28.2848
-80.7106
-131.137
-178.697
-222.645
-262.451
-297.608
-327.591
-352.297
-371.094
-384.129
-390.436
-390.279
-383.505
-371.538
-355.379
-336.877
-318.241
-298.583
-276.711
-253.932
-231.006
-207.691
-183.752
-159.059
-133.431
-106.671
-77.9397
-46.3821
-6.57988
40.7767
314.916
326.028
331.62
330.275
320.082
300.214
272.015
238.047
201.299
164.405
129.947
99.6314
73.5585
51.4679
33.0143
17.1382
3.28431
-9.24749
-20.9807
-32.539
-44.0295
-55.713
-67.389
-78.3796
-86.5914
-90.9368
-92.6686
-92.4685
-90.3226
-86.1476
-80.0671
-72.2537
-62.8342
-51.7978
-39.0482
-24.0108
-5.7604
19.9287
57.239
282.922
264.765
240.506
209.966
173.92
132.299
86.2387
37.3401
-13.1286
-63.7786
-113.171
-160.317
-204.357
-244.591
-280.429
-311.402
-337.133
-357.048
-370.858
-378.204
-379.283
-374.053
-363.506
-348.665
-331.236
-313.154
-293.993
-272.707
-250.377
-227.874
-205.048
-181.604
-157.368
-132.138
-105.69
-77.1904
-45.8054
-6.23237
40.2193
296.363
305.703
310.653
310.054
302.283
286.556
263.363
234.357
201.8
167.969
135.082
104.952
78.3651
55.4193
35.9284
19.2697
4.80255
-8.10667
-20.0247
-31.5161
-42.8289
-54.1581
-65.3599
-75.8425
-83.9671
-88.6472
-90.6468
-90.5781
-88.4634
-84.3034
-78.2986
-70.6443
-61.4404
-50.6371
-38.0992
-23.2375
-5.12971
20.3542
56.4827
264.515
249.167
228.647
202.858
172.449
137.008
97.4192
54.8088
10.0648
-35.6625
-81.1869
-125.561
-167.883
-207.374
-243.311
-275.093
-302.158
-323.956
-340.057
-350.318
-354.597
-352.872
-345.776
-334.207
-319.554
-303.444
-285.884
-266.193
-245.245
-223.863
-201.944
-179.206
-155.517
-130.711
-104.589
-76.3496
-45.1943
-5.98583
39.4922
275.971
284.012
288.549
288.562
282.663
270.185
251.366
227.448
200.126
171.089
142.116
114.734
89.7427
67.4365
47.822
30.5858
15.2844
1.45853
-11.3457
-23.5761
-35.4859
-47.2167
-58.6501
-69.2592
-77.7246
-83.026
-85.667
-86.2153
-84.7558
-81.2778
-75.9156
-68.8081
-60.0298
-49.5412
-37.2272
-22.5266
-4.55553
20.6662
55.5782
245.825
232.448
214.513
191.948
165.402
134.241
99.1495
61.0106
20.4201
-21.6468
-64.1845
-106.318
-147.132
-185.791
-221.523
-253.633
-281.474
-304.466
-322.108
-334.113
-340.218
-340.372
-335.095
-325.281
-312.186
-297.228
-280.645
-261.96
-241.813
-220.978
-199.47
-177.081
-153.711
-129.213
-103.38
-75.4141
-44.5361
-5.78905
38.5818
255.867
262.971
267.23
267.728
263.283
253.305
237.828
217.783
194.475
169.16
143.265
118.085
94.3893
72.6147
52.9522
35.3306
19.4971
5.13443
-8.11673
-20.6247
-32.6489
-44.3212
-55.5542
-65.9062
-74.3388
-79.9404
-82.9339
-83.813
-82.6583
-79.4499
-74.303
-67.3682
-58.7413
-48.4014
-36.235
-21.6851
-3.88939
20.983
54.5842
227.778
215.948
200.097
180.2
156.92
129.509
98.539
64.7193
28.4233
-9.5549
-48.4095
-87.4096
-125.713
-162.52
-197.07
-228.633
-256.501
-280.057
-298.728
-312.11
-320.031
-322.418
-319.589
-312.253
-301.412
-288.229
-273.096
-255.764
-236.76
-216.833
-196.086
-174.354
-151.544
-127.516
-102.069
-74.4325
-43.881
-5.67775
37.481
236.734
243.151
247.221
248.098
244.771
236.728
223.899
207.025
187.161
165.264
142.479
119.888
98.1506
77.7116
58.8369
41.5724
25.7972
11.3127
-2.14246
-14.8495
-27.0263
-38.7762
-50.0171
-60.355
-68.9368
-74.9439
-78.4163
-79.7577
-79.0687
-76.3285
-71.6355
-65.1292
-56.8966
-46.9094
-35.0441
-20.7488
-3.19957
21.2518
53.4948
210.772
200.146
185.932
168.132
147.43
123.015
95.3794
65.1216
32.4424
-2.00261
-37.5759
-73.6888
-109.588
-144.541
-177.82
-208.682
-236.4
-260.317
-279.814
-294.454
-303.919
-308.083
-307.087
-301.561
-292.397
-280.592
-266.621
-250.406
-232.38
-213.226
-193.114
-171.921
-149.568
-125.929
-100.813
-73.4744
-43.2462
-5.63985
36.2297
218.887
224.778
228.706
229.883
227.433
220.912
210.19
195.866
178.823
159.796
139.712
119.473
99.6129
80.536
62.5367
45.7314
30.1046
15.5743
1.97938
-10.8709
-23.1393
-34.8977
-46.068
-56.3097
-64.9313
-71.212
-75.0642
-76.7752
-76.4459
-74.0588
-69.6977
-63.491
-55.5214
-45.762
-34.0903
-19.9694
-2.61869
21.4039
52.3068
194.932
185.272
172.392
156.312
137.734
115.827
91.0319
63.8697
34.4324
3.25145
-29.1577
-62.3394
-95.6533
-128.451
-160.06
-189.769
-216.857
-240.652
-260.513
-275.944
-286.577
-292.269
-293.064
-289.435
-282.095
-271.861
-259.23
-244.266
-227.343
-209.083
-189.707
-169.143
-147.326
-124.148
-99.4284
-72.4478
-42.593
-5.65621
34.8752
202.375
207.85
211.664
213.079
211.325
206.015
196.988
184.745
170.042
153.463
135.772
117.726
99.7505
82.1897
65.325
49.2953
34.1521
19.8887
6.42257
-6.36391
-18.5793
-30.2645
-41.3388
-51.4999
-60.162
-66.6889
-70.8999
-72.9907
-73.0585
-71.0858
-67.1333
-61.3114
-53.694
-44.2523
-32.8625
-19.002
-1.93455
21.5548
51.0818
180.267
171.398
159.614
144.958
128.135
108.321
85.9181
61.3942
34.7611
6.46415
-23.0861
-53.548
-84.382
-115.03
-144.895
-173.313
-199.588
-223.057
-243.07
-259.097
-270.714
-277.717
-280.035
-278.011
-272.247
-263.422
-252.026
-238.219
-222.336
-204.934
-186.273
-166.325
-145.043
-122.329
-98.0149
-71.4121
-41.9584
-5.7475
33.4286
187.159
192.295
196.013
197.615
196.417
192.086
184.439
173.904
161.142
146.632
131.013
114.928
98.7111
82.6405
66.9651
51.8193
37.2874
23.4147
10.1779
-2.4729
-14.5904
-26.1791
-37.15
-47.2277
-55.9115
-62.6393
-67.1748
-69.6203
-70.0536
-68.4502
-64.8563
-59.3693
-52.0575
-42.8926
-31.7511
-18.1279
-1.33656
21.5996
49.7849
166.726
158.516
147.654
134.197
118.853
100.811
80.4493
58.2004
34.0221
8.29394
-18.6576
-46.5786
-75.0176
-103.515
-131.547
-158.504
-183.744
-206.625
-226.502
-242.825
-255.128
-263.172
-266.821
-266.282
-262.03
-254.613
-244.48
-231.854
-217.046
-200.549
-182.649
-163.358
-142.645
-120.428
-96.548
-70.3553
-41.3425
-5.91866
31.892
173.156
178.007
181.639
183.388
182.641
179.107
172.597
163.477
152.337
139.581
125.754
111.413
96.8179
82.1878
67.7334
53.5703
39.791
26.4671
13.6185
1.24444
-10.6606
-22.0691
-32.8807
-42.841
-51.5085
-58.3812
-63.1886
-65.9563
-66.7404
-65.5122
-62.3006
-57.1833
-50.218
-41.3728
-30.5233
-17.184
-0.720778
21.5909
48.4298
154.236
146.587
136.51
124.076
109.99
93.4635
74.8562
54.5707
32.5362
9.07949
-15.5383
-41.1347
-67.3349
-93.7594
-119.962
-145.403
-169.494
-191.629
-211.18
-227.597
-240.392
-249.27
-254.047
-254.799
-251.899
-245.788
-236.862
-225.376
-211.617
-196.025
-178.894
-160.273
-140.147
-118.446
-95.0261
-69.2749
-40.7451
-6.16761
30.2679
160.269
164.876
168.426
170.29
169.913
167.035
161.469
153.532
143.755
132.49
120.21
107.405
94.278
80.9984
67.74
54.5909
41.6339
28.9515
16.5886
4.58012
-7.04254
-18.2219
-28.8466
-38.6751
-47.3072
-54.2902
-59.336
-62.4055
-63.5245
-62.6534
-59.8047
-55.039
-48.4048
-39.8678
-29.3053
-16.2544
-0.13688
21.513
47.0223
142.715
135.553
126.155
114.606
101.603
86.3859
69.3001
50.7254
30.571
9.12612
-13.3971
-36.872
-60.9887
-85.4413
-109.851
-133.747
-156.603
-177.856
-196.911
-213.223
-226.293
-235.787
-241.494
-243.375
-241.708
-236.832
-229.082
-218.716
-206.003
-191.329
-174.988
-157.059
-137.545
-116.386
-93.4529
-68.1764
-40.1703
-6.49526
28.5603
148.405
152.8
156.27
158.22
158.148
155.814
151.038
144.098
135.475
125.483
114.539
103.081
91.2725
79.2422
67.1291
54.9934
42.9015
30.9325
19.1429
7.58892
-3.67006
-14.5541
-24.9433
-34.6032
-43.163
-50.2074
-55.4417
-58.7751
-60.203
-59.6759
-57.1886
-52.783
-46.4951
-38.2866
-28.0354
-15.3032
0.431501
21.3715
45.5657
132.086
125.35
116.548
105.773
93.7135
79.6388
63.8823
46.806
28.3078
8.645
-12.0028
-33.5542
-55.7514
-78.3497
-101.036
-123.403
-144.986
-165.272
-183.704
-199.756
-212.931
-222.861
-229.311
-232.157
-231.581
-227.843
-221.21
-211.925
-200.236
-186.481
-170.942
-153.722
-134.841
-114.247
-91.8284
-67.0608
-39.6191
-6.89844
26.7746
137.474
141.679
145.069
147.083
147.261
145.384
141.275
135.179
127.54
118.64
108.853
98.5762
87.9444
77.055
66.0168
54.8651
43.6474
32.4327
21.2766
10.2438
-0.589153
-11.1264
-21.2397
-30.7001
-39.1577
-46.2255
-51.6084
-55.1763
-56.8916
-56.6921
-54.5536
-50.5004
-44.5562
-36.6784
-26.7469
-14.3502
0.974653
21.1667
44.0659
122.275
115.917
107.642
97.5502
86.3215
73.2533
58.6667
42.9117
25.8781
7.80033
-11.1679
-30.9775
-51.4152
-72.2848
-93.3336
-114.213
-134.513
-153.775
-171.485
-187.145
-200.268
-210.465
-217.484
-221.139
-221.524
-218.826
-213.251
-205.009
-194.322
-181.482
-166.756
-150.262
-132.033
-112.029
-90.1529
-65.9289
-39.0931
-7.37283
24.9184
127.39
131.423
134.736
136.795
137.179
135.685
132.143
126.768
119.972
112.013
103.232
93.9913
84.4056
74.5497
64.5092
54.2976
43.9428
33.4995
23.0157
12.5554
2.20286
-7.93734
-17.732
-26.957
-35.2768
-42.3258
-47.8123
-51.577
-53.5512
-53.6599
-51.8594
-48.1562
-42.56
-35.0233
-25.4276
-13.39
1.49403
20.9033
42.5288
113.211
107.192
99.3881
89.9073
79.4167
67.2408
53.6928
39.1093
23.3782
6.71629
-10.7445
-28.979
-47.8094
-67.0818
-86.5887
-106.036
-125.068
-143.28
-160.202
-175.37
-188.311
-198.632
-206.059
-210.375
-211.59
-209.83
-205.241
-197.994
-188.278
-176.345
-162.436
-146.682
-129.123
-109.733
-88.4278
-64.7821
-38.593
-7.91504
23.001
118.08
121.952
125.188
127.278
127.831
126.662
123.604
118.849
112.78
105.637
97.7326
89.4013
80.7448
71.8211
62.6982
53.3717
43.8523
34.1772
24.3836
14.5296
4.69885
-5.00174
-14.4389
-23.3947
-31.5436
-38.5351
-44.0839
-48.0097
-50.2149
-50.6114
-49.1347
-45.7738
-40.525
-33.3346
-24.0866
-12.4283
1.98665
20.5836
40.9614
104.83
99.118
91.7406
82.8105
72.9803
61.6023
48.9826
35.445
20.8777
5.48371
-10.6228
-27.4332
-44.7974
-62.5953
-80.6605
-98.7449
-116.543
-133.698
-149.79
-164.386
-177.039
-187.359
-195.051
-199.889
-201.806
-200.881
-197.203
-190.898
-182.12
-171.079
-157.99
-142.985
-126.115
-107.36
-86.6542
-63.6218
-38.1201
-8.51954
21.0313
109.476
113.198
116.356
118.464
119.156
118.262
115.621
111.402
105.964
99.531
92.3936
84.8633
77.0321
68.9468
60.6616
52.1593
43.4355
34.5117
25.4113
16.1831
6.9037
-2.32355
-11.3689
-20.0219
-27.9652
-34.8612
-40.4309
-44.4799
-46.8857
-47.5468
-46.3781
-43.3516
-38.4494
-31.6115
-22.7244
-11.4665
2.45177
20.2123
39.3701
97.075
91.6445
84.6548
76.2253
66.9899
56.3311
44.5454
31.9467
18.4244
4.16891
-10.717
-26.2365
-42.2644
-58.7062
-75.4302
-92.228
-108.838
-124.95
-140.188
-154.156
-166.436
-176.646
-184.48
-189.709
-192.21
-192.016
-189.169
-183.747
-175.867
-165.697
-153.425
-139.177
-123.01
-104.913
-84.8339
-62.4493
-37.6737
-9.18068
19.0183
101.515
105.097
108.177
110.292
111.098
110.437
108.156
104.404
99.5154
93.7047
87.2412
80.4181
73.321
65.9885
58.4653
50.7244
42.7501
34.5497
26.133
17.5364
8.82639
0.0979158
-8.52736
-16.8475
-24.5538
-31.318
-36.8692
-41.0043
-43.5794
-44.4804
-43.602
-40.8997
-36.3412
-29.8601
-21.3454
-10.5074
2.88861
19.7937
37.7617
89.8953
84.7232
78.09
70.1166
61.4223
51.4149
40.3842
28.632
16.0526
2.82494
-10.9574
-25.3079
-40.1181
-55.3167
-70.7971
-86.3861
-101.863
-116.955
-131.333
-144.635
-156.475
-166.485
-174.354
-179.857
-182.829
-183.265
-181.167
-176.566
-169.538
-160.215
-148.752
-135.265
-119.814
-102.395
-82.9688
-61.265
-37.2533
-9.89156
16.9734
94.1431
97.5922
100.594
102.708
103.606
103.145
101.176
97.8313
93.4256
88.1619
82.2935
76.097
69.6531
62.9959
56.1633
49.1222
41.8472
34.3347
26.5821
18.6121
10.4787
2.26565
-5.91632
-13.8772
-21.3167
-27.9156
-33.4109
-37.5951
-40.3073
-41.4218
-40.8145
-38.4244
-34.2054
-28.0844
-19.953
-9.55326
3.29657
19.3335
36.1445
83.2427
78.3105
72.0062
64.4531
56.2527
46.8398
36.495
25.5115
13.7858
1.48896
-11.2937
-24.5819
-38.2824
-52.3393
-66.6699
-81.1289
-95.5303
-109.639
-123.163
-135.779
-147.129
-156.866
-164.68
-170.35
-173.688
-174.657
-173.224
-169.378
-163.156
-154.649
-143.982
-131.256
-116.531
-99.8076
-81.061
-60.0702
-36.8576
-10.6448
14.9071
87.3107
90.6334
93.5584
95.6625
96.6351
96.3449
94.6479
91.6613
87.6811
82.9013
77.5603
71.9206
66.0598
60.009
53.8012
47.4001
40.7736
33.9089
26.7928
19.4353
11.8766
4.18681
-3.53635
-11.1154
-18.2609
-24.6634
-30.0678
-34.2654
-37.0824
-38.3831
-38.0261
-35.9347
-32.0492
-26.2899
-18.5513
-8.60685
3.67588
18.8368
34.526
77.0754
72.3676
66.3684
59.2034
51.4574
42.5886
32.8714
22.5879
11.639
0.188063
-11.6852
-24.0064
-36.6926
-49.7023
-62.9716
-76.3786
-89.7664
-102.934
-115.622
-127.542
-138.368
-147.774
-155.458
-161.2
-164.81
-166.22
-165.369
-162.21
-156.74
-149.015
-139.127
-127.16
-113.167
-97.1562
-79.113
-58.8654
-36.4842
-11.4323
12.8303
80.974
84.1764
87.0247
89.1124
90.1441
90.0002
88.5414
85.8711
82.2681
77.9183
73.0471
67.9044
62.5654
57.0596
51.4166
45.5988
39.5702
33.311
26.799
20.0322
13.038
5.87246
-1.38176
-8.56197
-15.3912
-21.5694
-26.8504
-31.0272
-33.9174
-35.3757
-35.2472
-33.4391
-29.8795
-24.4823
-17.1447
-7.67036
4.02692
18.3097
32.914
71.3555
66.8579
61.1434
54.3392
47.0126
38.6452
29.5038
19.8612
9.62181
-1.05729
-12.1025
-23.5414
-35.3015
-47.351
-59.6406
-72.07
-84.5058
-96.7752
-108.652
-119.879
-130.16
-139.19
-146.682
-152.418
-156.213
-157.978
-157.628
-155.087
-150.316
-143.334
-134.203
-122.986
-109.731
-94.4452
-77.1275
-57.6508
-36.1303
-12.2451
10.755
75.0944
78.181
80.9525
83.0184
84.0969
84.0787
82.8291
80.4394
77.1721
73.2059
68.755
64.0573
59.1864
54.1708
49.0385
43.7518
38.2725
32.5758
26.6322
20.4296
13.9834
7.33572
0.554223
-6.21566
-12.7101
-18.6398
-23.7682
-27.8921
-30.8243
-32.4114
-32.4886
-30.9475
-27.7044
-22.6677
-15.7375
-6.74624
4.35061
17.7585
31.3164
66.0485
61.7487
56.3006
49.8333
42.8961
34.9921
26.382
17.3279
7.73995
-2.23304
-12.521
-23.1539
-34.0661
-45.2343
-56.6219
-68.1431
-79.6879
-91.1068
-102.203
-112.747
-122.471
-131.095
-138.345
-144.006
-147.911
-149.951
-150.026
-148.034
-143.904
-137.624
-129.224
-118.747
-106.229
-91.6802
-75.1076
-56.4269
-35.7925
-13.0738
8.69345
69.6358
72.6109
75.3056
77.3452
78.4601
78.5503
77.4851
75.3451
72.3782
68.7563
64.683
60.3849
55.9352
51.3619
46.6918
41.888
36.9117
31.7344
26.3214
20.6531
14.7338
8.59196
2.28015
-4.07288
-10.2183
-15.879
-20.8287
-24.8702
-27.8147
-29.5023
-29.7616
-28.4696
-25.5322
-20.8531
-14.3347
-5.83657
4.64805
17.1893
29.7414
61.1229
57.0099
51.8126
45.6613
39.0857
31.6127
23.4942
14.9832
5.99381
-3.33019
-12.924
-22.8178
-32.9526
-43.3115
-53.8673
-64.5478
-75.2603
-85.8774
-96.2264
-106.105
-115.27
-123.465
-130.435
-135.968
-139.916
-142.158
-142.585
-141.074
-137.529
-131.907
-124.209
-114.456
-102.672
-88.8673
-73.0564
-55.1933
-35.4669
-13.9094
6.65694
64.5656
67.4341
70.0522
72.0616
73.204
73.3874
72.4854
70.5686
67.8714
64.5599
60.8273
56.8902
52.8205
48.6468
44.3949
40.0297
35.5128
30.8135
25.8935
20.7275
15.3101
9.65737
3.80758
-2.1271
-7.91419
-13.2896
-18.0382
-21.9709
-24.8996
-26.6598
-27.0773
-26.0157
-23.3718
-19.0451
-12.9411
-4.94361
4.92108
16.6085
28.1965
56.5504
52.6144
47.6538
41.7996
35.5622
28.4905
20.8286
12.8201
4.38368
-4.34349
-13.2992
-22.5144
-31.9349
-41.549
-51.3375
-61.2395
-71.1771
-81.0397
-90.6778
-99.9118
-108.524
-116.278
-122.938
-128.301
-132.232
-134.612
-135.324
-134.231
-131.214
-126.203
-119.173
-110.125
-99.0698
-86.0136
-70.9775
-53.9502
-35.1484
-14.7418
4.6578
59.8552
62.6205
65.1632
67.1395
68.3015
68.5647
67.8074
66.0911
63.6378
60.607
57.183
53.5727
49.8472
46.0351
42.1623
38.1957
34.0979
29.8372
25.3734
20.6763
15.7331
10.5493
5.14964
-0.370117
-5.79404
-10.8724
-15.4018
-19.2019
-22.0888
-23.8953
-24.4468
-23.5963
-21.2324
-17.2513
-11.5616
-4.0693
5.17149
16.0225
26.6894
52.3048
48.5371
43.8008
38.2262
32.3061
25.6096
18.3732
10.8313
2.9067
-5.26904
-13.6366
-22.2267
-30.9904
-39.9196
-48.9999
-58.181
-67.3971
-76.5526
-85.5173
-94.1317
-102.202
-109.51
-115.84
-120.998
-124.865
-127.327
-128.263
-127.525
-124.98
-120.533
-114.136
-105.771
-95.4335
-83.1261
-68.875
-52.6966
-34.8324
-15.561
2.70756
55.478
58.1436
60.6115
62.5523
63.7271
64.0589
63.4307
61.8955
59.663
56.8872
53.7439
50.4307
47.0178
43.5343
40.0056
36.4009
32.6847
28.8252
24.7816
20.5203
16.0222
11.2839
6.31875
1.20703
-3.85335
-8.62645
-12.9222
-16.5695
-19.3911
-21.2192
-21.881
-21.2216
-19.1232
-15.4793
-10.2014
-3.21562
5.40144
15.4373
25.227
48.3627
44.7555
40.2318
34.9215
29.2996
22.9548
16.1159
9.00853
1.55907
-6.10592
-13.9304
-21.944
-30.1017
-38.3994
-46.8262
-55.3398
-63.8848
-72.379
-80.7078
-88.7306
-96.273
-103.138
-109.125
-114.053
-117.817
-120.31
-121.414
-120.975
-118.846
-114.916
-109.117
-101.408
-91.7748
-80.2136
-66.7518
-51.4328
-34.5127
-16.3571
0.817588
51.4099
53.979
56.3729
58.2757
59.458
59.849
59.336
57.9648
55.9333
53.3903
50.5032
47.4609
44.3328
41.1478
37.9318
34.6564
31.2875
27.7949
24.1372
20.279
16.1963
11.8786
7.32923
2.61394
-2.08564
-6.54963
-10.6011
-14.0793
-16.8144
-18.6412
-19.3906
-18.9021
-17.0533
-13.7365
-8.86573
-2.38424
5.61306
14.8588
23.8157
44.7024
41.2482
36.9268
31.8667
26.5261
20.5118
14.0452
7.34339
0.336143
-6.8546
-14.1762
-21.657
-29.2558
-36.97
-44.7932
-52.6888
-60.6102
-68.4862
-76.2162
-83.6766
-90.7097
-97.1375
-102.775
-107.455
-111.083
-113.569
-114.793
-114.599
-112.834
-109.374
-104.132
-97.0531
-88.1061
-77.2834
-64.6136
-50.1577
-34.1843
-17.1216
-1.00148
47.6284
50.1042
52.4251
54.2888
55.4735
55.9155
55.5057
54.2834
52.4355
50.1056
47.4533
44.6591
41.7909
38.8784
35.9471
32.9711
29.9189
26.7607
23.4565
19.9693
16.2725
12.3496
8.19504
3.86266
-0.48316
-4.6381
-8.43835
-11.7343
-14.3652
-16.1701
-16.9854
-16.6478
-15.0321
-12.0303
-7.55957
-1.57697
5.80886
14.2921
22.4615
41.3038
37.9962
33.8671
29.0448
23.9696
18.2665
12.1497
5.82704
-0.767476
-7.51726
-14.3722
-21.3599
-28.4413
-35.6166
-42.8812
-50.2042
-57.5463
-64.8455
-72.0133
-78.9403
-85.4853
-91.4858
-96.7746
-101.195
-104.663
-107.106
-108.406
-108.41
-106.96
-103.924
-99.2013
-92.7207
-84.4405
-74.3452
-62.4636
-48.8713
-33.8421
-17.8446
-2.74015
44.1134
46.499
48.7482
50.5713
51.7546
52.2403
51.9231
50.8365
49.1569
47.0228
44.5864
42.0199
39.3901
36.7266
34.0549
31.3516
28.5871
25.7338
22.7524
19.6061
16.266
12.7115
8.93015
4.96403
0.962029
-2.88706
-6.43278
-9.537
-12.0488
-13.8136
-14.6743
-14.4684
-13.0687
-10.3684
-6.28764
-0.795511
5.99076
13.7427
21.1694
38.1486
34.9814
31.0358
26.4395
21.6157
16.2061
10.4184
4.45126
-1.7575
-8.09639
-14.5172
-21.0473
-27.6498
-34.3258
-41.0736
-47.8663
-54.6703
-61.4317
-68.0728
-74.4955
-80.5743
-86.1616
-91.1041
-95.2592
-98.5512
-100.923
-102.264
-102.422
-101.242
-98.5861
-94.342
-88.4277
-80.7902
-71.4081
-60.307
-47.5729
-33.479
-18.5182
-4.38904
40.8466
43.1446
45.323
47.1046
48.2833
48.8064
48.5727
47.61
46.0853
44.1317
41.8944
39.5374
37.1264
34.691
32.2563
29.8016
27.2994
24.7236
22.0369
19.2028
16.1915
12.9789
9.54759
5.92965
2.25903
-1.29074
-4.58174
-7.48799
-9.86908
-11.5779
-12.4657
-12.3724
-11.1716
-8.75777
-5.05511
-0.0413331
6.16154
13.2145
19.9437
35.2202
32.1872
28.4171
24.036
19.4502
14.3185
8.84076
3.20768
-2.63971
-8.59456
-14.6114
-20.716
-26.8741
-33.0877
-39.3565
-45.6576
-51.962
-58.2223
-64.3706
-70.3189
-75.9548
-81.1442
-85.748
-89.6354
-92.7395
-95.0186
-96.3685
-96.6441
-95.6931
-93.3746
-89.5705
-84.1892
-77.1687
-68.4807
-58.1486
-46.2622
-33.0911
-19.1341
-5.93974
37.8105
40.0236
42.1325
43.8723
45.0432
45.5983
45.44
44.5909
43.209
41.4223
39.369
37.2056
34.996
32.7699
30.552
28.324
26.0607
23.7376
21.3193
18.7704
16.0608
13.1645
10.0599
6.77062
3.41701
0.157881
-2.88144
-5.58674
-7.82847
-9.46832
-10.3664
-10.3679
-9.34869
-7.20547
-3.86629
0.684079
6.32264
12.7116
18.7874
32.5027
29.5987
25.9962
21.8202
17.4605
12.5916
7.40656
2.08775
-3.4206
-9.01645
-14.656
-20.3647
-26.1099
-31.8943
-37.719
-43.5638
-49.4044
-55.1986
-60.8858
-66.3884
-71.605
-76.4139
-80.6887
-84.3107
-87.2204
-89.3898
-90.7239
-91.0848
-90.3249
-88.3048
-84.9026
-80.0202
-73.5884
-65.5731
-55.9929
-44.9395
-32.6733
-19.6856
-7.38565
34.9893
37.1202
39.1608
40.8584
42.0192
42.6014
42.5113
41.7668
40.5168
38.8848
37.0021
35.0177
32.994
30.9603
28.9411
26.9199
24.8742
22.7809
20.6069
18.3182
15.8849
13.2799
10.4785
7.49777
4.44535
1.46588
-1.32753
-3.83156
-5.92816
-7.48858
-8.38264
-8.46219
-7.60702
-5.71769
-2.72556
1.37928
6.47599
12.2368
17.7029
29.9818
27.2015
23.7595
19.7793
15.6343
11.0146
6.10623
1.08338
-4.10659
-9.3659
-14.6533
-19.9926
-25.3537
-30.7391
-36.1516
-41.5733
-46.9827
-52.343
-57.6002
-62.6849
-67.5057
-71.9528
-75.9104
-79.2718
-81.9848
-84.0329
-85.3308
-85.7493
-85.1475
-83.3895
-80.3526
-75.9349
-70.0616
-62.6939
-53.8451
-43.6053
-32.2212
-20.1668
-8.72117
32.3685
34.4199
36.3934
38.0483
39.1971
39.8022
39.7739
39.1256
37.998
36.5096
34.7853
32.9671
31.1151
29.2585
27.4214
25.5896
23.742
21.8579
19.9059
17.854
15.673
13.3353
10.8146
8.12187
5.35343
2.64076
0.0855177
-2.21983
-4.16833
-5.64143
-6.5188
-6.66106
-5.95311
-4.29995
-1.63684
2.04285
6.62307
11.7927
16.6918
27.644
24.9824
21.6942
17.901
13.9603
9.57724
4.93063
0.187155
-4.70322
-9.6468
-14.6048
-19.5995
-24.6027
-29.6176
-34.6469
-39.6755
-44.6843
-49.6411
-54.4975
-59.191
-63.6397
-67.7437
-71.3979
-74.5063
-77.0233
-78.9427
-80.1886
-80.6414
-80.1688
-78.6396
-75.9331
-71.9459
-66.6001
-59.852
-51.7104
-42.2597
-31.7316
-20.5724
-9.9413
29.9344
31.9086
33.8166
35.4287
36.5637
37.1881
37.2158
36.6563
35.6424
34.2876
32.7107
31.0466
29.3536
27.6605
25.9907
24.3318
22.6649
20.9709
19.2206
17.384
15.4328
13.3397
11.0774
8.65229
6.15025
3.69033
1.36353
-0.747921
-2.54782
-3.92801
-4.77836
-4.96946
-4.39247
-2.9574
-0.603631
2.67344
6.76458
11.3806
15.7542
25.4767
22.9293
19.7886
16.174
12.4279
8.2695
3.87098
-0.608793
-5.21672
-9.86384
-14.5132
-19.1858
-23.8553
-28.5251
-33.1987
-37.862
-42.4988
-47.0805
-51.5632
-55.8915
-59.9907
-63.7708
-67.1363
-70.0007
-72.3255
-74.1123
-75.2946
-75.7631
-75.3943
-74.0641
-71.6551
-68.0652
-63.2143
-57.0561
-49.5936
-40.9047
-31.2015
-20.8985
-11.0432
27.6744
29.5738
31.4177
32.9872
34.1069
34.7473
34.8257
34.3484
33.44
32.2098
30.7704
29.2495
27.7039
26.1617
24.6457
23.1451
21.6429
20.1217
18.5545
16.9132
15.1709
13.301
11.2757
9.09796
6.84426
4.62223
2.51283
0.588748
-1.06416
-2.34834
-3.1635
-3.3911
-2.92943
-1.69419
0.371012
3.26955
6.90122
11.0016
14.8896
23.4686
21.0309
18.0315
14.5877
11.0272
7.08232
2.91891
-1.31141
-5.65333
-10.0216
-14.3815
-18.753
-23.1111
-27.4595
-31.8017
-36.1257
-40.4167
-44.6495
-48.7848
-52.7721
-56.5445
-60.0198
-63.1123
-65.7436
-67.8815
-69.5343
-70.6453
-71.1147
-70.8281
-69.6697
-67.5279
-64.3027
-59.9143
-54.3141
-47.4999
-39.5412
-30.6297
-21.1429
-12.0247
25.5766
27.4036
29.1848
30.7119
31.815
32.4685
32.5931
32.1918
31.3817
30.2676
28.9564
27.569
26.1601
24.7573
23.3827
22.027
20.675
19.3108
17.9097
16.4454
14.8926
13.2257
11.4172
9.46723
7.44385
5.44415
3.53996
1.79517
0.285637
-0.901299
-1.67492
-1.92829
-1.56723
-0.513699
1.28445
3.83028
7.03301
10.6555
14.0965
21.6085
19.2764
16.4127
13.1323
9.7486
6.007
2.06683
-1.92758
-6.01858
-10.1245
-14.2126
-18.3022
-22.3695
-26.4183
-30.4523
-34.4606
-38.4304
-42.3389
-46.1508
-49.8207
-53.2878
-56.4776
-59.3126
-61.7225
-63.681
-65.2012
-66.236
-66.6944
-66.4721
-65.4618
-63.559
-60.6674
-56.7088
-51.6335
-45.4345
-38.1715
-30.0155
-21.3038
-12.8853
23.6302
25.3871
27.107
28.5921
29.6776
30.3415
30.508
30.177
29.4585
28.4528
27.2614
25.9981
24.7162
23.4422
22.1976
20.9747
19.7596
18.5381
17.2874
15.9833
14.6021
13.1195
11.5086
9.76757
7.95679
6.16362
4.45171
2.87678
1.5055
0.415378
-0.312325
-0.582188
-0.307941
0.581722
2.13471
4.35427
7.15989
10.3418
13.3727
19.8867
17.6562
14.9226
11.7985
8.58352
5.0353
1.30697
-2.46417
-6.31803
-10.1769
-14.0098
-17.8352
-21.6306
-25.3998
-29.1468
-32.8618
-36.533
-40.1403
-43.6517
-47.0263
-50.2088
-53.1315
-55.725
-57.9261
-59.7138
-61.1045
-62.0604
-62.4993
-62.3264
-61.4437
-59.7539
-57.1663
-53.6052
-49.0209
-43.4018
-36.798
-29.3586
-21.3812
-13.6254
21.8251
23.5139
25.1741
26.6174
27.6845
28.3565
28.5609
28.2949
27.6618
26.7573
25.6776
24.5302
23.3662
22.2114
21.0866
19.9851
18.8948
17.8028
16.6884
15.5291
14.3031
12.9872
11.5559
10.0056
8.39014
6.78785
5.25485
3.83959
2.6002
1.60492
0.925801
0.647329
0.847353
1.59048
2.92028
4.84057
7.28106
10.0591
12.7151
18.2936
16.1608
13.5521
10.5777
7.52368
4.1596
0.632409
-2.9272
-6.5569
-10.183
-13.7763
-17.354
-20.8951
-24.4034
-27.8831
-31.3249
-34.7189
-38.0464
-41.2788
-44.3788
-47.2968
-49.9708
-52.3385
-54.3435
-55.9693
-57.2357
-58.1123
-58.5255
-58.3898
-57.6167
-56.1165
-53.8049
-50.6098
-46.482
-41.4066
-35.4237
-28.6606
-21.3756
-14.2468
20.1515
21.7746
23.3763
24.7785
25.8264
26.5043
26.743
26.5372
25.9836
25.1737
24.1983
23.1588
22.1043
21.0597
20.0451
19.0549
18.0783
17.1038
16.1126
15.084
13.9979
12.8327
11.564
10.1874
8.75055
7.3237
5.9562
4.6898
3.57498
2.67128
2.04209
1.76143
1.89874
2.51191
3.64029
5.28825
7.39558
9.80556
12.1201
16.8204
14.7816
12.2927
9.46172
6.5613
3.37271
0.0366054
-3.32251
-6.74055
-10.1472
-13.5151
-16.8605
-20.1637
-23.4286
-26.6591
-29.8469
-32.9831
-36.0511
-39.0246
-41.8698
-44.5419
-46.9848
-49.1421
-50.9639
-52.4379
-53.586
-54.3844
-54.7679
-54.6598
-53.9807
-52.6489
-50.5872
-47.7276
-44.0222
-39.4534
-34.0515
-27.9235
-21.2896
-14.7525
18.6007
20.1601
21.7049
23.0662
24.0943
24.7763
25.046
24.8958
24.4163
23.6945
22.8165
21.8776
20.9247
19.982
19.0688
18.1804
17.3074
16.4395
15.5595
14.6488
13.6887
12.6593
11.5376
10.3185
9.04426
7.77779
6.56235
5.43375
4.43553
3.61919
3.04007
2.76233
2.8473
3.34624
4.29438
5.69659
7.50223
9.57872
11.5837
15.4589
13.5106
11.1367
8.44298
5.68925
2.66777
-0.486654
-3.65582
-6.87364
-10.0734
-13.2292
-16.3568
-19.4374
-22.4749
-25.4732
-28.4248
-31.3216
-34.1486
-36.882
-39.4913
-41.9354
-44.1639
-46.126
-47.7775
-49.1098
-50.1462
-50.8692
-51.2206
-51.1326
-50.5342
-49.352
-47.5155
-44.9621
-41.6456
-37.546
-32.685
-27.1502
-21.126
-15.1463
17.1644
18.6621
20.1514
21.4724
22.4802
23.1644
23.462
23.3631
22.9525
22.313
21.5258
20.6805
19.8218
18.9734
18.1533
17.3581
16.5793
15.8079
15.0284
14.2237
13.3769
12.4696
11.4803
10.4036
9.27688
8.15637
7.07984
6.07794
5.1879
4.45398
3.92407
3.65329
3.69511
4.09455
4.88275
6.06509
7.59965
9.37583
11.1011
14.2015
12.3401
10.0767
7.51437
4.90064
2.03839
-0.943331
-3.93249
-6.96093
-9.96557
-12.922
-15.8451
-18.7172
-21.5424
-24.3242
-27.056
-29.7306
-32.3342
-34.8452
-37.2359
-39.4693
-41.4994
-43.281
-44.7747
-45.9755
-46.9077
-47.5586
-47.877
-47.8032
-47.2742
-46.2247
-44.591
-42.3158
-39.3554
-35.6882
-31.3279
-26.3443
-20.8889
-15.4327
15.8347
17.2727
18.708
19.9892
20.9763
21.6611
21.9834
21.932
21.5853
21.0224
20.3199
19.5616
18.7904
18.0288
17.2944
16.5843
15.8912
15.2071
14.518
13.8086
13.0635
12.2657
11.3954
10.4469
9.45356
8.46527
7.515
6.62882
5.8384
5.18147
4.69912
4.43829
4.44513
4.75867
5.40622
6.39346
7.6863
9.19372
10.6676
13.0408
11.2631
9.10575
6.66922
4.18919
1.47861
-1.33894
-4.15742
-7.00689
-9.82739
-12.5962
-15.3273
-18.0044
-20.6311
-23.2114
-25.7388
-28.207
-30.6034
-32.9086
-35.0973
-37.1359
-38.983
-40.5981
-41.9464
-43.0258
-43.8612
-44.4442
-44.7298
-44.6658
-44.1966
-43.2648
-41.8132
-39.7899
-37.1541
-33.8831
-29.984
-25.5099
-20.5831
-15.6176
14.6044
15.9846
17.3673
18.6093
19.5751
20.259
20.6036
20.5955
20.3082
19.8166
19.1928
18.5153
17.825
17.1437
16.4878
15.8553
15.2401
14.6349
14.0272
13.4033
12.7492
12.0494
11.2857
10.4525
9.57911
8.71005
7.87394
7.09281
6.39346
5.80781
5.37079
5.12205
5.10101
5.34111
5.86604
6.68164
7.76063
9.02914
10.2782
11.9703
10.273
8.21742
5.90127
3.54897
0.982861
-1.67876
-4.33542
-7.01549
-9.66232
-12.2545
-14.8056
-17.3
-19.7415
-22.1338
-24.4712
-26.7479
-28.9526
-31.0674
-33.0696
-34.9285
-36.6071
-38.0689
-39.2837
-40.2516
-40.9978
-41.5176
-41.7715
-41.7139
-41.2967
-40.469
-39.1806
-37.3846
-35.0433
-32.1337
-28.6567
-24.6516
-20.2143
-15.7072
13.4666
14.7908
16.1223
17.3257
18.27
18.9515
19.3156
19.3474
19.1149
18.6896
18.1389
17.5364
16.9209
16.3133
15.7294
15.1678
14.6231
14.0891
13.5546
13.0072
12.4344
11.8221
11.1537
10.4237
9.65796
8.89599
8.1626
7.47628
6.85961
6.3394
5.94508
5.70987
5.66705
5.84498
6.264
6.92985
7.82116
8.87871
9.92784
10.9834
9.36358
7.40562
5.20475
2.9743
0.54586
-1.9675
-4.47073
-6.9907
-9.47374
-11.8998
-14.2818
-16.6053
-18.8739
-21.0911
-23.2518
-25.3509
-27.378
-29.317
-31.1471
-32.8407
-34.3644
-35.6857
-36.7783
-37.6443
-38.3089
-38.7701
-38.994
-38.9407
-38.5685
-37.8333
-36.6907
-35.0991
-33.0239
-30.4422
-27.35
-23.7744
-19.7884
-15.7083
12.4149
13.685
14.9666
16.1319
17.0545
17.7323
18.1135
18.1817
17.9998
17.6357
17.1528
16.6197
16.0733
15.5335
15.0155
14.5183
14.0375
13.5676
13.0987
12.6198
12.1194
11.5851
11.0016
10.3637
9.69417
9.02797
8.38655
7.78539
7.24331
6.78273
6.42824
6.2074
6.14801
6.27388
6.60224
7.13864
7.86652
8.73908
9.6114
10.0744
8.52901
6.66472
4.57416
2.46001
0.16275
-2.20979
-4.56761
-6.93616
-9.2647
-11.5345
-13.7579
-15.9214
-18.0285
-20.0827
-22.0793
-24.0138
-25.8767
-27.6533
-29.3249
-30.8666
-32.2482
-33.4409
-34.422
-35.1952
-35.7855
-36.1933
-36.3892
-36.3386
-36.0057
-35.3525
-34.3401
-32.9317
-31.096
-28.8104
-26.0673
-22.8833
-19.3118
-15.628
11.4434
12.6611
13.8942
15.022
15.9226
16.5955
16.9914
17.0925
16.9572
16.6498
16.2296
15.7605
15.2777
14.8002
14.3422
13.9037
13.4806
13.0683
12.6582
12.2402
11.8044
11.3394
10.8314
10.2754
9.69158
9.1107
8.55129
8.0262
7.55105
7.14443
6.82672
6.6206
6.54905
6.63181
6.88334
7.30878
7.89554
8.60708
9.32404
9.23768
7.76387
5.98944
4.00443
2.00127
-0.171085
-2.4098
-4.62983
-6.85527
-9.03807
-11.161
-13.2355
-15.2493
-17.2057
-19.1082
-20.9524
-22.7344
-24.4455
-26.0725
-27.5983
-29.0005
-30.2521
-31.3274
-32.2071
-32.8962
-33.4193
-33.7785
-33.9486
-33.8998
-33.6014
-33.0209
-32.1244
-30.8798
-29.2589
-27.2397
-24.8118
-21.9833
-18.7911
-15.4738
10.5464
11.7134
12.8993
13.9903
14.8686
15.5354
15.9437
16.0747
15.9821
15.7269
15.3645
14.9544
14.53
14.1095
13.7063
13.3208
12.9498
12.5893
12.2316
11.868
11.4894
11.0858
10.6447
10.1614
9.65372
9.14857
8.66196
8.20451
7.7891
7.43101
7.14701
6.95559
6.87555
6.92307
7.11013
7.44133
7.90724
8.47964
9.06102
8.46805
7.06305
5.3748
3.49076
1.59353
-0.459973
-2.57157
-4.66107
-6.75117
-8.79663
-10.7813
-12.7163
-14.5901
-16.4059
-18.1671
-19.8699
-21.5107
-23.0816
-24.5708
-25.9627
-27.2372
-28.3699
-29.3385
-30.1262
-30.7393
-31.2018
-31.5172
-31.6638
-31.6163
-31.3484
-30.8324
-30.0391
-28.9405
-27.5114
-25.7309
-23.5865
-21.0795
-18.2329
-15.2534
9.71863
10.8367
11.9766
13.0314
13.8872
14.5468
14.9654
15.1232
15.0696
14.8623
14.553
14.1971
13.8263
13.4578
13.1044
12.7669
12.4428
12.1287
11.8177
11.5023
11.1744
10.8251
10.4432
10.0243
9.58388
9.14574
8.7235
8.32593
7.96356
7.6489
7.39557
7.21857
7.13307
7.15219
7.28568
7.5376
7.9009
8.35405
8.81798
7.76068
6.42182
4.8162
3.02871
1.2325
-0.707841
-2.69879
-4.66466
-6.62688
-8.54283
-10.3977
-12.2018
-13.9446
-15.6293
-17.2592
-18.8308
-20.3409
-21.7826
-23.1449
-24.4139
-25.5715
-26.5959
-27.4675
-28.1721
-28.7168
-29.1249
-29.401
-29.5266
-29.4801
-29.2392
-28.7804
-28.0789
-27.1102
-25.8519
-24.2845
-22.3941
-20.1765
-17.6439
-14.9744
8.95524
10.0259
11.1211
12.1402
12.9735
13.6248
14.0517
14.2333
14.2152
14.0517
13.7911
13.4849
13.1629
12.8418
12.5336
12.2395
11.9575
11.6847
11.4153
11.1426
10.8595
10.5581
10.2283
9.8662
9.4852
9.1061
8.74059
8.39582
8.08036
7.80433
7.57877
7.41567
7.32719
7.32378
7.41328
7.59913
7.87609
8.22785
8.59083
7.11101
5.8357
4.3093
2.61415
0.914273
-0.918399
-2.79483
-4.64361
-6.48504
-8.27902
-10.0118
-11.6934
-13.3137
-14.8762
-16.384
-17.8339
-19.2233
-20.5458
-21.7914
-22.9478
-23.9986
-24.9245
-25.7081
-26.3377
-26.821
-27.1806
-27.4217
-27.5286
-27.483
-27.2663
-26.8583
-26.2381
-25.3848
-24.2782
-22.9005
-21.2368
-19.2789
-17.0302
-14.6443
8.25156
9.27632
10.3281
11.3122
12.1228
12.7648
13.198
13.4007
13.4146
13.291
13.075
12.814
12.5366
12.2585
11.9912
11.736
11.4917
11.2558
11.0233
10.7884
10.5448
10.2854
10.0015
9.68935
9.36059
9.03337
8.71766
8.41926
8.1451
7.90332
7.70276
7.55292
7.46342
7.44249
7.4963
7.62767
7.83264
8.09894
8.37591
6.51479
5.30054
3.85009
2.24316
0.635118
-1.09512
-2.86282
-4.60078
-6.32818
-8.00733
-9.62544
-11.1921
-12.6981
-14.1467
-15.5411
-16.8783
-18.1561
-19.3687
-20.5072
-21.5605
-22.514
-23.3502
-24.0544
-24.6165
-25.045
-25.3613
-25.5713
-25.6617
-25.6172
-25.422
-25.0593
-24.5112
-23.7599
-22.7878
-21.5783
-20.1163
-18.3906
-16.3979
-14.2705
7.6033
8.58374
9.5932
10.5428
11.3306
11.9625
12.4001
12.6212
12.6639
12.5765
12.4009
12.1812
11.9443
11.7051
11.4746
11.2544
11.0438
10.8407
10.6408
10.4391
10.2302
10.0078
9.76414
9.49578
9.21282
8.93105
8.65891
8.4011
8.16317
7.95162
7.77346
7.63615
7.54719
7.51295
7.53821
7.62512
7.77068
7.96562
8.16993
5.96808
4.81247
3.43479
1.91216
0.391652
-1.24117
-2.90574
-4.53885
-6.15863
-7.7296
-9.24007
-10.6991
-12.0983
-13.4409
-14.7298
-15.9627
-17.1375
-18.249
-19.2893
-20.2483
-21.113
-21.868
-22.5004
-23.002
-23.3814
-23.6594
-23.842
-23.9182
-23.8748
-23.6989
-23.3764
-22.8922
-22.2312
-21.3779
-20.3172
-19.0341
-17.5155
-15.7528
-13.86
7.00646
7.944
8.91234
9.82812
10.593
11.2138
11.6541
11.8911
11.9594
11.9047
11.7658
11.5834
11.383
11.179
10.9815
10.7927
10.612
10.438
10.267
10.0945
9.91601
9.72594
9.51746
9.2874
9.04449
8.80239
8.56826
8.34586
8.13962
7.95466
7.79651
7.67094
7.58371
7.53969
7.54244
7.59354
7.69058
7.8265
7.97007
5.46715
4.36788
3.05988
1.61779
0.180693
-1.35954
-2.92631
-4.46024
-5.9784
-7.44757
-8.85699
-10.2153
-11.5149
-12.7587
-13.9498
-15.0861
-16.1659
-17.1844
-18.1347
-19.0075
-19.7915
-20.4729
-21.0405
-21.4879
-21.8238
-22.0679
-22.2264
-22.2901
-22.2482
-22.0896
-21.8028
-21.3753
-20.7939
-20.0455
-19.1161
-17.9913
-16.6567
-15.1001
-13.4195
6.45722
7.35331
8.28168
9.16416
9.90608
10.515
10.9563
11.2067
11.2977
11.2723
11.1664
11.0178
10.8504
10.6779
10.5101
10.3492
10.1951
10.0468
9.90106
9.75425
9.60232
9.44046
9.26266
9.06603
8.85804
8.65048
8.44941
8.25782
8.0792
7.91757
7.77722
7.66258
7.578
7.52709
7.51243
7.53506
7.59293
7.68058
7.77392
5.00854
3.96335
2.72212
1.35694
-0.000733466
-1.45296
-2.92702
-4.36713
-5.78947
-7.16287
-8.47747
-9.74153
-10.948
-12.1
-13.2004
-14.2474
-15.2395
-16.1726
-17.0403
-17.8346
-18.5451
-19.16
-19.6694
-20.0683
-20.3655
-20.5797
-20.7172
-20.7703
-20.7299
-20.587
-20.332
-19.9545
-19.4434
-18.7873
-17.9735
-16.9885
-15.817
-14.4444
-12.9552
5.95209
6.8081
7.69761
8.54738
9.26629
9.86255
10.3032
10.5648
10.6757
10.6763
10.6001
10.4817
10.3439
10.1997
10.0583
9.92224
9.79171
9.66598
9.54251
9.41813
9.28936
9.15206
9.00094
8.83339
8.65577
8.4782
8.3058
8.14094
7.98634
7.84512
7.72058
7.61606
7.53478
7.47934
7.45152
7.45187
7.47855
7.52718
7.57948
4.58903
3.59576
2.41845
1.12668
-0.155341
-1.52394
-2.91016
-4.26157
-5.59355
-6.87684
-8.10249
-9.27837
-10.3981
-11.4647
-12.4809
-13.4453
-14.3566
-15.2112
-16.0035
-16.7261
-17.37
-17.9247
-18.3818
-18.7374
-19.0004
-19.1883
-19.3074
-19.3515
-19.3128
-19.1841
-18.9574
-18.6241
-18.175
-17.6
-16.8879
-16.026
-14.9987
-13.7901
-12.4728
5.48778
6.30502
7.15678
7.97441
8.67027
9.25313
9.69166
9.9622
10.0903
10.114
10.0642
9.97286
9.86147
9.74248
9.62458
9.51051
9.40077
9.29489
9.19088
9.08603
8.9774
8.86141
8.73343
8.59111
8.43982
8.28823
8.14064
7.99891
7.86514
7.74175
7.63122
7.53602
7.45848
7.40043
7.36294
7.34619
7.34839
7.36593
7.38516
4.2056
3.26217
2.14604
0.924336
-0.285658
-1.57483
-2.87778
-4.14537
-5.39215
-6.59073
-7.73299
-8.82642
-9.8652
-10.8523
-11.7906
-12.6787
-13.5156
-14.2981
-15.0213
-15.6787
-16.2622
-16.7626
-17.1728
-17.4899
-17.7225
-17.8874
-17.9906
-18.0269
-17.9901
-17.8743
-17.6728
-17.3786
-16.9839
-16.4802
-15.8575
-15.1037
-14.2037
-13.1407
-11.9775
5.06122
5.84101
6.65606
7.44211
8.11493
8.68371
9.11867
9.39612
9.53896
9.58285
9.55643
9.48909
9.40119
9.30457
9.20747
9.1128
9.02131
8.93283
8.84577
8.75788
8.66671
8.56915
8.4612
8.34071
8.21219
8.08303
7.95686
7.83511
7.71939
7.61153
7.51339
7.42675
7.35325
7.29408
7.2498
7.22022
7.20358
7.19671
7.18974
3.85547
2.95986
1.90228
0.747446
-0.393998
-1.60777
-2.83186
-4.02024
-5.1867
-6.30565
-7.36971
-8.38605
-9.34938
-10.2627
-11.1286
-11.9462
-12.7146
-13.4311
-14.0912
-14.6892
-15.2179
-15.6694
-16.0375
-16.3202
-16.5261
-16.6708
-16.7603
-16.7902
-16.7554
-16.6512
-16.4721
-16.2125
-15.8657
-15.4246
-14.8801
-14.2213
-13.4335
-12.4995
-11.4739
4.66956
5.41314
6.19252
6.94756
7.59733
8.15141
8.58146
8.86386
9.01901
9.0804
9.07455
9.02844
8.9613
8.88444
8.80567
8.72804
8.65253
8.57921
8.50687
8.43369
8.3576
8.27595
8.18527
8.08362
7.97473
7.86491
7.75719
7.65266
7.55254
7.4582
7.37101
7.29221
7.22291
7.16379
7.11503
7.07613
7.0453
7.01967
6.99232
3.53602
2.68629
1.68472
0.593676
-0.482553
-1.62472
-2.77412
-3.8877
-4.97847
-6.02257
-7.0133
-7.95756
-8.85056
-9.69525
-10.4943
-11.2467
-11.9521
-12.608
-13.2104
-13.7543
-14.2335
-14.6408
-14.9713
-15.2235
-15.4059
-15.5329
-15.6105
-15.635
-15.6024
-15.5087
-15.3497
-15.1206
-14.816
-14.4297
-13.9538
-13.3782
-12.689
-11.8692
-10.9662
4.31015
5.01874
5.76346
6.48805
7.11479
7.65359
8.07745
8.36297
8.52814
8.60453
8.61661
8.58912
8.54024
8.48073
8.41803
8.35531
8.29373
8.23358
8.17399
8.1135
8.05039
7.98242
7.90659
7.82115
7.72917
7.63598
7.54411
7.4544
7.36775
7.28517
7.20765
7.13602
7.07095
7.01279
6.96139
6.91601
6.87484
6.83512
6.79233
3.24484
2.4391
1.49111
0.460883
-0.553303
-1.62751
-2.70618
-3.74909
-4.76853
-5.74225
-6.66427
-7.54115
-8.36861
-9.14955
-9.88655
-10.5789
-11.2263
-11.8266
-12.3763
-12.8711
-13.3054
-13.6731
-13.9699
-14.195
-14.3566
-14.4682
-14.5356
-14.5557
-14.5253
-14.4412
-14.3
-14.0979
-13.8303
-13.4921
-13.0763
-12.5736
-11.971
-11.2521
-10.458
3.98051
4.65528
5.36634
6.06104
6.66481
7.18777
7.60424
7.89115
8.06419
8.15321
8.18079
8.16953
8.13657
8.09222
8.04355
7.99379
7.9443
7.89554
7.84693
7.79735
7.74539
7.68915
7.62606
7.55454
7.47707
7.39816
7.31989
7.24291
7.16789
7.09553
7.02653
6.96144
6.90059
6.84406
6.79146
6.74189
6.69348
6.64355
6.58944
2.97965
2.2161
1.31935
0.34709
-0.608082
-1.6178
-2.6295
-3.60565
-4.55785
-5.46545
-6.32305
-7.13695
-7.90331
-8.62504
-9.30456
-9.94144
-10.5354
-11.0848
-11.5864
-12.0365
-12.4302
-12.7622
-13.0289
-13.23
-13.3733
-13.4716
-13.5302
-13.5468
-13.5186
-13.4432
-13.318
-13.1397
-12.9047
-12.6086
-12.2453
-11.8065
-11.2799
-10.6499
-9.95238
3.67835
4.32046
4.99883
5.6642
6.24503
6.75166
7.15961
7.44628
7.62513
7.7246
7.76546
7.76821
7.74904
7.71783
7.68131
7.64277
7.60371
7.56476
7.52559
7.48536
7.44293
7.39671
7.34452
7.28491
7.21989
7.15319
7.08658
7.02053
6.95552
6.89205
6.83059
6.77143
6.71472
6.6603
6.60764
6.55569
6.50254
6.44554
6.38355
2.7384
2.01525
1.16747
0.250457
-0.648605
-1.59713
-2.54542
-3.45853
-4.34734
-5.19275
-5.98994
-6.74493
-7.45436
-8.12104
-8.74733
-9.33295
-9.87785
-10.3805
-10.8382
-11.2477
-11.6047
-11.9045
-12.1443
-12.3242
-12.4515
-12.5382
-12.5893
-12.603
-12.5771
-12.5096
-12.3986
-12.2414
-12.0352
-11.776
-11.4587
-11.0757
-10.6157
-10.064
-9.45201
3.40153
4.01209
4.65875
5.29533
5.85333
6.34317
6.74153
7.02643
7.20906
7.31696
7.36909
7.38383
7.37648
7.35656
7.33051
7.30163
7.27153
7.24098
7.20988
7.17762
7.14331
7.10565
7.06275
7.01331
6.95891
6.90267
6.84603
6.78936
6.73298
6.67724
6.62242
6.56867
6.51595
6.46399
6.41212
6.35921
6.30333
6.2418
6.17469
2.51917
1.83472
1.03374
0.169339
-0.676397
-1.5669
-2.45515
-3.30871
-4.13774
-4.92469
-5.66518
-6.36501
-7.02134
-7.63688
-8.21385
-8.75212
-9.25181
-9.71164
-10.1293
-10.5019
-10.8257
-11.0966
-11.3124
-11.4734
-11.5867
-11.6633
-11.708
-11.7195
-11.6958
-11.6357
-11.5373
-11.3989
-11.2179
-10.9911
-10.714
-10.3799
-9.9783
-9.49553
-8.9591
3.14812
3.72821
4.3441
4.95241
5.48767
5.96031
6.34807
6.62979
6.81426
6.92875
6.99035
7.01519
7.01784
7.00755
6.99044
6.96981
6.94735
6.92397
6.89973
6.87425
6.84685
6.81644
6.78144
6.74067
6.69534
6.64802
6.5999
6.55127
6.50233
6.45331
6.40437
6.35554
6.30666
6.25736
6.20692
6.15414
6.0971
6.03307
5.96309
2.32023
1.67286
0.916532
0.102263
-0.692789
-1.52826
-2.35968
-3.15703
-3.92966
-4.66166
-5.34892
-5.99711
-6.60395
-7.17194
-7.70314
-8.19761
-8.65565
-9.07622
-9.45729
-9.79631
-10.0901
-10.3351
-10.5294
-10.6737
-10.7747
-10.8427
-10.882
-10.8917
-10.8703
-10.8168
-10.7299
-10.608
-10.4493
-10.2509
-10.0091
-9.71767
-9.36726
-8.94509
-8.47541
2.91634
3.46699
4.05302
4.63357
5.14618
5.60118
5.97737
6.25459
6.43903
6.55859
6.62806
6.66124
6.67218
6.66998
6.66044
6.64681
6.63084
6.61352
6.5951
6.57537
6.55379
6.52953
6.50123
6.46783
6.43021
6.3905
6.34967
6.30792
6.2654
6.22224
6.1785
6.13414
6.08892
6.04242
5.99387
5.94206
5.88506
5.82014
5.74903
2.13979
1.52791
0.814202
0.0476762
-0.699233
-1.48243
-2.26002
-3.00424
-3.72353
-4.40389
-5.04111
-5.641
-6.20183
-6.72563
-7.21427
-7.66817
-8.08782
-8.47232
-8.8199
-9.12837
-9.39497
-9.61663
-9.79187
-9.92142
-10.0117
-10.0721
-10.107
-10.1154
-10.0962
-10.0488
-9.97219
-9.8651
-9.72598
-9.55265
-9.34165
-9.08768
-8.7821
-8.41319
-8.00237
2.70438
3.22667
3.78383
4.3371
4.82718
5.26414
5.62776
5.89917
6.08165
6.20517
6.28122
6.32102
6.33863
6.34314
6.33996
6.3322
6.32168
6.30946
6.29594
6.28102
6.26437
6.24528
6.22264
6.19548
6.16443
6.13119
6.09659
6.06076
6.0238
5.98575
5.94664
5.90635
5.86462
5.82097
5.77465
5.72442
5.66837
5.6038
5.53295
1.97609
1.39801
0.724893
0.00372272
-0.697386
-1.43108
-2.15755
-2.85137
-3.52008
-4.15196
-4.74151
-5.29588
-5.81408
-6.29688
-6.7459
-7.1622
-7.54648
-7.8979
-8.21488
-8.49557
-8.73758
-8.93828
-9.09647
-9.213
-9.2939
-9.34788
-9.37895
-9.38645
-9.36958
-9.32778
-9.26038
-9.16645
-9.04472
-8.89339
-8.70948
-8.4883
-8.22204
-7.89996
-7.54102
2.5105
3.00555
3.53488
4.06153
4.52939
4.94803
5.29822
5.56242
5.74021
5.86686
5.9486
5.99348
6.01626
6.02628
6.02842
6.02558
6.01959
6.01163
6.00219
5.99132
5.97877
5.96402
5.94614
5.92426
5.89877
5.87105
5.84177
5.81103
5.77887
5.74532
5.71033
5.67377
5.63533
5.59456
5.55068
5.50249
5.44811
5.38484
5.31532
1.828
1.28209
0.647532
-0.0306558
-0.68841
-1.37536
-2.05338
-2.69957
-3.3204
-3.90681
-4.4502
-4.96115
-5.43974
-5.88446
-6.29654
-6.67794
-7.02966
-7.35073
-7.63974
-7.8952
-8.11501
-8.29692
-8.43999
-8.54505
-8.61784
-8.66633
-8.69431
-8.70129
-8.68666
-8.65009
-8.59107
-8.50893
-8.40264
-8.27073
-8.11065
-7.91823
-7.68645
-7.40553
-7.09229
2.33348
2.80232
3.30486
3.80545
4.25144
4.65152
4.98783
5.24374
5.41346
5.54242
5.62903
5.67748
5.70407
5.71854
5.7251
5.72633
5.72411
5.71971
5.71368
5.70618
5.69706
5.68596
5.6721
5.65469
5.63392
5.61092
5.58622
5.55987
5.5319
5.50231
5.47103
5.43788
5.40257
5.36464
5.32335
5.2775
5.2253
5.16405
5.09671
1.69551
1.18047
0.582808
-0.054547
-0.671292
-1.31408
-1.94661
-2.54827
-3.12439
-3.66755
-4.16783
-4.63913
-5.08111
-5.48965
-5.86664
-6.21536
-6.53675
-6.82963
-7.09277
-7.32509
-7.52472
-7.6897
-7.81928
-7.91425
-7.97997
-8.02383
-8.04931
-8.05609
-8.04368
-8.01197
-7.96057
-7.88896
-7.79645
-7.68174
-7.54266
-7.37559
-7.17415
-6.9295
-6.6565
2.17308
2.6165
3.09261
3.56717
3.99112
4.37179
4.69377
4.94064
5.10135
5.23313
5.32302
5.37286
5.40185
5.41978
5.42978
5.43416
5.43494
5.43339
5.43016
5.42544
5.41917
5.41111
5.40065
5.38703
5.37028
5.35134
5.33057
5.30806
5.28378
5.25773
5.2298
5.19981
5.16749
5.13236
5.09375
5.0505
5.00087
4.94218
4.87769
1.57773
1.09235
0.530322
-0.0680348
-0.645565
-1.24623
-1.83542
-2.39552
-2.92952
-3.4316
-3.89225
-4.33085
-4.74048
-5.11339
-5.45607
-5.77406
-6.06724
-6.33375
-6.5728
-6.7837
-6.96491
-7.11454
-7.23194
-7.318
-7.37761
-7.41759
-7.44119
-7.44811
-7.43802
-7.41097
-7.36659
-7.30449
-7.22427
-7.12483
-7.00424
-6.8594
-6.68464
-6.47195
-6.23451
2.02839
2.44701
2.89694
3.3451
3.7463
4.10586
4.41268
4.64789
4.80043
4.94014
5.03194
5.07965
5.10952
5.13028
5.14299
5.14973
5.15277
5.15347
5.15247
5.14997
5.14601
5.14041
5.13271
5.12221
5.10885
5.09331
5.07591
5.0567
5.03565
5.01273
4.98783
4.96079
4.93131
4.89895
4.86305
4.82251
4.77567
4.7199
4.6586
1.48687
1.0245
0.489202
-0.0777563
-0.622544
-1.18588
-1.73195
-2.24733
-2.729
-3.18488
-3.57742
-3.99675
-4.39732
-4.74987
-5.07262
-5.37539
-5.65528
-5.90896
-6.13613
-6.33654
-6.50863
-6.65058
-6.76174
-6.8431
-6.89938
-6.93711
-6.95964
-6.96663
-6.95822
-6.93463
-6.89408
-6.83806
-6.76609
-6.67698
-6.56895
-6.43926
-6.28284
-6.09238
-5.88005
1.9165
2.31447
2.74226
3.16399
3.53889
3.86753
4.1422
4.33764
4.46574
4.64877
4.7597
4.81163
4.84748
4.87561
4.89409
4.90512
4.91173
4.91565
4.91754
4.91772
4.91637
4.91343
4.90853
4.90106
4.89082
4.87825
4.86362
4.84702
4.82842
4.80779
4.78503
4.76002
4.73247
4.70201
4.66799
4.62934
4.58448
4.53075
4.47183
1.41498
0.971283
0.457987
-0.0827944
-0.598789
-1.12703
-1.63088
-2.09885
-2.52193
-2.92552
-3.23304
-3.64758
-4.05528
-4.39809
-4.71052
-5.00806
-5.28431
-5.5341
-5.75747
-5.95446
-6.1235
-6.26271
-6.37146
-6.45088
-6.50573
-6.54257
-6.56493
-6.57222
-6.56523
-6.54434
-6.50539
-6.45292
-6.38631
-6.30393
-6.20414
-6.08463
-5.94077
-5.76559
-5.57028
1.827
2.2071
2.61384
3.00881
3.35421
3.64494
3.87654
4.01791
4.11088
4.35519
4.49865
4.56095
4.60656
4.64512
4.67179
4.68879
4.70017
4.70816
4.71359
4.71695
4.71856
4.71856
4.71668
4.71236
4.70524
4.6955
4.6834
4.66908
4.65253
4.63372
4.6126
4.58901
4.56272
4.5334
4.50041
4.46271
4.41878
4.36584
4.30759
1.34515
0.920416
0.429526
-0.0846165
-0.571531
-1.06433
-1.5265
-1.94762
-2.31509
-2.66726
-2.89511
-3.30067
-3.7127
-4.04533
-4.34598
-4.63651
-4.90801
-5.15318
-5.37212
-5.56524
-5.73105
-5.86742
-5.97388
-6.05154
-6.10514
-6.14128
-6.16368
-6.17149
-6.16618
-6.14841
-6.11158
-6.06315
-6.00249
-5.92732
-5.83609
-5.72691
-5.59567
-5.43593
-5.25976
1.73928
2.10146
2.48706
2.85545
3.17205
3.42533
3.61575
3.70572
3.76405
4.05767
4.23322
4.30598
4.35957
4.40739
4.44187
4.46458
4.48047
4.49228
4.5011
4.50753
4.51201
4.51482
4.51588
4.51464
4.51054
4.50356
4.49395
4.48184
4.46727
4.45028
4.43081
4.4088
4.38404
4.3562
4.32467
4.28845
4.24601
4.19468
4.13909
1.27777
0.872073
0.403834
-0.0835522
-0.541327
-0.998651
-1.42004
-1.79489
-2.11009
-2.40961
-2.56626
-2.95776
-3.36931
-3.69168
-3.97999
-4.26183
-4.52733
-4.76717
-4.98117
-5.17003
-5.33232
-5.4658
-5.57004
-5.64609
-5.69865
-5.73424
-5.7567
-5.76489
-5.76098
-5.74576
-5.71039
-5.66512
-5.60942
-5.54047
-5.45689
-5.35723
-5.23767
-5.09147
-4.9277
1.65388
1.99829
2.36282
2.70506
2.99366
3.21004
3.36146
3.40201
3.42748
3.75681
3.96256
4.04695
4.10732
4.16297
4.20469
4.23296
4.25309
4.26843
4.28037
4.28965
4.29683
4.30231
4.30617
4.30791
4.30679
4.30257
4.29548
4.28564
4.27311
4.25789
4.23989
4.21906
4.19526
4.16822
4.13741
4.10195
4.0603
4.00936
3.95224
1.21344
0.826683
0.381112
-0.0796576
-0.508547
-0.930772
-1.31255
-1.64201
-1.9084
-2.15371
-2.24841
-2.62062
-3.02578
-3.3371
-3.61271
-3.88444
-4.14255
-4.37631
-4.58491
-4.76925
-4.92787
-5.05851
-5.16053
-5.23504
-5.28688
-5.32263
-5.34632
-5.35649
-5.35595
-5.34549
-5.31425
-5.27467
-5.22615
-5.16535
-5.09085
-5.00153
-4.89443
-4.76478
-4.62681
1.57159
1.89848
2.24219
2.55887
2.82037
3.00024
3.11468
3.10595
3.10089
3.45325
3.68591
3.78313
3.84989
3.9121
3.96023
3.99371
4.01795
4.03677
4.05174
4.06372
4.07342
4.0814
4.08783
4.09234
4.09397
4.09232
4.0876
4.08005
4.06985
4.05705
4.04169
4.02372
4.00294
3.97896
3.95121
3.91868
3.88015
3.83362
3.78614
1.15268
0.784521
0.361262
-0.0732996
-0.473897
-0.861775
-1.20548
-1.49079
-1.71173
-1.90128
-1.94276
-2.29043
-2.68269
-2.98151
-3.24415
-3.50457
-3.75395
-3.98078
-4.18351
-4.36303
-4.51804
-4.64623
-4.74664
-4.8199
-4.87032
-4.90454
-4.92683
-4.93563
-4.93433
-4.92384
-4.89201
-4.85348
-4.80783
-4.75151
-4.68331
-4.60227
-4.50465
-4.38261
-4.23896
1.49319
1.80304
2.12627
2.41826
2.65341
2.79708
2.87635
2.81688
2.78281
3.14738
3.40286
3.51367
3.58715
3.65542
3.70929
3.74723
3.7749
3.79679
3.81477
3.82964
3.84207
3.85268
3.86183
3.86921
3.87373
3.8747
3.87209
3.86608
3.85672
3.84398
3.82791
3.80859
3.78612
3.76048
3.73141
3.69801
3.65839
3.60792
3.54599
1.09605
0.745596
0.343713
-0.0656372
-0.438771
-0.79339
-1.10049
-1.34296
-1.52137
-1.65391
-1.65028
-1.96805
-2.34078
-2.62507
-2.87402
-3.12193
-3.36141
-3.58062
-3.7771
-3.95139
-4.10227
-4.22765
-4.32705
-4.40183
-4.45624
-4.49606
-4.52538
-4.54233
-4.55069
-4.55119
-4.52953
-4.5017
-4.4672
-4.42189
-4.3645
-4.29489
-4.2124
-4.11663
-4.02978
1.41979
1.71341
2.01671
2.28491
2.4937
2.60056
2.6454
2.53219
2.46954
2.83881
3.11354
3.23753
3.31749
3.39186
3.4523
3.49539
3.52615
3.54976
3.56912
3.5856
3.6
3.61291
3.62471
3.63507
3.64297
3.64782
3.64979
3.6492
3.64623
3.64092
3.63324
3.62291
3.6096
3.5926
3.57124
3.54486
3.51346
3.47801
3.45218
1.04422
0.709933
0.327679
-0.0581985
-0.405258
-0.728062
-0.999555
-1.19987
-1.33804
-1.41292
-1.37129
-1.65389
-2.00069
-2.26792
-2.50187
-2.7356
-2.96364
-3.1746
-3.36527
-3.53543
-3.68322
-3.80532
-3.89946
-3.96577
-4.00943
-4.03829
-4.05692
-4.06342
-4.06175
-4.05255
-4.02258
-3.98935
-3.95243
-3.90778
-3.85409
-3.79026
-3.71056
-3.60187
-3.45144
1.3526
1.63121
1.91558
2.16106
2.34244
2.41091
2.42083
2.24902
2.15513
2.52493
2.81829
2.95615
3.04126
3.11863
3.18395
3.23386
3.2717
3.3009
3.32365
3.34166
3.35655
3.36966
3.38176
3.39234
3.39954
3.40206
3.39997
3.39353
3.38292
3.36832
3.35008
3.32867
3.30461
3.27828
3.24974
3.21782
3.1784
3.12184
3.03713
0.997833
0.678346
0.313946
-0.0507192
-0.37397
-0.66764
-0.905268
-1.06522
-1.16595
-1.18236
-1.10639
-1.34803
-1.66269
-1.91013
-2.12777
-2.34548
-2.5593
-2.75905
-2.94186
-3.10808
-3.25688
-3.38659
-3.49635
-3.58655
-3.65807
-3.71383
-3.75881
-3.79155
-3.81783
-3.83783
-3.83255
-3.82118
-3.80416
-3.77671
-3.73799
-3.68976
-3.63701
-3.58951
-3.58904
1.29211
1.55698
1.82396
2.04885
2.20274
2.23442
2.21011
1.96892
1.83364
2.19964
2.5122
2.66976
2.76679
2.84748
2.90937
2.95404
2.99001
3.02311
3.05435
3.08279
3.10799
3.13035
3.15103
3.17135
3.19179
3.21114
3.2283
3.24326
3.25587
3.26594
3.27297
3.27632
3.27525
3.26919
3.25769
3.24128
3.22347
3.21307
3.2379
0.957295
0.651753
0.30399
-0.0414185
-0.343707
-0.612551
-0.820758
-0.947003
-1.01536
-0.969296
-0.856896
-1.05233
-1.3276
-1.55021
-1.74992
-1.95223
-2.15249
-2.33982
-2.50962
-2.66059
-2.79009
-2.89328
-2.96582
-3.00652
-3.02658
-3.03951
-3.04764
-3.04698
-3.03927
-3.02553
-2.9953
-2.96546
-2.93547
-2.90191
-2.86293
-2.8152
-2.74629
-2.63068
-2.42539
1.23834
1.49056
1.74203
1.94929
2.07819
2.08181
2.02469
1.69287
1.50241
1.86057
2.18245
2.35645
2.47794
2.58725
2.67086
2.7204
2.74254
2.74942
2.75109
2.75334
2.75849
2.76705
2.77794
2.78681
2.7879
2.78144
2.77031
2.75537
2.73703
2.71592
2.69288
2.66894
2.6449
2.62107
2.59644
2.56788
2.52585
2.44994
2.3086
0.923132
0.627332
0.291894
-0.0378856
-0.322288
-0.569068
-0.749963
-0.847524
-0.882399
-0.765969
-0.619315
-0.770991
-1.00116
-1.18884
-1.36119
-1.54324
-1.73345
-1.92333
-2.10854
-2.28759
-2.4596
-2.6249
-2.78397
-2.93234
-3.05406
-3.14379
-3.21593
-3.27403
-3.33095
-3.38352
-3.40627
-3.41676
-3.42038
-3.41406
-3.39731
-3.37505
-3.36371
-3.39178
-3.53544
1.19482
1.43736
1.67567
1.86561
1.96795
1.94483
1.83567
1.38819
1.15327
1.52183
1.84392
2.00555
2.11213
2.22136
2.33792
2.45482
2.56477
2.65881
2.73207
2.78513
2.82193
2.84746
2.86875
2.89665
2.93899
2.9879
3.03331
3.07321
3.10778
3.13681
3.15934
3.17415
3.18052
3.17849
3.17004
3.15975
3.16123
3.20013
3.3269
0.897295
0.598115
0.261154
-0.0639966
-0.336104
-0.559087
-0.702823
-0.755769
-0.728279
-0.531971
-0.376919
-0.49863
-0.691079
-0.844645
-0.976758
-1.1058
-1.23319
-1.35503
-1.46818
-1.56859
-1.64873
-1.69685
-1.704
-1.67518
-1.64632
-1.63759
-1.6386
-1.63146
-1.61115
-1.59525
-1.56098
-1.53089
-1.51078
-1.49223
-1.47023
-1.44027
-1.3785
-1.24362
-0.940812
1.17107
1.4124
1.64223
1.8106
1.872
1.79144
1.56063
0.985464
0.753429
1.17463
1.55375
1.76658
1.86829
1.88929
1.84564
1.76806
1.68758
1.62889
1.59927
1.59565
1.61122
1.64008
1.67331
1.69308
1.68431
1.66019
1.63742
1.61741
1.59898
1.5816
1.56671
1.55598
1.55034
1.54951
1.55088
1.54674
1.51572
1.41683
1.18839
0.883197
0.568438
0.215891
-0.118171
-0.38733
-0.589582
-0.691503
-0.683604
-0.56406
-0.28642
-0.127911
-0.208154
-0.361542
-0.518406
-0.68456
-0.862979
-1.05393
-1.25727
-1.47469
-1.71038
-1.96988
-2.25471
-2.54971
-2.82029
-3.00939
-3.11971
-3.22468
-3.30947
-3.44687
-3.65605
-3.57836
-3.57036
-3.61755
-3.64852
-3.65407
-3.65778
-3.69715
-3.82168
-4.12979
1.16956
1.41852
1.64698
1.79523
1.81027
1.64833
1.24783
0.561877
0.284041
0.658139
1.09338
1.52851
1.95569
2.36639
2.71478
2.97376
3.14787
3.24369
3.28024
3.27882
3.25725
3.22913
3.21373
3.24367
3.33381
3.43878
3.521
3.58362
3.63463
3.67578
3.70467
3.71986
3.72202
3.71356
3.7002
3.69349
3.72274
3.83331
4.10178
127.241
124.076
120.174
115.642
110.409
104.576
98.4401
92.306
86.3159
80.4902
74.8219
69.3136
63.9766
58.8228
53.8608
49.0968
44.5344
40.1754
36.0206
32.069
28.3179
24.7641
21.4032
18.2303
15.2402
12.4275
9.78715
7.3139
5.00371
2.85212
0.855431
-0.989574
-2.68639
-4.2377
-5.64633
-6.91536
-8.04779
-9.04719
-9.91736
-10.6626
-11.2875
-11.7976
-12.1985
-12.4964
-12.6979
-12.8103
-12.8407
-12.7964
-12.6848
-12.5134
-12.2895
-12.0199
-11.7116
-11.3708
-11.0036
-10.6153
-10.2109
-9.79511
-9.37174
-8.94437
-8.51604
-8.08934
-7.66651
-7.2493
-6.83936
-6.43755
-6.04542
-5.71346
-5.41783
-5.12557
-4.80062
-4.5274
-4.12487
-3.97645
-3.32798
-3.60358
-2.26621
-3.63785
-0.754594
-4.33261
127.014
123.073
118.403
113.487
108.346
103.096
97.8726
92.7656
87.7907
82.9627
78.2898
73.7789
69.4388
65.2756
61.2942
57.4975
53.8869
50.4627
47.2235
44.1659
41.2861
38.5789
36.0386
33.6587
31.4325
29.3533
27.4143
25.6087
23.9302
22.3726
20.9303
19.5975
18.3688
17.2388
16.2026
15.255
14.3906
13.6044
12.891
12.245
11.6609
11.1334
10.657
10.2263
9.83594
9.48094
9.15638
8.85769
8.58057
8.32115
8.07587
7.84162
7.61569
7.39575
7.17987
6.96646
6.7543
6.54246
6.3303
6.11742
5.90364
5.6889
5.47331
5.25704
5.04038
4.82381
4.60736
4.42278
4.2587
4.09347
3.90343
3.74913
3.49141
3.43508
2.96468
3.25745
2.20357
3.40458
1.03963
4.21948
49.4197
48.8717
48.6546
48.4728
48.2447
47.93
47.4832
46.8697
46.0612
45.0472
43.8363
42.4437
40.885
39.176
37.3326
35.372
33.3122
31.172
28.9697
26.7241
24.4533
22.1749
19.9051
17.6591
15.4511
13.2933
11.1966
9.17032
7.22272
5.36027
3.58856
1.9123
0.334803
-1.14091
-2.5126
-3.77881
-4.93852
-5.99147
-6.93784
-7.77848
-8.51486
-9.14922
-9.68438
-10.1236
-10.4712
-10.7317
-10.9102
-11.0122
-11.0436
-11.0104
-10.9187
-10.7749
-10.5851
-10.3551
-10.0908
-9.79762
-9.48063
-9.14453
-8.79364
-8.43185
-8.06264
-7.68902
-7.31372
-6.93891
-6.56672
-6.19851
-5.83589
-5.52737
-5.25034
-4.97781
-4.66805
-4.4146
-4.02279
-3.89346
-3.25606
-3.53753
-2.23733
-3.56065
-0.806444
-4.21402
49.7348
49.8256
50.3049
50.8167
51.1962
51.4072
51.4256
51.2376
50.8415
50.2526
49.4856
48.5542
47.4756
46.265
44.9394
43.5159
42.0115
40.4432
38.8284
37.1835
35.5242
33.8649
32.2191
30.5989
29.0146
27.4751
25.9877
24.5582
23.1909
21.8889
20.6544
19.4884
18.391
17.362
16.4003
15.5045
14.6728
13.9028
13.1923
12.5381
11.9372
11.3864
10.8821
10.4204
9.99779
9.61022
9.25392
8.92508
8.62006
8.33537
8.06776
7.81422
7.57203
7.33879
7.11239
6.89105
6.67329
6.45791
6.24399
6.03085
5.81804
5.60526
5.3924
5.17948
4.9666
4.75414
4.54194
4.36134
4.20045
4.03948
3.85218
3.70315
3.44799
3.39527
2.93425
3.21511
2.20056
3.34413
1.0815
4.10892
22.603
22.3592
22.1388
21.8893
21.6345
21.3898
21.1567
20.9348
20.7189
20.5043
20.2835
20.0448
19.7751
19.4624
19.0959
18.6658
18.1647
17.5867
16.9277
16.1858
15.3615
14.4571
13.477
12.4277
11.3169
10.154
8.94938
7.71407
6.45977
5.198
3.94019
2.69754
1.48029
0.29817
-0.839971
-1.92633
-2.95397
-3.91705
-4.81064
-5.63076
-6.37453
-7.04013
-7.6266
-8.13371
-8.56239
-8.91423
-9.19151
-9.3973
-9.53521
-9.60941
-9.62442
-9.58502
-9.49624
-9.36313
-9.19073
-8.98404
-8.74784
-8.4867
-8.2049
-7.90643
-7.59496
-7.27377
-6.94586
-6.61373
-6.27981
-5.94599
-5.61371
-5.32942
-5.07197
-4.81943
-4.52707
-4.29141
-3.91723
-3.79682
-3.19033
-3.44882
-2.22956
-3.44785
-0.886485
-4.04335
22.6945
22.6707
22.7378
22.824
22.9516
23.1376
23.3704
23.6373
23.929
24.2349
24.5394
24.8267
25.0836
25.297
25.456
25.5511
25.5749
25.5215
25.3875
25.1715
24.8738
24.497
24.0452
23.5244
22.9416
22.305
21.6234
20.9062
20.1626
19.4017
18.6323
17.8625
17.0996
16.35
15.6195
14.9125
14.233
13.5837
12.9668
12.3835
11.8344
11.3197
10.8386
10.3901
9.9726
9.58434
9.22315
8.88667
8.57242
8.27788
8.00054
7.73796
7.48779
7.2479
7.01629
6.79126
6.57126
6.35503
6.14152
5.92988
5.71949
5.50989
5.30081
5.09214
4.88385
4.67625
4.46896
4.29287
4.13582
3.97933
3.79621
3.65101
3.40304
3.3471
2.90807
3.15947
2.20934
3.26262
1.14167
3.97841
22.1315
22.0025
21.8352
21.6141
21.3361
20.9978
20.6031
20.1654
19.6966
19.2027
18.6865
18.15
17.5955
17.0249
16.4394
15.8391
15.2238
14.5922
13.9425
13.2726
12.58
11.8624
11.1174
10.3435
9.53931
8.70481
7.84083
6.94921
6.03324
5.09699
4.14576
3.18578
2.22378
1.26706
0.323243
-0.600116
-1.49553
-2.356
-3.1749
-3.94636
-4.66531
-5.32758
-5.92969
-6.46894
-6.94382
-7.35352
-7.69812
-7.97853
-8.19635
-8.35388
-8.45401
-8.50004
-8.49573
-8.44507
-8.35227
-8.22163
-8.05743
-7.86391
-7.64514
-7.40502
-7.14723
-6.87514
-6.59192
-6.30032
-6.00294
-5.70213
-5.39912
-5.13809
-4.89901
-4.66514
-4.38918
-4.17053
-3.81232
-3.70278
-3.12012
-3.36875
-2.20442
-3.36041
-0.920533
-3.92529
22.2032
22.2337
22.2457
22.2228
22.1725
22.0967
21.9964
21.8779
21.7487
21.6132
21.4741
21.3335
21.1937
21.055
20.9177
20.7802
20.6406
20.4959
20.3425
20.1766
19.9938
19.7902
19.5618
19.3052
19.018
18.6984
18.3457
17.9603
17.5436
17.0982
16.6273
16.1351
15.6262
15.1055
14.578
14.0487
13.5225
13.0035
12.4957
12.0025
11.5264
11.0696
10.6335
10.219
9.82644
9.45561
9.10593
8.77638
8.46569
8.17235
7.8947
7.63098
7.37941
7.13825
6.90583
6.68057
6.4611
6.24616
6.03468
5.82577
5.61873
5.41301
5.20825
5.00422
4.80078
4.59819
4.39591
4.22422
4.07078
3.91847
3.73924
3.59797
3.35589
3.29966
2.87558
3.11103
2.20072
3.20246
1.16348
3.89379
20.278
20.1672
20.0429
19.9046
19.7454
19.5584
19.3378
19.0825
18.7951
18.4735
18.1149
17.7182
17.2835
16.8109
16.3011
15.7551
15.1744
14.5611
13.9172
13.2449
12.5468
11.825
11.082
10.3199
9.54068
8.74637
7.93875
7.11955
6.29081
5.45447
4.61285
3.76881
2.92536
2.08612
1.25515
0.436852
-0.364046
-1.14267
-1.89395
-2.61293
-3.29483
-3.93522
-4.53011
-5.07601
-5.57025
-6.01068
-6.39594
-6.72544
-6.99918
-7.21795
-7.38318
-7.49679
-7.56126
-7.57948
-7.55468
-7.49034
-7.39005
-7.25753
-7.09647
-6.91051
-6.70314
-6.47771
-6.23738
-5.98503
-5.72333
-5.45498
-5.18098
-4.94306
-4.72223
-4.50692
-4.24732
-4.04599
-3.70287
-3.60677
-3.04284
-3.29165
-2.16519
-3.28535
-0.92826
-3.83272
20.3495
20.3931
20.4391
20.4889
20.5368
20.5735
20.5917
20.589
20.5643
20.5164
20.4439
20.3464
20.2244
20.0778
19.908
19.7159
19.5034
19.2721
19.0239
18.7606
18.4837
18.1949
17.8952
17.5854
17.2659
16.937
16.5985
16.2502
15.8919
15.5234
15.1448
14.7566
14.3593
13.9542
13.5428
13.127
12.709
12.2912
11.8761
11.4661
11.0635
10.6704
10.2887
9.91974
9.56474
9.22437
8.89895
8.58844
8.29248
8.01042
7.74137
7.48428
7.23795
7.00115
6.77256
6.55096
6.33515
6.12404
5.91663
5.71209
5.50971
5.30893
5.10932
4.91061
4.7126
4.51548
4.31859
4.15154
4.00189
3.85384
3.67861
3.5416
3.30476
3.25033
2.83713
3.06432
2.18107
3.15044
1.16556
3.82526
15.8513
15.7452
15.6339
15.5177
15.3907
15.2512
15.0975
14.9274
14.7439
14.5463
14.3323
14.1004
13.8486
13.575
13.2773
12.9537
12.6022
12.2214
11.8102
11.3679
10.8942
10.3894
9.85427
9.28992
8.69797
8.08043
7.43965
6.77817
6.09892
5.40479
4.6989
3.98455
3.26497
2.54358
1.82395
1.10972
0.40475
-0.287064
-0.961579
-1.61473
-2.24243
-2.84074
-3.40585
-3.93417
-4.42265
-4.86847
-5.26944
-5.62391
-5.93077
-6.18958
-6.4005
-6.56422
-6.68204
-6.75566
-6.78732
-6.77952
-6.73508
-6.657
-6.54845
-6.41259
-6.25265
-6.07171
-5.87282
-5.65883
-5.43236
-5.1964
-4.95159
-4.73715
-4.5351
-4.33891
-4.09646
-3.91302
-3.5859
-3.50373
-2.9595
-3.20867
-2.12131
-3.20436
-0.933221
-3.73185
15.9095
15.9291
15.9567
15.9933
16.0357
16.0803
16.1235
16.1641
16.2015
16.235
16.2628
16.2834
16.2951
16.2956
16.2834
16.2567
16.2136
16.1529
16.0733
15.9741
15.8547
15.7151
15.5554
15.3762
15.1784
14.9629
14.731
14.4839
14.2231
13.9497
13.665
13.3703
13.0667
12.7553
12.4373
12.1138
11.7862
11.4559
11.1242
10.7926
10.4628
10.1362
9.81444
9.49877
9.19042
8.89039
8.59946
8.31811
8.04659
7.78488
7.53276
7.28975
7.05526
6.82853
6.60871
6.39494
6.18631
5.98196
5.78108
5.58294
5.38692
5.19248
4.99921
4.80684
4.6151
4.42421
4.23341
4.07154
3.92617
3.78282
3.61213
3.47972
3.24868
3.1962
2.79459
3.01308
2.1585
3.09283
1.16681
3.74818
12.2828
12.1973
12.1084
12.0141
11.9091
11.7922
11.6629
11.5194
11.3643
11.2
11.0261
10.842
10.6473
10.4413
10.2234
9.9925
9.74768
9.48788
9.21179
8.91808
8.60551
8.27277
7.91865
7.5422
7.14269
6.71977
6.27339
5.80393
5.31229
4.79972
4.26798
3.71929
3.15613
2.58141
1.99829
1.41018
0.8207
0.23354
-0.347375
-0.918153
-1.47489
-2.01373
-2.53089
-3.02268
-3.48578
-3.91703
-4.31363
-4.67326
-4.99397
-5.2744
-5.51369
-5.71148
-5.868
-5.98392
-6.06041
-6.09907
-6.10182
-6.07094
-6.00887
-5.91827
-5.80189
-5.6625
-5.50284
-5.32567
-5.13339
-4.92922
-4.71334
-4.52239
-4.33934
-4.16249
-3.93773
-3.77237
-3.46224
-3.39372
-2.87114
-3.11886
-2.07439
-3.1157
-0.936604
-3.62096
12.3314
12.3512
12.3775
12.4081
12.4412
12.4755
12.509
12.5415
12.5738
12.6061
12.6381
12.6696
12.7002
12.7292
12.7562
12.7804
12.8006
12.8157
12.8246
12.8258
12.8179
12.7994
12.7689
12.725
12.6666
12.5928
12.5027
12.396
12.2726
12.1325
11.9764
11.8048
11.6188
11.4193
11.2076
10.985
10.7529
10.5127
10.2659
10.0139
9.75823
9.50023
9.24134
8.98291
8.72614
8.47221
8.22207
7.97654
7.73621
7.50153
7.27271
7.04981
6.83266
6.62098
6.41435
6.21228
6.01418
5.81947
5.62756
5.4379
5.24997
5.06334
4.87765
4.69267
4.50812
4.32427
4.14027
3.98412
3.84355
3.70529
3.53971
3.41214
3.18765
3.13692
2.74821
2.95669
2.13346
3.02899
1.16759
3.66386
10.1217
10.0565
9.98864
9.91654
9.83658
9.74754
9.64863
9.53822
9.41589
9.28466
9.14451
8.99481
8.83513
8.66504
8.48418
8.29206
8.0883
7.87254
7.64432
7.40317
7.14875
6.88054
6.59802
6.30072
5.9881
5.65973
5.31513
4.95399
4.57619
4.18174
3.77095
3.34448
2.90326
2.4486
1.98223
1.50621
1.02298
0.535233
0.0460389
-0.441397
-0.923685
-1.39734
-1.85885
-2.30464
-2.73138
-3.13576
-3.51477
-3.86564
-4.18596
-4.47372
-4.72733
-4.94563
-5.128
-5.27421
-5.38457
-5.45978
-5.50097
-5.50961
-5.48747
-5.43659
-5.35918
-5.25757
-5.13418
-4.99152
-4.8317
-4.65806
-4.47027
-4.30235
-4.13805
-3.98032
-3.77333
-3.6259
-3.33327
-3.2781
-2.77801
-3.02398
-2.02276
-3.0231
-0.93338
-3.5082
10.1637
10.189
10.2194
10.2528
10.2887
10.3258
10.3621
10.3973
10.4317
10.4653
10.4978
10.5292
10.559
10.5871
10.6133
10.6373
10.6589
10.6776
10.6932
10.7054
10.7135
10.717
10.7152
10.7073
10.6926
10.6702
10.6389
10.5981
10.5467
10.484
10.4094
10.3222
10.2222
10.1095
9.98405
9.84637
9.69702
9.53682
9.3667
9.18773
9.00109
8.808
8.60969
8.40739
8.20231
7.99561
7.78832
7.58138
7.37563
7.17171
6.97016
6.77134
6.57546
6.38257
6.19261
6.0054
5.82068
5.63812
5.45737
5.27806
5.09984
4.92241
4.74548
4.56889
4.3924
4.21632
4.03978
3.88985
3.75449
3.62166
3.46163
3.33911
3.12172
3.07279
2.69753
2.89609
2.10416
2.9617
1.1635
3.57855
8.58543
8.53285
8.4782
8.42076
8.35804
8.28903
8.21296
8.12903
8.03551
7.9338
7.82512
7.70886
7.58446
7.4514
7.3092
7.15727
6.99508
6.82209
6.6378
6.44172
6.23345
6.01261
5.77886
5.53198
5.27173
4.99802
4.71075
4.40991
4.09561
3.76797
3.42727
3.0739
2.70839
2.33143
1.94397
1.54715
1.14241
0.731412
0.316161
-0.101113
-0.51795
-0.931661
-1.33942
-1.73824
-2.12512
-2.49707
-2.85116
-3.18461
-3.49483
-3.77952
-4.03668
-4.26462
-4.46213
-4.6283
-4.76273
-4.86542
-4.93673
-4.97744
-4.98865
-4.97177
-4.92845
-4.86056
-4.77007
-4.65921
-4.52974
-4.38501
-4.2241
-4.07845
-3.93244
-3.79338
-3.60407
-3.47424
-3.19936
-3.15732
-2.68
-2.92461
-1.96553
-2.92777
-0.922319
-3.39609
8.62171
8.64693
8.67605
8.70818
8.74303
8.77984
8.8168
8.85344
8.89008
8.92673
8.96307
8.99893
9.03398
9.06794
9.10051
9.13132
9.16003
9.18627
9.20971
9.22996
9.24667
9.25949
9.26805
9.27198
9.27094
9.26453
9.25232
9.23389
9.20878
9.1765
9.13655
9.08844
9.03173
8.96599
8.89087
8.80619
8.71184
8.60786
8.49446
8.37201
8.24101
8.10212
7.95606
7.80369
7.64587
7.48353
7.31755
7.1488
6.97809
6.80616
6.63363
6.46102
6.28875
6.11711
5.94626
5.77629
5.60717
5.43882
5.27108
5.10378
4.93674
4.76976
4.60269
4.43546
4.26786
4.10028
3.93183
3.78858
3.65883
3.53174
3.3777
3.26044
3.05062
3.00366
2.64208
2.83138
2.06985
2.89168
1.15355
3.49334
7.26185
7.21749
7.17153
7.12371
7.07199
7.01562
6.9539
6.88639
6.81193
6.73
6.64227
6.54895
6.44951
6.34356
6.23072
6.11055
5.98259
5.84634
5.70134
5.54706
5.38302
5.20872
5.02369
4.8275
4.61976
4.40015
4.16841
3.92439
3.66804
3.39938
3.1186
2.826
2.522
2.20717
1.88223
1.54805
1.2057
0.856389
0.501579
0.142886
-0.217864
-0.57866
-0.937331
-1.29147
-1.63867
-1.97634
-2.30191
-2.61283
-2.9066
-3.18089
-3.43357
-3.66268
-3.86666
-4.04415
-4.19424
-4.31633
-4.41021
-4.47603
-4.51429
-4.52581
-4.5117
-4.47333
-4.4122
-4.33024
-4.22873
-4.11105
-3.97562
-3.85129
-3.72297
-3.60203
-3.43017
-3.31753
-3.06053
-3.03137
-2.57701
-2.82054
-1.90277
-2.82911
-0.904606
-3.28333
7.2932
7.31592
7.34183
7.37042
7.40143
7.43443
7.46806
7.5019
7.53633
7.57141
7.60699
7.64297
7.67918
7.71545
7.75158
7.78734
7.82246
7.85662
7.88954
7.92082
7.95009
7.97696
8.00099
8.02175
8.03883
8.05177
8.06015
8.06357
8.06162
8.05394
8.04014
8.01991
7.99292
7.95885
7.91743
7.86844
7.81165
7.74693
7.67422
7.5935
7.50491
7.40863
7.30497
7.19432
7.07717
6.95407
6.82562
6.69246
6.55524
6.41457
6.27105
6.12521
5.97754
5.82841
5.67814
5.52696
5.37503
5.22241
5.06915
4.91523
4.7606
4.60521
4.449
4.29201
4.13409
3.9757
3.81597
3.67987
3.55614
3.43512
3.28751
3.17574
2.97396
2.92918
2.58156
2.76213
2.03046
2.81828
1.13854
3.40677
6.14053
6.10295
6.06413
6.02397
5.98079
5.934
5.88304
5.8274
5.76662
5.69958
5.62686
5.54959
5.46755
5.38035
5.28772
5.18934
5.08488
4.974
4.85635
4.73153
4.59921
4.45897
4.31043
4.1532
3.98689
3.81113
3.62559
3.42995
3.22397
3.00745
2.78031
2.54257
2.29432
2.03583
1.7675
1.48987
1.20367
0.909775
0.609261
0.303361
-0.00651752
-0.3188
-0.631747
-0.943428
-1.25185
-1.55485
-1.85021
-2.13567
-2.40895
-2.66785
-2.91025
-3.13415
-3.33777
-3.51954
-3.67818
-3.8127
-3.92241
-4.00699
-4.0664
-4.10095
-4.11123
-4.09815
-4.06273
-4.00655
-3.93043
-3.83769
-3.72608
-3.62193
-3.51055
-3.407
-3.25219
-3.15622
-2.91709
-2.90042
-2.46916
-2.71167
-1.83471
-2.72665
-0.881109
-3.16874
6.16778
6.1884
6.21169
6.23721
6.26474
6.29404
6.32411
6.35457
6.38584
6.41798
6.45087
6.48451
6.51879
6.55363
6.58892
6.62456
6.6604
6.69625
6.73196
6.76729
6.80201
6.83583
6.86844
6.89952
6.92869
6.95556
6.97969
7.00066
7.01802
7.03132
7.0401
7.04393
7.04244
7.03519
7.02187
7.00215
6.97578
6.94253
6.90222
6.85475
6.80007
6.73817
6.66914
6.59311
6.51029
6.42099
6.32552
6.22431
6.11776
6.00635
5.89053
5.77075
5.64747
5.52106
5.39188
5.26024
5.12638
4.99049
4.85271
4.71316
4.5719
4.429
4.28449
4.13851
3.99097
3.8424
3.69197
3.56346
3.44615
3.33153
3.19077
3.08475
2.89145
2.84907
2.51572
2.688
1.98598
2.74102
1.11904
3.31792
5.23639
5.20456
5.17174
5.13796
5.10187
5.06298
5.02087
4.975
4.92508
4.87044
4.81044
4.74611
4.67793
4.60557
4.52874
4.44719
4.36065
4.26885
4.17149
4.06828
3.95894
3.84314
3.7206
3.59101
3.45407
3.30948
3.15698
2.9963
2.82719
2.64945
2.46292
2.26749
2.06312
1.84984
1.6278
1.39724
1.15855
0.912242
0.659013
0.399698
0.135293
-0.133024
-0.403933
-0.675906
-0.947339
-1.21645
-1.48135
-1.74011
-1.99068
-2.23106
-2.45927
-2.67334
-2.87147
-3.05197
-3.21339
-3.35445
-3.47417
-3.57182
-3.64697
-3.69948
-3.72951
-3.73752
-3.72409
-3.69046
-3.63698
-3.56686
-3.47718
-3.39185
-3.29645
-3.2094
-3.07107
-2.99106
-2.76959
-2.76491
-2.35676
-2.59819
-1.7616
-2.62043
-0.852088
-3.05231
5.26019
5.27911
5.30025
5.32325
5.34797
5.37423
5.40131
5.42888
5.45735
5.48672
5.51695
5.54804
5.57991
5.61253
5.64583
5.67973
5.71416
5.74898
5.7841
5.81938
5.85467
5.88978
5.92453
5.95869
5.99204
6.0243
6.05516
6.08431
6.11141
6.13609
6.15794
6.17656
6.19154
6.20243
6.20885
6.21039
6.20666
6.19733
6.18208
6.16067
6.1329
6.09859
6.05767
6.01008
5.95587
5.89512
5.82797
5.75461
5.67531
5.59032
5.49999
5.40463
5.30459
5.2002
5.09179
4.97966
4.86408
4.7453
4.62352
4.49891
4.37165
4.24187
4.10969
3.97531
3.83871
3.7005
3.55987
3.43933
3.32879
3.22085
3.08733
2.98729
2.80289
2.76312
2.44434
2.60881
1.93632
2.65971
1.09512
3.22634
4.50187
4.4747
4.44672
4.41806
4.38765
4.35505
4.31999
4.28201
4.24072
4.19588
4.14671
4.09317
4.03623
3.97594
3.912
3.84417
3.77221
3.69591
3.61501
3.52927
3.43843
3.34222
3.24039
3.13267
3.01879
2.89851
2.77157
2.63773
2.4968
2.34858
2.19291
2.02968
1.8588
1.68025
1.49409
1.30042
1.09945
0.891484
0.676956
0.456404
0.230505
7.38003e-05
-0.233932
-0.470372
-0.708008
-0.945434
-1.18111
-1.41343
-1.64065
-1.861
-2.07268
-2.27389
-2.46289
-2.63798
-2.79765
-2.94048
-3.06529
-3.1711
-3.25716
-3.32301
-3.36842
-3.39349
-3.39838
-3.38404
-3.35031
-3.30035
-3.23053
-3.1625
-3.08198
-3.01035
-2.88773
-2.82282
-2.61864
-2.62531
-2.24013
-2.48034
-1.68367
-2.51053
-0.81817
-2.93409
4.52271
4.53991
4.55898
4.57962
4.60174
4.62522
4.64947
4.67429
4.70005
4.72671
4.75428
4.78276
4.8121
4.84229
4.87329
4.90507
4.93754
4.97065
5.00432
5.03845
5.07294
5.10766
5.14245
5.17718
5.21166
5.24569
5.27906
5.31155
5.34289
5.37281
5.401
5.42717
5.45097
5.47205
5.49006
5.50461
5.51533
5.52184
5.5238
5.52085
5.51269
5.49904
5.47966
5.45437
5.42301
5.38552
5.34185
5.29203
5.23613
5.17427
5.10662
5.03336
4.95472
4.87094
4.78227
4.68897
4.59128
4.48943
4.38366
4.27417
4.16116
4.04484
3.92535
3.80296
3.67771
3.55024
3.4198
3.30753
3.20406
3.10304
2.9771
2.88324
2.7081
2.67116
2.36724
2.52432
1.88136
2.57408
1.06698
3.13156
3.88783
3.86446
3.84038
3.8158
3.7899
3.76231
3.73278
3.70099
3.66656
3.62923
3.58868
3.54424
3.49634
3.44563
3.39198
3.33512
3.27486
3.21101
3.14336
3.0717
2.99584
2.91553
2.83056
2.74069
2.64569
2.54534
2.4394
2.32765
2.2099
2.08593
1.9556
1.81875
1.67527
1.52511
1.36824
1.20471
1.03463
0.858177
0.675631
0.487357
0.293819
0.0955991
-0.106613
-0.31197
-0.519535
-0.728223
-0.93682
-1.14401
-1.34837
-1.54839
-1.7425
-1.92908
-2.10655
-2.2733
-2.42782
-2.56868
-2.69459
-2.80442
-2.89724
-2.9723
-3.02911
-3.06746
-3.08717
-3.0889
-3.07206
-3.0397
-2.98755
-2.93516
-2.8683
-2.8109
-2.70307
-2.65226
-2.46484
-2.48208
-2.11961
-2.35826
-1.60118
-2.39684
-0.779933
-2.81344
3.90611
3.92159
3.93864
3.95703
3.97668
3.9975
4.01901
4.04115
4.06422
4.08816
4.113
4.13875
4.16539
4.19294
4.22136
4.25063
4.28073
4.31161
4.34324
4.37553
4.40844
4.44186
4.47571
4.50986
4.54418
4.57854
4.61275
4.64665
4.68002
4.71266
4.7443
4.77472
4.80363
4.83074
4.85575
4.87834
4.89818
4.91494
4.92827
4.93785
4.94334
4.94441
4.94076
4.93213
4.91826
4.89894
4.87402
4.84337
4.80691
4.76462
4.71651
4.66263
4.60309
4.538
4.46753
4.39184
4.31112
4.22556
4.13538
4.04076
3.94191
3.83905
3.73237
3.62214
3.50844
3.39196
3.27198
3.16819
3.07201
2.9781
2.86
2.77251
2.60694
2.57304
2.28425
2.43431
1.82105
2.48367
1.03497
3.03246
3.36792
3.34771
3.32688
3.30566
3.28343
3.25988
3.2348
3.20795
3.17901
3.14768
3.11381
3.07694
3.03668
2.99368
2.94827
2.90023
2.84937
2.79551
2.73848
2.67813
2.61427
2.54672
2.47528
2.39977
2.31999
2.23573
2.14681
2.05302
1.95418
1.8501
1.74062
1.62559
1.50488
1.37838
1.24604
1.10783
0.963783
0.813984
0.658598
0.497855
0.332073
0.161653
-0.0129007
-0.190962
-0.371823
-0.554646
-0.738481
-0.922272
-1.10485
-1.28498
-1.46131
-1.63245
-1.79697
-1.95341
-2.10035
-2.23641
-2.36028
-2.47076
-2.56681
-2.64752
-2.71219
-2.76038
-2.79161
-2.80635
-2.80357
-2.78625
-2.74954
-2.71105
-2.65652
-2.61203
-2.51797
-2.48014
-2.30882
-2.33568
-1.99574
-2.23204
-1.51477
-2.27897
-0.738492
-2.68927
3.38396
3.39784
3.41302
3.42934
3.44674
3.46512
3.48412
3.50377
3.52429
3.54564
3.56786
3.59094
3.61491
3.63976
3.66549
3.6921
3.71958
3.74791
3.77706
3.807
3.83769
3.86907
3.90109
3.93367
3.96671
4.00012
4.03377
4.06753
4.10125
4.13476
4.16786
4.20034
4.23199
4.26256
4.29179
4.3194
4.3451
4.36859
4.38955
4.40768
4.42265
4.43414
4.44183
4.44542
4.44461
4.43915
4.42879
4.41331
4.39253
4.36631
4.33455
4.29719
4.25419
4.20558
4.1514
4.09173
4.02668
3.95638
3.88097
3.80062
3.71551
3.62584
3.53179
3.43367
3.33154
3.22611
3.11669
3.02152
2.93276
2.84608
2.73603
2.65503
2.4993
2.46857
2.19531
2.33847
1.75572
2.38789
0.999909
2.92721
2.92688
2.90936
2.89128
2.87287
2.85365
2.83342
2.81199
2.78915
2.76466
2.73826
2.70973
2.67892
2.6453
2.60882
2.57013
2.52931
2.48614
2.44046
2.39211
2.34097
2.28688
2.22969
2.16924
2.10537
2.03791
1.96668
1.89153
1.81228
1.72876
1.64082
1.54829
1.45105
1.34895
1.2419
1.12979
1.01259
0.890261
0.762837
0.630394
0.493068
0.351054
0.204623
0.0541245
-0.0999851
-0.257184
-0.416835
-0.578199
-0.740442
-0.902626
-1.06373
-1.22262
-1.37813
-1.52901
-1.67395
-1.81167
-1.94086
-2.06028
-2.16873
-2.26511
-2.34844
-2.41786
-2.4728
-2.51255
-2.5374
-2.54598
-2.54118
-2.51767
-2.49129
-2.4477
-2.41473
-2.33332
-2.30718
-2.15129
-2.18654
-1.86916
-2.10155
-1.42536
-2.15626
-0.694961
-2.55968
2.94098
2.95338
2.96688
2.98134
2.99672
3.01293
3.02967
3.04709
3.06529
3.08426
3.10404
3.12465
3.14608
3.16836
3.19149
3.21548
3.24033
3.26603
3.29257
3.31995
3.34813
3.37709
3.40679
3.43717
3.4682
3.49978
3.53184
3.56429
3.59701
3.62988
3.66276
3.69547
3.72786
3.75973
3.79085
3.82099
3.84991
3.87735
3.90301
3.92662
3.94787
3.96644
3.98205
3.99436
4.00308
4.00791
4.00857
4.00479
3.99632
3.98296
3.96451
3.94083
3.91179
3.8773
3.83732
3.79184
3.74088
3.68449
3.62274
3.55576
3.48367
3.40663
3.32482
3.23851
3.14775
3.05326
2.95439
2.86782
2.78653
2.70714
2.60525
2.5308
2.38518
2.3576
2.10043
2.23624
1.68581
2.28513
0.963118
2.81325
2.55047
2.53524
2.5195
2.50348
2.48679
2.46929
2.45088
2.43134
2.41049
2.38812
2.36399
2.33799
2.30988
2.2792
2.24619
2.21133
2.17458
2.13572
2.09459
2.05109
2.0051
1.95649
1.90513
1.85087
1.79357
1.73309
1.66928
1.60199
1.53108
1.45641
1.37783
1.29523
1.20846
1.11744
1.02206
0.922254
0.817985
0.709238
0.596041
0.478467
0.356634
0.230718
0.100956
-0.0323277
-0.168751
-0.30784
-0.449032
-0.591676
-0.735025
-0.87826
-1.02046
-1.16062
-1.29768
-1.43052
-1.55798
-1.67891
-1.79211
-1.89645
-1.99083
-2.07427
-2.14582
-2.20481
-2.25038
-2.28269
-2.30009
-2.30541
-2.29289
-2.2768
-2.24278
-2.21982
-2.15
-2.13393
-1.99324
-2.03455
-1.7412
-1.96603
-1.33502
-2.02622
-0.652062
-2.4213
2.56285
2.57391
2.58589
2.59868
2.61227
2.62652
2.64127
2.65667
2.67279
2.68961
2.70718
2.72551
2.74461
2.7645
2.7852
2.80671
2.82904
2.8522
2.87619
2.901
2.92663
2.95305
2.98025
3.00821
3.03688
3.06621
3.09615
3.12664
3.1576
3.18892
3.22052
3.25226
3.28401
3.31562
3.34692
3.37772
3.40783
3.43701
3.46502
3.49162
3.51654
3.53949
3.56019
3.57833
3.59361
3.60574
3.61441
3.61933
3.62023
3.61684
3.60893
3.59627
3.57867
3.55598
3.52808
3.49484
3.45624
3.41224
3.36283
3.30808
3.24807
3.18288
3.11267
3.03767
2.95791
2.87407
2.78554
2.70747
2.63363
2.56143
2.46783
2.39977
2.26476
2.23965
2.00032
2.12632
1.61316
2.17288
0.928739
2.68562
2.22771
2.21414
2.20002
2.18559
2.17054
2.15482
2.13839
2.1212
2.10314
2.08414
2.06405
2.0427
2.01992
1.99522
1.96799
1.93825
1.90647
1.87299
1.83776
1.80055
1.76119
1.71961
1.67569
1.62933
1.58038
1.52874
1.47429
1.41688
1.3564
1.29271
1.2257
1.15525
1.08124
1.00357
0.922153
0.836907
0.747778
0.654733
0.55777
0.456923
0.352257
0.243881
0.131958
0.0167185
-0.101566
-0.222535
-0.34577
-0.470768
-0.596934
-0.723631
-0.850098
-0.975502
-1.09897
-1.21953
-1.3362
-1.44793
-1.55365
-1.65231
-1.74285
-1.82434
-1.89579
-1.95651
-2.00549
-2.04283
-2.0667
-2.0798
-2.07621
-2.06849
-2.04281
-2.02804
-1.9692
-1.96064
-1.8361
-1.87919
-1.61389
-1.82364
-1.24656
-1.88655
-0.613875
-2.27117
2.23885
2.24888
2.25965
2.27105
2.28306
2.29558
2.30858
2.32218
2.33642
2.3513
2.36686
2.3831
2.40005
2.41773
2.43615
2.45532
2.47526
2.49598
2.51748
2.53977
2.56285
2.58671
2.61135
2.63676
2.6629
2.68976
2.71729
2.74543
2.77415
2.8034
2.83308
2.86308
2.89333
2.9237
2.95407
2.98425
3.01411
3.04348
3.07214
3.09989
3.12648
3.15166
3.1752
3.19681
3.21621
3.23312
3.24724
3.25827
3.26594
3.26994
3.27002
3.26593
3.2574
3.24423
3.22626
3.20329
3.17521
3.14195
3.10339
3.05956
3.01048
2.95616
2.8967
2.8323
2.76297
2.68931
2.61076
2.54093
2.47444
2.40917
2.32407
2.26173
2.13856
2.11382
1.89621
2.0066
1.54033
2.04741
0.900879
2.54046
1.86459
1.85359
1.84209
1.83035
1.81814
1.80542
1.79215
1.77824
1.76356
1.74801
1.73144
1.71366
1.69455
1.67393
1.65162
1.62758
1.60195
1.57481
1.54615
1.51591
1.48397
1.45024
1.41461
1.37702
1.33735
1.29549
1.25136
1.20484
1.15582
1.1042
1.04987
0.992729
0.932669
0.869598
0.803417
0.734059
0.661454
0.585545
0.506297
0.423711
0.337798
0.248604
0.156215
0.0607688
-0.037574
-0.13857
-0.241941
-0.347339
-0.454339
-0.562468
-0.671163
-0.779783
-0.887644
-0.993975
-1.09795
-1.19868
-1.29525
-1.38672
-1.47213
-1.55055
-1.62104
-1.68283
-1.73492
-1.77716
-1.80783
-1.8289
-1.83546
-1.83612
-1.82095
-1.81338
-1.76997
-1.76532
-1.66588
-1.70189
-1.48074
-1.65886
-1.16051
-1.72539
-0.585803
-2.10367
1.87377
1.88215
1.89115
1.9007
1.91077
1.92126
1.93222
1.94373
1.95579
1.96841
1.98163
1.99546
2.00991
2.02502
2.0408
2.05724
2.0744
2.09227
2.11087
2.13021
2.15029
2.17114
2.19274
2.21509
2.23818
2.26201
2.28656
2.31179
2.33769
2.36422
2.39132
2.41893
2.44698
2.47542
2.50413
2.53298
2.56188
2.5907
2.61928
2.64743
2.67499
2.70173
2.72746
2.75196
2.77496
2.79621
2.81544
2.83235
2.84669
2.85814
2.86643
2.87129
2.8724
2.86951
2.86243
2.85089
2.83467
2.81365
2.78765
2.75658
2.7204
2.67905
2.63258
2.58107
2.52454
2.46342
2.39739
2.33764
2.28082
2.22353
2.15066
2.09316
1.98911
1.95882
1.77786
1.8568
1.46588
1.88855
0.886214
2.35923
1.50424
1.49578
1.48692
1.47789
1.46852
1.45874
1.44853
1.43781
1.42647
1.41436
1.40135
1.38731
1.37218
1.3559
1.33851
1.32003
1.30039
1.27951
1.25732
1.23388
1.20916
1.18308
1.15552
1.12645
1.09575
1.06336
1.0292
0.993177
0.955207
0.915201
0.873072
0.828735
0.782091
0.733059
0.681544
0.62748
0.570791
0.511414
0.449291
0.384394
0.316689
0.246186
0.172895
0.0968801
0.0182188
-0.0629683
-0.146508
-0.232199
-0.31977
-0.408898
-0.499206
-0.590255
-0.681525
-0.772442
-0.862378
-0.950619
-1.03642
-1.11897
-1.19744
-1.271
-1.33872
-1.3999
-1.45347
-1.49923
-1.53535
-1.56364
-1.57908
-1.58861
-1.58237
-1.58425
-1.55265
-1.55847
-1.47488
-1.51964
-1.32165
-1.50074
-1.04016
-1.58787
-0.514475
-1.99493
1.51139
1.51805
1.52521
1.53281
1.54083
1.54922
1.55803
1.56729
1.57699
1.58718
1.59787
1.60906
1.62079
1.63308
1.64594
1.65937
1.67343
1.6881
1.70343
1.71942
1.73607
1.75342
1.77148
1.79022
1.80968
1.82986
1.85076
1.87237
1.89467
1.91765
1.9413
1.96557
1.99043
2.01586
2.04177
2.06809
2.09475
2.12168
2.14876
2.17585
2.20284
2.22956
2.25586
2.28155
2.30642
2.33029
2.35289
2.37396
2.39328
2.41056
2.42551
2.43788
2.44734
2.45362
2.45645
2.45556
2.45067
2.44158
2.42805
2.4099
2.38701
2.35926
2.32659
2.28902
2.24649
2.19933
2.14728
2.09931
2.053
2.00612
1.94517
1.89784
1.80827
1.7856
1.62504
1.70407
1.34653
1.75505
0.806764
2.26587
1.22202
1.21518
1.20795
1.20055
1.19283
1.18475
1.17633
1.16758
1.15846
1.14891
1.13885
1.12821
1.1169
1.10482
1.09184
1.07785
1.0627
1.04641
1.02902
1.0106
0.991166
0.970674
0.949043
0.926205
0.902086
0.876638
0.849789
0.82147
0.791616
0.760148
0.726998
0.692093
0.655352
0.616704
0.576072
0.533385
0.48858
0.441592
0.392368
0.340859
0.287026
0.230853
0.172321
0.111454
0.0482806
-0.0171395
-0.0847053
-0.154302
-0.225752
-0.298849
-0.373334
-0.448906
-0.525193
-0.601772
-0.678174
-0.753851
-0.828208
-0.900613
-0.970357
-1.03674
-1.09895
-1.15635
-1.20792
-1.2535
-1.2912
-1.32283
-1.34325
-1.35841
-1.35825
-1.36693
-1.34408
-1.35835
-1.28705
-1.34047
-1.16023
-1.34469
-0.912267
-1.45579
-0.431461
-1.89623
1.22789
1.23343
1.23933
1.24553
1.25204
1.25888
1.26607
1.27362
1.28154
1.28987
1.2986
1.30775
1.31735
1.32743
1.33796
1.349
1.36055
1.37263
1.38527
1.39848
1.41223
1.4266
1.44158
1.45717
1.47341
1.49027
1.50778
1.52595
1.54476
1.56422
1.58432
1.60504
1.62636
1.64829
1.67076
1.69373
1.71717
1.74101
1.76518
1.7896
1.81418
1.8388
1.86336
1.88769
1.91166
1.93512
1.95784
1.97962
2.00027
2.01957
2.03722
2.05301
2.06665
2.07787
2.08641
2.09199
2.09431
2.09314
2.08822
2.07933
2.0663
2.04894
2.02713
2.00081
1.96987
1.93454
1.8946
1.85705
1.82018
1.78281
1.73277
1.69524
1.61889
1.60492
1.46195
1.54606
1.2145
1.62416
0.712734
2.18629
0.989547
0.984124
0.978371
0.972453
0.966268
0.959785
0.953016
0.94597
0.938648
0.931018
0.923036
0.914638
0.905777
0.896371
0.886337
0.875584
0.863969
0.851403
0.837885
0.823457
0.808161
0.792017
0.775006
0.757053
0.73809
0.718076
0.696952
0.674662
0.651162
0.626383
0.600268
0.572758
0.543782
0.513283
0.481201
0.447469
0.41203
0.37483
0.335815
0.294937
0.252158
0.207448
0.160779
0.112152
0.061573
0.00906747
-0.0453073
-0.101485
-0.159355
-0.218783
-0.279586
-0.341567
-0.404458
-0.467946
-0.531699
-0.595291
-0.658272
-0.720151
-0.780363
-0.838335
-0.893377
-0.944975
-0.992193
-1.03494
-1.07139
-1.10334
-1.12567
-1.14373
-1.14733
-1.16031
-1.14392
-1.16405
-1.10312
-1.1625
-0.999261
-1.18591
-0.782928
-1.31816
-0.347751
-1.78216
0.994243
0.998719
1.00349
1.00849
1.01375
1.01929
1.02512
1.03123
1.03766
1.04442
1.05152
1.05896
1.06678
1.07498
1.08358
1.0926
1.10204
1.11193
1.12229
1.13312
1.14443
1.15625
1.1686
1.18148
1.19491
1.20889
1.22342
1.23855
1.25424
1.27051
1.28737
1.30479
1.32278
1.34134
1.36042
1.38001
1.40009
1.42061
1.44152
1.46278
1.48431
1.50603
1.52787
1.54971
1.57145
1.59298
1.61411
1.63471
1.6546
1.67361
1.69151
1.70809
1.72315
1.73641
1.74766
1.75663
1.76304
1.76668
1.76728
1.7646
1.75846
1.74863
1.73497
1.71737
1.69569
1.67007
1.64028
1.6117
1.58309
1.55415
1.51405
1.4854
1.42167
1.41553
1.29054
1.37836
1.07543
1.48236
0.616518
2.08119
0.788566
0.784353
0.779848
0.775198
0.770326
0.765208
0.75985
0.754257
0.74844
0.742385
0.73608
0.72949
0.72257
0.715263
0.707522
0.699295
0.690483
0.680983
0.670708
0.659638
0.647808
0.63526
0.622028
0.608088
0.593376
0.577849
0.561455
0.544153
0.525906
0.506664
0.486379
0.465005
0.442483
0.418768
0.39381
0.367552
0.339948
0.310944
0.2805
0.248568
0.215109
0.180093
0.143488
0.105281
0.0654635
0.0240407
-0.0189595
-0.0635025
-0.109523
-0.156935
-0.205622
-0.255447
-0.306227
-0.357736
-0.409737
-0.461917
-0.513936
-0.565423
-0.615931
-0.665023
-0.712119
-0.756833
-0.798323
-0.836612
-0.869926
-0.90012
-0.922159
-0.941091
-0.94666
-0.962
-0.950113
-0.974061
-0.921627
-0.984899
-0.837033
-1.0239
-0.649592
-1.17403
-0.259403
-1.65378
0.792231
0.795766
0.799542
0.803491
0.807656
0.812038
0.816649
0.821494
0.826587
0.831948
0.837581
0.8435
0.849715
0.856239
0.863084
0.870275
0.877812
0.885707
0.893984
0.902652
0.911732
0.921225
0.931149
0.941519
0.952349
0.963647
0.975416
0.987681
1.00044
1.0137
1.02748
1.04175
1.05653
1.07183
1.0876
1.10386
1.12058
1.13775
1.15531
1.17326
1.19152
1.21007
1.22882
1.24772
1.26666
1.28558
1.30434
1.32284
1.34092
1.35846
1.37528
1.39121
1.40608
1.41965
1.43175
1.44215
1.45061
1.45692
1.46085
1.46217
1.46068
1.45619
1.44851
1.43754
1.42312
1.40532
1.38394
1.36294
1.34147
1.31988
1.28868
1.268
1.21599
1.21697
1.10931
1.20016
0.925788
1.32791
0.511427
1.95462
0.612533
0.609346
0.605932
0.602389
0.598661
0.594729
0.5906
0.586275
0.581762
0.577057
0.572158
0.567059
0.561737
0.556149
0.550261
0.544039
0.537429
0.53036
0.522753
0.514526
0.50565
0.496157
0.48609
0.475474
0.464296
0.452516
0.440082
0.426956
0.413113
0.398514
0.383123
0.366903
0.349808
0.331804
0.312852
0.292904
0.271925
0.24987
0.226703
0.202387
0.176887
0.150172
0.122212
0.0929889
0.0624888
0.0307039
-0.00235515
-0.0366736
-0.0722175
-0.108934
-0.146755
-0.185582
-0.225304
-0.265759
-0.306784
-0.348158
-0.38963
-0.430927
-0.471715
-0.511669
-0.550325
-0.587406
-0.622177
-0.654776
-0.683523
-0.710337
-0.730323
-0.74847
-0.754486
-0.770553
-0.76145
-0.787457
-0.741628
-0.80711
-0.672599
-0.858438
-0.509946
-1.02261
-0.16199
-1.51095
0.615332
0.618051
0.620951
0.623984
0.627185
0.630554
0.6341
0.637824
0.641744
0.645871
0.650208
0.654766
0.659555
0.664584
0.669869
0.675419
0.681239
0.68734
0.693742
0.700454
0.707486
0.714846
0.722551
0.730607
0.739032
0.747832
0.757008
0.766587
0.776568
0.786964
0.797778
0.809004
0.820665
0.832757
0.845254
0.858175
0.871512
0.885239
0.899346
0.913816
0.9286
0.943685
0.959027
0.974561
0.990237
1.00599
1.02174
1.0374
1.05286
1.06803
1.08275
1.09691
1.11037
1.12294
1.13447
1.14479
1.15368
1.16099
1.16648
1.16999
1.17134
1.17032
1.16678
1.16062
1.15168
1.13999
1.12537
1.11065
1.0952
1.07989
1.05646
1.04275
1.00137
1.00863
0.917051
1.01042
0.762819
1.15943
0.391241
1.80926
0.451639
0.449343
0.446892
0.444354
0.441679
0.438834
0.435831
0.43268
0.429383
0.425936
0.422344
0.41861
0.414732
0.410696
0.406474
0.402032
0.397347
0.39239
0.38711
0.38143
0.37527
0.368597
0.361429
0.353808
0.345766
0.337294
0.328348
0.318889
0.308897
0.298349
0.28722
0.275481
0.263099
0.250049
0.236298
0.221813
0.206565
0.190525
0.173663
0.15595
0.137359
0.117863
0.0974407
0.0760741
0.0537494
0.0304577
0.00619939
-0.0190198
-0.0451814
-0.0722564
-0.100202
-0.128959
-0.158452
-0.188579
-0.219229
-0.250255
-0.281481
-0.312717
-0.343722
-0.374279
-0.404026
-0.432798
-0.45997
-0.485801
-0.508719
-0.530701
-0.547068
-0.562941
-0.568043
-0.583339
-0.575452
-0.601815
-0.560869
-0.626781
-0.503645
-0.686692
-0.36202
-0.85906
-0.0544588
-1.33805
0.453668
0.455643
0.45775
0.459956
0.462284
0.46474
0.467326
0.470046
0.47291
0.475926
0.479096
0.482433
0.485944
0.489635
0.493519
0.497599
0.50188
0.506377
0.511102
0.51606
0.521252
0.526698
0.532411
0.538387
0.544642
0.551187
0.55802
0.565161
0.572613
0.580385
0.588478
0.596894
0.60565
0.61474
0.624152
0.633905
0.64399
0.65439
0.665099
0.676117
0.687405
0.698953
0.710736
0.722704
0.73484
0.747082
0.759389
0.771697
0.783924
0.796007
0.807838
0.81933
0.830386
0.840863
0.850649
0.859617
0.867598
0.874468
0.880051
0.884213
0.886797
0.88764
0.886638
0.883667
0.878602
0.871467
0.862111
0.852422
0.841941
0.831869
0.815089
0.807325
0.775339
0.787884
0.710828
0.805578
0.582469
0.971417
0.250682
1.62638
0.310506
0.308956
0.307301
0.305593
0.303802
0.301893
0.299857
0.297706
0.295438
0.293046
0.290535
0.287901
0.285141
0.282261
0.27925
0.276079
0.272732
0.269193
0.26544
0.261452
0.257199
0.252642
0.247746
0.24251
0.236971
0.231178
0.225126
0.218763
0.21204
0.204941
0.197454
0.189564
0.181247
0.172484
0.163254
0.153534
0.143306
0.132544
0.121232
0.109348
0.0968714
0.0837838
0.0700692
0.0557131
0.0407058
0.0250386
0.0087079
-0.00828333
-0.0259261
-0.044205
-0.0630939
-0.0825582
-0.102552
-0.123013
-0.143868
-0.16503
-0.186385
-0.207809
-0.229144
-0.250261
-0.270894
-0.290986
-0.31002
-0.328369
-0.34458
-0.360694
-0.372262
-0.384743
-0.387838
-0.401204
-0.39313
-0.41857
-0.380628
-0.445894
-0.331432
-0.510561
-0.206976
-0.681713
0.0605071
-1.11626
0.311864
0.313177
0.314581
0.316049
0.317597
0.319227
0.320941
0.322744
0.324644
0.326643
0.32874
0.330945
0.333265
0.335705
0.338269
0.340957
0.343779
0.346748
0.349862
0.353126
0.356545
0.360131
0.363897
0.367835
0.371955
0.376268
0.380777
0.385491
0.390413
0.395554
0.40091
0.406491
0.412304
0.418344
0.424611
0.431119
0.437867
0.444841
0.452033
0.459456
0.467082
0.474902
0.482905
0.491067
0.499372
0.507779
0.516264
0.524789
0.533302
0.541757
0.550088
0.558237
0.566133
0.573687
0.58083
0.587462
0.593468
0.598773
0.603248
0.606802
0.609319
0.610681
0.610823
0.609641
0.607047
0.603067
0.597582
0.5918
0.58525
0.579348
0.568047
0.565097
0.541075
0.557735
0.493051
0.587933
0.385427
0.762606
0.090219
1.38756
0.137813
0.13679
0.135692
0.134553
0.133358
0.132096
0.13076
0.129337
0.127845
0.126363
0.125002
0.123875
0.123088
0.12276
0.122994
0.123862
0.125387
0.127532
0.130171
0.133048
0.135745
0.137746
0.138591
0.138032
0.136102
0.133069
0.129363
0.125407
0.121354
0.117138
0.112689
0.107999
0.103075
0.0979186
0.0925273
0.0868944
0.0810138
0.0748756
0.0684766
0.0618082
0.0548627
0.0476329
0.0401095
0.032286
0.0241588
0.0157214
0.00697064
-0.00209376
-0.0114702
-0.0211533
-0.0311336
-0.0413952
-0.0519214
-0.0626821
-0.073643
-0.0847643
-0.0959923
-0.107267
-0.118503
-0.129653
-0.140547
-0.151226
-0.161286
-0.171201
-0.179677
-0.188784
-0.194402
-0.202329
-0.202465
-0.212722
-0.203557
-0.226331
-0.191343
-0.251856
-0.150386
-0.311537
-0.0511061
-0.453006
0.149911
-0.754262
0.138735
0.139652
0.140635
0.141666
0.142757
0.143906
0.145112
0.146388
0.147734
0.149151
0.150636
0.152197
0.15384
0.155565
0.157373
0.159266
0.161249
0.16333
0.165502
0.167769
0.170138
0.172609
0.175185
0.177863
0.180649
0.183542
0.186546
0.18966
0.192882
0.196221
0.199667
0.203226
0.206894
0.210668
0.214547
0.218532
0.222623
0.226808
0.231086
0.235461
0.239909
0.244433
0.249028
0.253681
0.258381
0.263113
0.267862
0.272608
0.277333
0.282013
0.286622
0.29113
0.295504
0.299701
0.303689
0.307419
0.310828
0.313894
0.316533
0.318698
0.320332
0.321373
0.321799
0.321541
0.320562
0.318883
0.316419
0.313791
0.310537
0.308215
0.301687
0.302865
0.285904
0.305303
0.25253
0.341844
0.166796
0.499316
-0.0719025
0.974338
0.0923842
0.0926119
0.0928509
0.0931006
0.0933628
0.093655
0.0940147
0.0944783
0.0950411
0.0956208
0.0960738
0.0962199
0.0958607
0.0947735
0.0927253
0.0894773
0.08482
0.0786115
0.070854
0.0617956
0.0520074
0.0423271
0.0337371
0.0271305
0.0230381
0.02131
0.021052
0.0211878
0.0211605
0.0209438
0.020663
0.0203659
0.0200281
0.0196141
0.0191082
0.0184966
0.0177702
0.0169196
0.0159365
0.0148146
0.0135504
0.0121414
0.0105829
0.00887588
0.00702262
0.00502494
0.0028852
0.000610401
-0.00179446
-0.00432121
-0.00696207
-0.00970611
-0.0125439
-0.0154628
-0.0184482
-0.0214854
-0.0245585
-0.0276517
-0.0307314
-0.0338073
-0.0367879
-0.0397845
-0.0424942
-0.0454338
-0.0475213
-0.0506564
-0.0513795
-0.0551821
-0.0530127
-0.0597092
-0.0507362
-0.0680015
-0.0405501
-0.0857346
-0.0141342
-0.123676
0.0412611
-0.196047
0.141656
-0.295914
0.0921401
0.0918746
0.0915951
0.0912961
0.0909819
0.0906497
0.0902968
0.0899267
0.0895394
0.0891322
0.0887057
0.0882597
0.0877977
0.0873172
0.0868198
0.0863054
0.0857774
0.0852384
0.0846852
0.0841233
0.0835577
0.0829862
0.0824134
0.0818436
0.0812814
0.0807284
0.0801931
0.079676
0.0791831
0.0787242
0.0782989
0.0779163
0.0775777
0.0772918
0.0770636
0.076896
0.0767951
0.0767615
0.0768044
0.0769247
0.0771153
0.0773834
0.0777296
0.0781495
0.0786385
0.0791962
0.0798123
0.0804803
0.0811915
0.0819388
0.0827131
0.0834987
0.0842844
0.0850499
0.0857843
0.0864683
0.0870795
0.0876275
0.0880733
0.0884139
0.0886317
0.0887071
0.0886389
0.0883918
0.0879682
0.0873906
0.0866207
0.086052
0.0849321
0.0846432
0.0816041
0.0843424
0.0743806
0.0902906
0.0559443
0.117585
0.00442216
0.208078
-0.12188
0.443678
)
;

boundaryField
{
    inlet
    {
        type            freestreamPressure;
        freestreamValue uniform 0;
        value           nonuniform List<scalar> 
134
(
0.882776
0.568167
0.215788
-0.118115
-0.387146
-0.589302
-0.691173
-0.683279
-0.563792
-0.286284
-0.0611784
-0.0995739
-0.172992
-0.248122
-0.32776
-0.413344
-0.505016
-0.602727
-0.707297
-0.820755
1.169
-0.94577
-1.08307
-1.22536
-1.35598
-1.44744
-1.48968
-1.56261
-1.56368
-1.58944
-1.87365
-1.72421
-1.72077
-1.74393
-1.75925
-1.76231
-1.76447
-1.78384
-1.84435
-1.92025
1.41785
1.64619
1.79438
1.80941
1.64755
1.24724
0.56161
-2.09159
-2.03441
-1.95208
-1.89516
-1.85056
-1.80195
-1.7485
-1.69416
-1.64012
-1.58576
-1.53052
-1.47438
-1.41737
-1.35918
-1.29927
-1.23674
-1.16994
-1.09746
-1.01656
-0.964053
-0.916387
-0.86127
-0.799228
-0.730184
-0.646601
-0.539376
-0.364424
-0.142946
0.148149
0.343127
0.569793
0.796204
1.01833
1.23177
1.41274
1.54715
1.63742
1.68697
1.70572
1.70472
1.69325
1.67838
1.6701
1.68534
1.73185
1.78606
1.82844
1.86064
1.88683
1.90789
1.9226
1.9302
1.93106
1.92641
1.91922
1.91547
1.93036
1.98738
2.12629
2.18716
2.12981
2.06212
2.01821
1.98263
1.94262
1.89886
1.85458
1.81035
1.76542
1.71931
1.67178
1.62261
1.5712
1.51661
1.45752
1.39135
1.31611
1.22219
1.17379
1.13255
1.07811
1.01256
0.937309
0.842627
0.71898
0.504931
0.229987
)
;
    }
    outlet
    {
        type            freestreamPressure;
        freestreamValue uniform 0;
        value           nonuniform List<scalar> 
160
(
1.99092e-05
1.98596e-05
1.99555e-05
1.98053e-05
2.00041e-05
1.97486e-05
2.00545e-05
1.96878e-05
2.0106e-05
1.96239e-05
2.01613e-05
1.95564e-05
2.02285e-05
1.94847e-05
2.03181e-05
1.94094e-05
2.0434e-05
1.93307e-05
2.05635e-05
1.9248e-05
2.06781e-05
1.91614e-05
2.07382e-05
1.90709e-05
2.06978e-05
1.89772e-05
2.05038e-05
1.88799e-05
2.01001e-05
1.87792e-05
1.94295e-05
1.86753e-05
1.84418e-05
1.85687e-05
1.71034e-05
1.84602e-05
1.5415e-05
1.83492e-05
1.3434e-05
1.82365e-05
1.12906e-05
1.81236e-05
9.1724e-06
1.80099e-05
7.2957e-06
1.78965e-05
5.8533e-06
1.77842e-05
4.9576e-06
1.76741e-05
4.5739e-06
1.75668e-05
4.50911e-06
1.74638e-05
4.53265e-06
1.73657e-05
4.52433e-06
1.72734e-05
4.47666e-06
1.71894e-05
4.41525e-06
1.71137e-05
4.35016e-06
1.70482e-05
4.27633e-06
1.69935e-05
4.18631e-06
1.69512e-05
4.07678e-06
1.69231e-05
3.94478e-06
1.69094e-05
3.78843e-06
1.69121e-05
3.60575e-06
1.69312e-05
3.39498e-06
1.69689e-05
3.15483e-06
1.7026e-05
2.88465e-06
1.71009e-05
2.58385e-06
1.71954e-05
2.25153e-06
1.73102e-05
1.88787e-06
1.74446e-05
1.49338e-06
1.75978e-05
1.06841e-06
1.77704e-05
6.13409e-07
1.79604e-05
1.29771e-07
1.81668e-05
-3.81572e-07
1.83882e-05
-9.1907e-07
1.86236e-05
-1.48131e-06
1.88714e-05
-2.06628e-06
1.91288e-05
-2.67238e-06
1.93935e-05
-3.29735e-06
1.96619e-05
-3.93867e-06
1.99314e-05
-4.59385e-06
2.01989e-05
-5.26028e-06
2.04589e-05
-5.93538e-06
2.07145e-05
-6.61302e-06
2.09568e-05
-7.296e-06
2.1185e-05
-7.96651e-06
2.13955e-05
-8.64798e-06
2.1583e-05
-9.27962e-06
2.17475e-05
-9.96746e-06
2.18795e-05
-1.04911e-05
2.1979e-05
-1.12396e-05
2.20506e-05
-1.15038e-05
2.20846e-05
-1.23978e-05
2.21434e-05
-1.20475e-05
2.20447e-05
-1.35396e-05
2.21582e-05
-1.17823e-05
2.16147e-05
-1.5519e-05
2.25011e-05
-9.75647e-06
2.02435e-05
-1.94738e-05
2.44986e-05
-3.61714e-06
1.58772e-05
-2.71497e-05
3.19983e-05
1.17896e-05
1.35717e-06
-3.88112e-05
5.40087e-05
4.91449e-05
-4.42127e-05
-4.53119e-05
9.5429e-05
)
;
    }
    walls
    {
        type            zeroGradient;
    }
    frontAndBack
    {
        type            empty;
    }
}


// ************************************************************************* //
