/*--------------------------------*- C++ -*----------------------------------*\
| =========                 |                                                 |
| \\      /  F ield         | OpenFOAM: The Open Source CFD Toolbox           |
|  \\    /   O peration     | Version:  2412                                  |
|   \\  /    A nd           | Website:  www.openfoam.com                      |
|    \\/     M anipulation  |                                                 |
\*---------------------------------------------------------------------------*/
FoamFile
{
    version     2.0;
    format      ascii;
    arch        "LSB;label=32;scalar=64";
    class       volScalarField;
    location    "350";
    object      p;
}
// * * * * * * * * * * * * * * * * * * * * * * * * * * * * * * * * * * * * * //

dimensions      [0 2 -2 0 0 0 0];

internalField   nonuniform List<scalar> 
10720
(
306.359
278.001
239.617
193.414
141.113
81.9151
20.9766
-39.3098
-98.7136
-154.045
-205.025
-251.36
-292.667
-328.969
-360.095
-385.502
-405.545
-419.152
-427.2
-428.651
-423.933
-412.25
-395.47
-374.595
-352.181
-330.579
-307.955
-283.345
-258.71
-234.657
-210.57
-186.059
-160.933
-134.959
-107.913
-78.9435
-47.1825
-7.22204
41.0793
327.957
341.811
347.457
345.866
333.809
307.704
270.214
226.225
180.919
137.551
99.791
69.561
45.4585
26.3766
11.6197
-0.932943
-11.7566
-21.8107
-31.5318
-41.6738
-52.1286
-63.2404
-74.7171
-85.8469
-93.9557
-97.8602
-99.0998
-98.0197
-94.776
-89.6162
-82.7681
-74.3627
-64.482
-53.0839
-40.0578
-24.8135
-6.39967
19.4003
57.7936
298.734
277.466
249.325
214.425
173.579
127.022
76.669
24.2345
-29.1125
-81.5593
-131.996
-179.556
-223.497
-263.289
-298.427
-328.384
-353.062
-371.828
-384.831
-391.099
-390.903
-384.09
-372.087
-355.895
-337.358
-318.679
-298.975
-277.062
-254.251
-231.296
-207.954
-183.99
-159.274
-133.624
-106.842
-78.0902
-46.5113
-6.68155
40.7114
314.687
325.896
331.593
330.359
320.282
300.512
272.399
238.504
201.808
164.945
130.5
100.182
74.0976
51.9886
33.5124
17.6123
3.7343
-8.82074
-20.5757
-32.1536
-43.6618
-55.361
-67.0511
-78.0549
-86.281
-90.6428
-92.3917
-92.2084
-90.0793
-85.9209
-79.8564
-72.0583
-62.6533
-51.6306
-38.8938
-23.8685
-5.62919
20.0463
57.3443
282.663
264.433
240.097
209.479
173.359
131.67
85.5498
36.6011
-13.906
-64.5835
-113.992
-161.144
-205.181
-245.405
-281.226
-312.177
-337.881
-357.763
-371.538
-378.849
-379.889
-374.622
-364.039
-349.164
-331.699
-313.578
-294.374
-273.049
-250.687
-228.158
-205.307
-181.839
-157.581
-132.329
-105.861
-77.3399
-45.9338
-6.33331
40.154
296.175
305.596
310.633
310.127
302.451
286.813
263.701
234.766
202.264
168.472
135.607
105.484
78.8932
55.9346
36.4251
19.7447
5.25463
-7.67739
-19.6172
-31.1288
-42.4599
-53.8057
-65.0225
-75.5193
-83.6591
-88.3558
-90.3722
-90.3206
-88.2231
-84.0796
-78.0906
-70.4512
-61.2614
-50.4713
-37.9459
-23.096
-4.99927
20.4712
56.5875
264.3
248.891
228.307
202.453
171.982
136.482
96.8408
54.1846
9.40294
-36.3535
-81.8984
-126.285
-168.611
-208.1
-244.028
-275.796
-302.842
-324.616
-340.69
-350.924
-355.174
-353.418
-346.29
-334.691
-320.005
-303.859
-286.258
-266.53
-245.553
-224.145
-202.201
-179.439
-155.727
-130.9
-104.757
-76.498
-45.3216
-6.08596
39.4271
275.815
283.923
288.534
288.626
282.808
270.406
251.656
227.799
200.526
171.526
142.576
115.205
90.2144
67.9016
48.2751
31.0235
15.7048
1.86105
-10.9608
-23.208
-35.1335
-46.8787
-58.3254
-68.9474
-77.4265
-82.7428
-85.3992
-85.9631
-84.5193
-81.0566
-75.7093
-68.6161
-59.8516
-49.3761
-37.0746
-22.3857
-4.42575
20.7826
55.6821
245.641
232.21
214.218
191.595
164.992
133.778
98.6354
60.4514
19.8221
-22.2767
-64.8388
-106.99
-147.813
-186.475
-222.203
-254.304
-282.13
-305.103
-322.723
-334.702
-340.779
-340.903
-335.596
-325.752
-312.626
-297.633
-281.013
-262.292
-242.116
-221.256
-199.723
-177.311
-153.919
-129.4
-103.547
-75.561
-44.6621
-5.88824
38.5172
255.736
262.897
267.22
267.786
263.41
253.498
238.084
218.095
194.834
169.555
143.686
118.521
94.8324
73.0573
53.3886
35.7565
19.9096
5.53195
-7.73486
-20.2584
-32.2976
-43.9842
-55.2308
-65.5961
-74.0424
-79.6588
-82.6677
-83.5622
-82.4232
-79.2301
-74.0982
-67.1778
-58.5646
-48.2377
-36.0836
-21.5454
-3.76066
21.0985
54.6867
227.619
215.742
199.841
179.892
156.562
129.102
98.087
64.2258
27.8932
-10.116
-48.9955
-88.0143
-126.33
-163.143
-197.693
-229.251
-257.11
-280.651
-299.304
-312.665
-320.563
-322.925
-320.07
-312.707
-301.838
-288.623
-273.456
-256.09
-237.058
-217.106
-196.336
-174.581
-151.75
-127.701
-102.235
-74.5781
-44.0059
-5.77602
37.417
236.622
243.089
247.214
248.151
244.885
236.9
224.128
207.303
187.482
165.619
142.859
120.285
98.5574
78.1209
59.2435
41.9718
26.1865
11.6899
-1.77846
-14.499
-26.6891
-38.4518
-49.7052
-60.0553
-68.6498
-74.6707
-78.1572
-79.5131
-78.8387
-76.1129
-71.4342
-64.9415
-56.722
-46.7474
-34.8941
-20.6102
-3.07182
21.3664
53.5961
210.634
199.965
185.706
167.859
147.112
122.653
94.9756
64.679
31.9649
-2.51072
-38.1096
-74.2428
-110.157
-145.12
-178.403
-209.263
-236.975
-260.881
-280.364
-294.988
-304.433
-308.573
-307.553
-302.002
-292.811
-280.976
-266.973
-250.727
-232.673
-213.495
-193.36
-172.146
-149.771
-126.112
-100.977
-73.6185
-43.3697
-5.73715
36.1662
218.79
224.725
228.702
229.932
227.536
221.068
210.396
196.117
179.114
160.119
140.06
119.839
99.9906
80.9194
62.9208
46.1119
30.4785
15.9392
2.33366
-10.528
-22.8083
-34.5785
-45.7606
-56.0141
-64.648
-70.9417
-74.8076
-76.5327
-76.2176
-73.8447
-69.4976
-63.3044
-55.3478
-45.6009
-33.941
-19.8316
-2.49177
21.5177
52.4069
194.81
185.112
172.191
156.069
137.451
115.503
90.6699
63.4719
34.0019
2.79188
-29.6422
-62.8445
-96.1743
-128.983
-160.598
-190.309
-217.394
-241.182
-261.032
-276.449
-287.065
-292.738
-293.512
-289.86
-282.496
-272.235
-259.574
-244.58
-227.631
-209.347
-189.95
-169.364
-147.527
-124.329
-99.5903
-72.5904
-42.7152
-5.75251
34.8123
202.29
207.805
211.663
213.125
211.419
206.157
197.175
184.973
170.306
153.758
136.091
118.063
100.1
82.547
65.6852
49.6545
34.507
20.2368
6.76216
-6.03405
-18.2599
-29.9557
-41.0409
-51.2131
-59.8868
-66.4258
-70.6498
-72.7538
-72.8351
-70.8758
-66.9365
-61.1276
-53.5227
-44.0932
-32.715
-18.8656
-1.80888
21.6676
51.1805
180.159
171.255
159.434
144.74
127.88
108.03
85.5912
61.0343
34.3706
6.04602
-23.5285
-54.0109
-84.8615
-115.522
-145.395
-173.817
-200.092
-223.557
-243.562
-259.578
-271.181
-278.168
-280.466
-278.422
-272.635
-263.786
-252.362
-238.528
-222.62
-205.195
-186.512
-166.543
-145.241
-122.508
-98.1751
-71.5531
-42.0792
-5.84279
33.3662
187.084
192.256
196.013
197.658
196.504
192.216
184.611
174.113
161.385
146.903
131.307
115.24
99.0363
82.9743
67.3037
52.159
37.6251
23.748
10.5048
-2.15387
-14.2802
-25.8784
-36.8592
-46.9471
-55.6418
-62.381
-66.9286
-69.3867
-69.8329
-68.2424
-64.6615
-59.1871
-51.8876
-42.7346
-31.6046
-17.9925
-1.21184
21.7115
49.8823
166.629
158.388
147.491
134
118.622
100.547
80.1528
57.8734
33.6666
7.9125
-19.0622
-47.0032
-75.4589
-103.969
-132.011
-158.973
-184.216
-207.094
-226.966
-243.28
-255.572
-263.603
-267.236
-266.678
-262.405
-254.965
-244.807
-232.156
-217.324
-200.805
-182.884
-163.573
-142.841
-120.604
-96.7062
-70.4947
-41.4619
-6.01294
31.8303
173.09
177.973
181.642
183.429
182.722
179.226
172.755
163.67
152.56
139.831
126.026
111.702
97.1206
82.4999
68.0513
53.8909
40.1114
26.7848
13.9316
1.55127
-10.3612
-21.7781
-32.5985
-42.5684
-51.246
-58.1293
-62.9482
-65.7277
-66.5239
-65.3082
-62.1089
-57.0038
-50.0504
-41.2167
-30.3783
-17.0498
-0.59729
21.7017
48.5258
154.149
146.471
136.363
123.897
109.78
93.223
74.5858
54.2722
32.2113
8.73025
-15.9094
-41.5253
-67.742
-94.18
-120.393
-145.841
-169.936
-192.07
-211.619
-228.029
-240.816
-249.682
-254.445
-255.18
-252.262
-246.129
-237.181
-225.671
-211.889
-196.277
-179.125
-160.484
-140.34
-118.621
-95.1824
-69.4126
-40.8631
-6.26086
30.2066
160.21
164.847
168.43
170.33
169.988
167.146
161.616
153.711
143.962
132.721
120.462
107.674
94.5602
81.2905
68.0388
54.8935
41.9377
29.2542
16.8883
4.8751
-6.75362
-17.94
-28.5727
-38.4098
-47.0511
-54.044
-59.1004
-62.1811
-63.3116
-62.4523
-59.6154
-54.8616
-48.2389
-39.7132
-29.1617
-16.1215
-0.0145445
21.6227
47.1171
142.636
135.448
126.021
114.443
101.412
86.166
69.0527
50.452
30.273
8.80542
-13.7384
-37.2319
-61.3647
-85.8309
-110.252
-134.156
-157.016
-178.271
-197.324
-213.632
-226.696
-236.18
-241.874
-243.742
-242.057
-237.163
-229.392
-219.004
-206.269
-191.576
-175.215
-157.268
-137.735
-116.558
-93.6072
-68.3124
-40.2868
-6.5875
28.4996
148.353
152.774
156.275
158.258
158.218
155.917
151.174
144.264
135.667
125.698
114.774
103.332
91.5362
79.5158
67.4099
55.2789
43.1893
31.2206
19.4292
7.87181
-3.39198
-14.282
-24.6781
-34.3458
-42.9141
-49.9675
-55.2117
-58.5555
-59.9942
-59.4784
-57.0024
-52.6081
-46.3313
-38.1338
-27.8933
-15.1716
0.552579
21.4801
45.6592
132.015
125.255
116.426
105.623
93.5378
79.437
63.655
46.5547
28.0337
8.34966
-12.3176
-33.8866
-56.0994
-78.711
-101.409
-123.784
-145.373
-165.662
-184.093
-200.143
-213.313
-223.235
-229.676
-232.509
-231.918
-228.163
-221.511
-212.206
-200.497
-186.723
-171.165
-153.927
-135.028
-114.417
-91.9805
-67.1951
-39.734
-6.98964
26.7142
137.427
141.657
145.075
147.12
147.328
145.481
141.402
135.334
127.719
118.84
109.073
98.8106
88.1912
77.3116
66.2809
55.1345
43.9199
32.7064
21.5498
10.5147
-0.321876
-10.864
-20.9833
-30.4506
-38.9157
-45.9919
-51.3838
-54.9614
-56.6869
-56.498
-54.3703
-50.328
-44.3945
-36.5274
-26.6063
-14.22
1.09445
21.2742
44.1581
122.21
115.83
107.529
97.4127
86.1599
73.0674
58.4572
42.6799
25.6252
7.52763
-11.4588
-31.2851
-51.7376
-72.6202
-93.6801
-114.569
-134.874
-154.141
-171.852
-187.511
-200.63
-210.822
-217.832
-221.477
-221.848
-219.135
-213.543
-205.282
-194.576
-181.719
-166.975
-150.463
-132.217
-112.196
-90.3029
-66.0613
-39.2064
-7.463
24.8584
127.348
131.403
134.743
136.83
137.242
135.776
132.262
126.913
120.14
112.201
103.437
94.2108
84.6369
74.7908
64.7578
54.5518
44.2007
33.7594
23.2759
12.8145
2.4593
-7.68479
-17.4844
-26.7155
-35.0421
-42.0986
-47.5935
-51.3671
-53.3507
-53.4695
-51.6792
-47.9864
-42.4006
-34.8743
-25.2887
-13.2612
1.61249
21.0095
42.6199
113.152
107.112
99.2848
89.7804
79.2675
67.0691
53.4992
38.895
23.1442
6.46388
-11.014
-29.2641
-48.1087
-67.3937
-86.9114
-106.368
-125.407
-143.623
-160.548
-175.715
-188.654
-198.971
-206.392
-210.699
-211.901
-210.128
-205.523
-198.259
-188.526
-176.576
-162.651
-146.879
-129.304
-109.897
-88.5755
-64.9126
-38.7048
-8.00415
22.9413
118.042
121.935
125.195
127.312
127.891
126.747
123.716
118.985
112.937
105.813
97.9249
89.6072
80.9621
72.0478
62.9323
53.6116
44.0963
34.4239
24.6313
14.777
4.94454
-4.75901
-14.2003
-23.1612
-31.3162
-38.3144
-43.8708
-47.8048
-50.0189
-50.4247
-48.9577
-45.6067
-40.3679
-33.1874
-23.9493
-12.3011
2.1037
20.6886
41.0513
104.776
99.0443
91.6453
82.6933
72.8422
61.4433
48.8032
35.2464
20.6607
5.24956
-10.8729
-27.698
-45.0757
-62.8857
-80.9614
-99.0548
-116.86
-134.02
-150.115
-164.712
-177.364
-187.681
-195.369
-200.198
-202.106
-201.168
-197.477
-191.156
-182.362
-171.304
-158.2
-143.179
-126.292
-107.522
-86.7996
-63.7503
-38.2302
-8.6076
20.9719
109.441
113.183
116.364
118.497
119.212
118.342
115.726
111.53
106.111
99.6964
92.5743
85.0569
77.2365
69.1602
60.8823
52.3858
43.6664
34.7456
25.6469
16.4191
7.13876
-2.09062
-11.1393
-19.7965
-27.745
-34.6471
-40.2236
-44.2802
-46.6941
-47.3639
-46.2044
-43.1874
-38.2947
-31.4665
-22.5889
-11.3407
2.56739
20.316
39.4587
97.0255
91.5765
84.5666
76.1165
66.8618
56.1834
44.3788
31.7621
18.2228
3.95123
-10.9496
-26.483
-42.5236
-58.9769
-75.711
-92.5177
-109.135
-125.253
-140.494
-154.464
-166.744
-176.952
-184.782
-190.005
-192.497
-192.292
-189.433
-183.997
-176.102
-165.917
-153.63
-139.367
-123.184
-105.072
-84.9768
-62.5757
-37.7822
-9.26765
18.9593
101.484
105.084
108.185
110.324
111.152
110.513
108.255
104.524
99.6544
93.8604
87.4113
80.6004
73.5135
66.1896
58.6735
50.9384
42.9686
34.7715
26.3569
17.7613
9.05102
0.321151
-8.30662
-16.6303
-24.341
-31.1106
-36.6679
-40.8099
-43.3924
-44.3015
-43.4318
-40.7384
-36.189
-29.7172
-21.2118
-10.3833
3.00273
19.8962
37.8491
89.8497
84.6602
78.0082
70.0156
61.3032
51.2775
40.229
28.4602
15.8648
2.62219
-11.1741
-25.5376
-40.3598
-55.5693
-71.0596
-86.6571
-102.141
-117.24
-131.621
-144.926
-156.766
-166.776
-174.642
-180.139
-183.104
-183.53
-181.421
-176.808
-169.767
-160.43
-148.952
-135.451
-119.985
-102.55
-83.1093
-61.3894
-37.3601
-9.97744
16.9147
94.1146
97.581
100.603
102.738
103.657
103.217
101.27
97.9449
93.5567
88.3087
82.4539
76.2689
69.8347
63.1857
56.3599
49.3245
42.054
34.545
26.7948
18.8262
10.6931
2.47933
-5.70445
-13.6681
-21.1114
-27.7149
-33.2156
-37.406
-40.1249
-41.247
-40.6478
-38.2661
-34.0558
-27.9437
-19.8214
-9.43087
3.40914
19.4346
36.2307
83.2006
78.2522
71.9301
64.359
56.1416
46.7116
36.3502
25.3512
13.6106
1.29977
-11.496
-24.7964
-38.5081
-52.5754
-66.9154
-81.3827
-95.7912
-109.906
-123.435
-136.054
-147.405
-157.142
-164.953
-170.619
-173.951
-174.912
-173.469
-169.612
-163.377
-154.857
-144.177
-131.438
-116.698
-99.9604
-81.1989
-60.1924
-36.9625
-10.7295
14.8486
87.2847
90.6237
93.5672
95.6914
96.6837
96.4136
94.7366
91.7687
87.8051
83.0399
77.7118
72.083
66.2313
60.1883
53.987
47.5914
40.9694
34.1082
26.9948
19.6391
12.0811
4.39111
-3.33323
-10.9145
-18.063
-24.4694
-29.8786
-34.0817
-36.9049
-38.2125
-37.863
-35.7794
-31.9022
-26.1515
-18.4217
-8.48622
3.78685
18.9365
34.6111
77.0365
72.3135
66.2976
59.1155
51.3537
42.4689
32.7361
22.4381
11.4752
0.0112192
-11.8742
-24.2069
-36.9037
-49.9232
-63.2015
-76.6165
-90.0113
-103.184
-115.877
-127.801
-138.629
-148.035
-155.717
-161.457
-165.062
-166.465
-165.605
-162.436
-156.955
-149.218
-139.317
-127.337
-113.331
-97.3058
-79.2482
-58.9854
-36.5874
-11.5159
12.7721
80.9503
84.168
87.0336
89.1402
90.1905
90.0655
88.6255
85.9728
82.3855
78.0495
73.1904
68.0579
62.7276
57.2292
51.5924
45.7798
39.7557
33.5
26.9907
20.226
13.2329
6.06761
-1.18726
-8.36902
-15.2006
-21.3822
-26.6673
-30.849
-33.7447
-35.2093
-35.0877
-33.2871
-29.7353
-24.3462
-17.0171
-7.55156
4.13623
18.408
32.9978
71.3195
66.8075
61.0773
54.2571
46.9156
38.5331
29.3771
19.7209
9.4685
-1.22285
-12.2795
-23.729
-35.4992
-47.5579
-59.856
-72.2931
-84.7357
-97.0109
-108.893
-120.123
-130.406
-139.438
-146.928
-152.662
-156.454
-158.212
-157.855
-155.305
-150.523
-143.531
-134.387
-123.159
-109.89
-94.5916
-77.26
-57.7686
-36.2317
-12.3276
10.697
75.0727
78.1737
80.9615
83.0452
84.1412
84.1408
82.909
80.5359
77.2833
73.3302
68.8906
64.2026
59.3399
54.3313
49.2049
43.9232
38.4481
32.755
26.8142
20.6137
14.169
7.52196
0.74029
-6.03061
-12.5269
-18.4593
-23.5912
-27.7194
-30.6566
-32.2494
-32.333
-30.7988
-27.5631
-22.5342
-15.6121
-6.62933
4.45822
17.8553
31.3991
66.0151
61.7017
56.2388
49.7565
42.8052
34.8871
26.2633
17.1964
7.5962
-2.38825
-12.6869
-23.3299
-34.2514
-45.4284
-56.824
-68.3525
-79.9039
-91.3285
-102.429
-112.977
-122.704
-131.329
-138.579
-144.239
-148.141
-150.175
-150.244
-148.244
-144.105
-137.815
-129.404
-118.915
-106.385
-91.8234
-75.2373
-56.5423
-35.892
-13.155
8.63571
69.6158
72.6046
75.3147
77.371
78.5024
78.6095
77.561
75.4367
72.4837
68.8742
64.8116
60.5227
56.0806
51.514
46.8495
42.0504
37.0782
31.9044
26.4942
20.8282
14.9104
8.76956
2.45798
-3.89559
-10.0423
-15.7051
-20.6578
-24.703
-27.652
-29.3446
-29.6098
-28.3243
-25.3939
-20.7221
-14.2115
-5.72163
4.75391
17.2846
29.8229
61.0918
56.9661
51.7547
45.5893
39.0004
31.5141
23.3827
14.8597
5.85884
-3.47591
-13.0798
-22.9829
-33.1265
-43.4936
-54.0571
-64.7445
-75.4633
-86.0861
-96.4398
-106.322
-115.49
-123.687
-130.657
-136.19
-140.134
-142.372
-142.793
-141.276
-137.723
-132.091
-124.383
-114.619
-102.824
-89.0071
-73.1833
-55.3064
-35.5645
-13.9894
6.59949
64.5473
67.4287
70.0613
72.0865
73.2444
73.4438
72.5576
70.6556
67.9716
64.6718
60.9494
57.0209
52.9585
48.791
44.5444
40.1837
35.6707
30.9747
26.0575
20.8938
15.4782
9.82664
3.9774
-1.95741
-7.74536
-13.1224
-17.8734
-21.8094
-24.7419
-26.5066
-26.9294
-25.8738
-23.2364
-18.9168
-12.8202
-4.8307
5.02512
16.7023
28.2769
56.5214
52.5734
47.5995
41.7319
35.482
28.3978
20.7237
12.7039
4.25679
-4.48047
-13.4456
-22.6696
-32.0983
-41.7202
-51.5159
-61.4245
-71.3681
-81.2362
-90.8789
-100.117
-108.732
-116.488
-123.148
-128.511
-132.44
-134.817
-135.525
-134.425
-131.401
-126.381
-119.342
-110.284
-99.2176
-86.15
-71.1015
-54.0608
-35.2441
-14.8205
4.60063
59.8384
62.6158
65.1722
67.1635
68.3402
68.6185
67.8762
66.174
63.7331
60.7134
57.299
53.6968
49.9782
46.1719
42.3041
38.3418
34.2477
29.9902
25.5291
20.8343
15.893
10.7106
5.3117
-0.207842
-5.63221
-10.7118
-15.2431
-19.0459
-21.9362
-23.7467
-24.303
-23.458
-21.1001
-17.1257
-11.4431
-3.95849
5.27368
16.1147
26.7686
52.2778
48.4987
43.7498
38.1626
32.2307
25.5224
18.2746
10.722
2.78726
-5.39795
-13.7743
-22.3728
-31.1441
-40.0806
-49.1677
-58.3551
-67.577
-76.7377
-85.707
-94.3251
-102.398
-109.709
-116.04
-121.197
-125.063
-127.522
-128.454
-127.711
-125.159
-120.705
-114.3
-105.925
-95.5773
-83.2589
-68.996
-52.8047
-34.9261
-15.6384
2.65071
55.4625
58.1396
60.6205
62.5754
63.7641
64.1103
63.4963
61.9744
59.7537
56.9884
53.8542
50.5486
47.1423
43.6642
40.1402
36.5396
32.8269
28.9705
24.9295
20.6705
16.1743
11.4375
6.4733
1.36209
-3.69838
-8.47227
-12.7695
-16.4191
-19.2435
-21.0751
-21.7413
-21.0869
-18.9941
-15.3565
-10.0853
-3.10698
5.50172
15.5279
25.305
48.3375
44.7194
40.1839
34.8616
29.2286
22.8726
16.0229
8.9055
1.44651
-6.22739
-14.0601
-22.0815
-30.2465
-38.5511
-46.9842
-55.5038
-64.0543
-72.5535
-80.8866
-88.9132
-96.4587
-103.326
-109.314
-114.242
-118.005
-120.497
-121.598
-121.154
-119.019
-115.082
-109.275
-101.557
-91.9143
-80.3428
-66.8697
-51.5384
-34.6044
-16.4332
0.761076
51.3956
53.9756
56.3818
58.2981
59.4935
59.898
59.3986
58.04
56.0197
53.4866
50.6081
47.5732
44.4511
41.2713
38.0598
34.7881
31.4226
27.9328
24.2776
20.4216
16.3409
12.0248
7.47655
2.76201
-1.93736
-6.40178
-10.4543
-13.9343
-16.6719
-18.5017
-19.255
-18.7711
-16.9275
-13.6165
-8.75222
-2.27783
5.71139
14.9477
23.8926
44.6789
41.2144
36.8818
31.8103
26.4591
20.4342
13.9574
7.24618
0.229963
-6.96916
-14.2986
-21.7866
-29.3923
-37.1129
-44.9422
-52.8434
-60.7699
-68.6507
-76.385
-83.8491
-90.8852
-97.3153
-102.955
-107.635
-111.263
-113.747
-114.968
-114.77
-112.999
-109.533
-104.285
-97.1974
-88.2414
-77.409
-64.7284
-50.2607
-34.274
-17.1964
-1.05761
47.6152
50.1013
52.4339
54.3103
55.5076
55.9624
55.5654
54.3551
52.5179
50.1974
47.5532
44.7659
41.9036
38.9959
36.0687
33.0963
30.0472
26.8918
23.5899
20.1048
16.4099
12.4887
8.33541
4.00397
-0.341389
-4.49645
-8.29746
-11.5948
-14.2278
-16.0353
-16.854
-16.5206
-14.9097
-11.9133
-7.44866
-1.47285
5.90518
14.3793
22.5371
41.2818
37.9644
33.8247
28.9915
23.9064
18.1933
12.0668
5.73523
-0.86774
-7.62541
-14.4877
-21.4823
-28.57
-35.7514
-43.0216
-50.35
-57.697
-65.0007
-72.1726
-79.1032
-85.6512
-91.6541
-96.9444
-101.365
-104.834
-107.275
-108.573
-108.574
-107.119
-104.078
-99.3481
-92.8601
-84.5716
-74.467
-62.5753
-48.9717
-33.9297
-17.918
-2.79585
44.1012
46.4966
48.7569
50.592
51.7872
52.2852
51.9802
50.9049
49.2355
47.1103
44.6816
42.1216
39.4973
36.8384
34.1706
31.4706
28.7091
25.8584
22.8792
19.735
16.3967
12.8439
9.06386
5.09882
1.09749
-2.75146
-6.29764
-9.40291
-11.9164
-13.6834
-14.5471
-14.3449
-12.9497
-10.2544
-6.1794
-0.693745
6.08502
13.8282
21.2438
38.128
34.9515
30.9958
26.3892
21.5559
16.1369
10.3401
4.36447
-1.85227
-8.19859
-14.6263
-21.1628
-27.7714
-34.453
-41.2061
-48.0039
-54.8126
-61.5783
-68.2232
-74.6495
-80.7312
-86.3209
-91.265
-95.421
-98.7131
-101.084
-102.423
-102.578
-101.394
-98.7333
-94.4833
-88.5622
-80.9169
-71.5262
-60.4154
-47.6706
-33.5645
-18.5902
-4.44427
40.8353
43.1427
45.3315
47.1247
48.3146
48.8494
48.6273
47.6754
46.1602
44.2152
41.9852
39.6344
37.2286
34.7975
32.3665
29.9149
27.4154
24.8421
22.1575
19.3253
16.3158
13.1048
9.67491
6.05817
2.38839
-1.16103
-4.45223
-7.35922
-9.74163
-11.4524
-12.3427
-12.2528
-11.056
-8.64686
-4.94959
0.0580237
6.25371
13.2983
20.0168
35.2009
32.1591
28.3793
23.9884
19.3937
14.2529
8.76663
3.12557
-2.72936
-8.69122
-14.7145
-20.8252
-26.989
-33.2079
-39.4818
-45.7875
-52.0963
-58.3608
-64.5127
-70.4644
-76.1032
-81.2949
-85.9004
-89.7888
-92.8932
-95.1716
-96.5199
-96.7931
-95.8386
-93.5158
-89.7063
-84.3188
-77.2911
-68.595
-58.2538
-46.3572
-33.1746
-19.2046
-5.99445
37.8
40.022
42.1409
43.8916
45.0733
45.6394
45.4922
44.6534
43.2806
41.502
39.4556
37.2981
35.0933
32.8714
30.6569
28.4318
26.1711
23.8503
21.4339
18.8869
16.179
13.2843
10.1811
6.89311
3.54047
0.281877
-2.75741
-5.4632
-7.70595
-9.34735
-10.2477
-10.2522
-9.23656
-7.09768
-3.76356
0.780978
6.41268
12.7936
18.8593
32.4846
29.5721
25.9605
21.7752
17.407
12.5296
7.33636
2.01
-3.50547
-9.10793
-14.7536
-20.468
-26.2186
-32.0079
-37.8373
-43.6867
-49.5314
-55.3294
-61.0202
-66.526
-71.7454
-76.5565
-80.833
-84.4561
-87.3663
-89.5352
-90.8681
-91.2269
-90.464
-88.44
-85.033
-80.1448
-73.7064
-65.6836
-56.0948
-45.0318
-32.7546
-19.7547
-7.43978
34.9796
37.119
39.1691
40.877
42.0481
42.6408
42.5612
41.8265
40.5853
38.9609
37.0848
35.106
33.0868
31.0571
29.041
27.0227
24.9793
22.8881
20.716
18.429
15.9973
13.3939
10.594
7.61448
4.56313
1.58434
-1.20885
-3.71314
-5.81049
-7.37217
-8.26813
-8.35027
-7.49841
-5.61308
-2.62566
1.47367
6.56385
12.317
17.7735
29.9648
27.1764
23.7257
19.7367
15.5836
10.9559
6.03971
1.00971
-4.187
-9.45255
-14.7457
-20.0904
-25.4565
-30.8466
-36.2636
-41.6894
-47.1027
-52.4667
-57.7273
-62.8151
-67.6385
-72.0878
-76.0471
-79.4096
-82.1231
-84.1711
-85.468
-85.8847
-85.2803
-83.5189
-80.4776
-76.0547
-70.1753
-62.8006
-53.9437
-43.6949
-32.3003
-20.2343
-8.77468
32.3595
34.4189
36.4015
38.0663
39.2249
39.84
39.8217
39.1828
38.0634
36.5823
34.8644
33.0514
31.2037
29.3508
27.5168
25.6875
23.8421
21.9599
20.0097
17.9594
15.7799
13.4438
10.9245
8.23306
5.46575
2.75388
0.199006
-2.1064
-4.05542
-5.52952
-6.40848
-6.55301
-5.84804
-4.19854
-1.53982
2.13469
6.70872
11.871
16.7611
27.628
24.9588
21.6622
17.8606
13.9123
9.5215
4.86754
0.117297
-4.77946
-9.72893
-14.6924
-19.6922
-24.7001
-29.7194
-34.7529
-39.7854
-44.7979
-49.7581
-54.6177
-59.3142
-63.7654
-67.8715
-71.5274
-74.6369
-77.1545
-79.0738
-80.319
-80.7703
-80.2954
-78.7632
-76.0529
-72.0609
-66.7094
-59.9549
-51.8057
-42.3465
-31.8086
-20.6384
-9.99412
29.9261
31.9079
33.8245
35.4461
36.5904
37.2243
37.2615
36.711
35.7049
34.3571
32.7863
31.1271
29.4382
27.7485
26.0816
24.4252
22.7603
21.068
19.3194
17.4843
15.5346
13.4429
11.182
8.7582
6.25733
3.79828
1.47199
-0.639363
-2.43958
-3.82054
-4.67221
-4.86529
-4.29096
-2.85922
-0.509525
2.7627
6.84799
11.4571
15.8222
25.4617
22.907
19.7583
16.1357
12.3824
8.21661
3.81112
-0.675073
-5.28904
-9.94174
-14.5962
-19.2737
-23.9476
-28.6216
-33.2991
-37.966
-42.6063
-47.1913
-51.677
-56.008
-60.1097
-63.8918
-67.259
-70.1246
-72.45
-74.2367
-75.4185
-75.8858
-75.515
-74.1821
-71.7697
-68.1754
-63.3193
-57.1551
-49.6856
-40.9887
-31.2762
-20.9629
-11.0953
27.6666
29.5733
31.4254
33.0039
34.1325
34.782
34.8696
34.4007
33.4999
32.2762
30.8426
29.3264
27.7848
26.2457
24.7324
23.2341
21.7338
20.2142
18.6486
17.0087
15.2678
13.3992
11.3752
9.19882
6.94632
4.72522
2.61641
0.692571
-0.960488
-2.24523
-3.06147
-3.29078
-2.83148
-1.59927
0.462179
3.35618
6.98237
11.0762
14.9562
23.4544
21.0097
18.0028
14.5514
10.9839
7.0321
2.86207
-1.37433
-5.72197
-10.0956
-14.4603
-18.8363
-23.1986
-27.5509
-31.8968
-36.2242
-40.5186
-44.7544
-48.8925
-52.8825
-56.6571
-60.1345
-63.2285
-65.861
-67.9995
-69.6524
-70.763
-71.2313
-70.943
-69.7823
-67.6374
-64.4082
-60.0151
-54.4093
-47.5886
-39.6224
-30.7022
-21.2058
-12.076
25.5694
27.4033
29.1923
30.7281
31.8396
32.5018
32.6352
32.2419
31.439
30.3312
29.0255
27.6425
26.2373
24.8376
23.4655
22.1119
20.7616
19.399
17.9993
16.5363
14.9848
13.3192
11.5119
9.56328
7.54111
5.54238
3.63885
1.8944
0.384858
-0.802474
-1.57695
-1.83179
-1.47282
-0.422044
1.37266
3.91427
7.11185
10.7283
14.1617
21.5952
19.2565
16.3855
13.0979
9.70752
5.9593
2.01284
-1.98735
-6.08377
-10.1947
-14.2874
-18.3812
-22.4525
-26.505
-30.5424
-34.5541
-38.5269
-42.4383
-46.2529
-49.9252
-53.3945
-56.5862
-59.4227
-61.8337
-63.7929
-65.3132
-66.3477
-66.8052
-66.5815
-65.5691
-63.6634
-60.7683
-56.8054
-51.7249
-45.5199
-38.2499
-30.0858
-21.365
-12.9357
23.6235
25.387
27.1144
28.6077
29.7013
30.3735
30.5482
30.225
29.5133
28.5136
27.3274
26.0684
24.7899
23.5188
22.2767
21.0557
19.8423
18.6222
17.3728
16.0699
14.69
13.2085
11.5988
9.85904
8.04945
6.25726
4.54607
2.97156
1.60039
0.51002
-0.218358
-0.489463
-0.217067
0.670118
2.21994
4.4356
7.23642
10.4126
13.4364
19.8741
17.6373
14.8968
11.7658
8.54449
4.98996
1.25566
-2.52098
-6.37998
-10.2436
-14.0808
-17.9103
-21.7093
-25.4821
-29.2323
-32.9504
-36.6245
-40.2345
-43.7484
-47.1253
-50.3099
-53.2344
-55.8293
-58.0314
-59.8198
-61.2107
-62.1664
-62.6045
-62.4304
-61.5458
-59.8535
-57.2626
-53.6976
-49.1085
-43.4839
-36.8736
-29.4266
-21.4407
-13.675
21.8188
23.514
25.1813
26.6325
27.7073
28.3871
28.5995
28.3409
27.7143
26.8156
25.7408
24.5975
23.4367
22.2846
21.1621
20.0624
18.9737
17.883
16.7698
15.6116
14.3867
13.0719
11.6418
10.0927
8.4784
6.87711
5.34485
3.93008
2.69089
1.69548
1.01584
0.736325
0.934725
1.67562
3.00254
4.91923
7.35525
10.128
12.7774
18.2817
16.1429
13.5276
10.5466
7.48658
4.1165
0.583613
-2.9812
-6.61579
-10.2464
-13.8437
-17.4253
-20.9699
-24.4815
-27.9642
-31.4089
-34.8056
-38.1357
-41.3705
-44.4727
-47.3925
-50.0682
-52.4373
-54.4433
-56.0697
-57.3364
-58.2129
-58.6254
-58.4886
-57.7138
-56.2114
-53.8968
-50.6982
-46.566
-41.4855
-35.4965
-28.7264
-21.4335
-14.2954
20.1457
21.7748
23.3833
24.7929
25.8482
26.5337
26.78
26.5813
26.0339
25.2294
24.2587
23.2231
22.1717
21.1297
20.1172
19.1287
18.1536
17.1804
16.1902
15.1627
14.0776
12.9134
11.6458
10.2704
8.83462
7.40875
6.04202
4.77614
3.6616
2.75787
2.12829
1.84676
1.98265
2.59383
3.71959
5.36424
7.46743
9.87245
12.1809
16.8092
14.7646
12.2695
9.43218
6.52602
3.33172
-0.00981024
-3.37388
-6.79655
-10.2075
-13.5792
-16.9283
-20.2347
-23.5028
-26.7361
-29.9267
-33.0654
-36.1357
-39.1115
-41.9588
-44.6327
-47.0771
-49.2357
-51.0585
-52.5331
-53.6814
-54.4798
-54.8628
-54.7536
-54.073
-52.7393
-50.6749
-47.812
-44.1026
-39.529
-34.1216
-27.9871
-21.3458
-14.8001
18.5953
20.1604
21.7117
23.0801
24.1153
24.8045
25.0815
24.9381
24.4644
23.7479
22.8744
21.9391
20.9892
20.049
19.1377
18.2509
17.3793
16.5125
15.6335
14.7237
13.7646
12.7361
11.6155
10.3975
9.12433
7.85882
6.64415
5.51611
4.5182
3.70192
3.12252
2.84407
2.9278
3.42496
4.37073
5.7699
7.57173
9.64363
11.6429
15.4484
13.4945
11.1146
8.4149
5.6557
2.62876
-0.530822
-3.70469
-6.92692
-10.1308
-13.2902
-16.4212
-19.5049
-22.5453
-25.5463
-28.5005
-31.3997
-34.2289
-36.9644
-39.5756
-42.0214
-44.2514
-46.2148
-47.8672
-49.2
-50.2367
-50.9596
-51.3106
-51.2217
-50.6219
-49.4379
-47.599
-45.0426
-41.7225
-37.6185
-32.7524
-27.2115
-21.1805
-15.1927
17.1593
18.6625
20.1581
21.4858
22.5004
23.1916
23.496
23.4036
22.9986
22.3641
21.5812
20.7394
19.8835
19.0374
18.2192
17.4254
16.6479
15.8776
15.099
14.2951
13.4492
12.5428
11.5545
10.4788
9.35314
8.23356
7.15779
6.15646
5.26677
4.53298
4.00288
3.73151
3.77226
4.17012
4.95617
6.13575
7.66681
9.43875
11.1588
14.1915
12.3248
10.0557
7.48766
4.8687
2.00126
-0.985372
-3.97901
-7.01163
-10.0201
-12.98
-15.9063
-18.7814
-21.6093
-24.3937
-27.1279
-29.8048
-32.4104
-34.9234
-37.3158
-39.5508
-41.5824
-43.3651
-44.8597
-46.061
-46.9934
-47.6442
-47.9623
-47.8877
-47.3575
-46.3063
-44.6705
-42.3925
-39.4288
-35.7576
-31.3926
-26.4033
-20.9416
-15.4781
15.83
17.2732
18.7145
20.0022
20.9957
21.6871
22.0161
21.9708
21.6295
21.0714
20.3729
19.6179
18.8494
18.09
17.3573
16.6486
15.9567
15.2736
14.5854
13.8768
13.1324
12.3354
11.466
10.5186
9.52619
8.53879
7.58926
6.70365
5.91361
5.25685
4.77439
4.51308
4.51899
4.83113
5.47675
6.46148
7.75111
9.25464
10.7237
13.0314
11.2487
9.08579
6.6438
4.15879
1.44326
-1.37897
-4.20171
-7.05515
-9.87928
-12.6513
-15.3856
-18.0654
-20.6948
-23.2774
-25.8071
-28.2773
-30.6757
-32.9828
-35.1731
-37.2133
-39.0616
-40.6778
-42.0268
-43.1068
-43.9424
-44.5254
-44.8106
-44.7459
-44.2757
-43.3423
-41.8887
-39.863
-37.2241
-33.9495
-30.046
-25.5667
-20.6342
-15.6619
14.6
15.9852
17.3736
18.6218
19.5938
20.284
20.6349
20.6328
20.3505
19.8635
19.2435
18.5692
17.8815
17.2022
16.5479
15.9168
15.3026
14.6984
14.0915
13.4683
12.8149
12.1158
11.353
10.5207
9.64827
8.78007
7.94467
7.16411
6.46515
5.8797
5.44263
5.1935
5.17167
5.41052
5.93372
6.74704
7.82312
9.08806
10.3328
11.9614
10.2593
8.19845
5.87708
3.52003
0.949199
-1.71688
-4.3776
-7.06144
-9.71171
-12.307
-14.861
-17.358
-19.802
-22.1966
-24.5361
-26.8148
-29.0213
-31.1378
-33.1415
-35.0019
-36.6816
-38.1444
-39.36
-40.3283
-41.0747
-41.5945
-41.8481
-41.7899
-41.3716
-40.5426
-39.2524
-37.4541
-35.1101
-32.1971
-28.7161
-24.7063
-20.2636
-15.7503
13.4625
14.7915
16.1284
17.3377
18.288
18.9756
19.3457
19.3831
19.1556
18.7345
18.1875
17.588
16.9749
16.3693
15.7869
15.2266
14.6829
14.1497
13.6159
13.0692
12.4971
11.8854
11.2178
10.4886
9.72382
8.96266
8.22995
7.54419
6.92791
6.40792
6.0136
5.77809
5.73458
5.91141
6.32888
6.99268
7.88133
8.93563
9.98073
10.975
9.35055
7.38759
5.18173
2.94674
0.513795
-2.00381
-4.5109
-7.03445
-9.52076
-11.9498
-14.3345
-16.6605
-18.9314
-21.1507
-23.3134
-25.4144
-27.4432
-29.3838
-31.2154
-32.9103
-34.435
-35.7573
-36.8506
-37.7169
-38.3817
-38.8429
-39.0666
-39.0127
-38.6396
-37.9031
-36.7589
-35.1652
-33.0875
-30.5027
-27.4068
-23.8269
-19.836
-15.7501
12.4111
13.6858
14.9726
16.1435
17.0718
17.7554
18.1424
18.2159
18.0387
17.6788
17.1994
16.6691
16.125
15.5871
15.0705
14.5744
14.0946
13.6255
13.1573
12.6789
12.1792
11.6455
11.0627
10.4256
9.75688
9.09145
8.45068
7.85005
7.30837
6.84803
6.49356
6.27247
6.2125
6.3374
6.66438
7.19893
7.9244
8.79401
9.66266
10.0664
8.51664
6.64756
4.55225
2.43376
0.132206
-2.24438
-4.60587
-6.97784
-9.30947
-11.5821
-13.808
-15.9739
-18.0831
-20.1394
-22.1378
-24.0741
-25.9386
-27.7167
-29.3897
-30.9326
-32.3152
-33.5087
-34.4905
-35.264
-35.8545
-36.2622
-36.4579
-36.4068
-36.073
-35.4187
-34.4048
-32.9945
-31.1565
-28.8681
-26.1216
-22.9337
-19.3577
-15.6686
11.4398
12.6619
13.8999
15.0332
15.9392
16.6176
17.0191
17.1253
16.9945
16.6911
16.2742
15.8078
15.3271
14.8514
14.3948
13.9573
13.5351
13.1236
12.714
12.2967
11.8614
11.3969
10.8896
10.3343
9.75129
9.17114
8.61234
8.08775
7.61299
7.20662
6.88896
6.68264
6.61059
6.6925
6.94279
7.36658
7.95117
8.66003
9.37365
9.23014
7.75212
5.97312
3.98357
1.97627
-0.200185
-2.44276
-4.66628
-6.89497
-9.08072
-11.2063
-13.2833
-15.2992
-17.2577
-19.1621
-21.008
-22.7917
-24.5043
-26.1327
-27.6597
-29.0631
-30.3156
-31.3918
-32.272
-32.9614
-33.4846
-33.8438
-34.0136
-33.9643
-33.6652
-33.0836
-32.1858
-30.9395
-29.3164
-27.2946
-24.8637
-22.0316
-18.8353
-15.5131
10.543
11.7143
12.9049
14.0011
14.8846
15.5567
15.9703
16.1062
16.0179
15.7664
15.4071
14.9996
14.5773
14.1584
13.7566
13.3721
13.0019
12.6421
12.2849
11.9218
11.5437
11.1406
10.7001
10.2176
9.71058
9.20611
8.72008
8.2631
7.84806
7.49022
7.20628
7.01471
6.93424
6.98101
7.16696
7.49668
7.96064
8.53062
9.10899
8.46091
7.0519
5.35927
3.4709
1.56971
-0.487698
-2.60297
-4.6958
-6.78899
-8.83724
-10.8245
-12.7618
-14.6376
-16.4553
-18.2184
-19.9228
-21.5651
-23.1375
-24.6279
-26.0211
-27.2965
-28.4302
-29.3995
-30.1877
-30.801
-31.2636
-31.579
-31.7254
-31.6774
-31.4088
-30.8918
-30.0973
-28.9971
-27.5661
-25.7832
-23.6361
-21.1257
-18.2754
-15.2915
9.71552
10.8375
11.982
13.0418
13.9026
14.5672
14.9909
15.1534
15.1039
14.9001
14.5939
14.2405
13.8715
13.5046
13.1525
12.816
12.4926
12.1791
11.8686
11.5536
11.2262
10.8773
10.496
10.0777
9.63802
9.20051
8.77881
8.38169
8.01968
7.70524
7.452
7.27487
7.18901
7.20746
7.33998
7.59057
7.95211
8.40308
8.86429
7.75393
6.41123
4.80143
3.0098
1.20982
-0.734259
-2.72871
-4.69775
-6.6629
-8.58151
-10.4388
-12.2451
-13.9898
-15.6764
-17.3079
-18.8811
-20.3927
-21.8357
-23.1992
-24.4693
-25.6278
-26.653
-27.5253
-28.2303
-28.7752
-29.1834
-29.4595
-29.5848
-29.5379
-29.2964
-28.8367
-28.134
-27.1639
-25.9038
-24.3343
-22.4414
-20.2208
-17.6847
-15.0112
8.95233
10.0268
11.1263
12.1502
12.9882
13.6444
14.0761
14.2623
14.248
14.0879
13.8303
13.5263
13.2062
12.8866
12.5796
12.2863
12.005
11.7328
11.4639
11.1916
10.9089
10.6079
10.2786
9.91712
9.53675
9.15824
8.79323
8.44887
8.13374
7.85794
7.63247
7.46928
7.38047
7.37647
7.46511
7.64978
7.92516
8.27496
8.6355
7.10462
5.82564
4.29525
2.59614
0.892663
-0.943569
-2.82333
-4.67514
-6.51936
-8.31587
-10.0509
-11.7346
-13.3568
-14.921
-16.4303
-17.8818
-19.2725
-20.5962
-21.8429
-23.0004
-24.052
-24.9786
-25.7629
-26.3929
-26.8764
-27.2361
-27.4771
-27.5837
-27.5378
-27.3204
-26.9116
-26.2904
-25.4356
-24.3275
-22.9478
-21.2818
-19.3211
-17.0693
-14.6798
8.24885
9.27726
10.3331
11.3218
12.1369
12.7836
13.2214
13.4284
13.446
13.3257
13.1124
12.8537
12.5781
12.3014
12.0351
11.7808
11.5371
11.3017
11.0697
10.8351
10.5919
10.3329
10.0495
9.73785
9.40967
9.083
8.76775
8.46974
8.19588
7.95432
7.75385
7.60393
7.51415
7.4927
7.54575
7.67605
7.87962
8.14417
8.41892
6.50875
5.29099
3.83672
2.22601
0.614536
-1.1191
-2.88998
-4.63081
-6.36087
-8.04242
-9.66268
-11.2313
-12.739
-14.1893
-15.5851
-16.9237
-18.2028
-19.4166
-20.5562
-21.6104
-22.5646
-23.4016
-24.1063
-24.6688
-25.0974
-25.4137
-25.6237
-25.7139
-25.669
-25.4732
-25.1097
-24.5607
-23.8081
-22.8346
-21.6232
-20.1592
-18.431
-16.4355
-14.3047
7.60077
8.5847
9.59811
10.5521
11.3442
11.9805
12.4226
12.6478
12.694
12.6097
12.4368
12.2192
11.9839
11.7461
11.5165
11.2972
11.0871
10.8845
10.6851
10.4837
10.2751
10.0531
9.80983
9.54197
9.25955
8.97828
8.70657
8.44911
8.21147
8.00011
7.82205
7.68468
7.59546
7.56077
7.58534
7.67132
7.81563
8.00899
8.21132
5.96236
4.8034
3.42208
1.89584
0.372047
-1.26401
-2.93162
-4.56747
-6.18977
-7.76302
-9.27553
-10.7364
-12.1373
-13.4814
-14.7718
-16.0059
-17.1819
-18.2945
-19.3358
-20.2957
-21.1611
-21.9167
-22.5496
-23.0515
-23.4311
-23.7091
-23.8916
-23.9675
-23.9238
-23.7474
-23.4241
-22.939
-22.2768
-21.4222
-20.3599
-19.0749
-17.554
-15.7888
-13.893
7.0041
7.94497
8.91709
9.83705
10.6061
11.2311
11.6756
11.9166
11.9883
11.9365
11.8001
11.6197
11.4209
11.2182
11.0217
10.8336
10.6535
10.4799
10.3092
10.1371
9.95885
9.76909
9.56099
9.33139
9.08898
8.84734
8.6136
8.39153
8.18555
8.00077
7.84271
7.71708
7.62964
7.58522
7.58735
7.63762
7.73354
7.86805
8.00985
5.46174
4.35926
3.04778
1.60225
0.162023
-1.3813
-2.95096
-4.48749
-6.00806
-7.47939
-8.89075
-10.2508
-11.552
-12.7973
-13.9897
-15.1272
-16.208
-17.2276
-18.1787
-19.0524
-19.8371
-20.5191
-21.0871
-21.5348
-21.8708
-22.1149
-22.2733
-22.3368
-22.2945
-22.1354
-21.848
-21.4196
-20.8372
-20.0875
-19.1566
-18.0301
-16.6934
-15.1345
-13.4512
6.45502
7.35429
8.28628
9.17275
9.91861
10.5316
10.9769
11.2311
11.3254
11.3027
11.1992
11.0525
10.8866
10.7153
10.5484
10.3882
10.2347
10.0867
9.94136
9.79483
9.64317
9.4816
9.30413
9.10792
8.9004
8.69325
8.49254
8.30125
8.12287
7.96141
7.82114
7.70645
7.62168
7.57041
7.5552
7.57709
7.63396
7.72036
7.81211
5.00342
3.95517
2.71062
1.34214
-0.0185114
-1.47368
-2.9505
-4.39308
-5.81771
-7.19317
-8.5096
-9.77533
-10.9833
-12.1367
-13.2383
-14.2864
-15.2795
-16.2136
-17.0822
-17.8772
-18.5884
-19.2038
-19.7136
-20.1127
-20.41
-20.6242
-20.7616
-20.8144
-20.7737
-20.6303
-20.3747
-19.9964
-19.4844
-18.8271
-18.012
-17.0254
-15.852
-14.4773
-12.9857
5.95004
6.80908
7.70205
8.55564
9.27832
9.87846
10.323
10.5881
10.7021
10.7055
10.6315
10.5149
10.3785
10.2355
10.0949
9.95952
9.82948
9.70413
9.58096
9.45684
9.32831
9.19126
9.04046
8.87329
8.69609
8.51891
8.34683
8.18224
8.02786
7.88679
7.76232
7.65776
7.5763
7.52054
7.49223
7.49192
7.51771
7.56522
7.61611
4.58419
3.588
2.40751
1.1126
-0.172263
-1.54367
-2.93251
-4.28628
-5.62044
-6.90567
-8.13307
-9.31053
-10.4317
-11.4995
-12.5169
-13.4824
-14.3946
-15.2501
-16.0432
-16.7665
-17.411
-17.9662
-18.4237
-18.7795
-19.0425
-19.2304
-19.3494
-19.3932
-19.3542
-19.2251
-18.9978
-18.6638
-18.2137
-17.6377
-16.9244
-16.061
-15.0321
-13.8215
-12.502
5.48586
6.30601
7.16106
7.98234
8.68181
9.26838
9.7106
9.98455
10.1157
10.1419
10.0942
10.0046
9.89456
9.77664
9.65955
9.5461
9.43682
9.3313
9.22756
9.12294
9.01453
8.89877
8.77107
8.62911
8.4782
8.32696
8.17966
8.03818
7.90461
7.78135
7.67088
7.57564
7.49795
7.4396
7.40168
7.38433
7.38575
7.40229
7.42026
4.20102
3.2548
2.13565
0.910945
-0.301765
-1.59361
-2.89906
-4.1689
-5.41774
-6.61817
-7.76208
-8.85701
-9.89713
-10.8855
-11.8248
-12.7139
-13.5517
-14.3351
-15.059
-15.717
-16.3011
-16.8019
-17.2125
-17.5297
-17.7624
-17.9272
-18.0303
-18.0664
-18.0293
-17.913
-17.711
-17.4161
-17.0206
-16.5159
-15.8921
-15.137
-14.2355
-13.1707
-12.0054
5.05943
5.84199
6.66019
7.44972
8.12599
8.69831
9.1368
9.4175
9.56316
9.60949
9.58512
9.51941
9.4328
9.33719
9.24085
9.14677
9.05571
8.96756
8.88075
8.79307
8.7021
8.60475
8.49706
8.37689
8.24871
8.11988
7.99398
7.87245
7.7569
7.64915
7.55107
7.4644
7.39075
7.33132
7.28665
7.25653
7.23918
7.23143
7.22333
3.85114
2.95287
1.8924
0.73471
-0.409321
-1.62564
-2.85211
-4.04263
-5.21105
-6.33176
-7.39738
-8.41514
-9.37973
-10.2942
-11.1612
-11.9797
-12.749
-13.4662
-14.1269
-14.7255
-15.2548
-15.7066
-16.0751
-16.3579
-16.5639
-16.7085
-16.7978
-16.8275
-16.7924
-16.6878
-16.5083
-16.248
-15.9005
-15.4584
-14.9129
-14.2529
-13.4637
-12.5281
-11.5007
4.66789
5.41411
6.1965
6.95487
7.60794
8.16539
8.59882
8.88432
9.04215
9.10587
9.10197
9.0574
8.99149
8.91559
8.83754
8.76045
8.68534
8.61234
8.54023
8.46724
8.39132
8.30986
8.21941
8.11805
8.00949
7.89997
7.79249
7.68815
7.58819
7.49395
7.4068
7.32797
7.25854
7.19918
7.15006
7.11068
7.07922
7.0528
7.02445
3.53193
2.67966
1.67534
0.581568
-0.497127
-1.64172
-2.79338
-3.90899
-5.00163
-6.04739
-7.0396
-7.98521
-8.87941
-9.72517
-10.5252
-11.2785
-11.9847
-12.6413
-13.2443
-13.7888
-14.2684
-14.6761
-15.0069
-15.2592
-15.4416
-15.5686
-15.646
-15.6704
-15.6374
-15.5433
-15.3838
-15.1541
-14.8488
-14.4617
-13.9849
-13.4082
-12.7177
-11.8965
-10.9918
4.30859
5.0197
5.76729
6.49506
7.12495
7.66697
8.09406
8.38252
8.55026
8.62886
8.64279
8.61677
8.56905
8.51045
8.44843
8.38623
8.32503
8.26516
8.20578
8.14547
8.08252
8.01472
7.9391
7.85393
7.76225
7.66933
7.57767
7.48814
7.40163
7.31914
7.24165
7.16998
7.10479
7.04641
6.99469
6.94888
6.90713
6.86672
6.82304
3.24097
2.43281
1.4822
0.449374
-0.567158
-1.64368
-2.7245
-3.76934
-4.79054
-5.76585
-6.68927
-7.56742
-8.39602
-9.17797
-9.91588
-10.6091
-11.2572
-11.8581
-12.4085
-12.9038
-13.3385
-13.7065
-14.0035
-14.2288
-14.3904
-14.502
-14.5692
-14.5891
-14.5584
-14.4739
-14.3323
-14.1296
-13.8614
-13.5224
-13.1057
-12.602
-11.9983
-11.2781
-10.4824
3.97906
4.65623
5.37003
6.06776
6.67452
7.20057
7.62011
7.90983
8.08531
8.17645
8.20579
8.19592
8.16406
8.12057
8.07254
8.02327
7.97413
7.92564
7.87723
7.82781
7.77599
7.71991
7.65701
7.58573
7.50854
7.42987
7.3518
7.27498
7.20007
7.12779
7.05882
6.99369
6.93272
6.87599
6.8231
6.77314
6.72422
6.67365
6.61876
2.976
2.21014
1.31089
0.336158
-0.62125
-1.63317
-2.64691
-3.62489
-4.57877
-5.48786
-6.3468
-7.1619
-7.92933
-8.65201
-9.3324
-9.97005
-10.5647
-11.1147
-11.6169
-12.0675
-12.4616
-12.7938
-13.0607
-13.2619
-13.4053
-13.5035
-13.562
-13.5783
-13.5499
-13.4741
-13.3485
-13.1697
-12.9341
-12.6373
-12.2732
-11.8334
-11.3058
-10.6746
-9.97572
3.677
4.32139
5.00237
5.67063
6.25433
6.7639
7.17477
7.46413
7.64529
7.74677
7.78931
7.79339
7.77526
7.74485
7.70894
7.67087
7.63214
7.59344
7.55445
7.51437
7.47207
7.426
7.37398
7.3146
7.24982
7.18334
7.11691
7.051
6.9861
6.92269
6.86124
6.80205
6.74522
6.69062
6.63769
6.58539
6.53178
6.47422
6.41151
2.73494
2.0096
1.15944
0.240076
-0.661111
-1.61173
-2.56196
-3.4768
-4.3672
-5.21404
-6.01249
-6.76861
-7.47905
-8.14664
-8.77374
-9.36009
-9.90563
-10.4088
-10.8671
-11.277
-11.6344
-11.9345
-12.1745
-12.3544
-12.4817
-12.5683
-12.6193
-12.6328
-12.6066
-12.5388
-12.4274
-12.2698
-12.0629
-11.8031
-11.485
-11.1012
-10.6403
-10.0875
-9.47427
3.40027
4.01301
4.66215
5.30149
5.86222
6.35486
6.75601
7.04346
7.22831
7.33811
7.39184
7.40783
7.40147
7.38232
7.35684
7.32839
7.29861
7.26829
7.23737
7.20524
7.17106
7.13352
7.09078
7.04154
6.98737
6.93133
6.87485
6.8183
6.76202
6.70633
6.65152
6.59773
6.54491
6.49277
6.44065
6.38742
6.33113
6.26909
6.20135
2.5159
1.82937
1.02612
0.159487
-0.688269
-1.58076
-2.47085
-3.32606
-4.1566
-4.94489
-5.68657
-6.38748
-7.04476
-7.66115
-8.23889
-8.77784
-9.27814
-9.73851
-10.1567
-10.5296
-10.8538
-11.1249
-11.3409
-11.502
-11.6152
-11.6918
-11.7364
-11.7476
-11.7237
-11.6633
-11.5646
-11.4257
-11.2441
-11.0167
-10.739
-10.4041
-10.0016
-9.51786
-8.98032
3.14694
3.72911
4.34736
4.95831
5.49616
5.97147
6.36189
6.64604
6.8326
6.9489
7.01202
7.03806
7.04165
7.03208
7.01552
6.9953
6.97313
6.94997
6.92589
6.90054
6.87324
6.84295
6.8081
6.76752
6.72239
6.67526
6.62729
6.57876
6.5299
6.48093
6.43199
6.38312
6.33414
6.28467
6.234
6.18093
6.12351
6.05903
5.98848
2.31715
1.66779
0.90931
0.0929185
-0.704052
-1.5414
-2.37457
-3.17349
-3.94754
-4.68081
-5.36921
-6.01841
-6.62615
-7.19494
-7.72686
-8.22197
-8.68058
-9.10165
-9.48316
-9.82256
-10.1166
-10.3618
-10.5564
-10.7007
-10.8017
-10.8696
-10.9088
-10.9183
-10.8967
-10.8428
-10.7556
-10.6333
-10.4741
-10.2752
-10.0327
-9.74059
-9.38938
-8.9663
-8.49561
2.91525
3.46786
4.05614
4.6392
5.15428
5.61182
5.99053
6.27007
6.4565
6.57779
6.64869
6.68301
6.69484
6.69332
6.6843
6.67106
6.65537
6.63826
6.61999
6.60037
6.5789
6.55475
6.52658
6.49335
6.45592
6.41637
6.37568
6.33403
6.29158
6.24845
6.20471
6.1603
6.11499
6.06833
6.01957
5.96749
5.91015
5.84482
5.7732
2.13688
1.52311
0.807359
0.0388189
-0.70991
-1.4949
-2.27413
-3.01983
-3.74048
-4.42205
-5.06033
-5.66117
-6.22286
-6.74741
-7.23672
-7.69122
-8.1114
-8.49637
-8.84436
-9.15318
-9.42006
-9.64194
-9.81731
-9.94692
-10.0372
-10.0975
-10.1322
-10.1405
-10.1211
-10.0734
-9.99644
-9.88897
-9.7494
-9.57557
-9.36399
-9.10937
-8.80307
-8.43333
-8.0216
2.70336
3.22752
3.78682
4.34247
4.8349
5.27427
5.64029
5.9139
6.09828
6.22344
6.30086
6.34174
6.36018
6.36534
6.36265
6.35526
6.345
6.33298
6.3196
6.30479
6.28823
6.26925
6.24673
6.21973
6.18885
6.15576
6.12128
6.08554
6.04863
6.01062
5.9715
5.93117
5.88933
5.84555
5.79903
5.74855
5.69219
5.62725
5.55594
1.97335
1.39347
0.718412
-0.00466783
-0.707501
-1.44289
-2.17092
-2.86615
-3.53612
-4.16914
-4.7597
-5.31497
-5.83397
-6.31748
-6.76714
-7.18399
-7.56878
-7.92063
-8.23799
-8.519
-8.76128
-8.96217
-9.12049
-9.23706
-9.31794
-9.37185
-9.40279
-9.41013
-9.39305
-9.35098
-9.28327
-9.18898
-9.06684
-8.91504
-8.7306
-8.50883
-8.24191
-7.91907
-7.5593
2.50954
3.00637
3.53773
4.06665
4.53674
4.95768
5.31015
5.57644
5.75601
5.88422
5.96728
6.01318
6.03675
6.04738
6.04999
6.04749
6.04175
6.03398
6.02467
6.0139
6.00144
5.98678
5.96902
5.94728
5.92196
5.89437
5.8652
5.83454
5.80243
5.76889
5.7339
5.69729
5.65877
5.61786
5.5738
5.52537
5.47071
5.40711
5.33717
1.82541
1.2778
0.641397
-0.0386004
-0.697987
-1.38653
-2.06603
-2.71354
-3.33557
-3.92306
-4.4674
-4.97919
-5.45854
-5.90393
-6.3166
-6.69853
-7.05071
-7.37219
-7.66156
-7.91732
-8.13737
-8.31945
-8.46264
-8.56774
-8.6405
-8.68892
-8.71679
-8.72362
-8.70879
-8.67198
-8.61266
-8.53018
-8.42351
-8.29117
-8.13061
-7.93765
-7.70526
-7.42366
-7.10966
2.33258
2.80311
3.30759
3.81032
4.25844
4.6607
4.99917
5.25706
5.42846
5.55891
5.64677
5.69619
5.72352
5.73858
5.74557
5.74713
5.74515
5.74092
5.73502
5.72762
5.71859
5.70757
5.69382
5.67654
5.65592
5.63305
5.60844
5.58216
5.55424
5.52466
5.49337
5.46017
5.42477
5.38672
5.34525
5.2992
5.24674
5.18518
5.11746
1.69306
1.17641
0.577006
-0.0620609
-0.680349
-1.32465
-1.95857
-2.56148
-3.13872
-3.6829
-4.18406
-4.65616
-5.09886
-5.50803
-5.88556
-6.23477
-6.5566
-6.84986
-7.11333
-7.34593
-7.54578
-7.71093
-7.84062
-7.93563
-8.00133
-8.04511
-8.07049
-8.07713
-8.06454
-8.03259
-7.98093
-7.90901
-7.81615
-7.70104
-7.56151
-7.39395
-7.19196
-6.94669
-6.673
2.17224
2.61726
3.0952
3.5718
3.99776
4.3805
4.70453
4.95329
5.11557
5.24877
5.33986
5.3906
5.4203
5.43878
5.44919
5.45389
5.45489
5.45351
5.4504
5.44577
5.43959
5.43161
5.42125
5.40775
5.39114
5.37232
5.35164
5.32919
5.30494
5.2789
5.25096
5.22092
5.18851
5.15327
5.1145
5.07105
5.02119
4.96222
4.89738
1.57541
1.08852
0.524843
-0.075128
-0.654113
-1.25619
-1.8467
-2.40798
-2.94304
-3.44607
-3.90754
-4.34692
-4.75724
-5.13072
-5.4739
-5.79235
-6.08594
-6.3528
-6.59215
-6.80332
-6.98473
-7.13452
-7.25201
-7.33811
-7.39771
-7.43762
-7.46112
-7.46792
-7.45765
-7.43039
-7.38577
-7.32338
-7.24283
-7.14303
-7.02203
-6.87674
-6.70147
-6.48822
-6.25015
2.0276
2.44773
2.89939
3.34948
3.75258
4.11411
4.42287
4.65985
4.8139
4.95499
5.04792
5.09648
5.127
5.14829
5.16139
5.16842
5.17168
5.17253
5.17165
5.16923
5.16535
5.15983
5.15222
5.14184
5.12861
5.11318
5.09587
5.07671
5.05569
5.03278
5.00786
4.98078
4.95122
4.91874
4.88269
4.84197
4.79491
4.73888
4.67728
1.48466
1.02084
0.483976
-0.0845117
-0.630669
-1.19533
-1.74262
-2.25906
-2.74169
-3.19842
-3.59165
-4.01178
-4.41308
-4.7662
-5.08944
-5.39267
-5.67296
-5.927
-6.15447
-6.35514
-6.52744
-6.66954
-6.78079
-6.8622
-6.91847
-6.95614
-6.97858
-6.98545
-6.97689
-6.9531
-6.91232
-6.85603
-6.78376
-6.69431
-6.58591
-6.45579
-6.2989
-6.10792
-5.89501
1.91575
2.31516
2.7446
3.16817
3.54486
3.87535
4.15181
4.34886
4.4783
4.66282
4.77488
4.82761
4.86411
4.89275
4.91162
4.92294
4.92976
4.93383
4.93583
4.93611
4.93484
4.93197
4.92716
4.91981
4.90969
4.89723
4.88268
4.86613
4.84757
4.82694
4.80416
4.77911
4.75147
4.7209
4.68674
4.64792
4.60285
4.54888
4.48967
1.41285
0.967764
0.452965
-0.0892695
-0.606554
-1.13603
-1.64097
-2.10988
-2.53376
-2.93808
-3.24608
-3.66152
-4.07003
-4.41342
-4.72636
-5.02438
-5.30107
-5.55123
-5.77492
-5.97218
-6.14143
-6.2808
-6.38967
-6.46913
-6.52397
-6.56076
-6.58305
-6.59023
-6.5831
-6.56203
-6.52286
-6.47013
-6.40323
-6.32053
-6.22039
-6.10048
-5.95617
-5.7805
-5.58464
1.82628
2.20776
2.61609
3.01282
3.35991
3.65235
3.88557
4.02835
4.12243
4.3684
4.51305
4.57613
4.62238
4.66148
4.68855
4.70584
4.71744
4.72559
4.73114
4.73459
4.73628
4.73636
4.73457
4.73037
4.72337
4.71374
4.70172
4.68745
4.67093
4.65213
4.63098
4.60735
4.58098
4.55155
4.51841
4.48055
4.43642
4.38325
4.32473
1.34311
0.917038
0.424712
-0.0908072
-0.57893
-1.07286
-1.53602
-1.95796
-2.32609
-2.67885
-2.90699
-3.3135
-3.72642
-4.05964
-4.36081
-4.65185
-4.92381
-5.16937
-5.38864
-5.58204
-5.74808
-5.88462
-5.99121
-6.06892
-6.12252
-6.15862
-6.18095
-6.18867
-6.18321
-6.16529
-6.12825
-6.07958
-6.01866
-5.94319
-5.85163
-5.74208
-5.61042
-5.45022
-5.27355
1.73859
2.10209
2.48922
2.85927
3.17747
3.43234
3.6242
3.7154
3.77461
4.07002
4.2468
4.32034
4.37458
4.42293
4.45782
4.48083
4.49694
4.50892
4.51787
4.5244
4.52896
4.53185
4.533
4.53188
4.52791
4.52103
4.5115
4.49944
4.48491
4.46792
4.44844
4.42637
4.40153
4.37358
4.34192
4.30554
4.26291
4.21137
4.15552
1.27581
0.868838
0.399229
-0.0894589
-0.548362
-1.00672
-1.42899
-1.80454
-2.12028
-2.42024
-2.577
-2.96947
-3.38198
-3.70495
-3.99378
-4.27615
-4.54213
-4.78237
-4.99672
-5.18589
-5.34842
-5.48208
-5.58645
-5.66256
-5.71514
-5.7507
-5.7731
-5.7812
-5.77716
-5.76179
-5.72622
-5.68073
-5.62477
-5.55555
-5.47165
-5.37164
-5.25168
-5.10505
-4.94077
1.65321
1.9989
2.36489
2.7087
2.99881
3.21664
3.36934
3.41093
3.43707
3.76827
3.97531
4.06046
4.12147
4.17767
4.21981
4.24838
4.26875
4.28426
4.29633
4.30571
4.31298
4.31855
4.32251
4.32437
4.32336
4.31925
4.31224
4.30246
4.28997
4.27475
4.25673
4.23585
4.21197
4.18481
4.15386
4.11825
4.07641
4.02525
3.96786
1.21157
0.823588
0.376714
-0.0852818
-0.51522
-0.938387
-1.32094
-1.65097
-1.91777
-2.16337
-2.25803
-2.63122
-3.03737
-3.3493
-3.62544
-3.89771
-4.15631
-4.39049
-4.59947
-4.78411
-4.943
-5.07384
-5.17599
-5.25059
-5.30245
-5.33818
-5.36183
-5.37193
-5.37129
-5.36071
-5.3293
-5.28953
-5.24079
-5.17974
-5.10495
-5.01531
-4.90786
-4.77782
-4.63948
1.57095
1.89906
2.24417
2.56233
2.82524
3.00643
3.122
3.11412
3.10953
3.4638
3.6978
3.79578
3.86317
3.92593
3.97448
4.00828
4.03276
4.05176
4.06687
4.07896
4.08875
4.09682
4.10335
4.10798
4.10973
4.10818
4.10354
4.09606
4.08589
4.07311
4.05774
4.03974
4.01889
3.99482
3.96694
3.93426
3.89556
3.84885
3.80119
1.15089
0.781564
0.357068
-0.0786458
-0.480215
-0.868939
-1.21332
-1.49909
-1.72031
-1.90999
-1.9513
-2.29992
-2.69318
-2.99262
-3.25578
-3.51676
-3.76665
-3.99391
-4.19702
-4.37688
-4.53216
-4.66058
-4.76113
-4.83449
-4.88494
-4.91914
-4.94139
-4.95011
-4.9487
-4.93808
-4.90607
-4.86735
-4.82148
-4.76492
-4.69644
-4.6151
-4.51714
-4.3947
-4.25053
1.49258
1.80359
2.12815
2.42154
2.65801
2.80286
2.88311
2.8243
2.79054
3.157
3.41385
3.52543
3.59954
3.66836
3.72266
3.76091
3.78883
3.81091
3.82904
3.84403
3.85656
3.86726
3.87652
3.88402
3.88866
3.88973
3.8872
3.88124
3.87192
3.85918
3.84308
3.82371
3.80115
3.7754
3.74619
3.71263
3.67283
3.62213
3.55989
1.09434
0.742772
0.339715
-0.0707151
-0.444744
-0.800117
-1.10779
-1.3506
-1.52919
-1.66166
-1.65775
-1.97643
-2.35015
-2.63505
-2.88453
-3.13299
-3.373
-3.59266
-3.78954
-3.96417
-4.11535
-4.24096
-4.34054
-4.41545
-4.46993
-4.5098
-4.53913
-4.55607
-4.56439
-4.56483
-4.54306
-4.51509
-4.48044
-4.43492
-4.37731
-4.30745
-4.22467
-4.12865
-4.04165
1.4192
1.71393
2.0185
2.28802
2.49803
2.60594
2.65162
2.53886
2.47637
2.84748
3.1236
3.24838
3.32895
3.40388
3.46477
3.50818
3.53918
3.56298
3.5825
3.59909
3.6136
3.62662
3.63853
3.64901
3.65704
3.66201
3.66407
3.66356
3.66066
3.6554
3.64774
3.63742
3.62408
3.60702
3.58557
3.55908
3.52754
3.49197
3.46611
1.04259
0.707234
0.323863
-0.0630255
-0.410904
-0.73437
-1.00633
-1.20687
-1.34509
-1.41972
-1.37772
-1.66116
-2.00891
-2.27676
-2.51122
-2.74549
-2.97407
-3.18551
-3.37659
-3.54712
-3.69522
-3.81757
-3.91187
-3.97826
-4.02193
-4.05077
-4.06934
-4.07576
-4.07399
-4.06468
-4.03454
-4.00114
-3.96404
-3.91919
-3.86527
-3.80119
-3.72119
-3.61208
-3.46099
1.35205
1.63172
1.91729
2.16401
2.34653
2.4159
2.42653
2.25493
2.16105
2.53263
2.8274
2.96605
3.05177
3.12969
3.19545
3.24571
3.28382
3.31323
3.33613
3.35426
3.36926
3.38247
3.39468
3.40537
3.41268
3.41528
3.41324
3.40682
3.39621
3.38159
3.36329
3.34181
3.31765
3.2912
3.26253
3.23046
3.19084
3.13399
3.04881
0.996269
0.675759
0.310297
-0.0553172
-0.379315
-0.673558
-0.911551
-1.07158
-1.17226
-1.18821
-1.11176
-1.35417
-1.66974
-1.91777
-2.13592
-2.35417
-2.56851
-2.76874
-2.95198
-3.1186
-3.26778
-3.39783
-3.50789
-3.59836
-3.6701
-3.72601
-3.7711
-3.80393
-3.83026
-3.85031
-3.845
-3.83357
-3.81647
-3.78891
-3.75005
-3.70165
-3.64876
-3.60121
-3.60103
1.29157
1.55747
1.8256
2.05166
2.20658
2.23903
2.21529
1.97407
1.83864
2.20633
2.5203
2.6787
2.77635
2.85757
2.91988
2.96486
3.00109
3.03443
3.06587
3.09449
3.11985
3.14236
3.16318
3.18367
3.20429
3.22381
3.24113
3.25623
3.26898
3.27916
3.28629
3.28971
3.28869
3.28263
3.27111
3.25465
3.2368
3.22645
3.25157
0.955793
0.649272
0.300494
-0.045804
-0.348778
-0.61812
-0.826598
-0.952809
-1.02101
-0.974259
-0.861223
-1.05732
-1.33343
-1.55661
-1.75682
-1.95968
-2.16047
-2.34826
-2.51846
-2.66978
-2.79956
-2.90294
-2.97557
-3.01626
-3.03625
-3.04911
-3.05718
-3.05644
-3.04861
-3.03474
-3.00436
-2.97436
-2.94422
-2.9105
-2.87136
-2.82343
-2.75421
-2.63808
-2.43176
1.23783
1.49103
1.7436
1.95196
2.08182
2.08609
2.02944
1.69728
1.50647
1.86619
2.18945
2.36433
2.48651
2.59644
2.68053
2.73037
2.75268
2.75964
2.76138
2.76369
2.76889
2.77754
2.78852
2.79749
2.79864
2.7922
2.78105
2.76607
2.74767
2.72647
2.70334
2.67929
2.65514
2.6312
2.60645
2.57774
2.53549
2.45917
2.31703
0.921685
0.624937
0.288529
-0.0420933
-0.327124
-0.574338
-0.755417
-0.852861
-0.887469
-0.770043
-0.622575
-0.774827
-1.00576
-1.19393
-1.36672
-1.54932
-1.74012
-1.93059
-2.11639
-2.29602
-2.46862
-2.63451
-2.79419
-2.94315
-3.06534
-3.15539
-3.22778
-3.28608
-3.34321
-3.39598
-3.41884
-3.42939
-3.43303
-3.42671
-3.40991
-3.3876
-3.37632
-3.40471
-3.54934
1.19433
1.43782
1.67718
1.86817
1.9714
1.94885
1.84002
1.39181
1.15636
1.52641
1.8498
2.01221
2.1194
2.22925
2.34644
2.46396
2.57445
2.66896
2.74259
2.79592
2.83292
2.85862
2.88007
2.90819
2.95082
3.00006
3.04576
3.08594
3.12074
3.14998
3.1727
3.18763
3.1941
3.19212
3.1837
3.17343
3.17504
3.2143
3.34189
0.89588
0.595747
0.25782
-0.0681377
-0.340812
-0.564129
-0.707897
-0.760556
-0.73253
-0.534868
-0.378975
-0.501279
-0.694498
-0.848496
-0.9809
-1.11023
-1.23792
-1.36004
-1.47346
-1.57409
-1.65439
-1.70254
-1.70957
-1.6805
-1.65143
-1.64262
-1.64359
-1.63638
-1.61593
-1.59988
-1.56546
-1.53524
-1.51503
-1.49639
-1.47429
-1.44419
-1.38212
-1.2466
-0.942334
1.17063
1.41291
1.64379
1.81318
1.87536
1.79522
1.56439
0.98802
0.755399
1.17812
1.55868
1.77243
1.87468
1.89592
1.85221
1.77443
1.69371
1.63485
1.60517
1.60158
1.61723
1.64623
1.67959
1.69947
1.69067
1.66646
1.64361
1.62351
1.60499
1.58753
1.57257
1.56178
1.55609
1.55524
1.5566
1.55241
1.5212
1.42178
1.1922
0.88179
0.566025
0.212478
-0.122387
-0.392058
-0.594515
-0.696256
-0.687783
-0.567252
-0.287906
-0.128584
-0.209319
-0.363516
-0.521105
-0.687958
-0.867089
-1.05878
-1.26289
-1.48113
-1.71772
-1.97824
-2.26421
-2.56041
-2.83209
-3.02193
-3.13267
-3.23807
-3.32321
-3.4612
-3.67129
-3.59319
-3.58515
-3.63259
-3.66371
-3.66931
-3.67309
-3.71274
-3.83802
-4.14772
1.16918
1.41915
1.64869
1.79796
1.81368
1.65194
1.25086
0.56327
0.284705
0.659986
1.09671
1.53345
1.96231
2.3747
2.72457
2.98469
3.1596
3.25593
3.29274
3.29143
3.26989
3.24178
3.22647
3.25668
3.34737
3.45293
3.53563
3.59864
3.65
3.69144
3.72056
3.73592
3.73818
3.72978
3.71646
3.70983
3.73936
3.85065
4.12058
127.289
124.121
120.216
115.68
110.441
104.601
98.4594
92.3193
86.3238
80.493
74.8198
69.3069
63.9656
58.8078
53.842
49.0746
44.5091
40.1473
35.99
32.0362
28.2831
24.7276
21.3652
18.191
15.1999
12.3864
9.74531
7.27152
4.96092
2.80905
0.812202
-1.03285
-2.72962
-4.28079
-5.68919
-6.9579
-8.08994
-9.08886
-9.95848
-10.7031
-11.3274
-11.8367
-12.2368
-12.5338
-12.7345
-12.846
-12.8754
-12.8301
-12.7175
-12.5451
-12.3201
-12.0495
-11.7401
-11.3982
-11.0299
-10.6405
-10.2352
-9.81834
-9.39398
-8.96563
-8.53634
-8.10871
-7.68498
-7.26689
-6.8561
-6.45348
-6.06054
-5.72794
-5.43172
-5.13894
-4.81324
-4.53976
-4.13596
-3.9882
-3.3369
-3.61575
-2.27176
-3.65227
-0.755229
-4.35136
127.065
123.124
118.453
113.537
108.398
103.149
97.9278
92.8221
87.8486
83.0218
78.3501
73.8403
69.5012
65.3388
61.3581
57.562
53.9519
50.5282
47.2892
44.2318
41.352
38.6448
36.1044
33.7243
31.4978
29.4182
27.4787
25.6726
23.9935
22.4353
20.9923
19.6587
18.4291
17.2983
16.2612
15.3125
14.4472
13.6598
12.9453
12.2981
11.7128
11.1841
10.7064
10.2743
9.88261
9.52622
9.20026
8.90015
8.62161
8.36075
8.11404
7.87837
7.65103
7.42969
7.21242
6.99766
6.78416
6.57102
6.35758
6.14346
5.92847
5.71256
5.49584
5.27847
5.06075
4.84316
4.62571
4.44033
4.27553
4.10963
3.91875
3.76397
3.50496
3.44894
2.97589
3.27125
2.21139
3.41993
1.04271
4.23877
49.4318
48.8825
48.6637
48.4798
48.2498
47.9332
47.4846
46.8696
46.0594
45.0438
43.8313
42.4371
40.8768
39.1661
37.3212
35.3589
33.2974
31.1555
28.9517
26.7044
24.4321
22.1521
19.8809
17.6336
15.4242
13.2652
11.1674
9.14011
7.19161
5.32836
3.55598
1.87914
0.301167
-1.17492
-2.54687
-3.81325
-4.97304
-6.02597
-6.97223
-7.81269
-8.5488
-9.18282
-9.71756
-10.1563
-10.5033
-10.7632
-10.9411
-11.0424
-11.073
-11.039
-10.9466
-10.8019
-10.6112
-10.3804
-10.1152
-9.82112
-9.50324
-9.16627
-8.81451
-8.45186
-8.0818
-7.70735
-7.33123
-6.95564
-6.58266
-6.21372
-5.85035
-5.54124
-5.26366
-4.99067
-4.68019
-4.42653
-4.03346
-3.90485
-3.26467
-3.54933
-2.24277
-3.57455
-0.807357
-4.23203
49.7503
49.8453
50.3275
50.8429
51.2256
51.4394
51.4602
51.2745
50.8802
50.2929
49.5274
48.5973
47.5198
46.3102
44.9856
43.563
42.0594
40.4918
38.8777
37.2334
35.5747
33.916
32.2706
30.6508
29.0668
27.5275
26.0403
24.6109
23.2436
21.9415
20.7069
19.5406
18.443
17.4135
16.4514
15.5551
14.7228
13.9522
13.2409
12.5859
11.9842
11.4325
10.9272
10.4646
10.0408
9.65217
9.29472
8.96472
8.65851
8.3726
8.10376
7.84898
7.60556
7.37108
7.14344
6.92088
6.7019
6.48532
6.27023
6.05595
5.84201
5.62813
5.4142
5.20024
4.98636
4.77293
4.55978
4.37841
4.21683
4.05523
3.86711
3.71764
3.46121
3.40881
2.94522
3.22857
2.20833
3.35901
1.08477
4.12751
22.6209
22.3766
22.1553
21.9047
21.6487
21.4025
21.1678
20.9443
20.7267
20.5104
20.2878
20.0474
19.7759
19.4615
19.0932
18.6615
18.1587
17.5792
16.9187
16.1753
15.3495
14.4438
13.4623
12.4116
11.2995
10.1354
8.92958
7.69313
6.43776
5.17499
3.91624
2.67275
1.45473
0.271925
-0.866809
-1.95367
-2.98173
-3.94513
-4.83894
-5.65921
-6.40304
-7.0686
-7.65496
-8.16188
-8.5903
-8.94181
-9.2187
-9.42404
-9.56144
-9.63509
-9.64951
-9.60948
-9.52004
-9.38623
-9.21313
-9.00571
-8.76878
-8.5069
-8.22435
-7.92515
-7.61294
-7.29102
-6.96238
-6.62955
-6.29493
-5.96044
-5.62748
-5.34266
-5.08469
-4.83174
-4.53869
-4.30288
-3.9275
-3.80779
-3.19868
-3.46015
-2.23499
-3.46109
-0.887752
-4.06043
22.7127
22.6887
22.7554
22.8417
22.9695
23.1561
23.3898
23.6577
23.9506
24.258
24.5639
24.8526
25.1111
25.3259
25.4864
25.5829
25.608
25.5559
25.4231
25.2082
24.9116
24.5358
24.0848
23.5648
22.9828
22.3468
21.6658
20.9491
20.2059
19.4453
18.6762
17.9066
17.1438
16.3943
15.6637
14.9566
14.2768
13.6272
13.0099
12.4262
11.8766
11.3613
10.8795
10.4303
10.012
9.62293
9.26085
8.92344
8.60822
8.31268
8.03431
7.77067
7.51943
7.27845
7.04576
6.81963
6.59855
6.38124
6.16666
5.95397
5.74253
5.53191
5.32184
5.11219
4.90296
4.69443
4.48625
4.30943
4.15172
3.99465
3.81073
3.66511
3.41593
3.36028
2.91883
3.1725
2.21709
3.27695
1.14515
3.99628
22.1486
22.0191
21.8511
21.6295
21.3507
21.0116
20.6161
20.1776
19.7079
19.2131
18.6959
18.1583
17.6026
17.0307
16.4439
15.8422
15.2253
14.5923
13.941
13.2695
12.5754
11.8563
11.1098
10.3344
9.52881
8.69295
7.82766
6.93479
6.01764
5.08027
4.12798
3.16703
2.20412
1.24657
0.301995
-0.62204
-1.51806
-2.37904
-3.19837
-3.97017
-4.68939
-5.35183
-5.95405
-6.49333
-6.96815
-7.37773
-7.72214
-8.0023
-8.2198
-8.37698
-8.47669
-8.52226
-8.51745
-8.46626
-8.37289
-8.24167
-8.07687
-7.88273
-7.66333
-7.42257
-7.16414
-6.89141
-6.60756
-6.31532
-6.01732
-5.7159
-5.41227
-5.15076
-4.91119
-4.67696
-4.40034
-4.18157
-3.8222
-3.71336
-3.1282
-3.3797
-2.20974
-3.37319
-0.921904
-3.94178
22.2207
22.2515
22.2639
22.2413
22.1913
22.1159
22.0159
21.8978
21.7689
21.6339
21.4952
21.3551
21.216
21.0781
20.9415
20.8049
20.6662
20.5225
20.3701
20.2052
20.0235
19.8209
19.5934
19.3378
19.0515
18.7327
18.3807
17.996
17.58
17.1351
16.6648
16.173
15.6644
15.1439
14.6166
14.0875
13.5612
13.0422
12.5343
12.0408
11.5644
11.1073
10.6708
10.2558
9.86266
9.49122
9.14086
8.81058
8.49911
8.20495
7.92644
7.66183
7.40934
7.16724
6.93386
6.70764
6.48719
6.27126
6.05881
5.84893
5.64093
5.43427
5.22857
5.02363
4.8193
4.61584
4.4127
4.24032
4.08626
3.93338
3.75338
3.61172
3.36847
3.31252
2.88611
3.12375
2.20834
3.21643
1.16697
3.91124
20.2929
20.1815
20.0565
19.9174
19.7573
19.5694
19.3479
19.0916
18.8034
18.4808
18.1214
17.7239
17.2883
16.8148
16.3042
15.7573
15.1758
14.5616
13.9167
13.2435
12.5443
11.8215
11.0774
10.3142
9.53386
8.73842
7.92969
7.10939
6.27958
5.44219
4.59957
3.75456
2.9102
2.07009
1.23832
0.419279
-0.382288
-1.16151
-1.91332
-2.63276
-3.31505
-3.95577
-4.55091
-5.09698
-5.59133
-6.0318
-6.41704
-6.74645
-7.02004
-7.23861
-7.40358
-7.51688
-7.581
-7.59882
-7.5736
-7.5088
-7.40803
-7.275
-7.11342
-6.92692
-6.71901
-6.49302
-6.25214
-5.99923
-5.73697
-5.46808
-5.19352
-4.95516
-4.73388
-4.51825
-4.25802
-4.05662
-3.71238
-3.617
-3.05062
-3.30227
-2.17034
-3.29777
-0.929635
-3.84875
20.365
20.409
20.4555
20.5057
20.5542
20.5916
20.6104
20.6083
20.5842
20.5369
20.4649
20.368
20.2465
20.1004
19.9311
19.7396
19.5276
19.2969
19.0492
18.7865
18.5103
18.222
17.923
17.6138
17.2949
16.9666
16.6287
16.2811
15.9233
15.5554
15.1773
14.7895
14.3926
13.9878
13.5767
13.1612
12.7434
12.3257
11.9106
11.5005
11.0978
10.7045
10.3226
9.95333
9.59796
9.25715
8.93123
8.62017
8.3236
8.04088
7.77113
7.51329
7.2662
7.02858
6.79917
6.57672
6.36004
6.14805
5.93976
5.73434
5.53108
5.32942
5.12894
4.92939
4.73053
4.53259
4.3349
4.16718
4.01693
3.86834
3.69237
3.55501
3.31701
3.26289
2.84741
3.07675
2.18854
3.16411
1.16897
3.84236
15.8655
15.7589
15.6472
15.5304
15.4029
15.2628
15.1083
14.9375
14.7532
14.5549
14.3401
14.1074
13.8548
13.5802
13.2817
12.9571
12.6048
12.2231
11.8109
11.3676
10.8931
10.3874
9.85136
9.28614
8.6933
8.07488
7.43323
6.77087
6.09075
5.39575
4.68901
3.97383
3.25343
2.53127
1.81088
1.09595
0.3903
-0.302145
-0.977246
-1.63093
-2.25911
-2.85783
-3.4233
-3.95192
-4.44063
-4.88663
-5.2877
-5.64223
-5.94908
-6.20782
-6.41862
-6.58218
-6.69977
-6.77314
-6.8045
-6.79636
-6.75155
-6.67309
-6.56411
-6.42782
-6.26742
-6.08602
-5.88665
-5.67219
-5.44523
-5.2088
-4.96349
-4.74866
-4.5462
-4.34973
-4.10668
-3.92321
-3.595
-3.5136
-2.96698
-3.21894
-2.12629
-3.21638
-0.934629
-3.74736
15.924
15.9439
15.9717
16.0086
16.0514
16.0963
16.14
16.181
16.2189
16.2529
16.2812
16.3023
16.3144
16.3155
16.3039
16.2776
16.2351
16.1749
16.0958
15.9971
15.8783
15.7391
15.5799
15.4012
15.2039
14.9889
14.7575
14.5109
14.2505
13.9776
13.6934
13.3991
13.0959
12.7848
12.4671
12.144
11.8166
11.4864
11.1548
10.8234
10.4936
10.167
9.84509
9.52926
9.22068
8.92038
8.6291
8.34735
8.07538
7.81316
7.56048
7.31688
7.08175
6.85434
6.63382
6.41931
6.20993
6.00481
5.80315
5.60421
5.40739
5.21215
5.01808
4.82492
4.6324
4.44075
4.24918
4.08669
3.94075
3.79689
3.62549
3.49275
3.26059
3.20843
2.8046
3.0252
2.16581
3.10616
1.17019
3.76487
12.2956
12.2098
12.1205
12.0257
11.9203
11.8029
11.6731
11.529
11.3734
11.2086
11.0341
10.8495
10.6542
10.4476
10.229
9.99746
9.75197
9.49147
9.21466
8.9202
8.60687
8.27334
7.91841
7.54115
7.14082
6.71708
6.26988
5.7996
5.30715
4.79377
4.26123
3.71176
3.14783
2.57235
1.98851
1.3997
0.809539
0.221735
-0.359785
-0.931132
-1.48839
-2.02771
-2.5453
-3.03747
-3.5009
-3.93241
-4.32923
-4.68902
-5.00984
-5.29032
-5.52961
-5.72736
-5.88379
-5.99955
-6.07587
-6.1143
-6.1168
-6.08563
-6.02325
-5.93231
-5.81557
-5.67579
-5.51574
-5.33816
-5.14547
-4.94089
-4.72457
-4.53329
-4.34986
-4.17278
-3.94746
-3.78212
-3.47093
-3.4032
-2.87831
-3.12876
-2.07921
-3.12729
-0.938047
-3.63591
12.3445
12.3645
12.3909
12.4217
12.4551
12.4896
12.5233
12.5562
12.5887
12.6213
12.6536
12.6855
12.7164
12.7458
12.7733
12.7978
12.8185
12.8341
12.8434
12.8451
12.8377
12.8198
12.7897
12.7464
12.6885
12.6151
12.5255
12.4193
12.2963
12.1568
12.0011
11.8299
11.6443
11.4452
11.2338
11.0115
10.7797
10.5398
10.2932
10.0414
9.78576
9.52782
9.26895
9.01047
8.7536
8.49951
8.24917
8.00336
7.76272
7.52766
7.29842
7.07504
6.85739
6.64515
6.43794
6.23524
6.0365
5.84112
5.64852
5.45814
5.2695
5.08214
4.89573
4.71002
4.52476
4.34019
4.15547
3.99875
3.85764
3.71891
3.55264
3.42477
3.1992
3.14881
2.75795
2.96848
2.14061
3.04195
1.17093
3.6801
10.1334
10.0679
9.99982
9.92739
9.84707
9.75762
9.65828
9.54739
9.42459
9.29293
9.15235
9.00221
8.84206
8.67148
8.49013
8.2975
8.09321
7.8769
7.64811
7.40638
7.15135
6.88252
6.59936
6.3014
5.98811
5.65905
5.31375
4.9519
4.57339
4.17821
3.7667
3.33951
2.89757
2.44221
1.97515
1.49845
1.01457
0.526192
0.0363912
-0.451618
-0.93445
-1.40861
-1.87059
-2.31681
-2.74393
-3.14865
-3.52794
-3.87907
-4.19958
-4.48749
-4.74119
-4.95955
-5.14193
-5.28809
-5.39837
-5.47346
-5.51449
-5.52294
-5.50058
-5.44945
-5.37176
-5.26986
-5.14615
-5.00316
-4.84299
-4.66901
-4.48083
-4.31263
-4.14799
-3.99007
-3.78257
-3.63519
-3.34155
-3.28719
-2.78487
-3.0335
-2.02741
-3.03426
-0.934837
-3.5226
10.1756
10.2011
10.2316
10.2652
10.3012
10.3386
10.3751
10.4105
10.4451
10.479
10.5118
10.5434
10.5735
10.6019
10.6284
10.6527
10.6746
10.6937
10.7097
10.7222
10.7307
10.7346
10.7332
10.7258
10.7115
10.6895
10.6587
10.6183
10.5674
10.5051
10.4309
10.3441
10.2446
10.1322
10.0071
9.86979
9.72075
9.56083
9.39096
9.2122
9.02573
8.83276
8.63454
8.43228
8.22719
8.02043
7.81303
7.60593
7.39996
7.19578
6.99392
6.79475
6.59846
6.40513
6.21468
6.02696
5.84169
5.65855
5.4772
5.29727
5.11842
4.94033
4.76275
4.5855
4.40835
4.23162
4.05441
3.90395
3.76807
3.63481
3.47412
3.35133
3.1329
3.08431
2.70698
2.90754
2.11114
2.97429
1.16679
3.59435
8.59672
8.54393
8.48905
8.43134
8.36831
8.29897
8.22255
8.13824
8.04429
7.9422
7.83315
7.7165
7.59168
7.4582
7.31556
7.16318
7.00051
6.82704
6.64225
6.44566
6.23687
6.01549
5.7812
5.53375
5.27294
4.99864
4.71078
4.40934
4.09443
3.76617
3.42485
3.07086
2.70471
2.32712
1.93904
1.54161
1.13625
0.724664
0.308837
-0.108998
-0.526371
-0.940594
-1.34884
-1.7481
-2.1354
-2.50773
-2.86216
-3.19591
-3.50639
-3.7913
-4.04863
-4.27671
-4.4743
-4.64052
-4.77496
-4.87761
-4.94885
-4.98946
-5.00053
-4.98348
-4.93996
-4.87185
-4.78111
-4.67
-4.54024
-4.39523
-4.234
-4.08812
-3.9418
-3.8026
-3.61281
-3.48307
-3.20722
-3.16601
-2.68655
-2.93377
-1.97001
-2.93851
-0.923758
-3.40995
8.63316
8.65852
8.68776
8.72002
8.755
8.79197
8.8291
8.86593
8.90275
8.93959
8.97614
9.01221
9.04748
9.08167
9.11449
9.14554
9.17451
9.20102
9.22474
9.24529
9.26229
9.27542
9.2843
9.28856
9.28786
9.2818
9.26994
9.25188
9.22712
9.19521
9.15562
9.10788
9.05153
8.98613
8.91136
8.827
8.73295
8.62925
8.51612
8.39389
8.2631
8.12437
7.97845
7.82617
7.6684
7.50607
7.34005
7.17121
7.00038
6.82827
6.65553
6.48266
6.31008
6.13809
5.96686
5.79646
5.62689
5.45804
5.28979
5.12195
4.95435
4.7868
4.61915
4.45132
4.28312
4.11494
3.94587
3.80213
3.6719
3.54441
3.38974
3.27224
3.06142
3.01481
2.65124
2.84247
2.07664
2.9039
1.15676
3.50872
7.27262
7.2281
7.18196
7.1339
7.08194
7.0253
6.96328
6.89545
6.82064
6.73838
6.65034
6.55669
6.45691
6.35061
6.23741
6.11687
5.9885
5.85186
5.70643
5.55171
5.38723
5.21247
5.02696
4.83029
4.62205
4.40193
4.16967
3.92512
3.66823
3.39903
3.11769
2.82454
2.51998
2.20459
1.87908
1.54435
1.20144
0.851579
0.496227
0.137005
-0.224261
-0.585557
-0.944701
-1.2993
-1.64692
-1.98499
-2.31094
-2.6222
-2.91627
-3.19084
-3.44375
-3.67305
-3.87719
-4.0548
-4.20496
-4.3271
-4.42098
-4.48677
-4.52497
-4.53639
-4.52216
-4.48364
-4.42234
-4.34018
-4.23845
-4.12055
-3.98485
-3.86033
-3.73175
-3.61071
-3.43839
-3.32589
-3.06798
-3.03965
-2.58323
-2.82931
-1.90705
-2.83943
-0.906012
-3.29667
7.30411
7.32694
7.35295
7.38164
7.41276
7.44589
7.47967
7.51365
7.54823
7.58347
7.61921
7.65536
7.69175
7.7282
7.76453
7.80049
7.83582
7.8702
7.90334
7.93486
7.96438
7.9915
8.01579
8.03683
8.05417
8.0674
8.07607
8.07978
8.07813
8.07075
8.05726
8.03733
8.01065
7.97688
7.93575
7.88704
7.83053
7.76608
7.69361
7.61313
7.52474
7.42864
7.32513
7.2146
7.09754
6.9745
6.84607
6.71289
6.57561
6.43483
6.29117
6.14515
5.99725
5.84786
5.69728
5.54577
5.39346
5.24044
5.08674
4.93235
4.77724
4.62134
4.46462
4.30709
4.14863
3.9897
3.8294
3.69285
3.56868
3.44729
3.29909
3.18711
2.98436
2.93995
2.59041
2.77286
2.03705
2.83012
1.14167
3.42172
6.15076
6.11305
6.07407
6.03372
5.99034
5.94332
5.89211
5.8362
5.77515
5.70781
5.63482
5.55728
5.47495
5.38747
5.29454
5.19584
5.09106
4.97984
4.86184
4.73666
4.60397
4.46334
4.3144
4.15677
3.99003
3.81384
3.62785
3.43175
3.22531
3.00831
2.78069
2.54245
2.29371
2.03471
1.76587
1.48774
1.20103
0.906621
0.605604
0.299207
-0.0111595
-0.323916
-0.637328
-0.949457
-1.25831
-1.56172
-1.85747
-2.1433
-2.41692
-2.67612
-2.9188
-3.14293
-3.34677
-3.52871
-3.68749
-3.82211
-3.93189
-4.0165
-4.07592
-4.11044
-4.12066
-4.10749
-4.07196
-4.01565
-3.93937
-3.84647
-3.73464
-3.63036
-3.51874
-3.41513
-3.25991
-3.16412
-2.92411
-2.90829
-2.47506
-2.72005
-1.83879
-2.73655
-0.882463
-3.18155
6.17811
6.19882
6.2222
6.2478
6.27542
6.30481
6.33499
6.36557
6.39696
6.42921
6.46223
6.496
6.53042
6.56541
6.60086
6.63666
6.67267
6.70869
6.74459
6.78011
6.81503
6.84905
6.88189
6.91319
6.94259
6.96969
6.99407
7.01529
7.0329
7.04646
7.0555
7.0596
7.05836
7.05138
7.03831
7.01886
6.99273
6.95972
6.91964
6.87238
6.8179
6.75618
6.6873
6.61141
6.5287
6.43948
6.34408
6.24288
6.13633
6.02486
5.90896
5.78907
5.66562
5.53902
5.40961
5.2777
5.14354
5.00732
4.86918
4.72923
4.58756
4.44422
4.29926
4.15281
4.00478
3.85573
3.70479
3.57586
3.45814
3.34318
3.20187
3.09567
2.90145
2.85944
2.52424
2.69836
1.99235
2.75247
1.12207
3.33244
5.24609
5.21416
5.18121
5.14729
5.11104
5.07195
5.02964
4.98355
4.9334
4.87851
4.81826
4.7537
4.68529
4.61268
4.5356
4.45378
4.36697
4.27489
4.17723
4.07372
3.96406
3.84794
3.72506
3.59513
3.45782
3.31287
3.15999
2.99891
2.82941
2.65126
2.4643
2.26845
2.06364
1.84991
1.62742
1.3964
1.15725
0.910482
0.656792
0.397016
0.132156
-0.136613
-0.407967
-0.680378
-0.952234
-1.22175
-1.48705
-1.74618
-1.9971
-2.23781
-2.46632
-2.68066
-2.87904
-3.05977
-3.22137
-3.36259
-3.48243
-3.58017
-3.65538
-3.70792
-3.73795
-3.74593
-3.73244
-3.69874
-3.64515
-3.57492
-3.48507
-3.39965
-3.30406
-3.21699
-3.07828
-2.99847
-2.77618
-2.77236
-2.36231
-2.60617
-1.76546
-2.62988
-0.853375
-3.0646
5.26997
5.28896
5.31018
5.33325
5.35804
5.38438
5.41155
5.43922
5.46777
5.49724
5.52757
5.55877
5.59075
5.62349
5.65691
5.69095
5.72551
5.76047
5.79574
5.83118
5.86663
5.90191
5.93683
5.97118
6.00471
6.03716
6.06822
6.09758
6.1249
6.14979
6.17186
6.1907
6.2059
6.21702
6.22366
6.22542
6.22191
6.21279
6.19776
6.17654
6.14895
6.11482
6.07405
6.02661
5.97251
5.91186
5.84478
5.77148
5.6922
5.60721
5.51684
5.42141
5.32126
5.21674
5.10815
4.99582
4.88
4.76095
4.63887
4.51394
4.38633
4.25618
4.12361
3.98881
3.85179
3.71314
3.57205
3.45113
3.34022
3.23197
3.09794
2.99775
2.81247
2.77308
2.45253
2.61877
1.94246
2.67076
1.09804
3.24043
4.51121
4.48396
4.45589
4.42711
4.39656
4.3638
4.32857
4.2904
4.24892
4.20387
4.15447
4.10072
4.04358
3.98309
3.91893
3.85086
3.77867
3.70213
3.62098
3.53497
3.44386
3.34738
3.24525
3.13723
3.02304
2.90244
2.77517
2.641
2.49972
2.35114
2.1951
2.03149
1.86022
1.68128
1.49471
1.30064
1.09926
0.890872
0.675923
0.454948
0.228624
-0.00222977
-0.236655
-0.473507
-0.711549
-0.949371
-1.18544
-1.41812
-1.6457
-1.86639
-2.07839
-2.27989
-2.46916
-2.64451
-2.80439
-2.94742
-3.0724
-3.17834
-3.26451
-3.33044
-3.3759
-3.401
-3.40589
-3.39152
-3.35773
-3.30771
-3.23776
-3.16968
-3.089
-3.01739
-2.89443
-2.82975
-2.62479
-2.63233
-2.24534
-2.48792
-1.68731
-2.51954
-0.819375
-2.94584
4.53212
4.54939
4.56851
4.5892
4.61137
4.6349
4.65923
4.68413
4.70996
4.7367
4.76435
4.79291
4.82234
4.85263
4.88372
4.9156
4.94818
4.9814
5.01519
5.04944
5.08405
5.1189
5.15383
5.1887
5.22333
5.25752
5.29105
5.32369
5.3552
5.38529
5.41367
5.44002
5.46401
5.48527
5.50347
5.5182
5.52911
5.53581
5.53794
5.53517
5.52718
5.51369
5.49446
5.4693
5.43806
5.40067
5.35709
5.30733
5.25147
5.18963
5.12197
5.04868
4.96998
4.88611
4.79732
4.70386
4.60599
4.50393
4.39792
4.28817
4.17487
4.05823
3.9384
3.81566
3.69003
3.56218
3.43133
3.31872
3.21491
3.11363
2.9872
2.89322
2.71725
2.6807
2.37508
2.53389
1.88725
2.58472
1.06977
3.14519
3.89684
3.87339
3.84924
3.82457
3.79855
3.77083
3.74116
3.70921
3.67461
3.63711
3.59636
3.55172
3.50365
3.45276
3.39892
3.34187
3.28141
3.21734
3.14947
3.0776
3.00149
2.92095
2.83572
2.7456
2.65033
2.5497
2.44347
2.33143
2.21337
2.08909
1.95843
1.82125
1.67744
1.52692
1.3697
1.2058
1.03535
0.858519
0.675591
0.48693
0.293004
0.0943933
-0.108209
-0.313955
-0.521905
-0.730972
-0.939941
-1.1475
-1.35221
-1.55256
-1.747
-1.93389
-2.11165
-2.27866
-2.43343
-2.57452
-2.70062
-2.81063
-2.90359
-2.97878
-3.03568
-3.0741
-3.09385
-3.0956
-3.07874
-3.04637
-2.99414
-2.94174
-2.87475
-2.81739
-2.70925
-2.65871
-2.47055
-2.48867
-2.12447
-2.36542
-1.60458
-2.4054
-0.781048
-2.82467
3.91518
3.93071
3.94781
3.96624
3.98593
4.00679
4.02837
4.05056
4.07368
4.09768
4.12258
4.14839
4.1751
4.20272
4.23121
4.26056
4.29074
4.3217
4.35342
4.38581
4.4188
4.45233
4.48628
4.52054
4.55498
4.58945
4.62379
4.65781
4.69132
4.72409
4.75588
4.78643
4.81549
4.84275
4.86791
4.89066
4.91066
4.92757
4.94106
4.95079
4.95642
4.95763
4.95412
4.94561
4.93185
4.91264
4.88781
4.85723
4.82082
4.77856
4.73047
4.67658
4.61701
4.55187
4.48131
4.40551
4.32466
4.23894
4.14856
4.05373
3.95465
3.85153
3.74456
3.63403
3.52001
3.40319
3.28284
3.17877
3.08227
2.98813
2.86958
2.782
2.61565
2.58213
2.29173
2.44347
1.82669
2.49389
1.03762
3.04563
3.37652
3.35626
3.33536
3.31407
3.29174
3.26809
3.24289
3.21591
3.18682
3.15535
3.12131
3.08427
3.04384
3.00069
2.95512
2.90692
2.85589
2.80185
2.74464
2.6841
2.62004
2.55228
2.48062
2.40489
2.32487
2.24038
2.15121
2.05716
1.95806
1.85371
1.74395
1.62863
1.50762
1.38082
1.24816
1.10963
0.965253
0.815117
0.659387
0.498296
0.33216
0.161382
-0.0135322
-0.191955
-0.373178
-0.556361
-0.740553
-0.924696
-1.10762
-1.28808
-1.46474
-1.63619
-1.80101
-1.95773
-2.10493
-2.24124
-2.36533
-2.47601
-2.57223
-2.6531
-2.71789
-2.76619
-2.7975
-2.81229
-2.80953
-2.79225
-2.75549
-2.71703
-2.66239
-2.61798
-2.52365
-2.4861
-2.31409
-2.34184
-2.00025
-2.23878
-1.51793
-2.28708
-0.739509
-2.69995
3.39262
3.40654
3.42176
3.43811
3.45554
3.47397
3.49301
3.5127
3.53326
3.55465
3.57691
3.60005
3.62406
3.64897
3.67475
3.70142
3.72895
3.75734
3.78656
3.81657
3.84733
3.87879
3.91089
3.94355
3.97668
4.01017
4.04392
4.07778
4.1116
4.14521
4.17842
4.21102
4.24279
4.27348
4.30283
4.33056
4.35639
4.38
4.40109
4.41935
4.43445
4.44605
4.45386
4.45756
4.45687
4.45151
4.44123
4.42582
4.40511
4.37894
4.34721
4.30985
4.26685
4.21821
4.16398
4.10424
4.03909
3.96867
3.89311
3.81259
3.72729
3.6374
3.54312
3.44475
3.34234
3.23662
3.12688
3.03145
2.94242
2.85554
2.74508
2.66401
2.50755
2.47722
2.20242
2.34721
1.76109
2.39767
1.00242
2.93989
2.935
2.91743
2.89929
2.88083
2.86154
2.84122
2.81969
2.79674
2.77214
2.74561
2.71696
2.686
2.65223
2.61562
2.57681
2.53586
2.49255
2.44672
2.39822
2.34692
2.29266
2.2353
2.17467
2.11061
2.04295
1.97152
1.89616
1.81669
1.73295
1.64477
1.55201
1.45451
1.35216
1.24483
1.13246
1.01497
0.892349
0.764625
0.631875
0.494234
0.3519
0.205142
0.0543124
-0.100132
-0.257668
-0.417657
-0.57936
-0.74194
-0.904457
-1.06588
-1.2251
-1.38092
-1.53209
-1.67732
-1.81531
-1.94477
-2.06442
-2.17309
-2.26967
-2.35318
-2.42276
-2.47783
-2.51768
-2.54263
-2.55126
-2.54653
-2.523
-2.49668
-2.45301
-2.42014
-2.33849
-2.31267
-2.15613
-2.19226
-1.87332
-2.10786
-1.42829
-2.16389
-0.695884
-2.5698
2.94914
2.96158
2.97511
2.9896
3.00501
3.02124
3.03802
3.05545
3.07369
3.09269
3.11251
3.13314
3.15461
3.17693
3.2001
3.22413
3.24903
3.27478
3.30137
3.3288
3.35704
3.38605
3.41581
3.44626
3.47735
3.509
3.54113
3.57365
3.60645
3.6394
3.67236
3.70517
3.73765
3.76961
3.80082
3.83107
3.86009
3.88763
3.9134
3.93711
3.95847
3.97715
3.99286
4.00527
4.01408
4.01901
4.01975
4.01605
4.00765
3.99434
3.97594
3.95228
3.92325
3.88875
3.84875
3.80323
3.7522
3.69572
3.63387
3.56675
3.49451
3.4173
3.3353
3.24877
3.15778
3.06305
2.9639
2.87711
2.79558
2.71601
2.61376
2.53927
2.39296
2.36577
2.10716
2.24453
1.69091
2.29445
0.965502
2.82541
2.55816
2.5429
2.52711
2.51104
2.49429
2.47673
2.45824
2.43861
2.41766
2.39518
2.37095
2.34483
2.3166
2.28579
2.25267
2.21771
2.18085
2.14187
2.10061
2.05698
2.01085
1.9621
1.91059
1.85617
1.79871
1.73806
1.67407
1.6066
1.5355
1.46063
1.38184
1.29902
1.21203
1.12077
1.02515
0.925097
0.82057
0.711555
0.598083
0.480226
0.358102
0.231888
0.101822
-0.0317696
-0.168506
-0.307911
-0.449421
-0.592384
-0.736051
-0.879601
-1.02211
-1.16257
-1.29994
-1.43306
-1.5608
-1.68198
-1.79543
-1.90001
-1.9946
-2.07824
-2.14996
-2.20911
-2.25481
-2.28724
-2.30472
-2.31013
-2.29763
-2.28162
-2.24754
-2.22471
-2.15468
-2.13893
-1.99764
-2.03982
-1.74501
-1.9719
-1.33771
-2.03335
-0.652903
-2.4308
2.57059
2.58167
2.59368
2.60649
2.6201
2.63437
2.64914
2.66456
2.68069
2.69753
2.71513
2.73347
2.7526
2.77251
2.79323
2.81477
2.83713
2.86032
2.88433
2.90918
2.93484
2.9613
2.98854
3.01654
3.04525
3.07463
3.10462
3.13516
3.16617
3.19756
3.22922
3.26102
3.29284
3.32453
3.35591
3.38679
3.41697
3.44623
3.47434
3.50103
3.52603
3.54908
3.56986
3.58809
3.60346
3.61568
3.62443
3.62943
3.63039
3.62706
3.6192
3.60658
3.589
3.56633
3.53841
3.50516
3.46651
3.42245
3.37297
3.31812
3.25799
3.19267
3.1223
3.04713
2.96718
2.88314
2.79437
2.71612
2.64206
2.56972
2.47578
2.4077
2.27206
2.24734
2.00666
2.13415
1.618
2.18168
0.931015
2.69717
2.23489
2.22131
2.20717
2.19272
2.17766
2.16192
2.14547
2.12824
2.11014
2.09109
2.07093
2.04951
2.02664
2.00184
1.97449
1.94466
1.91279
1.87922
1.84389
1.80657
1.7671
1.72539
1.68134
1.63484
1.58576
1.53397
1.47935
1.42178
1.36113
1.29726
1.23006
1.15942
1.0852
1.00732
0.925674
0.840197
0.75083
0.657539
0.560321
0.459211
0.354276
0.245623
0.133418
0.0178901
-0.100688
-0.221954
-0.345489
-0.470789
-0.597258
-0.724256
-0.851023
-0.976722
-1.10048
-1.22133
-1.33827
-1.45026
-1.55623
-1.65513
-1.7459
-1.8276
-1.89923
-1.96012
-2.00926
-2.04674
-2.07071
-2.08392
-2.08038
-2.07276
-2.04705
-2.03242
-1.97339
-1.96516
-1.84008
-1.88398
-1.61737
-1.82902
-1.24905
-1.89313
-0.614672
-2.28002
2.24606
2.25611
2.26689
2.27829
2.29031
2.30283
2.31583
2.32944
2.34368
2.35857
2.37413
2.39038
2.40733
2.42502
2.44344
2.46263
2.48258
2.50331
2.52483
2.54714
2.57024
2.59412
2.61879
2.64422
2.6704
2.69729
2.72485
2.75303
2.7818
2.8111
2.84082
2.87088
2.90118
2.93162
2.96205
2.9923
3.02223
3.05167
3.08041
3.10823
3.1349
3.16017
3.18379
3.20548
3.22497
3.24196
3.25615
3.26726
3.27499
3.27905
3.27919
3.27514
3.26665
3.2535
3.23554
3.21257
3.18448
3.15118
3.11257
3.06867
3.0195
2.96508
2.90549
2.84096
2.77147
2.69764
2.6189
2.54891
2.48224
2.41686
2.33145
2.26911
2.14536
2.12099
1.90216
2.01391
1.54492
2.05564
0.903096
2.55133
1.87122
1.8602
1.84868
1.83693
1.82471
1.81197
1.79868
1.78473
1.77001
1.75441
1.73777
1.71993
1.70074
1.68005
1.65766
1.63354
1.60784
1.58062
1.55188
1.52156
1.48954
1.45571
1.41998
1.38229
1.3425
1.30052
1.25627
1.20961
1.16045
1.10868
1.0542
0.996899
0.936668
0.873418
0.80705
0.737498
0.66469
0.588569
0.509103
0.42629
0.340143
0.250708
0.158072
0.0623717
-0.0362303
-0.137491
-0.24113
-0.346799
-0.454073
-0.562476
-0.671446
-0.78034
-0.888472
-0.99507
-1.09931
-1.20029
-1.2971
-1.38881
-1.47445
-1.55308
-1.62377
-1.68574
-1.73801
-1.78039
-1.8112
-1.8324
-1.83903
-1.8398
-1.82463
-1.81719
-1.77367
-1.76931
-1.66945
-1.70615
-1.48392
-1.66366
-1.16285
-1.73133
-0.586621
-2.11178
1.88042
1.88881
1.89781
1.90736
1.91743
1.92792
1.93888
1.95039
1.96244
1.97506
1.98828
2.0021
2.01655
2.03166
2.04744
2.06388
2.08104
2.09892
2.11752
2.13686
2.15695
2.17781
2.19942
2.22178
2.24489
2.26874
2.2933
2.31856
2.34448
2.37104
2.39818
2.42582
2.45391
2.4824
2.51115
2.54005
2.56899
2.59787
2.62651
2.65472
2.68234
2.70915
2.73495
2.75952
2.78258
2.8039
2.8232
2.84018
2.85458
2.86609
2.87442
2.87933
2.88048
2.87763
2.87057
2.85904
2.84282
2.82179
2.79576
2.76466
2.72842
2.687
2.64044
2.58883
2.53218
2.47093
2.40475
2.34488
2.28791
2.23052
2.15741
2.09988
1.99538
1.96536
1.78342
1.86345
1.47028
1.89605
0.88847
2.36926
1.50996
1.50146
1.49257
1.48351
1.47409
1.46427
1.45402
1.44325
1.43184
1.41967
1.40658
1.39247
1.37725
1.3609
1.34343
1.32488
1.30517
1.28421
1.26195
1.23843
1.21364
1.18748
1.15984
1.13067
1.09989
1.0674
1.03315
0.997029
0.958956
0.918841
0.8766
0.832144
0.785378
0.736217
0.684567
0.630363
0.573528
0.513998
0.451716
0.386653
0.318776
0.248093
0.174617
0.0984088
0.0195491
-0.0618428
-0.145592
-0.231499
-0.319289
-0.40864
-0.499174
-0.590451
-0.68195
-0.773095
-0.863258
-0.951723
-1.03774
-1.12051
-1.19919
-1.27295
-1.34086
-1.40222
-1.45596
-1.50188
-1.53813
-1.56656
-1.58209
-1.59173
-1.58551
-1.58754
-1.55584
-1.56195
-1.47799
-1.52342
-1.32443
-1.5051
-1.04219
-1.59334
-0.51509
-2.00264
1.51715
1.52383
1.53101
1.53863
1.54667
1.55507
1.56389
1.57317
1.58289
1.5931
1.60381
1.61501
1.62675
1.63907
1.65194
1.66539
1.67946
1.69416
1.70951
1.72551
1.74218
1.75955
1.77762
1.79638
1.81586
1.83606
1.85698
1.87861
1.90093
1.92393
1.94761
1.97189
1.99678
2.02224
2.04818
2.07452
2.10122
2.12818
2.15529
2.18242
2.20944
2.2362
2.26254
2.28827
2.31319
2.33709
2.35974
2.38085
2.40021
2.41753
2.43252
2.44492
2.45441
2.46071
2.46357
2.46269
2.45781
2.44871
2.43516
2.41698
2.39405
2.36625
2.33353
2.29588
2.25326
2.206
2.15383
2.10577
2.05934
2.01238
1.95124
1.9039
1.81394
1.79154
1.63009
1.71017
1.35053
1.76205
0.808736
2.27557
1.22695
1.22008
1.21283
1.20539
1.19764
1.18953
1.18108
1.17229
1.16314
1.15354
1.14343
1.13272
1.12135
1.10919
1.09614
1.08206
1.06684
1.05047
1.03302
1.01453
0.995019
0.974453
0.952746
0.929829
0.90563
0.880098
0.853163
0.824754
0.794808
0.763245
0.729997
0.694991
0.658144
0.619387
0.578643
0.53584
0.490915
0.443802
0.394449
0.342806
0.288835
0.232519
0.173839
0.11282
0.0494886
-0.016094
-0.0838268
-0.153595
-0.225221
-0.298498
-0.373167
-0.448925
-0.525401
-0.60217
-0.678764
-0.754631
-0.829178
-0.901769
-0.971697
-1.03826
-1.10064
-1.15821
-1.20994
-1.25566
-1.2935
-1.32526
-1.34577
-1.36105
-1.36092
-1.36974
-1.34681
-1.36139
-1.28973
-1.34383
-1.16262
-1.34863
-0.913963
-1.46087
-0.431826
-1.90362
1.23286
1.23843
1.24435
1.25057
1.2571
1.26396
1.27117
1.27873
1.28667
1.29502
1.30377
1.31294
1.32256
1.33265
1.3432
1.35426
1.36583
1.37793
1.3906
1.40382
1.4176
1.43199
1.44699
1.4626
1.47886
1.49575
1.51328
1.53148
1.55031
1.56979
1.58992
1.61066
1.63201
1.65397
1.67646
1.69946
1.72293
1.7468
1.77099
1.79544
1.82005
1.8447
1.86929
1.89365
1.91765
1.94113
1.96388
1.98569
2.00637
2.02569
2.04337
2.05918
2.07285
2.08408
2.09264
2.09822
2.10054
2.09938
2.09444
2.08553
2.07247
2.05507
2.03321
2.00683
1.97583
1.94043
1.90039
1.86277
1.8258
1.78837
1.73817
1.70066
1.62395
1.61027
1.46647
1.55163
1.21806
1.63071
0.714366
2.19575
0.993786
0.988333
0.98255
0.976605
0.970392
0.963882
0.957086
0.950012
0.94266
0.934996
0.926972
0.918527
0.909613
0.900151
0.890056
0.879238
0.867557
0.854927
0.841346
0.826858
0.811504
0.795301
0.77823
0.760214
0.741186
0.721105
0.699911
0.677549
0.653974
0.629117
0.602923
0.575329
0.546267
0.515679
0.483503
0.449674
0.414136
0.376832
0.337709
0.29672
0.253826
0.208996
0.162204
0.11345
0.0627387
0.0100976
-0.0444166
-0.100738
-0.158754
-0.218333
-0.27929
-0.341427
-0.404478
-0.468126
-0.532042
-0.595796
-0.658941
-0.720982
-0.781354
-0.839484
-0.894678
-0.946427
-0.993785
-1.03668
-1.07324
-1.10532
-1.12774
-1.14592
-1.14955
-1.16268
-1.14621
-1.16664
-1.10538
-1.16542
-1.00127
-1.18942
-0.7843
-1.3228
-0.347883
-1.78913
0.99851
1.00301
1.0078
1.01281
1.01809
1.02365
1.02949
1.03562
1.04207
1.04885
1.05596
1.06342
1.07126
1.07948
1.08809
1.09712
1.10659
1.11649
1.12687
1.13771
1.14904
1.16088
1.17325
1.18614
1.19959
1.21359
1.22814
1.24329
1.259
1.27529
1.29217
1.30961
1.32763
1.34621
1.36531
1.38493
1.40503
1.42557
1.44651
1.46779
1.48934
1.51109
1.53296
1.55482
1.57659
1.59814
1.6193
1.63992
1.65984
1.67887
1.69678
1.71339
1.72846
1.74174
1.75299
1.76197
1.76838
1.77202
1.77261
1.76992
1.76375
1.7539
1.7402
1.72256
1.70083
1.67515
1.64529
1.61665
1.58797
1.55899
1.51876
1.49014
1.4261
1.42025
1.29451
1.38337
1.07853
1.48841
0.617818
2.09026
0.792036
0.787796
0.783266
0.77859
0.773694
0.76855
0.763168
0.757551
0.751709
0.745628
0.739293
0.732669
0.725708
0.718358
0.71057
0.702293
0.693429
0.683875
0.673546
0.662425
0.650548
0.637953
0.624678
0.610691
0.595931
0.580353
0.563907
0.54655
0.528247
0.508947
0.488602
0.467166
0.444579
0.420797
0.395769
0.369438
0.341758
0.312676
0.282149
0.250131
0.216583
0.181474
0.144772
0.106465
0.0665426
0.0250117
-0.0181005
-0.0627591
-0.108899
-0.156434
-0.205246
-0.255199
-0.306111
-0.357754
-0.40989
-0.462207
-0.514363
-0.565987
-0.616631
-0.665859
-0.713088
-0.757933
-0.799546
-0.837961
-0.871382
-0.901699
-0.923814
-0.942863
-0.948453
-0.963944
-0.951983
-0.976223
-0.923476
-0.987393
-0.838658
-1.02698
-0.650624
-1.17823
-0.259293
-1.66028
0.795724
0.799278
0.803072
0.80704
0.811222
0.815623
0.820253
0.825115
0.830226
0.835605
0.841257
0.847193
0.853426
0.859968
0.866832
0.874041
0.881596
0.889508
0.897803
0.90649
0.915588
0.925099
0.935041
0.945429
0.956278
0.967594
0.979381
0.991665
1.00444
1.01772
1.03152
1.04581
1.06061
1.07593
1.09172
1.10799
1.12474
1.14192
1.15951
1.17747
1.19576
1.21432
1.2331
1.25201
1.27097
1.2899
1.30869
1.3272
1.3453
1.36286
1.37969
1.39563
1.41051
1.4241
1.4362
1.44661
1.45507
1.46138
1.4653
1.46661
1.46511
1.46059
1.45289
1.44189
1.42743
1.40959
1.38815
1.36711
1.34558
1.32398
1.29267
1.27204
1.21977
1.22105
1.11269
1.20456
0.928382
1.33341
0.512364
1.96321
0.615272
0.612065
0.608629
0.605063
0.601312
0.597357
0.593205
0.588857
0.584324
0.579597
0.574676
0.569553
0.564201
0.558579
0.552656
0.546397
0.539746
0.532634
0.524983
0.516713
0.507797
0.498266
0.488164
0.477513
0.466299
0.454482
0.442008
0.428841
0.414956
0.400313
0.384878
0.368612
0.351468
0.333415
0.314411
0.294409
0.273373
0.25126
0.228032
0.203652
0.178086
0.151302
0.123269
0.0939705
0.0633917
0.031525
-0.00161914
-0.0360258
-0.0716612
-0.108472
-0.14639
-0.185317
-0.225142
-0.265702
-0.306834
-0.348316
-0.389898
-0.431306
-0.472203
-0.512267
-0.551032
-0.588221
-0.623094
-0.6558
-0.684636
-0.711557
-0.731606
-0.74986
-0.755892
-0.772099
-0.762925
-0.789208
-0.743081
-0.809179
-0.673838
-0.861065
-0.510628
-1.02634
-0.161608
-1.51692
0.618091
0.620829
0.623747
0.626799
0.630018
0.633405
0.636969
0.640712
0.64465
0.648795
0.653149
0.657725
0.662531
0.667578
0.67288
0.678448
0.684287
0.690405
0.696824
0.703554
0.710604
0.717983
0.725705
0.733779
0.742222
0.751041
0.760235
0.769831
0.77983
0.790245
0.801076
0.81232
0.824
0.83611
0.848625
0.861563
0.874918
0.888661
0.902785
0.917271
0.932071
0.94717
0.962527
0.978075
0.993765
1.00953
1.02529
1.04097
1.05644
1.07161
1.08634
1.1005
1.11397
1.12655
1.13808
1.1484
1.15729
1.16459
1.17008
1.17358
1.17491
1.17388
1.17033
1.16414
1.15516
1.14344
1.12879
1.11404
1.09855
1.08324
1.05972
1.04608
1.00446
1.01203
0.91981
1.01417
0.764873
1.16432
0.391762
1.81731
0.453952
0.451637
0.449169
0.446613
0.443917
0.441051
0.438027
0.434856
0.431538
0.42807
0.424459
0.420705
0.416805
0.412744
0.408492
0.40402
0.399301
0.394307
0.38899
0.38327
0.377068
0.370355
0.363151
0.355495
0.347419
0.338911
0.329925
0.320426
0.310393
0.299803
0.28863
0.276846
0.264418
0.251319
0.23752
0.222984
0.207685
0.191592
0.174675
0.156908
0.13826
0.118706
0.0982251
0.0767982
0.0544116
0.0310567
0.00673362
-0.0185519
-0.0447813
-0.0719257
-0.0999424
-0.128772
-0.158339
-0.188541
-0.219269
-0.250372
-0.281678
-0.312993
-0.344079
-0.374716
-0.404543
-0.433396
-0.460644
-0.486556
-0.509541
-0.531609
-0.54802
-0.563983
-0.569091
-0.584515
-0.576548
-0.603172
-0.561929
-0.628426
-0.504487
-0.688868
-0.362326
-0.862284
-0.0537807
-1.34338
0.456
0.457994
0.460119
0.462343
0.464689
0.467162
0.469766
0.472502
0.475383
0.478415
0.481601
0.484952
0.488478
0.492183
0.496081
0.500173
0.504468
0.508977
0.513714
0.518683
0.523886
0.529342
0.535066
0.541051
0.547316
0.553869
0.56071
0.567859
0.575319
0.583098
0.591199
0.599621
0.608383
0.617478
0.626896
0.636655
0.646745
0.65715
0.667863
0.678885
0.690177
0.701728
0.713515
0.725486
0.737624
0.749869
0.762178
0.774487
0.786716
0.798798
0.81063
0.822121
0.833175
0.843649
0.853432
0.862394
0.870369
0.877232
0.882807
0.886958
0.889531
0.890361
0.889344
0.886354
0.881268
0.874111
0.864724
0.855019
0.844512
0.834444
0.817595
0.809905
0.777717
0.790559
0.712917
0.808629
0.583921
0.975639
0.250717
1.6337
0.311976
0.310406
0.308734
0.307011
0.305203
0.303274
0.301217
0.299044
0.296755
0.294341
0.291809
0.289154
0.286374
0.283474
0.28044
0.277246
0.273872
0.270308
0.266531
0.262521
0.25825
0.253675
0.248762
0.24351
0.237957
0.232151
0.226083
0.219702
0.21296
0.205842
0.198334
0.190422
0.182082
0.173294
0.164038
0.154292
0.144035
0.133243
0.121899
0.109982
0.0974714
0.0843477
0.0705954
0.0562002
0.0411521
0.0254426
0.00906807
-0.00796832
-0.0256577
-0.0439843
-0.0629221
-0.0824363
-0.102481
-0.122994
-0.143901
-0.165116
-0.186524
-0.208002
-0.229389
-0.250561
-0.271247
-0.291393
-0.310477
-0.328882
-0.345136
-0.361313
-0.372904
-0.385457
-0.388547
-0.40202
-0.393861
-0.419536
-0.381299
-0.447115
-0.331875
-0.512272
-0.2069
-0.684377
0.0614952
-1.12072
0.313354
0.314686
0.316109
0.317596
0.319163
0.320812
0.322545
0.324366
0.326285
0.328301
0.330416
0.332638
0.334975
0.337432
0.340012
0.342716
0.345553
0.348537
0.351666
0.354945
0.358378
0.361978
0.365758
0.369708
0.373841
0.378166
0.382687
0.387412
0.392345
0.397495
0.402861
0.40845
0.414272
0.420319
0.426593
0.433106
0.43986
0.446837
0.454032
0.461458
0.469086
0.476906
0.48491
0.49307
0.501374
0.509779
0.518262
0.526783
0.535292
0.543741
0.552067
0.56021
0.568099
0.575645
0.582781
0.589404
0.595402
0.600698
0.605164
0.608707
0.611215
0.612566
0.612696
0.6115
0.60889
0.604896
0.599388
0.593598
0.587031
0.581139
0.569785
0.566909
0.542711
0.559657
0.494436
0.590244
0.386224
0.766066
0.0896975
1.39391
0.140345
0.13932
0.138226
0.137095
0.135911
0.13466
0.133335
0.131923
0.130449
0.128994
0.127673
0.126591
0.125856
0.125579
0.125858
0.126755
0.128285
0.130402
0.132971
0.135723
0.138241
0.14002
0.14062
0.139818
0.137665
0.134438
0.13057
0.126476
0.122292
0.11795
0.113382
0.108582
0.103558
0.0983107
0.0928364
0.0871288
0.0811815
0.0749846
0.0685342
0.0618214
0.0548378
0.0475762
0.0400262
0.032181
0.024036
0.0155847
0.00682248
-0.00225108
-0.0116351
-0.0213249
-0.0313112
-0.0415789
-0.0521111
-0.0628788
-0.073847
-0.0849771
-0.0962143
-0.1075
-0.118748
-0.129912
-0.14082
-0.151515
-0.161589
-0.171525
-0.18001
-0.189148
-0.194761
-0.202736
-0.202846
-0.21319
-0.203924
-0.226903
-0.191621
-0.252626
-0.150438
-0.312699
-0.0507095
-0.454871
0.15101
-0.757254
0.141267
0.142182
0.143162
0.144187
0.145272
0.146413
0.14761
0.148873
0.150207
0.151608
0.153077
0.154619
0.156242
0.157944
0.159728
0.161594
0.163549
0.1656
0.16774
0.169973
0.172307
0.174741
0.177279
0.179917
0.182662
0.185514
0.188475
0.191546
0.194723
0.198018
0.20142
0.204934
0.208559
0.212289
0.216125
0.220068
0.224118
0.228263
0.232504
0.236842
0.241257
0.245747
0.250312
0.254936
0.25961
0.264317
0.269044
0.273769
0.278476
0.283138
0.287732
0.292225
0.296586
0.300771
0.304748
0.308466
0.311866
0.314922
0.317552
0.319709
0.321335
0.322367
0.322785
0.322518
0.321529
0.319841
0.317363
0.314733
0.311469
0.309162
0.30259
0.303842
0.286726
0.306394
0.253139
0.343293
0.1669
0.501722
-0.0728658
0.9788
0.0901109
0.0902883
0.0904763
0.0906757
0.0908866
0.0911281
0.0914376
0.0918486
0.0923463
0.0928412
0.0931862
0.0932044
0.0926994
0.0914552
0.0892442
0.0858401
0.0810455
0.0747401
0.0669512
0.0579589
0.0483498
0.0389584
0.0307417
0.0245569
0.020885
0.0195303
0.0195741
0.0199567
0.0201494
0.0201414
0.0200545
0.0199331
0.0197508
0.0194742
0.019088
0.0185798
0.0179402
0.0171614
0.0162353
0.0151568
0.0139236
0.0125339
0.0109849
0.00927813
0.00741785
0.00540648
0.00324836
0.000950764
-0.00147924
-0.00403361
-0.00670265
-0.00947584
-0.0123418
-0.0152888
-0.0183
-0.0213625
-0.0244581
-0.0275732
-0.0306718
-0.0337664
-0.0367625
-0.0397758
-0.0424972
-0.0454541
-0.0475472
-0.0507058
-0.0514217
-0.055261
-0.0530677
-0.0598318
-0.0507704
-0.0681953
-0.0405125
-0.0860605
-0.0139457
-0.124227
0.0417067
-0.196916
0.142462
-0.297024
0.0899188
0.0897063
0.0894817
0.0892396
0.0889839
0.0887121
0.0884208
0.0881144
0.087792
0.0874514
0.0870925
0.0867158
0.0863238
0.0859148
0.0854893
0.085048
0.0845932
0.0841283
0.083649
0.0831615
0.0826699
0.0821722
0.0816725
0.0811753
0.0806845
0.0802018
0.0797351
0.0792848
0.0788568
0.0784603
0.0780951
0.0777695
0.0774852
0.07725
0.0770694
0.0769454
0.076885
0.0768875
0.0769632
0.0771119
0.0773278
0.0776166
0.0779809
0.0784148
0.0789155
0.0794813
0.0801039
0.0807754
0.081489
0.0822363
0.0830101
0.0837935
0.0845769
0.0853391
0.0860706
0.0867511
0.0873594
0.0879042
0.0883472
0.0886848
0.0888999
0.0889725
0.0889018
0.0886518
0.0882247
0.0876453
0.0868687
0.0863029
0.0851803
0.0849035
0.0818342
0.0846284
0.0745537
0.0906616
0.0559747
0.118187
0.0041285
0.209184
-0.122758
0.44578
)
;

boundaryField
{
    inlet
    {
        type            freestreamPressure;
        freestreamValue uniform 0;
        value           nonuniform List<scalar> 
134
(
0.881371
0.565755
0.212377
-0.122329
-0.391871
-0.594232
-0.695924
-0.687456
-0.566982
-0.287769
-0.0615003
-0.100131
-0.173937
-0.249415
-0.329389
-0.415316
-0.507344
-0.605429
-0.710396
-0.824292
1.16862
-0.949801
-1.08766
-1.23053
-1.36169
-1.45351
-1.49592
-1.56914
-1.57022
-1.5961
-1.88152
-1.73141
-1.72797
-1.75125
-1.76665
-1.76973
-1.77193
-1.79144
-1.85232
-1.92868
1.41847
1.64791
1.7971
1.81281
1.65115
1.25027
0.563002
-2.10074
-2.0432
-1.96041
-1.90321
-1.85839
-1.80953
-1.75581
-1.70119
-1.64689
-1.59229
-1.53679
-1.48039
-1.42312
-1.36467
-1.3045
-1.24169
-1.1746
-1.10179
-1.02054
-0.967836
-0.920009
-0.86469
-0.802416
-0.733116
-0.649215
-0.541566
-0.365891
-0.143491
0.148496
0.34409
0.571526
0.798775
1.02177
1.23609
1.41782
1.55282
1.6435
1.69332
1.71219
1.71125
1.6998
1.68493
1.67668
1.69208
1.73886
1.79337
1.836
1.8684
1.89476
1.91597
1.9308
1.93848
1.93939
1.93476
1.92759
1.92389
1.93892
1.9963
2.13597
2.19708
2.13937
2.07131
2.02718
1.99142
1.9512
1.9072
1.8627
1.81825
1.7731
1.72676
1.67901
1.6296
1.57796
1.52311
1.46375
1.39728
1.32169
1.22733
1.17876
1.1374
1.08276
1.01697
0.941434
0.846383
0.722234
0.50722
0.231066
)
;
    }
    outlet
    {
        type            freestreamPressure;
        freestreamValue uniform 0;
        value           nonuniform List<scalar> 
160
(
1.93426e-05
1.93038e-05
1.93785e-05
1.92604e-05
1.94165e-05
1.92151e-05
1.94563e-05
1.91661e-05
1.9497e-05
1.91144e-05
1.95415e-05
1.90595e-05
1.95985e-05
1.90006e-05
1.96779e-05
1.89387e-05
1.97813e-05
1.88737e-05
1.98944e-05
1.8805e-05
1.99874e-05
1.87327e-05
2.00213e-05
1.86568e-05
1.99501e-05
1.8578e-05
1.97225e-05
1.84959e-05
1.92839e-05
1.84106e-05
1.85799e-05
1.83223e-05
1.75635e-05
1.82314e-05
1.62061e-05
1.81388e-05
1.45144e-05
1.80437e-05
1.25531e-05
1.7947e-05
1.04557e-05
1.78502e-05
8.40824e-06
1.77524e-05
6.62021e-06
1.76548e-05
5.27547e-06
1.75582e-05
4.47489e-06
1.74637e-05
4.17384e-06
1.73716e-05
4.17461e-06
1.72836e-05
4.25113e-06
1.72001e-05
4.28991e-06
1.71219e-05
4.28691e-06
1.70516e-05
4.26704e-06
1.6989e-05
4.23958e-06
1.69359e-05
4.1991e-06
1.6893e-05
4.13865e-06
1.68618e-05
4.05497e-06
1.68441e-05
3.94543e-06
1.68399e-05
3.80813e-06
1.68512e-05
3.64137e-06
1.68781e-05
3.44352e-06
1.69229e-05
3.21355e-06
1.69859e-05
2.951e-06
1.7066e-05
2.65556e-06
1.71648e-05
2.32663e-06
1.72831e-05
1.96459e-06
1.74201e-05
1.57033e-06
1.75755e-05
1.14433e-06
1.77493e-05
6.87478e-07
1.79401e-05
2.01216e-07
1.81467e-05
-3.13092e-07
1.8368e-05
-8.53925e-07
1.86027e-05
-1.41948e-06
1.88498e-05
-2.00783e-06
1.9106e-05
-2.61698e-06
1.93696e-05
-3.24488e-06
1.96366e-05
-3.88858e-06
1.9905e-05
-4.54592e-06
2.01713e-05
-5.21388e-06
2.04303e-05
-5.89034e-06
2.06849e-05
-6.5687e-06
2.09265e-05
-7.25236e-06
2.1154e-05
-7.92297e-06
2.13642e-05
-8.60476e-06
2.15515e-05
-9.23601e-06
2.1716e-05
-9.92433e-06
2.18483e-05
-1.0447e-05
2.19481e-05
-1.11971e-05
2.20206e-05
-1.14592e-05
2.20547e-05
-1.23568e-05
2.21154e-05
-1.20041e-05
2.20181e-05
-1.35032e-05
2.21355e-05
-1.17374e-05
2.1589e-05
-1.54885e-05
2.24867e-05
-9.70624e-06
2.02132e-05
-1.94501e-05
2.45008e-05
-3.55554e-06
1.58305e-05
-2.71209e-05
3.2028e-05
1.18823e-05
1.26346e-06
-3.87253e-05
5.40342e-05
4.93447e-05
-4.4461e-05
-4.5064e-05
9.52368e-05
)
;
    }
    walls
    {
        type            zeroGradient;
    }
    frontAndBack
    {
        type            empty;
    }
}


// ************************************************************************* //
