/*--------------------------------*- C++ -*----------------------------------*\
| =========                 |                                                 |
| \\      /  F ield         | OpenFOAM: The Open Source CFD Toolbox           |
|  \\    /   O peration     | Version:  2412                                  |
|   \\  /    A nd           | Website:  www.openfoam.com                      |
|    \\/     M anipulation  |                                                 |
\*---------------------------------------------------------------------------*/
FoamFile
{
    version     2.0;
    format      ascii;
    arch        "LSB;label=32;scalar=64";
    class       volScalarField;
    location    "300";
    object      p;
}
// * * * * * * * * * * * * * * * * * * * * * * * * * * * * * * * * * * * * * //

dimensions      [0 2 -2 0 0 0 0];

internalField   nonuniform List<scalar> 
10720
(
306.374
278.02
239.641
193.442
141.144
81.9491
21.0126
-39.2725
-98.6757
-154.007
-204.987
-251.323
-292.631
-328.934
-360.062
-385.471
-405.515
-419.123
-427.173
-428.625
-423.909
-412.228
-395.45
-374.576
-352.163
-330.563
-307.941
-283.333
-258.698
-234.647
-210.561
-186.05
-160.926
-134.953
-107.907
-78.9382
-47.178
-7.21848
41.0816
327.968
341.816
347.458
345.863
333.8
307.69
270.196
226.203
180.896
137.526
99.7663
69.5371
45.4358
26.3552
11.5998
-0.951554
-11.774
-21.827
-31.5471
-41.6882
-52.1423
-63.2534
-74.7296
-85.8589
-93.9671
-97.871
-99.11
-98.0291
-94.7847
-89.6243
-82.7757
-74.3697
-64.4884
-53.0898
-40.0632
-24.8185
-6.40423
19.3962
57.79
298.745
277.479
249.341
214.445
173.602
127.047
76.6959
24.2629
-29.0828
-81.5289
-131.965
-179.526
-223.467
-263.259
-298.397
-328.356
-353.034
-371.802
-384.806
-391.076
-390.88
-384.069
-372.068
-355.876
-337.34
-318.663
-298.962
-277.049
-254.239
-231.286
-207.945
-183.982
-159.266
-133.617
-106.836
-78.085
-46.5069
-6.67803
40.7137
314.695
325.901
331.594
330.356
320.275
300.502
272.385
238.487
201.789
164.926
130.48
100.162
74.0781
51.9698
33.4944
17.5952
3.71806
-8.83614
-20.5903
-32.1675
-43.6751
-55.3737
-67.0632
-78.0665
-86.2921
-90.6533
-92.4011
-92.2177
-90.0879
-85.9289
-79.864
-72.0653
-62.6597
-51.6365
-38.8992
-23.8734
-5.63372
20.0423
57.3407
282.672
264.445
240.112
209.496
173.379
131.692
85.5744
36.6276
-13.8782
-64.5546
-113.963
-161.114
-205.152
-245.376
-281.198
-312.149
-337.854
-357.738
-371.513
-378.826
-379.868
-374.602
-364.02
-349.146
-331.683
-313.563
-294.36
-273.037
-250.676
-228.148
-205.298
-181.831
-157.574
-132.323
-105.855
-77.3348
-45.9293
-6.32983
40.1563
296.181
305.599
310.633
310.125
302.445
286.803
263.689
234.751
202.248
168.454
135.588
105.465
78.8741
55.916
36.4071
19.7275
5.23833
-7.69287
-19.6319
-31.1427
-42.4732
-53.8183
-65.0346
-75.5308
-83.6701
-88.3662
-90.382
-90.3297
-88.2315
-84.0873
-78.0975
-70.4578
-61.2676
-50.477
-37.9512
-23.1009
-5.00377
20.4672
56.5839
264.308
248.901
228.319
202.467
171.999
136.501
96.8614
54.2069
9.42661
-36.3287
-81.8729
-126.259
-168.585
-208.074
-244.002
-275.771
-302.818
-324.592
-340.667
-350.902
-355.154
-353.399
-346.272
-334.674
-319.989
-303.845
-286.245
-266.518
-245.542
-224.135
-202.191
-179.431
-155.72
-130.894
-104.752
-76.4929
-45.3172
-6.0825
39.4294
275.821
283.926
288.535
288.624
282.803
270.398
251.646
227.786
200.512
171.51
142.56
115.188
90.1973
67.8848
48.2587
31.0077
15.6896
1.84654
-10.9747
-23.2212
-35.1461
-46.8908
-58.337
-68.9586
-77.4371
-82.753
-85.409
-85.972
-84.5277
-81.0645
-75.7166
-68.6228
-59.8578
-49.3819
-37.0799
-22.3906
-4.43023
20.7786
55.6785
245.647
232.219
214.228
191.608
165.007
133.794
98.6537
60.4713
19.8434
-22.2542
-64.8154
-106.966
-147.788
-186.451
-222.179
-254.28
-282.107
-305.08
-322.7
-334.681
-340.759
-340.884
-335.578
-325.735
-312.61
-297.618
-280.999
-262.28
-242.105
-221.246
-199.714
-177.302
-153.911
-129.394
-103.541
-75.556
-44.6578
-5.88481
38.5195
255.74
262.899
267.22
267.783
263.406
253.491
238.075
218.084
194.821
169.54
143.671
118.505
94.8164
73.0413
53.3729
35.7411
19.8947
5.51764
-7.7486
-20.2716
-32.3103
-43.9963
-55.2424
-65.6072
-74.053
-79.6688
-82.6772
-83.5711
-82.4315
-79.2381
-74.1058
-67.1847
-58.5709
-48.2435
-36.0889
-21.5503
-3.76511
21.0945
54.6832
227.625
215.749
199.85
179.903
156.575
129.117
98.103
64.2434
27.9121
-10.096
-48.9745
-87.9927
-126.308
-163.121
-197.671
-229.229
-257.088
-280.63
-299.283
-312.645
-320.544
-322.907
-320.052
-312.691
-301.823
-288.609
-273.443
-256.078
-237.048
-217.096
-196.327
-174.573
-151.743
-127.695
-102.229
-74.573
-44.0015
-5.77261
37.4192
236.626
243.091
247.215
248.149
244.881
236.894
224.12
207.293
187.471
165.606
142.846
120.271
98.5428
78.1062
59.2288
41.9574
26.1724
11.6763
-1.79155
-14.5116
-26.7012
-38.4635
-49.7163
-60.066
-68.6601
-74.6804
-78.1665
-79.5218
-78.8468
-76.1206
-71.4413
-64.9482
-56.7283
-46.7532
-34.8993
-20.615
-3.07624
21.3625
53.5926
210.639
199.971
185.714
167.869
147.123
122.666
94.9899
64.6947
31.9818
-2.49261
-38.0905
-74.223
-110.137
-145.099
-178.382
-209.243
-236.954
-260.861
-280.344
-294.969
-304.414
-308.556
-307.537
-301.987
-292.796
-280.962
-266.96
-250.716
-232.663
-213.486
-193.352
-172.138
-149.764
-126.106
-100.971
-73.6134
-43.3654
-5.73377
36.1684
218.793
224.727
228.703
229.93
227.532
221.062
210.388
196.108
179.103
160.108
140.048
119.826
99.977
80.9056
62.9069
46.0982
30.465
15.9261
2.32093
-10.5404
-22.8202
-34.5899
-45.7716
-56.0247
-64.6581
-70.9514
-74.8168
-76.5412
-76.2257
-73.8523
-69.5047
-63.3111
-55.3539
-45.6065
-33.9463
-19.8364
-2.49615
21.5138
52.4035
194.814
185.118
172.198
156.077
137.461
115.515
90.6827
63.486
34.0172
2.80823
-29.625
-62.8265
-96.1557
-128.964
-160.579
-190.29
-217.375
-241.163
-261.013
-276.431
-287.047
-292.721
-293.496
-289.845
-282.482
-272.221
-259.562
-244.569
-227.621
-209.338
-189.942
-169.357
-147.52
-124.323
-99.5847
-72.5854
-42.711
-5.74916
34.8144
202.293
207.806
211.663
213.123
211.415
206.152
197.169
184.965
170.297
153.747
136.079
118.051
100.088
82.5341
65.6722
49.6415
34.4942
20.2243
6.74997
-6.04589
-18.2713
-29.9668
-41.0516
-51.2234
-59.8966
-66.4352
-70.6587
-72.7621
-72.843
-70.8832
-66.9435
-61.1342
-53.5288
-44.0988
-32.7201
-18.8703
-1.81321
21.6637
51.1772
180.163
171.26
159.441
144.747
127.889
108.04
85.6027
61.047
34.3844
6.06086
-23.5127
-53.9944
-84.8444
-115.504
-145.377
-173.799
-200.074
-223.539
-243.544
-259.561
-271.165
-278.152
-280.451
-278.408
-272.621
-263.773
-252.35
-238.517
-222.61
-205.186
-186.504
-166.536
-145.234
-122.502
-98.1695
-71.5482
-42.075
-5.83947
33.3684
187.087
192.257
196.013
197.657
196.501
192.211
184.605
174.106
161.376
146.893
131.297
115.229
99.0246
82.9624
67.2915
52.1468
37.613
23.736
10.493
-2.16531
-14.2913
-25.8891
-36.8696
-46.9571
-55.6514
-62.3902
-66.9374
-69.3949
-69.8406
-68.2498
-64.6684
-59.1936
-51.8936
-42.7402
-31.6097
-17.9972
-1.21614
21.7077
49.879
166.633
158.393
147.497
134.007
118.63
100.556
80.1632
57.8849
33.6792
7.926
-19.0478
-46.9881
-75.4432
-103.953
-131.994
-158.957
-184.199
-207.078
-226.949
-243.264
-255.557
-263.588
-267.221
-266.664
-262.392
-254.953
-244.796
-232.145
-217.314
-200.796
-182.876
-163.565
-142.834
-120.598
-96.7007
-70.4898
-41.4578
-6.00965
31.8325
173.092
177.975
181.641
183.428
182.719
179.222
172.75
163.663
152.553
139.822
126.016
111.692
97.1097
82.4887
68.0399
53.8794
40.0999
26.7734
13.9203
1.54028
-10.3719
-21.7885
-32.6086
-42.5781
-51.2553
-58.1383
-62.9567
-65.7358
-66.5316
-65.3154
-62.1157
-57.0102
-50.0563
-41.2222
-30.3834
-17.0545
-0.601545
21.698
48.5226
154.152
146.475
136.368
123.903
109.787
93.2314
74.5953
54.2827
32.2228
8.74258
-15.8963
-41.5114
-67.7275
-94.165
-120.377
-145.826
-169.92
-192.055
-211.603
-228.014
-240.801
-249.667
-254.431
-255.166
-252.249
-246.117
-237.17
-225.66
-211.88
-196.268
-179.117
-160.477
-140.334
-118.615
-95.177
-69.4078
-40.8589
-6.25761
30.2088
160.212
164.848
168.43
170.328
169.986
167.142
161.61
153.705
143.955
132.713
120.453
107.664
94.5501
81.28
68.0281
54.8827
41.9268
29.2434
16.8776
4.86455
-6.76395
-17.9501
-28.5824
-38.4192
-47.0603
-54.0528
-59.1088
-62.189
-63.3191
-62.4594
-59.6222
-54.8679
-48.2448
-39.7186
-29.1667
-16.1261
-0.0187611
21.619
47.1138
142.639
135.451
126.026
114.449
101.418
86.1737
69.0613
50.4615
30.2835
8.81671
-13.7264
-37.2191
-61.3514
-85.8171
-110.238
-134.141
-157.001
-178.256
-197.309
-213.617
-226.681
-236.166
-241.861
-243.729
-242.045
-237.151
-229.381
-218.993
-206.26
-191.567
-175.207
-157.261
-137.729
-116.552
-93.6018
-68.3077
-40.2827
-6.58428
28.5017
148.355
152.775
156.275
158.257
158.216
155.914
151.17
144.258
135.66
125.69
114.766
103.323
91.5268
79.5061
67.3999
55.2687
43.179
31.2103
19.4189
7.86171
-3.40191
-14.2917
-24.6876
-34.355
-42.9229
-49.9761
-55.2199
-58.5633
-60.0016
-59.4854
-57.009
-52.6143
-46.3371
-38.1392
-27.8982
-15.1762
0.548405
21.4764
45.656
132.017
125.258
116.43
105.628
93.5439
79.444
63.6629
46.5634
28.0433
8.36003
-12.3065
-33.8748
-56.0871
-78.6982
-101.395
-123.771
-145.359
-165.648
-184.079
-200.129
-213.3
-223.222
-229.663
-232.497
-231.906
-228.151
-221.5
-212.196
-200.488
-186.714
-171.157
-153.92
-135.021
-114.411
-91.9752
-67.1904
-39.73
-6.98646
26.7163
137.428
141.657
145.075
147.119
147.325
145.478
141.398
135.328
127.713
118.833
109.065
98.8023
88.1825
77.3025
66.2715
55.1249
43.9102
32.6967
21.54
10.505
-0.331403
-10.8733
-20.9924
-30.4594
-38.9243
-46.0002
-51.3918
-54.969
-56.6941
-56.5048
-54.3768
-50.3341
-44.4003
-36.5327
-26.6112
-14.2245
1.09031
21.2705
44.155
122.212
115.833
107.533
97.4175
86.1655
73.0739
58.4645
42.688
25.634
7.53717
-11.4486
-31.2743
-51.7263
-72.6084
-93.6679
-114.556
-134.862
-154.128
-171.839
-187.498
-200.617
-210.809
-217.82
-221.465
-221.837
-219.125
-213.533
-205.273
-194.567
-181.711
-166.967
-150.456
-132.21
-112.19
-90.2977
-66.0566
-39.2025
-7.45985
24.8605
127.349
131.404
134.742
136.829
137.24
135.773
132.258
126.908
120.134
112.194
103.43
94.203
84.6288
74.7822
64.749
54.5427
44.1915
33.7502
23.2667
12.8052
2.45018
-7.69377
-17.4932
-26.7241
-35.0504
-42.1066
-47.6012
-51.3746
-53.3578
-53.4762
-51.6856
-47.9924
-42.4063
-34.8795
-25.2935
-13.2657
1.6084
21.0059
42.6168
113.154
107.114
99.2884
89.7848
79.2726
67.075
53.5059
38.9025
23.1524
6.47268
-11.0046
-29.2541
-48.0982
-67.3827
-86.9
-106.356
-125.395
-143.611
-160.536
-175.703
-188.642
-198.959
-206.38
-210.687
-211.89
-210.117
-205.513
-198.25
-188.517
-176.568
-162.643
-146.872
-129.298
-109.892
-88.5704
-64.9081
-38.7008
-8.00104
22.9434
118.044
121.936
125.195
127.311
127.889
126.744
123.712
118.98
112.932
105.807
97.9181
89.6
80.9545
72.0398
62.924
53.6031
44.0877
34.4151
24.6225
14.7682
4.93581
-4.76763
-14.2088
-23.1695
-31.3242
-38.3222
-43.8783
-47.812
-50.0258
-50.4313
-48.964
-45.6127
-40.3734
-33.1926
-23.9541
-12.3055
2.09966
20.685
41.0482
104.777
99.0468
91.6486
82.6973
72.847
61.4488
48.8094
35.2532
20.6683
5.2577
-10.8642
-27.6888
-45.066
-62.8755
-80.9508
-99.0439
-116.849
-134.009
-150.104
-164.701
-177.353
-187.67
-195.357
-200.187
-202.095
-201.158
-197.467
-191.147
-182.353
-171.296
-158.192
-143.172
-126.286
-107.516
-86.7945
-63.7459
-38.2264
-8.60452
20.974
109.443
113.184
116.363
118.496
119.211
118.34
115.722
111.525
106.106
99.6906
92.568
85.0501
77.2293
69.1527
60.8745
52.3778
43.6582
34.7373
25.6386
16.4107
7.13043
-2.09888
-11.1474
-19.8045
-27.7528
-34.6547
-40.231
-44.2873
-46.7009
-47.3704
-46.2105
-43.1932
-38.3002
-31.4716
-22.5936
-11.3451
2.5634
20.3125
39.4557
97.0272
91.5789
84.5696
76.1203
66.8662
56.1885
44.3845
31.7685
18.2297
3.95878
-10.9415
-26.4744
-42.5145
-58.9674
-75.7012
-92.5075
-109.124
-125.242
-140.483
-154.454
-166.733
-176.941
-184.772
-189.995
-192.487
-192.282
-189.424
-183.989
-176.094
-165.91
-153.623
-139.36
-123.178
-105.067
-84.9719
-62.5713
-37.7784
-9.26461
18.9613
101.485
105.085
108.185
110.322
111.15
110.511
108.252
104.52
99.6496
93.855
87.4054
80.594
73.5068
66.1826
58.6662
50.9308
42.9608
34.7637
26.349
17.7534
9.04307
0.31325
-8.31444
-16.638
-24.3486
-31.1179
-36.675
-40.8167
-43.399
-44.3078
-43.4378
-40.7441
-36.1944
-29.7222
-21.2164
-10.3876
2.99879
19.8927
37.8461
89.8513
84.6624
78.011
70.019
61.3073
51.2822
40.2343
28.4661
15.8713
2.62919
-11.1666
-25.5296
-40.3514
-55.5605
-71.0504
-86.6476
-102.131
-117.23
-131.611
-144.916
-156.756
-166.766
-174.632
-180.129
-183.094
-183.521
-181.412
-176.799
-169.759
-160.422
-148.945
-135.444
-119.979
-102.545
-83.1044
-61.385
-37.3563
-9.97444
16.9167
94.1156
97.5814
100.602
102.737
103.656
103.215
101.267
97.941
93.5522
88.3037
82.4483
76.2629
69.8284
63.1791
56.353
49.3173
42.0468
34.5376
26.7873
18.8186
10.6855
2.47178
-5.71194
-13.6755
-21.1186
-27.722
-33.2225
-37.4127
-40.1314
-41.2532
-40.6537
-38.2717
-34.0611
-27.9486
-19.826
-9.43513
3.40524
19.4311
36.2277
83.202
78.2542
71.9327
64.3622
56.1454
46.716
36.3552
25.3567
13.6166
1.30628
-11.489
-24.789
-38.5003
-52.5672
-66.9068
-81.3738
-95.7821
-109.897
-123.425
-136.044
-147.395
-157.132
-164.944
-170.61
-173.942
-174.903
-173.461
-169.604
-163.369
-154.85
-144.17
-131.431
-116.692
-99.955
-81.1941
-60.1882
-36.9588
-10.7266
14.8506
87.2856
90.624
93.5669
95.6904
96.682
96.4112
94.7336
91.765
87.8008
83.0352
77.7065
72.0773
66.2254
60.182
53.9805
47.5847
40.9625
34.1012
26.9877
19.6319
12.0739
4.38391
-3.34039
-10.9215
-18.07
-24.4763
-29.8853
-34.0881
-36.9112
-38.2185
-37.8687
-35.7849
-31.9074
-26.1563
-18.4262
-8.49041
3.78301
18.9331
34.6082
77.0378
72.3153
66.3
59.1185
51.3573
42.473
32.7407
22.4432
11.4808
0.0172855
-11.8677
-24.2
-36.8964
-49.9155
-63.1935
-76.6082
-90.0027
-103.176
-115.869
-127.792
-138.62
-148.026
-155.708
-161.448
-165.053
-166.456
-165.597
-162.428
-156.948
-149.211
-139.31
-127.331
-113.325
-97.3006
-79.2435
-58.9813
-36.5838
-11.513
12.7741
80.9511
84.1683
87.0333
89.1393
90.1889
90.0633
88.6227
85.9693
82.3815
78.045
73.1855
68.0526
62.722
57.2233
51.5863
45.7735
39.7492
33.4933
26.984
20.2192
13.226
6.06074
-1.19411
-8.37581
-15.2073
-21.3888
-26.6737
-30.8552
-33.7508
-35.2151
-35.0933
-33.2925
-29.7404
-24.351
-17.0216
-7.55569
4.13245
18.4046
32.995
71.3207
66.8092
61.0796
54.2599
46.9189
38.5369
29.3814
19.7257
9.47372
-1.21719
-12.2734
-23.7226
-35.4924
-47.5507
-59.8486
-72.2854
-84.7277
-97.0027
-108.884
-120.115
-130.397
-139.429
-146.92
-152.654
-156.445
-158.204
-157.847
-155.297
-150.516
-143.524
-134.381
-123.153
-109.885
-94.5865
-77.2554
-57.7645
-36.2281
-12.3247
10.699
75.0735
78.1739
80.9612
83.0443
84.1397
84.1388
82.9064
80.5326
77.2795
73.3259
68.886
64.1976
59.3346
54.3257
49.1992
43.9172
38.442
32.7488
26.8078
20.6073
14.1625
7.51542
0.733754
-6.03711
-12.5334
-18.4657
-23.5974
-27.7254
-30.6624
-32.2551
-32.3384
-30.804
-27.568
-22.5389
-15.6165
-6.6334
4.45449
17.852
31.3962
66.0162
61.7033
56.2409
49.7591
42.8082
34.8906
26.2673
17.2009
7.60109
-2.38297
-12.6812
-23.3239
-34.245
-45.4217
-56.817
-68.3453
-79.8964
-91.3208
-102.421
-112.969
-122.696
-131.321
-138.571
-144.231
-148.133
-150.168
-150.236
-148.236
-144.098
-137.808
-129.398
-118.909
-106.379
-91.8184
-75.2328
-56.5383
-35.8886
-13.1522
8.63771
69.6165
72.6048
75.3144
77.3702
78.501
78.6075
77.5585
75.4336
72.4801
68.8702
64.8072
60.518
56.0756
51.5087
46.844
42.0448
37.0724
31.8985
26.4882
20.8221
14.9043
8.76334
2.45174
-3.90181
-10.0485
-15.7112
-20.6638
-24.7089
-27.6577
-29.3501
-29.6151
-28.3294
-25.3987
-20.7267
-14.2158
-5.72563
4.75024
17.2813
29.8201
61.0929
56.9676
51.7567
45.5917
39.0033
31.5174
23.3865
14.8639
5.86341
-3.47096
-13.0745
-22.9773
-33.1206
-43.4874
-54.0505
-64.7377
-75.4563
-86.0788
-96.4324
-106.315
-115.483
-123.679
-130.649
-136.182
-140.127
-142.365
-142.786
-141.269
-137.716
-132.085
-124.377
-114.613
-102.819
-89.0022
-73.1789
-55.3024
-35.5611
-13.9866
6.60147
64.548
67.4289
70.061
72.0857
73.2431
73.4419
72.5552
70.6527
67.9683
64.668
60.9452
57.0164
52.9538
48.786
44.5392
40.1784
35.6652
30.9691
26.0518
20.888
15.4723
9.82072
3.97146
-1.96335
-7.75128
-13.1282
-17.8792
-21.815
-24.7474
-26.512
-26.9346
-25.8788
-23.2412
-18.9213
-12.8244
-4.83462
5.02152
16.699
28.2741
56.5224
52.5748
47.6014
41.7342
35.4847
28.4009
20.7273
12.7078
4.26107
-4.47583
-13.4406
-22.6643
-32.0928
-41.7144
-51.5098
-61.4181
-71.3615
-81.2294
-90.8719
-100.11
-108.725
-116.481
-123.141
-128.503
-132.433
-134.81
-135.518
-134.418
-131.394
-126.375
-119.336
-110.278
-99.2125
-86.1452
-71.0972
-54.057
-35.2407
-14.8178
4.6026
59.8389
62.616
65.1719
67.1628
68.3389
68.6167
67.8739
66.1712
63.7299
60.7098
57.2951
53.6926
49.9737
46.1672
42.2992
38.3368
34.2425
29.9849
25.5237
20.8288
15.8875
10.7049
5.30604
-0.21351
-5.63787
-10.7174
-15.2486
-19.0513
-21.9415
-23.7519
-24.308
-23.4628
-21.1048
-17.1301
-11.4473
-3.96234
5.27014
16.1115
26.7659
52.2787
48.5
43.7515
38.1647
32.2332
25.5253
18.2779
10.7257
2.79128
-5.39361
-13.7696
-22.3678
-31.1389
-40.0751
-49.162
-58.3492
-67.5708
-76.7313
-85.7004
-94.3184
-102.391
-109.702
-116.033
-121.19
-125.057
-127.516
-128.447
-127.705
-125.153
-120.699
-114.294
-105.92
-95.5723
-83.2543
-68.9917
-52.801
-34.9228
-15.6357
2.65268
55.463
58.1398
60.6202
62.5747
63.7629
64.1086
63.4942
61.9717
59.7506
56.985
53.8504
50.5446
47.138
43.6598
40.1356
36.5349
32.822
28.9655
24.9244
20.6653
16.169
11.4321
6.46792
1.35669
-3.70379
-8.47765
-12.7748
-16.4243
-19.2486
-21.0802
-21.7462
-21.0916
-18.9986
-15.3608
-10.0894
-3.11076
5.49825
15.5247
25.3023
48.3384
44.7207
40.1855
34.8636
29.231
22.8753
16.026
8.90895
1.45029
-6.2233
-14.0558
-22.0768
-30.2416
-38.5459
-46.9788
-55.4982
-64.0484
-72.5475
-80.8805
-88.9069
-96.4523
-103.32
-109.308
-114.236
-117.999
-120.49
-121.591
-121.147
-119.013
-115.076
-109.269
-101.552
-91.9095
-80.3383
-66.8656
-51.5347
-34.6012
-16.4305
0.763036
51.3961
53.9758
56.3815
58.2973
59.4923
59.8964
59.3965
58.0375
56.0168
53.4834
50.6046
47.5694
44.4471
41.2671
38.0554
34.7836
31.4179
27.9281
24.2728
20.4167
16.3358
12.0197
7.47143
2.75686
-1.94252
-6.40693
-10.4594
-13.9394
-16.6768
-18.5066
-19.2597
-18.7757
-16.9319
-13.6207
-8.75617
-2.28152
5.70798
14.9447
23.8899
44.6797
41.2155
36.8833
31.8122
26.4614
20.4368
13.9603
7.24943
0.233512
-6.96532
-14.2945
-21.7823
-29.3877
-37.1081
-44.9371
-52.8381
-60.7645
-68.645
-76.3792
-83.8431
-90.8792
-97.3092
-102.949
-107.629
-111.257
-113.741
-114.961
-114.764
-112.994
-109.528
-104.279
-97.1923
-88.2367
-77.4046
-64.7245
-50.2571
-34.2708
-17.1937
-1.05566
47.6157
50.1014
52.4337
54.3096
55.5065
55.9609
55.5635
54.3528
52.5151
50.1943
47.5499
44.7623
41.8997
38.9919
36.0646
33.0921
30.0428
26.8873
23.5853
20.1002
16.4052
12.4839
8.33055
3.99907
-0.346312
-4.50137
-8.30237
-11.5997
-14.2325
-16.04
-16.8585
-16.525
-14.914
-11.9173
-7.45252
-1.47647
5.90184
14.3763
22.5345
41.2825
37.9655
33.8261
28.9933
23.9085
18.1957
12.0696
5.73828
-0.864399
-7.6218
-14.4838
-21.4782
-28.5657
-35.7469
-43.0169
-50.3451
-57.6919
-64.9954
-72.1672
-79.0976
-85.6455
-91.6483
-96.9385
-101.359
-104.828
-107.27
-108.567
-108.568
-107.114
-104.072
-99.343
-92.8552
-84.567
-74.4628
-62.5714
-48.9682
-33.9267
-17.9154
-2.79392
44.1017
46.4967
48.7566
50.5914
51.7862
52.2838
51.9783
50.9027
49.2329
47.1074
44.6784
42.1182
39.4937
36.8346
34.1667
31.4666
28.7049
25.8541
22.8749
19.7306
16.3922
12.8393
9.05924
5.09415
1.0928
-2.75617
-6.30233
-9.40757
-11.921
-13.6879
-14.5516
-14.3492
-12.9538
-10.2584
-6.18316
-0.697275
6.08176
13.8253
21.2413
38.1287
34.9525
30.9971
26.3909
21.5579
16.1392
10.3426
4.36735
-1.84912
-8.19519
-14.6226
-21.1589
-27.7673
-34.4487
-41.2017
-47.9992
-54.8077
-61.5733
-68.2181
-74.6442
-80.7258
-86.3154
-91.2594
-95.4154
-98.7075
-101.078
-102.417
-102.573
-101.389
-98.7282
-94.4784
-88.5575
-80.9125
-71.5221
-60.4117
-47.6672
-33.5615
-18.5877
-4.44235
40.8357
43.1428
45.3313
47.124
48.3136
48.848
48.6255
47.6733
46.1578
44.2124
41.9822
39.6311
37.2252
34.7939
32.3627
29.911
27.4115
24.838
22.1534
19.3211
16.3115
13.1005
9.67052
6.05373
2.38392
-1.16552
-4.45671
-7.36369
-9.74606
-11.4567
-12.347
-12.2569
-11.06
-8.65072
-4.95326
0.0545796
6.25052
13.2954
20.0143
35.2015
32.16
28.3805
23.99
19.3956
14.2551
8.76908
3.12829
-2.72639
-8.68801
-14.7111
-20.8216
-26.9852
-33.2039
-39.4775
-45.7831
-52.0918
-58.3561
-64.5079
-70.4595
-76.0981
-81.2898
-85.8952
-89.7835
-92.8879
-95.1663
-96.5147
-96.788
-95.8336
-93.5109
-89.7016
-84.3143
-77.2868
-68.5911
-58.2501
-46.3539
-33.1717
-19.2021
-5.99255
37.8004
40.0221
42.1406
43.891
45.0724
45.6381
45.4906
44.6514
43.2782
41.4993
39.4528
37.295
35.0901
32.868
30.6534
28.4282
26.1673
23.8464
21.43
18.8829
16.1749
13.2802
10.1769
6.88889
3.53621
0.277594
-2.7617
-5.46747
-7.71019
-9.35155
-10.2518
-10.2562
-9.24046
-7.10142
-3.76713
0.77762
6.40956
12.7907
18.8568
32.4852
29.573
25.9617
21.7767
17.4087
12.5316
7.33867
2.01256
-3.50266
-9.1049
-14.7504
-20.4646
-26.215
-32.0041
-37.8334
-43.6825
-49.5271
-55.325
-61.0157
-66.5213
-71.7406
-76.5516
-80.8281
-84.4511
-87.3612
-89.5302
-90.8631
-91.222
-90.4592
-88.4353
-85.0285
-80.1405
-73.7023
-65.6798
-56.0913
-45.0286
-32.7517
-19.7523
-7.4379
34.98
37.1191
39.1689
40.8764
42.0472
42.6396
42.5596
41.8246
40.583
38.9584
37.0821
35.103
33.0837
31.0538
29.0377
27.0192
24.9757
22.8845
20.7122
18.4253
15.9935
13.39
10.59
7.61047
4.55907
1.58026
-1.21294
-3.71723
-5.81456
-7.3762
-8.2721
-8.35416
-7.50218
-5.61671
-2.62912
1.47041
6.56082
12.3142
17.7711
29.9654
27.1773
23.7268
19.7381
15.5853
10.9578
6.04189
1.01213
-4.18435
-9.44969
-14.7427
-20.0872
-25.4531
-30.843
-36.2598
-41.6855
-47.0987
-52.4625
-57.723
-62.8106
-67.634
-72.0832
-76.0425
-79.4049
-82.1184
-84.1663
-85.4633
-85.88
-85.2757
-83.5144
-80.4733
-76.0505
-70.1713
-62.7969
-53.9403
-43.6917
-32.2976
-20.232
-8.77282
32.3599
34.419
36.4013
38.0657
39.224
39.8388
39.8201
39.1809
38.0612
36.5799
34.8617
33.0486
31.2008
29.3477
27.5135
25.6842
23.8387
21.9565
20.0062
17.9558
15.7763
13.4401
10.9207
8.22925
5.46189
2.74999
0.195096
-2.11031
-4.05932
-5.53339
-6.4123
-6.55676
-5.85168
-4.20205
-1.54318
2.13151
6.70577
11.8683
16.7587
27.6285
24.9596
21.6633
17.8619
13.9138
9.52333
4.86961
0.119591
-4.77695
-9.72622
-14.6895
-19.6891
-24.6969
-29.716
-34.7494
-39.7817
-44.7941
-49.7542
-54.6136
-59.31
-63.7611
-67.8671
-71.523
-74.6324
-77.15
-79.0693
-80.3145
-80.7659
-80.2911
-78.7589
-76.0487
-72.0569
-66.7056
-59.9513
-51.8024
-42.3435
-31.8059
-20.6361
-9.99228
29.9264
31.9079
33.8243
35.4455
36.5895
37.2231
37.2601
36.7093
35.7029
34.3548
32.7838
31.1244
29.4354
27.7456
26.0785
24.422
22.7571
21.0648
19.3161
17.4809
15.5311
13.4394
11.1784
8.75458
6.25367
3.79458
1.46826
-0.643103
-2.44331
-3.82426
-4.67588
-4.8689
-4.29447
-2.86262
-0.512783
2.75961
6.84511
11.4545
15.8198
25.4622
22.9077
19.7593
16.137
12.3839
8.21835
3.81308
-0.672902
-5.28666
-9.93918
-14.5935
-19.2708
-23.9445
-28.6184
-33.2957
-37.9626
-42.6027
-47.1876
-51.6732
-56.0041
-60.1057
-63.8877
-67.2548
-70.1203
-72.4457
-74.2325
-75.4142
-75.8816
-75.5108
-74.178
-71.7657
-68.1715
-63.3157
-57.1516
-49.6824
-40.9858
-31.2736
-20.9607
-11.0934
27.6669
29.5734
31.4252
33.0034
34.1317
34.7809
34.8682
34.399
33.4979
32.2741
30.8402
29.3239
27.7821
26.2429
24.7295
23.2311
21.7307
20.2111
18.6454
17.0055
15.2645
13.3959
11.3718
9.19538
6.94283
4.7217
2.61286
0.689001
-0.964058
-2.24879
-3.06499
-3.29424
-2.83487
-1.60255
0.459025
3.35319
6.97956
11.0736
14.9539
23.4549
21.0104
18.0038
14.5526
10.9853
7.03374
2.86393
-1.37228
-5.71973
-10.0931
-14.4577
-18.8335
-23.1957
-27.5478
-31.8937
-36.221
-40.5151
-44.7509
-48.8889
-52.8787
-56.6533
-60.1306
-63.2246
-65.857
-67.9955
-69.6484
-70.759
-71.2273
-70.9391
-69.7784
-67.6336
-64.4046
-60.0116
-54.406
-47.5855
-39.6196
-30.6997
-21.2036
-12.0742
25.5696
27.4034
29.1921
30.7276
31.8389
32.5008
32.6338
32.2403
31.4372
30.3291
29.0232
27.64
26.2347
24.8349
23.4627
22.109
20.7587
19.3961
17.9963
16.5332
14.9817
13.316
11.5087
9.56001
7.53779
5.53902
3.63546
1.891
0.381446
-0.805878
-1.58033
-1.83512
-1.47608
-0.425213
1.36961
3.91137
7.10913
10.7258
14.1594
21.5956
19.2571
16.3864
13.099
9.70886
5.96085
2.0146
-1.9854
-6.08164
-10.1924
-14.285
-18.3786
-22.4497
-26.5021
-30.5394
-34.5509
-38.5237
-42.435
-46.2495
-49.9217
-53.3908
-56.5825
-59.419
-61.8299
-63.789
-65.3094
-66.3439
-66.8014
-66.5777
-65.5654
-63.6598
-60.7649
-56.8021
-51.7217
-45.5169
-38.2472
-30.0833
-21.3629
-12.934
23.6237
25.387
27.1141
28.6072
29.7005
30.3725
30.547
30.2234
29.5116
28.5116
27.3252
26.0661
24.7875
23.5163
22.2741
21.053
19.8395
18.6194
17.37
16.067
14.687
13.2055
11.5958
9.85593
8.0463
6.25407
4.54284
2.96831
1.59713
0.506765
-0.221595
-0.492661
-0.220204
0.667065
2.217
4.4328
7.23378
10.4101
13.4342
19.8746
17.6379
14.8976
11.7669
8.54576
4.99144
1.25733
-2.51913
-6.37796
-10.2414
-14.0785
-17.9078
-21.7067
-25.4794
-29.2295
-32.9474
-36.6214
-40.2313
-43.7452
-47.122
-50.3064
-53.2309
-55.8258
-58.0278
-59.8161
-61.2071
-62.1628
-62.6009
-62.4268
-61.5423
-59.8501
-57.2593
-53.6944
-49.1055
-43.481
-36.871
-29.4243
-21.4386
-13.6732
21.8191
23.514
25.1811
26.632
27.7066
28.3862
28.5983
28.3395
27.7126
26.8137
25.7387
24.5952
23.4344
22.2822
21.1596
20.0599
18.9711
17.8804
16.7671
15.6089
14.3839
13.0691
11.6389
10.0898
8.47541
6.87407
5.34178
3.92699
2.68778
1.69237
1.01275
0.733259
0.931712
1.67269
2.9997
4.91652
7.35269
10.1256
12.7752
18.2821
16.1435
13.5284
10.5476
7.48779
4.1179
0.585199
-2.97945
-6.61387
-10.2443
-13.8415
-17.423
-20.9675
-24.4789
-27.9616
-31.4062
-34.8027
-38.1327
-41.3674
-44.4695
-47.3893
-50.065
-52.434
-54.4399
-56.0663
-57.333
-58.2094
-58.622
-58.4852
-57.7105
-56.2081
-53.8937
-50.6951
-46.5631
-41.4827
-35.494
-28.7241
-21.4315
-14.2937
20.1459
21.7749
23.3831
24.7925
25.8475
26.5328
26.7789
26.5799
26.0323
25.2276
24.2568
23.221
22.1695
21.1274
20.1148
19.1263
18.1511
17.1778
16.1876
15.16
14.0749
12.9107
11.6431
10.2676
8.83177
7.40586
6.03909
4.77319
3.65863
2.7549
2.12533
1.84382
1.97976
2.591
3.71686
5.36162
7.46496
9.87015
12.1788
16.8096
14.7652
12.2702
9.43314
6.52717
3.33305
-0.00830403
-3.37221
-6.79473
-10.2055
-13.5771
-16.9261
-20.2324
-23.5003
-26.7336
-29.924
-33.0627
-36.1329
-39.1086
-41.9558
-44.6296
-47.074
-49.2326
-51.0553
-52.5298
-53.6782
-54.4765
-54.8595
-54.7504
-54.0698
-52.7362
-50.6719
-47.8091
-44.0998
-39.5264
-34.1192
-27.9849
-21.3438
-14.7984
18.5955
20.1605
21.7115
23.0797
24.1147
24.8037
25.0804
24.9367
24.4629
23.7462
22.8725
21.9371
20.987
20.0468
19.1354
18.2486
17.3769
16.51
15.6311
14.7212
13.762
12.7335
11.6128
10.3948
9.12162
7.85607
6.64136
5.5133
4.51538
3.69909
3.1197
2.84126
2.92503
3.42225
4.3681
5.76738
7.56934
9.64139
11.6409
15.4487
13.495
11.1154
8.41581
5.65679
2.63002
-0.529391
-3.70311
-6.92519
-10.1289
-13.2882
-16.4191
-19.5027
-22.543
-25.5439
-28.498
-31.3971
-34.2263
-36.9617
-39.5728
-42.0185
-44.2485
-46.2118
-47.8641
-49.197
-50.2336
-50.9565
-51.3075
-51.2186
-50.6189
-49.435
-47.5962
-45.0398
-41.7198
-37.616
-32.75
-27.2094
-21.1786
-15.1911
17.1595
18.6626
20.1579
21.4854
22.4998
23.1907
23.495
23.4023
22.9971
22.3625
21.5794
20.7374
19.8815
19.0353
18.217
17.4232
16.6457
15.8752
15.0966
14.2928
13.4468
12.5403
11.552
10.4762
9.35057
8.23094
7.15514
6.15378
5.26408
4.53028
4.00018
3.72882
3.76961
4.16752
4.95365
6.13332
7.6645
9.43659
11.1568
14.1919
12.3253
10.0564
7.48853
4.86974
2.00246
-0.984011
-3.97751
-7.00998
-10.0183
-12.9781
-15.9043
-18.7793
-21.6071
-24.3914
-27.1255
-29.8023
-32.4079
-34.9208
-37.3132
-39.5481
-41.5796
-43.3623
-44.8568
-46.0581
-46.9905
-47.6413
-47.9594
-47.8848
-47.3546
-46.3035
-44.6677
-42.3899
-39.4262
-35.7552
-31.3904
-26.4013
-20.9398
-15.4765
15.8302
17.2732
18.7143
20.0018
20.9951
21.6863
22.0151
21.9696
21.6281
21.0698
20.3712
19.6161
18.8475
18.088
17.3553
16.6465
15.9545
15.2714
14.5831
13.8745
13.1301
12.3331
11.4636
10.5162
9.52374
8.53631
7.58674
6.7011
5.91105
5.25428
4.77181
4.51051
4.51646
4.82864
5.47433
6.45914
7.74889
9.25254
10.7218
13.0317
11.2491
9.08645
6.64463
4.15978
1.4444
-1.37767
-4.20028
-7.05359
-9.8776
-12.6495
-15.3837
-18.0634
-20.6927
-23.2752
-25.8048
-28.275
-30.6733
-32.9803
-35.1706
-37.2107
-39.059
-40.6751
-42.0241
-43.104
-43.9396
-44.5226
-44.8079
-44.7432
-44.273
-43.3396
-41.8861
-39.8605
-37.2217
-33.9472
-30.0438
-25.5648
-20.6324
-15.6603
14.6002
15.9852
17.3734
18.6214
19.5932
20.2832
20.6339
20.6316
20.3492
19.862
19.2419
18.5675
17.8797
17.2003
16.546
15.9148
15.3006
14.6963
14.0894
13.4661
12.8127
12.1136
11.3507
10.5184
9.64595
8.77771
7.94228
7.16169
6.46271
5.87725
5.44017
5.19106
5.16924
5.40814
5.9314
6.7448
7.82097
9.08604
10.3309
11.9617
10.2597
8.19907
5.87787
3.52097
0.950286
-1.71565
-4.37623
-7.05995
-9.71011
-12.3053
-14.8592
-17.3561
-19.8
-22.1945
-24.5339
-26.8125
-29.019
-31.1354
-33.1391
-34.9994
-36.6791
-38.1419
-39.3574
-40.3257
-41.0721
-41.5919
-41.8455
-41.7873
-41.3691
-40.5401
-39.2499
-37.4517
-35.1078
-32.1949
-28.7141
-24.7044
-20.2619
-15.7488
13.4626
14.7915
16.1282
17.3374
18.2875
18.9748
19.3448
19.382
19.1543
18.7331
18.1859
17.5863
16.9732
16.3675
15.785
15.2246
14.6809
14.1477
13.6139
13.0672
12.495
11.8833
11.2157
10.4865
9.72161
8.96042
8.22767
7.54188
6.92559
6.40559
6.01126
5.77575
5.73227
5.90913
6.32665
6.99053
7.87927
8.93368
9.97892
10.9753
9.35098
7.38818
5.18248
2.94763
0.514831
-2.00263
-4.5096
-7.03304
-9.51924
-11.9482
-14.3328
-16.6587
-18.9295
-21.1487
-23.3114
-25.4123
-27.441
-29.3816
-31.2131
-32.908
-34.4327
-35.7548
-36.8481
-37.7145
-38.3792
-38.8405
-39.0641
-39.0102
-38.6371
-37.9007
-36.7566
-35.1629
-33.0853
-30.5006
-27.4049
-23.8251
-19.8344
-15.7487
12.4112
13.6858
14.9724
16.1432
17.0712
17.7547
18.1415
18.2148
18.0375
17.6774
17.1979
16.6675
16.1233
15.5853
15.0686
14.5726
14.0927
13.6236
13.1553
12.6769
12.1772
11.6434
11.0607
10.4235
9.75477
9.08931
8.44852
7.84786
7.30616
6.84581
6.49133
6.27025
6.2103
6.33522
6.66225
7.19686
7.92242
8.79213
9.66091
10.0667
8.51705
6.64812
4.55296
2.43461
0.133191
-2.24326
-4.60464
-6.97649
-9.30802
-11.5806
-13.8064
-15.9722
-18.0814
-20.1375
-22.1359
-24.0721
-25.9365
-27.7146
-29.3875
-30.9304
-32.313
-33.5065
-34.4882
-35.2617
-35.8522
-36.2599
-36.4555
-36.4045
-36.0707
-35.4164
-34.4025
-32.9923
-31.1544
-28.8661
-26.1197
-22.9319
-19.3561
-15.6672
11.44
12.6619
13.8998
15.0329
15.9387
16.617
17.0182
17.1243
16.9934
16.6897
16.2727
15.8062
15.3255
14.8497
14.3931
13.9556
13.5333
13.1218
12.7122
12.2948
11.8595
11.395
10.8876
10.3324
9.74929
9.1691
8.61028
8.08567
7.6109
7.2045
6.88684
6.68053
6.60849
6.69042
6.94076
7.3646
7.94927
8.65822
9.37195
9.2304
7.75251
5.97365
3.98424
1.97708
-0.199247
-2.44169
-4.66511
-6.89368
-9.07934
-11.2048
-13.2817
-15.2976
-17.256
-19.1603
-21.0062
-22.7898
-24.5023
-26.1307
-27.6577
-29.061
-30.3135
-31.3896
-32.2698
-32.9592
-33.4824
-33.8416
-34.0114
-33.9621
-33.663
-33.0814
-32.1837
-30.9374
-29.3144
-27.2928
-24.8619
-22.0299
-18.8338
-15.5118
10.5432
11.7143
12.9047
14.0008
14.8841
15.556
15.9694
16.1052
16.0168
15.7651
15.4058
14.9982
14.5758
14.1568
13.7549
13.3704
13.0002
12.6403
12.2832
11.92
11.5419
11.1388
10.6983
10.2157
9.70867
9.20418
8.71812
8.26112
7.84606
7.48821
7.20427
7.0127
6.93224
6.97903
7.16502
7.49479
7.95882
8.52888
9.10735
8.46116
7.05227
5.35978
3.47154
1.57048
-0.486805
-2.60196
-4.69468
-6.78777
-8.83593
-10.8231
-12.7603
-14.6361
-16.4537
-18.2167
-19.921
-21.5633
-23.1356
-24.626
-26.0191
-27.2946
-28.4282
-29.3974
-30.1856
-30.799
-31.2615
-31.5769
-31.7233
-31.6753
-31.4067
-30.8898
-30.0953
-28.9952
-27.5642
-25.7814
-23.6343
-21.1241
-18.274
-15.2901
9.71564
10.8375
11.9818
13.0415
13.9021
14.5666
14.9901
15.1524
15.1028
14.8989
14.5926
14.239
13.8701
13.5031
13.1509
12.8143
12.491
12.1774
11.867
11.5519
11.2245
10.8756
10.4942
10.076
9.63621
9.19867
8.77696
8.37981
8.01778
7.70334
7.45009
7.27296
7.1871
7.20558
7.33813
7.58876
7.95037
8.40141
8.86271
7.75416
6.41158
4.80191
3.01041
1.21055
-0.733408
-2.72775
-4.69669
-6.66174
-8.58026
-10.4374
-12.2437
-13.9884
-15.6749
-17.3063
-18.8794
-20.391
-21.8339
-23.1974
-24.4674
-25.6259
-26.6511
-27.5234
-28.2284
-28.7733
-29.1815
-29.4575
-29.5829
-29.5359
-29.2945
-28.8348
-28.1321
-27.162
-25.902
-24.3326
-22.4397
-20.2192
-17.6833
-15.0099
8.95244
10.0267
11.1261
12.1499
12.9878
13.6438
14.0754
14.2614
14.247
14.0868
13.829
13.525
13.2048
12.8851
12.5781
12.2848
12.0034
11.7312
11.4623
11.19
10.9073
10.6062
10.277
9.91542
9.53503
9.15649
8.79146
8.44709
8.13194
7.85613
7.63065
7.46746
7.37866
7.37468
7.46334
7.64805
7.92349
8.27336
8.63397
7.10484
5.82597
4.29571
2.59672
0.89336
-0.942758
-2.82242
-4.67412
-6.51825
-8.31467
-10.0496
-11.7332
-13.3554
-14.9196
-16.4288
-17.8802
-19.2709
-20.5945
-21.8412
-22.9986
-24.0503
-24.9768
-25.7611
-26.3911
-26.8746
-27.2342
-27.4752
-27.5819
-27.5359
-27.3185
-26.9098
-26.2886
-25.4339
-24.3258
-22.9461
-21.2802
-19.3197
-17.068
-14.6786
8.24895
9.27724
10.333
11.3215
12.1365
12.783
13.2207
13.4276
13.445
13.3246
13.1112
12.8524
12.5767
12.3
12.0337
11.7793
11.5356
11.3002
11.0682
10.8336
10.5903
10.3313
10.0479
9.73623
9.40803
9.08134
8.76607
8.46804
8.19417
7.95259
7.75212
7.6022
7.51243
7.49099
7.54406
7.6744
7.87803
8.14263
8.41746
6.50895
5.29131
3.83716
2.22656
0.615199
-1.11832
-2.88911
-4.62985
-6.35982
-8.04128
-9.66147
-11.23
-12.7377
-14.1879
-15.5837
-16.9223
-18.2013
-19.415
-20.5545
-21.6087
-22.563
-23.3999
-24.1045
-24.6671
-25.0957
-25.412
-25.6219
-25.7122
-25.6672
-25.4715
-25.108
-24.559
-23.8065
-22.833
-21.6217
-20.1577
-18.4296
-16.4342
-14.3035
7.60087
8.58468
9.59797
10.5518
11.3438
11.98
12.4219
12.647
12.6931
12.6087
12.4356
12.218
11.9826
11.7447
11.5152
11.2958
11.0857
10.8831
10.6836
10.4823
10.2737
10.0516
9.80831
9.54043
9.258
8.9767
8.70497
8.4475
8.20984
7.99848
7.82041
7.68303
7.59383
7.55915
7.58374
7.66975
7.8141
8.00751
8.20992
5.96256
4.8037
3.42249
1.89636
0.372679
-1.26328
-2.93079
-4.56655
-6.18876
-7.76194
-9.27438
-10.7352
-12.136
-13.4801
-14.7704
-16.0045
-17.1804
-18.293
-19.3342
-20.2941
-21.1595
-21.9151
-22.5479
-23.0498
-23.4294
-23.7074
-23.89
-23.9659
-23.9221
-23.7457
-23.4225
-22.9375
-22.2753
-21.4207
-20.3584
-19.0735
-17.5527
-15.7876
-13.8919
7.00419
7.94495
8.91696
9.83678
10.6057
11.2306
11.675
11.9158
11.9873
11.9355
11.799
11.6185
11.4197
11.2169
11.0204
10.8323
10.6521
10.4785
10.3078
10.1357
9.95743
9.76766
9.55954
9.32993
9.0875
8.84584
8.61209
8.39
8.184
7.99922
7.84115
7.71552
7.62809
7.58367
7.58583
7.63612
7.73208
7.86664
8.0085
5.46192
4.35955
3.04818
1.60275
0.162625
-1.3806
-2.95016
-4.48661
-6.0071
-7.47836
-8.88966
-10.2497
-11.5508
-12.796
-13.9884
-15.1258
-16.2066
-17.2261
-18.1773
-19.0509
-19.8355
-20.5175
-21.0856
-21.5332
-21.8692
-22.1133
-22.2718
-22.3353
-22.2929
-22.1339
-21.8465
-21.4181
-20.8357
-20.0861
-19.1552
-18.0288
-16.6922
-15.1333
-13.4501
6.4551
7.35427
8.28614
9.17249
9.91823
10.5311
10.9763
11.2303
11.3245
11.3018
11.1982
11.0514
10.8854
10.7141
10.5471
10.3869
10.2334
10.0854
9.94003
9.79349
9.64182
9.48023
9.30276
9.10653
8.89899
8.69183
8.4911
8.2998
8.1214
7.95993
7.81966
7.70497
7.6202
7.56894
7.55375
7.57566
7.63257
7.71901
7.81082
5.0036
3.95544
2.71099
1.34262
-0.017938
-1.47302
-2.94974
-4.39225
-5.8168
-7.19219
-8.50856
-9.77423
-10.9822
-12.1355
-13.2371
-14.2851
-15.2782
-16.2122
-17.0808
-17.8758
-18.5869
-19.2023
-19.7121
-20.1112
-20.4085
-20.6227
-20.7601
-20.813
-20.7722
-20.6289
-20.3733
-19.995
-19.483
-18.8257
-18.0107
-17.0241
-15.8508
-14.4762
-12.9846
5.95011
6.80906
7.70192
8.55539
9.27795
9.87796
10.3224
10.5874
10.7013
10.7045
10.6305
10.5138
10.3774
10.2343
10.0937
9.95829
9.82824
9.70287
9.5797
9.45556
9.32702
9.18997
9.03915
8.87196
8.69475
8.51755
8.34546
8.18086
8.02646
7.88539
7.76091
7.65635
7.5749
7.51915
7.49085
7.49056
7.51638
7.56393
7.61487
4.58435
3.58825
2.40787
1.11306
-0.171717
-1.54303
-2.93179
-4.28549
-5.61957
-6.90474
-8.13208
-9.30948
-10.4306
-11.4984
-12.5158
-13.4812
-14.3934
-15.2488
-16.0419
-16.7652
-17.4097
-17.9648
-18.4223
-18.7781
-19.0411
-19.229
-19.348
-19.3918
-19.3528
-19.2237
-18.9965
-18.6625
-18.2124
-17.6364
-16.9232
-16.0598
-15.0309
-13.8204
-12.501
5.48594
6.30599
7.16094
7.9821
8.68145
9.2679
9.71001
9.98384
10.1148
10.141
10.0933
10.0036
9.89349
9.77553
9.6584
9.54493
9.43563
9.3301
9.22635
9.12172
9.0133
8.89753
8.76982
8.62784
8.47692
8.32567
8.17836
8.03686
7.90328
7.78002
7.66954
7.5743
7.49662
7.43828
7.40037
7.38304
7.38448
7.40105
7.41907
4.20118
3.25505
2.13599
0.911378
-0.301245
-1.593
-2.89838
-4.16814
-5.41691
-6.61728
-7.76114
-8.85601
-9.89608
-10.8844
-11.8237
-12.7127
-13.5505
-14.3339
-15.0578
-15.7158
-16.2998
-16.8006
-17.2111
-17.5284
-17.7611
-17.9259
-18.029
-18.0651
-18.028
-17.9117
-17.7097
-17.4149
-17.0194
-16.5147
-15.8909
-15.1358
-14.2344
-13.1696
-12.0045
5.0595
5.84197
6.66007
7.44949
8.12565
8.69786
9.13624
9.41682
9.56239
9.60864
9.58419
9.51843
9.43177
9.33613
9.23976
9.14565
9.05458
8.96642
8.87959
8.79191
8.70093
8.60357
8.49587
8.37569
8.2475
8.11865
7.99274
7.8712
7.75564
7.64789
7.5498
7.46313
7.38949
7.33006
7.2854
7.2553
7.23798
7.23026
7.2222
3.85128
2.9531
1.89272
0.735122
-0.408826
-1.62507
-2.85145
-4.04191
-5.21026
-6.33091
-7.39648
-8.41419
-9.37874
-10.2931
-11.1601
-11.9786
-12.7478
-13.465
-14.1257
-14.7243
-15.2536
-15.7054
-16.0738
-16.3567
-16.5626
-16.7072
-16.7966
-16.8262
-16.7912
-16.6866
-16.507
-16.2468
-15.8993
-15.4572
-14.9118
-14.2518
-13.4626
-12.5271
-11.4997
4.66796
5.41409
6.19638
6.95465
7.60761
8.16496
8.59827
8.88367
9.04141
9.10505
9.10108
9.05646
8.99051
8.91457
8.83649
8.75939
8.68427
8.61125
8.53913
8.46613
8.39021
8.30874
8.21828
8.11691
8.00833
7.8988
7.79131
7.68697
7.587
7.49275
7.4056
7.32677
7.25734
7.19799
7.14888
7.10951
7.07808
7.05168
7.02337
3.53207
2.67988
1.67564
0.58196
-0.496657
-1.64118
-2.79276
-3.9083
-5.00088
-6.04658
-7.03875
-7.9843
-8.87846
-9.72419
-10.5241
-11.2775
-11.9836
-12.6402
-13.2432
-13.7876
-14.2673
-14.675
-15.0057
-15.258
-15.4404
-15.5674
-15.6448
-15.6692
-15.6362
-15.5422
-15.3827
-15.153
-14.8477
-14.4606
-13.9838
-13.4071
-12.7167
-11.8956
-10.9909
4.30865
5.01968
5.76718
6.49484
7.12464
7.66656
8.09353
8.3819
8.54955
8.62808
8.64194
8.61588
8.56811
8.50948
8.44744
8.38521
8.324
8.26412
8.20474
8.14441
8.08146
8.01365
7.93802
7.85284
7.76115
7.66822
7.57655
7.48701
7.40049
7.318
7.2405
7.16884
7.10365
7.04528
6.99356
6.94777
6.90604
6.86565
6.822
3.2411
2.43302
1.48249
0.449748
-0.566711
-1.64316
-2.72391
-3.76868
-4.78983
-5.76508
-6.68846
-7.56656
-8.39512
-9.17704
-9.91492
-10.6081
-11.2562
-11.8571
-12.4074
-12.9027
-13.3374
-13.7054
-14.0024
-14.2276
-14.3892
-14.5008
-14.568
-14.588
-14.5573
-14.4728
-14.3312
-14.1285
-13.8603
-13.5214
-13.1047
-12.6011
-11.9974
-11.2772
-10.4816
3.97912
4.65621
5.36992
6.06756
6.67423
7.20017
7.61961
7.90924
8.08464
8.1757
8.20498
8.19507
8.16317
8.11964
8.07159
8.0223
7.97315
7.92465
7.87623
7.82681
7.77498
7.71889
7.65599
7.5847
7.50749
7.42881
7.35073
7.27391
7.19899
7.12671
7.05774
6.9926
6.93164
6.87491
6.82203
6.77209
6.72318
6.67264
6.61777
2.97612
2.21033
1.31116
0.336513
-0.620824
-1.63267
-2.64635
-3.62427
-4.57809
-5.48714
-6.34602
-7.16108
-7.92848
-8.65113
-9.33148
-9.96911
-10.5638
-11.1137
-11.6159
-12.0664
-12.4605
-12.7928
-13.0597
-13.2609
-13.4042
-13.5024
-13.5609
-13.5773
-13.5488
-13.4731
-13.3474
-13.1686
-12.9331
-12.6363
-12.2722
-11.8325
-11.3049
-10.6738
-9.97492
3.67705
4.32137
5.00227
5.67044
6.25405
6.76351
7.17429
7.46356
7.64465
7.74606
7.78854
7.79257
7.7744
7.74397
7.70804
7.66994
7.63121
7.59249
7.5535
7.51341
7.47111
7.42503
7.373
7.31361
7.24882
7.18234
7.1159
7.04998
6.98508
6.92166
6.86022
6.80102
6.7442
6.6896
6.63668
6.58439
6.5308
6.47325
6.41057
2.73506
2.00979
1.15971
0.240413
-0.660707
-1.61126
-2.56142
-3.47621
-4.36656
-5.21334
-6.01176
-6.76784
-7.47824
-8.1458
-8.77287
-9.35919
-9.90471
-10.4079
-10.8662
-11.2761
-11.6334
-11.9335
-12.1735
-12.3534
-12.4807
-12.5673
-12.6183
-12.6318
-12.6056
-12.5379
-12.4264
-12.2688
-12.062
-11.8022
-11.4841
-11.1003
-10.6394
-10.0867
-9.47351
3.40032
4.01299
4.66205
5.3013
5.86195
6.3545
6.75555
7.04292
7.22769
7.33743
7.3911
7.40705
7.40065
7.38148
7.35598
7.32751
7.29771
7.26739
7.23646
7.20433
7.17014
7.1326
7.08985
7.04061
6.98643
6.93038
6.87389
6.81734
6.76105
6.70536
6.65055
6.59676
6.54394
6.4918
6.43969
6.38647
6.33019
6.26817
6.20045
2.51602
1.82955
1.02637
0.159807
-0.687885
-1.58031
-2.47034
-3.3255
-4.15598
-4.94423
-5.68588
-6.38674
-7.04399
-7.66035
-8.23806
-8.77699
-9.27727
-9.73762
-10.1557
-10.5287
-10.8528
-11.124
-11.34
-11.501
-11.6143
-11.6908
-11.7354
-11.7467
-11.7228
-11.6623
-11.5636
-11.4248
-11.2432
-11.0159
-10.7381
-10.4032
-10.0008
-9.5171
-8.97959
3.14699
3.72909
4.34727
4.95813
5.4959
5.97112
6.36145
6.64552
6.83201
6.94825
7.01132
7.03732
7.04087
7.03128
7.0147
6.99446
6.97228
6.94911
6.92503
6.89967
6.87237
6.84207
6.80722
6.76663
6.72149
6.67435
6.62637
6.57784
6.52898
6.48
6.43107
6.38219
6.33321
6.28376
6.23309
6.18003
6.12262
6.05816
5.98762
2.31726
1.66796
0.909547
0.0932224
-0.703687
-1.54098
-2.37409
-3.17296
-3.94696
-4.68019
-5.36855
-6.01771
-6.62542
-7.19418
-7.72607
-8.22116
-8.67975
-9.1008
-9.48229
-9.82168
-10.1157
-10.3609
-10.5554
-10.6998
-10.8008
-10.8687
-10.9079
-10.9174
-10.8958
-10.842
-10.7547
-10.6325
-10.4732
-10.2743
-10.0319
-9.7398
-9.38862
-8.96558
-8.49492
2.91529
3.46784
4.05605
4.63903
5.15403
5.61149
5.99012
6.26957
6.45594
6.57717
6.64803
6.6823
6.69409
6.69256
6.68352
6.67026
6.65456
6.63744
6.61917
6.59954
6.57807
6.55391
6.52574
6.4925
6.45507
6.41551
6.37481
6.33315
6.2907
6.24757
6.20383
6.15942
6.11411
6.06746
6.01871
5.96664
5.9093
5.84399
5.77239
2.13698
1.52327
0.807584
0.0391072
-0.709564
-1.49449
-2.27367
-3.01933
-3.73993
-4.42146
-5.0597
-5.66051
-6.22216
-6.74669
-7.23598
-7.69045
-8.11062
-8.49557
-8.84354
-9.15235
-9.41922
-9.64109
-9.81646
-9.94606
-10.0363
-10.0967
-10.1314
-10.1396
-10.1203
-10.0726
-9.99562
-9.88815
-9.7486
-9.57479
-9.36323
-9.10863
-8.80235
-8.43264
-8.02094
2.7034
3.2275
3.78673
4.34231
4.83466
5.27396
5.6399
5.91343
6.09774
6.22285
6.30022
6.34106
6.35948
6.36461
6.3619
6.3545
6.34423
6.3322
6.31881
6.30401
6.28744
6.26845
6.24593
6.21892
6.18804
6.15494
6.12046
6.08471
6.0478
6.00979
5.97067
5.93034
5.88851
5.84472
5.79821
5.74774
5.69139
5.62647
5.55517
1.97344
1.39362
0.718625
-0.00439451
-0.707173
-1.44251
-2.17048
-2.86567
-3.5356
-4.16858
-4.7591
-5.31434
-5.83331
-6.3168
-6.76643
-7.18327
-7.56804
-7.91987
-8.23722
-8.51822
-8.76048
-8.96137
-9.11968
-9.23625
-9.31712
-9.37104
-9.40198
-9.40932
-9.39225
-9.35019
-9.28249
-9.18821
-9.06609
-8.9143
-8.72988
-8.50813
-8.24123
-7.91842
-7.55868
2.50958
3.00636
3.53765
4.06649
4.53652
4.95737
5.30977
5.57599
5.7555
5.88366
5.96667
6.01253
6.03608
6.04668
6.04928
6.04677
6.04102
6.03324
6.02393
6.01315
6.00069
5.98603
5.96826
5.94652
5.92118
5.8936
5.86442
5.83375
5.80164
5.76811
5.73311
5.69651
5.65798
5.61708
5.57302
5.5246
5.46995
5.40636
5.33644
1.8255
1.27794
0.641599
-0.0383414
-0.697676
-1.38617
-2.06562
-2.71308
-3.33508
-3.92253
-4.46683
-4.9786
-5.45792
-5.90329
-6.31593
-6.69784
-7.05001
-7.37147
-7.66083
-7.91657
-8.13662
-8.31869
-8.46188
-8.56698
-8.63974
-8.68816
-8.71603
-8.72286
-8.70803
-8.67123
-8.61193
-8.52946
-8.4228
-8.29048
-8.12993
-7.93699
-7.70462
-7.42304
-7.10906
2.33262
2.80309
3.30751
3.81017
4.25822
4.66041
4.99881
5.25663
5.42797
5.55838
5.64619
5.69557
5.72288
5.73792
5.7449
5.74644
5.74446
5.74022
5.73432
5.72691
5.71787
5.70685
5.6931
5.67582
5.65519
5.63232
5.6077
5.58141
5.55349
5.52391
5.49262
5.45942
5.42403
5.38598
5.34452
5.29847
5.24602
5.18448
5.11676
1.69315
1.17654
0.577197
-0.0618157
-0.680054
-1.3243
-1.95819
-2.56105
-3.13825
-3.6824
-4.18353
-4.6556
-5.09827
-5.50742
-5.88493
-6.23412
-6.55594
-6.84918
-7.11264
-7.34523
-7.54507
-7.71022
-7.8399
-7.9349
-8.0006
-8.04439
-8.06978
-8.07641
-8.06383
-8.03189
-7.98023
-7.90833
-7.81548
-7.70039
-7.56087
-7.39332
-7.19135
-6.9461
-6.67243
2.17227
2.61724
3.09513
3.57166
3.99755
4.38023
4.70419
4.95288
5.11511
5.24826
5.33931
5.39002
5.4197
5.43815
5.44855
5.45324
5.45423
5.45284
5.44973
5.4451
5.43891
5.43093
5.42056
5.40706
5.39045
5.37162
5.35094
5.32848
5.30424
5.2782
5.25025
5.22021
5.18781
5.15257
5.1138
5.07037
5.02051
4.96155
4.89672
1.57549
1.08865
0.525023
-0.0748963
-0.653834
-1.25587
-1.84633
-2.40757
-2.9426
-3.4456
-3.90704
-4.34639
-4.75668
-5.13015
-5.47331
-5.79174
-6.08531
-6.35216
-6.5915
-6.80266
-6.98406
-7.13385
-7.25134
-7.33743
-7.39703
-7.43694
-7.46045
-7.46724
-7.45698
-7.42973
-7.38511
-7.32274
-7.2422
-7.14241
-7.02143
-6.87615
-6.7009
-6.48766
-6.24962
2.02763
2.44772
2.89932
3.34934
3.75239
4.11385
4.42254
4.65947
4.81346
4.95451
5.0474
5.09593
5.12643
5.14769
5.16078
5.1678
5.17105
5.1719
5.17101
5.16859
5.16471
5.15918
5.15157
5.14119
5.12796
5.11252
5.0952
5.07604
5.05502
5.03211
5.00719
4.98011
4.95055
4.91808
4.88203
4.84132
4.79427
4.73825
4.67665
1.48474
1.02096
0.484148
-0.0842908
-0.630405
-1.19502
-1.74227
-2.25868
-2.74127
-3.19797
-3.59118
-4.01129
-4.41256
-4.76565
-5.08887
-5.39209
-5.67237
-5.92639
-6.15386
-6.35451
-6.5268
-6.6689
-6.78015
-6.86155
-6.91782
-6.95549
-6.97794
-6.98481
-6.97625
-6.95247
-6.9117
-6.85542
-6.78316
-6.69372
-6.58533
-6.45523
-6.29835
-6.10739
-5.8945
1.91578
2.31515
2.74453
3.16804
3.54468
3.8751
4.1515
4.3485
4.4779
4.66236
4.77438
4.82709
4.86356
4.89218
4.91104
4.92235
4.92916
4.93323
4.93523
4.9355
4.93422
4.93135
4.92654
4.91919
4.90907
4.8966
4.88205
4.86549
4.84693
4.8263
4.80352
4.77847
4.75083
4.72027
4.68611
4.6473
4.60223
4.54827
4.48908
1.41292
0.967882
0.453131
-0.0890576
-0.6063
-1.13574
-1.64064
-2.10952
-2.53338
-2.93766
-3.24565
-3.66106
-4.06954
-4.41291
-4.72583
-5.02384
-5.3005
-5.55065
-5.77433
-5.97158
-6.14083
-6.28019
-6.38905
-6.46851
-6.52335
-6.56015
-6.58244
-6.58962
-6.58249
-6.56142
-6.52226
-6.46955
-6.40265
-6.31997
-6.21983
-6.09994
-5.95565
-5.77999
-5.58414
1.82631
2.20774
2.61603
3.01269
3.35974
3.65212
3.88529
4.02802
4.12206
4.36797
4.51257
4.57563
4.62186
4.66094
4.68799
4.70527
4.71686
4.72501
4.73055
4.734
4.7357
4.73577
4.73398
4.72977
4.72277
4.71314
4.70111
4.68684
4.67032
4.65151
4.63037
4.60674
4.58037
4.55094
4.51781
4.47995
4.43582
4.38266
4.32415
1.34318
0.917152
0.424871
-0.0906043
-0.578688
-1.07258
-1.53571
-1.95762
-2.32573
-2.67847
-2.90659
-3.31308
-3.72596
-4.05916
-4.36031
-4.65133
-4.92328
-5.16882
-5.38808
-5.58148
-5.7475
-5.88404
-5.99062
-6.06833
-6.12193
-6.15803
-6.18036
-6.18808
-6.18263
-6.16472
-6.12768
-6.07902
-6.01811
-5.94265
-5.8511
-5.74156
-5.60991
-5.44973
-5.27308
1.73862
2.10208
2.48916
2.85916
3.1773
3.43212
3.62393
3.71509
3.77426
4.06962
4.24635
4.31986
4.37408
4.42241
4.45729
4.48029
4.49639
4.50836
4.51732
4.52384
4.52839
4.53128
4.53243
4.53131
4.52733
4.52045
4.51092
4.49886
4.48432
4.46733
4.44785
4.42578
4.40095
4.373
4.34134
4.30497
4.26234
4.21081
4.15497
1.27588
0.868947
0.399381
-0.089265
-0.548131
-1.00646
-1.42869
-1.80422
-2.11994
-2.41988
-2.57664
-2.96908
-3.38155
-3.7045
-3.99332
-4.27567
-4.54163
-4.78186
-4.9962
-5.18535
-5.34788
-5.48153
-5.58589
-5.66201
-5.71458
-5.75014
-5.77254
-5.78064
-5.77661
-5.76125
-5.72568
-5.68019
-5.62425
-5.55503
-5.47114
-5.37115
-5.2512
-5.10458
-4.94033
1.65324
1.99888
2.36483
2.70859
2.99865
3.21643
3.36909
3.41064
3.43676
3.7679
3.97489
4.06001
4.121
4.17718
4.21931
4.24787
4.26823
4.28373
4.2958
4.30518
4.31244
4.31801
4.32196
4.32382
4.32281
4.31869
4.31168
4.3019
4.2894
4.27419
4.25617
4.23528
4.21141
4.18425
4.15331
4.1177
4.07587
4.02471
3.96734
1.21164
0.823692
0.37686
-0.0850968
-0.515001
-0.938138
-1.32067
-1.65068
-1.91746
-2.16305
-2.25771
-2.63087
-3.03698
-3.34889
-3.62501
-3.89726
-4.15585
-4.39002
-4.59897
-4.78361
-4.94249
-5.07332
-5.17547
-5.25006
-5.30192
-5.33765
-5.3613
-5.3714
-5.37077
-5.36019
-5.32879
-5.28902
-5.24029
-5.17925
-5.10447
-5.01484
-4.9074
-4.77738
-4.63904
1.57097
1.89905
2.24411
2.56223
2.82509
3.00623
3.12177
3.11385
3.10925
3.46345
3.69741
3.79536
3.86273
3.92547
3.97401
4.00779
4.03227
4.05126
4.06636
4.07845
4.08824
4.0963
4.10283
4.10745
4.10921
4.10765
4.10301
4.09552
4.08536
4.07257
4.0572
4.0392
4.01835
3.99428
3.96641
3.93374
3.89504
3.84833
3.80068
1.15095
0.781664
0.357207
-0.0784696
-0.480007
-0.868704
-1.21306
-1.49881
-1.72003
-1.9097
-1.95101
-2.29961
-2.69282
-2.99225
-3.25539
-3.51635
-3.76622
-3.99347
-4.19657
-4.37641
-4.53168
-4.66009
-4.76064
-4.83399
-4.88444
-4.91864
-4.94089
-4.94961
-4.94821
-4.93759
-4.90559
-4.86687
-4.82101
-4.76446
-4.69599
-4.61466
-4.51671
-4.39428
-4.25014
1.4926
1.80358
2.12809
2.42144
2.65786
2.80268
2.8829
2.82406
2.79029
3.15669
3.41349
3.52504
3.59913
3.66793
3.72222
3.76046
3.78836
3.81044
3.82856
3.84355
3.85608
3.86678
3.87603
3.88352
3.88816
3.88922
3.8867
3.88073
3.87141
3.85867
3.84257
3.8232
3.80065
3.7749
3.74569
3.71213
3.67234
3.62165
3.55942
1.0944
0.742868
0.339848
-0.0705474
-0.444547
-0.799896
-1.10755
-1.35035
-1.52893
-1.6614
-1.6575
-1.97615
-2.34984
-2.63472
-2.88418
-3.13262
-3.37261
-3.59226
-3.78912
-3.96373
-4.1149
-4.24051
-4.34008
-4.41498
-4.46947
-4.50933
-4.53866
-4.5556
-4.56392
-4.56436
-4.5426
-4.51464
-4.47998
-4.43448
-4.37687
-4.30702
-4.22425
-4.12823
-4.04124
1.41923
1.71392
2.01845
2.28792
2.4979
2.60577
2.65142
2.53864
2.47614
2.8472
3.12326
3.24802
3.32857
3.40348
3.46435
3.50775
3.53875
3.56254
3.58205
3.59864
3.61315
3.62616
3.63807
3.64854
3.65657
3.66154
3.66359
3.66308
3.66017
3.65491
3.64725
3.63693
3.62359
3.60653
3.58509
3.5586
3.52706
3.4915
3.46564
1.04264
0.707325
0.32399
-0.0628658
-0.410718
-0.734162
-1.00611
-1.20664
-1.34486
-1.4195
-1.3775
-1.66091
-2.00864
-2.27646
-2.51091
-2.74516
-2.97371
-3.18514
-3.37621
-3.54673
-3.69482
-3.81715
-3.91145
-3.97783
-4.02151
-4.05034
-4.06892
-4.07534
-4.07357
-4.06426
-4.03413
-4.00074
-3.96364
-3.9188
-3.86489
-3.80082
-3.72083
-3.61173
-3.46066
1.35207
1.6317
1.91724
2.16392
2.3464
2.41574
2.42635
2.25474
2.16086
2.53238
2.82709
2.96572
3.05142
3.12932
3.19507
3.24531
3.28342
3.31281
3.33571
3.35384
3.36883
3.38204
3.39424
3.40494
3.41224
3.41484
3.41279
3.40638
3.39577
3.38114
3.36285
3.34137
3.31721
3.29077
3.2621
3.23003
3.19042
3.13358
3.04841
0.996324
0.675847
0.310419
-0.0551647
-0.379138
-0.673362
-0.911343
-1.07137
-1.17205
-1.18802
-1.11158
-1.35396
-1.66951
-1.91751
-2.13565
-2.35387
-2.5682
-2.76841
-2.95164
-3.11824
-3.26741
-3.39744
-3.5075
-3.59796
-3.66969
-3.7256
-3.77068
-3.80351
-3.82984
-3.84989
-3.84457
-3.83315
-3.81605
-3.78849
-3.74963
-3.70125
-3.64835
-3.60081
-3.60061
1.2916
1.55746
1.82556
2.05157
2.20646
2.23889
2.21512
1.9739
1.83848
2.20611
2.52004
2.67841
2.77603
2.85724
2.91953
2.9645
3.00072
3.03406
3.06549
3.0941
3.11946
3.14196
3.16278
3.18326
3.20387
3.22338
3.2407
3.2558
3.26853
3.27872
3.28584
3.28926
3.28823
3.28218
3.27066
3.25419
3.23635
3.226
3.25111
0.955846
0.649356
0.300612
-0.0456582
-0.34861
-0.617936
-0.826405
-0.952617
-1.02082
-0.974093
-0.861078
-1.05715
-1.33323
-1.5564
-1.75659
-1.95943
-2.1602
-2.34798
-2.51816
-2.66947
-2.79924
-2.90262
-2.97524
-3.01593
-3.03592
-3.04879
-3.05685
-3.05611
-3.04829
-3.03443
-3.00405
-2.97406
-2.94392
-2.91021
-2.87106
-2.82314
-2.75394
-2.63782
-2.43154
1.23785
1.49102
1.74355
1.95188
2.08171
2.08596
2.02929
1.69714
1.50634
1.86601
2.18922
2.36407
2.48623
2.59614
2.68021
2.73003
2.75234
2.7593
2.76103
2.76334
2.76855
2.77719
2.78817
2.79713
2.79828
2.79184
2.78069
2.76571
2.74731
2.72612
2.70298
2.67894
2.65479
2.63085
2.60611
2.5774
2.53516
2.45885
2.31674
0.921737
0.625019
0.288642
-0.0419533
-0.326963
-0.574164
-0.755237
-0.852684
-0.887301
-0.769907
-0.622466
-0.774698
-1.00561
-1.19376
-1.36654
-1.54911
-1.73989
-1.93034
-2.11612
-2.29573
-2.46831
-2.63418
-2.79385
-2.94278
-3.06496
-3.15499
-3.22738
-3.28568
-3.34279
-3.39556
-3.41842
-3.42896
-3.4326
-3.42628
-3.40948
-3.38717
-3.37589
-3.40427
-3.54886
1.19435
1.43781
1.67713
1.8681
1.97129
1.94872
1.83988
1.3917
1.15626
1.52625
1.84961
2.01199
2.11916
2.22899
2.34616
2.46365
2.57413
2.66862
2.74223
2.79556
2.83255
2.85824
2.87969
2.9078
2.95042
2.99965
3.04534
3.08551
3.1203
3.14954
3.17224
3.18717
3.19364
3.19166
3.18324
3.17297
3.17457
3.21381
3.34138
0.89593
0.595827
0.257932
-0.0679999
-0.340656
-0.563962
-0.707729
-0.760398
-0.732389
-0.534771
-0.378905
-0.50119
-0.694382
-0.848366
-0.98076
-1.11009
-1.23776
-1.35987
-1.47328
-1.5739
-1.6542
-1.70235
-1.70938
-1.68032
-1.65125
-1.64245
-1.64342
-1.63621
-1.61576
-1.59972
-1.56531
-1.53509
-1.51488
-1.49625
-1.47415
-1.44405
-1.38199
-1.24649
-0.942277
1.17064
1.4129
1.64374
1.8131
1.87525
1.7951
1.56426
0.987937
0.755335
1.17801
1.55852
1.77224
1.87447
1.89569
1.85199
1.77421
1.6935
1.63465
1.60497
1.60138
1.61703
1.64602
1.67938
1.69926
1.69046
1.66625
1.6434
1.6233
1.60479
1.58733
1.57237
1.56158
1.5559
1.55504
1.55641
1.55222
1.52101
1.42161
1.19207
0.88184
0.566107
0.212592
-0.122247
-0.391901
-0.594352
-0.696099
-0.687645
-0.567146
-0.287856
-0.128561
-0.209279
-0.36345
-0.521015
-0.687844
-0.866951
-1.05861
-1.2627
-1.48091
-1.71748
-1.97796
-2.26389
-2.56005
-2.83169
-3.02151
-3.13224
-3.23761
-3.32275
-3.46072
-3.67078
-3.59269
-3.58465
-3.63208
-3.6632
-3.66879
-3.67257
-3.71221
-3.83746
-4.14711
1.1692
1.41913
1.64864
1.79787
1.81357
1.65182
1.25076
0.563225
0.284684
0.659926
1.0966
1.53329
1.96209
2.37442
2.72424
2.98432
3.15921
3.25552
3.29232
3.291
3.26947
3.24136
3.22604
3.25625
3.34691
3.45246
3.53514
3.59814
3.64948
3.69091
3.72003
3.73537
3.73763
3.72923
3.71591
3.70928
3.73879
3.85006
4.11994
127.288
124.119
120.215
115.679
110.44
104.6
98.4585
92.3187
86.3234
80.4928
74.8197
69.307
63.9658
58.8082
53.8425
49.0752
44.5098
40.1482
35.991
32.0373
28.2842
24.7288
21.3665
18.1924
15.2013
12.3878
9.74675
7.27298
4.96241
2.81055
0.813705
-1.03135
-2.72812
-4.27929
-5.6877
-6.95642
-8.08847
-9.08741
-9.95705
-10.7017
-11.326
-11.8353
-12.2355
-12.5325
-12.7333
-12.8447
-12.8742
-12.8289
-12.7163
-12.544
-12.319
-12.0484
-11.7391
-11.3973
-11.029
-10.6397
-10.2344
-9.81754
-9.39321
-8.9649
-8.53565
-8.10805
-7.68434
-7.26629
-6.85552
-6.45293
-6.06003
-5.72744
-5.43124
-5.13848
-4.81281
-4.53933
-4.13558
-3.9878
-3.33659
-3.61533
-2.27156
-3.65177
-0.755202
-4.35073
127.063
123.122
118.451
113.536
108.396
103.147
97.9257
92.82
87.8465
83.0196
78.3479
73.8381
69.4989
65.3366
61.3559
57.5597
53.9497
50.5259
47.2869
44.2295
41.3498
38.6426
36.1021
33.722
31.4955
29.416
27.4765
25.6704
23.9914
22.4331
20.9901
19.6566
18.427
17.2963
16.2592
15.3106
14.4452
13.6579
12.9434
12.2963
11.7111
11.1824
10.7047
10.2727
9.88101
9.52468
9.19877
8.89871
8.62021
8.3594
8.11274
7.87713
7.64983
7.42854
7.21132
6.9966
6.78315
6.57005
6.35667
6.14259
5.92764
5.71177
5.49508
5.27775
5.06007
4.84251
4.6251
4.43974
4.27497
4.10909
3.91824
3.76347
3.50451
3.44847
2.97551
3.27078
2.21112
3.41941
1.0426
4.23811
49.4314
48.8822
48.6635
48.4796
48.2497
47.9332
47.4846
46.8696
46.0595
45.0439
43.8315
42.4373
40.8771
39.1664
37.3216
35.3593
33.2979
31.1561
28.9523
26.7051
24.4328
22.1529
19.8817
17.6344
15.4252
13.2662
11.1684
9.14116
7.19269
5.32948
3.55711
1.8803
0.302342
-1.17373
-2.54567
-3.81205
-4.97183
-6.02476
-6.97104
-7.81149
-8.54762
-9.18165
-9.71641
-10.1552
-10.5022
-10.7622
-10.94
-11.0414
-11.072
-11.038
-10.9456
-10.801
-10.6103
-10.3795
-10.1144
-9.82031
-9.50246
-9.16552
-8.81379
-8.45117
-8.08114
-7.70672
-7.33063
-6.95506
-6.58212
-6.2132
-5.84985
-5.54077
-5.2632
-4.99023
-4.67977
-4.42612
-4.0331
-3.90446
-3.26437
-3.54892
-2.24258
-3.57407
-0.807319
-4.23141
49.7498
49.8447
50.3268
50.8421
51.2247
51.4384
51.4592
51.2733
50.879
50.2916
49.526
48.5958
47.5183
46.3087
44.984
43.5614
42.0577
40.4902
38.876
37.2317
35.573
33.9142
32.2688
30.649
29.065
27.5257
26.0385
24.6091
23.2418
21.9397
20.7051
19.5389
18.4412
17.4118
16.4497
15.5534
14.7211
13.9505
13.2392
12.5843
11.9826
11.4309
10.9256
10.4631
10.0394
9.65074
9.29334
8.96338
8.6572
8.37134
8.10254
7.84781
7.60442
7.36999
7.14239
6.91987
6.70094
6.4844
6.26935
6.0551
5.8412
5.62737
5.41347
5.19954
4.9857
4.7723
4.55918
4.37784
4.21628
4.05471
3.86661
3.71715
3.46077
3.40835
2.94485
3.22811
2.20806
3.3585
1.08466
4.12688
22.6203
22.376
22.1548
21.9042
21.6482
21.4021
21.1675
20.944
20.7265
20.5102
20.2877
20.0473
19.7759
19.4615
19.0933
18.6616
18.159
17.5795
16.919
16.1757
15.35
14.4442
13.4628
12.4122
11.3001
10.136
8.93028
7.69387
6.43854
5.1758
3.91709
2.67362
1.45562
0.272846
-0.865868
-1.95271
-2.98076
-3.94415
-4.83795
-5.65822
-6.40204
-7.06761
-7.65397
-8.1609
-8.58933
-8.94085
-9.21776
-9.42311
-9.56053
-9.6342
-9.64864
-9.60863
-9.51922
-9.38543
-9.21235
-9.00496
-8.76805
-8.5062
-8.22368
-7.9245
-7.61232
-7.29042
-6.96182
-6.629
-6.29441
-5.95994
-5.62701
-5.34221
-5.08425
-4.83132
-4.5383
-4.30248
-3.92714
-3.80741
-3.19839
-3.45975
-2.2348
-3.46063
-0.887701
-4.05984
22.7121
22.6881
22.7548
22.8411
22.969
23.1555
23.3891
23.6571
23.9499
24.2572
24.5631
24.8518
25.1102
25.325
25.4854
25.5819
25.6069
25.5548
25.4219
25.2069
24.9103
24.5344
24.0835
23.5634
22.9814
22.3454
21.6644
20.9476
20.2044
19.4438
18.6747
17.9051
17.1423
16.3928
15.6622
14.9551
14.2753
13.6258
13.0085
12.4247
11.8752
11.3599
10.8781
10.4289
10.0107
9.62162
9.25957
8.92219
8.607
8.3115
8.03316
7.76956
7.51836
7.27742
7.04477
6.81868
6.59763
6.38036
6.16581
5.95316
5.74176
5.53117
5.32113
5.11152
4.90232
4.69383
4.48567
4.30888
4.15119
3.99413
3.81024
3.66464
3.41549
3.35983
2.91847
3.17205
2.21682
3.27646
1.14503
3.99568
22.148
22.0185
21.8506
21.6289
21.3502
21.0111
20.6156
20.1772
19.7075
19.2128
18.6956
18.158
17.6024
17.0305
16.4437
15.8421
15.2253
14.5923
13.9411
13.2696
12.5756
11.8565
11.1101
10.3347
9.52918
8.69337
7.82813
6.93531
6.0182
5.08087
4.12861
3.16769
2.20481
1.24729
0.302744
-0.621268
-1.51726
-2.37823
-3.19755
-3.96934
-4.68855
-5.35099
-5.9532
-6.49247
-6.9673
-7.37689
-7.7213
-8.00147
-8.21899
-8.37617
-8.47591
-8.52149
-8.5167
-8.46552
-8.37218
-8.24098
-8.0762
-7.88208
-7.6627
-7.42197
-7.16356
-6.89085
-6.60702
-6.31481
-6.01682
-5.71542
-5.41182
-5.15032
-4.91077
-4.67655
-4.39996
-4.18119
-3.82186
-3.713
-3.12792
-3.37932
-2.20955
-3.37275
-0.92185
-3.94122
22.2201
22.2509
22.2632
22.2407
22.1907
22.1152
22.0152
21.8971
21.7682
21.6331
21.4945
21.3544
21.2153
21.0773
20.9407
20.8041
20.6654
20.5216
20.3692
20.2043
20.0225
19.8199
19.5923
19.3367
19.0503
18.7315
18.3795
17.9948
17.5788
17.1338
16.6635
16.1717
15.6631
15.1426
14.6153
14.0861
13.5599
13.0409
12.533
12.0395
11.5631
11.106
10.6695
10.2545
9.86143
9.49001
9.13967
8.80942
8.49798
8.20384
7.92537
7.66079
7.40833
7.16626
6.93291
6.70672
6.48631
6.27042
6.058
5.84816
5.64019
5.43356
5.22789
5.02298
4.81868
4.61525
4.41214
4.23978
4.08574
3.93288
3.75291
3.61126
3.36804
3.31209
2.88576
3.12331
2.20808
3.21595
1.16684
3.91065
20.2924
20.1811
20.0561
19.917
19.7569
19.5691
19.3475
19.0913
18.8031
18.4806
18.1212
17.7237
17.2882
16.8147
16.3041
15.7573
15.1758
14.5616
13.9167
13.2436
12.5444
11.8216
11.0775
10.3144
9.53411
8.73871
7.93002
7.10976
6.27998
5.44263
4.60004
3.75507
2.91074
2.07066
1.23892
0.419902
-0.381643
-1.16085
-1.91264
-2.63206
-3.31434
-3.95504
-4.55018
-5.09624
-5.59059
-6.03106
-6.4163
-6.74571
-7.01931
-7.23789
-7.40287
-7.51618
-7.58032
-7.59815
-7.57294
-7.50815
-7.4074
-7.27439
-7.11283
-6.92635
-6.71846
-6.49249
-6.25163
-5.99874
-5.7365
-5.46763
-5.19309
-4.95475
-4.73348
-4.51786
-4.25765
-4.05625
-3.71205
-3.61665
-3.05035
-3.3019
-2.17015
-3.29734
-0.92958
-3.8482
20.3645
20.4084
20.4549
20.5052
20.5537
20.591
20.6098
20.6076
20.5836
20.5362
20.4642
20.3673
20.2457
20.0997
19.9304
19.7388
19.5268
19.2961
19.0484
18.7856
18.5094
18.2211
17.922
17.6128
17.2939
16.9656
16.6277
16.28
15.9223
15.5543
15.1762
14.7884
14.3915
13.9867
13.5756
13.16
12.7422
12.3245
11.9094
11.4993
11.0966
10.7034
10.3214
9.95219
9.59683
9.25604
8.93014
8.61909
8.32254
8.03984
7.77012
7.51231
7.26524
7.02766
6.79827
6.57585
6.3592
6.14724
5.93899
5.73359
5.53036
5.32873
5.12829
4.92876
4.72993
4.53202
4.33435
4.16666
4.01642
3.86786
3.69191
3.55456
3.3166
3.26246
2.84706
3.07633
2.18828
3.16365
1.16886
3.84178
15.865
15.7585
15.6468
15.53
15.4025
15.2624
15.108
14.9372
14.753
14.5547
14.3399
14.1072
13.8546
13.5801
13.2816
12.9571
12.6047
12.223
11.8109
11.3677
10.8932
10.3875
9.85149
9.2863
8.69348
8.0751
7.43347
6.77115
6.09105
5.39608
4.68937
3.97422
3.25385
2.53171
1.81135
1.09644
0.390816
-0.301608
-0.976689
-1.63036
-2.25852
-2.85723
-3.42268
-3.95129
-4.43999
-4.88599
-5.28706
-5.64159
-5.94843
-6.20718
-6.41799
-6.58155
-6.69915
-6.77253
-6.8039
-6.79578
-6.75098
-6.67253
-6.56357
-6.4273
-6.26691
-6.08552
-5.88617
-5.67173
-5.44479
-5.20837
-4.96308
-4.74826
-4.54582
-4.34936
-4.10633
-3.92286
-3.59469
-3.51326
-2.96672
-3.21858
-2.12611
-3.21596
-0.934572
-3.74683
15.9236
15.9435
15.9713
16.0082
16.0509
16.0958
16.1395
16.1805
16.2184
16.2523
16.2806
16.3017
16.3138
16.3149
16.3032
16.2769
16.2344
16.1742
16.0951
15.9964
15.8775
15.7383
15.5791
15.4004
15.203
14.988
14.7566
14.51
14.2496
13.9767
13.6924
13.3981
13.0949
12.7838
12.4661
12.1429
11.8156
11.4854
11.1538
10.8223
10.4925
10.1659
9.84404
9.52822
9.21965
8.91936
8.6281
8.34636
8.0744
7.81221
7.55955
7.31596
7.08086
6.85348
6.63298
6.41849
6.20914
6.00404
5.80241
5.6035
5.4067
5.21149
5.01745
4.82431
4.63182
4.4402
4.24866
4.08618
3.94026
3.79642
3.62504
3.49231
3.26019
3.20802
2.80426
3.02478
2.16556
3.1057
1.17007
3.7643
12.2952
12.2094
12.1202
12.0254
11.92
11.8026
11.6728
11.5287
11.3731
11.2084
11.0339
10.8493
10.654
10.4474
10.2289
9.99734
9.75186
9.49138
9.2146
8.92017
8.60686
8.27336
7.91845
7.54122
7.14091
6.7172
6.27003
5.79977
5.30735
4.794
4.26149
3.71204
3.14814
2.57269
1.98887
1.40008
0.809944
0.222162
-0.359338
-0.930666
-1.48791
-2.02721
-2.54478
-3.03694
-3.50036
-3.93187
-4.32868
-4.68846
-5.00928
-5.28976
-5.52905
-5.7268
-5.88323
-5.99901
-6.07533
-6.11377
-6.11628
-6.08511
-6.02274
-5.93182
-5.81509
-5.67533
-5.51529
-5.33773
-5.14506
-4.94049
-4.72418
-4.53292
-4.34949
-4.17243
-3.94712
-3.78178
-3.47064
-3.40287
-2.87806
-3.12842
-2.07904
-3.12689
-0.937989
-3.6354
12.3441
12.3641
12.3905
12.4213
12.4546
12.4892
12.5229
12.5557
12.5883
12.6208
12.6531
12.685
12.7159
12.7453
12.7727
12.7973
12.8179
12.8335
12.8428
12.8445
12.8371
12.8191
12.789
12.7456
12.6878
12.6144
12.5247
12.4185
12.2955
12.156
12.0003
11.8291
11.6434
11.4443
11.2329
11.0106
10.7788
10.5389
10.2923
10.0404
9.78483
9.52688
9.26801
9.00953
8.75267
8.49859
8.24825
8.00245
7.76182
7.52678
7.29756
7.07419
6.85655
6.64434
6.43714
6.23447
6.03575
5.84039
5.64782
5.45747
5.26884
5.08152
4.89512
4.70944
4.5242
4.33966
4.15497
3.99826
3.85717
3.71846
3.5522
3.42435
3.19881
3.1484
2.75762
2.96808
2.14037
3.04151
1.17082
3.67955
10.133
10.0676
9.99946
9.92704
9.84673
9.7573
9.65797
9.54711
9.42433
9.29269
9.15213
9.002
8.84186
8.6713
8.48996
8.29734
8.09307
7.87678
7.648
7.40629
7.15128
6.88247
6.59934
6.3014
5.98813
5.65909
5.31382
4.95199
4.5735
4.17835
3.76687
3.33971
2.89779
2.44245
1.97542
1.49874
1.01488
0.526525
0.036745
-0.451245
-0.934058
-1.4082
-1.87017
-2.31637
-2.74348
-3.14819
-3.52747
-3.87859
-4.19909
-4.487
-4.7407
-4.95905
-5.14143
-5.2876
-5.39789
-5.47298
-5.51402
-5.52247
-5.50012
-5.449
-5.37132
-5.26943
-5.14573
-5.00275
-4.8426
-4.66863
-4.48047
-4.31228
-4.14765
-3.98974
-3.78225
-3.63487
-3.34127
-3.28687
-2.78464
-3.03317
-2.02724
-3.03387
-0.934779
-3.52211
10.1752
10.2008
10.2312
10.2648
10.3008
10.3382
10.3747
10.4101
10.4447
10.4785
10.5113
10.5429
10.573
10.6014
10.6279
10.6522
10.6741
10.6931
10.7091
10.7216
10.7301
10.734
10.7326
10.7252
10.7109
10.6888
10.6581
10.6177
10.5667
10.5044
10.4302
10.3434
10.2438
10.1314
10.0064
9.869
9.71995
9.56001
9.39013
9.21137
9.0249
8.83193
8.6337
8.43144
8.22635
8.01959
7.81219
7.6051
7.39914
7.19497
6.99312
6.79396
6.59769
6.40437
6.21394
6.02623
5.84098
5.65787
5.47654
5.29663
5.1178
4.93974
4.76217
4.58495
4.40782
4.23111
4.05392
3.90348
3.76762
3.63437
3.4737
3.35092
3.13252
3.08392
2.70666
2.90715
2.1109
2.97386
1.16668
3.59382
8.59632
8.54354
8.48866
8.43096
8.36795
8.29862
8.22221
8.13791
8.04398
7.94191
7.83288
7.71625
7.59145
7.45797
7.31535
7.16298
7.00033
6.82688
6.64211
6.44554
6.23676
6.01541
5.78113
5.53371
5.27291
4.99864
4.71079
4.40937
4.09449
3.76625
3.42495
3.07098
2.70486
2.32729
1.93923
1.54182
1.13649
0.72492
0.309112
-0.108703
-0.526058
-0.940264
-1.34849
-1.74774
-2.13503
-2.50734
-2.86176
-3.19551
-3.50598
-3.79088
-4.04821
-4.27628
-4.47387
-4.64008
-4.77453
-4.87718
-4.94842
-4.98904
-5.00011
-4.98306
-4.93956
-4.87146
-4.78073
-4.66963
-4.53988
-4.39488
-4.23366
-4.08779
-3.94148
-3.80229
-3.61251
-3.48277
-3.20695
-3.16571
-2.68632
-2.93345
-1.96985
-2.93814
-0.923701
-3.40948
8.63275
8.65811
8.68734
8.7196
8.75457
8.79153
8.82867
8.86548
8.9023
8.93914
8.97568
9.01174
9.04701
9.0812
9.114
9.14504
9.17401
9.20051
9.22422
9.24476
9.26175
9.27488
9.28374
9.288
9.28729
9.28121
9.26934
9.25126
9.2265
9.19457
9.15497
9.10722
9.05086
8.98545
8.91066
8.8263
8.73223
8.62853
8.51538
8.39315
8.26235
8.12362
7.97769
7.82541
7.66764
7.50531
7.33929
7.17046
6.99963
6.82753
6.65479
6.48193
6.30937
6.13739
5.96617
5.79579
5.62623
5.4574
5.28916
5.12135
4.95376
4.78623
4.6186
4.45079
4.28261
4.11445
3.9454
3.80168
3.67146
3.54398
3.38934
3.27184
3.06105
3.01443
2.65093
2.84209
2.07641
2.90348
1.15665
3.50819
7.27222
7.22771
7.18157
7.13352
7.08157
7.02493
6.96293
6.89512
6.82032
6.73807
6.65005
6.55642
6.45665
6.35037
6.23718
6.11665
5.9883
5.85167
5.70626
5.55156
5.38709
5.21234
5.02685
4.8302
4.62198
4.40188
4.16964
3.92511
3.66824
3.39906
3.11774
2.82461
2.52007
2.2047
1.87921
1.5445
1.20161
0.85177
0.496436
0.137233
-0.224016
-0.585295
-0.944424
-1.29901
-1.64662
-1.98467
-2.3106
-2.62186
-2.91592
-3.19047
-3.44338
-3.67268
-3.87681
-4.05441
-4.20458
-4.32671
-4.4206
-4.48639
-4.52459
-4.53602
-4.52179
-4.48328
-4.42198
-4.33983
-4.23811
-4.12022
-3.98453
-3.86002
-3.73145
-3.61041
-3.43811
-3.32561
-3.06772
-3.03936
-2.58301
-2.82901
-1.9069
-2.83907
-0.905956
-3.29621
7.3037
7.32653
7.35254
7.38123
7.41234
7.44546
7.47923
7.51322
7.54779
7.58303
7.61876
7.65491
7.69129
7.72774
7.76406
7.80002
7.83534
7.86972
7.90285
7.93437
7.96388
7.99099
8.01528
8.0363
8.05365
8.06687
8.07552
8.07923
8.07757
8.07018
8.05668
8.03674
8.01005
7.97627
7.93513
7.88641
7.82989
7.76543
7.69296
7.61247
7.52407
7.42796
7.32445
7.21392
7.09685
6.97381
6.84538
6.71221
6.57492
6.43416
6.2905
6.14448
5.99659
5.8472
5.69664
5.54514
5.39284
5.23984
5.08615
4.93178
4.77668
4.6208
4.4641
4.30659
4.14814
3.98923
3.82896
3.69241
3.56826
3.44688
3.2987
3.18673
2.98401
2.93958
2.59011
2.77249
2.03682
2.82972
1.14156
3.42122
6.15039
6.11268
6.07371
6.03337
5.98999
5.94298
5.89178
5.83588
5.77483
5.70751
5.63453
5.557
5.47469
5.38722
5.29429
5.19562
5.09084
4.97964
4.86165
4.73649
4.60381
4.4632
4.31428
4.15666
3.98994
3.81376
3.62779
3.43171
3.22528
3.00831
2.7807
2.54248
2.29375
2.03478
1.76595
1.48784
1.20115
0.906757
0.605758
0.299378
-0.0109723
-0.323713
-0.63711
-0.949224
-1.25806
-1.56146
-1.8572
-2.14301
-2.41662
-2.67582
-2.91848
-3.14261
-3.34644
-3.52837
-3.68715
-3.82177
-3.93155
-4.01616
-4.07558
-4.1101
-4.12033
-4.10716
-4.07163
-4.01533
-3.93906
-3.84617
-3.73434
-3.63006
-3.51845
-3.41485
-3.25965
-3.16384
-2.92386
-2.90802
-2.47485
-2.71976
-1.83864
-2.7362
-0.882409
-3.18111
6.17774
6.19845
6.22182
6.24742
6.27503
6.30442
6.33459
6.36517
6.39656
6.42881
6.46182
6.49559
6.53
6.56499
6.60043
6.63623
6.67223
6.70826
6.74414
6.77966
6.81457
6.84859
6.88142
6.91272
6.94211
6.96921
6.99357
7.01479
7.03239
7.04595
7.05498
7.05907
7.05783
7.05084
7.03776
7.0183
6.99216
6.95914
6.91905
6.87179
6.8173
6.75558
6.68669
6.61079
6.52809
6.43887
6.34346
6.24226
6.13571
6.02425
5.90835
5.78846
5.66502
5.53842
5.40902
5.27712
5.14297
5.00675
4.86863
4.72869
4.58703
4.44371
4.29877
4.15233
4.00432
3.85529
3.70436
3.57544
3.45774
3.34279
3.2015
3.0953
2.90111
2.85909
2.52395
2.69801
1.99213
2.75208
1.12196
3.33195
5.24574
5.21381
5.18087
5.14696
5.11071
5.07163
5.02932
4.98324
4.9331
4.87822
4.81799
4.75344
4.68503
4.61244
4.53536
4.45356
4.36676
4.27469
4.17705
4.07354
3.9639
3.8478
3.72493
3.59501
3.45772
3.31278
3.15991
2.99885
2.82936
2.65123
2.46429
2.26845
2.06365
1.84994
1.62746
1.39646
1.15733
0.910575
0.6569
0.39714
0.132295
-0.136459
-0.407799
-0.680195
-0.952038
-1.22154
-1.48683
-1.74594
-1.99686
-2.23756
-2.46606
-2.68039
-2.87877
-3.05948
-3.22108
-3.36229
-3.48213
-3.57987
-3.65507
-3.70762
-3.73765
-3.74563
-3.73215
-3.69845
-3.64486
-3.57464
-3.48479
-3.39938
-3.30379
-3.21672
-3.07803
-2.99822
-2.77595
-2.77211
-2.36212
-2.60589
-1.76532
-2.62956
-0.853324
-3.06418
5.26963
5.28862
5.30983
5.3329
5.35768
5.38402
5.41119
5.43885
5.4674
5.49686
5.5272
5.55839
5.59037
5.62311
5.65652
5.69056
5.72511
5.76007
5.79534
5.83077
5.86622
5.90149
5.93641
5.97075
6.00428
6.03673
6.06778
6.09714
6.12444
6.14933
6.17139
6.19023
6.20542
6.21654
6.22317
6.22492
6.2214
6.21228
6.19723
6.17601
6.14842
6.11428
6.0735
6.02606
5.97196
5.9113
5.84422
5.77092
5.69164
5.60665
5.51628
5.42085
5.3207
5.21618
5.10761
4.99528
4.87947
4.76043
4.63836
4.51344
4.38584
4.2557
4.12314
3.98836
3.85135
3.71272
3.57164
3.45073
3.33983
3.2316
3.09758
2.99739
2.81215
2.77274
2.45225
2.61844
1.94225
2.67038
1.09793
3.23995
4.5109
4.48366
4.45559
4.42681
4.39626
4.36352
4.32829
4.29013
4.24866
4.20361
4.15422
4.10049
4.04336
3.98287
3.91872
3.85066
3.77848
3.70194
3.62081
3.53481
3.44371
3.34724
3.24512
3.13711
3.02294
2.90234
2.77508
2.64092
2.49966
2.35109
2.19506
2.03146
1.86021
1.68128
1.49473
1.30067
1.0993
0.890931
0.675995
0.455033
0.228724
-0.00211679
-0.236529
-0.473368
-0.711397
-0.949207
-1.18526
-1.41794
-1.6455
-1.86618
-2.07817
-2.27966
-2.46893
-2.64426
-2.80415
-2.94717
-3.07214
-3.17808
-3.26425
-3.33018
-3.37563
-3.40073
-3.40562
-3.39125
-3.35747
-3.30745
-3.23751
-3.16943
-3.08876
-3.01714
-2.8942
-2.82951
-2.62458
-2.63209
-2.24516
-2.48765
-1.68718
-2.51923
-0.819328
-2.94544
4.53181
4.54908
4.5682
4.58889
4.61106
4.63459
4.65891
4.6838
4.70963
4.73637
4.76402
4.79257
4.822
4.85228
4.88338
4.91525
4.94783
4.98104
5.01483
5.04908
5.08369
5.11853
5.15346
5.18833
5.22295
5.25713
5.29065
5.3233
5.3548
5.38489
5.41326
5.4396
5.46358
5.48484
5.50303
5.51776
5.52865
5.53535
5.53748
5.5347
5.52671
5.51321
5.49397
5.4688
5.43756
5.40017
5.35658
5.30683
5.25097
5.18912
5.12146
5.04817
4.96947
4.8856
4.79682
4.70337
4.6055
4.50345
4.39744
4.2877
4.17441
4.05778
3.93796
3.81524
3.68962
3.56178
3.43095
3.31835
3.21455
3.11327
2.98686
2.89288
2.71694
2.68037
2.37482
2.53356
1.88705
2.58436
1.06967
3.14473
3.89659
3.87315
3.84899
3.82433
3.79832
3.7706
3.74093
3.70899
3.67439
3.6369
3.59616
3.55153
3.50346
3.45258
3.39874
3.3417
3.28124
3.21718
3.14932
3.07746
3.00136
2.92082
2.8356
2.74549
2.65023
2.54961
2.44339
2.33135
2.2133
2.08904
1.95838
1.82121
1.67741
1.5269
1.36969
1.20581
1.03537
0.858548
0.675631
0.486983
0.293069
0.0944697
-0.10812
-0.313854
-0.521792
-0.730848
-0.939806
-1.14735
-1.35205
-1.55239
-1.74682
-1.93371
-2.11145
-2.27846
-2.43322
-2.5743
-2.7004
-2.8104
-2.90336
-2.97855
-3.03544
-3.07386
-3.09361
-3.09536
-3.0785
-3.04613
-2.9939
-2.94151
-2.87452
-2.81716
-2.70904
-2.65849
-2.47035
-2.48845
-2.1243
-2.36517
-1.60446
-2.4051
-0.781005
-2.82428
3.91492
3.93046
3.94755
3.96598
3.98567
4.00654
4.02811
4.0503
4.07341
4.0974
4.12231
4.14811
4.17482
4.20243
4.23092
4.26026
4.29044
4.3214
4.35311
4.38549
4.41849
4.452
4.48595
4.52021
4.55464
4.58911
4.62344
4.65746
4.69096
4.72372
4.75551
4.78606
4.81511
4.84236
4.86752
4.89026
4.91025
4.92716
4.94064
4.95037
4.956
4.9572
4.95368
4.94517
4.93141
4.91219
4.88735
4.85677
4.82036
4.7781
4.73
4.67612
4.61655
4.55141
4.48085
4.40506
4.3242
4.23849
4.14812
4.0533
3.95422
3.85111
3.74415
3.63363
3.51962
3.40281
3.28247
3.17841
3.08192
2.98779
2.86926
2.78167
2.61535
2.58183
2.29148
2.44316
1.8265
2.49354
1.03753
3.04519
3.37631
3.35605
3.33516
3.31387
3.29155
3.26789
3.2427
3.21572
3.18664
3.15517
3.12114
3.0841
3.04368
3.00053
2.95497
2.90677
2.85574
2.80171
2.74451
2.68397
2.61991
2.55215
2.48051
2.40478
2.32477
2.24028
2.15112
2.05708
1.95799
1.85364
1.74389
1.62858
1.50758
1.38078
1.24813
1.10961
0.965244
0.815118
0.659399
0.498317
0.332192
0.161425
-0.0134785
-0.191891
-0.373102
-0.556274
-0.740455
-0.924587
-1.1075
-1.28795
-1.4646
-1.63604
-1.80085
-1.95756
-2.10476
-2.24105
-2.36514
-2.47582
-2.57203
-2.6529
-2.71769
-2.76598
-2.79729
-2.81208
-2.80932
-2.79203
-2.75528
-2.71682
-2.66219
-2.61777
-2.52345
-2.4859
-2.31391
-2.34163
-2.00009
-2.23855
-1.51782
-2.28679
-0.73947
-2.69958
3.39241
3.40632
3.42155
3.43789
3.45532
3.47374
3.49278
3.51247
3.53303
3.55442
3.57668
3.59981
3.62381
3.64872
3.6745
3.70116
3.72869
3.75708
3.78629
3.81629
3.84705
3.87851
3.9106
3.94325
3.97638
4.00987
4.04361
4.07747
4.11128
4.14489
4.17809
4.21069
4.24245
4.27313
4.30248
4.3302
4.35603
4.37964
4.40072
4.41897
4.43406
4.44566
4.45347
4.45717
4.45647
4.4511
4.44082
4.42541
4.40469
4.37852
4.34679
4.30943
4.26643
4.21779
4.16356
4.10382
4.03867
3.96825
3.8927
3.81219
3.72689
3.63701
3.54274
3.44437
3.34197
3.23626
3.12654
3.03112
2.94209
2.85522
2.74478
2.66371
2.50727
2.47692
2.20218
2.34691
1.76091
2.39734
1.00234
2.93946
2.9348
2.91723
2.8991
2.88064
2.86135
2.84103
2.8195
2.79656
2.77196
2.74543
2.71678
2.68583
2.65206
2.61546
2.57665
2.5357
2.4924
2.44657
2.39807
2.34678
2.29253
2.23517
2.17454
2.11049
2.04283
1.97141
1.89606
1.81659
1.73286
1.64469
1.55193
1.45444
1.35209
1.24478
1.13241
1.01492
0.892314
0.764599
0.631858
0.494226
0.351902
0.205154
0.0543346
-0.1001
-0.257625
-0.417604
-0.579295
-0.741865
-0.904371
-1.06579
-1.225
-1.3808
-1.53197
-1.67719
-1.81517
-1.94462
-2.06427
-2.17293
-2.2695
-2.353
-2.42258
-2.47765
-2.5175
-2.54244
-2.55107
-2.54634
-2.52281
-2.49649
-2.45282
-2.41995
-2.33831
-2.31247
-2.15596
-2.19206
-1.87317
-2.10764
-1.42818
-2.16363
-0.695848
-2.56945
2.94894
2.96138
2.97491
2.98939
3.0048
3.02103
3.03781
3.05525
3.07348
3.09248
3.11229
3.13293
3.15439
3.17671
3.19987
3.2239
3.24879
3.27454
3.30113
3.32855
3.35679
3.3858
3.41555
3.446
3.47708
3.50872
3.54085
3.57337
3.60617
3.63911
3.67207
3.70487
3.73735
3.7693
3.80051
3.83075
3.85977
3.8873
3.91306
3.93677
3.95812
3.9768
3.9925
4.00491
4.01372
4.01864
4.01938
4.01567
4.00727
3.99396
3.97555
3.95189
3.92286
3.88837
3.84837
3.80285
3.75182
3.69534
3.63349
3.56638
3.49414
3.41694
3.33494
3.24843
3.15744
3.06272
2.96358
2.8768
2.79527
2.71571
2.61347
2.53898
2.39269
2.36549
2.10693
2.24425
1.69074
2.29413
0.965419
2.82499
2.55795
2.54269
2.5269
2.51083
2.49409
2.47653
2.45804
2.43841
2.41746
2.39499
2.37075
2.34464
2.31641
2.28561
2.25249
2.21753
2.18068
2.14169
2.10044
2.05681
2.01069
1.96195
1.91044
1.85602
1.79857
1.73792
1.67394
1.60647
1.53538
1.46051
1.38174
1.29892
1.21194
1.12069
1.02508
0.925029
0.82051
0.711503
0.59804
0.480192
0.358078
0.231873
0.101817
-0.0317651
-0.168491
-0.307886
-0.449386
-0.592338
-0.735995
-0.879535
-1.02203
-1.16249
-1.29984
-1.43295
-1.56068
-1.68186
-1.79531
-1.89987
-1.99446
-2.07809
-2.14981
-2.20895
-2.25464
-2.28707
-2.30456
-2.30996
-2.29746
-2.28145
-2.24738
-2.22454
-2.15451
-2.13876
-1.99749
-2.03964
-1.74487
-1.97169
-1.33761
-2.0331
-0.65287
-2.43048
2.57038
2.58146
2.59347
2.60628
2.61988
2.63416
2.64893
2.66435
2.68048
2.69732
2.71491
2.73325
2.75238
2.77229
2.79301
2.81454
2.8369
2.86008
2.8841
2.90894
2.9346
2.96106
2.9883
3.01629
3.045
3.07438
3.10437
3.1349
3.16591
3.19729
3.22895
3.26075
3.29257
3.32425
3.35562
3.3865
3.41668
3.44594
3.47404
3.50072
3.52573
3.54876
3.56955
3.58777
3.60314
3.61535
3.62409
3.62909
3.63005
3.62672
3.61885
3.60623
3.58866
3.56598
3.53806
3.50481
3.46617
3.42211
3.37262
3.31778
3.25765
3.19234
3.12197
3.04681
2.96686
2.88283
2.79407
2.71582
2.64177
2.56944
2.47551
2.40743
2.27181
2.24708
2.00644
2.13388
1.61783
2.18138
0.930936
2.69678
2.23467
2.22109
2.20695
2.19251
2.17744
2.1617
2.14525
2.12802
2.10993
2.09087
2.07072
2.0493
2.02644
2.00164
1.97429
1.94446
1.9126
1.87902
1.8437
1.80638
1.76692
1.72521
1.68117
1.63468
1.58559
1.53381
1.4792
1.42164
1.36099
1.29713
1.22993
1.1593
1.08509
1.00721
0.925574
0.840106
0.750747
0.657463
0.560254
0.459153
0.354227
0.245584
0.133387
0.0178692
-0.100699
-0.221956
-0.34548
-0.47077
-0.597229
-0.724217
-0.850975
-0.976664
-1.10041
-1.22125
-1.33818
-1.45016
-1.55613
-1.65502
-1.74578
-1.82747
-1.89911
-1.95999
-2.00912
-2.0466
-2.07056
-2.08377
-2.08023
-2.07261
-2.04689
-2.03226
-1.97324
-1.96501
-1.83994
-1.88382
-1.61724
-1.82883
-1.24896
-1.8929
-0.614641
-2.27972
2.24584
2.25588
2.26666
2.27807
2.29008
2.30261
2.3156
2.32921
2.34345
2.35834
2.3739
2.39015
2.40711
2.42479
2.44322
2.4624
2.48235
2.50308
2.5246
2.54691
2.57001
2.59389
2.61856
2.64399
2.67016
2.69705
2.72461
2.75279
2.78156
2.81085
2.84057
2.87063
2.90093
2.93136
2.96179
2.99204
3.02197
3.0514
3.08014
3.10796
3.13462
3.15989
3.1835
3.2052
3.22467
3.24166
3.25585
3.26695
3.27468
3.27875
3.27888
3.27483
3.26633
3.25319
3.23523
3.21226
3.18416
3.15086
3.11226
3.06836
3.0192
2.96478
2.90519
2.84066
2.77118
2.69736
2.61862
2.54864
2.48198
2.41659
2.3312
2.26885
2.14513
2.12075
1.90195
2.01365
1.54476
2.05536
0.903018
2.55096
1.871
1.85998
1.84847
1.83671
1.82449
1.81175
1.79846
1.78452
1.7698
1.7542
1.73757
1.71973
1.70054
1.67985
1.65746
1.63334
1.60765
1.58043
1.5517
1.52138
1.48936
1.45553
1.41981
1.38212
1.34234
1.30036
1.25611
1.20946
1.16031
1.10855
1.05407
0.996772
0.936547
0.873303
0.806941
0.737395
0.664594
0.58848
0.509022
0.426217
0.340078
0.250651
0.158023
0.0623314
-0.0362617
-0.137513
-0.241143
-0.346804
-0.454068
-0.562462
-0.671423
-0.780307
-0.888431
-0.99502
-1.09925
-1.20022
-1.29703
-1.38873
-1.47436
-1.55299
-1.62366
-1.68563
-1.73789
-1.78027
-1.81108
-1.83227
-1.8389
-1.83967
-1.82449
-1.81706
-1.77354
-1.76917
-1.66933
-1.706
-1.4838
-1.66349
-1.16276
-1.73112
-0.586589
-2.1115
1.8802
1.88859
1.89759
1.90714
1.91721
1.9277
1.93866
1.95017
1.96222
1.97484
1.98806
2.00188
2.01633
2.03144
2.04722
2.06366
2.08082
2.0987
2.1173
2.13664
2.15673
2.17759
2.1992
2.22156
2.24467
2.26851
2.29308
2.31834
2.34426
2.37082
2.39795
2.42559
2.45368
2.48216
2.51092
2.53981
2.56876
2.59763
2.62627
2.65448
2.6821
2.7089
2.7347
2.75926
2.78232
2.80364
2.82294
2.83991
2.85431
2.86581
2.87415
2.87906
2.88021
2.87735
2.87029
2.85876
2.84254
2.82151
2.79548
2.76438
2.72814
2.68673
2.64017
2.58856
2.53191
2.47067
2.4045
2.34463
2.28767
2.23028
2.15718
2.09965
1.99516
1.96513
1.78322
1.86322
1.47012
1.89579
0.88839
2.36892
1.50977
1.50128
1.49239
1.48332
1.47391
1.46409
1.45384
1.44307
1.43167
1.41949
1.40641
1.3923
1.37709
1.36073
1.34327
1.32472
1.30501
1.28406
1.2618
1.23829
1.2135
1.18734
1.1597
1.13054
1.09976
1.06728
1.03303
0.996908
0.958838
0.918727
0.87649
0.832038
0.785276
0.736119
0.684475
0.630275
0.573445
0.51392
0.451643
0.386586
0.318715
0.248038
0.174568
0.0983669
0.0195139
-0.0618709
-0.145613
-0.231512
-0.319295
-0.408639
-0.499165
-0.590434
-0.681925
-0.773063
-0.863218
-0.951675
-1.03769
-1.12045
-1.19912
-1.27287
-1.34078
-1.40213
-1.45586
-1.50178
-1.53803
-1.56645
-1.58198
-1.59162
-1.5854
-1.58742
-1.55572
-1.56183
-1.47788
-1.52329
-1.32434
-1.50494
-1.04212
-1.59315
-0.515065
-2.00238
1.51696
1.52364
1.53082
1.53844
1.54647
1.55488
1.5637
1.57298
1.5827
1.5929
1.60361
1.61482
1.62656
1.63887
1.65174
1.66519
1.67926
1.69396
1.7093
1.72531
1.74197
1.75934
1.77742
1.79618
1.81565
1.83585
1.85677
1.8784
1.90071
1.92372
1.94739
1.97168
1.99656
2.02202
2.04796
2.0743
2.101
2.12796
2.15506
2.18219
2.20921
2.23597
2.26231
2.28804
2.31295
2.33686
2.3595
2.38061
2.39997
2.41729
2.43227
2.44468
2.45417
2.46046
2.46332
2.46244
2.45756
2.44846
2.43491
2.41673
2.39381
2.36601
2.33329
2.29564
2.25302
2.20577
2.15361
2.10555
2.05913
2.01217
1.95103
1.90369
1.81374
1.79133
1.62991
1.70995
1.35038
1.76181
0.808665
2.27524
1.22678
1.21991
1.21266
1.20522
1.19747
1.18937
1.18092
1.17214
1.16298
1.15339
1.14327
1.13257
1.1212
1.10905
1.09599
1.08193
1.06671
1.05034
1.03289
1.01439
0.994888
0.974324
0.95262
0.929705
0.905509
0.87998
0.853048
0.824643
0.7947
0.76314
0.729896
0.694893
0.658051
0.619298
0.578558
0.535759
0.490838
0.44373
0.394382
0.342743
0.288778
0.232466
0.173792
0.112778
0.0494523
-0.0161245
-0.0838513
-0.153613
-0.225233
-0.298504
-0.373166
-0.448918
-0.525387
-0.602149
-0.678737
-0.754597
-0.829138
-0.901723
-0.971645
-1.0382
-1.10058
-1.15814
-1.20986
-1.25558
-1.29341
-1.32518
-1.34568
-1.36096
-1.36082
-1.36964
-1.34671
-1.36128
-1.28963
-1.34371
-1.16253
-1.34849
-0.9139
-1.46069
-0.431809
-1.90337
1.23269
1.23825
1.24417
1.2504
1.25692
1.26378
1.27099
1.27855
1.2865
1.29484
1.30359
1.31276
1.32238
1.33247
1.34302
1.35408
1.36565
1.37775
1.39041
1.40363
1.41741
1.4318
1.4468
1.46241
1.47867
1.49555
1.51309
1.53128
1.55012
1.56959
1.58972
1.61046
1.63181
1.65377
1.67626
1.69926
1.72273
1.74659
1.77079
1.79524
1.81984
1.84449
1.86908
1.89344
1.91744
1.94092
1.96367
1.98548
2.00616
2.02548
2.04315
2.05896
2.07263
2.08386
2.09242
2.098
2.10032
2.09916
2.09423
2.08531
2.07226
2.05486
2.033
2.00662
1.97562
1.94022
1.90019
1.86257
1.82561
1.78818
1.73798
1.70047
1.62377
1.61008
1.46631
1.55144
1.21793
1.63048
0.714306
2.19543
0.993636
0.988184
0.982403
0.976459
0.970248
0.963738
0.956944
0.949871
0.94252
0.934857
0.926835
0.918392
0.90948
0.900019
0.889927
0.879112
0.867433
0.854803
0.841224
0.826736
0.811383
0.795182
0.778112
0.760099
0.741073
0.720995
0.699803
0.677444
0.653872
0.629018
0.602826
0.575236
0.546177
0.515592
0.483421
0.449595
0.41406
0.37676
0.337642
0.296657
0.253767
0.208942
0.162154
0.113405
0.062699
0.010063
-0.0444459
-0.100762
-0.158773
-0.218346
-0.279297
-0.341429
-0.404474
-0.468116
-0.532026
-0.595775
-0.658914
-0.720949
-0.781316
-0.839441
-0.89463
-0.946373
-0.993727
-1.03661
-1.07318
-1.10525
-1.12766
-1.14584
-1.14947
-1.1626
-1.14613
-1.16655
-1.1053
-1.16532
-1.0012
-1.1893
-0.784248
-1.32264
-0.347874
-1.78889
0.998358
1.00285
1.00764
1.01266
1.01794
1.02349
1.02934
1.03547
1.04191
1.04869
1.0558
1.06326
1.07109
1.07931
1.08792
1.09696
1.10642
1.11632
1.1267
1.13754
1.14887
1.16071
1.17308
1.18597
1.19942
1.21341
1.22797
1.24311
1.25882
1.27511
1.29199
1.30944
1.32745
1.34603
1.36513
1.38475
1.40485
1.42539
1.44632
1.4676
1.48916
1.51091
1.53277
1.55464
1.5764
1.59795
1.61911
1.63973
1.65965
1.67868
1.69659
1.7132
1.72827
1.74154
1.7528
1.76178
1.76819
1.77183
1.77242
1.76973
1.76356
1.75371
1.74001
1.72238
1.70065
1.67497
1.64511
1.61648
1.5878
1.55882
1.51859
1.48998
1.42594
1.42009
1.29437
1.38319
1.07841
1.48819
0.617769
2.08995
0.791914
0.787676
0.783147
0.778472
0.773577
0.768435
0.763053
0.757437
0.751596
0.745516
0.739182
0.732558
0.7256
0.71825
0.710464
0.702189
0.693327
0.683774
0.673446
0.662326
0.650449
0.637855
0.624581
0.610596
0.595836
0.58026
0.563815
0.54646
0.528159
0.508861
0.488518
0.467084
0.4445
0.42072
0.395694
0.369366
0.341689
0.31261
0.282086
0.250071
0.216527
0.181421
0.144723
0.10642
0.066502
0.0249753
-0.0181325
-0.0627867
-0.108922
-0.156452
-0.20526
-0.255208
-0.306115
-0.357752
-0.409884
-0.462196
-0.514347
-0.565966
-0.616605
-0.665829
-0.713052
-0.757893
-0.799502
-0.837913
-0.87133
-0.901644
-0.923756
-0.942801
-0.94839
-0.963876
-0.951918
-0.976149
-0.923412
-0.987307
-0.838601
-1.02687
-0.650584
-1.17808
-0.259292
-1.66006
0.795601
0.799154
0.802947
0.806914
0.811095
0.815495
0.820123
0.824984
0.830095
0.835472
0.841123
0.847058
0.85329
0.859831
0.866694
0.873902
0.881456
0.889367
0.897661
0.906347
0.915444
0.924954
0.934895
0.945282
0.95613
0.967445
0.979232
0.991515
1.00429
1.01757
1.03137
1.04565
1.06046
1.07577
1.09156
1.10784
1.12458
1.14176
1.15935
1.17731
1.1956
1.21416
1.23294
1.25185
1.27081
1.28974
1.30853
1.32704
1.34514
1.36269
1.37953
1.39547
1.41035
1.42393
1.43604
1.44645
1.4549
1.46122
1.46514
1.46644
1.46495
1.46044
1.45273
1.44173
1.42728
1.40944
1.388
1.36697
1.34544
1.32384
1.29253
1.2719
1.21963
1.2209
1.11257
1.2044
0.928286
1.33321
0.512328
1.96292
0.615173
0.611967
0.608532
0.604967
0.601216
0.597262
0.593111
0.588764
0.584231
0.579505
0.574585
0.569462
0.564112
0.558491
0.552569
0.546311
0.539661
0.532551
0.5249
0.516631
0.507716
0.498186
0.488084
0.477435
0.466222
0.454405
0.441932
0.428766
0.414883
0.400242
0.384808
0.368543
0.351401
0.33335
0.314348
0.294348
0.273314
0.251203
0.227978
0.203601
0.178037
0.151256
0.123226
0.0939304
0.0633548
0.0314914
-0.00164945
-0.0360527
-0.0716845
-0.108492
-0.146406
-0.185329
-0.22515
-0.265706
-0.306834
-0.348312
-0.38989
-0.431293
-0.472187
-0.512247
-0.551008
-0.588193
-0.623063
-0.655765
-0.684598
-0.711515
-0.731563
-0.749812
-0.755844
-0.772047
-0.762875
-0.789149
-0.743031
-0.809108
-0.673794
-0.860973
-0.5106
-1.02621
-0.161616
-1.51672
0.61799
0.620728
0.623645
0.626696
0.629914
0.6333
0.636863
0.640605
0.644542
0.648686
0.653039
0.657614
0.66242
0.667465
0.672767
0.678334
0.684171
0.690289
0.696707
0.703437
0.710485
0.717863
0.725584
0.733657
0.7421
0.750917
0.76011
0.769706
0.779704
0.790118
0.800949
0.812192
0.823871
0.83598
0.848495
0.861432
0.874786
0.888529
0.902652
0.917137
0.931937
0.947036
0.962393
0.97794
0.993629
1.00939
1.02516
1.04083
1.0563
1.07147
1.08621
1.10037
1.11384
1.12641
1.13794
1.14826
1.15716
1.16446
1.16995
1.17345
1.17478
1.17375
1.1702
1.16401
1.15504
1.14332
1.12867
1.11392
1.09843
1.08312
1.05961
1.04596
1.00435
1.01191
0.919711
1.01403
0.764797
1.16415
0.39174
1.81704
0.453853
0.45154
0.449072
0.446517
0.443822
0.440957
0.437933
0.434763
0.431446
0.42798
0.424369
0.420617
0.416717
0.412657
0.408407
0.403935
0.399217
0.394226
0.388909
0.38319
0.37699
0.370279
0.363076
0.355422
0.347346
0.33884
0.329856
0.320358
0.310326
0.299738
0.288566
0.276784
0.264358
0.251262
0.237464
0.222931
0.207634
0.191543
0.174629
0.156864
0.138219
0.118668
0.0981892
0.0767649
0.0543811
0.0310288
0.00670836
-0.0185744
-0.0448011
-0.0719427
-0.0999566
-0.128783
-0.158347
-0.188547
-0.219271
-0.250371
-0.281674
-0.312986
-0.344069
-0.374703
-0.404527
-0.433377
-0.460622
-0.486532
-0.509514
-0.531579
-0.547989
-0.563949
-0.569057
-0.584476
-0.576512
-0.603127
-0.561893
-0.62837
-0.504457
-0.688792
-0.362312
-0.86217
-0.0537997
-1.3432
0.4559
0.457894
0.460017
0.462241
0.464586
0.467058
0.469662
0.472397
0.475278
0.478309
0.481494
0.484845
0.48837
0.492075
0.495972
0.500064
0.504358
0.508868
0.513604
0.518572
0.523776
0.529232
0.534955
0.54094
0.547205
0.553758
0.560599
0.567748
0.575207
0.582987
0.591087
0.599509
0.608272
0.617367
0.626785
0.636543
0.646634
0.657039
0.667751
0.678774
0.690066
0.701618
0.713404
0.725375
0.737515
0.749759
0.762069
0.774378
0.786607
0.79869
0.810522
0.822013
0.833067
0.843542
0.853325
0.862288
0.870265
0.877128
0.882703
0.886856
0.88943
0.890261
0.889245
0.886257
0.881171
0.874016
0.864631
0.854926
0.844421
0.834353
0.817507
0.809814
0.777633
0.790465
0.712843
0.808521
0.583867
0.975491
0.250713
1.63345
0.311916
0.310347
0.308676
0.306953
0.305146
0.303218
0.301161
0.298989
0.2967
0.294287
0.291756
0.289101
0.286322
0.283423
0.28039
0.277196
0.273824
0.27026
0.266484
0.262475
0.258204
0.25363
0.248717
0.243465
0.237913
0.232107
0.22604
0.219659
0.212918
0.2058
0.198293
0.190381
0.182042
0.173255
0.164
0.154255
0.143999
0.133208
0.121866
0.109951
0.0974416
0.0843196
0.070569
0.0561755
0.0411291
0.0254215
0.0090487
-0.00798586
-0.0256733
-0.043998
-0.0629339
-0.082446
-0.102489
-0.122999
-0.143904
-0.165117
-0.186523
-0.207999
-0.229384
-0.250553
-0.271237
-0.291382
-0.310463
-0.328866
-0.345119
-0.361294
-0.372884
-0.385435
-0.388525
-0.401994
-0.393838
-0.419505
-0.381277
-0.447074
-0.33186
-0.512212
-0.2069
-0.684283
0.061465
-1.12057
0.313293
0.314624
0.316046
0.317532
0.319098
0.320746
0.322478
0.324298
0.326216
0.328231
0.330346
0.332567
0.334903
0.337359
0.339938
0.342641
0.345478
0.348461
0.35159
0.354868
0.3583
0.3619
0.365679
0.369629
0.373761
0.378086
0.382607
0.387332
0.392263
0.397414
0.402779
0.408368
0.414189
0.420236
0.42651
0.433024
0.439777
0.446754
0.45395
0.461375
0.469003
0.476824
0.484828
0.492989
0.501293
0.509698
0.518181
0.526703
0.535213
0.543662
0.551988
0.560132
0.568021
0.575569
0.582705
0.589329
0.595328
0.600624
0.605091
0.608636
0.611145
0.612496
0.612627
0.611432
0.608823
0.604829
0.599323
0.593533
0.586968
0.581075
0.569724
0.566845
0.542653
0.559589
0.494387
0.590162
0.386194
0.765945
0.089713
1.39369
0.140251
0.139226
0.138132
0.137002
0.135817
0.134566
0.13324
0.131828
0.130353
0.128898
0.127575
0.126492
0.125755
0.125476
0.125754
0.12665
0.12818
0.130298
0.132869
0.135625
0.138149
0.139935
0.140544
0.13975
0.137605
0.134384
0.130521
0.126432
0.122252
0.117914
0.11335
0.108554
0.103534
0.0982892
0.0928177
0.0871129
0.081168
0.0749733
0.0685248
0.0618139
0.0548319
0.0475717
0.0400228
0.0321786
0.0240345
0.0155838
0.00682219
-0.00225085
-0.0116345
-0.0213238
-0.0313096
-0.0415768
-0.0521086
-0.0628759
-0.0738435
-0.0849731
-0.0962098
-0.107495
-0.118742
-0.129905
-0.140813
-0.151507
-0.16158
-0.171516
-0.18
-0.189137
-0.19475
-0.202724
-0.202835
-0.213176
-0.203913
-0.226884
-0.191612
-0.2526
-0.150436
-0.312658
-0.0507208
-0.454805
0.150976
-0.757151
0.141172
0.142087
0.143066
0.144092
0.145176
0.146318
0.147514
0.148778
0.150112
0.151513
0.152983
0.154525
0.156148
0.157852
0.159636
0.161503
0.163459
0.165511
0.167652
0.169886
0.172221
0.174656
0.177195
0.179835
0.182581
0.185434
0.188397
0.191469
0.194648
0.197945
0.201348
0.204864
0.20849
0.212222
0.216059
0.220004
0.224056
0.228202
0.232445
0.236784
0.2412
0.245692
0.250258
0.254884
0.259558
0.264267
0.268995
0.273721
0.278429
0.283092
0.287686
0.29218
0.296543
0.300728
0.304705
0.308425
0.311825
0.314882
0.317513
0.31967
0.321297
0.32233
0.322748
0.322482
0.321493
0.319806
0.317328
0.314698
0.311435
0.309127
0.302558
0.303807
0.286696
0.306355
0.253117
0.343242
0.166894
0.501638
-0.0728345
0.978648
0.0902223
0.0904016
0.0905914
0.0907924
0.0910047
0.0912475
0.0915583
0.0919708
0.0924703
0.0929677
0.0933158
0.0933379
0.0928372
0.0915977
0.0893913
0.0859917
0.0812008
0.0748978
0.0671089
0.0581132
0.048497
0.0390947
0.0308639
0.0246632
0.0209759
0.0196082
0.0196416
0.0200151
0.0201991
0.0201826
0.0200877
0.019959
0.01977
0.0194875
0.0190959
0.018583
0.0179393
0.017157
0.0162279
0.0151471
0.013912
0.012521
0.010971
0.00926366
0.00740314
0.00539183
0.00323402
0.000936957
-0.00149235
-0.00404588
-0.006714
-0.0094862
-0.0123512
-0.0152972
-0.0183075
-0.021369
-0.0244637
-0.0275781
-0.0306758
-0.0337696
-0.036765
-0.0397776
-0.0424984
-0.0454545
-0.0475474
-0.050705
-0.0514211
-0.0552592
-0.0530667
-0.0598284
-0.05077
-0.0681893
-0.0405141
-0.0860495
-0.013952
-0.124207
0.0416925
-0.196885
0.142436
-0.296986
0.0900281
0.0898133
0.0895863
0.0893418
0.0890835
0.0888089
0.0885149
0.0882056
0.0878802
0.0875366
0.0871746
0.0867947
0.0863995
0.0859872
0.0855583
0.0851136
0.0846554
0.084187
0.0837042
0.0832131
0.082718
0.0822167
0.0817135
0.0812127
0.0807183
0.080232
0.0797619
0.0793082
0.0788769
0.0784772
0.0781088
0.0777803
0.0774931
0.0772552
0.0770722
0.0769459
0.0768833
0.0768839
0.0769579
0.0771051
0.0773197
0.0776074
0.0779708
0.0784039
0.078904
0.0794694
0.0800917
0.080763
0.0814765
0.0822239
0.0829978
0.0837813
0.0845649
0.0853273
0.086059
0.0867397
0.0873483
0.0878933
0.0883365
0.0886743
0.0888897
0.0889624
0.0888919
0.0886421
0.0882151
0.0876359
0.0868595
0.0862936
0.0851711
0.0848939
0.0818257
0.084618
0.0745473
0.0906484
0.0559734
0.118166
0.00413808
0.209146
-0.122729
0.445708
)
;

boundaryField
{
    inlet
    {
        type            freestreamPressure;
        freestreamValue uniform 0;
        value           nonuniform List<scalar> 
134
(
0.88142
0.565837
0.212491
-0.122189
-0.391714
-0.594069
-0.695767
-0.687318
-0.566876
-0.287719
-0.0614893
-0.100112
-0.173905
-0.249372
-0.329335
-0.41525
-0.507266
-0.605338
-0.710292
-0.824173
1.16864
-0.949665
-1.0875
-1.23036
-1.3615
-1.45331
-1.49571
-1.56892
-1.57
-1.59588
-1.88125
-1.73117
-1.72772
-1.751
-1.7664
-1.76948
-1.77167
-1.79118
-1.85204
-1.92839
1.41846
1.64786
1.79702
1.81271
1.65103
1.25017
0.562957
-2.10043
-2.0429
-1.96013
-1.90294
-1.85812
-1.80927
-1.75556
-1.70095
-1.64666
-1.59206
-1.53657
-1.48019
-1.42293
-1.36449
-1.30432
-1.24152
-1.17444
-1.10164
-1.0204
-0.967707
-0.919885
-0.864573
-0.802307
-0.733016
-0.649125
-0.541491
-0.365841
-0.143472
0.148484
0.344058
0.571469
0.798689
1.02166
1.23595
1.41765
1.55263
1.6433
1.6931
1.71198
1.71103
1.69958
1.68471
1.67646
1.69185
1.73863
1.79312
1.83574
1.86814
1.89449
1.9157
1.93052
1.93821
1.93911
1.93448
1.92731
1.9236
1.93863
1.996
2.13564
2.19675
2.13905
2.071
2.02688
1.99112
1.95091
1.90692
1.86242
1.81798
1.77284
1.72651
1.67877
1.62937
1.57773
1.52289
1.46354
1.39707
1.3215
1.22715
1.17859
1.13723
1.0826
1.01682
0.941292
0.846254
0.722122
0.507142
0.231029
)
;
    }
    outlet
    {
        type            freestreamPressure;
        freestreamValue uniform 0;
        value           nonuniform List<scalar> 
160
(
1.93691e-05
1.93298e-05
1.94054e-05
1.9286e-05
1.94438e-05
1.92402e-05
1.94839e-05
1.91907e-05
1.95249e-05
1.91384e-05
1.95697e-05
1.9083e-05
1.96269e-05
1.90235e-05
1.97066e-05
1.8961e-05
1.98104e-05
1.88953e-05
1.9924e-05
1.8826e-05
2.00176e-05
1.87531e-05
2.00522e-05
1.86765e-05
1.9982e-05
1.8597e-05
1.97554e-05
1.85142e-05
1.93178e-05
1.84282e-05
1.86148e-05
1.83392e-05
1.75991e-05
1.82476e-05
1.62421e-05
1.81542e-05
1.45503e-05
1.80583e-05
1.25882e-05
1.79609e-05
1.04889e-05
1.78633e-05
8.43881e-06
1.77647e-05
6.64748e-06
1.76664e-05
5.29908e-06
1.75691e-05
4.49502e-06
1.74738e-05
4.19108e-06
1.73809e-05
4.18961e-06
1.72922e-05
4.26419e-06
1.72079e-05
4.30111e-06
1.7129e-05
4.29629e-06
1.7058e-05
4.27471e-06
1.69947e-05
4.24569e-06
1.6941e-05
4.2038e-06
1.68975e-05
4.14207e-06
1.68657e-05
4.05724e-06
1.68474e-05
3.94668e-06
1.68427e-05
3.80849e-06
1.68536e-05
3.64097e-06
1.68801e-05
3.44247e-06
1.69245e-05
3.21197e-06
1.69872e-05
2.94899e-06
1.7067e-05
2.65322e-06
1.71656e-05
2.32403e-06
1.72837e-05
1.96182e-06
1.74206e-05
1.56745e-06
1.75758e-05
1.14141e-06
1.77495e-05
6.84549e-07
1.79403e-05
1.98325e-07
1.81468e-05
-3.15915e-07
1.83682e-05
-8.56655e-07
1.86029e-05
-1.42211e-06
1.885e-05
-2.01035e-06
1.91063e-05
-2.61938e-06
1.93699e-05
-3.24718e-06
1.96371e-05
-3.89078e-06
1.99055e-05
-4.54803e-06
2.01718e-05
-5.21592e-06
2.04309e-05
-5.89231e-06
2.06855e-05
-6.57062e-06
2.09272e-05
-7.25423e-06
2.11548e-05
-7.9248e-06
2.1365e-05
-8.60655e-06
2.15524e-05
-9.23777e-06
2.17169e-05
-9.92604e-06
2.18492e-05
-1.04487e-05
2.19489e-05
-1.11988e-05
2.20214e-05
-1.14609e-05
2.20555e-05
-1.23584e-05
2.21162e-05
-1.20058e-05
2.20188e-05
-1.35046e-05
2.21361e-05
-1.17391e-05
2.15897e-05
-1.54897e-05
2.24871e-05
-9.70804e-06
2.02141e-05
-1.9451e-05
2.45006e-05
-3.55759e-06
1.5832e-05
-2.71218e-05
3.20269e-05
1.18795e-05
1.26652e-06
-3.8728e-05
5.40332e-05
4.93383e-05
-4.44527e-05
-4.50724e-05
9.52435e-05
)
;
    }
    walls
    {
        type            zeroGradient;
    }
    frontAndBack
    {
        type            empty;
    }
}


// ************************************************************************* //
