/*--------------------------------*- C++ -*----------------------------------*\
| =========                 |                                                 |
| \\      /  F ield         | OpenFOAM: The Open Source CFD Toolbox           |
|  \\    /   O peration     | Version:  2412                                  |
|   \\  /    A nd           | Website:  www.openfoam.com                      |
|    \\/     M anipulation  |                                                 |
\*---------------------------------------------------------------------------*/
FoamFile
{
    version     2.0;
    format      ascii;
    arch        "LSB;label=32;scalar=64";
    class       volScalarField;
    location    "2000";
    object      omega;
}
// * * * * * * * * * * * * * * * * * * * * * * * * * * * * * * * * * * * * * //

dimensions      [0 0 -1 0 0 0 0];

internalField   nonuniform List<scalar> 
7200
(
0.9999999
0.99999899
0.9999988
0.99999789
0.99999769
0.99999678
0.99999659
0.99999568
0.99999549
0.99999457
0.99999439
0.99999347
0.99999328
0.99999236
0.99999218
0.99999126
0.99999108
0.99999015
0.99998998
0.99998905
0.99998887
0.99998794
0.99998777
0.99998684
0.99998667
0.99998573
0.99998557
0.99998462
0.99998446
0.99998352
0.99998336
0.99998241
0.99998226
0.99998131
0.99998116
0.9999802
0.99998005
0.9999791
0.99997895
0.99997799
0.99997785
0.99997689
0.99997675
0.99997578
0.99997564
0.99997468
0.99997454
0.99997357
0.99997344
0.99997246
0.99997234
0.99997136
0.99997123
0.99997025
0.99997013
0.99996915
0.99996903
0.99996804
0.99996793
0.99996694
0.99996683
0.99996583
0.99996572
0.99996473
0.99996462
0.99996362
0.99996352
0.99996251
0.99996242
0.99996141
0.99996131
0.9999603
0.99996021
0.9999592
0.99995911
0.99995809
0.99995801
0.99995699
0.99995691
0.99995588
0.9999558
0.99995477
0.9999547
0.99995367
0.9999536
0.99995256
0.9999525
0.99995146
0.99995139
0.99995035
0.99995029
0.99994925
0.99994919
0.99994814
0.99994809
0.99994703
0.99994699
0.99994593
0.99994588
0.99994482
0.99994478
0.99994372
0.99994368
0.99994261
0.99994258
0.99994151
0.99994148
0.9999404
0.99994037
0.99993929
0.99993927
0.99993819
0.99993817
0.99993708
0.99993707
0.99993598
0.99993597
0.99993487
0.99993487
0.99993376
0.9999999
0.99999899
0.9999988
0.99999789
0.99999769
0.99999678
0.99999659
0.99999568
0.99999549
0.99999457
0.99999439
0.99999347
0.99999328
0.99999236
0.99999218
0.99999126
0.99999108
0.99999015
0.99998998
0.99998905
0.99998887
0.99998794
0.99998777
0.99998684
0.99998667
0.99998573
0.99998557
0.99998462
0.99998446
0.99998352
0.99998336
0.99998241
0.99998226
0.99998131
0.99998116
0.9999802
0.99998005
0.9999791
0.99997895
0.99997799
0.99997785
0.99997689
0.99997675
0.99997578
0.99997564
0.99997468
0.99997454
0.99997357
0.99997344
0.99997246
0.99997234
0.99997136
0.99997123
0.99997025
0.99997013
0.99996915
0.99996903
0.99996804
0.99996793
0.99996694
0.99996683
0.99996583
0.99996572
0.99996473
0.99996462
0.99996362
0.99996352
0.99996251
0.99996242
0.99996141
0.99996131
0.9999603
0.99996021
0.9999592
0.99995911
0.99995809
0.99995801
0.99995699
0.99995691
0.99995588
0.9999558
0.99995477
0.9999547
0.99995367
0.9999536
0.99995256
0.9999525
0.99995146
0.99995139
0.99995035
0.99995029
0.99994925
0.99994919
0.99994814
0.99994809
0.99994703
0.99994699
0.99994593
0.99994588
0.99994482
0.99994478
0.99994372
0.99994368
0.99994261
0.99994258
0.99994151
0.99994148
0.9999404
0.99994037
0.99993929
0.99993927
0.99993819
0.99993817
0.99993708
0.99993707
0.99993598
0.99993597
0.99993487
0.99993487
0.99993376
0.9999999
0.99999899
0.9999988
0.99999789
0.99999769
0.99999678
0.99999659
0.99999568
0.99999549
0.99999457
0.99999439
0.99999347
0.99999328
0.99999236
0.99999218
0.99999126
0.99999108
0.99999015
0.99998998
0.99998905
0.99998887
0.99998794
0.99998777
0.99998684
0.99998667
0.99998573
0.99998557
0.99998462
0.99998446
0.99998352
0.99998336
0.99998241
0.99998226
0.99998131
0.99998116
0.9999802
0.99998005
0.9999791
0.99997895
0.99997799
0.99997785
0.99997689
0.99997675
0.99997578
0.99997564
0.99997468
0.99997454
0.99997357
0.99997344
0.99997246
0.99997234
0.99997136
0.99997123
0.99997025
0.99997013
0.99996915
0.99996903
0.99996804
0.99996793
0.99996694
0.99996683
0.99996583
0.99996572
0.99996473
0.99996462
0.99996362
0.99996352
0.99996251
0.99996242
0.99996141
0.99996131
0.9999603
0.99996021
0.9999592
0.99995911
0.99995809
0.99995801
0.99995699
0.99995691
0.99995588
0.9999558
0.99995477
0.9999547
0.99995367
0.9999536
0.99995256
0.9999525
0.99995146
0.99995139
0.99995035
0.99995029
0.99994925
0.99994919
0.99994814
0.99994809
0.99994703
0.99994699
0.99994593
0.99994588
0.99994482
0.99994478
0.99994372
0.99994368
0.99994261
0.99994258
0.99994151
0.99994148
0.9999404
0.99994037
0.99993929
0.99993927
0.99993819
0.99993817
0.99993708
0.99993707
0.99993598
0.99993597
0.99993487
0.99993487
0.99993376
0.9999999
0.99999899
0.9999988
0.99999789
0.99999769
0.99999678
0.99999659
0.99999568
0.99999549
0.99999457
0.99999439
0.99999347
0.99999328
0.99999236
0.99999218
0.99999126
0.99999108
0.99999015
0.99998998
0.99998905
0.99998887
0.99998794
0.99998777
0.99998684
0.99998667
0.99998573
0.99998557
0.99998462
0.99998446
0.99998352
0.99998336
0.99998241
0.99998226
0.99998131
0.99998116
0.9999802
0.99998005
0.9999791
0.99997895
0.99997799
0.99997785
0.99997689
0.99997675
0.99997578
0.99997564
0.99997468
0.99997454
0.99997357
0.99997344
0.99997246
0.99997234
0.99997136
0.99997123
0.99997025
0.99997013
0.99996915
0.99996903
0.99996804
0.99996793
0.99996694
0.99996683
0.99996583
0.99996572
0.99996473
0.99996462
0.99996362
0.99996352
0.99996251
0.99996242
0.99996141
0.99996131
0.9999603
0.99996021
0.9999592
0.99995911
0.99995809
0.99995801
0.99995699
0.99995691
0.99995588
0.9999558
0.99995477
0.9999547
0.99995367
0.9999536
0.99995256
0.9999525
0.99995146
0.99995139
0.99995035
0.99995029
0.99994925
0.99994919
0.99994814
0.99994809
0.99994703
0.99994699
0.99994593
0.99994588
0.99994482
0.99994478
0.99994372
0.99994368
0.99994261
0.99994258
0.99994151
0.99994148
0.9999404
0.99994037
0.99993929
0.99993927
0.99993819
0.99993817
0.99993708
0.99993707
0.99993598
0.99993597
0.99993487
0.99993487
0.99993376
0.9999999
0.99999899
0.9999988
0.99999789
0.99999769
0.99999678
0.99999659
0.99999568
0.99999549
0.99999457
0.99999439
0.99999347
0.99999328
0.99999236
0.99999218
0.99999126
0.99999108
0.99999015
0.99998998
0.99998905
0.99998887
0.99998794
0.99998777
0.99998684
0.99998667
0.99998573
0.99998557
0.99998462
0.99998446
0.99998352
0.99998336
0.99998241
0.99998226
0.99998131
0.99998116
0.9999802
0.99998005
0.9999791
0.99997895
0.99997799
0.99997785
0.99997689
0.99997675
0.99997578
0.99997564
0.99997468
0.99997454
0.99997357
0.99997344
0.99997246
0.99997234
0.99997136
0.99997123
0.99997025
0.99997013
0.99996915
0.99996903
0.99996804
0.99996793
0.99996694
0.99996683
0.99996583
0.99996572
0.99996473
0.99996462
0.99996362
0.99996352
0.99996251
0.99996242
0.99996141
0.99996131
0.9999603
0.99996021
0.9999592
0.99995911
0.99995809
0.99995801
0.99995699
0.99995691
0.99995588
0.9999558
0.99995477
0.9999547
0.99995367
0.9999536
0.99995256
0.9999525
0.99995146
0.99995139
0.99995035
0.99995029
0.99994925
0.99994919
0.99994814
0.99994809
0.99994703
0.99994699
0.99994593
0.99994588
0.99994482
0.99994478
0.99994372
0.99994368
0.99994261
0.99994258
0.99994151
0.99994148
0.9999404
0.99994037
0.99993929
0.99993927
0.99993819
0.99993817
0.99993708
0.99993707
0.99993598
0.99993597
0.99993487
0.99993487
0.99993376
0.9999999
0.99999899
0.9999988
0.99999789
0.99999769
0.99999678
0.99999659
0.99999568
0.99999549
0.99999457
0.99999439
0.99999347
0.99999328
0.99999236
0.99999218
0.99999126
0.99999108
0.99999015
0.99998998
0.99998905
0.99998887
0.99998794
0.99998777
0.99998684
0.99998667
0.99998573
0.99998557
0.99998462
0.99998446
0.99998352
0.99998336
0.99998241
0.99998226
0.99998131
0.99998116
0.9999802
0.99998005
0.9999791
0.99997895
0.99997799
0.99997785
0.99997689
0.99997675
0.99997578
0.99997564
0.99997468
0.99997454
0.99997357
0.99997344
0.99997246
0.99997234
0.99997136
0.99997123
0.99997025
0.99997013
0.99996915
0.99996903
0.99996804
0.99996793
0.99996694
0.99996683
0.99996583
0.99996572
0.99996473
0.99996462
0.99996362
0.99996352
0.99996251
0.99996242
0.99996141
0.99996131
0.9999603
0.99996021
0.9999592
0.99995911
0.99995809
0.99995801
0.99995699
0.99995691
0.99995588
0.9999558
0.99995477
0.9999547
0.99995367
0.9999536
0.99995256
0.9999525
0.99995146
0.99995139
0.99995035
0.99995029
0.99994925
0.99994919
0.99994814
0.99994809
0.99994703
0.99994699
0.99994593
0.99994588
0.99994482
0.99994478
0.99994372
0.99994368
0.99994261
0.99994258
0.99994151
0.99994148
0.9999404
0.99994037
0.99993929
0.99993927
0.99993819
0.99993817
0.99993708
0.99993707
0.99993598
0.99993597
0.99993487
0.99993487
0.99993376
0.9999999
0.99999899
0.9999988
0.99999789
0.99999769
0.99999678
0.99999659
0.99999568
0.99999549
0.99999457
0.99999439
0.99999347
0.99999328
0.99999236
0.99999218
0.99999126
0.99999108
0.99999015
0.99998998
0.99998905
0.99998887
0.99998794
0.99998777
0.99998684
0.99998667
0.99998573
0.99998557
0.99998462
0.99998446
0.99998352
0.99998336
0.99998241
0.99998226
0.99998131
0.99998116
0.9999802
0.99998005
0.9999791
0.99997895
0.99997799
0.99997785
0.99997689
0.99997675
0.99997578
0.99997564
0.99997468
0.99997454
0.99997357
0.99997344
0.99997246
0.99997234
0.99997136
0.99997123
0.99997025
0.99997013
0.99996915
0.99996903
0.99996804
0.99996793
0.99996694
0.99996683
0.99996583
0.99996572
0.99996473
0.99996462
0.99996362
0.99996352
0.99996251
0.99996242
0.99996141
0.99996131
0.9999603
0.99996021
0.9999592
0.99995911
0.99995809
0.99995801
0.99995699
0.99995691
0.99995588
0.9999558
0.99995477
0.9999547
0.99995367
0.9999536
0.99995256
0.9999525
0.99995146
0.99995139
0.99995035
0.99995029
0.99994925
0.99994919
0.99994814
0.99994809
0.99994703
0.99994699
0.99994593
0.99994588
0.99994482
0.99994478
0.99994372
0.99994368
0.99994261
0.99994258
0.99994151
0.99994148
0.9999404
0.99994037
0.99993929
0.99993927
0.99993819
0.99993817
0.99993708
0.99993707
0.99993598
0.99993597
0.99993487
0.99993487
0.99993376
0.9999999
0.99999899
0.9999988
0.99999789
0.99999769
0.99999678
0.99999659
0.99999568
0.99999549
0.99999457
0.99999439
0.99999347
0.99999328
0.99999236
0.99999218
0.99999126
0.99999108
0.99999015
0.99998998
0.99998905
0.99998887
0.99998794
0.99998777
0.99998684
0.99998667
0.99998573
0.99998557
0.99998462
0.99998446
0.99998352
0.99998336
0.99998241
0.99998226
0.99998131
0.99998116
0.9999802
0.99998005
0.9999791
0.99997895
0.99997799
0.99997785
0.99997689
0.99997675
0.99997578
0.99997564
0.99997468
0.99997454
0.99997357
0.99997344
0.99997246
0.99997234
0.99997136
0.99997123
0.99997025
0.99997013
0.99996915
0.99996903
0.99996804
0.99996793
0.99996694
0.99996683
0.99996583
0.99996572
0.99996473
0.99996462
0.99996362
0.99996352
0.99996251
0.99996242
0.99996141
0.99996131
0.9999603
0.99996021
0.9999592
0.99995911
0.99995809
0.99995801
0.99995699
0.99995691
0.99995588
0.9999558
0.99995477
0.9999547
0.99995367
0.9999536
0.99995256
0.9999525
0.99995146
0.99995139
0.99995035
0.99995029
0.99994925
0.99994919
0.99994814
0.99994809
0.99994703
0.99994699
0.99994593
0.99994588
0.99994482
0.99994478
0.99994372
0.99994368
0.99994261
0.99994258
0.99994151
0.99994148
0.9999404
0.99994037
0.99993929
0.99993927
0.99993819
0.99993817
0.99993708
0.99993707
0.99993598
0.99993597
0.99993487
0.99993487
0.99993376
0.9999999
0.99999899
0.9999988
0.99999789
0.99999769
0.99999678
0.99999659
0.99999568
0.99999549
0.99999457
0.99999439
0.99999347
0.99999328
0.99999236
0.99999218
0.99999126
0.99999108
0.99999015
0.99998998
0.99998905
0.99998887
0.99998794
0.99998777
0.99998684
0.99998667
0.99998573
0.99998557
0.99998462
0.99998446
0.99998352
0.99998336
0.99998241
0.99998226
0.99998131
0.99998116
0.9999802
0.99998005
0.9999791
0.99997895
0.99997799
0.99997785
0.99997689
0.99997675
0.99997578
0.99997564
0.99997468
0.99997454
0.99997357
0.99997344
0.99997246
0.99997234
0.99997136
0.99997123
0.99997025
0.99997013
0.99996915
0.99996903
0.99996804
0.99996793
0.99996694
0.99996683
0.99996583
0.99996572
0.99996473
0.99996462
0.99996362
0.99996352
0.99996251
0.99996242
0.99996141
0.99996131
0.9999603
0.99996021
0.9999592
0.99995911
0.99995809
0.99995801
0.99995699
0.99995691
0.99995588
0.9999558
0.99995477
0.9999547
0.99995367
0.9999536
0.99995256
0.9999525
0.99995146
0.99995139
0.99995035
0.99995029
0.99994925
0.99994919
0.99994814
0.99994809
0.99994703
0.99994699
0.99994593
0.99994588
0.99994482
0.99994478
0.99994372
0.99994368
0.99994261
0.99994258
0.99994151
0.99994148
0.9999404
0.99994037
0.99993929
0.99993927
0.99993819
0.99993817
0.99993708
0.99993707
0.99993598
0.99993597
0.99993487
0.99993487
0.99993376
0.9999999
0.99999899
0.9999988
0.99999789
0.99999769
0.99999678
0.99999659
0.99999568
0.99999549
0.99999457
0.99999439
0.99999347
0.99999328
0.99999236
0.99999218
0.99999126
0.99999108
0.99999015
0.99998998
0.99998905
0.99998887
0.99998794
0.99998777
0.99998684
0.99998667
0.99998573
0.99998557
0.99998462
0.99998446
0.99998352
0.99998336
0.99998241
0.99998226
0.99998131
0.99998116
0.9999802
0.99998005
0.9999791
0.99997895
0.99997799
0.99997785
0.99997689
0.99997675
0.99997578
0.99997564
0.99997468
0.99997454
0.99997357
0.99997344
0.99997246
0.99997234
0.99997136
0.99997123
0.99997025
0.99997013
0.99996915
0.99996903
0.99996804
0.99996793
0.99996694
0.99996683
0.99996583
0.99996572
0.99996473
0.99996462
0.99996362
0.99996352
0.99996251
0.99996242
0.99996141
0.99996131
0.9999603
0.99996021
0.9999592
0.99995911
0.99995809
0.99995801
0.99995699
0.99995691
0.99995588
0.9999558
0.99995477
0.9999547
0.99995367
0.9999536
0.99995256
0.9999525
0.99995146
0.99995139
0.99995035
0.99995029
0.99994925
0.99994919
0.99994814
0.99994809
0.99994703
0.99994699
0.99994593
0.99994588
0.99994482
0.99994478
0.99994372
0.99994368
0.99994261
0.99994258
0.99994151
0.99994148
0.9999404
0.99994037
0.99993929
0.99993927
0.99993819
0.99993817
0.99993708
0.99993707
0.99993598
0.99993597
0.99993487
0.99993487
0.99993376
0.9999999
0.99999899
0.9999988
0.99999789
0.99999769
0.99999678
0.99999659
0.99999568
0.99999549
0.99999457
0.99999439
0.99999347
0.99999328
0.99999236
0.99999218
0.99999126
0.99999108
0.99999015
0.99998998
0.99998905
0.99998887
0.99998794
0.99998777
0.99998684
0.99998667
0.99998573
0.99998557
0.99998462
0.99998446
0.99998352
0.99998336
0.99998241
0.99998226
0.99998131
0.99998116
0.9999802
0.99998005
0.9999791
0.99997895
0.99997799
0.99997785
0.99997689
0.99997675
0.99997578
0.99997564
0.99997468
0.99997454
0.99997357
0.99997344
0.99997246
0.99997234
0.99997136
0.99997123
0.99997025
0.99997013
0.99996915
0.99996903
0.99996804
0.99996793
0.99996694
0.99996683
0.99996583
0.99996572
0.99996473
0.99996462
0.99996362
0.99996352
0.99996251
0.99996242
0.99996141
0.99996131
0.9999603
0.99996021
0.9999592
0.99995911
0.99995809
0.99995801
0.99995699
0.99995691
0.99995588
0.9999558
0.99995477
0.9999547
0.99995367
0.9999536
0.99995256
0.9999525
0.99995146
0.99995139
0.99995035
0.99995029
0.99994925
0.99994919
0.99994814
0.99994809
0.99994703
0.99994699
0.99994593
0.99994588
0.99994482
0.99994478
0.99994372
0.99994368
0.99994261
0.99994258
0.99994151
0.99994148
0.9999404
0.99994037
0.99993929
0.99993927
0.99993819
0.99993817
0.99993708
0.99993707
0.99993598
0.99993597
0.99993487
0.99993487
0.99993376
0.9999999
0.99999899
0.9999988
0.99999789
0.99999769
0.99999678
0.99999659
0.99999568
0.99999549
0.99999457
0.99999439
0.99999347
0.99999328
0.99999236
0.99999218
0.99999126
0.99999108
0.99999015
0.99998998
0.99998905
0.99998887
0.99998794
0.99998777
0.99998684
0.99998667
0.99998573
0.99998557
0.99998462
0.99998446
0.99998352
0.99998336
0.99998241
0.99998226
0.99998131
0.99998116
0.9999802
0.99998005
0.9999791
0.99997895
0.99997799
0.99997785
0.99997689
0.99997675
0.99997578
0.99997564
0.99997468
0.99997454
0.99997357
0.99997344
0.99997246
0.99997234
0.99997136
0.99997123
0.99997025
0.99997013
0.99996915
0.99996903
0.99996804
0.99996793
0.99996694
0.99996683
0.99996583
0.99996572
0.99996473
0.99996462
0.99996362
0.99996352
0.99996251
0.99996242
0.99996141
0.99996131
0.9999603
0.99996021
0.9999592
0.99995911
0.99995809
0.99995801
0.99995699
0.99995691
0.99995588
0.9999558
0.99995477
0.9999547
0.99995367
0.9999536
0.99995256
0.9999525
0.99995146
0.99995139
0.99995035
0.99995029
0.99994925
0.99994919
0.99994814
0.99994809
0.99994703
0.99994699
0.99994593
0.99994588
0.99994482
0.99994478
0.99994372
0.99994368
0.99994261
0.99994258
0.99994151
0.99994148
0.9999404
0.99994037
0.99993929
0.99993927
0.99993819
0.99993817
0.99993708
0.99993707
0.99993598
0.99993597
0.99993487
0.99993487
0.99993376
0.9999999
0.99999899
0.9999988
0.99999789
0.99999769
0.99999678
0.99999659
0.99999568
0.99999549
0.99999457
0.99999439
0.99999347
0.99999328
0.99999236
0.99999218
0.99999126
0.99999108
0.99999015
0.99998998
0.99998905
0.99998887
0.99998794
0.99998777
0.99998684
0.99998667
0.99998573
0.99998557
0.99998462
0.99998446
0.99998352
0.99998336
0.99998241
0.99998226
0.99998131
0.99998116
0.9999802
0.99998005
0.9999791
0.99997895
0.99997799
0.99997785
0.99997689
0.99997675
0.99997578
0.99997564
0.99997468
0.99997454
0.99997357
0.99997344
0.99997246
0.99997234
0.99997136
0.99997123
0.99997025
0.99997013
0.99996915
0.99996903
0.99996804
0.99996793
0.99996694
0.99996683
0.99996583
0.99996572
0.99996473
0.99996462
0.99996362
0.99996352
0.99996251
0.99996242
0.99996141
0.99996131
0.9999603
0.99996021
0.9999592
0.99995911
0.99995809
0.99995801
0.99995699
0.99995691
0.99995588
0.9999558
0.99995477
0.9999547
0.99995367
0.9999536
0.99995256
0.9999525
0.99995146
0.99995139
0.99995035
0.99995029
0.99994925
0.99994919
0.99994814
0.99994809
0.99994703
0.99994699
0.99994593
0.99994588
0.99994482
0.99994478
0.99994372
0.99994368
0.99994261
0.99994258
0.99994151
0.99994148
0.9999404
0.99994037
0.99993929
0.99993927
0.99993819
0.99993817
0.99993708
0.99993707
0.99993598
0.99993597
0.99993487
0.99993487
0.99993376
0.9999999
0.99999899
0.9999988
0.99999789
0.99999769
0.99999678
0.99999659
0.99999568
0.99999549
0.99999457
0.99999439
0.99999347
0.99999328
0.99999236
0.99999218
0.99999126
0.99999108
0.99999015
0.99998998
0.99998905
0.99998887
0.99998794
0.99998777
0.99998684
0.99998667
0.99998573
0.99998557
0.99998462
0.99998446
0.99998352
0.99998336
0.99998241
0.99998226
0.99998131
0.99998116
0.9999802
0.99998005
0.9999791
0.99997895
0.99997799
0.99997785
0.99997689
0.99997675
0.99997578
0.99997564
0.99997468
0.99997454
0.99997357
0.99997344
0.99997246
0.99997234
0.99997136
0.99997123
0.99997025
0.99997013
0.99996915
0.99996903
0.99996804
0.99996793
0.99996694
0.99996683
0.99996583
0.99996572
0.99996473
0.99996462
0.99996362
0.99996352
0.99996251
0.99996242
0.99996141
0.99996131
0.9999603
0.99996021
0.9999592
0.99995911
0.99995809
0.99995801
0.99995699
0.99995691
0.99995588
0.9999558
0.99995477
0.9999547
0.99995367
0.9999536
0.99995256
0.9999525
0.99995146
0.99995139
0.99995035
0.99995029
0.99994925
0.99994919
0.99994814
0.99994809
0.99994703
0.99994699
0.99994593
0.99994588
0.99994482
0.99994478
0.99994372
0.99994368
0.99994261
0.99994258
0.99994151
0.99994148
0.9999404
0.99994037
0.99993929
0.99993927
0.99993819
0.99993817
0.99993708
0.99993707
0.99993598
0.99993597
0.99993487
0.99993487
0.99993376
0.9999999
0.99999899
0.9999988
0.99999789
0.99999769
0.99999678
0.99999659
0.99999568
0.99999549
0.99999457
0.99999439
0.99999347
0.99999328
0.99999236
0.99999218
0.99999126
0.99999108
0.99999015
0.99998998
0.99998905
0.99998887
0.99998794
0.99998777
0.99998684
0.99998667
0.99998573
0.99998557
0.99998462
0.99998446
0.99998352
0.99998336
0.99998241
0.99998226
0.99998131
0.99998116
0.9999802
0.99998005
0.9999791
0.99997895
0.99997799
0.99997785
0.99997689
0.99997675
0.99997578
0.99997564
0.99997468
0.99997454
0.99997357
0.99997344
0.99997246
0.99997234
0.99997136
0.99997123
0.99997025
0.99997013
0.99996915
0.99996903
0.99996804
0.99996793
0.99996694
0.99996683
0.99996583
0.99996572
0.99996473
0.99996462
0.99996362
0.99996352
0.99996251
0.99996242
0.99996141
0.99996131
0.9999603
0.99996021
0.9999592
0.99995911
0.99995809
0.99995801
0.99995699
0.99995691
0.99995588
0.9999558
0.99995477
0.9999547
0.99995367
0.9999536
0.99995256
0.9999525
0.99995146
0.99995139
0.99995035
0.99995029
0.99994925
0.99994919
0.99994814
0.99994809
0.99994703
0.99994699
0.99994593
0.99994588
0.99994482
0.99994478
0.99994372
0.99994368
0.99994261
0.99994258
0.99994151
0.99994148
0.9999404
0.99994037
0.99993929
0.99993927
0.99993819
0.99993817
0.99993708
0.99993707
0.99993598
0.99993597
0.99993487
0.99993487
0.99993376
0.9999999
0.99999899
0.9999988
0.99999789
0.99999769
0.99999678
0.99999659
0.99999568
0.99999549
0.99999457
0.99999439
0.99999347
0.99999328
0.99999236
0.99999218
0.99999126
0.99999108
0.99999015
0.99998998
0.99998905
0.99998887
0.99998794
0.99998777
0.99998684
0.99998667
0.99998573
0.99998557
0.99998462
0.99998446
0.99998352
0.99998336
0.99998241
0.99998226
0.99998131
0.99998116
0.9999802
0.99998005
0.9999791
0.99997895
0.99997799
0.99997785
0.99997689
0.99997675
0.99997578
0.99997564
0.99997468
0.99997454
0.99997357
0.99997344
0.99997246
0.99997234
0.99997136
0.99997123
0.99997025
0.99997013
0.99996915
0.99996903
0.99996804
0.99996793
0.99996694
0.99996683
0.99996583
0.99996572
0.99996473
0.99996462
0.99996362
0.99996352
0.99996251
0.99996242
0.99996141
0.99996131
0.9999603
0.99996021
0.9999592
0.99995911
0.99995809
0.99995801
0.99995699
0.99995691
0.99995588
0.9999558
0.99995477
0.9999547
0.99995367
0.9999536
0.99995256
0.9999525
0.99995146
0.99995139
0.99995035
0.99995029
0.99994925
0.99994919
0.99994814
0.99994809
0.99994703
0.99994699
0.99994593
0.99994588
0.99994482
0.99994478
0.99994372
0.99994368
0.99994261
0.99994258
0.99994151
0.99994148
0.9999404
0.99994037
0.99993929
0.99993927
0.99993819
0.99993817
0.99993708
0.99993707
0.99993598
0.99993597
0.99993487
0.99993487
0.99993376
0.9999999
0.99999899
0.9999988
0.99999789
0.99999769
0.99999678
0.99999659
0.99999568
0.99999549
0.99999457
0.99999439
0.99999347
0.99999328
0.99999236
0.99999218
0.99999126
0.99999108
0.99999015
0.99998998
0.99998905
0.99998887
0.99998794
0.99998777
0.99998684
0.99998667
0.99998573
0.99998557
0.99998462
0.99998446
0.99998352
0.99998336
0.99998241
0.99998226
0.99998131
0.99998116
0.9999802
0.99998005
0.9999791
0.99997895
0.99997799
0.99997785
0.99997689
0.99997675
0.99997578
0.99997564
0.99997468
0.99997454
0.99997357
0.99997344
0.99997246
0.99997234
0.99997136
0.99997123
0.99997025
0.99997013
0.99996915
0.99996903
0.99996804
0.99996793
0.99996694
0.99996683
0.99996583
0.99996572
0.99996473
0.99996462
0.99996362
0.99996352
0.99996251
0.99996242
0.99996141
0.99996131
0.9999603
0.99996021
0.9999592
0.99995911
0.99995809
0.99995801
0.99995699
0.99995691
0.99995588
0.9999558
0.99995477
0.9999547
0.99995367
0.9999536
0.99995256
0.9999525
0.99995146
0.99995139
0.99995035
0.99995029
0.99994925
0.99994919
0.99994814
0.99994809
0.99994703
0.99994699
0.99994593
0.99994588
0.99994482
0.99994478
0.99994372
0.99994368
0.99994261
0.99994258
0.99994151
0.99994148
0.9999404
0.99994037
0.99993929
0.99993927
0.99993819
0.99993817
0.99993708
0.99993707
0.99993598
0.99993597
0.99993487
0.99993487
0.99993376
0.9999999
0.99999899
0.9999988
0.99999789
0.99999769
0.99999678
0.99999659
0.99999568
0.99999549
0.99999457
0.99999439
0.99999347
0.99999328
0.99999236
0.99999218
0.99999126
0.99999108
0.99999015
0.99998998
0.99998905
0.99998887
0.99998794
0.99998777
0.99998684
0.99998667
0.99998573
0.99998557
0.99998462
0.99998446
0.99998352
0.99998336
0.99998241
0.99998226
0.99998131
0.99998116
0.9999802
0.99998005
0.9999791
0.99997895
0.99997799
0.99997785
0.99997689
0.99997675
0.99997578
0.99997564
0.99997468
0.99997454
0.99997357
0.99997344
0.99997246
0.99997234
0.99997136
0.99997123
0.99997025
0.99997013
0.99996915
0.99996903
0.99996804
0.99996793
0.99996694
0.99996683
0.99996583
0.99996572
0.99996473
0.99996462
0.99996362
0.99996352
0.99996251
0.99996242
0.99996141
0.99996131
0.9999603
0.99996021
0.9999592
0.99995911
0.99995809
0.99995801
0.99995699
0.99995691
0.99995588
0.9999558
0.99995477
0.9999547
0.99995367
0.9999536
0.99995256
0.9999525
0.99995146
0.99995139
0.99995035
0.99995029
0.99994925
0.99994919
0.99994814
0.99994809
0.99994703
0.99994699
0.99994593
0.99994588
0.99994482
0.99994478
0.99994372
0.99994368
0.99994261
0.99994258
0.99994151
0.99994148
0.9999404
0.99994037
0.99993929
0.99993927
0.99993819
0.99993817
0.99993708
0.99993707
0.99993598
0.99993597
0.99993487
0.99993487
0.99993376
0.9999999
0.99999899
0.9999988
0.99999789
0.99999769
0.99999678
0.99999659
0.99999568
0.99999549
0.99999457
0.99999439
0.99999347
0.99999328
0.99999236
0.99999218
0.99999126
0.99999108
0.99999015
0.99998998
0.99998905
0.99998887
0.99998794
0.99998777
0.99998684
0.99998667
0.99998573
0.99998557
0.99998462
0.99998446
0.99998352
0.99998336
0.99998241
0.99998226
0.99998131
0.99998116
0.9999802
0.99998005
0.9999791
0.99997895
0.99997799
0.99997785
0.99997689
0.99997675
0.99997578
0.99997564
0.99997468
0.99997454
0.99997357
0.99997344
0.99997246
0.99997234
0.99997136
0.99997123
0.99997025
0.99997013
0.99996915
0.99996903
0.99996804
0.99996793
0.99996694
0.99996683
0.99996583
0.99996572
0.99996473
0.99996462
0.99996362
0.99996352
0.99996251
0.99996242
0.99996141
0.99996131
0.9999603
0.99996021
0.9999592
0.99995911
0.99995809
0.99995801
0.99995699
0.99995691
0.99995588
0.9999558
0.99995477
0.9999547
0.99995367
0.9999536
0.99995256
0.9999525
0.99995146
0.99995139
0.99995035
0.99995029
0.99994925
0.99994919
0.99994814
0.99994809
0.99994703
0.99994699
0.99994593
0.99994588
0.99994482
0.99994478
0.99994372
0.99994368
0.99994261
0.99994258
0.99994151
0.99994148
0.9999404
0.99994037
0.99993929
0.99993927
0.99993819
0.99993817
0.99993708
0.99993707
0.99993598
0.99993597
0.99993487
0.99993487
0.99993376
0.9999999
0.99999899
0.9999988
0.99999789
0.99999769
0.99999678
0.99999659
0.99999568
0.99999549
0.99999457
0.99999439
0.99999347
0.99999328
0.99999236
0.99999218
0.99999126
0.99999108
0.99999015
0.99998998
0.99998905
0.99998887
0.99998794
0.99998777
0.99998684
0.99998667
0.99998573
0.99998557
0.99998462
0.99998446
0.99998352
0.99998336
0.99998241
0.99998226
0.99998131
0.99998116
0.9999802
0.99998005
0.9999791
0.99997895
0.99997799
0.99997785
0.99997689
0.99997675
0.99997578
0.99997564
0.99997468
0.99997454
0.99997357
0.99997344
0.99997246
0.99997234
0.99997136
0.99997123
0.99997025
0.99997013
0.99996915
0.99996903
0.99996804
0.99996793
0.99996694
0.99996683
0.99996583
0.99996572
0.99996473
0.99996462
0.99996362
0.99996352
0.99996251
0.99996242
0.99996141
0.99996131
0.9999603
0.99996021
0.9999592
0.99995911
0.99995809
0.99995801
0.99995699
0.99995691
0.99995588
0.9999558
0.99995477
0.9999547
0.99995367
0.9999536
0.99995256
0.9999525
0.99995146
0.99995139
0.99995035
0.99995029
0.99994925
0.99994919
0.99994814
0.99994809
0.99994703
0.99994699
0.99994593
0.99994588
0.99994482
0.99994478
0.99994372
0.99994368
0.99994261
0.99994258
0.99994151
0.99994148
0.9999404
0.99994037
0.99993929
0.99993927
0.99993819
0.99993817
0.99993708
0.99993707
0.99993598
0.99993597
0.99993487
0.99993487
0.99993376
0.9999999
0.99999899
0.9999988
0.99999789
0.99999769
0.99999678
0.99999659
0.99999568
0.99999549
0.99999457
0.99999439
0.99999347
0.99999328
0.99999236
0.99999218
0.99999126
0.99999108
0.99999015
0.99998998
0.99998905
0.99998887
0.99998794
0.99998777
0.99998684
0.99998667
0.99998573
0.99998557
0.99998462
0.99998446
0.99998352
0.99998336
0.99998241
0.99998226
0.99998131
0.99998116
0.9999802
0.99998005
0.9999791
0.99997895
0.99997799
0.99997785
0.99997689
0.99997675
0.99997578
0.99997564
0.99997468
0.99997454
0.99997357
0.99997344
0.99997246
0.99997234
0.99997136
0.99997123
0.99997025
0.99997013
0.99996915
0.99996903
0.99996804
0.99996793
0.99996694
0.99996683
0.99996583
0.99996572
0.99996473
0.99996462
0.99996362
0.99996352
0.99996251
0.99996242
0.99996141
0.99996131
0.9999603
0.99996021
0.9999592
0.99995911
0.99995809
0.99995801
0.99995699
0.99995691
0.99995588
0.9999558
0.99995477
0.9999547
0.99995367
0.9999536
0.99995256
0.9999525
0.99995146
0.99995139
0.99995035
0.99995029
0.99994925
0.99994919
0.99994814
0.99994809
0.99994703
0.99994699
0.99994593
0.99994588
0.99994482
0.99994478
0.99994372
0.99994368
0.99994261
0.99994258
0.99994151
0.99994148
0.9999404
0.99994037
0.99993929
0.99993927
0.99993819
0.99993817
0.99993708
0.99993707
0.99993598
0.99993597
0.99993487
0.99993487
0.99993376
0.9999999
0.99999899
0.9999988
0.99999789
0.99999769
0.99999678
0.99999659
0.99999568
0.99999549
0.99999457
0.99999439
0.99999347
0.99999328
0.99999236
0.99999218
0.99999126
0.99999108
0.99999015
0.99998998
0.99998905
0.99998887
0.99998794
0.99998777
0.99998684
0.99998667
0.99998573
0.99998557
0.99998462
0.99998446
0.99998352
0.99998336
0.99998241
0.99998226
0.99998131
0.99998116
0.9999802
0.99998005
0.9999791
0.99997895
0.99997799
0.99997785
0.99997689
0.99997675
0.99997578
0.99997564
0.99997468
0.99997454
0.99997357
0.99997344
0.99997246
0.99997234
0.99997136
0.99997123
0.99997025
0.99997013
0.99996915
0.99996903
0.99996804
0.99996793
0.99996694
0.99996683
0.99996583
0.99996572
0.99996473
0.99996462
0.99996362
0.99996352
0.99996251
0.99996242
0.99996141
0.99996131
0.9999603
0.99996021
0.9999592
0.99995911
0.99995809
0.99995801
0.99995699
0.99995691
0.99995588
0.9999558
0.99995477
0.9999547
0.99995367
0.9999536
0.99995256
0.9999525
0.99995146
0.99995139
0.99995035
0.99995029
0.99994925
0.99994919
0.99994814
0.99994809
0.99994703
0.99994699
0.99994593
0.99994588
0.99994482
0.99994478
0.99994372
0.99994368
0.99994261
0.99994258
0.99994151
0.99994148
0.9999404
0.99994037
0.99993929
0.99993927
0.99993819
0.99993817
0.99993708
0.99993707
0.99993598
0.99993597
0.99993487
0.99993487
0.99993376
0.9999999
0.99999899
0.9999988
0.99999789
0.99999769
0.99999678
0.99999659
0.99999568
0.99999549
0.99999457
0.99999439
0.99999347
0.99999328
0.99999236
0.99999218
0.99999126
0.99999108
0.99999015
0.99998998
0.99998905
0.99998887
0.99998794
0.99998777
0.99998684
0.99998667
0.99998573
0.99998557
0.99998462
0.99998446
0.99998352
0.99998336
0.99998241
0.99998226
0.99998131
0.99998116
0.9999802
0.99998005
0.9999791
0.99997895
0.99997799
0.99997785
0.99997689
0.99997675
0.99997578
0.99997564
0.99997468
0.99997454
0.99997357
0.99997344
0.99997246
0.99997234
0.99997136
0.99997123
0.99997025
0.99997013
0.99996915
0.99996903
0.99996804
0.99996793
0.99996694
0.99996683
0.99996583
0.99996572
0.99996473
0.99996462
0.99996362
0.99996352
0.99996251
0.99996242
0.99996141
0.99996131
0.9999603
0.99996021
0.9999592
0.99995911
0.99995809
0.99995801
0.99995699
0.99995691
0.99995588
0.9999558
0.99995477
0.9999547
0.99995367
0.9999536
0.99995256
0.9999525
0.99995146
0.99995139
0.99995035
0.99995029
0.99994925
0.99994919
0.99994814
0.99994809
0.99994703
0.99994699
0.99994593
0.99994588
0.99994482
0.99994478
0.99994372
0.99994368
0.99994261
0.99994258
0.99994151
0.99994148
0.9999404
0.99994037
0.99993929
0.99993927
0.99993819
0.99993817
0.99993708
0.99993707
0.99993598
0.99993597
0.99993487
0.99993487
0.99993376
0.9999999
0.99999899
0.9999988
0.99999789
0.99999769
0.99999678
0.99999659
0.99999568
0.99999549
0.99999457
0.99999439
0.99999347
0.99999328
0.99999236
0.99999218
0.99999126
0.99999108
0.99999015
0.99998998
0.99998905
0.99998887
0.99998794
0.99998777
0.99998684
0.99998667
0.99998573
0.99998557
0.99998462
0.99998446
0.99998352
0.99998336
0.99998241
0.99998226
0.99998131
0.99998116
0.9999802
0.99998005
0.9999791
0.99997895
0.99997799
0.99997785
0.99997689
0.99997675
0.99997578
0.99997564
0.99997468
0.99997454
0.99997357
0.99997344
0.99997246
0.99997234
0.99997136
0.99997123
0.99997025
0.99997013
0.99996915
0.99996903
0.99996804
0.99996793
0.99996694
0.99996683
0.99996583
0.99996572
0.99996473
0.99996462
0.99996362
0.99996352
0.99996251
0.99996242
0.99996141
0.99996131
0.9999603
0.99996021
0.9999592
0.99995911
0.99995809
0.99995801
0.99995699
0.99995691
0.99995588
0.9999558
0.99995477
0.9999547
0.99995367
0.9999536
0.99995256
0.9999525
0.99995146
0.99995139
0.99995035
0.99995029
0.99994925
0.99994919
0.99994814
0.99994809
0.99994703
0.99994699
0.99994593
0.99994588
0.99994482
0.99994478
0.99994372
0.99994368
0.99994261
0.99994258
0.99994151
0.99994148
0.9999404
0.99994037
0.99993929
0.99993927
0.99993819
0.99993817
0.99993708
0.99993707
0.99993598
0.99993597
0.99993487
0.99993487
0.99993376
0.9999999
0.99999899
0.9999988
0.99999789
0.99999769
0.99999678
0.99999659
0.99999568
0.99999549
0.99999457
0.99999439
0.99999347
0.99999328
0.99999236
0.99999218
0.99999126
0.99999108
0.99999015
0.99998998
0.99998905
0.99998887
0.99998794
0.99998777
0.99998684
0.99998667
0.99998573
0.99998557
0.99998462
0.99998446
0.99998352
0.99998336
0.99998241
0.99998226
0.99998131
0.99998116
0.9999802
0.99998005
0.9999791
0.99997895
0.99997799
0.99997785
0.99997689
0.99997675
0.99997578
0.99997564
0.99997468
0.99997454
0.99997357
0.99997344
0.99997246
0.99997234
0.99997136
0.99997123
0.99997025
0.99997013
0.99996915
0.99996903
0.99996804
0.99996793
0.99996694
0.99996683
0.99996583
0.99996572
0.99996473
0.99996462
0.99996362
0.99996352
0.99996251
0.99996242
0.99996141
0.99996131
0.9999603
0.99996021
0.9999592
0.99995911
0.99995809
0.99995801
0.99995699
0.99995691
0.99995588
0.9999558
0.99995477
0.9999547
0.99995367
0.9999536
0.99995256
0.9999525
0.99995146
0.99995139
0.99995035
0.99995029
0.99994925
0.99994919
0.99994814
0.99994809
0.99994703
0.99994699
0.99994593
0.99994588
0.99994482
0.99994478
0.99994372
0.99994368
0.99994261
0.99994258
0.99994151
0.99994148
0.9999404
0.99994037
0.99993929
0.99993927
0.99993819
0.99993817
0.99993708
0.99993707
0.99993598
0.99993597
0.99993487
0.99993487
0.99993376
0.9999999
0.99999899
0.9999988
0.99999789
0.99999769
0.99999678
0.99999659
0.99999568
0.99999549
0.99999457
0.99999439
0.99999347
0.99999328
0.99999236
0.99999218
0.99999126
0.99999108
0.99999015
0.99998998
0.99998905
0.99998887
0.99998794
0.99998777
0.99998684
0.99998667
0.99998573
0.99998557
0.99998462
0.99998446
0.99998352
0.99998336
0.99998241
0.99998226
0.99998131
0.99998116
0.9999802
0.99998005
0.9999791
0.99997895
0.99997799
0.99997785
0.99997689
0.99997675
0.99997578
0.99997564
0.99997468
0.99997454
0.99997357
0.99997344
0.99997246
0.99997234
0.99997136
0.99997123
0.99997025
0.99997013
0.99996915
0.99996903
0.99996804
0.99996793
0.99996694
0.99996683
0.99996583
0.99996572
0.99996473
0.99996462
0.99996362
0.99996352
0.99996251
0.99996242
0.99996141
0.99996131
0.9999603
0.99996021
0.9999592
0.99995911
0.99995809
0.99995801
0.99995699
0.99995691
0.99995588
0.9999558
0.99995477
0.9999547
0.99995367
0.9999536
0.99995256
0.9999525
0.99995146
0.99995139
0.99995035
0.99995029
0.99994925
0.99994919
0.99994814
0.99994809
0.99994703
0.99994699
0.99994593
0.99994588
0.99994482
0.99994478
0.99994372
0.99994368
0.99994261
0.99994258
0.99994151
0.99994148
0.9999404
0.99994037
0.99993929
0.99993927
0.99993819
0.99993817
0.99993708
0.99993707
0.99993598
0.99993597
0.99993487
0.99993487
0.99993376
0.9999999
0.99999899
0.9999988
0.99999789
0.99999769
0.99999678
0.99999659
0.99999568
0.99999549
0.99999457
0.99999439
0.99999347
0.99999328
0.99999236
0.99999218
0.99999126
0.99999108
0.99999015
0.99998998
0.99998905
0.99998887
0.99998794
0.99998777
0.99998684
0.99998667
0.99998573
0.99998557
0.99998462
0.99998446
0.99998352
0.99998336
0.99998241
0.99998226
0.99998131
0.99998116
0.9999802
0.99998005
0.9999791
0.99997895
0.99997799
0.99997785
0.99997689
0.99997675
0.99997578
0.99997564
0.99997468
0.99997454
0.99997357
0.99997344
0.99997246
0.99997234
0.99997136
0.99997123
0.99997025
0.99997013
0.99996915
0.99996903
0.99996804
0.99996793
0.99996694
0.99996683
0.99996583
0.99996572
0.99996473
0.99996462
0.99996362
0.99996352
0.99996251
0.99996242
0.99996141
0.99996131
0.9999603
0.99996021
0.9999592
0.99995911
0.99995809
0.99995801
0.99995699
0.99995691
0.99995588
0.9999558
0.99995477
0.9999547
0.99995367
0.9999536
0.99995256
0.9999525
0.99995146
0.99995139
0.99995035
0.99995029
0.99994925
0.99994919
0.99994814
0.99994809
0.99994703
0.99994699
0.99994593
0.99994588
0.99994482
0.99994478
0.99994372
0.99994368
0.99994261
0.99994258
0.99994151
0.99994148
0.9999404
0.99994037
0.99993929
0.99993927
0.99993819
0.99993817
0.99993708
0.99993707
0.99993598
0.99993597
0.99993487
0.99993487
0.99993376
0.9999999
0.99999899
0.9999988
0.99999789
0.99999769
0.99999678
0.99999659
0.99999568
0.99999549
0.99999457
0.99999439
0.99999347
0.99999328
0.99999236
0.99999218
0.99999126
0.99999108
0.99999015
0.99998998
0.99998905
0.99998887
0.99998794
0.99998777
0.99998684
0.99998667
0.99998573
0.99998557
0.99998462
0.99998446
0.99998352
0.99998336
0.99998241
0.99998226
0.99998131
0.99998116
0.9999802
0.99998005
0.9999791
0.99997895
0.99997799
0.99997785
0.99997689
0.99997675
0.99997578
0.99997564
0.99997468
0.99997454
0.99997357
0.99997344
0.99997246
0.99997234
0.99997136
0.99997123
0.99997025
0.99997013
0.99996915
0.99996903
0.99996804
0.99996793
0.99996694
0.99996683
0.99996583
0.99996572
0.99996473
0.99996462
0.99996362
0.99996352
0.99996251
0.99996242
0.99996141
0.99996131
0.9999603
0.99996021
0.9999592
0.99995911
0.99995809
0.99995801
0.99995699
0.99995691
0.99995588
0.9999558
0.99995477
0.9999547
0.99995367
0.9999536
0.99995256
0.9999525
0.99995146
0.99995139
0.99995035
0.99995029
0.99994925
0.99994919
0.99994814
0.99994809
0.99994703
0.99994699
0.99994593
0.99994588
0.99994482
0.99994478
0.99994372
0.99994368
0.99994261
0.99994258
0.99994151
0.99994148
0.9999404
0.99994037
0.99993929
0.99993927
0.99993819
0.99993817
0.99993708
0.99993707
0.99993598
0.99993597
0.99993487
0.99993487
0.99993376
0.9999999
0.99999899
0.9999988
0.99999789
0.99999769
0.99999678
0.99999659
0.99999568
0.99999549
0.99999457
0.99999439
0.99999347
0.99999328
0.99999236
0.99999218
0.99999126
0.99999108
0.99999015
0.99998998
0.99998905
0.99998887
0.99998794
0.99998777
0.99998684
0.99998667
0.99998573
0.99998557
0.99998462
0.99998446
0.99998352
0.99998336
0.99998241
0.99998226
0.99998131
0.99998116
0.9999802
0.99998005
0.9999791
0.99997895
0.99997799
0.99997785
0.99997689
0.99997675
0.99997578
0.99997564
0.99997468
0.99997454
0.99997357
0.99997344
0.99997246
0.99997234
0.99997136
0.99997123
0.99997025
0.99997013
0.99996915
0.99996903
0.99996804
0.99996793
0.99996694
0.99996683
0.99996583
0.99996572
0.99996473
0.99996462
0.99996362
0.99996352
0.99996251
0.99996242
0.99996141
0.99996131
0.9999603
0.99996021
0.9999592
0.99995911
0.99995809
0.99995801
0.99995699
0.99995691
0.99995588
0.9999558
0.99995477
0.9999547
0.99995367
0.9999536
0.99995256
0.9999525
0.99995146
0.99995139
0.99995035
0.99995029
0.99994925
0.99994919
0.99994814
0.99994809
0.99994703
0.99994699
0.99994593
0.99994588
0.99994482
0.99994478
0.99994372
0.99994368
0.99994261
0.99994258
0.99994151
0.99994148
0.9999404
0.99994037
0.99993929
0.99993927
0.99993819
0.99993817
0.99993708
0.99993707
0.99993598
0.99993597
0.99993487
0.99993487
0.99993376
0.9999999
0.99999899
0.9999988
0.99999789
0.99999769
0.99999678
0.99999659
0.99999568
0.99999549
0.99999457
0.99999439
0.99999347
0.99999328
0.99999236
0.99999218
0.99999126
0.99999108
0.99999015
0.99998998
0.99998905
0.99998887
0.99998794
0.99998777
0.99998684
0.99998667
0.99998573
0.99998557
0.99998462
0.99998446
0.99998352
0.99998336
0.99998241
0.99998226
0.99998131
0.99998116
0.9999802
0.99998005
0.9999791
0.99997895
0.99997799
0.99997785
0.99997689
0.99997675
0.99997578
0.99997564
0.99997468
0.99997454
0.99997357
0.99997344
0.99997246
0.99997234
0.99997136
0.99997123
0.99997025
0.99997013
0.99996915
0.99996903
0.99996804
0.99996793
0.99996694
0.99996683
0.99996583
0.99996572
0.99996473
0.99996462
0.99996362
0.99996352
0.99996251
0.99996242
0.99996141
0.99996131
0.9999603
0.99996021
0.9999592
0.99995911
0.99995809
0.99995801
0.99995699
0.99995691
0.99995588
0.9999558
0.99995477
0.9999547
0.99995367
0.9999536
0.99995256
0.9999525
0.99995146
0.99995139
0.99995035
0.99995029
0.99994925
0.99994919
0.99994814
0.99994809
0.99994703
0.99994699
0.99994593
0.99994588
0.99994482
0.99994478
0.99994372
0.99994368
0.99994261
0.99994258
0.99994151
0.99994148
0.9999404
0.99994037
0.99993929
0.99993927
0.99993819
0.99993817
0.99993708
0.99993707
0.99993598
0.99993597
0.99993487
0.99993487
0.99993376
0.9999999
0.99999899
0.9999988
0.99999789
0.99999769
0.99999678
0.99999659
0.99999568
0.99999549
0.99999457
0.99999439
0.99999347
0.99999328
0.99999236
0.99999218
0.99999126
0.99999108
0.99999015
0.99998998
0.99998905
0.99998887
0.99998794
0.99998777
0.99998684
0.99998667
0.99998573
0.99998557
0.99998462
0.99998446
0.99998352
0.99998336
0.99998241
0.99998226
0.99998131
0.99998116
0.9999802
0.99998005
0.9999791
0.99997895
0.99997799
0.99997785
0.99997689
0.99997675
0.99997578
0.99997564
0.99997468
0.99997454
0.99997357
0.99997344
0.99997246
0.99997234
0.99997136
0.99997123
0.99997025
0.99997013
0.99996915
0.99996903
0.99996804
0.99996793
0.99996694
0.99996683
0.99996583
0.99996572
0.99996473
0.99996462
0.99996362
0.99996352
0.99996251
0.99996242
0.99996141
0.99996131
0.9999603
0.99996021
0.9999592
0.99995911
0.99995809
0.99995801
0.99995699
0.99995691
0.99995588
0.9999558
0.99995477
0.9999547
0.99995367
0.9999536
0.99995256
0.9999525
0.99995146
0.99995139
0.99995035
0.99995029
0.99994925
0.99994919
0.99994814
0.99994809
0.99994703
0.99994699
0.99994593
0.99994588
0.99994482
0.99994478
0.99994372
0.99994368
0.99994261
0.99994258
0.99994151
0.99994148
0.9999404
0.99994037
0.99993929
0.99993927
0.99993819
0.99993817
0.99993708
0.99993707
0.99993598
0.99993597
0.99993487
0.99993487
0.99993376
0.9999999
0.99999899
0.9999988
0.99999789
0.99999769
0.99999678
0.99999659
0.99999568
0.99999549
0.99999457
0.99999439
0.99999347
0.99999328
0.99999236
0.99999218
0.99999126
0.99999108
0.99999015
0.99998998
0.99998905
0.99998887
0.99998794
0.99998777
0.99998684
0.99998667
0.99998573
0.99998557
0.99998462
0.99998446
0.99998352
0.99998336
0.99998241
0.99998226
0.99998131
0.99998116
0.9999802
0.99998005
0.9999791
0.99997895
0.99997799
0.99997785
0.99997689
0.99997675
0.99997578
0.99997564
0.99997468
0.99997454
0.99997357
0.99997344
0.99997246
0.99997234
0.99997136
0.99997123
0.99997025
0.99997013
0.99996915
0.99996903
0.99996804
0.99996793
0.99996694
0.99996683
0.99996583
0.99996572
0.99996473
0.99996462
0.99996362
0.99996352
0.99996251
0.99996242
0.99996141
0.99996131
0.9999603
0.99996021
0.9999592
0.99995911
0.99995809
0.99995801
0.99995699
0.99995691
0.99995588
0.9999558
0.99995477
0.9999547
0.99995367
0.9999536
0.99995256
0.9999525
0.99995146
0.99995139
0.99995035
0.99995029
0.99994925
0.99994919
0.99994814
0.99994809
0.99994703
0.99994699
0.99994593
0.99994588
0.99994482
0.99994478
0.99994372
0.99994368
0.99994261
0.99994258
0.99994151
0.99994148
0.9999404
0.99994037
0.99993929
0.99993927
0.99993819
0.99993817
0.99993708
0.99993707
0.99993598
0.99993597
0.99993487
0.99993487
0.99993376
0.9999999
0.99999899
0.9999988
0.99999789
0.99999769
0.99999678
0.99999659
0.99999568
0.99999549
0.99999457
0.99999439
0.99999347
0.99999328
0.99999236
0.99999218
0.99999126
0.99999108
0.99999015
0.99998998
0.99998905
0.99998887
0.99998794
0.99998777
0.99998684
0.99998667
0.99998573
0.99998557
0.99998462
0.99998446
0.99998352
0.99998336
0.99998241
0.99998226
0.99998131
0.99998116
0.9999802
0.99998005
0.9999791
0.99997895
0.99997799
0.99997785
0.99997689
0.99997675
0.99997578
0.99997564
0.99997468
0.99997454
0.99997357
0.99997344
0.99997246
0.99997234
0.99997136
0.99997123
0.99997025
0.99997013
0.99996915
0.99996903
0.99996804
0.99996793
0.99996694
0.99996683
0.99996583
0.99996572
0.99996473
0.99996462
0.99996362
0.99996352
0.99996251
0.99996242
0.99996141
0.99996131
0.9999603
0.99996021
0.9999592
0.99995911
0.99995809
0.99995801
0.99995699
0.99995691
0.99995588
0.9999558
0.99995477
0.9999547
0.99995367
0.9999536
0.99995256
0.9999525
0.99995146
0.99995139
0.99995035
0.99995029
0.99994925
0.99994919
0.99994814
0.99994809
0.99994703
0.99994699
0.99994593
0.99994588
0.99994482
0.99994478
0.99994372
0.99994368
0.99994261
0.99994258
0.99994151
0.99994148
0.9999404
0.99994037
0.99993929
0.99993927
0.99993819
0.99993817
0.99993708
0.99993707
0.99993598
0.99993597
0.99993487
0.99993487
0.99993376
0.9999999
0.99999899
0.9999988
0.99999789
0.99999769
0.99999678
0.99999659
0.99999568
0.99999549
0.99999457
0.99999439
0.99999347
0.99999328
0.99999236
0.99999218
0.99999126
0.99999108
0.99999015
0.99998998
0.99998905
0.99998887
0.99998794
0.99998777
0.99998684
0.99998667
0.99998573
0.99998557
0.99998462
0.99998446
0.99998352
0.99998336
0.99998241
0.99998226
0.99998131
0.99998116
0.9999802
0.99998005
0.9999791
0.99997895
0.99997799
0.99997785
0.99997689
0.99997675
0.99997578
0.99997564
0.99997468
0.99997454
0.99997357
0.99997344
0.99997246
0.99997234
0.99997136
0.99997123
0.99997025
0.99997013
0.99996915
0.99996903
0.99996804
0.99996793
0.99996694
0.99996683
0.99996583
0.99996572
0.99996473
0.99996462
0.99996362
0.99996352
0.99996251
0.99996242
0.99996141
0.99996131
0.9999603
0.99996021
0.9999592
0.99995911
0.99995809
0.99995801
0.99995699
0.99995691
0.99995588
0.9999558
0.99995477
0.9999547
0.99995367
0.9999536
0.99995256
0.9999525
0.99995146
0.99995139
0.99995035
0.99995029
0.99994925
0.99994919
0.99994814
0.99994809
0.99994703
0.99994699
0.99994593
0.99994588
0.99994482
0.99994478
0.99994372
0.99994368
0.99994261
0.99994258
0.99994151
0.99994148
0.9999404
0.99994037
0.99993929
0.99993927
0.99993819
0.99993817
0.99993708
0.99993707
0.99993598
0.99993597
0.99993487
0.99993487
0.99993376
0.9999999
0.99999899
0.9999988
0.99999789
0.99999769
0.99999678
0.99999659
0.99999568
0.99999549
0.99999457
0.99999439
0.99999347
0.99999328
0.99999236
0.99999218
0.99999126
0.99999108
0.99999015
0.99998998
0.99998905
0.99998887
0.99998794
0.99998777
0.99998684
0.99998667
0.99998573
0.99998557
0.99998462
0.99998446
0.99998352
0.99998336
0.99998241
0.99998226
0.99998131
0.99998116
0.9999802
0.99998005
0.9999791
0.99997895
0.99997799
0.99997785
0.99997689
0.99997675
0.99997578
0.99997564
0.99997468
0.99997454
0.99997357
0.99997344
0.99997246
0.99997234
0.99997136
0.99997123
0.99997025
0.99997013
0.99996915
0.99996903
0.99996804
0.99996793
0.99996694
0.99996683
0.99996583
0.99996572
0.99996473
0.99996462
0.99996362
0.99996352
0.99996251
0.99996242
0.99996141
0.99996131
0.9999603
0.99996021
0.9999592
0.99995911
0.99995809
0.99995801
0.99995699
0.99995691
0.99995588
0.9999558
0.99995477
0.9999547
0.99995367
0.9999536
0.99995256
0.9999525
0.99995146
0.99995139
0.99995035
0.99995029
0.99994925
0.99994919
0.99994814
0.99994809
0.99994703
0.99994699
0.99994593
0.99994588
0.99994482
0.99994478
0.99994372
0.99994368
0.99994261
0.99994258
0.99994151
0.99994148
0.9999404
0.99994037
0.99993929
0.99993927
0.99993819
0.99993817
0.99993708
0.99993707
0.99993598
0.99993597
0.99993487
0.99993487
0.99993376
0.9999999
0.99999899
0.9999988
0.99999789
0.99999769
0.99999678
0.99999659
0.99999568
0.99999549
0.99999457
0.99999439
0.99999347
0.99999328
0.99999236
0.99999218
0.99999126
0.99999108
0.99999015
0.99998998
0.99998905
0.99998887
0.99998794
0.99998777
0.99998684
0.99998667
0.99998573
0.99998557
0.99998462
0.99998446
0.99998352
0.99998336
0.99998241
0.99998226
0.99998131
0.99998116
0.9999802
0.99998005
0.9999791
0.99997895
0.99997799
0.99997785
0.99997689
0.99997675
0.99997578
0.99997564
0.99997468
0.99997454
0.99997357
0.99997344
0.99997246
0.99997234
0.99997136
0.99997123
0.99997025
0.99997013
0.99996915
0.99996903
0.99996804
0.99996793
0.99996694
0.99996683
0.99996583
0.99996572
0.99996473
0.99996462
0.99996362
0.99996352
0.99996251
0.99996242
0.99996141
0.99996131
0.9999603
0.99996021
0.9999592
0.99995911
0.99995809
0.99995801
0.99995699
0.99995691
0.99995588
0.9999558
0.99995477
0.9999547
0.99995367
0.9999536
0.99995256
0.9999525
0.99995146
0.99995139
0.99995035
0.99995029
0.99994925
0.99994919
0.99994814
0.99994809
0.99994703
0.99994699
0.99994593
0.99994588
0.99994482
0.99994478
0.99994372
0.99994368
0.99994261
0.99994258
0.99994151
0.99994148
0.9999404
0.99994037
0.99993929
0.99993927
0.99993819
0.99993817
0.99993708
0.99993707
0.99993598
0.99993597
0.99993487
0.99993487
0.99993376
0.9999999
0.99999899
0.9999988
0.99999789
0.99999769
0.99999678
0.99999659
0.99999568
0.99999549
0.99999457
0.99999439
0.99999347
0.99999328
0.99999236
0.99999218
0.99999126
0.99999108
0.99999015
0.99998998
0.99998905
0.99998887
0.99998794
0.99998777
0.99998684
0.99998667
0.99998573
0.99998557
0.99998462
0.99998446
0.99998352
0.99998336
0.99998241
0.99998226
0.99998131
0.99998116
0.9999802
0.99998005
0.9999791
0.99997895
0.99997799
0.99997785
0.99997689
0.99997675
0.99997578
0.99997564
0.99997468
0.99997454
0.99997357
0.99997344
0.99997246
0.99997234
0.99997136
0.99997123
0.99997025
0.99997013
0.99996915
0.99996903
0.99996804
0.99996793
0.99996694
0.99996683
0.99996583
0.99996572
0.99996473
0.99996462
0.99996362
0.99996352
0.99996251
0.99996242
0.99996141
0.99996131
0.9999603
0.99996021
0.9999592
0.99995911
0.99995809
0.99995801
0.99995699
0.99995691
0.99995588
0.9999558
0.99995477
0.9999547
0.99995367
0.9999536
0.99995256
0.9999525
0.99995146
0.99995139
0.99995035
0.99995029
0.99994925
0.99994919
0.99994814
0.99994809
0.99994703
0.99994699
0.99994593
0.99994588
0.99994482
0.99994478
0.99994372
0.99994368
0.99994261
0.99994258
0.99994151
0.99994148
0.9999404
0.99994037
0.99993929
0.99993927
0.99993819
0.99993817
0.99993708
0.99993707
0.99993598
0.99993597
0.99993487
0.99993487
0.99993376
0.9999999
0.99999899
0.9999988
0.99999789
0.99999769
0.99999678
0.99999659
0.99999568
0.99999549
0.99999457
0.99999439
0.99999347
0.99999328
0.99999236
0.99999218
0.99999126
0.99999108
0.99999015
0.99998998
0.99998905
0.99998887
0.99998794
0.99998777
0.99998684
0.99998667
0.99998573
0.99998557
0.99998462
0.99998446
0.99998352
0.99998336
0.99998241
0.99998226
0.99998131
0.99998116
0.9999802
0.99998005
0.9999791
0.99997895
0.99997799
0.99997785
0.99997689
0.99997675
0.99997578
0.99997564
0.99997468
0.99997454
0.99997357
0.99997344
0.99997246
0.99997234
0.99997136
0.99997123
0.99997025
0.99997013
0.99996915
0.99996903
0.99996804
0.99996793
0.99996694
0.99996683
0.99996583
0.99996572
0.99996473
0.99996462
0.99996362
0.99996352
0.99996251
0.99996242
0.99996141
0.99996131
0.9999603
0.99996021
0.9999592
0.99995911
0.99995809
0.99995801
0.99995699
0.99995691
0.99995588
0.9999558
0.99995477
0.9999547
0.99995367
0.9999536
0.99995256
0.9999525
0.99995146
0.99995139
0.99995035
0.99995029
0.99994925
0.99994919
0.99994814
0.99994809
0.99994703
0.99994699
0.99994593
0.99994588
0.99994482
0.99994478
0.99994372
0.99994368
0.99994261
0.99994258
0.99994151
0.99994148
0.9999404
0.99994037
0.99993929
0.99993927
0.99993819
0.99993817
0.99993708
0.99993707
0.99993598
0.99993597
0.99993487
0.99993487
0.99993376
0.9999999
0.99999899
0.9999988
0.99999789
0.99999769
0.99999678
0.99999659
0.99999568
0.99999549
0.99999457
0.99999439
0.99999347
0.99999328
0.99999236
0.99999218
0.99999126
0.99999108
0.99999015
0.99998998
0.99998905
0.99998887
0.99998794
0.99998777
0.99998684
0.99998667
0.99998573
0.99998557
0.99998462
0.99998446
0.99998352
0.99998336
0.99998241
0.99998226
0.99998131
0.99998116
0.9999802
0.99998005
0.9999791
0.99997895
0.99997799
0.99997785
0.99997689
0.99997675
0.99997578
0.99997564
0.99997468
0.99997454
0.99997357
0.99997344
0.99997246
0.99997234
0.99997136
0.99997123
0.99997025
0.99997013
0.99996915
0.99996903
0.99996804
0.99996793
0.99996694
0.99996683
0.99996583
0.99996572
0.99996473
0.99996462
0.99996362
0.99996352
0.99996251
0.99996242
0.99996141
0.99996131
0.9999603
0.99996021
0.9999592
0.99995911
0.99995809
0.99995801
0.99995699
0.99995691
0.99995588
0.9999558
0.99995477
0.9999547
0.99995367
0.9999536
0.99995256
0.9999525
0.99995146
0.99995139
0.99995035
0.99995029
0.99994925
0.99994919
0.99994814
0.99994809
0.99994703
0.99994699
0.99994593
0.99994588
0.99994482
0.99994478
0.99994372
0.99994368
0.99994261
0.99994258
0.99994151
0.99994148
0.9999404
0.99994037
0.99993929
0.99993927
0.99993819
0.99993817
0.99993708
0.99993707
0.99993598
0.99993597
0.99993487
0.99993487
0.99993376
0.9999999
0.99999899
0.9999988
0.99999789
0.99999769
0.99999678
0.99999659
0.99999568
0.99999549
0.99999457
0.99999439
0.99999347
0.99999328
0.99999236
0.99999218
0.99999126
0.99999108
0.99999015
0.99998998
0.99998905
0.99998887
0.99998794
0.99998777
0.99998684
0.99998667
0.99998573
0.99998557
0.99998462
0.99998446
0.99998352
0.99998336
0.99998241
0.99998226
0.99998131
0.99998116
0.9999802
0.99998005
0.9999791
0.99997895
0.99997799
0.99997785
0.99997689
0.99997675
0.99997578
0.99997564
0.99997468
0.99997454
0.99997357
0.99997344
0.99997246
0.99997234
0.99997136
0.99997123
0.99997025
0.99997013
0.99996915
0.99996903
0.99996804
0.99996793
0.99996694
0.99996683
0.99996583
0.99996572
0.99996473
0.99996462
0.99996362
0.99996352
0.99996251
0.99996242
0.99996141
0.99996131
0.9999603
0.99996021
0.9999592
0.99995911
0.99995809
0.99995801
0.99995699
0.99995691
0.99995588
0.9999558
0.99995477
0.9999547
0.99995367
0.9999536
0.99995256
0.9999525
0.99995146
0.99995139
0.99995035
0.99995029
0.99994925
0.99994919
0.99994814
0.99994809
0.99994703
0.99994699
0.99994593
0.99994588
0.99994482
0.99994478
0.99994372
0.99994368
0.99994261
0.99994258
0.99994151
0.99994148
0.9999404
0.99994037
0.99993929
0.99993927
0.99993819
0.99993817
0.99993708
0.99993707
0.99993598
0.99993597
0.99993487
0.99993487
0.99993376
0.9999999
0.99999899
0.9999988
0.99999789
0.99999769
0.99999678
0.99999659
0.99999568
0.99999549
0.99999457
0.99999439
0.99999347
0.99999328
0.99999236
0.99999218
0.99999126
0.99999108
0.99999015
0.99998998
0.99998905
0.99998887
0.99998794
0.99998777
0.99998684
0.99998667
0.99998573
0.99998557
0.99998462
0.99998446
0.99998352
0.99998336
0.99998241
0.99998226
0.99998131
0.99998116
0.9999802
0.99998005
0.9999791
0.99997895
0.99997799
0.99997785
0.99997689
0.99997675
0.99997578
0.99997564
0.99997468
0.99997454
0.99997357
0.99997344
0.99997246
0.99997234
0.99997136
0.99997123
0.99997025
0.99997013
0.99996915
0.99996903
0.99996804
0.99996793
0.99996694
0.99996683
0.99996583
0.99996572
0.99996473
0.99996462
0.99996362
0.99996352
0.99996251
0.99996242
0.99996141
0.99996131
0.9999603
0.99996021
0.9999592
0.99995911
0.99995809
0.99995801
0.99995699
0.99995691
0.99995588
0.9999558
0.99995477
0.9999547
0.99995367
0.9999536
0.99995256
0.9999525
0.99995146
0.99995139
0.99995035
0.99995029
0.99994925
0.99994919
0.99994814
0.99994809
0.99994703
0.99994699
0.99994593
0.99994588
0.99994482
0.99994478
0.99994372
0.99994368
0.99994261
0.99994258
0.99994151
0.99994148
0.9999404
0.99994037
0.99993929
0.99993927
0.99993819
0.99993817
0.99993708
0.99993707
0.99993598
0.99993597
0.99993487
0.99993487
0.99993376
0.9999999
0.99999899
0.9999988
0.99999789
0.99999769
0.99999678
0.99999659
0.99999568
0.99999549
0.99999457
0.99999439
0.99999347
0.99999328
0.99999236
0.99999218
0.99999126
0.99999108
0.99999015
0.99998998
0.99998905
0.99998887
0.99998794
0.99998777
0.99998684
0.99998667
0.99998573
0.99998557
0.99998462
0.99998446
0.99998352
0.99998336
0.99998241
0.99998226
0.99998131
0.99998116
0.9999802
0.99998005
0.9999791
0.99997895
0.99997799
0.99997785
0.99997689
0.99997675
0.99997578
0.99997564
0.99997468
0.99997454
0.99997357
0.99997344
0.99997246
0.99997234
0.99997136
0.99997123
0.99997025
0.99997013
0.99996915
0.99996903
0.99996804
0.99996793
0.99996694
0.99996683
0.99996583
0.99996572
0.99996473
0.99996462
0.99996362
0.99996352
0.99996251
0.99996242
0.99996141
0.99996131
0.9999603
0.99996021
0.9999592
0.99995911
0.99995809
0.99995801
0.99995699
0.99995691
0.99995588
0.9999558
0.99995477
0.9999547
0.99995367
0.9999536
0.99995256
0.9999525
0.99995146
0.99995139
0.99995035
0.99995029
0.99994925
0.99994919
0.99994814
0.99994809
0.99994703
0.99994699
0.99994593
0.99994588
0.99994482
0.99994478
0.99994372
0.99994368
0.99994261
0.99994258
0.99994151
0.99994148
0.9999404
0.99994037
0.99993929
0.99993927
0.99993819
0.99993817
0.99993708
0.99993707
0.99993598
0.99993597
0.99993487
0.99993487
0.99993376
0.9999999
0.99999899
0.9999988
0.99999789
0.99999769
0.99999678
0.99999659
0.99999568
0.99999549
0.99999457
0.99999439
0.99999347
0.99999328
0.99999236
0.99999218
0.99999126
0.99999108
0.99999015
0.99998998
0.99998905
0.99998887
0.99998794
0.99998777
0.99998684
0.99998667
0.99998573
0.99998557
0.99998462
0.99998446
0.99998352
0.99998336
0.99998241
0.99998226
0.99998131
0.99998116
0.9999802
0.99998005
0.9999791
0.99997895
0.99997799
0.99997785
0.99997689
0.99997675
0.99997578
0.99997564
0.99997468
0.99997454
0.99997357
0.99997344
0.99997246
0.99997234
0.99997136
0.99997123
0.99997025
0.99997013
0.99996915
0.99996903
0.99996804
0.99996793
0.99996694
0.99996683
0.99996583
0.99996572
0.99996473
0.99996462
0.99996362
0.99996352
0.99996251
0.99996242
0.99996141
0.99996131
0.9999603
0.99996021
0.9999592
0.99995911
0.99995809
0.99995801
0.99995699
0.99995691
0.99995588
0.9999558
0.99995477
0.9999547
0.99995367
0.9999536
0.99995256
0.9999525
0.99995146
0.99995139
0.99995035
0.99995029
0.99994925
0.99994919
0.99994814
0.99994809
0.99994703
0.99994699
0.99994593
0.99994588
0.99994482
0.99994478
0.99994372
0.99994368
0.99994261
0.99994258
0.99994151
0.99994148
0.9999404
0.99994037
0.99993929
0.99993927
0.99993819
0.99993817
0.99993708
0.99993707
0.99993598
0.99993597
0.99993487
0.99993487
0.99993376
0.9999999
0.99999899
0.9999988
0.99999789
0.99999769
0.99999678
0.99999659
0.99999568
0.99999549
0.99999457
0.99999439
0.99999347
0.99999328
0.99999236
0.99999218
0.99999126
0.99999108
0.99999015
0.99998998
0.99998905
0.99998887
0.99998794
0.99998777
0.99998684
0.99998667
0.99998573
0.99998557
0.99998462
0.99998446
0.99998352
0.99998336
0.99998241
0.99998226
0.99998131
0.99998116
0.9999802
0.99998005
0.9999791
0.99997895
0.99997799
0.99997785
0.99997689
0.99997675
0.99997578
0.99997564
0.99997468
0.99997454
0.99997357
0.99997344
0.99997246
0.99997234
0.99997136
0.99997123
0.99997025
0.99997013
0.99996915
0.99996903
0.99996804
0.99996793
0.99996694
0.99996683
0.99996583
0.99996572
0.99996473
0.99996462
0.99996362
0.99996352
0.99996251
0.99996242
0.99996141
0.99996131
0.9999603
0.99996021
0.9999592
0.99995911
0.99995809
0.99995801
0.99995699
0.99995691
0.99995588
0.9999558
0.99995477
0.9999547
0.99995367
0.9999536
0.99995256
0.9999525
0.99995146
0.99995139
0.99995035
0.99995029
0.99994925
0.99994919
0.99994814
0.99994809
0.99994703
0.99994699
0.99994593
0.99994588
0.99994482
0.99994478
0.99994372
0.99994368
0.99994261
0.99994258
0.99994151
0.99994148
0.9999404
0.99994037
0.99993929
0.99993927
0.99993819
0.99993817
0.99993708
0.99993707
0.99993598
0.99993597
0.99993487
0.99993487
0.99993376
0.9999999
0.99999899
0.9999988
0.99999789
0.99999769
0.99999678
0.99999659
0.99999568
0.99999549
0.99999457
0.99999439
0.99999347
0.99999328
0.99999236
0.99999218
0.99999126
0.99999108
0.99999015
0.99998998
0.99998905
0.99998887
0.99998794
0.99998777
0.99998684
0.99998667
0.99998573
0.99998557
0.99998462
0.99998446
0.99998352
0.99998336
0.99998241
0.99998226
0.99998131
0.99998116
0.9999802
0.99998005
0.9999791
0.99997895
0.99997799
0.99997785
0.99997689
0.99997675
0.99997578
0.99997564
0.99997468
0.99997454
0.99997357
0.99997344
0.99997246
0.99997234
0.99997136
0.99997123
0.99997025
0.99997013
0.99996915
0.99996903
0.99996804
0.99996793
0.99996694
0.99996683
0.99996583
0.99996572
0.99996473
0.99996462
0.99996362
0.99996352
0.99996251
0.99996242
0.99996141
0.99996131
0.9999603
0.99996021
0.9999592
0.99995911
0.99995809
0.99995801
0.99995699
0.99995691
0.99995588
0.9999558
0.99995477
0.9999547
0.99995367
0.9999536
0.99995256
0.9999525
0.99995146
0.99995139
0.99995035
0.99995029
0.99994925
0.99994919
0.99994814
0.99994809
0.99994703
0.99994699
0.99994593
0.99994588
0.99994482
0.99994478
0.99994372
0.99994368
0.99994261
0.99994258
0.99994151
0.99994148
0.9999404
0.99994037
0.99993929
0.99993927
0.99993819
0.99993817
0.99993708
0.99993707
0.99993598
0.99993597
0.99993487
0.99993487
0.99993376
0.9999999
0.99999899
0.9999988
0.99999789
0.99999769
0.99999678
0.99999659
0.99999568
0.99999549
0.99999457
0.99999439
0.99999347
0.99999328
0.99999236
0.99999218
0.99999126
0.99999108
0.99999015
0.99998998
0.99998905
0.99998887
0.99998794
0.99998777
0.99998684
0.99998667
0.99998573
0.99998557
0.99998462
0.99998446
0.99998352
0.99998336
0.99998241
0.99998226
0.99998131
0.99998116
0.9999802
0.99998005
0.9999791
0.99997895
0.99997799
0.99997785
0.99997689
0.99997675
0.99997578
0.99997564
0.99997468
0.99997454
0.99997357
0.99997344
0.99997246
0.99997234
0.99997136
0.99997123
0.99997025
0.99997013
0.99996915
0.99996903
0.99996804
0.99996793
0.99996694
0.99996683
0.99996583
0.99996572
0.99996473
0.99996462
0.99996362
0.99996352
0.99996251
0.99996242
0.99996141
0.99996131
0.9999603
0.99996021
0.9999592
0.99995911
0.99995809
0.99995801
0.99995699
0.99995691
0.99995588
0.9999558
0.99995477
0.9999547
0.99995367
0.9999536
0.99995256
0.9999525
0.99995146
0.99995139
0.99995035
0.99995029
0.99994925
0.99994919
0.99994814
0.99994809
0.99994703
0.99994699
0.99994593
0.99994588
0.99994482
0.99994478
0.99994372
0.99994368
0.99994261
0.99994258
0.99994151
0.99994148
0.9999404
0.99994037
0.99993929
0.99993927
0.99993819
0.99993817
0.99993708
0.99993707
0.99993598
0.99993597
0.99993487
0.99993487
0.99993376
0.9999999
0.99999899
0.9999988
0.99999789
0.99999769
0.99999678
0.99999659
0.99999568
0.99999549
0.99999457
0.99999439
0.99999347
0.99999328
0.99999236
0.99999218
0.99999126
0.99999108
0.99999015
0.99998998
0.99998905
0.99998887
0.99998794
0.99998777
0.99998684
0.99998667
0.99998573
0.99998557
0.99998462
0.99998446
0.99998352
0.99998336
0.99998241
0.99998226
0.99998131
0.99998116
0.9999802
0.99998005
0.9999791
0.99997895
0.99997799
0.99997785
0.99997689
0.99997675
0.99997578
0.99997564
0.99997468
0.99997454
0.99997357
0.99997344
0.99997246
0.99997234
0.99997136
0.99997123
0.99997025
0.99997013
0.99996915
0.99996903
0.99996804
0.99996793
0.99996694
0.99996683
0.99996583
0.99996572
0.99996473
0.99996462
0.99996362
0.99996352
0.99996251
0.99996242
0.99996141
0.99996131
0.9999603
0.99996021
0.9999592
0.99995911
0.99995809
0.99995801
0.99995699
0.99995691
0.99995588
0.9999558
0.99995477
0.9999547
0.99995367
0.9999536
0.99995256
0.9999525
0.99995146
0.99995139
0.99995035
0.99995029
0.99994925
0.99994919
0.99994814
0.99994809
0.99994703
0.99994699
0.99994593
0.99994588
0.99994482
0.99994478
0.99994372
0.99994368
0.99994261
0.99994258
0.99994151
0.99994148
0.9999404
0.99994037
0.99993929
0.99993927
0.99993819
0.99993817
0.99993708
0.99993707
0.99993598
0.99993597
0.99993487
0.99993487
0.99993376
0.9999999
0.99999899
0.9999988
0.99999789
0.99999769
0.99999678
0.99999659
0.99999568
0.99999549
0.99999457
0.99999439
0.99999347
0.99999328
0.99999236
0.99999218
0.99999126
0.99999108
0.99999015
0.99998998
0.99998905
0.99998887
0.99998794
0.99998777
0.99998684
0.99998667
0.99998573
0.99998557
0.99998462
0.99998446
0.99998352
0.99998336
0.99998241
0.99998226
0.99998131
0.99998116
0.9999802
0.99998005
0.9999791
0.99997895
0.99997799
0.99997785
0.99997689
0.99997675
0.99997578
0.99997564
0.99997468
0.99997454
0.99997357
0.99997344
0.99997246
0.99997234
0.99997136
0.99997123
0.99997025
0.99997013
0.99996915
0.99996903
0.99996804
0.99996793
0.99996694
0.99996683
0.99996583
0.99996572
0.99996473
0.99996462
0.99996362
0.99996352
0.99996251
0.99996242
0.99996141
0.99996131
0.9999603
0.99996021
0.9999592
0.99995911
0.99995809
0.99995801
0.99995699
0.99995691
0.99995588
0.9999558
0.99995477
0.9999547
0.99995367
0.9999536
0.99995256
0.9999525
0.99995146
0.99995139
0.99995035
0.99995029
0.99994925
0.99994919
0.99994814
0.99994809
0.99994703
0.99994699
0.99994593
0.99994588
0.99994482
0.99994478
0.99994372
0.99994368
0.99994261
0.99994258
0.99994151
0.99994148
0.9999404
0.99994037
0.99993929
0.99993927
0.99993819
0.99993817
0.99993708
0.99993707
0.99993598
0.99993597
0.99993487
0.99993487
0.99993376
0.9999999
0.99999899
0.9999988
0.99999789
0.99999769
0.99999678
0.99999659
0.99999568
0.99999549
0.99999457
0.99999439
0.99999347
0.99999328
0.99999236
0.99999218
0.99999126
0.99999108
0.99999015
0.99998998
0.99998905
0.99998887
0.99998794
0.99998777
0.99998684
0.99998667
0.99998573
0.99998557
0.99998462
0.99998446
0.99998352
0.99998336
0.99998241
0.99998226
0.99998131
0.99998116
0.9999802
0.99998005
0.9999791
0.99997895
0.99997799
0.99997785
0.99997689
0.99997675
0.99997578
0.99997564
0.99997468
0.99997454
0.99997357
0.99997344
0.99997246
0.99997234
0.99997136
0.99997123
0.99997025
0.99997013
0.99996915
0.99996903
0.99996804
0.99996793
0.99996694
0.99996683
0.99996583
0.99996572
0.99996473
0.99996462
0.99996362
0.99996352
0.99996251
0.99996242
0.99996141
0.99996131
0.9999603
0.99996021
0.9999592
0.99995911
0.99995809
0.99995801
0.99995699
0.99995691
0.99995588
0.9999558
0.99995477
0.9999547
0.99995367
0.9999536
0.99995256
0.9999525
0.99995146
0.99995139
0.99995035
0.99995029
0.99994925
0.99994919
0.99994814
0.99994809
0.99994703
0.99994699
0.99994593
0.99994588
0.99994482
0.99994478
0.99994372
0.99994368
0.99994261
0.99994258
0.99994151
0.99994148
0.9999404
0.99994037
0.99993929
0.99993927
0.99993819
0.99993817
0.99993708
0.99993707
0.99993598
0.99993597
0.99993487
0.99993487
0.99993376
0.9999999
0.99999899
0.9999988
0.99999789
0.99999769
0.99999678
0.99999659
0.99999568
0.99999549
0.99999457
0.99999439
0.99999347
0.99999328
0.99999236
0.99999218
0.99999126
0.99999108
0.99999015
0.99998998
0.99998905
0.99998887
0.99998794
0.99998777
0.99998684
0.99998667
0.99998573
0.99998557
0.99998462
0.99998446
0.99998352
0.99998336
0.99998241
0.99998226
0.99998131
0.99998116
0.9999802
0.99998005
0.9999791
0.99997895
0.99997799
0.99997785
0.99997689
0.99997675
0.99997578
0.99997564
0.99997468
0.99997454
0.99997357
0.99997344
0.99997246
0.99997234
0.99997136
0.99997123
0.99997025
0.99997013
0.99996915
0.99996903
0.99996804
0.99996793
0.99996694
0.99996683
0.99996583
0.99996572
0.99996473
0.99996462
0.99996362
0.99996352
0.99996251
0.99996242
0.99996141
0.99996131
0.9999603
0.99996021
0.9999592
0.99995911
0.99995809
0.99995801
0.99995699
0.99995691
0.99995588
0.9999558
0.99995477
0.9999547
0.99995367
0.9999536
0.99995256
0.9999525
0.99995146
0.99995139
0.99995035
0.99995029
0.99994925
0.99994919
0.99994814
0.99994809
0.99994703
0.99994699
0.99994593
0.99994588
0.99994482
0.99994478
0.99994372
0.99994368
0.99994261
0.99994258
0.99994151
0.99994148
0.9999404
0.99994037
0.99993929
0.99993927
0.99993819
0.99993817
0.99993708
0.99993707
0.99993598
0.99993597
0.99993487
0.99993487
0.99993376
0.9999999
0.99999899
0.9999988
0.99999789
0.99999769
0.99999678
0.99999659
0.99999568
0.99999549
0.99999457
0.99999439
0.99999347
0.99999328
0.99999236
0.99999218
0.99999126
0.99999108
0.99999015
0.99998998
0.99998905
0.99998887
0.99998794
0.99998777
0.99998684
0.99998667
0.99998573
0.99998557
0.99998462
0.99998446
0.99998352
0.99998336
0.99998241
0.99998226
0.99998131
0.99998116
0.9999802
0.99998005
0.9999791
0.99997895
0.99997799
0.99997785
0.99997689
0.99997675
0.99997578
0.99997564
0.99997468
0.99997454
0.99997357
0.99997344
0.99997246
0.99997234
0.99997136
0.99997123
0.99997025
0.99997013
0.99996915
0.99996903
0.99996804
0.99996793
0.99996694
0.99996683
0.99996583
0.99996572
0.99996473
0.99996462
0.99996362
0.99996352
0.99996251
0.99996242
0.99996141
0.99996131
0.9999603
0.99996021
0.9999592
0.99995911
0.99995809
0.99995801
0.99995699
0.99995691
0.99995588
0.9999558
0.99995477
0.9999547
0.99995367
0.9999536
0.99995256
0.9999525
0.99995146
0.99995139
0.99995035
0.99995029
0.99994925
0.99994919
0.99994814
0.99994809
0.99994703
0.99994699
0.99994593
0.99994588
0.99994482
0.99994478
0.99994372
0.99994368
0.99994261
0.99994258
0.99994151
0.99994148
0.9999404
0.99994037
0.99993929
0.99993927
0.99993819
0.99993817
0.99993708
0.99993707
0.99993598
0.99993597
0.99993487
0.99993487
0.99993376
0.9999999
0.99999899
0.9999988
0.99999789
0.99999769
0.99999678
0.99999659
0.99999568
0.99999549
0.99999457
0.99999439
0.99999347
0.99999328
0.99999236
0.99999218
0.99999126
0.99999108
0.99999015
0.99998998
0.99998905
0.99998887
0.99998794
0.99998777
0.99998684
0.99998667
0.99998573
0.99998557
0.99998462
0.99998446
0.99998352
0.99998336
0.99998241
0.99998226
0.99998131
0.99998116
0.9999802
0.99998005
0.9999791
0.99997895
0.99997799
0.99997785
0.99997689
0.99997675
0.99997578
0.99997564
0.99997468
0.99997454
0.99997357
0.99997344
0.99997246
0.99997234
0.99997136
0.99997123
0.99997025
0.99997013
0.99996915
0.99996903
0.99996804
0.99996793
0.99996694
0.99996683
0.99996583
0.99996572
0.99996473
0.99996462
0.99996362
0.99996352
0.99996251
0.99996242
0.99996141
0.99996131
0.9999603
0.99996021
0.9999592
0.99995911
0.99995809
0.99995801
0.99995699
0.99995691
0.99995588
0.9999558
0.99995477
0.9999547
0.99995367
0.9999536
0.99995256
0.9999525
0.99995146
0.99995139
0.99995035
0.99995029
0.99994925
0.99994919
0.99994814
0.99994809
0.99994703
0.99994699
0.99994593
0.99994588
0.99994482
0.99994478
0.99994372
0.99994368
0.99994261
0.99994258
0.99994151
0.99994148
0.9999404
0.99994037
0.99993929
0.99993927
0.99993819
0.99993817
0.99993708
0.99993707
0.99993598
0.99993597
0.99993487
0.99993487
0.99993376
0.9999999
0.99999899
0.9999988
0.99999789
0.99999769
0.99999678
0.99999659
0.99999568
0.99999549
0.99999457
0.99999439
0.99999347
0.99999328
0.99999236
0.99999218
0.99999126
0.99999108
0.99999015
0.99998998
0.99998905
0.99998887
0.99998794
0.99998777
0.99998684
0.99998667
0.99998573
0.99998557
0.99998462
0.99998446
0.99998352
0.99998336
0.99998241
0.99998226
0.99998131
0.99998116
0.9999802
0.99998005
0.9999791
0.99997895
0.99997799
0.99997785
0.99997689
0.99997675
0.99997578
0.99997564
0.99997468
0.99997454
0.99997357
0.99997344
0.99997246
0.99997234
0.99997136
0.99997123
0.99997025
0.99997013
0.99996915
0.99996903
0.99996804
0.99996793
0.99996694
0.99996683
0.99996583
0.99996572
0.99996473
0.99996462
0.99996362
0.99996352
0.99996251
0.99996242
0.99996141
0.99996131
0.9999603
0.99996021
0.9999592
0.99995911
0.99995809
0.99995801
0.99995699
0.99995691
0.99995588
0.9999558
0.99995477
0.9999547
0.99995367
0.9999536
0.99995256
0.9999525
0.99995146
0.99995139
0.99995035
0.99995029
0.99994925
0.99994919
0.99994814
0.99994809
0.99994703
0.99994699
0.99994593
0.99994588
0.99994482
0.99994478
0.99994372
0.99994368
0.99994261
0.99994258
0.99994151
0.99994148
0.9999404
0.99994037
0.99993929
0.99993927
0.99993819
0.99993817
0.99993708
0.99993707
0.99993598
0.99993597
0.99993487
0.99993487
0.99993376
0.9999999
0.99999899
0.9999988
0.99999789
0.99999769
0.99999678
0.99999659
0.99999568
0.99999549
0.99999457
0.99999439
0.99999347
0.99999328
0.99999236
0.99999218
0.99999126
0.99999108
0.99999015
0.99998998
0.99998905
0.99998887
0.99998794
0.99998777
0.99998684
0.99998667
0.99998573
0.99998557
0.99998462
0.99998446
0.99998352
0.99998336
0.99998241
0.99998226
0.99998131
0.99998116
0.9999802
0.99998005
0.9999791
0.99997895
0.99997799
0.99997785
0.99997689
0.99997675
0.99997578
0.99997564
0.99997468
0.99997454
0.99997357
0.99997344
0.99997246
0.99997234
0.99997136
0.99997123
0.99997025
0.99997013
0.99996915
0.99996903
0.99996804
0.99996793
0.99996694
0.99996683
0.99996583
0.99996572
0.99996473
0.99996462
0.99996362
0.99996352
0.99996251
0.99996242
0.99996141
0.99996131
0.9999603
0.99996021
0.9999592
0.99995911
0.99995809
0.99995801
0.99995699
0.99995691
0.99995588
0.9999558
0.99995477
0.9999547
0.99995367
0.9999536
0.99995256
0.9999525
0.99995146
0.99995139
0.99995035
0.99995029
0.99994925
0.99994919
0.99994814
0.99994809
0.99994703
0.99994699
0.99994593
0.99994588
0.99994482
0.99994478
0.99994372
0.99994368
0.99994261
0.99994258
0.99994151
0.99994148
0.9999404
0.99994037
0.99993929
0.99993927
0.99993819
0.99993817
0.99993708
0.99993707
0.99993598
0.99993597
0.99993487
0.99993487
0.99993376
0.9999999
0.99999899
0.9999988
0.99999789
0.99999769
0.99999678
0.99999659
0.99999568
0.99999549
0.99999457
0.99999439
0.99999347
0.99999328
0.99999236
0.99999218
0.99999126
0.99999108
0.99999015
0.99998998
0.99998905
0.99998887
0.99998794
0.99998777
0.99998684
0.99998667
0.99998573
0.99998557
0.99998462
0.99998446
0.99998352
0.99998336
0.99998241
0.99998226
0.99998131
0.99998116
0.9999802
0.99998005
0.9999791
0.99997895
0.99997799
0.99997785
0.99997689
0.99997675
0.99997578
0.99997564
0.99997468
0.99997454
0.99997357
0.99997344
0.99997246
0.99997234
0.99997136
0.99997123
0.99997025
0.99997013
0.99996915
0.99996903
0.99996804
0.99996793
0.99996694
0.99996683
0.99996583
0.99996572
0.99996473
0.99996462
0.99996362
0.99996352
0.99996251
0.99996242
0.99996141
0.99996131
0.9999603
0.99996021
0.9999592
0.99995911
0.99995809
0.99995801
0.99995699
0.99995691
0.99995588
0.9999558
0.99995477
0.9999547
0.99995367
0.9999536
0.99995256
0.9999525
0.99995146
0.99995139
0.99995035
0.99995029
0.99994925
0.99994919
0.99994814
0.99994809
0.99994703
0.99994699
0.99994593
0.99994588
0.99994482
0.99994478
0.99994372
0.99994368
0.99994261
0.99994258
0.99994151
0.99994148
0.9999404
0.99994037
0.99993929
0.99993927
0.99993819
0.99993817
0.99993708
0.99993707
0.99993598
0.99993597
0.99993487
0.99993487
0.99993376
0.9999999
0.99999899
0.9999988
0.99999789
0.99999769
0.99999678
0.99999659
0.99999568
0.99999549
0.99999457
0.99999439
0.99999347
0.99999328
0.99999236
0.99999218
0.99999126
0.99999108
0.99999015
0.99998998
0.99998905
0.99998887
0.99998794
0.99998777
0.99998684
0.99998667
0.99998573
0.99998557
0.99998462
0.99998446
0.99998352
0.99998336
0.99998241
0.99998226
0.99998131
0.99998116
0.9999802
0.99998005
0.9999791
0.99997895
0.99997799
0.99997785
0.99997689
0.99997675
0.99997578
0.99997564
0.99997468
0.99997454
0.99997357
0.99997344
0.99997246
0.99997234
0.99997136
0.99997123
0.99997025
0.99997013
0.99996915
0.99996903
0.99996804
0.99996793
0.99996694
0.99996683
0.99996583
0.99996572
0.99996473
0.99996462
0.99996362
0.99996352
0.99996251
0.99996242
0.99996141
0.99996131
0.9999603
0.99996021
0.9999592
0.99995911
0.99995809
0.99995801
0.99995699
0.99995691
0.99995588
0.9999558
0.99995477
0.9999547
0.99995367
0.9999536
0.99995256
0.9999525
0.99995146
0.99995139
0.99995035
0.99995029
0.99994925
0.99994919
0.99994814
0.99994809
0.99994703
0.99994699
0.99994593
0.99994588
0.99994482
0.99994478
0.99994372
0.99994368
0.99994261
0.99994258
0.99994151
0.99994148
0.9999404
0.99994037
0.99993929
0.99993927
0.99993819
0.99993817
0.99993708
0.99993707
0.99993598
0.99993597
0.99993487
0.99993487
0.99993376
0.9999999
0.99999899
0.9999988
0.99999789
0.99999769
0.99999678
0.99999659
0.99999568
0.99999549
0.99999457
0.99999439
0.99999347
0.99999328
0.99999236
0.99999218
0.99999126
0.99999108
0.99999015
0.99998998
0.99998905
0.99998887
0.99998794
0.99998777
0.99998684
0.99998667
0.99998573
0.99998557
0.99998462
0.99998446
0.99998352
0.99998336
0.99998241
0.99998226
0.99998131
0.99998116
0.9999802
0.99998005
0.9999791
0.99997895
0.99997799
0.99997785
0.99997689
0.99997675
0.99997578
0.99997564
0.99997468
0.99997454
0.99997357
0.99997344
0.99997246
0.99997234
0.99997136
0.99997123
0.99997025
0.99997013
0.99996915
0.99996903
0.99996804
0.99996793
0.99996694
0.99996683
0.99996583
0.99996572
0.99996473
0.99996462
0.99996362
0.99996352
0.99996251
0.99996242
0.99996141
0.99996131
0.9999603
0.99996021
0.9999592
0.99995911
0.99995809
0.99995801
0.99995699
0.99995691
0.99995588
0.9999558
0.99995477
0.9999547
0.99995367
0.9999536
0.99995256
0.9999525
0.99995146
0.99995139
0.99995035
0.99995029
0.99994925
0.99994919
0.99994814
0.99994809
0.99994703
0.99994699
0.99994593
0.99994588
0.99994482
0.99994478
0.99994372
0.99994368
0.99994261
0.99994258
0.99994151
0.99994148
0.9999404
0.99994037
0.99993929
0.99993927
0.99993819
0.99993817
0.99993708
0.99993707
0.99993598
0.99993597
0.99993487
0.99993487
0.99993376
0.9999999
0.99999899
0.9999988
0.99999789
0.99999769
0.99999678
0.99999659
0.99999568
0.99999549
0.99999457
0.99999439
0.99999347
0.99999328
0.99999236
0.99999218
0.99999126
0.99999108
0.99999015
0.99998998
0.99998905
0.99998887
0.99998794
0.99998777
0.99998684
0.99998667
0.99998573
0.99998557
0.99998462
0.99998446
0.99998352
0.99998336
0.99998241
0.99998226
0.99998131
0.99998116
0.9999802
0.99998005
0.9999791
0.99997895
0.99997799
0.99997785
0.99997689
0.99997675
0.99997578
0.99997564
0.99997468
0.99997454
0.99997357
0.99997344
0.99997246
0.99997234
0.99997136
0.99997123
0.99997025
0.99997013
0.99996915
0.99996903
0.99996804
0.99996793
0.99996694
0.99996683
0.99996583
0.99996572
0.99996473
0.99996462
0.99996362
0.99996352
0.99996251
0.99996242
0.99996141
0.99996131
0.9999603
0.99996021
0.9999592
0.99995911
0.99995809
0.99995801
0.99995699
0.99995691
0.99995588
0.9999558
0.99995477
0.9999547
0.99995367
0.9999536
0.99995256
0.9999525
0.99995146
0.99995139
0.99995035
0.99995029
0.99994925
0.99994919
0.99994814
0.99994809
0.99994703
0.99994699
0.99994593
0.99994588
0.99994482
0.99994478
0.99994372
0.99994368
0.99994261
0.99994258
0.99994151
0.99994148
0.9999404
0.99994037
0.99993929
0.99993927
0.99993819
0.99993817
0.99993708
0.99993707
0.99993598
0.99993597
0.99993487
0.99993487
0.99993376
0.9999999
0.99999899
0.9999988
0.99999789
0.99999769
0.99999678
0.99999659
0.99999568
0.99999549
0.99999457
0.99999439
0.99999347
0.99999328
0.99999236
0.99999218
0.99999126
0.99999108
0.99999015
0.99998998
0.99998905
0.99998887
0.99998794
0.99998777
0.99998684
0.99998667
0.99998573
0.99998557
0.99998462
0.99998446
0.99998352
0.99998336
0.99998241
0.99998226
0.99998131
0.99998116
0.9999802
0.99998005
0.9999791
0.99997895
0.99997799
0.99997785
0.99997689
0.99997675
0.99997578
0.99997564
0.99997468
0.99997454
0.99997357
0.99997344
0.99997246
0.99997234
0.99997136
0.99997123
0.99997025
0.99997013
0.99996915
0.99996903
0.99996804
0.99996793
0.99996694
0.99996683
0.99996583
0.99996572
0.99996473
0.99996462
0.99996362
0.99996352
0.99996251
0.99996242
0.99996141
0.99996131
0.9999603
0.99996021
0.9999592
0.99995911
0.99995809
0.99995801
0.99995699
0.99995691
0.99995588
0.9999558
0.99995477
0.9999547
0.99995367
0.9999536
0.99995256
0.9999525
0.99995146
0.99995139
0.99995035
0.99995029
0.99994925
0.99994919
0.99994814
0.99994809
0.99994703
0.99994699
0.99994593
0.99994588
0.99994482
0.99994478
0.99994372
0.99994368
0.99994261
0.99994258
0.99994151
0.99994148
0.9999404
0.99994037
0.99993929
0.99993927
0.99993819
0.99993817
0.99993708
0.99993707
0.99993598
0.99993597
0.99993487
0.99993487
0.99993376
0.9999999
0.99999899
0.9999988
0.99999789
0.99999769
0.99999678
0.99999659
0.99999568
0.99999549
0.99999457
0.99999439
0.99999347
0.99999328
0.99999236
0.99999218
0.99999126
0.99999108
0.99999015
0.99998998
0.99998905
0.99998887
0.99998794
0.99998777
0.99998684
0.99998667
0.99998573
0.99998557
0.99998462
0.99998446
0.99998352
0.99998336
0.99998241
0.99998226
0.99998131
0.99998116
0.9999802
0.99998005
0.9999791
0.99997895
0.99997799
0.99997785
0.99997689
0.99997675
0.99997578
0.99997564
0.99997468
0.99997454
0.99997357
0.99997344
0.99997246
0.99997234
0.99997136
0.99997123
0.99997025
0.99997013
0.99996915
0.99996903
0.99996804
0.99996793
0.99996694
0.99996683
0.99996583
0.99996572
0.99996473
0.99996462
0.99996362
0.99996352
0.99996251
0.99996242
0.99996141
0.99996131
0.9999603
0.99996021
0.9999592
0.99995911
0.99995809
0.99995801
0.99995699
0.99995691
0.99995588
0.9999558
0.99995477
0.9999547
0.99995367
0.9999536
0.99995256
0.9999525
0.99995146
0.99995139
0.99995035
0.99995029
0.99994925
0.99994919
0.99994814
0.99994809
0.99994703
0.99994699
0.99994593
0.99994588
0.99994482
0.99994478
0.99994372
0.99994368
0.99994261
0.99994258
0.99994151
0.99994148
0.9999404
0.99994037
0.99993929
0.99993927
0.99993819
0.99993817
0.99993708
0.99993707
0.99993598
0.99993597
0.99993487
0.99993487
0.99993376
)
;

boundaryField
{
    inlet
    {
        type            fixedValue;
        value           uniform 1;
    }
    outlet
    {
        type            zeroGradient;
    }
    top
    {
        type            cyclic;
    }
    bottom
    {
        type            cyclic;
    }
    frontAndBack
    {
        type            empty;
    }
}


// ************************************************************************* //
