/*--------------------------------*- C++ -*----------------------------------*\
| =========                 |                                                 |
| \\      /  F ield         | OpenFOAM: The Open Source CFD Toolbox           |
|  \\    /   O peration     | Version:  2412                                  |
|   \\  /    A nd           | Website:  www.openfoam.com                      |
|    \\/     M anipulation  |                                                 |
\*---------------------------------------------------------------------------*/
FoamFile
{
    version     2.0;
    format      ascii;
    arch        "LSB;label=32;scalar=64";
    class       volScalarField;
    location    "300";
    object      p;
}
// * * * * * * * * * * * * * * * * * * * * * * * * * * * * * * * * * * * * * //

dimensions      [0 2 -2 0 0 0 0];

internalField   nonuniform List<scalar> 
10720
(
181.715
230.733
276.518
313.229
337.727
348.258
349.018
340.455
319.983
291.458
257.77
220.275
180.399
139.629
99.264
60.4225
23.6938
-9.72799
-39.4839
-64.4334
-84.3219
-98.1973
-106.678
-110.091
-110.35
-110.704
-111.06
-109.111
-104.63
-98.3536
-90.6296
-81.5232
-71.0288
-59.1047
-45.6656
-30.1171
-11.7053
14.0967
50.7852
125.578
64.6659
-12.4121
-99.112
-189.926
-282.925
-370.017
-438.159
-479.019
-499.983
-504.226
-493.825
-475.568
-453.841
-430.859
-410.825
-394.352
-382.303
-374.347
-369.861
-366.762
-361.75
-349.112
-329.16
-309.329
-291.92
-275.272
-257.544
-238.446
-218.088
-196.551
-173.913
-150.289
-125.573
-99.5511
-71.4044
-40.2022
-1.23626
45.5575
212.737
247.95
280.195
307.375
326.829
337.235
338.809
331.154
314.406
290.675
261.651
228.467
192.359
154.658
116.594
79.2515
43.4548
10.2556
-19.7035
-45.4526
-66.5044
-82.1393
-92.6571
-98.3504
-100.757
-102.425
-103.47
-102.49
-99.3413
-94.3029
-87.5229
-79.1079
-69.1351
-57.6117
-44.4765
-29.1551
-10.9189
14.7754
50.3494
174.258
129.723
76.1978
14.4528
-52.9176
-123.75
-193.193
-254.775
-304.955
-343.391
-368.347
-380.249
-383.954
-382.771
-378.48
-373.516
-368.731
-365.098
-362.843
-361.852
-360.502
-355.625
-343.078
-324.353
-305.62
-288.749
-272.391
-254.961
-236.19
-216.162
-194.932
-172.552
-149.129
-124.587
-98.7281
-70.7315
-39.6692
-0.767515
45.1456
209.896
241.272
269.856
293.722
310.823
320.733
323.169
317.572
304.124
283.913
258.108
227.81
194.195
158.489
121.901
85.5361
50.3614
17.3693
-12.6342
-38.7749
-60.4393
-77.019
-88.5339
-95.2941
-98.5988
-100.584
-101.658
-100.753
-97.6192
-92.5402
-85.7708
-77.4688
-67.6967
-56.4097
-43.4967
-28.3606
-10.2673
15.2295
49.7423
175.947
137.095
90.5925
35.7132
-24.8698
-89.4631
-154.981
-216.681
-269.875
-311.015
-339.447
-356.621
-365.198
-367.523
-365.547
-361.375
-356.559
-352.292
-349.143
-347.048
-344.692
-339.731
-329.16
-313.596
-297.145
-281.667
-266.359
-249.933
-232.087
-212.878
-192.356
-170.573
-147.638
-123.482
-97.9032
-70.1016
-39.1836
-0.462782
44.7616
206.217
232.45
256.755
277.395
292.524
301.932
305.047
301.232
290.585
273.763
251.582
224.918
194.763
162.161
128.207
93.9613
60.4047
28.505
-0.863189
-26.8489
-48.7642
-66.0234
-78.5149
-86.5244
-91.1247
-94.061
-95.8644
-95.7488
-93.424
-89.1389
-83.1153
-75.4513
-66.1746
-55.2477
-42.5842
-27.6221
-9.6637
15.5805
49.0571
177.959
145.772
106.953
61.1848
10.5634
-44.0796
-100.32
-154.205
-202.234
-242.226
-273.491
-296.767
-312.861
-322.998
-328.489
-330.813
-331.346
-331.165
-330.903
-330.63
-329.544
-326.004
-317.823
-304.858
-290.099
-275.592
-260.986
-245.228
-228.015
-209.416
-189.484
-168.255
-145.808
-122.066
-96.8267
-69.3101
-38.6443
-0.264064
44.2009
197.33
220.352
241.847
260.167
273.77
282.684
286.256
283.872
275.549
261.643
242.672
219.276
192.274
162.548
131.067
98.8289
66.8079
35.9624
7.20416
-18.6216
-40.7693
-58.6593
-72.0797
-81.242
-86.9777
-90.6664
-92.9255
-93.2248
-91.2819
-87.3072
-81.5185
-74.0295
-64.8966
-54.1077
-41.5839
-26.7671
-8.97186
15.9461
48.3011
172.522
144.462
110.568
70.3964
25.9148
-22.5557
-73.2189
-122.836
-168.621
-208.77
-242.219
-268.506
-287.825
-301.137
-309.626
-314.589
-317.26
-318.638
-319.357
-319.573
-318.749
-315.616
-308.446
-296.951
-283.44
-269.808
-255.89
-240.789
-224.184
-206.139
-186.714
-165.947
-143.911
-120.538
-95.6265
-68.4105
-38.0504
-0.129826
43.3656
187.345
207.612
226.713
243.087
255.423
263.841
267.658
266.359
259.881
248.413
232.279
211.925
188
161.223
132.422
102.5
72.3837
42.9939
15.241
-10.0253
-32.0409
-50.2098
-64.2394
-74.2479
-80.8789
-85.2505
-88.0129
-88.8321
-87.4356
-83.9853
-78.6902
-71.6614
-62.9522
-52.5419
-40.3393
-25.7915
-8.24062
16.2767
47.4585
165.546
141.031
111.337
76.0646
37.0466
-5.71691
-50.7987
-95.3788
-137.149
-174.693
-206.934
-233.35
-254.285
-270.322
-282.144
-290.536
-296.353
-300.358
-303.103
-304.775
-305.023
-302.904
-297.168
-287.546
-275.684
-263.224
-250.2
-235.901
-220.03
-202.645
-183.812
-163.568
-141.98
-118.992
-94.4156
-67.509
-37.4893
-0.112276
42.2386
176.609
194.703
211.873
226.639
237.901
245.822
249.738
249.241
244.216
234.756
221.053
203.397
182.283
158.281
132.077
104.471
76.3076
48.4626
21.8248
-2.76557
-24.5365
-42.8744
-57.4223
-68.2069
-75.709
-80.8108
-84.1109
-85.4309
-84.5233
-81.5146
-76.6087
-69.9206
-61.505
-51.3434
-39.3474
-24.9796
-7.61746
16.4989
46.519
157.158
135.387
108.975
77.5177
42.7545
4.48715
-36.158
-76.6975
-115.187
-150.546
-181.844
-208.514
-230.607
-248.314
-262.049
-272.378
-280.011
-285.578
-289.564
-292.162
-293.15
-291.84
-287.304
-279.233
-268.754
-257.258
-244.952
-231.313
-216.069
-199.267
-180.973
-161.222
-140.068
-117.458
-93.2094
-66.6076
-36.9463
-0.187962
40.8637
165.857
182.126
197.66
211.057
221.383
228.814
232.728
232.807
228.917
221.094
209.443
194.15
175.578
154.166
130.473
105.182
79.0494
52.8881
27.5436
3.83079
-17.4796
-35.7601
-50.6046
-61.9514
-70.1387
-75.849
-79.6205
-81.395
-80.9678
-78.4273
-73.9605
-67.6784
-59.6312
-49.7983
-38.0904
-23.9845
-6.89204
16.7225
45.5369
148.376
128.895
105.225
76.978
45.7986
11.3729
-25.3798
-62.2276
-97.4937
-130.333
-159.926
-185.704
-207.647
-225.922
-240.807
-252.669
-261.963
-269.118
-274.48
-278.199
-280.127
-279.758
-276.405
-269.785
-260.697
-250.291
-238.866
-226.039
-211.558
-195.454
-177.793
-158.612
-137.959
-115.784
-91.9145
-65.6638
-36.3933
-0.316268
39.3421
155.332
170.068
184.204
196.426
205.923
212.878
216.722
217.207
214.202
207.708
197.782
184.529
168.214
149.167
127.83
104.774
80.6632
56.2319
32.2672
9.5482
-11.1675
-29.2465
-44.2459
-56.0261
-64.8015
-71.086
-75.3393
-77.5749
-77.624
-75.5399
-71.4923
-65.591
-57.8858
-48.3571
-36.9163
-23.0585
-6.23401
16.8542
44.4776
139.503
121.925
100.542
74.9757
46.7929
15.5958
-17.8459
-51.515
-83.9231
-114.415
-142.289
-167.016
-188.587
-207.086
-222.644
-235.478
-245.878
-254.141
-260.526
-265.139
-267.877
-268.365
-266.089
-260.793
-253.009
-243.651
-233.053
-220.968
-207.181
-191.715
-174.643
-156
-135.829
-114.082
-90.5961
-64.7151
-35.8565
-0.512092
37.7362
145.211
158.632
171.555
182.753
191.511
198.011
201.742
202.507
200.19
194.774
186.29
174.788
160.46
143.547
124.389
103.461
81.327
58.64
36.1201
14.5031
-5.48344
-23.2087
-38.2009
-50.2553
-59.4806
-66.2486
-70.9329
-73.5892
-74.0873
-72.4512
-68.8294
-63.3266
-55.9887
-46.7935
-35.6518
-22.0786
-5.56533
16.9319
43.3512
130.794
114.839
95.4058
72.1298
46.505
18.0865
-12.4803
-43.3376
-73.1524
-101.407
-127.495
-150.926
-171.71
-189.906
-205.588
-218.905
-230.032
-239.142
-246.391
-251.831
-255.364
-256.7
-255.442
-251.365
-244.819
-236.513
-226.788
-215.497
-202.463
-187.697
-171.267
-153.211
-133.565
-112.285
-89.2171
-63.7425
-35.3369
-0.78724
36.0493
135.569
147.851
159.714
170.012
178.103
184.17
187.764
188.721
186.937
182.397
175.117
165.114
152.521
137.512
120.348
101.41
81.1721
60.2051
39.158
18.7107
-0.447499
-17.6967
-32.5487
-44.7442
-54.3041
-61.4817
-66.5648
-69.6217
-70.5525
-69.3541
-66.1516
-61.0425
-54.0693
-45.2078
-34.37
-21.0934
-4.91414
16.9494
42.1646
122.375
107.811
90.0577
68.7561
45.3329
19.3153
-8.74334
-37.127
-64.6246
-90.8204
-115.183
-137.271
-157.12
-174.788
-190.318
-203.804
-215.347
-225.023
-232.913
-239.022
-243.249
-245.355
-245.026
-242.057
-236.66
-229.368
-220.5
-209.985
-197.686
-183.608
-167.814
-150.344
-131.23
-110.428
-87.7978
-62.7567
-34.8443
-1.14705
34.2784
126.444
137.728
148.657
158.158
165.646
171.307
174.746
175.825
174.459
170.633
164.36
155.635
144.553
131.235
115.876
98.7795
80.3377
61.0405
41.4634
22.2267
3.97573
-12.6906
-27.278
-39.4862
-49.2631
-56.7642
-62.1951
-65.6167
-66.9522
-66.1759
-63.3877
-58.675
-52.0753
-43.5614
-33.0456
-20.0904
-4.27777
16.9054
40.9209
114.317
100.966
84.672
65.0935
43.5859
19.6669
-6.18359
-32.3749
-57.7895
-82.0906
-104.81
-125.544
-144.352
-161.301
-176.424
-189.79
-201.461
-211.456
-219.791
-226.428
-231.254
-234.058
-234.577
-232.616
-228.29
-221.987
-213.982
-204.259
-192.714
-179.346
-164.212
-147.352
-128.794
-108.498
-86.3324
-61.7583
-34.3799
-1.59177
32.4265
117.843
128.248
138.345
147.135
154.076
159.359
162.635
163.785
162.746
159.507
154.077
146.443
136.673
124.849
111.113
95.7055
78.944
61.2448
43.1112
25.1014
7.81098
-8.18819
-22.4059
-34.5121
-44.3972
-52.1379
-57.8646
-61.6163
-63.3288
-62.9573
-60.5741
-56.2547
-50.0306
-41.8713
-31.69
-19.0761
-3.65878
16.8029
39.6253
106.659
94.3683
79.358
61.2934
41.4694
19.3955
-4.50186
-28.7376
-52.2806
-74.8501
-96.029
-115.447
-133.182
-149.317
-163.882
-176.944
-188.541
-198.653
-207.255
-214.278
-219.596
-223.008
-224.284
-223.232
-219.889
-214.524
-207.361
-198.418
-187.62
-174.961
-160.493
-144.254
-126.269
-106.498
-84.823
-60.7481
-33.9433
-2.11835
30.5002
109.758
119.384
128.737
136.885
143.33
148.264
151.373
152.559
151.778
149.021
144.3
137.599
128.966
118.458
106.175
92.3029
77.0999
60.9133
44.1788
27.3924
11.0965
-4.17034
-17.9292
-29.8312
-39.7231
-47.6196
-53.5847
-57.6261
-59.6831
-59.6952
-57.7059
-53.7762
-47.9307
-40.1346
-30.3021
-18.0513
-3.05936
16.6445
38.2839
99.4113
88.061
74.1841
57.4633
39.1278
18.6919
-3.46358
-25.9509
-47.8061
-68.7963
-88.54
-106.697
-123.361
-138.627
-152.532
-165.147
-176.5
-186.556
-195.267
-202.539
-208.234
-212.16
-214.098
-213.858
-211.415
-206.938
-200.6
-192.431
-182.381
-170.439
-156.649
-141.045
-123.65
-104.428
-83.2704
-59.7284
-33.5358
-2.72006
28.5085
102.176
111.102
119.788
127.356
133.35
137.959
140.903
142.101
141.522
139.163
135.042
129.14
121.495
112.143
101.154
88.6729
74.9048
60.1371
44.7418
29.1551
13.8681
-0.61892
-13.8462
-25.4553
-35.2619
-43.2332
-49.3766
-53.6654
-56.0322
-56.4042
-54.7946
-51.2484
-45.7819
-38.3559
-28.8855
-17.0188
-2.48096
16.4326
36.9037
92.5756
82.0615
69.1964
53.6743
36.6662
17.6928
-2.90244
-23.8156
-44.1461
-63.692
-82.1059
-99.0709
-114.692
-129.075
-142.263
-154.338
-165.328
-175.195
-183.882
-191.281
-197.246
-201.586
-204.093
-204.569
-202.938
-199.29
-193.745
-186.334
-177.021
-165.795
-152.687
-137.73
-120.942
-102.289
-81.6756
-58.7001
-33.159
-3.39206
26.4623
95.0716
103.369
111.452
118.495
124.078
128.386
131.168
132.36
131.94
129.913
126.301
121.086
114.299
105.963
96.1267
84.8995
72.444
58.9965
44.8712
30.4488
16.1682
2.49006
-10.1489
-21.3904
-31.0297
-38.9992
-45.26
-49.7503
-52.3895
-53.0944
-51.8475
-48.6767
-43.5883
-36.5383
-27.4428
-15.9808
-1.92534
16.171
35.4913
86.1438
76.3786
64.4197
49.9747
34.1569
16.4978
-2.69198
-22.1821
-41.1285
-59.3539
-76.5384
-92.3837
-107.003
-120.509
-132.955
-144.43
-154.973
-164.548
-173.098
-180.513
-186.644
-191.302
-194.282
-195.378
-194.474
-191.593
-186.804
-180.131
-171.546
-161.032
-148.611
-134.311
-118.145
-100.083
-80.0402
-57.6647
-32.8131
-4.12739
24.3704
88.4222
96.1504
103.688
110.253
115.459
119.491
122.118
123.29
122.997
121.248
118.068
113.446
107.406
99.9642
91.1508
81.0505
69.7902
57.5627
44.6326
31.3284
18.0389
5.18435
-6.82486
-17.637
-27.0368
-34.9335
-41.2517
-45.8963
-48.7693
-49.7777
-48.8743
-46.0682
-41.3552
-34.6859
-25.9773
-14.9401
-1.39321
15.8637
34.0535
80.1023
71.0115
59.8697
46.3979
31.6523
15.1812
-2.73502
-20.9348
-38.6199
-55.6365
-71.6842
-86.4822
-100.148
-112.802
-124.5
-135.346
-145.386
-154.593
-162.919
-170.256
-176.457
-181.339
-184.701
-186.327
-186.064
-183.883
-179.808
-173.846
-165.971
-156.162
-144.429
-130.793
-115.264
-97.8118
-78.366
-56.6231
-32.4978
-4.91954
22.2413
82.203
89.4148
96.4546
102.585
107.445
111.222
113.701
114.845
114.652
113.137
110.33
106.22
100.833
94.1765
86.2714
77.1817
67.006
55.901
44.0876
31.8478
19.5231
7.49405
-3.85731
-14.1923
-23.2919
-31.0516
-37.3692
-42.1201
-45.1869
-46.467
-45.8853
-43.4312
-39.089
-32.8034
-24.4927
-13.8988
-0.885465
15.5157
32.5986
74.4348
65.9543
55.5532
42.9644
29.1912
13.7976
-2.95904
-19.9812
-36.5153
-52.4214
-67.4184
-81.24
-94.0075
-105.841
-116.805
-127.01
-136.513
-145.3
-153.331
-160.511
-166.7
-171.72
-175.374
-177.44
-177.736
-176.187
-172.777
-167.496
-160.311
-151.195
-140.148
-127.181
-112.3
-95.4779
-76.6548
-55.5761
-32.2123
-5.76054
20.0865
76.3887
83.1299
89.7165
95.4475
99.9919
103.533
105.872
106.982
106.871
105.554
103.066
99.4026
94.5856
88.6218
81.5236
73.3393
64.1453
54.0684
43.2921
32.0572
20.6624
9.45005
-1.2286
-11.0504
-19.7994
-27.3654
-33.6274
-38.4369
-41.6569
-43.1752
-42.8911
-40.7743
-36.7963
-30.8962
-22.9929
-12.8597
-0.402365
15.132
31.1342
69.1232
61.1979
51.4713
39.6871
26.8003
12.3891
-3.30751
-19.2519
-34.7296
-49.6136
-63.6385
-76.552
-88.475
-99.5281
-109.78
-119.348
-128.3
-136.633
-144.321
-151.28
-157.383
-162.462
-166.325
-168.748
-169.521
-168.535
-165.739
-161.101
-154.582
-146.144
-135.777
-123.482
-109.26
-93.0845
-74.9084
-54.5245
-31.9545
-6.64262
17.9164
70.9554
77.2671
83.4385
88.8037
93.0576
96.3809
98.5872
99.6613
99.6146
98.4671
96.2564
92.9822
88.6663
83.3144
76.9328
69.5592
61.2518
52.1131
42.2954
32.0038
21.4977
11.0833
1.0817
-8.20234
-16.5606
-23.8835
-30.0394
-34.8612
-38.194
-39.9156
-39.9036
-38.1072
-34.485
-28.9701
-21.4825
-11.8253
0.0561662
14.718
29.6683
64.1501
56.7317
47.6214
36.5734
24.4968
10.9864
-3.73766
-18.6913
-33.197
-47.138
-60.2637
-72.3321
-83.4622
-93.777
-103.346
-112.292
-120.691
-128.551
-135.861
-142.551
-148.51
-153.577
-157.572
-160.272
-161.447
-160.954
-158.717
-154.684
-148.801
-141.023
-131.327
-119.703
-106.148
-90.6355
-73.1294
-53.4684
-31.7221
-7.55697
15.7416
65.881
71.798
77.5876
82.6171
86.604
89.7256
91.8084
92.8444
92.8502
91.8483
89.8792
86.9461
83.0715
78.2604
72.5164
65.8683
58.3609
50.0769
41.1425
31.7313
22.0683
12.4262
3.09702
-5.63511
-13.5731
-20.612
-26.6165
-31.4067
-34.8123
-36.7017
-36.9347
-35.4399
-32.163
-27.0314
-19.9658
-10.798
0.490804
14.28
28.2093
59.4971
52.5433
43.9981
33.6267
22.2942
9.61111
-4.21688
-18.2577
-31.8665
-44.9348
-57.2259
-68.5089
-78.8988
-88.5177
-97.437
-105.782
-113.634
-121.016
-127.926
-134.313
-140.076
-145.074
-149.133
-152.037
-153.539
-153.473
-151.739
-148.266
-142.987
-135.847
-126.809
-115.854
-102.971
-88.135
-71.32
-52.4082
-31.5117
-8.4942
13.5733
61.1426
66.6967
72.1348
76.8551
80.5961
83.5313
85.4989
86.4963
86.5443
85.6687
83.9113
81.2788
77.794
73.4626
68.2866
62.2882
55.5022
47.9952
39.8714
31.2782
22.4102
13.5094
4.8401
-3.33467
-10.8317
-17.554
-23.3673
-28.0849
-31.5253
-33.5468
-33.9968
-32.7832
-29.8393
-25.0871
-18.448
-9.78035
0.902264
13.8239
26.7658
55.1468
48.62
40.595
30.847
20.2004
8.2803
-4.72006
-17.9156
-30.6942
-42.9536
-54.4701
-65.0216
-74.7202
-83.685
-91.9888
-99.7581
-107.08
-113.986
-120.486
-126.545
-132.077
-136.955
-141.018
-144.057
-145.819
-146.115
-144.828
-141.87
-137.161
-130.632
-122.237
-111.944
-99.7357
-85.588
-69.483
-51.3434
-31.3198
-9.44531
11.4234
56.7192
61.9394
67.0524
71.4879
75.0027
77.7649
79.6252
80.5844
80.6676
79.9016
78.3306
75.9639
72.825
68.9203
64.2509
58.8348
52.6989
45.8967
38.5154
30.6792
22.5572
14.363
6.33477
-1.28559
-8.3293
-14.7098
-20.2983
-24.9063
-28.3453
-30.4642
-31.1022
-30.1481
-27.5233
-23.1445
-16.9341
-8.77464
1.29175
13.3556
25.3454
51.0822
44.9487
37.4035
28.2325
18.2194
7.00536
-5.2274
-17.6389
-29.6458
-41.1543
-51.9495
-61.8196
-70.8733
-79.2264
-86.9501
-94.172
-100.984
-107.423
-113.512
-119.227
-124.499
-129.218
-133.235
-136.35
-138.308
-138.904
-138.008
-135.518
-131.341
-125.396
-117.624
-107.985
-96.451
-82.9998
-67.621
-50.2737
-31.1414
-10.4005
9.30298
52.5916
57.503
62.3156
66.4877
69.7935
72.3963
74.1564
75.0785
75.1908
74.5215
73.1155
70.9848
68.1533
64.6292
60.4127
55.5192
49.9691
43.8064
37.1037
29.9665
22.5406
15.0156
7.60452
0.529155
-6.05619
-12.0773
-17.414
-21.8799
-25.2838
-27.4667
-28.2634
-27.546
-25.2248
-21.2116
-15.4296
-7.7834
1.66089
12.8816
23.9563
47.2863
41.517
34.4159
25.7793
16.3534
5.79494
-5.72432
-17.4058
-28.6956
-39.5044
-49.6275
-58.8623
-67.3138
-75.0939
-82.2732
-88.9782
-95.3017
-101.289
-106.972
-112.337
-117.33
-121.857
-125.787
-128.924
-131.022
-131.862
-131.302
-129.233
-125.548
-120.156
-112.986
-103.988
-93.1256
-80.3762
-65.737
-49.1983
-30.9716
-11.35
7.22367
48.7413
53.3664
57.9009
61.829
64.9415
67.397
69.0637
69.9503
70.0873
69.5034
68.2443
66.3241
63.7674
60.5835
56.7728
52.3485
47.3268
41.7441
35.6606
29.1666
22.3882
15.4928
8.67209
2.12766
-4.00082
-9.65169
-14.7156
-19.0118
-22.3499
-24.5655
-25.4922
-24.9882
-22.9536
-19.2961
-13.9399
-6.8086
2.01123
12.4078
22.6059
43.744
38.3116
31.6227
23.4834
14.603
4.6549
-6.19971
-17.2011
-27.8217
-37.9771
-47.4727
-56.1149
-64.0041
-71.2482
-77.9166
-84.1351
-89.9964
-95.5508
-100.836
-105.851
-110.555
-114.867
-118.673
-121.788
-123.974
-125.004
-124.731
-123.034
-119.802
-114.93
-108.338
-99.965
-89.7692
-77.7243
-63.8335
-48.1165
-30.8049
-12.2842
5.19693
45.1511
49.5103
53.7868
57.4889
60.4224
62.7413
64.3213
65.1742
65.3323
64.8244
63.6967
61.9649
59.6544
56.7754
53.3292
49.327
44.7823
39.7251
34.2064
28.303
22.1247
15.8194
9.55913
3.5271
-2.15189
-7.42775
-12.2038
-16.3072
-19.552
-21.7717
-22.8006
-22.486
-20.7197
-17.4064
-12.4704
-5.8529
2.34499
11.94
21.3013
40.4399
35.3206
29.0148
21.3389
12.9668
3.5879
-6.64527
-17.0109
-27.006
-36.5506
-45.4594
-53.5478
-60.9122
-67.6561
-73.847
-79.608
-85.0328
-90.1739
-95.0751
-99.7445
-104.154
-108.236
-111.891
-114.948
-117.177
-118.349
-118.313
-116.945
-114.123
-109.737
-103.697
-95.9309
-86.3914
-75.0502
-61.9145
-47.0268
-30.6356
-13.1933
3.2338
41.8047
45.9169
49.9529
53.4454
56.2129
58.4052
59.9051
60.7262
60.9022
60.4623
59.4528
57.8907
55.8015
53.1968
50.0782
46.4563
42.3424
37.7621
32.7578
27.3959
21.7722
16.018
10.2869
4.7451
-0.495622
-5.39773
-9.87607
-13.7691
-16.897
-19.0947
-20.1991
-20.0503
-18.5334
-15.5504
-11.0273
-4.91821
2.66382
11.483
20.0488
37.3597
32.532
26.5836
19.3398
11.4427
2.59574
-7.05579
-16.8255
-26.2347
-35.2074
-43.5667
-51.1369
-58.0104
-64.2868
-70.032
-75.365
-80.3786
-85.1285
-89.6617
-93.9952
-98.1099
-101.952
-105.436
-108.404
-110.637
-111.908
-112.065
-110.981
-108.531
-104.596
-99.0784
-91.8991
-83.0035
-72.3611
-59.9829
-45.9283
-30.4575
-14.0687
1.34427
38.6866
42.5686
46.3808
49.6782
52.2921
54.3668
55.7924
56.584
56.7756
56.3972
55.4943
54.0852
52.1957
49.8381
47.0151
43.7364
40.0121
35.864
31.3285
26.4625
21.3501
16.1082
10.8742
5.79889
0.980939
-3.55247
-7.72887
-11.3983
-14.3903
-16.5428
-17.6976
-17.6913
-16.4043
-13.7365
-9.61549
-4.00689
2.96936
11.0423
18.8537
34.4902
29.9344
24.3196
17.4803
10.0275
1.67865
-7.42708
-16.6377
-25.4969
-33.9328
-41.7772
-48.8623
-55.2771
-61.1163
-66.4449
-71.3779
-76.0068
-80.3877
-84.5714
-88.5801
-92.4042
-96.002
-99.3008
-102.156
-104.36
-105.693
-106.002
-105.161
-103.042
-99.5235
-94.4991
-87.8835
-79.6163
-69.6652
-58.0415
-44.8201
-30.2652
-14.9006
-0.462194
35.7828
39.4499
43.0532
46.1691
48.6404
50.606
51.9627
52.7265
52.9322
52.6093
51.8029
50.5327
48.8238
46.6897
44.1336
41.1655
37.794
34.0379
29.9291
25.517
20.8754
16.1081
11.339
6.7041
2.29081
-1.88311
-5.75751
-9.19484
-12.0354
-14.123
-15.3054
-15.4191
-14.3416
-11.9728
-8.24087
-3.12091
3.26421
10.6217
17.7209
31.8185
27.5168
22.2142
15.7541
8.71762
0.83643
-7.7568
-16.4414
-24.7837
-32.7155
-40.0763
-46.707
-52.6927
-58.1243
-63.0636
-67.6232
-71.8915
-75.9261
-79.7789
-83.477
-87.0185
-90.3715
-93.4753
-96.2003
-98.3485
-99.7107
-100.136
-99.5006
-97.6756
-94.5371
-89.9748
-83.8985
-76.2417
-66.9695
-56.0949
-43.7007
-30.0516
-15.6815
-2.17701
33.0798
36.546
39.9539
42.901
45.2394
47.1038
48.3965
49.1343
49.3528
49.0807
48.3622
47.218
45.6732
43.7414
41.4273
38.7401
35.6883
32.2884
28.568
24.5707
20.3615
16.0335
11.6973
7.47644
3.44791
-0.379131
-3.95531
-7.15637
-9.8342
-11.8401
-13.0298
-13.2421
-12.3543
-10.2664
-6.90861
-2.26232
3.54925
10.2254
16.6542
29.3326
25.2688
20.2586
14.1544
7.50882
0.0673513
-8.04361
-16.2329
-24.0887
-31.5458
-38.4523
-44.6567
-50.2403
-55.2911
-59.868
-64.0793
-68.0115
-71.7212
-75.2624
-78.6655
-81.9341
-85.0455
-87.9501
-90.5318
-92.6032
-93.9672
-94.4768
-94.0115
-92.445
-89.6527
-85.5217
-79.9576
-72.8906
-64.2824
-54.1459
-42.5692
-29.8123
-16.4035
-3.79283
30.5648
33.843
37.0683
39.8576
42.0725
43.8426
45.076
45.7899
46.0199
45.7943
45.1563
44.1267
42.7311
40.9832
38.8885
36.4565
33.6948
30.6183
27.2516
23.6334
19.8211
15.898
11.9639
8.13012
4.46475
0.970039
-2.3154
-5.27984
-7.78722
-9.69829
-10.8772
-11.1684
-10.4504
-8.62475
-5.62363
-1.43328
3.8261
9.85597
15.6563
27.0212
23.1803
18.4448
12.675
6.39707
-0.630639
-8.28679
-16.0096
-23.4068
-30.417
-36.8955
-42.6997
-47.907
-52.6015
-56.8405
-60.7276
-64.3467
-67.7536
-71.0024
-74.1263
-77.1341
-80.01
-82.7147
-85.1444
-87.1228
-88.4657
-89.032
-88.7056
-87.3643
-84.8851
-81.1542
-76.0748
-69.574
-61.6118
-52.1987
-41.4248
-29.5415
-17.0599
-5.303
28.2261
31.3281
34.3822
37.0243
39.1239
40.8064
41.9848
42.6767
42.9172
42.7341
42.1697
41.2451
39.9855
38.4051
36.5098
34.3095
31.8114
29.0291
25.9848
22.7127
19.2639
15.7135
12.1514
8.67816
5.35368
2.17441
-0.830146
-3.56063
-5.89357
-7.69978
-8.85276
-9.20463
-8.63709
-7.05419
-4.39064
-0.635854
4.09579
9.51579
14.7289
24.8737
21.2419
16.7644
11.3096
5.37772
-1.25994
-8.48704
-15.7696
-22.734
-29.323
-35.3989
-40.8269
-45.6815
-50.043
-53.9667
-57.552
-60.8795
-64.0045
-66.9803
-69.8417
-72.6015
-75.2502
-77.7571
-80.03
-81.9039
-83.2076
-83.8071
-83.592
-82.4456
-80.2479
-76.8861
-72.2628
-66.3031
-58.9651
-50.2572
-40.2672
-29.2345
-17.6446
-6.70185
26.0525
28.989
31.8827
34.387
36.3791
37.9799
39.1072
39.7785
40.0289
39.8851
39.3883
38.56
37.4247
35.997
34.2834
32.2939
30.0356
27.5211
24.7703
21.814
18.6981
15.49
12.271
9.13216
6.12602
3.24426
0.508541
-1.9936
-4.151
-5.84549
-6.95977
-7.35607
-6.92041
-5.56049
-3.21392
0.128247
4.35883
9.20642
13.8729
22.8797
19.4446
15.2097
10.0517
4.44615
-1.82344
-8.64561
-15.5117
-22.0678
-28.2594
-33.9559
-39.0302
-43.554
-47.6045
-51.2341
-54.5387
-57.5956
-60.458
-63.1797
-65.7954
-68.321
-70.7526
-73.0662
-75.1805
-76.9421
-78.1921
-78.8054
-78.678
-77.6989
-75.753
-72.73
-68.5336
-63.0884
-56.3504
-48.3253
-39.0962
-28.888
-18.1529
-7.98523
24.0335
26.8146
29.5575
31.9328
33.8244
35.349
36.4288
37.0811
37.3406
37.2332
36.7987
36.0587
35.0373
33.749
32.2012
30.4039
28.3638
26.0931
23.6098
20.9416
18.1302
15.2362
12.333
9.50317
6.79267
4.18967
1.70905
-0.572742
-2.55631
-4.13486
-5.20048
-5.62678
-5.30535
-4.14858
-2.09722
0.85682
4.61566
8.92859
13.0879
21.0297
17.7796
13.7735
8.89541
3.59774
-2.32428
-8.76332
-15.2361
-21.4062
-27.2224
-32.5609
-37.3028
-41.5162
-45.2756
-48.6314
-51.6752
-54.4807
-57.1001
-59.5852
-61.9718
-64.2776
-66.5028
-68.6298
-70.5868
-72.2318
-73.418
-74.0288
-73.9681
-73.1317
-71.4102
-68.6972
-64.8987
-59.9396
-53.7749
-46.4069
-37.9129
-28.4989
-18.5808
-9.1506
22.1592
24.7942
27.3953
29.6496
31.4472
32.9008
33.9364
34.5711
34.839
34.7652
34.3882
33.7295
32.8125
31.6519
30.2555
28.6332
26.7922
24.7435
22.504
20.0988
17.5654
14.9589
12.3457
9.8004
7.36343
5.02007
2.77962
0.708443
-1.10536
-2.5661
-3.57565
-4.01945
-3.79583
-2.82256
-1.04382
1.54826
4.86586
8.68206
12.3728
19.3146
16.2388
12.4484
7.83471
2.82792
-2.76551
-8.84223
-14.9427
-20.7479
-26.2093
-31.2106
-35.6393
-39.5619
-43.0494
-46.1501
-48.9512
-51.5237
-53.918
-56.1839
-58.3575
-60.4578
-62.4885
-64.4368
-66.2396
-67.7663
-68.8814
-69.4774
-69.4658
-68.7502
-67.2278
-64.7972
-61.3676
-56.8657
-51.2457
-44.5063
-36.7171
-28.0653
-18.9256
-10.1957
20.4204
22.9178
25.3855
27.5261
29.2356
30.6228
31.6172
32.2356
32.5114
32.4687
32.1449
31.5609
30.7396
29.6961
28.4383
26.9759
25.3162
23.47
21.4527
19.2873
17.0078
14.6642
12.3165
10.0324
7.84731
5.74456
3.72869
1.85698
0.206987
-1.13638
-2.08476
-2.53543
-2.39443
-1.58545
-0.0564448
2.20085
5.10887
8.46625
11.7254
17.7258
14.8144
11.2276
6.86375
2.13193
-3.15065
-8.8844
-14.6323
-20.0924
-25.2187
-29.9016
-34.036
-37.6856
-40.9186
-43.7818
-46.3578
-48.7146
-50.9005
-52.9638
-54.94
-56.8489
-58.6969
-60.4756
-62.1295
-63.5381
-64.5778
-65.1495
-65.1726
-64.5589
-63.2125
-61.0379
-57.9491
-53.8746
-48.7691
-42.6277
-35.5109
-27.5857
-19.186
-11.1202
18.8083
21.1761
23.5182
25.5519
27.1788
28.5037
29.4597
30.0628
30.3459
30.332
30.0572
29.5423
28.8092
27.8729
26.7418
25.4256
23.9315
22.2698
20.4551
18.5083
16.4603
14.3567
12.2518
10.2067
8.2527
6.37171
4.56446
2.88008
1.3864
0.158071
-0.725984
-1.17471
-1.10249
-0.439338
0.862929
2.81301
5.34391
8.27963
11.143
16.2554
13.4991
10.1046
5.97706
1.50534
-3.4829
-8.89183
-14.3061
-19.4395
-24.249
-28.6316
-32.489
-35.8827
-38.8779
-41.5196
-43.8869
-46.044
-48.0376
-49.9139
-51.7076
-53.4391
-55.1168
-56.7355
-58.2467
-59.5396
-60.5014
-61.0421
-61.0884
-60.5601
-59.3686
-57.4258
-54.6503
-50.9736
-46.3512
-40.7749
-34.2958
-27.0602
-19.361
-11.9245
17.3148
19.5602
21.7838
23.717
25.2663
26.5327
27.4527
28.0415
28.3314
28.3444
28.1149
27.6635
27.0115
26.1738
25.1587
23.9761
22.6332
21.1399
19.5096
17.762
15.9251
14.0402
12.1566
10.3297
8.58694
6.90938
5.29474
3.78499
2.43905
1.322
0.503621
0.0638277
0.0797169
0.614692
1.71281
3.38336
5.56962
8.12024
10.622
14.8956
12.2858
9.07317
5.16927
0.943749
-3.76587
-8.86693
-13.9652
-18.7894
-23.2996
-27.3987
-30.9953
-34.149
-36.922
-39.3578
-41.5314
-43.5041
-45.3202
-47.0243
-48.6498
-50.2176
-51.7369
-53.2057
-54.5814
-55.7627
-56.6464
-57.1511
-57.2113
-56.7544
-55.6995
-53.9657
-51.4768
-48.1686
-43.9974
-38.9521
-33.0742
-26.4899
-19.4519
-12.6105
15.932
18.0619
20.1735
22.012
23.4884
24.6999
25.5861
26.1615
26.4577
26.4954
26.3078
25.9151
25.3377
24.5904
23.6817
22.6213
21.4164
20.0765
18.6145
17.0482
15.4034
13.7176
12.0356
10.4073
8.85678
7.36499
5.92724
4.57911
3.37151
2.36075
1.60793
1.18255
1.15313
1.57644
2.49243
3.91087
5.78455
7.9855
10.1583
13.6392
11.168
8.12731
4.43524
0.442853
-4.00267
-8.81211
-13.6109
-18.1426
-22.3698
-26.2017
-29.5531
-32.4816
-35.047
-37.2911
-39.2853
-41.0877
-42.7406
-44.2863
-45.7572
-47.174
-48.5469
-49.8762
-51.1243
-52.1987
-53.0055
-53.4716
-53.5386
-53.1412
-52.2064
-50.6605
-48.4333
-45.4647
-41.7125
-37.163
-31.849
-25.8764
-19.4604
-13.1807
14.6527
16.6735
18.6793
20.4285
21.8361
22.9959
23.8504
24.4131
24.7149
24.7755
24.6266
24.2879
23.7793
23.115
22.3037
21.355
20.2762
19.0763
17.7674
16.3661
14.8961
13.3912
11.8923
10.4443
9.06828
7.74541
6.4692
5.26969
4.19056
3.28022
2.59164
2.18477
2.11971
2.44672
3.20167
4.39459
5.98706
7.8725
9.7473
12.4794
10.1392
7.26143
3.76994
-0.0015056
-4.19688
-8.72984
-13.2449
-17.4998
-21.4596
-25.0393
-28.1602
-30.8777
-33.2494
-35.3153
-37.1434
-38.7887
-40.2914
-41.6918
-43.0211
-44.2991
-45.5372
-46.7373
-47.8659
-48.839
-49.5714
-49.9978
-50.0661
-49.7184
-48.8893
-47.5119
-45.5225
-42.8655
-39.5004
-35.4115
-30.6229
-25.2222
-19.3892
-13.6391
13.47
15.3875
17.2934
18.9582
20.301
21.412
22.2365
22.7872
23.094
23.1758
23.0625
22.7737
22.3281
21.7401
21.0181
20.1716
19.2077
18.1355
16.966
15.7148
14.4033
13.0628
11.7298
10.445
9.22694
8.05705
6.92764
5.86396
4.90324
4.08684
3.46024
3.0747
2.98236
3.22721
3.84102
4.83397
6.17542
7.77801
9.38432
11.4098
9.19372
6.47007
3.16877
-0.393373
-4.35154
-8.6225
-12.8689
-16.8619
-20.5692
-23.9111
-26.8153
-29.3351
-31.526
-33.4265
-35.1009
-36.6014
-37.9663
-39.2338
-40.4332
-41.5844
-42.6988
-43.7793
-44.7971
-45.6753
-46.3366
-46.7231
-46.7889
-46.4827
-45.7464
-44.5201
-42.7462
-40.3738
-37.3644
-33.7009
-29.3995
-24.5307
-19.2423
-13.99
12.3774
14.1971
16.0084
17.5935
18.8751
19.94
20.736
21.2752
21.5865
21.6876
21.6072
21.3642
20.9767
20.4585
19.8184
19.0653
18.2064
17.2503
16.2077
15.0928
13.9253
12.7335
11.5506
10.4133
9.33763
8.30576
7.30913
6.36887
5.51658
4.78727
4.21968
3.85727
3.74479
3.92026
4.41157
5.22874
6.34793
7.69862
9.06416
10.4244
8.32573
5.74826
2.62716
-0.736552
-4.46991
-8.49255
-12.4845
-16.2297
-19.6984
-22.8164
-25.5171
-27.8521
-29.8743
-31.6211
-33.1535
-34.5208
-35.7594
-36.9052
-37.9861
-39.0214
-40.0226
-40.9936
-41.9088
-42.6987
-43.2928
-43.6404
-43.7011
-43.4297
-42.7751
-41.6839
-40.1047
-37.991
-35.307
-32.0343
-28.1824
-23.806
-19.0242
-14.2389
11.3689
13.096
14.8176
16.3273
17.5508
18.5721
19.3413
19.8693
20.1844
20.3031
20.2529
20.0521
19.7179
19.2638
18.6985
18.0307
17.2676
16.4173
15.4899
14.4986
13.4616
12.4043
11.357
10.3524
9.4048
8.497
7.61996
6.79126
6.03758
5.38835
4.87633
4.53799
4.41138
4.52895
4.91494
5.57899
6.50296
7.63085
8.78172
9.51741
7.52999
5.09105
2.14084
-1.03481
-4.5551
-8.34238
-12.0932
-15.6042
-18.8478
-21.755
-24.2645
-26.4266
-28.2917
-29.8962
-31.2974
-32.5423
-33.6651
-34.6998
-35.673
-36.6028
-37.5007
-38.3714
-39.1924
-39.9005
-40.432
-40.7423
-40.7962
-40.5542
-39.9715
-39.0011
-37.5972
-35.7179
-33.3301
-30.4146
-26.9751
-23.0524
-18.7402
-14.3918
10.4387
12.078
13.7146
15.1528
16.3214
17.3013
18.0448
18.562
18.8802
19.015
18.9925
18.8303
18.545
18.1496
17.6526
17.0627
16.3868
15.6327
14.81
13.9307
13.0116
12.0759
11.1507
10.2654
9.43256
8.63587
7.86608
7.1377
6.47317
5.89707
5.43681
5.12283
4.98706
5.05695
5.35327
5.88511
6.63902
7.57124
8.53185
8.6834
6.8015
4.49385
1.70575
-1.29156
-4.6098
-8.17405
-11.6968
-14.9865
-18.0177
-20.7265
-23.0568
-25.0572
-26.7763
-28.2487
-29.5291
-30.6616
-31.6785
-32.612
-33.4871
-34.321
-35.1252
-35.9046
-36.6394
-37.2723
-37.7458
-38.0209
-38.0673
-37.8503
-37.3311
-36.4683
-35.2219
-33.5542
-31.4348
-28.8442
-25.7813
-22.2748
-18.3962
-14.4551
9.58135
11.1374
12.6933
14.0638
15.1803
16.1208
16.8397
17.3463
17.667
17.8163
17.819
17.6922
17.4516
17.1099
16.6754
16.1564
15.5599
14.8932
14.1652
13.3874
12.5749
11.7487
10.9332
10.1549
9.42457
8.72705
8.05306
7.41449
6.83013
6.32036
5.90795
5.61803
5.47718
5.50834
5.72911
6.14785
6.75485
7.51651
8.30957
7.91734
6.13549
3.95238
1.31803
-1.51023
-4.63703
-7.98998
-11.2969
-14.3775
-17.2085
-19.7308
-21.8932
-23.7427
-25.3258
-26.676
-27.8452
-28.8746
-29.7949
-30.6363
-31.4223
-32.1695
-32.8887
-33.5851
-34.2414
-34.8055
-35.2259
-35.4684
-35.5068
-35.3114
-34.8482
-34.0815
-32.9761
-31.4988
-29.6216
-27.3252
-24.6044
-21.478
-17.9984
-14.4359
8.79183
10.2688
11.7482
13.0542
14.1212
15.0242
15.7196
16.2158
16.5383
16.7006
16.7262
16.6317
16.4319
16.1392
15.7616
15.3073
14.7828
14.1953
13.5532
12.8671
12.1506
11.4229
10.7059
10.0231
9.38423
8.77496
8.18621
7.62771
7.11508
6.66511
6.29656
6.03003
5.8874
5.8876
6.04538
6.36827
6.84947
7.46356
8.11007
7.21445
5.52749
3.46254
0.973993
-1.69394
-4.63921
-7.79215
-10.8949
-13.7781
-16.4207
-18.7677
-20.7729
-22.4816
-23.9385
-25.1758
-26.2425
-27.1776
-28.0097
-28.7675
-29.473
-30.1417
-30.784
-31.4054
-31.9904
-32.4921
-32.8641
-33.0766
-33.1072
-32.9304
-32.5169
-31.8358
-30.8565
-29.5499
-27.8904
-25.8591
-23.448
-20.6671
-17.5532
-14.3414
8.06537
9.46729
10.874
12.1188
13.1386
14.0058
14.6785
15.1643
15.4879
15.6617
15.7081
15.6429
15.4804
15.2322
14.9065
14.5108
14.0518
13.5361
12.9716
12.3681
11.738
11.0987
10.4698
9.87238
9.31471
8.78369
8.27052
7.78311
7.33436
6.93802
6.60943
6.36531
6.22348
6.19942
6.30531
6.54775
6.92214
7.40959
7.92886
6.5702
4.9733
3.02044
0.670239
-1.8457
-4.61907
-7.58254
-10.4924
-13.1894
-15.6545
-17.837
-19.6951
-21.2727
-22.6126
-23.7456
-24.7181
-25.5669
-26.3189
-27.0008
-27.6334
-28.2313
-28.8044
-29.3581
-29.8787
-30.3239
-30.6521
-30.8374
-30.8606
-30.7
-30.3306
-29.7258
-28.8591
-27.7049
-26.2404
-24.4473
-22.3151
-19.8472
-17.067
-14.179
7.39749
8.72809
10.0656
11.2521
12.2271
13.0599
13.7108
14.1863
14.5102
14.6942
14.7592
14.7206
14.5919
14.3843
14.1055
13.7632
13.3633
12.9125
12.418
11.8889
11.3365
10.7764
10.2261
9.70457
9.21889
8.75706
8.31071
7.88616
7.49408
7.14561
6.8532
6.6303
6.4913
6.44868
6.51233
6.68794
6.97249
7.35213
7.76178
5.98039
4.46894
2.62249
0.40354
-1.96838
-4.57885
-7.36311
-10.0907
-12.612
-14.9102
-16.9386
-18.6593
-20.1148
-21.3462
-22.3831
-23.2691
-24.039
-24.7182
-25.3315
-25.8983
-26.4324
-26.9432
-27.436
-27.8988
-28.2931
-28.5818
-28.7426
-28.759
-28.6129
-28.2827
-27.7458
-26.9793
-25.961
-24.6705
-23.0904
-21.2086
-19.023
-16.5464
-13.9561
6.78394
8.04677
9.31841
10.4495
11.3815
12.1815
12.8112
13.2763
13.5999
13.7926
13.8743
13.8597
13.7616
13.5907
13.3545
13.0604
12.714
12.3218
11.8904
11.4281
10.9452
10.4559
9.97579
9.52154
9.09949
8.69868
8.31118
7.94206
7.60005
7.29413
7.03431
6.83134
6.69667
6.64025
6.67003
6.79072
7.00041
7.28908
7.60508
5.44103
4.01071
2.26526
0.170744
-2.0646
-4.52085
-7.13558
-9.69095
-12.0469
-14.1882
-16.0721
-17.6645
-19.0066
-20.1375
-21.0859
-21.8927
-22.5907
-23.2037
-23.7549
-24.2625
-24.7392
-25.1942
-25.6324
-26.0432
-26.3919
-26.6452
-26.7842
-26.7947
-26.6614
-26.3661
-25.8896
-25.2122
-24.3148
-23.1791
-21.7889
-20.1311
-18.1993
-15.9978
-13.6801
6.2208
7.41916
8.62812
9.7063
10.5974
11.3657
11.9748
12.4296
12.7521
12.9523
13.0487
13.0556
12.9851
12.8473
12.6497
12.399
12.101
11.7614
11.3866
10.9842
10.5637
10.1375
9.71964
9.325
8.95906
8.61188
8.27609
7.95568
7.65777
7.38952
7.15895
6.97453
6.84529
6.77906
6.78207
6.85818
7.00613
7.21873
7.45543
4.94839
3.59512
1.94549
-0.0309303
-2.13686
-4.44709
-6.90147
-9.29439
-11.4946
-13.4887
-15.2373
-16.7102
-17.9468
-18.9849
-19.8517
-20.586
-21.2185
-21.7715
-22.2667
-22.721
-23.1464
-23.5512
-23.9406
-24.3048
-24.6128
-24.8348
-24.9543
-24.9597
-24.838
-24.5739
-24.151
-23.5528
-22.7625
-21.7643
-20.5428
-19.0845
-17.3801
-15.427
-13.3583
5.70438
6.8414
7.99063
9.01831
9.87016
10.6081
11.1971
11.6414
11.9621
12.1684
12.2778
12.304
12.2582
12.1503
11.9873
11.7758
11.5212
11.2289
10.9049
10.5562
10.1912
9.82112
9.45855
9.11655
8.79997
8.49985
8.20936
7.93162
7.67241
7.43743
7.23299
7.06574
6.94269
6.8699
6.85219
6.89255
6.99013
7.13976
7.30997
4.49898
3.21888
1.66023
-0.204202
-2.18753
-4.35953
-6.66237
-8.90202
-10.9557
-12.8116
-14.4337
-15.7952
-16.9341
-17.8864
-18.6783
-19.3464
-19.9192
-20.4179
-20.8626
-21.269
-21.6484
-22.0085
-22.3543
-22.6769
-22.9486
-23.1428
-23.2453
-23.2464
-23.1352
-22.8989
-22.5238
-21.9956
-21.3003
-20.4237
-19.3518
-18.0708
-16.5694
-14.8399
-12.9975
5.2312
6.30983
7.40214
8.38156
9.19581
9.90442
10.4738
10.9075
11.2257
11.437
11.5577
11.6009
11.5772
11.496
11.3642
11.1878
10.9721
10.7222
10.4437
10.1428
9.8272
9.50704
9.19336
8.89773
8.62446
8.36551
8.1146
7.87416
7.64884
7.44313
7.26198
7.11052
6.99415
6.91745
6.88405
6.89618
6.95316
7.05121
7.16625
4.08953
2.87891
1.40661
-0.351571
-2.21875
-4.25999
-6.41966
-8.5148
-10.4307
-12.157
-13.661
-14.9189
-15.9672
-16.8404
-17.5635
-18.171
-18.6896
-19.1392
-19.5385
-19.9019
-20.2401
-20.5604
-20.8672
-21.153
-21.3925
-21.5621
-21.6496
-21.6472
-21.5457
-21.3343
-21.0015
-20.5355
-19.9241
-19.1549
-18.2151
-17.0913
-15.7705
-14.2417
-12.6044
4.79801
5.82104
6.85904
7.79232
8.5705
9.25077
9.80087
10.2238
10.5389
10.754
10.8843
10.9425
10.9384
10.8811
10.7771
10.6322
10.4513
10.2393
10.0013
9.74298
9.47136
9.19537
8.92482
8.66998
8.43462
8.2116
7.9952
7.78728
7.59158
7.41157
7.25112
7.11413
7.00468
6.92619
6.88127
6.8715
6.8962
6.9525
7.02228
3.71695
2.57235
1.18204
-0.475426
-2.23259
-4.1501
-6.17456
-8.13354
-9.91999
-11.5249
-12.9186
-14.0801
-15.0446
-15.8449
-16.505
-17.0571
-17.5266
-17.9318
-18.2901
-18.6152
-18.9166
-19.2014
-19.4736
-19.7266
-19.9376
-20.0856
-20.1602
-20.1549
-20.0622
-19.8731
-19.578
-19.1669
-18.6295
-17.9551
-17.1318
-16.1469
-14.9866
-13.6372
-12.1851
4.4018
5.37185
6.35802
7.24714
7.99066
8.64349
9.17473
9.58675
9.89809
10.1157
10.2542
10.3254
10.3387
10.3026
10.2233
10.1065
9.95665
9.77841
9.57641
9.35595
9.12325
8.88627
8.65373
8.43465
8.2324
8.04069
7.85432
7.6747
7.50481
7.34733
7.20523
7.08145
6.97902
6.90039
6.84737
6.82096
6.82039
6.84335
6.87649
3.37838
2.29651
0.984023
-0.577931
-2.2309
-4.03143
-5.92821
-7.75897
-9.42383
-10.9152
-12.206
-13.278
-14.165
-14.8981
-15.5004
-16.0022
-16.427
-16.7921
-17.1137
-17.4044
-17.6731
-17.9262
-18.1677
-18.3916
-18.5774
-18.7065
-18.77
-18.7625
-18.6779
-18.5089
-18.2472
-17.8846
-17.4125
-16.8214
-16.1008
-15.2384
-14.2201
-13.0308
-11.7453
4.03972
4.95929
5.89596
6.74278
7.45297
8.07921
8.59188
8.99281
9.29971
9.51894
9.66407
9.74651
9.77498
9.7576
9.70029
9.60833
9.48608
9.3378
9.16778
8.98083
8.78254
8.57995
8.3808
8.19303
8.01965
7.85515
7.69486
7.53982
7.39239
7.25463
7.12879
7.01703
6.92155
6.84406
6.78571
6.74701
6.72704
6.72378
6.72772
3.07115
2.04888
0.810275
-0.661124
-2.21546
-3.90537
-5.68164
-7.3917
-8.94244
-10.3275
-11.5224
-12.5113
-13.3267
-13.9981
-14.5475
-15.0034
-15.3878
-15.7168
-16.0054
-16.2653
-16.5049
-16.7299
-16.9442
-17.1423
-17.306
-17.4185
-17.4724
-17.4633
-17.3863
-17.2351
-17.0031
-16.6834
-16.2687
-15.7509
-15.1205
-14.3659
-13.4732
-12.4264
-11.2903
3.70913
4.58058
5.46997
6.27622
6.95431
7.55475
8.04913
8.43879
8.74063
8.96042
9.11087
9.20283
9.24448
9.24351
9.20556
9.13561
9.03777
8.91601
8.77427
8.61693
8.44896
8.27663
8.10675
7.94632
7.79806
7.65718
7.5195
7.38577
7.25788
7.13736
7.02588
6.92504
6.83636
6.76097
6.69951
6.65205
6.61753
6.59405
6.57512
2.79276
1.82714
0.658666
-0.726896
-2.18784
-3.77321
-5.43578
-7.03223
-8.47588
-9.76149
-10.8672
-11.7791
-12.5283
-13.143
-13.644
-14.0581
-14.4059
-14.7023
-14.9614
-15.1939
-15.4074
-15.6075
-15.7977
-15.9731
-16.1172
-16.2153
-16.2611
-16.2509
-16.1808
-16.0456
-15.8401
-15.5582
-15.1941
-14.7406
-14.1893
-13.5294
-12.7476
-11.8272
-10.8249
3.40758
4.23314
5.07734
5.84467
6.49181
7.06717
7.54351
7.92173
8.2179
8.4373
8.59177
8.69168
8.74464
8.75794
8.73696
8.68637
8.61005
8.51168
8.39488
8.2636
8.1223
7.97651
7.83224
7.69565
7.56922
7.44879
7.33069
7.21544
7.1045
6.99904
6.90026
6.80931
6.7272
6.65462
6.59178
6.53844
6.49336
6.45464
6.41821
2.54089
1.62908
0.527193
-0.776989
-2.14953
-3.63613
-5.19143
-6.681
-8.0242
-9.2169
-10.2395
-11.08
-11.7681
-12.3307
-12.7875
-13.1636
-13.4783
-13.7454
-13.978
-14.186
-14.3764
-14.5545
-14.7233
-14.8786
-15.0056
-15.0912
-15.13
-15.1192
-15.0555
-14.9348
-14.7526
-14.5042
-14.1845
-13.7874
-13.3055
-12.7288
-12.0445
-11.2361
-10.3531
3.13277
3.91455
4.71556
5.44553
6.06281
6.61376
7.07227
7.43884
7.72879
7.94688
8.10419
8.21055
8.27309
8.29871
8.29251
8.25885
8.2014
8.12358
8.0287
7.9203
7.80239
7.67984
7.55792
7.44208
7.33457
7.23185
7.13069
7.03143
6.93522
6.8429
6.75535
6.67335
6.59753
6.52823
6.46538
6.40843
6.35603
6.30618
6.25675
2.31337
1.45271
0.414009
-0.813059
-2.10193
-3.49518
-4.94926
-6.33834
-7.58731
-8.6932
-9.63849
-10.4129
-11.0448
-11.5595
-11.9759
-12.3175
-12.6022
-12.843
-13.0518
-13.2379
-13.4078
-13.5663
-13.7162
-13.8538
-13.9659
-14.0406
-14.0735
-14.0624
-14.0046
-13.8969
-13.7355
-13.5166
-13.236
-12.8884
-12.4672
-11.9634
-11.3648
-10.6555
-9.87859
2.88256
3.62259
4.38228
5.07636
5.6648
6.19197
6.63285
6.98759
7.27074
7.48668
7.64571
7.75713
7.82765
7.8638
7.87033
7.8514
7.81043
7.75058
7.67489
7.58654
7.48909
7.38684
7.28441
7.18659
7.09547
7.00807
6.92155
6.83613
6.7527
6.67186
6.59424
6.52033
6.45049
6.3848
6.32295
6.26421
6.20708
6.14945
6.09071
2.10817
1.2961
0.317389
-0.836605
-2.0463
-3.35135
-4.70994
-6.00451
-7.16508
-8.18987
-9.06332
-9.77657
-10.3565
-10.8273
-11.2068
-11.517
-11.7746
-11.9917
-12.1793
-12.3459
-12.4975
-12.6386
-12.7719
-12.894
-12.9929
-13.0582
-13.0861
-13.075
-13.0228
-12.9267
-12.7838
-12.591
-12.3446
-12.0404
-11.6724
-11.2325
-10.7092
-10.0873
-9.40467
2.65497
3.35518
4.07535
4.73493
5.29549
5.79947
6.22289
6.56562
6.84145
7.05444
7.21408
7.32927
7.40632
7.45132
7.46876
7.46254
7.43588
7.39169
7.33273
7.26189
7.18229
7.09773
7.01226
6.93009
6.85316
6.779
6.70513
6.63169
6.55936
6.48855
6.41971
6.35312
6.28892
6.22702
6.16694
6.1078
6.048
5.98531
5.9203
1.92343
1.15752
0.235718
-0.849048
-1.98383
-3.20559
-4.47405
-5.67975
-6.75726
-7.70625
-8.51301
-9.16967
-9.70176
-10.1322
-10.4781
-10.7598
-10.9929
-11.1886
-11.3571
-11.5063
-11.6418
-11.7675
-11.8861
-11.9944
-12.0818
-12.139
-12.1629
-12.152
-12.1048
-12.0192
-11.8928
-11.723
-11.5068
-11.2406
-10.9191
-10.5351
-10.0779
-9.53313
-8.93398
2.4482
3.11043
3.79278
4.41916
4.95276
5.4341
5.8402
6.17073
6.43872
6.64803
6.80727
6.92499
7.00722
7.05957
7.08623
7.09087
7.07655
7.04593
7.00152
6.94592
6.88188
6.81271
6.74199
6.6734
6.60874
6.54602
6.48309
6.42003
6.35735
6.29533
6.23426
6.17429
6.1154
6.05737
5.99963
5.94116
5.88031
5.81471
5.74586
1.75745
1.03539
0.167574
-0.851623
-1.91554
-3.05863
-4.24205
-5.36423
-6.36357
-7.2417
-7.98658
-8.59093
-9.07889
-9.47237
-9.78747
-10.0433
-10.2542
-10.4307
-10.5821
-10.7158
-10.8369
-10.949
-11.0546
-11.1508
-11.2282
-11.2784
-11.2988
-11.2884
-11.246
-11.1698
-11.058
-10.9085
-10.7189
-10.486
-10.2053
-9.87027
-9.47102
-8.99411
-8.46884
2.26061
2.88658
3.53276
4.12714
4.63464
5.09382
5.48272
5.80087
6.06052
6.26546
6.4233
6.54248
6.62871
6.68702
6.72131
6.73513
6.73137
6.71246
6.68064
6.63826
6.58774
6.53197
6.47406
6.41725
6.36323
6.3104
6.25694
6.20288
6.14861
6.0943
6.04013
5.98615
5.93224
5.8781
5.82307
5.76608
5.70541
5.63862
5.56787
1.60865
0.928259
0.111679
-0.845415
-1.84227
-2.91105
-4.01416
-5.05791
-5.98363
-6.79564
-7.48319
-8.03911
-8.48631
-8.84577
-9.13276
-9.36502
-9.55589
-9.71505
-9.85125
-9.97111
-10.0794
-10.1794
-10.2735
-10.3592
-10.4278
-10.472
-10.4896
-10.4798
-10.4417
-10.3741
-10.2753
-10.1438
-9.97753
-9.77387
-9.52888
-9.23666
-8.88823
-8.47108
-8.0111
2.0905
2.68188
3.2935
3.85708
4.33931
4.77677
5.14857
5.45415
5.70491
5.90486
6.06029
6.17997
6.26924
6.33225
6.37269
6.39416
6.39937
6.39049
6.36953
6.33858
6.2998
6.25566
6.20887
6.16228
6.11747
6.07322
6.02799
5.98177
5.93484
5.88732
5.83931
5.79077
5.74153
5.69123
5.63917
5.58425
5.52472
5.45806
5.38694
1.47546
0.834618
0.0665683
-0.831681
-1.76504
-2.76356
-3.79066
-4.76063
-5.61669
-6.36734
-7.00214
-7.51316
-7.92253
-8.25064
-8.51193
-8.72273
-8.89543
-9.039
-9.16148
-9.26898
-9.36585
-9.45525
-9.53917
-9.61551
-9.67645
-9.71552
-9.73077
-9.72176
-9.68782
-9.62787
-9.54074
-9.42515
-9.27947
-9.10149
-8.88777
-8.63307
-8.32918
-7.96462
-7.56229
1.93619
2.49471
3.07334
3.60734
4.06511
4.48139
4.83621
5.12898
5.37036
5.56482
5.71651
5.83566
5.92718
5.99373
6.03893
6.06668
6.0795
6.07919
6.06758
6.04654
6.01795
5.98392
5.94682
5.90911
5.87231
5.8355
5.79743
5.75804
5.71756
5.67605
5.63354
5.58997
5.5451
5.49856
5.44963
5.3972
5.33952
5.27402
5.20374
1.35621
0.752802
0.030665
-0.812052
-1.68542
-2.61763
-3.57271
-4.47288
-5.26138
-5.95517
-6.54204
-7.01161
-7.38585
-7.68508
-7.92289
-8.1142
-8.2704
-8.39988
-8.51004
-8.60649
-8.69322
-8.77312
-8.84807
-8.9162
-8.97045
-9.00508
-9.01848
-9.01034
-8.98019
-8.92721
-8.85051
-8.74907
-8.62157
-8.46616
-8.27988
-8.05805
-7.79326
-7.47497
-7.12351
1.7966
2.32388
2.871
3.37656
3.81067
4.20624
4.54421
4.82401
5.05563
5.24433
5.39056
5.50813
5.60113
5.67004
5.71868
5.75146
5.77064
5.77762
5.77402
5.76157
5.74186
5.7167
5.68809
5.65818
5.62841
5.59813
5.56634
5.53298
5.4982
5.46204
5.42449
5.38546
5.34469
5.3018
5.25609
5.20644
5.15112
5.08753
5.01902
1.24986
0.681888
0.00298501
-0.787356
-1.60422
-2.47409
-3.36151
-4.19594
-4.91737
-5.55786
-6.10131
-6.53258
-6.87415
-7.14686
-7.36327
-7.53689
-7.67819
-7.79498
-7.89409
-7.98068
-8.05836
-8.12986
-8.19691
-8.25781
-8.30621
-8.33712
-8.34905
-8.34187
-8.31527
-8.26866
-8.20135
-8.11247
-8.00105
-7.86553
-7.70334
-7.51034
-7.27987
-7.00228
-6.69571
1.67167
2.16902
2.68571
3.16362
3.57459
3.94954
4.27078
4.5372
4.7588
4.94092
5.08065
5.19719
5.29117
5.36083
5.41149
5.44818
5.47254
5.48551
5.48863
5.48353
5.47151
5.45406
5.43289
5.40981
5.3862
5.36169
5.33548
5.30748
5.2778
5.24647
5.21344
5.1786
5.14171
5.10236
5.0599
5.01323
4.96067
4.89955
4.83351
1.15665
0.622328
-0.0152539
-0.755858
-1.51923
-2.33024
-3.15441
-3.92794
-4.5876
-5.17924
-5.68201
-6.07634
-6.38687
-6.63487
-6.8315
-6.98878
-7.11644
-7.22165
-7.3108
-7.38853
-7.45814
-7.52216
-7.58222
-7.63679
-7.6801
-7.70783
-7.71863
-7.7125
-7.68921
-7.64842
-7.58955
-7.51191
-7.41482
-7.29687
-7.15592
-6.98831
-6.78803
-6.54629
-6.27926
1.5606
2.02917
2.5163
2.96723
3.35523
3.70932
4.01341
4.26567
4.47704
4.65098
4.78293
4.90176
4.99743
5.06561
5.11664
5.15652
5.18524
5.20311
5.21185
5.21302
5.20767
5.19692
5.18219
5.16509
5.14689
5.12743
5.10612
5.08286
5.05773
5.03075
5.00182
4.97085
4.93761
4.90171
4.86249
4.8189
4.76932
4.71109
4.64803
1.07586
0.57371
-0.0240899
-0.716909
-1.42879
-2.18323
-2.94701
-3.66235
-4.26857
-4.82233
-5.28719
-5.64351
-5.92362
-6.14863
-6.32691
-6.4689
-6.5838
-6.67837
-6.75841
-6.82807
-6.89041
-6.94768
-7.00146
-7.05036
-7.0893
-7.11436
-7.1244
-7.11943
-7.09935
-7.06392
-7.01265
-6.94515
-6.86076
-6.75837
-6.63614
-6.49086
-6.31712
-6.10706
-5.87494
1.47516
1.92087
2.38399
2.81012
3.17498
3.50472
3.78437
4.01193
4.19984
4.34914
4.45653
4.59285
4.70791
4.78382
4.84235
4.8922
4.93073
4.95742
4.97453
4.9838
4.98608
4.98233
4.97383
4.96212
4.94851
4.93317
4.91574
4.89608
4.8744
4.85068
4.82437
4.79596
4.76521
4.73164
4.69457
4.653
4.60539
4.54898
4.48786
1.01373
0.536616
-0.0312525
-0.685057
-1.35161
-2.05159
-2.74543
-3.3786
-3.89428
-4.45979
-4.91612
-5.25025
-5.51382
-5.72866
-5.89877
-6.0334
-6.1419
-6.23123
-6.30673
-6.37238
-6.43111
-6.48508
-6.53581
-6.58207
-6.61911
-6.64317
-6.65324
-6.64954
-6.63208
-6.6006
-6.55484
-6.49448
-6.41894
-6.32744
-6.21826
-6.08853
-5.93338
-5.74566
-5.53836
1.40738
1.83401
2.27579
2.67868
3.01992
3.32269
3.57341
3.76957
3.92495
4.03798
4.10759
4.27383
4.41991
4.51046
4.58173
4.64626
4.69859
4.73727
4.76508
4.78405
4.79496
4.79871
4.79654
4.79003
4.78066
4.76895
4.75485
4.7381
4.7192
4.69801
4.67332
4.64658
4.61749
4.58537
4.54954
4.50904
4.46236
4.40665
4.34626
0.965005
0.508241
-0.0343173
-0.653958
-1.27806
-1.92252
-2.54032
-3.08483
-3.49578
-4.09654
-4.56388
-4.88675
-5.14251
-5.35496
-5.5235
-5.65599
-5.76241
-5.84998
-5.92395
-5.98824
-6.0457
-6.09861
-6.14845
-6.19411
-6.23102
-6.2554
-6.26629
-6.26408
-6.2488
-6.2203
-6.17847
-6.12306
-6.0537
-5.96978
-5.8698
-5.75114
-5.60935
-5.43758
-5.24783
1.34147
1.74893
2.16933
2.54914
2.86708
3.14331
3.36606
3.53186
3.65624
3.73441
3.76894
3.95747
4.13073
4.2349
4.31724
4.39478
4.46004
4.51021
4.54835
4.57679
4.59626
4.60744
4.61158
4.61025
4.60509
4.59705
4.5863
4.57251
4.55644
4.53782
4.51477
4.48972
4.46236
4.4318
4.39735
4.35815
4.31274
4.25818
4.19931
0.918401
0.482262
-0.0345921
-0.619669
-1.20165
-1.79097
-2.33603
-2.79816
-3.10963
-3.73206
-4.20993
-4.52196
-4.7679
-4.97634
-5.14271
-5.27274
-5.3768
-5.46237
-5.53471
-5.59755
-5.65371
-5.70548
-5.7545
-5.79968
-5.83663
-5.86152
-5.87359
-5.87321
-5.86049
-5.83544
-5.79796
-5.7479
-5.68511
-5.60899
-5.51822
-5.41054
-5.28181
-5.12583
-4.95489
1.2778
1.66616
2.06527
2.42239
2.71745
2.96773
3.16356
3.29988
3.3949
3.43838
3.44105
3.64444
3.84011
3.95705
4.04927
4.13815
4.21527
4.27634
4.32441
4.36208
4.39003
4.4087
4.41925
4.42316
4.42223
4.41781
4.4104
4.39959
4.38647
4.37053
4.34933
4.32612
4.3006
4.27163
4.23852
4.2005
4.15619
4.10243
4.04389
0.874104
0.4586
-0.0324319
-0.58291
-1.12349
-1.65811
-2.1345
-2.5177
-2.74031
-3.3675
-3.85304
-4.15627
-4.39145
-4.59419
-4.75755
-4.8849
-4.98633
-5.06965
-5.14013
-5.20139
-5.25611
-5.30659
-5.35449
-5.39889
-5.43544
-5.4603
-5.47294
-5.47373
-5.46292
-5.44059
-5.40671
-5.36133
-5.30443
-5.23554
-5.15354
-5.05646
-4.9404
-4.79915
-4.64256
1.21693
1.58644
1.96452
2.2995
2.57224
2.79725
2.96719
3.07458
3.14156
3.14938
3.12328
3.33462
3.54742
3.67594
3.77725
3.87624
3.96426
4.03575
4.09338
4.13997
4.1762
4.20238
4.2195
4.22896
4.23261
4.23209
4.22812
4.22026
4.20996
4.19654
4.1772
4.15601
4.13271
4.10603
4.07522
4.03955
3.9977
3.94685
3.89309
0.832495
0.437478
-0.0279199
-0.544112
-1.04442
-1.52516
-1.93726
-2.2435
-2.38959
-3.00531
-3.49295
-3.78909
-4.01351
-4.20913
-4.3685
-4.49277
-4.59127
-4.6721
-4.74063
-4.80039
-4.854
-4.9037
-4.95104
-4.99548
-5.03276
-5.05913
-5.07398
-5.07772
-5.07064
-5.05278
-5.0242
-4.98498
-4.9351
-4.87416
-4.80123
-4.71447
-4.61077
-4.48532
-4.35127
1.15941
1.51055
1.86814
2.18165
2.43267
2.63318
2.77829
2.8571
2.89695
2.86699
2.81429
3.0274
3.25208
3.39048
3.50003
3.6082
3.70659
3.78846
3.85578
3.91136
3.95584
3.98932
4.01264
4.02735
4.03558
4.03941
4.03962
4.03557
4.02879
4.01826
4.00075
3.98098
3.95864
3.93241
3.90173
3.86607
3.824
3.77164
3.7124
0.79383
0.418819
-0.021381
-0.504114
-0.965533
-1.39368
-1.74598
-1.97645
-2.05773
-2.64745
-3.12988
-3.41989
-3.63422
-3.82169
-3.97613
-4.09702
-4.19256
-4.27056
-4.33634
-4.39337
-4.44436
-4.49163
-4.53693
-4.57956
-4.61507
-4.63996
-4.65383
-4.6573
-4.65075
-4.63427
-4.6081
-4.57248
-4.52751
-4.473
-4.40831
-4.33165
-4.23948
-4.12501
-3.99315
1.10589
1.43963
1.77767
2.07055
2.30022
2.47676
2.59735
2.64697
2.65983
2.58924
2.51122
2.72115
2.95354
3.09994
3.2162
3.33196
3.43978
3.53195
3.60961
3.6753
3.72944
3.77165
3.80221
3.82216
3.8339
3.84046
3.84341
3.84243
3.83943
3.83296
3.81995
3.80548
3.78912
3.76923
3.74497
3.71568
3.68063
3.63838
3.59846
0.758185
0.402164
-0.0138362
-0.464476
-0.888414
-1.26527
-1.56167
-1.71707
-1.74391
-2.29532
-2.76453
-3.04818
-3.25336
-3.43209
-3.58046
-3.69714
-3.78992
-3.86668
-3.93265
-3.99072
-4.04298
-4.09136
-4.1378
-4.18231
-4.22149
-4.25152
-4.2713
-4.28129
-4.28185
-4.27307
-4.25512
-4.22809
-4.19199
-4.14654
-4.09116
-4.02466
-3.94564
-3.8527
-3.76402
1.05702
1.37482
1.69476
1.9681
2.1768
2.32961
2.4244
2.4425
2.4277
2.31331
2.20915
2.41211
2.65008
2.80413
2.92658
3.04848
3.16355
3.26388
3.35031
3.4253
3.48923
3.54167
3.58286
3.61329
3.63387
3.64672
3.65343
3.65383
3.65027
3.64187
3.62525
3.60557
3.58315
3.557
3.52686
3.49206
3.45013
3.39413
3.32142
0.725591
0.386894
-0.00666892
-0.427337
-0.815161
-1.14186
-1.38531
-1.46602
-1.44634
-1.94936
-2.39749
-2.67336
-2.87006
-3.04041
-3.18265
-3.29382
-3.37947
-3.44717
-3.50334
-3.55236
-3.59716
-3.63989
-3.68186
-3.72154
-3.75418
-3.777
-3.79046
-3.79523
-3.79162
-3.77984
-3.7603
-3.73345
-3.69966
-3.65902
-3.61099
-3.55374
-3.48237
-3.38633
-3.25847
1.01315
1.31634
1.61977
1.87528
2.06444
2.19499
2.26304
2.24863
2.20634
2.04141
1.9036
2.09486
2.33606
2.498
2.62973
2.76175
2.88689
2.99633
3.09073
3.17261
3.24199
3.29784
3.34071
3.37336
3.4001
3.42417
3.44549
3.46346
3.47961
3.48799
3.49016
3.49079
3.4884
3.48088
3.46755
3.44872
3.42694
3.40707
3.41153
0.696623
0.37362
0.000473973
-0.393202
-0.74721
-1.02723
-1.22185
-1.22654
-1.16301
-1.60926
-2.02897
-2.2951
-2.48323
-2.64386
-2.78043
-2.89348
-2.98843
-3.06978
-3.13998
-3.20062
-3.25371
-3.30164
-3.34754
-3.39365
-3.43862
-3.4775
-3.50757
-3.52914
-3.54257
-3.548
-3.54537
-3.53452
-3.5153
-3.48753
-3.45116
-3.40656
-3.35659
-3.30829
-3.29372
0.974654
1.26434
1.55276
1.79248
1.96482
2.07672
2.12049
2.07927
2.0112
1.77902
1.59222
1.76925
2.00643
2.1666
2.30297
2.44778
2.59136
2.72186
2.8381
2.94182
3.03244
3.1069
3.16082
3.19075
3.2002
3.19901
3.19256
3.18065
3.16704
3.15296
3.13178
3.10482
3.07736
3.05054
3.02307
2.99163
2.94784
2.87194
2.74184
0.67208
0.363669
0.00917176
-0.360831
-0.685018
-0.927128
-1.07969
-1.0028
-0.892419
-1.27539
-1.65754
-1.91219
-2.09585
-2.24671
-2.36273
-2.44319
-2.49679
-2.53587
-2.57001
-2.60413
-2.64
-2.67816
-2.71795
-2.7545
-2.78055
-2.79588
-2.8038
-2.80514
-2.80003
-2.78888
-2.77242
-2.75158
-2.72709
-2.69928
-2.66727
-2.62771
-2.57034
-2.47392
-2.30649
0.943332
1.22371
1.50064
1.72641
1.88255
1.97489
1.99219
1.92577
1.82095
1.49696
1.26027
1.44136
1.67895
1.82353
1.93902
2.06702
2.20264
2.33488
2.46119
2.58238
2.69894
2.8126
2.92629
3.03981
3.14065
3.22182
3.28679
3.34455
3.39842
3.426
3.45029
3.47094
3.48238
3.48383
3.47695
3.46644
3.46637
3.5044
3.63311
0.650376
0.352466
0.012232
-0.338001
-0.63519
-0.84487
-0.950399
-0.782351
-0.631483
-0.950816
-1.28153
-1.51389
-1.69629
-1.8659
-2.02613
-2.17258
-2.30121
-2.40723
-2.49012
-2.55334
-2.60223
-2.64231
-2.68088
-2.72759
-2.7869
-2.849
-2.9042
-2.95137
-2.99102
-3.02334
-3.0476
-3.06286
-3.06867
-3.06509
-3.05364
-3.03842
-3.03229
-3.06027
-3.18062
0.922882
1.20531
1.47958
1.69425
1.83016
1.8897
1.85884
1.73728
1.54407
1.10773
0.86291
1.08666
1.37731
1.56165
1.69357
1.81359
1.92624
2.02813
2.11836
2.19501
2.25061
2.27223
2.25089
2.19334
2.13963
2.11345
2.09932
2.08389
2.06929
2.05282
2.02644
2.0012
1.98957
1.98393
1.97754
1.9641
1.92194
1.80235
1.54375
0.62666
0.326349
-0.0121506
-0.350206
-0.618872
-0.781562
-0.797949
-0.528912
-0.371459
-0.6363
-0.91342
-1.11078
-1.24149
-1.31416
-1.3349
-1.32401
-1.30355
-1.29255
-1.29809
-1.31948
-1.3527
-1.39418
-1.43779
-1.46949
-1.47579
-1.46578
-1.45256
-1.43755
-1.42011
-1.39996
-1.37868
-1.35803
-1.33916
-1.32227
-1.30544
-1.28182
-1.2302
-1.11117
-0.854992
0.913876
1.20803
1.48846
1.69775
1.81421
1.83478
1.74239
1.53785
1.21184
0.664125
0.382616
0.588393
0.912904
1.20403
1.4806
1.75333
2.02473
2.29574
2.57018
2.85381
3.15348
3.46959
3.78284
4.05362
4.22269
4.29438
4.37273
4.4181
4.50874
4.7473
4.63938
4.59753
4.61534
4.61886
4.59852
4.58093
4.60238
4.72415
5.00183
0.603043
0.287932
-0.0619157
-0.398496
-0.64254
-0.747222
-0.641613
-0.277926
-0.111684
-0.295447
-0.538283
-0.812928
-1.11046
-1.41956
-1.70312
-1.93408
-2.10741
-2.22206
-2.28942
-2.32515
-2.34342
-2.35617
-2.38046
-2.44426
-2.56041
-2.69173
-2.80665
-2.90651
-2.9971
-3.07907
-3.14991
-3.20769
-3.25231
-3.28516
-3.31126
-3.34159
-3.40573
-3.54989
-3.85674
125.981
122.021
117.594
112.771
107.669
102.437
97.2176
92.0952
87.0854
82.2056
77.4676
72.8815
68.4584
64.2079
60.1371
56.2521
52.5567
49.053
45.7412
42.6199
39.6858
36.9347
34.3608
31.9579
29.7188
27.6363
25.7026
23.9104
22.2525
20.7217
19.3113
18.015
16.8264
15.7398
14.7493
13.8494
13.0345
12.299
11.6373
11.0439
10.513
10.039
9.61613
9.23897
8.90197
8.59987
8.32765
8.08055
7.85415
7.64442
7.4477
7.2608
7.08091
6.90566
6.7331
6.56165
6.39011
6.2176
6.04357
5.86768
5.68985
5.51015
5.32881
5.14618
4.96275
4.77905
4.59584
4.43732
4.29636
4.15109
3.99562
3.85009
3.66329
3.56809
3.26137
3.41313
2.64374
3.7099
1.37901
5.21528
126.372
123.579
120.13
116.236
111.522
105.931
99.7052
93.2879
87.0359
81.0466
75.2823
69.7163
64.3544
59.2094
54.2879
49.5899
45.1128
40.853
36.8054
32.9639
29.3224
25.8745
22.6135
19.5324
16.6241
13.8816
11.2987
8.86992
6.59094
4.45838
2.46968
0.622404
-1.08555
-2.65582
-4.09012
-5.39041
-6.55888
-7.59819
-8.51134
-9.30204
-9.97442
-10.5332
-10.9837
-11.3317
-11.5834
-11.7455
-11.825
-11.8288
-11.7643
-11.6385
-11.4587
-11.2318
-10.9643
-10.6627
-10.3327
-9.97992
-9.6093
-9.22537
-8.83216
-8.43321
-8.03163
-7.63003
-7.23072
-6.83551
-6.44605
-6.0633
-5.68864
-5.37404
-5.09781
-4.82168
-4.51886
-4.24997
-3.88672
-3.70214
-3.15191
-3.28973
-2.17475
-3.25845
-0.693994
-3.99098
47.0216
46.8874
47.1018
47.2785
47.4015
47.4245
47.32
47.0697
46.6693
46.1235
45.437
44.6164
43.6703
42.6081
41.4407
40.1798
38.8387
37.4315
35.9721
34.4749
32.9547
31.4252
29.8994
28.3895
26.9067
25.4605
24.0589
22.7089
21.4157
20.1834
19.0148
17.9116
16.8747
15.9042
14.9994
14.1592
13.382
12.6657
12.008
11.406
10.8568
10.3569
9.90297
9.4912
9.11777
8.77879
8.47037
8.18867
7.93
7.69078
7.46771
7.25775
7.05811
6.86638
6.68043
6.49848
6.31907
6.14103
5.96349
5.78584
5.60769
5.42886
5.24936
5.06934
4.88912
4.70903
4.52976
4.37484
4.23723
4.0957
3.94378
3.80219
3.61951
3.52674
3.22899
3.37287
2.63555
3.64962
1.42739
5.10592
47.1718
47.0767
47.1291
47.2957
47.4788
47.6613
47.7712
47.7115
47.4313
46.902
46.0949
45.0084
43.6658
42.0954
40.3268
38.3895
36.3123
34.1231
31.8498
29.5181
27.152
24.7732
22.4013
20.0541
17.7477
15.4966
13.3127
11.2058
9.1834
7.25149
5.41493
3.67717
2.04089
0.508292
-0.918967
-2.2398
-3.45352
-4.56003
-5.55956
-6.4531
-7.24209
-7.92854
-8.51525
-9.00551
-9.40319
-9.71279
-9.9393
-10.0881
-10.1649
-10.1755
-10.1262
-10.023
-9.87208
-9.67925
-9.45033
-9.19073
-8.90555
-8.59957
-8.27711
-7.9421
-7.59807
-7.2481
-6.89494
-6.54086
-6.18794
-5.83764
-5.49149
-5.19908
-4.94053
-4.68242
-4.39479
-4.14322
-3.792
-3.62358
-3.0854
-3.22944
-2.1463
-3.19065
-0.735901
-3.88176
23.7281
23.7136
23.709
23.6837
23.6825
23.6974
23.7319
23.7829
23.8484
23.922
23.9957
24.0616
24.1117
24.1376
24.1313
24.0851
23.9928
23.8484
23.6473
23.3863
23.064
22.6803
22.2367
21.7365
21.184
20.5853
19.9469
19.2763
18.5816
17.8709
17.1519
16.4323
15.7192
15.0189
14.3369
13.6779
13.0457
12.4432
11.8727
11.3354
10.8321
10.3626
9.92638
9.52238
9.149
8.80435
8.48625
8.19231
7.92
7.66676
7.43003
7.20732
6.99629
6.79475
6.60073
6.41248
6.2285
6.04754
5.86857
5.69081
5.51368
5.33683
5.1601
4.98349
4.80717
4.63132
4.45657
4.30576
4.17196
4.0345
3.88684
3.74902
3.5724
3.47961
3.19687
3.32331
2.63443
3.57083
1.4919
4.94922
23.6797
23.4815
23.258
23.0287
22.7781
22.5201
22.2626
22.0019
21.7433
21.5023
21.2832
21.0806
20.8825
20.6682
20.4166
20.1097
19.7322
19.2716
18.7186
18.0677
17.3169
16.4671
15.5231
14.492
13.3831
12.2074
10.977
9.70542
8.40633
7.0935
5.7804
4.47953
3.20239
1.95968
0.76079
-0.386001
-1.47351
-2.49572
-3.44756
-4.3251
-5.12538
-5.8463
-6.48684
-7.04683
-7.52695
-7.92875
-8.25448
-8.50712
-8.69022
-8.80781
-8.8644
-8.86475
-8.81381
-8.71666
-8.57839
-8.40398
-8.19826
-7.96585
-7.71111
-7.43809
-7.15049
-6.85166
-6.54466
-6.23207
-5.9163
-5.59928
-5.28255
-5.01319
-4.77331
-4.53372
-4.2631
-4.02795
-3.69362
-3.535
-3.02255
-3.15303
-2.13314
-3.09709
-0.798771
-3.75048
23.7795
23.8071
23.8033
23.7724
23.7155
23.6275
23.5124
23.3702
23.2033
23.0128
22.8008
22.5696
22.3213
22.0579
21.7813
21.4926
21.1932
20.8834
20.5633
20.2325
19.8903
19.5354
19.1666
18.7825
18.3818
17.9638
17.5279
17.0742
16.6036
16.1175
15.6181
15.1082
14.591
14.0702
13.5497
13.0333
12.5248
12.0278
11.5454
11.0802
10.6344
10.2098
9.80721
9.42736
9.07023
8.73538
8.42202
8.12897
7.8548
7.59786
7.3564
7.12856
6.9125
6.70642
6.50859
6.31747
6.13161
5.94978
5.77094
5.59422
5.41896
5.2447
5.07116
4.89821
4.72591
4.55432
4.38404
4.23714
4.10681
3.97302
3.82925
3.69507
3.5236
3.43233
3.15994
3.27805
2.61752
3.51303
1.51259
4.84821
23.7156
23.6001
23.4555
23.2855
23.0746
22.8091
22.4788
22.0742
21.5945
21.057
20.4865
19.8947
19.2858
18.6619
18.0263
17.3827
16.7331
16.0772
15.4134
14.7391
14.0511
13.3451
12.617
11.8629
11.0795
10.2643
9.41622
8.53561
7.62442
6.68616
5.72595
4.74998
3.76539
2.78023
1.80273
0.841301
-0.0958338
-1.00091
-1.86667
-2.68661
-3.45512
-4.1673
-4.81932
-5.4083
-5.93227
-6.39018
-6.78185
-7.10802
-7.37015
-7.57038
-7.71148
-7.7967
-7.82973
-7.81459
-7.75544
-7.65661
-7.52242
-7.35714
-7.16492
-6.94972
-6.71526
-6.46501
-6.20216
-5.92955
-5.64979
-5.36523
-5.07738
-4.83048
-4.60847
-4.38653
-4.13224
-3.91307
-3.59452
-3.4472
-2.95551
-3.08227
-2.10542
-3.02525
-0.821537
-3.66561
20.722
20.7373
20.751
20.7606
20.7611
20.7511
20.7297
20.6943
20.6432
20.5742
20.4856
20.376
20.2439
20.0882
19.9084
19.7043
19.4759
19.2238
18.9489
18.6526
18.3365
18.0022
17.6515
17.2865
16.9088
16.5202
16.1223
15.7163
15.3037
14.8855
14.4628
14.0368
13.6085
13.1795
12.7511
12.3249
11.9028
11.4866
11.0782
10.6794
10.292
9.9176
9.55737
9.21239
8.88329
8.57041
8.27375
7.99299
7.7275
7.47643
7.23871
7.01313
6.79838
6.5931
6.39594
6.20559
6.02082
5.84051
5.66369
5.48951
5.31729
5.14654
4.9769
4.80815
4.6403
4.47332
4.30776
4.16491
4.03814
3.90808
3.76827
3.63786
3.47129
3.38242
3.11833
3.23235
2.5916
3.46178
1.51249
4.77256
20.6695
20.5666
20.4572
20.351
20.2397
20.1156
19.9741
19.8089
19.6097
19.3672
19.0806
18.7528
18.3831
17.9697
17.5118
17.01
16.4658
15.8815
15.2596
14.6034
13.9163
13.2019
12.4634
11.7041
10.9266
10.1334
9.32647
8.50748
7.67796
6.83943
5.99373
5.1429
4.28942
3.43656
2.58802
1.74814
0.921733
0.113927
-0.669903
-1.42441
-2.14438
-2.82486
-3.46137
-4.05007
-4.58771
-5.07175
-5.5004
-5.87274
-6.18853
-6.44829
-6.65318
-6.805
-6.90613
-6.95938
-6.96786
-6.93504
-6.86457
-6.76014
-6.62547
-6.46426
-6.28008
-6.07631
-5.85618
-5.6226
-5.37831
-5.12595
-4.86698
-4.64258
-4.43847
-4.23424
-3.99641
-3.79358
-3.49042
-3.35618
-2.88208
-3.01212
-2.06625
-2.96234
-0.822868
-3.59661
15.9411
15.9446
15.953
15.9582
15.9616
15.9635
15.9637
15.9616
15.9569
15.9487
15.9363
15.9187
15.8948
15.8632
15.8225
15.7714
15.7081
15.6313
15.5394
15.4312
15.3054
15.1611
14.9979
14.8154
14.6137
14.3934
14.1551
13.9002
13.6297
13.3454
13.0489
12.7419
12.4264
12.1039
11.7765
11.4457
11.1133
10.781
10.4504
10.1231
9.80073
9.48455
9.1759
8.87594
8.58559
8.30557
8.03638
7.77827
7.53121
7.29499
7.06915
6.85307
6.64598
6.447
6.25518
6.06956
5.88918
5.71313
5.54058
5.37079
5.20314
5.03713
4.87242
4.70875
4.54609
4.38435
4.22409
4.08575
3.96298
3.83704
3.70163
3.5753
3.4141
3.32768
3.07273
3.18173
2.56337
3.40374
1.51243
4.68763
15.9015
15.8057
15.7044
15.6089
15.5108
15.4064
15.2942
15.1723
15.0384
14.888
14.7176
14.5281
14.3212
14.0963
13.8515
13.5842
13.2914
12.9706
12.6196
12.2365
11.8198
11.3686
10.8827
10.3625
9.80927
9.22472
8.61117
7.97138
7.30841
6.62556
5.92636
5.21431
4.49291
3.76587
3.03686
2.30967
1.58822
0.87654
0.178828
-0.500652
-1.1576
-1.78768
-2.38676
-2.95093
-3.47663
-3.9607
-4.40048
-4.79396
-5.13972
-5.43694
-5.6855
-5.88587
-6.03912
-6.14685
-6.21111
-6.23435
-6.21936
-6.16912
-6.08675
-5.97549
-5.83857
-5.67915
-5.50029
-5.30492
-5.09571
-4.87552
-4.64564
-4.44413
-4.25845
-4.07249
-3.85188
-3.66596
-3.37908
-3.25839
-2.80295
-2.93625
-2.02299
-2.89359
-0.822602
-3.51843
12.7116
12.7251
12.7424
12.7561
12.769
12.7804
12.79
12.7976
12.803
12.8059
12.8061
12.8034
12.7974
12.7878
12.7744
12.7565
12.7338
12.7057
12.6715
12.6303
12.5815
12.5241
12.457
12.3793
12.2901
12.1884
12.0735
11.9449
11.8021
11.6451
11.474
11.2893
11.0918
10.8823
10.6621
10.4326
10.1951
9.95133
9.70284
9.45125
9.19811
8.94492
8.69311
8.44399
8.19871
7.9583
7.72357
7.49517
7.27353
7.0589
6.85131
6.65063
6.45656
6.26867
6.08643
5.90922
5.73639
5.56728
5.40126
5.23775
5.07624
4.91629
4.75759
4.59992
4.44322
4.28739
4.13301
3.99966
3.88128
3.75984
3.62923
3.50726
3.35191
3.2679
3.02308
3.12582
2.53274
3.33865
1.51197
4.59232
12.6758
12.5997
12.5178
12.4391
12.3566
12.2686
12.1746
12.0721
11.9587
11.8318
11.6883
11.5268
11.3496
11.1596
10.9577
10.7439
10.5173
10.2766
10.0209
9.74916
9.46008
9.15218
8.82402
8.47423
8.10156
7.70496
7.28373
6.83763
6.36687
5.87218
5.35493
4.81696
4.26054
3.68854
3.10411
2.51073
1.91213
1.31221
0.715019
0.124674
-0.454672
-1.01885
-1.56378
-2.08553
-2.58035
-3.04476
-3.47562
-3.87022
-4.22631
-4.54213
-4.81655
-5.04892
-5.23919
-5.38787
-5.49594
-5.56485
-5.59646
-5.59295
-5.55675
-5.49049
-5.39694
-5.27888
-5.13912
-4.98041
-4.80528
-4.61668
-4.41568
-4.23711
-4.0701
-3.90266
-3.69977
-3.53104
-3.26131
-3.15412
-2.71894
-2.85428
-1.97677
-2.81817
-0.821282
-3.43251
10.693
10.7129
10.7357
10.7564
10.7773
10.7971
10.8161
10.8338
10.8499
10.8643
10.8765
10.8862
10.893
10.8967
10.8968
10.8929
10.8848
10.872
10.8542
10.8311
10.8023
10.7675
10.7263
10.6783
10.6232
10.5606
10.49
10.4111
10.3233
10.2262
10.1196
10.0032
9.87689
9.74061
9.59456
9.43914
9.27485
9.10245
8.9228
8.73691
8.54589
8.35087
8.15306
7.95362
7.75367
7.55426
7.35633
7.16069
6.96802
6.77884
6.5935
6.41221
6.23504
6.0619
5.89259
5.72683
5.56425
5.40445
5.24701
5.09151
4.9376
4.78494
4.63329
4.48248
4.33248
4.18318
4.0352
3.90724
3.79356
3.67689
3.55138
3.43398
3.28483
3.20326
2.96903
3.06525
2.49795
3.26926
1.50615
4.49501
10.6592
10.5982
10.5317
10.467
10.3995
10.3281
10.2535
10.1744
10.0884
9.99344
9.88703
9.76603
9.62891
9.47707
9.31253
9.13611
8.9477
8.74652
8.53189
8.30344
8.06084
7.80372
7.53169
7.24438
6.94144
6.62241
6.2869
5.93457
5.56509
5.1783
4.77427
4.35328
3.9159
3.46318
2.99647
2.51761
2.02881
1.53267
1.03216
0.530515
0.0311906
-0.462164
-0.945831
-1.41611
-1.86931
-2.30191
-2.71054
-3.09217
-3.44406
-3.76386
-4.04968
-4.30008
-4.51413
-4.69141
-4.83199
-4.9364
-5.00562
-5.04103
-5.04431
-5.01746
-4.96265
-4.88223
-4.77862
-4.65433
-4.51161
-4.35343
-4.18055
-4.02455
-3.87601
-3.72695
-3.5419
-3.39033
-3.13821
-3.04442
-2.6303
-2.76749
-1.92628
-2.73914
-0.81449
-3.34526
9.07008
9.08955
9.11157
9.13268
9.15441
9.17592
9.19742
9.21866
9.23952
9.25978
9.27925
9.2977
9.31486
9.33045
9.34414
9.35559
9.36443
9.37024
9.37263
9.37117
9.36543
9.35498
9.3394
9.3183
9.29131
9.25808
9.2183
9.1717
9.11802
9.05706
8.98864
8.91259
8.82883
8.73729
8.63796
8.5309
8.41625
8.29425
8.16524
8.02967
7.88807
7.7411
7.58948
7.43399
7.27544
7.11466
6.95245
6.78958
6.62672
6.46448
6.30337
6.14375
5.98591
5.83
5.67606
5.52407
5.3739
5.22536
5.07823
4.9323
4.78732
4.64309
4.49946
4.35634
4.21373
4.07156
3.9305
3.80829
3.69963
3.58799
3.46787
3.35523
3.21257
3.13355
2.91018
2.99997
2.45827
3.19611
1.49399
4.39782
9.04027
8.98944
8.9337
8.87891
8.82181
8.76151
8.69906
8.63443
8.56633
8.49312
8.41322
8.32458
8.22461
8.11198
7.98752
7.85264
7.70792
7.55311
7.38733
7.20966
7.01945
6.8162
6.59942
6.36862
6.12346
5.86367
5.58907
5.2996
4.99524
4.67613
4.34252
3.99474
3.63323
3.25866
2.87182
2.47376
2.06578
1.64944
1.22657
0.799345
0.370167
-0.0582557
-0.483028
-0.901122
-1.30936
-1.70456
-2.08357
-2.44337
-2.78111
-3.09418
-3.38029
-3.63748
-3.86424
-4.05944
-4.22242
-4.35295
-4.45125
-4.51792
-4.55396
-4.56069
-4.5397
-4.49281
-4.42201
-4.32945
-4.21708
-4.08776
-3.94189
-3.80777
-3.67731
-3.54628
-3.37899
-3.24439
-3.01014
-2.92964
-2.53694
-2.67629
-1.87088
-2.65739
-0.801324
-3.25784
7.68592
7.70389
7.72418
7.74405
7.76466
7.78545
7.8066
7.82794
7.84941
7.8709
7.89231
7.91352
7.93439
7.95474
7.9744
7.99317
8.01081
8.02708
8.04169
8.05432
8.06466
8.07233
8.07694
8.07811
8.0754
8.06838
8.05666
8.03982
8.01745
7.98922
7.95481
7.91394
7.86641
7.81207
7.7508
7.68257
7.60739
7.52535
7.43662
7.3414
7.23999
7.13273
7.02005
6.90242
6.78038
6.65449
6.52534
6.39353
6.25964
6.12422
5.98776
5.8507
5.71341
5.57617
5.43918
5.30256
5.16637
5.0306
4.8952
4.7601
4.6252
4.49043
4.35572
4.22105
4.08651
3.95205
3.8184
3.70233
3.59899
3.49267
3.37823
3.27058
3.1347
3.05836
2.84612
2.92955
2.41357
3.11854
1.47648
4.299
7.65994
7.61732
7.57066
7.52442
7.47581
7.42404
7.37017
7.31466
7.25718
7.19675
7.13211
7.06201
6.98471
6.89815
6.80128
6.69477
6.57985
6.45717
6.32666
6.18757
6.03908
5.88059
5.71161
5.53158
5.33995
5.13622
4.91993
4.69071
4.44828
4.19247
3.92328
3.64082
3.34533
3.03726
2.71722
2.38599
2.04454
1.69403
1.33584
0.971541
0.602936
0.232038
-0.138933
-0.50759
-0.871373
-1.22761
-1.57355
-1.90647
-2.22367
-2.52256
-2.80074
-3.05603
-3.28655
-3.49072
-3.66738
-3.81568
-3.93522
-4.02597
-4.08826
-4.12281
-4.13062
-4.11299
-4.07139
-4.00764
-3.92325
-3.82094
-3.7007
-3.58756
-3.47464
-3.36115
-3.2114
-3.09348
-2.8772
-2.80985
-2.43885
-2.58054
-1.81061
-2.57236
-0.782816
-3.16894
6.56501
6.58196
6.60087
6.61965
6.63921
6.65914
6.67958
6.70041
6.72161
6.7431
6.76483
6.78671
6.80865
6.83054
6.85228
6.87373
6.89474
6.91515
6.93477
6.95342
6.97089
6.98691
7.00127
7.01366
7.02379
7.03135
7.036
7.03739
7.03514
7.02889
7.01827
7.00292
6.98251
6.95672
6.92528
6.88797
6.84461
6.7951
6.7394
6.67752
6.60954
6.53562
6.45598
6.37087
6.28062
6.1856
6.08621
5.98289
5.87607
5.7662
5.65371
5.539
5.42244
5.30437
5.18504
5.06468
4.94345
4.82146
4.6988
4.5755
4.45159
4.32709
4.20205
4.07652
3.95065
3.82442
3.69864
3.58908
3.49135
3.39063
3.28215
3.1797
3.05088
2.97737
2.77654
2.85367
2.36366
3.03605
1.45408
4.19713
6.54207
6.50619
6.46711
6.42829
6.38723
6.34301
6.29651
6.24837
6.19867
6.14718
6.09317
6.03557
5.97328
5.90479
5.82836
5.74305
5.64939
5.54849
5.44105
5.32711
5.20607
5.07723
4.94017
4.7945
4.63984
4.47576
4.30183
4.11768
3.92292
3.71725
3.50043
3.2723
3.03278
2.78194
2.52001
2.24735
1.96453
1.67229
1.37155
1.06346
0.749362
0.430793
0.10949
-0.21265
-0.533549
-0.850987
-1.16263
-1.46609
-1.75895
-2.03879
-2.30328
-2.55019
-2.77751
-2.98344
-3.16645
-3.32529
-3.4591
-3.56733
-3.64976
-3.70655
-3.73818
-3.74543
-3.72928
-3.69115
-3.63212
-3.5547
-3.45844
-3.36517
-3.26904
-3.17244
-3.03983
-2.93816
-2.73981
-2.68534
-2.33623
-2.48028
-1.74572
-2.48371
-0.759702
-3.0778
5.66032
5.67612
5.69354
5.71105
5.72934
5.74812
5.76749
5.78738
5.80778
5.82866
5.84996
5.87165
5.89366
5.91592
5.93837
5.96089
5.9834
6.00577
6.02787
6.04955
6.07068
6.09104
6.11047
6.12875
6.14567
6.16098
6.17446
6.18582
6.19479
6.20107
6.20438
6.2044
6.20082
6.19335
6.18167
6.1655
6.14458
6.11867
6.08757
6.05114
6.00927
5.96192
5.9091
5.85088
5.78738
5.71878
5.6453
5.5672
5.48478
5.39834
5.30823
5.21476
5.11825
5.01901
4.91732
4.81342
4.70752
4.59982
4.49046
4.37957
4.26727
4.15366
4.03885
3.92297
3.80625
3.6887
3.57118
3.46843
3.37657
3.28168
3.1794
3.08237
2.96083
2.8903
2.70111
2.77207
2.30827
2.94845
1.42674
4.09192
5.64
5.60957
5.5765
5.54359
5.50892
5.47145
5.43161
5.3899
5.34662
5.30195
5.25576
5.20743
5.15607
5.10072
5.04007
4.97257
4.89736
4.81481
4.72592
4.6314
4.53128
4.42502
4.31202
4.19188
4.06433
3.92904
3.78568
3.63394
3.4735
3.30411
3.12553
2.93758
2.74009
2.53302
2.31638
2.0903
1.85502
1.61092
1.35856
1.09861
0.831996
0.559781
0.283235
0.00378989
-0.276919
-0.557112
-0.834862
-1.10815
-1.37485
-1.63281
-1.87987
-2.11391
-2.33291
-2.53499
-2.71845
-2.88181
-3.02387
-3.14369
-3.24065
-3.31445
-3.36508
-3.39286
-3.39833
-3.3825
-3.34599
-3.29109
-3.21689
-3.14217
-3.0619
-2.98132
-2.86528
-2.77921
-2.59859
-2.55658
-2.22939
-2.37575
-1.67643
-2.39149
-0.732296
-2.98413
4.90959
4.92402
4.93981
4.95582
4.97258
4.98988
5.0078
5.02631
5.04541
5.06507
5.08528
5.10601
5.12724
5.14892
5.171
5.19343
5.21614
5.23905
5.26206
5.28509
5.30801
5.3307
5.35301
5.37477
5.39582
5.41597
5.43502
5.45275
5.46892
5.4833
5.49563
5.50565
5.5131
5.51771
5.51919
5.51729
5.51174
5.50227
5.48867
5.47069
5.44815
5.4209
5.38882
5.35181
5.30985
5.26295
5.21117
5.1546
5.09338
5.02769
4.95773
4.88372
4.80591
4.72451
4.63978
4.55195
4.46122
4.36781
4.2719
4.17366
4.07327
3.97087
3.86666
3.76079
3.65355
3.545
3.43604
3.34034
3.25456
3.16569
3.0698
2.97836
2.86428
2.7969
2.61952
2.68449
2.24713
2.85553
1.39451
3.98313
4.89168
4.86571
4.83751
4.80934
4.77977
4.74797
4.71409
4.67823
4.64057
4.60143
4.56109
4.51945
4.47598
4.42996
4.38055
4.32661
4.26676
4.20018
4.12718
4.04863
3.96521
3.877
3.78351
3.68419
3.57867
3.46669
3.348
3.22229
3.08927
2.94869
2.80033
2.64398
2.47948
2.30672
2.12566
1.93634
1.73886
1.53342
1.32035
1.10008
0.873188
0.64041
0.40263
0.160884
-0.0836125
-0.329487
-0.575216
-0.819147
-1.05951
-1.29445
-1.52205
-1.74038
-1.94753
-2.14166
-2.32104
-2.48407
-2.62936
-2.75573
-2.86224
-2.94825
-3.01337
-3.05751
-3.0808
-3.08388
-3.06696
-3.03204
-2.9778
-2.9201
-2.85459
-2.789
-2.68874
-2.61752
-2.45419
-2.42411
-2.11872
-2.26721
-1.60296
-2.29569
-0.70103
-2.88764
4.27714
4.29017
4.30437
4.31886
4.33404
4.34978
4.36613
4.38308
4.40064
4.41879
4.43755
4.4569
4.47682
4.49729
4.51828
4.53978
4.56173
4.58408
4.60678
4.62977
4.65296
4.67627
4.6996
4.72283
4.74583
4.76847
4.79059
4.81202
4.83256
4.85203
4.8702
4.88686
4.90175
4.91464
4.92528
4.93341
4.93877
4.9411
4.94016
4.9357
4.92751
4.91537
4.89909
4.87852
4.85352
4.82399
4.78988
4.75115
4.70783
4.65995
4.6076
4.55088
4.48994
4.42492
4.356
4.28336
4.20717
4.12763
4.04492
3.95923
3.87073
3.77963
3.68613
3.59044
3.49286
3.3935
3.29329
3.20481
3.12524
3.04253
2.95317
2.86747
2.76098
2.69689
2.53145
2.59061
2.17994
2.75692
1.3575
3.86986
4.26137
4.23911
4.21496
4.19074
4.16534
4.13811
4.10921
4.07863
4.04619
4.01201
3.97646
3.93983
3.90206
3.86274
3.82124
3.77683
3.72849
3.67501
3.61563
3.55055
3.48059
3.40641
3.32812
3.24529
3.1574
3.06413
2.96528
2.86059
2.74983
2.63273
2.50908
2.37865
2.24126
2.09675
1.94504
1.78607
1.61985
1.44648
1.26613
1.07907
0.88567
0.686441
0.482002
0.273097
0.0606287
-0.154361
-0.370693
-0.587055
-0.802011
-1.01401
-1.22142
-1.42253
-1.61563
-1.799
-1.97096
-2.12992
-2.27441
-2.40312
-2.51491
-2.60889
-2.68438
-2.74098
-2.77846
-2.79713
-2.79681
-2.77926
-2.74273
-2.70039
-2.6484
-2.59665
-2.51123
-2.45391
-2.30731
-2.2885
-2.00465
-2.15492
-1.52567
-2.19614
-0.666519
-2.78744
3.74148
3.75321
3.76593
3.77897
3.79265
3.80687
3.82168
3.83707
3.85307
3.86966
3.88686
3.90467
3.92307
3.94207
3.96166
3.98181
4.00251
4.02372
4.04542
4.06756
4.09009
4.11295
4.13607
4.15937
4.18277
4.20616
4.22942
4.25244
4.27506
4.29713
4.31848
4.33893
4.35827
4.37631
4.39282
4.40756
4.4203
4.4308
4.4388
4.44406
4.44634
4.4454
4.44102
4.43299
4.42113
4.40528
4.38528
4.36103
4.33245
4.29948
4.26211
4.22034
4.17423
4.12383
4.06923
4.01055
3.94792
3.88148
3.81139
3.73781
3.66093
3.58094
3.49805
3.4125
3.32459
3.23446
3.14307
3.06187
2.98858
2.91211
2.82936
2.74949
2.65066
2.59001
2.43661
2.4901
2.10653
2.65207
1.31605
3.75083
3.7276
3.70846
3.6877
3.66683
3.64494
3.6215
3.59662
3.57042
3.5427
3.51323
3.48213
3.44975
3.41637
3.38199
3.34627
3.30867
3.26857
3.22506
3.17703
3.12376
3.06537
3.00265
2.93624
2.86626
2.79234
2.71401
2.63098
2.54307
2.45009
2.35181
2.24803
2.13855
2.02316
1.90172
1.7741
1.64018
1.49993
1.35335
1.2005
1.04151
0.876627
0.706164
0.530544
0.350299
0.166084
-0.0213172
-0.211
-0.40194
-0.592981
-0.782859
-0.970204
-1.15357
-1.33144
-1.50226
-1.66451
-1.81664
-1.95721
-2.08486
-2.19835
-2.29665
-2.37886
-2.44437
-2.49264
-2.52371
-2.53709
-2.53426
-2.51313
-2.48439
-2.44459
-2.40539
-2.33376
-2.28929
-2.15869
-2.1503
-1.88775
-2.03911
-1.44528
-2.09257
-0.629896
-2.68189
3.28506
3.29557
3.30693
3.31862
3.33089
3.34368
3.35702
3.37091
3.38538
3.40042
3.41606
3.4323
3.44913
3.46656
3.4846
3.50323
3.52244
3.54222
3.56256
3.58342
3.60477
3.62658
3.64881
3.67139
3.69426
3.71735
3.74057
3.76384
3.78704
3.81005
3.83275
3.85497
3.87659
3.8974
3.91724
3.9359
3.95319
3.96888
3.98273
3.99453
4.00404
4.01101
4.01522
4.01643
4.01442
4.009
3.99996
3.98714
3.97039
3.94959
3.92464
3.89547
3.86205
3.82435
3.78239
3.73622
3.68589
3.63151
3.57317
3.51102
3.4452
3.37588
3.30328
3.22765
3.14925
3.06823
2.98558
2.91164
2.84461
2.77439
2.69827
2.62426
2.53311
2.47596
2.33471
2.38251
2.02682
2.54015
1.27058
3.62409
3.27284
3.25632
3.2384
3.22035
3.20143
3.18118
3.15968
3.13702
3.11314
3.08789
3.06106
3.03267
3.00305
2.9725
2.94103
2.9084
2.87414
2.83771
2.79834
2.75504
2.70711
2.65462
2.59827
2.53869
2.47601
2.40984
2.33975
2.26549
2.18693
2.10392
2.01626
1.92377
1.82626
1.72359
1.61562
1.50223
1.38334
1.25891
1.12894
0.993483
0.852664
0.706676
0.555795
0.400385
0.240905
0.0779353
-0.0878471
-0.255651
-0.424569
-0.593583
-0.761572
-0.927317
-1.08953
-1.24685
-1.3979
-1.54127
-1.67559
-1.79952
-1.91182
-2.01137
-2.09715
-2.16838
-2.22434
-2.26485
-2.28911
-2.29841
-2.29035
-2.27341
-2.24438
-2.21637
-2.15733
-2.12451
-2.00913
-2.01008
-1.76866
-1.91975
-1.36269
-1.98374
-0.592779
-2.56858
2.8916
2.90101
2.91115
2.92162
2.93261
2.94408
2.95607
2.96857
2.98161
2.9952
3.00935
3.02407
3.03937
3.05525
3.07172
3.08878
3.10643
3.12466
3.14347
3.16284
3.18276
3.2032
3.22413
3.24552
3.26732
3.28949
3.31195
3.33465
3.35749
3.3804
3.40327
3.42599
3.44842
3.47044
3.49188
3.5126
3.53241
3.55112
3.56854
3.58446
3.59866
3.61092
3.62102
3.62873
3.63381
3.63605
3.63523
3.63115
3.62362
3.61247
3.59754
3.57871
3.55586
3.52892
3.49783
3.46258
3.42317
3.37961
3.33197
3.28033
3.22482
3.16556
3.10274
3.03659
2.96737
2.89522
2.82109
2.75427
2.69342
2.62937
2.55978
2.49162
2.40814
2.35442
2.22565
2.26715
1.94118
2.41942
1.22236
3.48656
2.88083
2.86651
2.85101
2.83535
2.81895
2.80141
2.78278
2.76312
2.74237
2.72051
2.69744
2.67291
2.64687
2.61965
2.59158
2.56272
2.53286
2.50161
2.46848
2.43268
2.39336
2.34996
2.30263
2.25196
2.19853
2.14248
2.08334
2.02062
1.95413
1.8838
1.80954
1.73116
1.64848
1.56136
1.46967
1.3733
1.27215
1.16617
1.05531
0.939578
0.81904
0.693806
0.56405
0.430014
0.292021
0.150489
0.00591941
-0.14109
-0.289837
-0.439515
-0.589221
-0.737957
-0.884631
-1.0281
-1.16714
-1.3005
-1.42693
-1.54516
-1.65397
-1.75226
-1.83896
-1.91317
-1.97406
-2.02127
-2.0538
-2.07275
-2.07547
-2.06851
-2.04886
-2.03056
-1.98295
-1.96033
-1.85961
-1.86806
-1.64872
-1.7961
-1.28022
-1.86744
-0.559751
-2.4427
2.55508
2.56341
2.57238
2.58164
2.59138
2.60155
2.61219
2.6233
2.6349
2.647
2.65962
2.67277
2.68646
2.70069
2.71548
2.73084
2.74677
2.76327
2.78034
2.79797
2.81616
2.83491
2.85418
2.87396
2.89421
2.91491
2.93602
2.95748
2.97924
3.00122
3.02336
3.04556
3.06773
3.08976
3.11151
3.13288
3.1537
3.17382
3.19306
3.21127
3.22822
3.24372
3.25758
3.26955
3.27945
3.28703
3.29209
3.2944
3.29375
3.28997
3.28285
3.27219
3.25788
3.23977
3.21776
3.19177
3.16175
3.12765
3.08948
3.04729
3.00115
2.95113
2.89741
2.84015
2.77959
2.71589
2.64994
2.58998
2.53512
2.47706
2.41387
2.35137
2.2756
2.22488
2.10944
2.14287
1.85019
2.28799
1.17361
3.33584
2.54564
2.53326
2.51986
2.50631
2.49212
2.47696
2.46085
2.44383
2.42589
2.40707
2.38739
2.3665
2.34337
2.31689
2.28702
2.25476
2.22144
2.18832
2.15675
2.12782
2.10131
2.07499
2.04544
2.00935
1.96532
1.91496
1.86153
1.80673
1.74999
1.69016
1.62667
1.55947
1.48864
1.41409
1.3357
1.25329
1.16678
1.07608
0.98115
0.881956
0.778509
0.670865
0.559126
0.443447
0.324054
0.201234
0.0753637
-0.0531141
-0.183662
-0.315648
-0.448358
-0.580987
-0.712625
-0.842315
-0.969027
-1.09165
-1.20906
-1.32014
-1.42371
-1.51873
-1.60412
-1.67896
-1.74231
-1.79375
-1.83213
-1.85832
-1.86964
-1.8708
-1.85914
-1.84893
-1.81175
-1.79734
-1.71142
-1.72408
-1.52981
-1.66664
-1.20092
-1.74033
-0.535371
-2.29986
2.16744
2.17457
2.1822
2.19011
2.19842
2.20713
2.21625
2.22579
2.23578
2.24623
2.25714
2.26853
2.28042
2.29282
2.30574
2.3192
2.33319
2.34774
2.36283
2.37849
2.39471
2.41147
2.42881
2.44669
2.46509
2.48401
2.50343
2.52331
2.54361
2.56429
2.58533
2.60662
2.62813
2.64976
2.67141
2.69302
2.71447
2.73561
2.75632
2.77647
2.79588
2.81436
2.83176
2.84788
2.86254
2.8755
2.88654
2.89547
2.90206
2.9061
2.90737
2.90564
2.90076
2.89254
2.88081
2.86542
2.84626
2.82323
2.79628
2.76539
2.73054
2.69178
2.64922
2.60297
2.55323
2.50018
2.44453
2.39332
2.34615
2.29578
2.24095
2.18564
2.12033
2.07292
1.97608
1.998
1.75008
2.13654
1.12541
3.16569
2.15949
2.14928
2.13818
2.1269
2.11513
2.1026
2.08929
2.07524
2.0604
2.04467
2.02803
2.0105
1.99226
1.97331
1.95325
1.93176
1.90916
1.88592
1.86204
1.83717
1.81101
1.78312
1.75268
1.71931
1.68336
1.64489
1.60351
1.55931
1.51271
1.46376
1.41219
1.35775
1.30032
1.23978
1.17606
1.10903
1.0386
0.964692
0.887233
0.806157
0.721444
0.633097
0.541149
0.44568
0.346808
0.244705
0.139613
0.0318244
-0.0783003
-0.190305
-0.303678
-0.41782
-0.532034
-0.645559
-0.757592
-0.867207
-0.973435
-1.07532
-1.17181
-1.26189
-1.34457
-1.4189
-1.48391
-1.53901
-1.58308
-1.6165
-1.63703
-1.64651
-1.64419
-1.64181
-1.61809
-1.60989
-1.54558
-1.55568
-1.4011
-1.51079
-1.12378
-1.5821
-0.527993
-2.12234
1.78106
1.78685
1.79304
1.79948
1.80626
1.81338
1.82083
1.82864
1.83685
1.84545
1.85444
1.86385
1.8737
1.88399
1.89476
1.906
1.91772
1.92994
1.94267
1.95592
1.96971
1.98402
1.99889
2.0143
2.03024
2.04673
2.06376
2.0813
2.09934
2.11787
2.13687
2.15629
2.17611
2.19625
2.21666
2.2373
2.25809
2.27892
2.29972
2.32037
2.34075
2.36071
2.38011
2.39884
2.41669
2.43347
2.44899
2.46309
2.47551
2.48606
2.4945
2.50065
2.50427
2.50513
2.50306
2.49785
2.48934
2.47737
2.4618
2.44257
2.41958
2.39284
2.36236
2.32822
2.29053
2.24942
2.20558
2.1645
2.12624
2.085
2.03983
1.99377
1.93948
1.89967
1.8183
1.8406
1.62235
1.98922
1.04196
3.03348
1.77471
1.76674
1.75808
1.74926
1.74007
1.73029
1.71991
1.70897
1.6974
1.68514
1.67217
1.65866
1.64499
1.63167
1.6189
1.60611
1.59224
1.57641
1.55815
1.53721
1.51337
1.487
1.45901
1.4302
1.40101
1.3713
1.34019
1.30657
1.27021
1.2317
1.19138
1.14905
1.10441
1.05731
1.00766
0.955383
0.900407
0.842641
0.782001
0.71841
0.651821
0.582198
0.509529
0.433826
0.355122
0.273509
0.189095
0.10206
0.0126057
-0.0789781
-0.172351
-0.267116
-0.362788
-0.458808
-0.554571
-0.649388
-0.742474
-0.833041
-0.920205
-1.00307
-1.08074
-1.15231
-1.21682
-1.27363
-1.32154
-1.36077
-1.38905
-1.40645
-1.41226
-1.41861
-1.40596
-1.40799
-1.35874
-1.37834
-1.24559
-1.35903
-1.00662
-1.45529
-0.457263
-2.03568
1.47325
1.47803
1.48314
1.48847
1.49408
1.49996
1.50612
1.5126
1.5194
1.52653
1.53399
1.54181
1.55001
1.55857
1.56755
1.57693
1.58671
1.59694
1.60762
1.61875
1.63036
1.64243
1.65501
1.66807
1.68163
1.6957
1.71025
1.72532
1.74087
1.75692
1.77344
1.79042
1.80784
1.82567
1.84387
1.86239
1.8812
1.90025
1.91944
1.93871
1.95801
1.97718
1.99613
2.01477
2.03294
2.0505
2.06728
2.08316
2.0979
2.11133
2.12325
2.13349
2.1418
2.14797
2.15182
2.15312
2.15168
2.14733
2.1399
2.12926
2.11527
2.09789
2.07707
2.05282
2.02521
1.99432
1.96075
1.92865
1.8984
1.86549
1.8292
1.79185
1.7478
1.71569
1.64847
1.67304
1.48095
1.83532
0.943342
2.89971
1.46808
1.46175
1.45488
1.44786
1.44052
1.43273
1.42447
1.41575
1.40654
1.39681
1.38652
1.37562
1.3641
1.352
1.33934
1.3262
1.31247
1.29771
1.28158
1.26429
1.24636
1.2281
1.2095
1.19026
1.16984
1.14754
1.12311
1.0967
1.06832
1.03795
1.00584
0.972174
0.936843
0.899634
0.860377
0.818994
0.775433
0.729635
0.681516
0.63101
0.578057
0.522607
0.464633
0.40411
0.341042
0.275468
0.207433
0.137033
0.0643967
-0.0103135
-0.0868588
-0.164984
-0.244357
-0.324574
-0.405202
-0.485721
-0.565537
-0.644027
-0.720483
-0.794167
-0.864306
-0.93012
-0.990719
-1.04551
-1.09331
-1.13429
-1.16621
-1.18811
-1.19904
-1.21119
-1.20644
-1.21616
-1.1785
-1.20656
-1.09076
-1.21112
-0.884022
-1.33688
-0.375829
-1.96508
1.2098
1.21372
1.2179
1.22227
1.22686
1.23168
1.23674
1.24206
1.24764
1.25351
1.25965
1.26611
1.27287
1.27995
1.28738
1.29515
1.30328
1.31179
1.32067
1.32996
1.33965
1.34976
1.3603
1.37127
1.3827
1.39458
1.4069
1.41968
1.43293
1.44663
1.46079
1.4754
1.49043
1.50589
1.52173
1.53794
1.5545
1.57135
1.58845
1.60574
1.62319
1.6407
1.65818
1.67556
1.69272
1.70957
1.72597
1.7418
1.75689
1.77109
1.78423
1.79617
1.80668
1.81558
1.82272
1.82783
1.83077
1.83136
1.82942
1.82479
1.81731
1.80692
1.79352
1.77709
1.75764
1.73521
1.7103
1.68596
1.66273
1.63723
1.60892
1.57953
1.54495
1.52007
1.46637
1.49276
1.32722
1.66709
0.834327
2.74148
1.20562
1.20056
1.1951
1.18949
1.18363
1.17741
1.17083
1.16387
1.15652
1.14877
1.14058
1.13191
1.12276
1.11309
1.1029
1.09219
1.08105
1.06948
1.0573
1.04407
1.02965
1.01441
0.99883
0.983064
0.966926
0.949984
0.931639
0.911535
0.889724
0.866261
0.841074
0.814273
0.786112
0.756646
0.725674
0.693009
0.658566
0.622298
0.58416
0.544098
0.50205
0.457966
0.411802
0.36353
0.313139
0.260627
0.206021
0.149362
0.0907296
0.0302208
-0.0320111
-0.0957899
-0.160893
-0.227036
-0.293903
-0.361115
-0.428223
-0.494756
-0.560161
-0.623846
-0.68518
-0.74352
-0.798092
-0.848396
-0.893346
-0.933086
-0.965499
-0.989111
-1.00274
-1.01816
-1.01877
-1.03353
-1.00514
-1.03896
-0.938722
-1.0629
-0.762179
-1.21351
-0.29764
-1.87302
0.976864
0.97999
0.983323
0.986804
0.990469
0.994324
0.998367
1.00262
1.0071
1.01179
1.01673
1.02191
1.02734
1.03303
1.039
1.04527
1.05183
1.0587
1.06589
1.07342
1.08128
1.0895
1.09809
1.10704
1.11638
1.12611
1.13623
1.14676
1.15769
1.16904
1.1808
1.19297
1.20554
1.21851
1.23187
1.2456
1.25968
1.27408
1.28878
1.30373
1.3189
1.33425
1.34969
1.36517
1.38061
1.39594
1.41103
1.42581
1.44014
1.45389
1.46694
1.47914
1.49033
1.50034
1.50902
1.51617
1.52164
1.52526
1.52687
1.5263
1.52341
1.5181
1.51027
1.49987
1.48689
1.47133
1.45359
1.43582
1.41864
1.39959
1.37832
1.35609
1.33002
1.31178
1.27052
1.29833
1.15818
1.48228
0.709248
2.55594
0.973549
0.96959
0.96532
0.960934
0.956346
0.951475
0.946317
0.940874
0.935124
0.929055
0.92265
0.915884
0.908733
0.901176
0.893194
0.884776
0.875929
0.866673
0.857066
0.847063
0.836352
0.824585
0.811823
0.798549
0.78513
0.771587
0.757634
0.742775
0.726552
0.708844
0.689699
0.669073
0.64702
0.623806
0.599558
0.574142
0.547377
0.51915
0.489413
0.458139
0.425282
0.390796
0.35464
0.316773
0.277176
0.235833
0.192748
0.147935
0.101436
0.0533041
0.00363432
-0.0474556
-0.0998209
-0.153263
-0.207558
-0.262437
-0.317569
-0.372595
-0.427103
-0.480628
-0.532668
-0.582717
-0.630116
-0.674475
-0.714834
-0.751352
-0.78208
-0.805388
-0.819887
-0.836638
-0.840543
-0.858249
-0.836924
-0.874426
-0.787634
-0.913578
-0.637817
-1.08412
-0.216643
-1.76493
0.770665
0.773089
0.775667
0.778362
0.781204
0.784194
0.787329
0.790629
0.794099
0.797742
0.80157
0.80559
0.809805
0.814227
0.818876
0.823752
0.828853
0.8342
0.839808
0.845675
0.851809
0.85823
0.864946
0.871956
0.879275
0.886911
0.894866
0.903152
0.911772
0.920735
0.930048
0.939697
0.949692
0.960042
0.970725
0.981742
0.993082
1.00472
1.01666
1.02886
1.0413
1.05395
1.06677
1.07969
1.09268
1.10569
1.11862
1.1314
1.14395
1.15616
1.16794
1.17916
1.18969
1.19941
1.20818
1.21585
1.22227
1.22729
1.23078
1.2326
1.2326
1.23068
1.22676
1.22077
1.21267
1.20247
1.19048
1.17811
1.16597
1.15238
1.13712
1.12111
1.10243
1.09002
1.05974
1.08832
0.971117
1.2787
0.562819
2.3382
0.7681
0.765069
0.7618
0.758433
0.754913
0.751177
0.747222
0.743045
0.738634
0.733979
0.729065
0.723871
0.718387
0.71259
0.706467
0.699997
0.693169
0.685976
0.678441
0.670614
0.662514
0.653974
0.644631
0.634306
0.62328
0.61204
0.600784
0.589383
0.577469
0.564589
0.550487
0.535142
0.518538
0.500707
0.481861
0.462192
0.441663
0.420099
0.397378
0.373463
0.348332
0.321951
0.294284
0.265286
0.234926
0.20319
0.170067
0.135557
0.0996726
0.0624452
0.0239254
-0.0158138
-0.0566808
-0.0985443
-0.141251
-0.184614
-0.228401
-0.272349
-0.316153
-0.359476
-0.401922
-0.443111
-0.482516
-0.519842
-0.554273
-0.586008
-0.613294
-0.634657
-0.648495
-0.664915
-0.670266
-0.689047
-0.672679
-0.71195
-0.636198
-0.762299
-0.508642
-0.948064
-0.127164
-1.64437
0.570933
0.572735
0.574648
0.576654
0.578772
0.581
0.583342
0.585812
0.588408
0.591136
0.594006
0.597023
0.600194
0.603529
0.607037
0.610714
0.614573
0.618623
0.622874
0.627328
0.631994
0.636885
0.642001
0.647356
0.65296
0.658808
0.66491
0.671277
0.677912
0.684821
0.692007
0.699465
0.707204
0.715228
0.723522
0.732084
0.740914
0.749998
0.759329
0.768892
0.77866
0.788615
0.79873
0.808963
0.819292
0.829674
0.840037
0.850346
0.860541
0.870532
0.880257
0.889627
0.898544
0.906919
0.914647
0.921617
0.92771
0.9328
0.936791
0.939572
0.941022
0.941047
0.939579
0.93656
0.931947
0.925737
0.918171
0.910092
0.902037
0.89294
0.882702
0.871937
0.859477
0.851975
0.830988
0.859286
0.761366
1.05044
0.388152
2.06391
0.569039
0.566823
0.564434
0.561972
0.559395
0.556665
0.553781
0.550735
0.547519
0.544127
0.540547
0.536766
0.532779
0.528573
0.524135
0.51945
0.514498
0.509273
0.503776
0.498024
0.49204
0.485869
0.479476
0.472588
0.464881
0.456423
0.447635
0.438893
0.430247
0.42148
0.412209
0.402105
0.391043
0.37896
0.36583
0.351832
0.337182
0.321855
0.305665
0.288484
0.270286
0.25108
0.230879
0.209657
0.187389
0.16406
0.139658
0.114188
0.0876574
0.0600879
0.0315101
0.00197373
-0.0284592
-0.0597066
-0.0916614
-0.124201
-0.157166
-0.19038
-0.223624
-0.256669
-0.289225
-0.321025
-0.351676
-0.38098
-0.408269
-0.4338
-0.456039
-0.47394
-0.485707
-0.500262
-0.505328
-0.523392
-0.509929
-0.549012
-0.481818
-0.605912
-0.371507
-0.800547
-0.0261329
-1.49454
0.405848
0.407034
0.408296
0.409614
0.411
0.412456
0.413988
0.415601
0.417285
0.419055
0.420916
0.422864
0.424909
0.427061
0.429312
0.431666
0.434138
0.436727
0.439435
0.442269
0.445239
0.448345
0.451591
0.454986
0.458534
0.462233
0.466099
0.470134
0.474339
0.47872
0.48328
0.488024
0.492955
0.498073
0.50338
0.508882
0.514566
0.520434
0.526492
0.532723
0.539118
0.545667
0.55235
0.559148
0.566055
0.573031
0.580034
0.587051
0.594034
0.600925
0.607678
0.614239
0.620549
0.626536
0.632124
0.637255
0.641832
0.645764
0.648988
0.651428
0.652986
0.653601
0.653233
0.651832
0.649357
0.645801
0.641367
0.636547
0.631601
0.62596
0.619596
0.612903
0.605248
0.601323
0.587479
0.614108
0.53128
0.798082
0.192694
1.70855
0.404587
0.403086
0.401469
0.399806
0.398064
0.396214
0.394252
0.392177
0.389988
0.387677
0.385231
0.382642
0.379905
0.377016
0.373964
0.370733
0.367311
0.363693
0.359867
0.355825
0.351575
0.347144
0.342581
0.337887
0.332888
0.327261
0.32087
0.314005
0.307078
0.300214
0.293208
0.285723
0.277498
0.268495
0.258754
0.248291
0.237287
0.226031
0.21459
0.202794
0.190436
0.177414
0.163715
0.149348
0.134303
0.118561
0.102102
0.0849175
0.0670043
0.0483674
0.0290207
0.00899118
-0.0116859
-0.0329613
-0.0547685
-0.0770264
-0.0996347
-0.122478
-0.145413
-0.168291
-0.190917
-0.213119
-0.234624
-0.255333
-0.274722
-0.293112
-0.309193
-0.322569
-0.331182
-0.342663
-0.346014
-0.361899
-0.349428
-0.386737
-0.325341
-0.445742
-0.226599
-0.640091
0.0867886
-1.2978
0.168238
0.169215
0.170258
0.171349
0.172496
0.173706
0.174984
0.176328
0.177737
0.179219
0.180777
0.182415
0.184137
0.185947
0.187841
0.189826
0.19191
0.194091
0.196367
0.19875
0.201242
0.20384
0.206552
0.209374
0.212307
0.215356
0.218521
0.221799
0.225192
0.228697
0.232309
0.236033
0.239858
0.24378
0.247802
0.251916
0.256105
0.260369
0.264702
0.269086
0.273525
0.278001
0.282487
0.286982
0.291489
0.295973
0.300414
0.304812
0.309138
0.31337
0.317487
0.321464
0.325279
0.328893
0.332265
0.335377
0.33818
0.340628
0.342699
0.344353
0.345546
0.346248
0.346451
0.34612
0.345224
0.343772
0.341901
0.339681
0.337401
0.334777
0.331808
0.328729
0.32526
0.32454
0.316417
0.340426
0.268474
0.491372
-0.0180932
1.14407
0.167245
0.166119
0.164898
0.163629
0.162301
0.160894
0.159396
0.157811
0.156139
0.154373
0.1525
0.150512
0.148405
0.146174
0.143808
0.141295
0.138624
0.135788
0.132771
0.129559
0.126146
0.122531
0.118703
0.114612
0.110178
0.105333
0.100106
0.0950618
0.0918217
0.0927511
0.0996185
0.112403
0.129017
0.145794
0.158733
0.164991
0.163834
0.156718
0.146475
0.135666
0.125382
0.115518
0.105659
0.0955831
0.085281
0.0748085
0.0641925
0.0534249
0.0424942
0.0313924
0.020115
0.00866174
-0.0029669
-0.0147622
-0.0267115
-0.038792
-0.050969
-0.0632043
-0.0754371
-0.0876063
-0.0996195
-0.11141
-0.122819
-0.133851
-0.144129
-0.154037
-0.16251
-0.170002
-0.174281
-0.181459
-0.181731
-0.193852
-0.180923
-0.213803
-0.158139
-0.266569
-0.0730454
-0.432817
0.182709
-0.937377
0.141369
0.141091
0.140796
0.140479
0.140139
0.139777
0.139392
0.138982
0.138543
0.138074
0.137576
0.137048
0.136489
0.135894
0.135263
0.134596
0.133892
0.13315
0.132368
0.131547
0.130688
0.129789
0.128854
0.127881
0.126871
0.125831
0.124758
0.123658
0.122538
0.121398
0.120244
0.119084
0.117923
0.116767
0.115629
0.114511
0.113423
0.112374
0.111368
0.110413
0.109526
0.108705
0.107947
0.107267
0.10667
0.106144
0.105692
0.105318
0.105003
0.104745
0.104534
0.104362
0.104218
0.104091
0.103965
0.103834
0.103684
0.103494
0.103248
0.102924
0.102507
0.101985
0.101362
0.10063
0.099785
0.0988371
0.0979124
0.0973854
0.0964856
0.0953447
0.0940246
0.0925929
0.0908835
0.0900401
0.0849264
0.0980064
0.0585423
0.179536
-0.0758275
0.4617
0.141622
0.141871
0.142147
0.142441
0.142751
0.143079
0.143423
0.143791
0.144185
0.144605
0.145054
0.145537
0.14606
0.146626
0.14724
0.147911
0.148649
0.149468
0.150379
0.151387
0.152466
0.153555
0.154637
0.155914
0.158014
0.162005
0.168849
0.178188
0.187175
0.190632
0.182979
0.160857
0.124988
0.0806636
0.036567
0.00180567
-0.0179223
-0.0228906
-0.0184618
-0.0111397
-0.00494244
-0.000763332
0.00208255
0.00429759
0.0060907
0.00738602
0.00809806
0.00822086
0.00779192
0.00685452
0.0054494
0.0036185
0.00140807
-0.00113239
-0.00395304
-0.00700419
-0.0102358
-0.0136045
-0.0170619
-0.0205698
-0.0240773
-0.0275685
-0.0309623
-0.0343259
-0.0374341
-0.0406577
-0.0432274
-0.0461286
-0.0469513
-0.0501538
-0.0482459
-0.0558485
-0.0448428
-0.0682504
-0.0279027
-0.102245
0.0258981
-0.195719
0.173263
-0.448756
)
;

boundaryField
{
    inlet
    {
        type            freestreamPressure;
        freestreamValue uniform 0;
        value           nonuniform List<scalar> 
134
(
0.912138
1.20573
1.48563
1.69452
1.81076
1.83129
1.73907
1.53492
1.20954
0.662862
0.207915
0.319671
0.495845
0.653781
0.80371
0.951467
1.09841
1.24505
1.39347
1.54679
0.601895
1.70873
1.87952
2.04874
2.19496
2.28614
2.30881
2.38113
2.35089
2.34585
2.71529
2.50981
2.48693
2.49633
2.49801
2.48679
2.47706
2.48842
2.55406
2.61386
0.287384
-0.0617979
-0.397737
-0.641318
-0.7458
-0.640392
-0.277397
2.81907
2.75997
2.6753
2.62072
2.57985
2.53395
2.48244
2.42985
2.37732
2.32391
2.26885
2.21199
2.1532
2.09199
2.02767
1.9592
1.88489
1.80347
1.71154
1.64014
1.56791
1.48246
1.38226
1.26465
1.11645
0.924382
0.61909
0.249914
-0.0509911
-0.134943
-0.245969
-0.371653
-0.507924
-0.649602
-0.779673
-0.885715
-0.965394
-1.0182
-1.04933
-1.06597
-1.0746
-1.08073
-1.09217
-1.1218
-1.1755
-1.2362
-1.28939
-1.33568
-1.37772
-1.41581
-1.44877
-1.47573
-1.49662
-1.51209
-1.52445
-1.53876
-1.56866
-1.63548
-1.77722
-1.8393
-1.78904
-1.7286
-1.68957
-1.65787
-1.62192
-1.58241
-1.54229
-1.50208
-1.46119
-1.41926
-1.37616
-1.33175
-1.28562
-1.23701
-1.18482
-1.12681
-1.06097
-0.979115
-0.939177
-0.906637
-0.864178
-0.814302
-0.758655
-0.689487
-0.598661
-0.432344
-0.206929
)
;
    }
    outlet
    {
        type            freestreamPressure;
        freestreamValue uniform 0;
        value           nonuniform List<scalar> 
160
(
0.000193322
0.000193658
0.000192954
0.000193987
0.000192564
0.000194351
0.000192144
0.00019474
0.000191694
0.000195149
0.000191213
0.000195581
0.000190704
0.000196034
0.000190161
0.000196519
0.000189579
0.000197039
0.000188958
0.000197592
0.000188298
0.000198183
0.000187598
0.000198819
0.000186857
0.000199508
0.000186068
0.000200253
0.000185232
0.000201063
0.000184348
0.000201947
0.000183415
0.000202919
0.000182433
0.000203999
0.000181397
0.000205202
0.00018031
0.00020654
0.000179174
0.000207985
0.000177984
0.00020945
0.000176748
0.00021089
0.000175461
0.000212523
0.000174128
0.000215142
0.000172756
0.000220178
0.000171341
0.000229009
0.000169892
0.000241344
0.000168419
0.000253596
0.000166922
0.000258933
0.000165409
0.000249624
0.000163892
0.000220533
0.000162376
0.000172027
0.000160873
0.000111194
0.000159398
5.03471e-05
0.000157954
2.47778e-06
0.000156557
-2.44876e-05
0.00015522
-3.11519e-05
0.000153947
-2.5055e-05
0.000152752
-1.50967e-05
0.000151655
-6.69533e-06
0.000150658
-1.03406e-06
0.000149756
2.82127e-06
0.00014897
5.8217e-06
0.000148308
8.24969e-06
0.000147756
1.00028e-05
0.000147317
1.09656e-05
0.000146999
1.11305e-05
0.000146776
1.05486e-05
0.000146648
9.27872e-06
0.000146601
7.37618e-06
0.000146625
4.89779e-06
0.000146707
1.90592e-06
0.000146834
-1.53289e-06
0.000146983
-5.35189e-06
0.000147147
-9.48493e-06
0.000147308
-1.38656e-05
0.000147437
-1.8437e-05
0.000147514
-2.31357e-05
0.000147506
-2.7912e-05
0.000147393
-3.26999e-05
0.000147157
-3.74802e-05
0.000146805
-4.21468e-05
0.000146324
-4.67921e-05
0.000145707
-5.11169e-05
0.000144969
-5.56205e-05
0.000144294
-5.92744e-05
0.00014414
-6.33691e-05
0.000143375
-6.46553e-05
0.000142306
-6.91607e-05
0.000141018
-6.68134e-05
0.00013962
-7.73287e-05
0.000137859
-6.26537e-05
0.000137459
-9.47416e-05
0.000130682
-3.96131e-05
0.000151654
-0.000141258
9.21011e-05
3.80105e-05
0.000279212
-0.000262766
-0.000126284
0.000274605
0.000689185
-0.000546269
)
;
    }
    walls
    {
        type            zeroGradient;
    }
    frontAndBack
    {
        type            empty;
    }
}


// ************************************************************************* //
