/*--------------------------------*- C++ -*----------------------------------*\
| =========                 |                                                 |
| \\      /  F ield         | OpenFOAM: The Open Source CFD Toolbox           |
|  \\    /   O peration     | Version:  2412                                  |
|   \\  /    A nd           | Website:  www.openfoam.com                      |
|    \\/     M anipulation  |                                                 |
\*---------------------------------------------------------------------------*/
FoamFile
{
    version     2.0;
    format      ascii;
    arch        "LSB;label=32;scalar=64";
    class       volScalarField;
    location    "250";
    object      p;
}
// * * * * * * * * * * * * * * * * * * * * * * * * * * * * * * * * * * * * * //

dimensions      [0 2 -2 0 0 0 0];

internalField   nonuniform List<scalar> 
10720
(
114.912
63.2419
2.44093
-58.3128
-115.263
-172.702
-223.098
-264.257
-297.851
-320.727
-333.671
-337.761
-332.999
-318.17
-292.513
-257.477
-221.912
-202.916
-213.634
-226.323
-227.45
-226.845
-228.196
-230.627
-232.185
-231.774
-230.283
-229.438
-231.138
-235.927
-241.973
-247.852
-251.216
-251.194
-249.623
-248.918
-241.603
-180.574
-266.231
165.24
210.624
256.942
298.644
331.413
350.886
357.219
354.04
340.313
318.087
292.375
266.442
241.429
218.048
196.75
176.872
158.275
140.413
122.97
105.362
87.5262
69.0965
50.1627
31.1599
14.1784
0.349226
-11.5444
-21.8018
-30.2972
-37.1624
-42.7242
-47.2183
-50.9181
-54.1468
-57.33
-61.2083
-66.5415
-76.2994
-97.4082
171.171
132.347
88.5278
41.7443
-6.28846
-55.0776
-101.741
-144.346
-181.934
-213.074
-237.246
-253.467
-260.196
-257.066
-244.213
-223.41
-202.142
-195.445
-213.676
-225.536
-226.068
-225.99
-227.538
-230.139
-231.782
-231.358
-229.84
-228.956
-230.624
-235.418
-241.513
-247.437
-250.835
-250.857
-249.334
-248.608
-242.222
-183.27
-268.829
205.83
238.434
270.301
300.012
324.364
340.516
347.292
345.012
333.903
316.114
294.641
271.732
248.621
226.14
204.831
184.598
165.372
146.863
128.801
110.771
92.6364
74.1381
55.3448
36.705
19.8546
5.81414
-6.24117
-16.815
-25.9587
-33.5935
-39.83
-44.8651
-48.9899
-52.5508
-55.9803
-60.0245
-65.4385
-75.2062
-94.8411
175.642
140.992
101.656
58.2612
13.2429
-32.7166
-78.0492
-120.528
-158.647
-191.245
-216.702
-234.067
-243.084
-243.914
-236.895
-223.607
-208.591
-201.1
-210.913
-220.746
-224.791
-224.588
-226.826
-229.699
-231.46
-231.045
-229.491
-228.543
-230.165
-234.969
-241.133
-247.115
-250.55
-250.617
-249.142
-248.137
-242.524
-186.039
-271.73
206.589
236.012
264.598
290.779
311.878
326.216
333.086
332.298
323.946
309.494
290.923
270.115
248.411
226.752
205.781
185.687
166.458
147.925
129.854
111.915
93.9163
75.6686
57.214
38.9491
22.1566
7.82588
-4.50566
-15.2663
-24.4893
-32.1289
-38.3631
-43.4461
-47.6724
-51.363
-54.9167
-59.0509
-64.4946
-74.1643
-92.1394
182.411
153.398
120.101
83.4748
45.1273
5.26139
-34.6165
-72.9331
-108.43
-139.886
-166.095
-186.168
-199.999
-207.268
-208.129
-203.881
-197.884
-195.559
-202.294
-211.392
-218.922
-222.541
-225.925
-228.994
-231.041
-230.753
-229.177
-228.154
-229.73
-234.554
-240.811
-246.856
-250.317
-250.415
-249.016
-247.723
-242.892
-188.929
-274.215
208.236
232.653
256.671
279.058
297.367
310.345
317.29
317.734
311.677
300.183
284.692
266.688
247.311
227.432
207.685
188.374
169.585
151.274
133.292
115.413
97.4727
79.3478
61.0837
43.0463
26.2831
11.7202
-0.872298
-11.8939
-21.4202
-29.4326
-36.0783
-41.5625
-46.1379
-50.1062
-53.8577
-58.1047
-63.562
-73.0499
-89.435
180.614
154.967
125.388
92.6707
58.3246
22.1931
-14.4609
-50.2552
-84.2051
-115.17
-142.036
-163.959
-180.306
-190.643
-194.905
-194.161
-191.163
-190.234
-195.587
-204.011
-211.227
-217.088
-223.602
-228.096
-230.289
-230.298
-228.812
-227.752
-229.303
-234.167
-240.528
-246.643
-250.118
-250.216
-248.896
-247.323
-243.339
-191.995
-275.993
203.486
224.992
246.237
266.089
282.409
294.387
301.344
302.721
298.521
289.469
276.617
261.118
243.898
225.729
207.23
188.765
170.518
152.543
134.781
117.091
99.3469
81.4666
63.501
45.7787
29.1513
14.4558
1.64347
-9.61233
-19.3835
-27.6408
-34.5005
-40.1573
-44.8668
-48.9397
-52.7663
-57.0486
-62.4688
-71.724
-86.5913
177.143
154.502
128.29
99.3178
68.9267
36.7296
3.86642
-28.547
-59.7674
-88.7863
-114.672
-136.66
-154.096
-166.796
-174.768
-178.71
-180.45
-182.89
-189.147
-197.758
-204.889
-210.608
-218.362
-225.867
-229.27
-229.499
-228.277
-227.292
-228.863
-233.799
-240.299
-246.488
-249.961
-250.033
-248.767
-246.91
-243.799
-195.189
-276.777
197.36
216.321
235.205
252.99
267.736
278.903
285.812
287.867
285.101
278.021
267.423
254.216
239.131
222.817
205.829
188.533
171.152
153.804
136.499
119.169
101.738
84.1627
66.5089
49.0814
32.5951
17.8048
4.79744
-6.66757
-16.6611
-25.1593
-32.2663
-38.1708
-43.1201
-47.4141
-51.4253
-55.8295
-61.2708
-70.2965
-83.745
171.811
151.478
127.882
101.792
74.4832
45.3962
15.5326
-14.1482
-43.1167
-70.5017
-95.5219
-117.526
-135.926
-150.35
-160.717
-167.396
-171.81
-176.158
-182.772
-191.262
-198.926
-204.977
-212.224
-221.109
-227.15
-228.387
-227.44
-226.69
-228.394
-233.457
-240.114
-246.388
-249.85
-249.862
-248.636
-246.485
-244.224
-198.42
-276.33
189.992
207.001
224.044
240.186
253.671
264.152
270.963
273.505
271.838
266.338
257.615
246.396
233.254
218.711
203.243
187.183
170.765
154.149
137.399
120.512
103.459
86.2417
68.9376
51.8314
35.5307
20.7143
7.5632
-4.07989
-14.2778
-23.009
-30.3578
-36.497
-41.6582
-46.1302
-50.2707
-54.735
-60.1317
-68.838
-80.8792
165.737
147.346
125.971
102.357
77.7124
51.3796
24.2623
-2.8148
-29.4768
-54.9918
-78.706
-100.092
-118.613
-133.933
-146.016
-155.07
-162.032
-168.416
-175.842
-184.464
-192.752
-199.7
-206.745
-215.113
-222.932
-226.478
-226.336
-225.867
-227.83
-233.106
-239.976
-246.348
-249.788
-249.714
-248.494
-246.045
-244.582
-201.617
-274.761
182.214
197.603
213.12
227.901
240.337
250.215
256.889
259.774
258.946
254.699
247.522
238.007
226.605
213.728
199.772
185.015
169.681
153.945
137.901
121.59
105.03
88.2529
71.3537
54.5995
38.5246
23.741
10.4935
-1.29606
-11.6737
-20.6166
-28.1904
-34.5519
-39.92
-44.5734
-48.8563
-53.3994
-58.7671
-67.1478
-77.8679
159.227
142.448
122.929
101.381
78.9654
54.9672
30.1963
5.38162
-19.2317
-43.0202
-65.4512
-86.1079
-104.527
-120.392
-133.612
-144.252
-152.926
-160.759
-168.942
-177.809
-186.512
-194.263
-201.658
-209.46
-217.303
-223.012
-224.751
-224.871
-227.149
-232.734
-239.858
-246.351
-249.767
-249.575
-248.344
-245.592
-244.843
-204.702
-272.212
174.285
188.334
202.58
216.21
227.757
237.098
243.607
246.728
246.538
243.286
237.376
229.303
219.424
208.065
195.544
182.081
167.874
153.089
137.836
122.185
106.188
89.9085
73.4534
57.0795
41.2654
26.5672
13.2698
1.36612
-9.16757
-18.305
-26.0941
-32.6745
-38.2498
-43.0857
-47.5091
-52.1214
-57.4412
-65.4464
-74.8987
152.569
137.163
119.232
99.4588
78.9537
56.9761
34.2664
11.4702
-11.2606
-33.394
-54.5023
-74.261
-92.2761
-108.269
-122.149
-133.932
-143.97
-153.046
-162.024
-171.266
-180.306
-188.612
-196.508
-204.307
-211.694
-218.14
-222.166
-223.654
-226.366
-232.291
-239.742
-246.39
-249.782
-249.456
-248.174
-245.122
-244.992
-207.61
-268.885
166.42
179.333
192.494
205.135
215.917
224.767
231.094
234.369
234.664
232.202
227.328
220.466
211.907
201.909
190.722
178.515
165.448
151.666
137.279
122.371
107.018
91.3021
75.3446
59.3914
43.8813
29.3256
16.0322
4.05427
-6.6048
-15.9123
-23.8989
-30.6848
-36.4574
-41.4672
-46.024
-50.6972
-55.9558
-63.5602
-71.8009
145.91
131.683
115.119
96.873
78.0138
57.7845
36.8685
15.8453
-5.19856
-25.8106
-45.6504
-64.4744
-81.9506
-97.8458
-112.051
-124.561
-135.541
-145.534
-155.17
-164.789
-174.155
-182.884
-191.196
-199.274
-206.611
-212.898
-218.342
-221.924
-225.524
-231.803
-239.58
-246.423
-249.812
-249.332
-247.986
-244.638
-245.015
-210.281
-264.938
158.724
170.66
182.883
194.668
204.78
213.18
219.31
222.676
223.339
221.505
217.478
211.63
204.207
195.411
185.443
174.425
162.473
149.71
136.23
122.122
107.471
92.3742
76.9582
61.4604
46.2928
31.9296
18.6896
6.67576
-4.07956
-13.5343
-21.7021
-28.6831
-34.6465
-39.8269
-44.5146
-49.2436
-54.4325
-61.6097
-68.7108
139.348
126.147
110.775
93.8588
76.4285
57.7257
38.3856
18.9331
-0.595686
-19.8107
-38.441
-56.3101
-73.1434
-88.7517
-103.02
-115.941
-127.568
-138.247
-148.43
-158.401
-168.075
-177.177
-185.804
-194.148
-201.762
-208.052
-213.796
-219.273
-224.439
-231.242
-239.358
-246.415
-249.831
-249.207
-247.762
-244.13
-244.912
-212.691
-260.552
151.261
162.348
173.751
184.783
194.299
202.283
208.209
211.618
212.556
211.223
207.889
202.89
196.437
188.696
179.828
169.914
159.034
147.28
134.729
121.459
107.56
93.1334
78.3033
63.3005
48.5164
34.3966
21.2625
9.25565
-1.5615
-11.1355
-19.4628
-26.6229
-32.7658
-38.1077
-42.9189
-47.6945
-52.7988
-59.5292
-65.5462
132.943
120.641
106.316
90.5659
74.3867
57.0235
39.0707
21.0115
2.83934
-15.1064
-32.605
-49.5379
-65.6784
-80.8775
-95.0288
-108.115
-120.134
-131.282
-141.879
-152.153
-162.091
-171.512
-180.415
-188.944
-196.871
-203.553
-209.316
-215.694
-222.745
-230.545
-239.017
-246.301
-249.787
-249.036
-247.495
-243.599
-244.675
-214.814
-255.848
144.062
154.407
165.083
175.446
184.427
192.026
197.747
201.158
202.302
201.367
198.6
194.31
188.685
181.865
173.978
165.075
155.206
144.434
132.811
120.402
107.288
93.5672
79.361
64.8902
50.5284
36.6983
23.7196
11.7627
0.918168
-8.7466
-17.2113
-24.5344
-30.8455
-36.3409
-41.2686
-46.0827
-51.0931
-57.3621
-62.3664
126.73
115.223
101.824
87.1055
72.0289
55.8498
39.1248
22.3036
5.34796
-11.443
-27.8901
-43.9188
-59.345
-74.0527
-87.9541
-101.021
-113.229
-124.671
-135.56
-146.071
-156.219
-165.892
-175.043
-183.734
-191.881
-199.071
-205.187
-211.693
-220.066
-229.359
-238.48
-246.02
-249.626
-248.806
-247.155
-243.027
-244.306
-216.633
-250.967
137.144
146.832
156.862
166.622
175.119
182.358
187.874
191.26
192.552
191.934
189.634
185.937
181.018
174.996
167.979
159.994
151.066
141.232
130.52
118.976
106.666
93.6802
80.1309
66.2261
52.3239
38.8287
26.0543
14.1917
3.35709
-6.36702
-14.9437
-22.4102
-28.8747
-34.5122
-39.5476
-44.3904
-49.2939
-55.0936
-59.1467
120.727
109.928
97.3555
83.5552
69.4575
54.3288
38.6967
22.98
7.1178
-8.62238
-24.0969
-39.2649
-53.978
-68.1498
-81.709
-94.6181
-106.857
-118.441
-129.508
-140.184
-150.487
-160.344
-169.7
-178.556
-186.864
-194.461
-201.176
-207.805
-216.533
-227.266
-237.482
-245.444
-249.25
-248.442
-246.727
-242.407
-243.796
-218.109
-246.041
130.512
139.612
149.062
158.279
166.332
173.234
178.549
181.887
183.284
182.917
181
177.8
173.483
168.153
161.903
154.745
146.684
137.733
127.901
117.209
105.71
93.4783
80.6116
67.3017
53.8925
40.7736
28.2498
16.5256
5.7389
-4.012
-12.6737
-20.2626
-26.8646
-32.6324
-37.765
-42.6262
-47.4143
-52.7412
-55.9139
114.944
104.781
92.9497
79.9728
66.7476
52.5585
37.904
23.1758
8.2997
-6.48517
-21.0631
-35.4192
-49.4329
-63.0433
-76.1976
-88.8514
-100.994
-112.6
-123.742
-134.507
-144.909
-154.893
-164.4
-173.407
-181.868
-189.743
-197.025
-204.066
-212.619
-224.007
-235.627
-244.397
-248.557
-247.891
-246.163
-241.708
-243.15
-219.211
-241.257
124.165
132.736
141.66
150.383
158.028
164.615
169.732
173.006
174.473
174.305
172.703
169.921
166.115
161.384
155.809
149.391
142.121
133.994
124.998
115.138
104.444
92.9724
80.8053
68.1152
55.2306
42.5257
30.2962
18.7536
8.05387
-1.68949
-10.407
-18.0946
-24.8158
-30.699
-35.9177
-40.7871
-45.4481
-50.3064
-52.6644
109.385
99.7962
88.633
76.3985
63.9567
50.6114
36.834
22.9971
9.01121
-4.90547
-18.6574
-32.2496
-45.5867
-58.6275
-71.3365
-83.6685
-95.6209
-107.149
-118.277
-129.061
-139.505
-149.562
-159.17
-168.294
-176.9
-184.989
-192.683
-200.245
-208.729
-219.887
-232.516
-242.534
-247.375
-247.03
-245.409
-240.908
-242.368
-219.874
-236.758
118.095
126.188
134.633
142.904
150.173
156.461
161.385
164.584
166.093
166.081
164.739
162.307
158.94
154.728
149.744
143.986
137.433
130.067
121.86
112.798
102.892
92.1794
80.7206
68.6683
56.3335
44.0767
32.1818
20.8628
10.289
0.588346
-8.15448
-15.9156
-22.7358
-28.7188
-34.0102
-38.8761
-43.4036
-47.8013
-49.4165
104.049
94.981
84.4257
72.8623
61.1283
48.544
35.5597
22.5256
9.34793
-3.77615
-16.7665
-29.6451
-42.334
-54.8104
-67.0512
-79.0169
-90.708
-102.078
-113.117
-123.854
-134.285
-144.362
-154.023
-163.224
-171.948
-180.221
-188.196
-196.181
-204.813
-215.413
-228.166
-239.496
-245.493
-245.765
-244.376
-239.949
-241.447
-220.033
-232.651
112.293
119.953
127.958
135.814
142.735
148.742
153.476
156.592
158.121
158.232
157.103
154.968
151.975
148.212
143.747
138.574
132.668
125.999
118.529
110.226
101.083
91.1178
80.369
68.966
57.2018
45.4223
33.8986
22.8429
12.4339
2.81178
-5.92438
-13.7317
-20.6288
-26.6936
-32.0439
-36.8952
-41.2796
-45.232
-46.173
98.9325
90.34
80.3384
69.3872
58.2946
46.4011
34.1348
21.8315
9.38735
-3.01211
-15.301
-27.513
-39.5856
-51.5087
-63.272
-74.8437
-86.2227
-97.3721
-108.26
-118.894
-129.259
-139.308
-148.978
-158.214
-167.016
-175.439
-183.623
-191.883
-200.711
-210.908
-223.032
-235.072
-242.586
-243.911
-242.977
-238.783
-240.307
-219.651
-228.981
106.752
114.013
121.615
129.088
135.683
141.426
145.976
149.001
150.535
150.739
149.787
147.903
145.231
141.857
137.848
133.194
127.868
121.835
115.047
107.459
99.0471
89.8091
79.763
69.0151
57.8378
46.5599
35.4394
24.684
14.4772
4.9693
-3.72736
-11.5526
-18.5026
-24.6301
-30.0233
-34.8478
-39.0854
-42.6107
-42.9504
94.0312
85.8749
76.3804
65.9885
55.4808
44.2166
32.6055
20.9652
9.19207
-2.54341
-14.1841
-25.7741
-37.2612
-48.6478
-59.9337
-71.0951
-82.1285
-93.0109
-103.697
-114.177
-124.431
-134.407
-144.041
-153.273
-162.11
-170.635
-178.976
-187.401
-196.342
-206.31
-217.669
-229.536
-238.41
-241.274
-241.089
-237.324
-238.857
-218.816
-225.66
101.459
108.355
115.586
122.703
128.994
134.485
138.857
141.789
143.313
143.589
142.784
141.112
138.716
135.68
132.07
127.876
123.07
117.614
111.453
104.532
96.8138
88.2779
78.9215
68.8278
58.2463
47.4889
36.7997
26.3782
16.4096
7.05163
-1.57228
-9.38539
-16.363
-22.5321
-27.9519
-32.7385
-36.8222
-39.9452
-39.7539
89.3392
81.5843
72.5566
62.6785
52.7066
42.0179
31.0049
19.9733
8.81356
-2.3114
-13.3538
-24.3631
-35.298
-46.1682
-56.9827
-67.7261
-78.3928
-88.9728
-99.4165
-109.702
-119.802
-129.664
-139.221
-148.411
-157.242
-165.815
-174.26
-182.784
-191.744
-201.524
-212.272
-223.44
-232.951
-237.56
-238.555
-235.484
-237.003
-217.628
-222.498
96.4063
102.965
109.851
116.637
122.643
127.896
132.095
134.932
136.436
136.766
136.081
134.59
132.433
129.692
126.431
122.645
118.304
113.37
107.782
101.48
94.4142
86.5499
77.8644
68.4168
58.4345
48.2115
37.9764
27.9189
18.222
9.04822
0.530285
-7.24027
-14.2189
-20.4076
-25.8359
-30.5722
-34.5016
-37.2487
-36.5997
84.8503
77.4664
68.8693
59.4657
49.9861
39.8267
29.3641
18.8888
8.29516
-2.26745
-12.7555
-23.2239
-33.6375
-44.0136
-54.3681
-64.6915
-74.9798
-85.2328
-95.4031
-105.46
-115.371
-125.081
-134.523
-143.631
-152.415
-160.987
-169.477
-178.044
-186.959
-196.52
-206.795
-217.25
-226.624
-232.614
-235.136
-233.099
-234.649
-216.088
-219.342
91.5831
97.8285
104.395
110.871
116.61
121.638
125.67
128.41
129.887
130.255
129.671
128.334
126.382
123.899
120.946
117.521
113.595
109.131
104.065
98.334
91.8788
84.651
76.6114
67.797
58.4126
48.7327
38.9697
29.3019
19.9075
10.9508
2.57185
-5.12517
-12.0771
-18.262
-23.6809
-28.3558
-32.1267
-34.5297
-33.4932
80.5577
73.5177
65.3204
56.3561
47.3307
37.6596
27.7036
17.7433
7.67004
-2.37176
-12.3453
-22.3077
-32.2299
-42.1346
-52.043
-61.9509
-71.8569
-81.7673
-91.6409
-101.442
-111.133
-120.658
-129.95
-138.94
-147.638
-156.161
-164.638
-173.195
-182.022
-191.336
-201.172
-211.046
-219.951
-226.54
-230.589
-229.959
-231.649
-214.1
-215.991
86.9795
92.9349
99.2017
105.388
110.875
115.689
119.561
122.203
123.646
124.043
123.541
122.336
120.564
118.306
115.625
112.52
108.965
104.922
100.331
95.1238
89.2358
82.6077
75.1857
66.9867
58.1928
49.0589
39.7811
30.524
21.4594
12.7507
4.54243
-3.05039
-9.94749
-16.1047
-21.4945
-26.0961
-29.7114
-31.8025
-30.45
76.4548
69.7349
61.9094
53.3539
44.7489
35.5306
26.044
16.5582
6.9682
-2.59147
-12.0862
-21.5755
-31.0344
-40.4897
-49.9674
-59.4678
-68.9933
-78.5511
-88.1104
-97.6334
-107.08
-116.392
-125.502
-134.339
-142.913
-151.345
-159.757
-168.248
-176.949
-186
-195.411
-204.777
-213.24
-219.795
-224.814
-225.756
-227.809
-211.519
-212.206
82.5866
88.2712
94.2583
100.172
105.422
110.033
113.75
116.295
117.701
118.115
117.683
116.591
114.975
112.916
110.475
107.653
104.429
100.766
96.6048
91.8761
86.5121
80.4456
73.6102
66.0045
57.7892
49.1992
40.4141
31.5851
22.8741
14.4413
6.43442
-1.02352
-7.8379
-13.9426
-19.284
-23.8016
-27.261
-29.0754
-27.4747
72.5347
66.114
58.6359
50.4609
42.248
33.4498
24.399
15.3555
6.21316
-2.89764
-11.9457
-20.9912
-30.0137
-39.0423
-48.1056
-57.2088
-66.3578
-75.5593
-84.7928
-94.0209
-103.202
-112.277
-121.177
-129.831
-138.246
-146.545
-154.845
-163.221
-171.758
-180.536
-189.532
-198.41
-206.484
-212.804
-218.045
-220.259
-222.869
-208.142
-207.717
78.3956
83.827
89.5516
95.2091
100.235
104.652
108.22
110.67
112.035
112.46
112.085
111.092
109.613
107.728
105.5
102.931
100.002
96.6801
92.9067
88.6144
83.7327
78.1886
71.9065
64.8695
57.2165
49.1642
40.8748
32.4858
24.1481
16.0168
8.23919
0.945123
-5.75833
-11.786
-17.0594
-21.4819
-24.7909
-26.3631
-24.5815
68.7913
62.6509
55.4979
47.6794
39.8315
31.4261
22.7819
14.149
5.42501
-3.26678
-11.8972
-20.5262
-29.1364
-37.7595
-46.4256
-55.143
-63.9218
-72.7675
-81.6682
-90.5899
-99.4895
-108.307
-116.974
-125.416
-133.639
-141.768
-149.913
-158.129
-166.465
-174.957
-183.554
-191.961
-199.643
-205.736
-210.732
-213.475
-216.595
-203.705
-202.203
74.3982
79.5919
85.0692
90.4847
95.2979
99.5315
102.956
105.314
106.636
107.066
106.738
105.83
104.473
102.743
100.703
98.3593
95.6947
92.6782
89.2552
85.3596
80.9201
75.8599
70.0969
63.6003
56.491
48.9658
41.171
33.2293
25.2807
17.4727
9.95069
2.84841
-3.71664
-9.64276
-14.8291
-19.1468
-22.3081
-23.6743
-21.7735
65.2183
59.3409
52.4938
45.0092
37.5041
29.4655
21.2014
12.9538
4.62024
-3.67908
-11.9179
-20.1551
-28.3762
-36.6132
-44.8991
-53.2434
-61.6596
-70.1522
-78.7174
-87.3248
-95.9303
-104.474
-112.886
-121.092
-129.095
-137.021
-144.974
-152.991
-161.092
-169.282
-177.489
-185.442
-192.711
-198.553
-203.215
-205.779
-208.923
-197.901
-195.337
70.5858
75.556
80.8005
85.9874
90.5991
94.6579
97.9448
100.212
101.49
101.92
101.632
100.8
99.5486
97.9565
96.0854
93.9429
91.5149
88.773
85.6662
82.1301
78.0947
73.4814
68.2027
62.2181
55.6301
48.6175
41.3112
33.8205
26.2723
18.8056
11.562
4.67743
-1.72333
-7.52433
-12.6044
-16.8082
-19.8291
-21.0234
-19.0632
61.8093
56.1802
49.6204
42.4509
35.2668
27.5737
19.6667
11.7789
3.81266
-4.11825
-11.9887
-19.8569
-27.7093
-35.5798
-43.5009
-51.485
-59.5475
-67.6922
-75.9215
-84.2094
-92.5122
-100.768
-108.909
-116.858
-124.616
-132.308
-140.035
-147.819
-155.658
-163.53
-171.349
-178.866
-185.712
-191.252
-195.575
-197.641
-200.141
-190.546
-186.897
66.9511
71.7108
76.7354
81.7057
86.1262
90.0185
93.1732
95.3522
96.5865
97.0131
96.7593
95.9922
94.8364
93.3675
91.6472
89.6849
87.4687
84.9738
82.1518
78.9416
75.2745
71.0725
66.2446
60.7414
54.6502
48.1332
41.3063
34.2653
27.1249
20.0142
13.0695
6.42564
0.213671
-5.43892
-10.3952
-14.4763
-17.362
-18.4184
-16.4518
58.5584
53.1637
46.8756
40.0033
33.1225
25.7536
18.1829
10.635
3.01364
-4.57041
-12.0931
-19.6125
-27.1159
-34.6365
-42.2089
-49.8456
-57.5639
-65.3678
-73.2635
-81.2288
-89.2216
-97.1809
-105.036
-112.71
-120.203
-127.637
-135.109
-142.63
-150.181
-157.719
-165.149
-172.238
-178.661
-183.851
-187.806
-189.35
-190.775
-181.791
-176.874
63.487
68.0476
72.864
77.6286
81.8677
85.6012
88.6294
90.7228
91.9131
92.3341
92.1091
91.4004
90.3297
88.9717
87.3865
85.5861
83.5605
81.2875
78.7226
75.8075
72.4762
68.6511
64.2404
59.1883
53.5683
47.527
41.1672
34.5715
27.8421
21.0979
14.4681
8.08606
2.08494
-3.3984
-8.21374
-12.1648
-14.9237
-15.8731
-13.9494
55.4601
50.2872
44.2563
37.6655
31.0706
24.0092
16.7561
9.52819
2.23325
-5.02284
-12.2172
-19.406
-26.5776
-33.7655
-41.0034
-48.3056
-55.6898
-63.161
-70.7267
-78.3689
-86.0479
-93.702
-101.261
-108.646
-115.855
-123.009
-130.202
-137.435
-144.677
-151.869
-158.906
-165.572
-171.571
-176.385
-179.929
-180.986
-181.28
-172.174
-165.575
60.1865
64.5584
69.1773
73.747
77.8132
81.3953
84.3023
86.3131
87.46
87.8735
87.6733
87.0168
86.0225
84.7647
83.3017
81.6471
79.7932
77.72
75.387
72.739
69.7128
66.233
62.2074
57.5763
52.401
46.8142
40.9062
34.7476
28.4287
22.0579
15.7566
9.65348
3.88336
-1.41146
-6.07046
-9.88455
-12.5232
-13.3947
-11.5556
52.5087
47.5463
41.7596
35.4358
29.1123
22.3414
15.3891
8.46511
1.47876
-5.46692
-12.3495
-19.2244
-26.0804
-32.9502
-39.8679
-46.8476
-53.908
-61.0552
-68.2953
-75.6153
-82.9783
-90.3223
-97.5764
-104.661
-111.573
-118.43
-125.324
-132.248
-139.162
-145.996
-152.638
-158.883
-164.456
-168.877
-171.985
-172.586
-171.853
-162.354
-153.629
57.0432
61.236
65.6672
70.0515
73.953
77.3906
80.1814
82.113
83.2175
83.6223
83.4435
82.8339
81.9093
80.7419
79.3896
77.8668
76.1679
74.2752
72.1515
69.7454
66.9967
63.8322
60.1614
55.9214
51.1642
46.0092
40.5355
34.803
28.8908
22.8963
16.9322
11.1225
5.60035
0.511055
-3.97805
-7.64964
-10.1762
-10.996
-9.27828
49.6989
44.9366
39.3821
33.3126
27.2463
20.7522
14.0856
7.44917
0.756288
-5.89424
-12.4807
-19.0566
-25.6115
-32.177
-38.7873
-45.4566
-52.2031
-59.0344
-65.9547
-72.9552
-80.0015
-87.0325
-93.9759
-100.752
-107.355
-113.902
-120.481
-127.08
-133.651
-140.118
-146.363
-152.187
-157.334
-161.354
-164.017
-164.188
-162.562
-152.789
-141.898
54.0508
58.0735
62.3258
66.5334
70.2779
73.5775
76.2572
78.1128
79.1758
79.5714
79.4115
78.8449
77.9837
76.8986
75.6469
74.2438
72.685
70.9558
69.0213
66.8341
64.3373
61.4608
58.1161
54.2389
49.8728
45.126
40.0676
34.7478
29.235
23.6163
17.9957
12.4903
7.23
2.36099
-1.94624
-5.47075
-7.89173
-8.68287
-7.11515
47.0253
42.4537
37.1208
31.2934
25.4727
19.2416
12.8472
6.48555
0.071596
-6.29775
-12.6022
-18.8928
-25.1599
-31.4345
-37.7492
-44.1189
-50.5613
-57.0847
-63.6919
-70.3764
-77.1076
-83.8241
-90.4531
-96.9148
-103.202
-109.43
-115.681
-121.943
-128.16
-134.252
-140.097
-145.504
-150.226
-153.84
-156.063
-155.833
-153.444
-143.623
-131.071
51.2033
55.0637
59.1457
63.1847
66.7794
69.9473
72.5207
74.3031
75.3265
75.7124
75.5696
75.0419
74.2389
73.2297
72.0698
70.7756
69.3442
67.7626
65.9997
64.0109
61.743
59.1291
56.0835
52.5418
48.5407
44.1781
39.5148
34.5921
29.4689
24.2223
18.947
13.753
8.7653
4.12828
0.0124926
-3.36174
-5.6842
-6.46632
-5.07205
44.4829
40.0935
34.972
29.3763
23.7895
17.81
11.6757
5.57542
-0.571265
-6.67219
-12.7069
-18.7248
-24.7163
-30.7116
-36.7425
-42.8229
-48.9709
-55.1949
-61.4954
-67.8691
-74.2869
-80.689
-87.0021
-93.1461
-99.1133
-105.014
-110.931
-116.846
-122.701
-128.414
-133.86
-138.853
-143.153
-146.365
-148.162
-147.564
-144.547
-134.842
-121.344
48.4948
52.2004
56.1198
59.9982
63.4495
66.4916
68.9633
70.6758
71.661
72.0372
71.9098
71.4184
70.669
69.7295
68.6541
67.4592
66.1437
64.6966
63.089
61.2802
59.2203
56.8455
54.0738
50.8418
47.1803
43.1784
38.889
34.3463
29.6005
24.7192
19.7881
14.9094
10.2019
5.80587
1.88926
-1.33199
-3.56188
-4.35123
-3.14603
42.067
37.8516
32.9327
27.5585
22.1961
16.4568
10.5712
4.72197
-1.16978
-7.01363
-12.7901
-18.5465
-24.2737
-30.0005
-35.7577
-41.559
-47.4215
-53.3538
-59.3548
-65.4228
-71.5311
-77.6203
-83.6177
-89.4431
-95.0875
-100.659
-106.236
-111.799
-117.289
-122.62
-127.668
-132.253
-136.141
-138.958
-140.35
-139.424
-135.915
-126.422
-112.575
45.9198
49.4773
53.2415
56.9661
60.2805
63.2023
65.5768
67.2226
68.1712
68.5378
68.425
67.967
67.2678
66.393
65.3951
64.2914
63.0817
61.7569
60.2904
58.6451
56.7737
54.6172
52.0966
49.1497
45.8034
42.1384
38.2015
34.0206
29.6378
25.1123
20.5214
15.9582
11.5349
7.38572
3.67334
0.60602
-1.53712
-2.34644
-1.34095
39.7726
35.7241
30.9993
25.8378
20.6898
15.1815
9.53472
3.92545
-1.72133
-7.3185
-12.847
-18.3524
-23.8255
-29.294
-34.7873
-40.3188
-45.9045
-51.5529
-57.2614
-63.0299
-68.8327
-74.6121
-80.2956
-85.8031
-91.1253
-96.3667
-101.602
-106.812
-111.935
-116.885
-121.54
-125.725
-129.211
-131.647
-132.662
-131.449
-127.582
-118.357
-104.58
43.4732
46.8891
50.5044
54.0821
57.2654
60.0721
62.3535
63.9355
64.8493
65.2069
65.1078
64.6813
64.0289
63.2139
62.2881
61.2681
60.1556
58.942
57.6043
56.1072
54.4077
52.4497
50.1587
47.4745
44.4197
41.0688
37.463
33.6245
29.5891
25.408
21.1498
16.8996
12.7616
8.8625
5.35744
2.44445
0.383597
-0.455038
0.346607
37.5951
33.7068
29.1685
24.211
19.2696
13.9825
8.56509
3.1871
-2.22452
-7.58456
-12.8745
-18.1383
-23.3666
-28.5861
-33.8247
-39.0952
-44.4126
-49.7849
-55.2088
-60.6841
-66.1862
-71.6591
-77.0318
-82.2245
-87.2268
-92.1398
-97.0356
-101.893
-106.651
-111.225
-115.493
-119.288
-122.386
-124.459
-125.13
-123.673
-119.565
-110.652
-97.222
41.1499
44.4299
47.9028
51.3394
54.3972
57.0937
59.2862
60.8074
61.688
62.0372
61.9509
61.5546
60.946
60.1872
59.3279
58.3854
57.3617
56.2504
55.0298
53.6678
52.1245
50.3475
48.2665
45.8236
43.0382
39.9793
36.683
33.1675
29.4624
25.612
21.677
17.7342
13.8793
10.2303
6.93328
4.17343
2.19058
1.31632
1.91357
35.5302
31.7958
27.4366
22.6758
17.9324
12.859
7.66223
2.50623
-2.67821
-7.80982
-12.8702
-17.9012
-22.8935
-27.8724
-32.865
-37.8827
-42.94
-48.0439
-53.191
-58.3793
-63.5862
-68.7577
-73.8239
-78.706
-83.3925
-87.9816
-92.5417
-97.0508
-101.449
-105.653
-109.545
-112.962
-115.69
-117.421
-117.784
-116.126
-111.879
-103.316
-90.4147
38.9446
42.0945
45.4303
48.732
51.6694
54.2604
56.3678
57.8311
58.6803
59.0216
58.9478
58.58
58.0131
57.3067
56.5095
55.6388
54.6971
53.6792
52.5656
51.3267
49.9257
48.3137
46.4245
44.203
41.6664
38.8781
35.8705
32.658
29.2654
25.7307
22.1072
18.4636
14.8869
11.4858
8.39561
5.78724
3.87934
2.96629
3.36403
33.5733
29.9869
25.8003
21.2289
16.6767
11.8086
6.82472
1.88357
-3.08244
-7.99373
-12.8325
-17.6387
-22.403
-27.1499
-31.9043
-36.6773
-41.4822
-46.3254
-51.2031
-56.1113
-61.0292
-65.905
-70.67
-75.247
-79.6242
-83.8955
-88.1261
-92.2939
-96.34
-100.184
-103.71
-106.765
-109.144
-110.558
-110.649
-108.833
-104.533
-96.3492
-84.1003
36.8528
39.8775
43.082
46.2537
49.0759
51.5658
53.5918
54.9997
55.8195
56.1535
56.0919
55.7514
55.2237
54.5668
53.8276
53.0235
52.1575
51.2255
50.2098
49.0832
47.8119
46.3502
44.6364
42.618
40.3105
37.7724
35.0331
32.104
29.0056
25.7703
22.4447
19.0899
15.7839
12.6258
9.73897
7.27923
5.44336
4.49062
4.69634
31.7202
28.2765
24.2562
19.8676
15.4994
10.83
6.0517
1.31729
-3.43719
-8.13563
-12.7601
-17.3492
-21.8933
-26.4154
-30.9396
-35.4755
-40.0358
-44.6257
-49.2414
-53.8768
-58.5123
-63.0988
-67.5693
-71.8482
-75.9236
-79.8851
-83.7947
-87.6302
-91.3346
-94.8297
-98.0058
-100.716
-102.768
-103.891
-103.747
-101.814
-97.5322
-89.7546
-78.2314
34.8698
37.7743
40.8521
43.8994
46.6106
49.0037
50.9518
52.3071
53.0988
53.4263
53.3766
53.0623
52.572
51.9618
51.2769
50.5347
49.7387
48.8857
47.9597
46.9359
45.7827
44.4584
42.9048
41.0725
38.9755
36.6684
34.1778
31.5125
28.6895
25.7366
22.6941
19.6158
16.5711
13.649
10.9607
8.6461
6.88035
5.88964
5.91497
29.9668
26.6604
22.8007
18.5885
14.3985
9.92048
5.34099
0.807037
-3.74331
-8.23576
-12.6532
-17.0322
-21.3631
-25.6678
-29.9688
-34.2751
-38.5983
-42.9424
-47.3033
-51.6734
-56.0341
-60.3385
-64.522
-68.5106
-72.2928
-75.9543
-79.5532
-83.0675
-86.4426
-89.6034
-92.4456
-94.8312
-96.5785
-97.4393
-97.0974
-95.0864
-90.8795
-83.527
-72.7722
32.9911
35.7798
38.7361
41.6632
44.2681
46.5681
48.4416
49.7468
50.512
50.8336
50.7957
50.5067
50.0519
49.4858
48.852
48.1675
47.4364
46.6563
45.8126
44.8826
43.8374
42.6382
41.2308
39.569
37.6655
35.5711
33.3102
30.8898
28.3237
25.6356
22.8603
20.0446
17.2499
14.5548
12.0584
9.88456
8.18719
7.16174
7.01975
28.3087
25.1352
21.4304
17.3889
13.3706
9.0783
4.69119
0.350577
-4.00183
-8.29493
-12.5119
-16.6874
-20.812
-24.9061
-28.991
-33.0749
-37.168
-41.2737
-45.3876
-49.5001
-53.5937
-57.624
-61.5286
-65.236
-68.7353
-72.1075
-75.4074
-78.6134
-81.6733
-84.5159
-87.0428
-89.1248
-90.5931
-91.22
-90.7143
-88.6612
-84.5753
-77.6618
-67.6876
31.2123
33.8895
36.7284
39.5403
42.0427
44.2534
46.0556
47.3128
48.0531
48.3695
48.3431
48.0784
47.6577
47.1333
46.5474
45.9168
45.246
44.5331
43.765
42.9209
41.9743
40.8893
39.6154
38.1096
36.3833
34.4845
32.4353
30.2413
27.9137
25.4725
22.9478
20.38
17.8225
15.3442
13.032
10.9941
9.36399
8.30884
8.01543
26.7422
23.6967
20.142
16.2654
12.4137
8.30055
4.09963
-0.0531106
-4.21406
-8.31407
-12.3367
-16.3152
-20.2399
-24.1301
-28.0058
-31.8741
-35.7446
-39.6194
-43.4937
-47.3566
-51.1912
-54.9561
-58.5908
-62.027
-65.2541
-68.349
-71.3631
-74.2751
-77.0356
-79.5777
-81.8092
-83.6102
-84.825
-85.2466
-84.6096
-82.546
-78.6166
-72.1491
-62.9535
29.5293
32.0988
34.8248
37.5253
39.9293
42.0542
43.7879
44.9994
45.7161
46.0278
46.0129
45.7716
45.3833
44.8984
44.3577
43.7776
43.1627
42.5119
41.8133
41.0479
40.1914
39.2105
38.0585
36.695
35.1313
33.4118
31.5574
29.5719
27.4647
25.2527
22.9616
20.626
18.2919
16.019
13.8822
11.9746
10.4108
9.33175
8.9031
25.2633
22.3417
18.9319
15.215
11.5242
7.58515
3.56462
-0.406572
-4.3817
-8.29458
-12.1291
-15.9166
-19.6478
-23.3405
-27.0136
-30.6732
-34.3281
-37.9793
-41.6219
-45.2432
-48.8278
-52.3362
-55.7108
-58.8864
-61.8531
-64.6836
-67.4258
-70.0594
-72.5376
-74.7981
-76.7551
-78.2984
-79.2854
-79.5294
-78.791
-76.7451
-72.9991
-66.9801
-58.5425
27.9377
30.4034
33.0203
35.6138
37.9228
39.9652
41.6332
42.8011
43.4953
43.8029
43.7992
43.5805
43.2232
42.7758
42.2776
41.7446
41.1817
40.5883
39.9536
39.2603
38.4859
37.6001
36.5593
35.326
33.9106
32.3555
30.6793
28.8855
26.9813
24.981
22.9064
20.7869
18.6618
16.5819
14.6111
12.8283
11.33
10.2339
9.68787
23.868
21.0662
17.7967
14.2345
10.6998
6.92898
3.08333
-0.711339
-4.50674
-8.23824
-11.8903
-15.4928
-19.0365
-22.5382
-26.0152
-29.473
-32.9194
-36.3546
-39.7732
-43.1616
-46.5052
-49.7666
-52.8911
-55.8174
-58.5361
-61.1159
-63.6012
-65.9727
-68.1866
-70.185
-71.8892
-73.1983
-73.9831
-74.0762
-73.2637
-71.2593
-67.7157
-62.1414
-54.4373
26.4337
28.7991
31.3109
33.8008
36.0185
37.9815
39.5863
40.7125
41.3854
41.6893
41.6966
41.4995
41.1717
40.7599
40.3017
39.8129
39.2984
38.7579
38.182
37.5547
36.8555
36.0563
35.1167
34.0021
32.7224
31.3171
29.8042
28.1855
26.4676
24.6619
22.7868
20.8674
18.9365
17.0369
15.2221
13.5579
12.1245
11.0181
10.3719
22.5528
19.8669
16.7332
13.3209
9.93707
6.32981
2.6537
-0.970476
-4.59119
-8.14682
-11.6222
-15.0456
-18.4078
-21.7245
-25.012
-28.2749
-31.5199
-34.7466
-37.9493
-41.1135
-44.2254
-47.2499
-50.1352
-52.8236
-55.3074
-57.6505
-59.8946
-62.0208
-63.9888
-65.7454
-67.2186
-68.3168
-68.9241
-68.8916
-68.0293
-66.0865
-62.7579
-57.621
-50.6148
25.0132
27.2818
29.6919
32.0822
34.2116
36.0981
37.6423
38.7284
39.3812
39.6816
39.6995
39.5233
39.2236
38.8454
38.4248
37.9773
37.5077
37.0162
36.4943
35.9275
35.2969
34.5765
33.7292
32.7227
31.5666
30.2982
28.9337
27.4752
25.9271
24.2995
22.6076
20.8722
19.1206
17.3883
15.7194
14.1677
12.7985
11.6893
10.9606
21.3139
18.7401
15.738
12.4709
9.23365
5.78426
2.2726
-1.18571
-4.63743
-8.0227
-11.3269
-14.5768
-17.7635
-20.9014
-24.0057
-27.0803
-30.1311
-33.1571
-36.152
-39.1014
-41.9914
-44.789
-47.4462
-49.909
-52.1708
-54.292
-56.3105
-58.2089
-59.9497
-61.4847
-62.7486
-63.659
-64.1125
-63.9775
-63.0869
-61.2217
-58.1157
-53.4033
-47.0603
23.6726
25.8475
28.1595
30.4533
32.4977
34.3104
35.7962
36.8439
37.4774
37.7747
37.8028
37.6465
37.3735
37.0271
36.6418
36.2328
35.805
35.3587
34.8865
34.3749
33.8068
33.1582
32.3948
31.4867
30.4431
29.299
28.0698
26.7566
25.3634
23.898
22.3733
20.8063
19.2195
17.6416
16.1084
14.6628
13.3572
12.252
11.4573
20.1478
17.6826
14.8078
11.6814
8.58584
5.29012
1.93769
-1.36041
-4.64795
-7.86807
-11.0066
-14.0888
-17.1056
-20.0709
-22.9985
-25.8917
-28.7556
-31.5887
-34.3841
-37.1279
-39.8057
-42.3872
-44.8276
-47.0773
-49.1306
-51.0443
-52.8535
-54.5412
-56.0738
-57.4072
-58.483
-59.2277
-59.5498
-59.3335
-58.433
-56.6582
-53.7772
-49.4745
-43.7521
22.408
24.4924
26.7093
28.9101
30.8724
32.6139
34.0434
35.0542
35.6692
35.9635
36.0014
35.864
35.6164
35.2999
34.9478
34.5747
34.1855
33.781
33.3542
32.8932
32.382
31.7987
31.1115
30.2928
29.3514
28.3202
27.2135
26.0323
24.7792
23.4612
22.0884
20.6749
19.2385
17.8024
16.3949
15.0494
13.8064
12.7121
11.8674
19.0509
16.6908
13.9395
10.9494
7.99144
4.84405
1.646
-1.4963
-4.62526
-7.68556
-10.6638
-13.5837
-16.4366
-19.2354
-21.9927
-24.7113
-27.3956
-30.0436
-32.6482
-35.1955
-37.6715
-40.0475
-42.283
-44.3319
-46.1904
-47.9113
-49.5268
-51.0212
-52.3641
-53.5155
-54.4239
-55.0239
-55.2352
-54.9568
-54.0622
-52.3868
-49.7296
-45.8176
-40.6765
21.2158
23.2126
25.3378
27.4486
29.3314
31.0044
32.3794
33.3547
33.9518
34.2432
34.2904
34.1709
33.9472
33.659
33.3379
32.9981
32.6447
32.2786
31.8936
31.4786
31.0192
30.4951
29.877
29.1394
28.2905
27.3615
26.3658
25.3037
24.1776
22.9926
21.7575
20.4831
19.1836
17.8772
16.5856
15.334
14.1529
13.0755
12.1954
18.0199
15.7616
13.1298
10.2718
7.44678
4.44364
1.39519
-1.5968
-4.57188
-7.47766
-10.3009
-13.0642
-15.7589
-18.3972
-20.9907
-23.5417
-26.0538
-28.5246
-30.9469
-33.3072
-35.5916
-37.7734
-39.8155
-41.6766
-43.3535
-44.8961
-46.3335
-47.6516
-48.8225
-49.8114
-50.5718
-51.0468
-51.1662
-50.8426
-49.9668
-48.397
-45.9595
-42.418
-37.8141
20.0926
22.0047
24.041
26.0648
27.8708
29.4774
30.8
31.7409
32.3208
32.6092
32.6651
32.5626
32.3613
32.0995
31.8074
31.4986
31.1783
30.8474
30.5006
30.1275
29.7151
29.2447
28.6891
28.0248
27.2597
26.4231
25.5274
24.5728
23.5609
22.4959
21.3847
20.2361
19.0607
17.8725
16.6875
15.5239
14.4035
13.3487
12.4468
17.0516
14.8917
12.3758
9.64563
6.94963
4.08568
1.18208
-1.66398
-4.49061
-7.24697
-9.92058
-12.5327
-15.0751
-17.5589
-19.9951
-22.3854
-24.7327
-27.0344
-29.2832
-31.466
-33.5689
-35.5678
-37.4287
-39.1142
-40.6229
-42.0012
-43.2761
-44.434
-45.4504
-46.2946
-46.9256
-47.2938
-47.3384
-46.9843
-46.1377
-44.6769
-42.4523
-39.2589
-35.1521
19.035
20.865
22.8155
24.7551
26.4869
28.0293
29.3011
30.2088
30.7718
31.0571
31.121
31.0344
30.8542
30.6171
30.3519
30.0718
29.7819
29.4834
29.1713
28.8364
28.4666
28.0447
27.5457
26.9475
26.258
25.5046
24.6991
23.841
22.9317
21.9744
20.9748
19.9391
18.8759
17.795
16.7079
15.6266
14.5657
13.5384
12.6266
16.1427
14.0782
11.6742
9.06795
6.49653
3.76776
1.00424
-1.70116
-4.38393
-6.99599
-9.52529
-11.9918
-14.3877
-16.7233
-19.0086
-21.245
-23.4351
-25.5757
-27.6597
-29.6745
-31.6065
-33.4334
-35.1249
-36.6473
-38.0009
-39.2288
-40.3557
-41.3691
-42.2476
-42.9641
-43.4828
-43.7608
-43.7459
-43.3738
-42.5647
-41.214
-39.1935
-36.3257
-32.6733
18.0397
19.7904
21.6578
23.5161
25.1759
26.6563
27.8788
28.7541
29.3007
29.5826
29.6539
29.5821
29.4216
29.2074
28.9671
28.7136
28.4516
28.1826
27.9022
27.6019
27.2706
26.8924
26.4444
25.9059
25.2845
24.606
23.8812
23.1099
22.2924
21.4317
20.5317
19.5977
18.6353
17.6517
16.6541
15.6498
14.6471
13.6514
12.7405
15.2901
13.3178
11.0223
8.53582
6.08521
3.48671
0.858654
-1.71034
-4.25459
-6.72748
-9.11772
-11.4442
-13.6993
-15.8927
-18.0337
-20.1233
-22.1635
-24.1511
-26.0791
-27.9353
-29.7065
-31.3729
-32.9066
-34.2783
-35.4892
-36.5802
-37.5729
-38.457
-39.2128
-39.8174
-40.2395
-40.4423
-40.3813
-40.0019
-39.2361
-37.9949
-36.1682
-33.602
-30.3658
17.1037
18.7777
20.5649
22.3443
23.9345
25.3547
26.5294
27.3733
27.9036
28.1818
28.2598
28.2016
28.0593
27.8664
27.6492
27.4199
27.1836
26.9415
26.6898
26.4208
26.1242
25.7854
25.3832
24.8984
24.3382
23.7269
23.0745
22.3807
21.6455
20.8709
20.0602
19.2169
18.3452
17.4493
16.5337
15.6013
14.6554
13.6948
12.7937
14.4911
12.6079
10.4172
8.04657
5.71243
3.24028
0.743011
-1.69479
-4.10509
-6.44388
-8.70035
-10.8923
-13.0124
-15.0697
-17.0729
-19.0226
-20.9203
-22.7631
-24.5437
-26.2508
-27.8717
-29.3881
-30.7757
-32.0083
-33.0891
-34.0554
-34.9278
-35.696
-36.3439
-36.8509
-37.1908
-37.3317
-37.2362
-36.8581
-36.1398
-35.0059
-33.3617
-31.0741
-28.2142
16.2239
17.8237
19.5334
21.2366
22.7592
24.1213
25.2494
26.0626
26.5767
26.8509
26.9347
26.8891
26.7636
26.5903
26.3943
26.1873
25.9743
25.7566
25.531
25.2901
25.0248
24.7214
24.3602
23.9237
23.4184
22.8672
22.2796
21.655
20.9931
20.2954
19.5642
18.8022
18.0116
17.195
16.3542
15.4888
14.5981
13.6753
12.7919
13.7426
11.9455
9.85617
7.59739
5.37601
3.02545
0.654481
-1.6564
-3.93795
-6.14773
-8.27565
-10.3385
-12.3294
-14.2567
-16.1285
-17.9451
-19.708
-21.4137
-23.0557
-24.6229
-26.1034
-27.4808
-28.7334
-29.8386
-30.8007
-31.6547
-32.4189
-33.0846
-33.6375
-34.0604
-34.3307
-34.4217
-34.3015
-33.9316
-33.2634
-32.233
-30.7592
-28.7267
-26.2072
15.3975
16.9256
18.5604
20.1897
21.6471
22.9526
24.0354
24.8186
25.3165
25.5863
25.6752
25.6409
25.5309
25.3756
25.1989
25.0123
24.8204
24.6249
24.4227
24.2072
23.9698
23.6981
23.3738
22.9805
22.5243
22.0268
21.4971
20.9341
20.3375
19.7083
19.048
18.3584
17.6405
16.8955
16.123
15.32
14.4827
13.5999
12.7405
13.0421
11.3281
9.33654
7.18581
5.07297
2.84002
0.590735
-1.59826
-3.75563
-5.84143
-7.84601
-9.78526
-11.6526
-13.4559
-15.2027
-16.8932
-18.5283
-20.1051
-21.6167
-23.0533
-24.4032
-25.6521
-26.7804
-27.7693
-28.6237
-29.3766
-30.0445
-30.6196
-31.0897
-31.4404
-31.6525
-31.7037
-31.5673
-31.2109
-30.594
-29.6624
-28.3467
-26.5468
-24.3327
14.6216
16.0804
17.6427
19.2007
20.5946
21.8453
22.884
23.6378
24.1196
24.3845
24.4777
24.4537
24.3578
24.2189
24.0599
23.8917
23.7191
23.5435
23.3624
23.1696
22.9572
22.7139
22.4225
22.0677
21.6554
21.2059
20.7276
20.2195
19.681
19.1126
18.5155
17.8904
17.2378
16.5572
15.8471
15.1024
14.3165
13.4752
12.6448
12.3867
10.7529
8.85579
6.80918
4.80117
2.68122
0.54913
-1.52226
-3.56058
-5.52735
-7.41369
-9.23468
-10.9841
-12.6694
-14.2975
-15.8685
-17.3832
-18.8386
-20.2284
-21.5432
-22.7722
-23.9024
-24.917
-25.7999
-26.5573
-27.2196
-27.8019
-28.2974
-28.6958
-28.9849
-29.1489
-29.169
-29.0231
-28.6842
-28.1187
-27.2803
-26.1101
-24.5209
-22.5805
13.8936
15.2853
16.7778
18.2664
19.5988
20.7964
21.792
22.5169
22.9824
23.2422
23.339
23.3243
23.2411
23.1171
22.9741
22.8227
22.6674
22.5098
22.3475
22.175
21.9851
21.7669
21.5049
21.1845
20.8114
20.4046
19.9721
19.5128
19.0258
18.5115
17.9705
17.4031
16.8089
16.1866
15.5335
14.8427
14.1065
13.3075
12.5103
11.774
10.2177
8.41137
6.46512
4.55783
2.54691
0.527544
-1.43122
-3.35495
-5.20762
-6.98084
-8.68888
-10.3259
-11.899
-13.4146
-14.8727
-16.2741
-17.6157
-18.8917
-20.0934
-21.2106
-22.2319
-23.1427
-23.9297
-24.5997
-25.1812
-25.6879
-26.1138
-26.4503
-26.6874
-26.8119
-26.8083
-26.6584
-26.3399
-25.8246
-25.0736
-24.0365
-22.6377
-20.9408
13.2107
14.5376
15.9624
17.3841
18.6567
19.8027
20.7562
21.4527
21.9019
22.1563
22.256
22.2496
22.1778
22.0673
21.9388
21.8025
21.6628
21.5213
21.3759
21.2216
21.0515
20.8559
20.6199
20.3302
19.992
19.6233
19.2314
18.8153
18.3741
17.9078
17.4168
16.9009
16.359
15.7895
15.1882
14.548
13.8593
13.1031
12.3416
11.2014
9.71956
8.00097
6.15121
4.34095
2.43457
0.523452
-1.32683
-3.14097
-4.88442
-6.54952
-8.14983
-9.67993
-11.1466
-12.5557
-13.9074
-15.2022
-16.4374
-17.6074
-18.7042
-19.7185
-20.64
-21.4565
-22.1568
-22.7486
-23.2583
-23.6985
-24.0639
-24.3473
-24.5407
-24.6333
-24.6122
-24.4625
-24.166
-23.6992
-23.0295
-22.1134
-20.8854
-19.4052
12.5704
13.8346
15.1944
16.5508
17.7656
18.8615
19.7736
20.4423
20.875
21.1236
21.2259
21.2268
21.1653
21.0668
20.9514
20.8287
20.703
20.5759
20.4457
20.3075
20.1552
19.9795
19.7668
19.5044
19.1972
18.8622
18.5065
18.1288
17.7282
17.3045
16.8579
16.388
15.8932
15.3712
14.8177
14.2244
13.5812
12.8677
12.1439
10.6665
9.25652
7.62216
5.8652
4.14799
2.34218
0.534942
-1.21175
-2.92069
-4.55969
-6.12159
-7.61925
-9.04776
-10.4135
-11.7221
-12.9736
-14.1685
-15.3042
-16.3757
-17.3756
-18.2953
-19.126
-19.8568
-20.4792
-21.0012
-21.4474
-21.8292
-22.1422
-22.3804
-22.5373
-22.6042
-22.5708
-22.4247
-22.1512
-21.7307
-21.1357
-20.3292
-19.2542
-17.9653
11.9702
13.1741
14.471
15.7644
16.923
17.9701
18.8416
19.4828
19.8987
20.1415
20.2459
20.2531
20.2006
20.1131
20.0095
19.899
19.7858
19.6717
19.5549
19.4311
19.2945
19.1366
18.9446
18.7065
18.427
18.122
17.7983
17.4546
17.09
16.7042
16.2972
15.8683
15.4159
14.9372
14.4273
13.8778
13.2782
12.6066
11.9218
10.1673
8.8262
7.27288
5.60494
3.9771
2.26744
0.559692
-1.0875
-2.69609
-4.2353
-5.69877
-7.09871
-8.43079
-9.70114
-10.9149
-12.0721
-13.1734
-14.2165
-15.1966
-16.1072
-16.9402
-17.6881
-18.3417
-18.8942
-19.3541
-19.7443
-20.0752
-20.343
-20.5429
-20.6696
-20.7163
-20.6746
-20.5346
-20.2843
-19.9074
-19.3809
-18.673
-17.7341
-16.6143
11.4082
12.5538
13.7902
15.0222
16.1265
17.126
17.9574
18.5716
18.9703
19.2074
19.3134
19.3259
19.2815
19.2038
19.1108
19.0112
18.9093
18.8067
18.7019
18.5909
18.4684
18.3263
18.1527
17.9363
17.6815
17.4032
17.1079
16.7944
16.4618
16.1096
15.738
15.3458
14.9315
14.492
14.0223
13.5138
12.9553
12.3248
11.6793
9.70169
8.42687
6.95112
5.36856
3.82621
2.20871
0.596204
-0.956357
-2.46882
-3.9129
-5.28262
-6.58964
-7.83033
-9.01053
-10.1349
-11.2036
-12.2173
-13.1741
-14.0698
-14.898
-15.6519
-16.3247
-16.9086
-17.3987
-17.8036
-18.1446
-18.4312
-18.6602
-18.8277
-18.9297
-18.9608
-18.9141
-18.782
-18.5545
-18.2183
-17.7541
-17.1345
-16.3166
-15.3453
10.8822
11.9718
13.1498
14.3224
15.3739
16.3266
17.1183
17.7061
18.0869
18.3189
18.4262
18.4431
18.4054
18.3365
18.2531
18.1634
18.0716
17.9793
17.8852
17.7856
17.6756
17.5476
17.3904
17.1935
16.9607
16.7063
16.4364
16.1497
15.8455
15.5234
15.1832
14.824
14.444
14.0402
13.6074
13.137
12.6175
12.0272
11.4208
9.26754
8.05621
6.65479
5.15392
3.69334
2.1639
0.642344
-0.819563
-2.24043
-3.59394
-4.87441
-6.09321
-7.24757
-8.34282
-9.38302
-10.3686
-11.3005
-12.177
-12.9943
-13.747
-14.4286
-15.0334
-15.5548
-15.9893
-16.3456
-16.6434
-16.8917
-17.0875
-17.2279
-17.3098
-17.329
-17.2801
-17.157
-16.9516
-16.6532
-16.2454
-15.7045
-14.9936
-14.1527
10.3901
11.4259
12.5481
13.6624
14.663
15.5697
16.3219
16.8836
17.2455
17.4732
17.582
17.6022
17.5705
17.5095
17.4347
17.3539
17.2711
17.188
17.1035
17.014
16.9151
16.7997
16.6573
16.4778
16.265
16.032
15.7847
15.5221
15.2433
14.9479
14.6358
14.3062
13.9572
13.5858
13.1869
12.7519
12.2695
11.7177
11.1505
8.86253
7.71174
6.38123
4.95827
3.57582
2.13039
0.695889
-0.679756
-2.01266
-3.2801
-4.47505
-5.6097
-6.68279
-7.69831
-8.6594
-9.56695
-10.4225
-11.2246
-11.9696
-12.6527
-13.2683
-13.8115
-14.2768
-14.6617
-14.9752
-15.2354
-15.4505
-15.6182
-15.7361
-15.8018
-15.8122
-15.7632
-15.6497
-15.4656
-15.2018
-14.8448
-14.3741
-13.7577
-13.031
9.92954
10.9139
11.9822
13.0403
13.992
14.8535
15.5671
16.1028
16.4428
16.6674
16.7781
16.8008
16.7741
16.7204
16.6537
16.5809
16.5063
16.4315
16.3556
16.2753
16.1864
16.0823
15.9531
15.7895
15.5947
15.3811
15.1543
14.9133
14.6572
14.3857
14.0989
13.7958
13.4747
13.1328
12.765
12.3628
11.9153
11.4007
10.8714
8.48525
7.39217
6.12913
4.78015
3.47198
2.10612
0.754525
-0.53876
-1.78782
-2.97383
-4.08589
-5.13923
-6.13571
-7.07656
-7.96325
-8.79767
-9.58214
-10.3153
-10.9937
-11.6133
-12.169
-12.6567
-13.0719
-13.4129
-13.6887
-13.916
-14.1026
-14.2465
-14.3456
-14.3985
-14.4028
-14.3552
-14.2519
-14.088
-13.856
-13.5445
-13.1361
-12.6029
-11.9762
9.49903
10.434
11.4506
12.4538
13.3586
14.1756
14.8522
15.3625
15.6769
15.9
16.0129
16.0367
16.0143
15.9673
15.9077
15.8422
15.7749
15.7077
15.6396
15.5676
15.4878
15.3941
15.2771
15.1279
14.9496
14.7539
14.5458
14.3243
14.089
13.8392
13.5752
13.296
13.0003
12.6851
12.3459
11.9742
11.5595
11.0804
10.5876
8.13725
7.09948
5.90089
4.62209
3.38409
2.09345
0.81993
-0.396589
-1.5665
-2.67487
-3.70885
-4.68588
-5.61085
-6.48101
-7.29674
-8.06194
-8.77963
-9.4484
-10.0648
-10.6258
-11.1268
-11.5644
-11.9347
-12.2368
-12.4794
-12.6784
-12.8404
-12.9642
-13.0479
-13.0908
-13.0909
-13.046
-12.953
-12.8079
-12.6048
-12.3343
-11.9809
-11.5211
-10.9813
9.0997
9.98694
10.9524
11.9011
12.7595
13.5307
14.1716
14.6574
14.9473
15.1741
15.2878
15.3105
15.2913
15.2503
15.1968
15.1374
15.0764
15.0157
14.9546
14.8901
14.8186
14.7343
14.6286
14.4928
14.3296
14.1502
13.9591
13.7558
13.5392
13.3092
13.0658
12.8084
12.5356
12.2449
11.9317
11.5885
11.2045
10.7592
10.3009
7.81827
6.83342
5.6968
4.48469
3.31348
2.09406
0.894795
-0.250254
-1.3456
-2.3806
-3.3417
-4.25207
-5.11374
-5.91603
-6.66273
-7.36213
-8.01736
-8.62567
-9.18453
-9.69098
-10.1423
-10.5345
-10.8644
-11.1319
-11.3456
-11.5197
-11.661
-11.768
-11.8394
-11.8748
-11.8729
-11.8316
-11.749
-11.622
-11.4453
-11.2115
-10.9073
-10.5122
-10.0494
8.73133
9.57209
10.4872
11.3806
12.1924
12.9145
13.5203
13.9763
14.2459
14.4905
14.6044
14.6214
14.6053
14.5706
14.5231
14.469
14.4137
14.3591
14.3044
14.2468
14.183
14.1073
14.0119
13.8883
13.7393
13.5748
13.3998
13.2127
13.0138
12.8016
12.5773
12.3392
12.0875
11.8185
11.5293
11.2117
10.8566
10.4427
10.0174
7.56586
6.62138
5.52982
4.36941
3.2514
2.09159
0.962511
-0.111292
-1.11838
-2.08203
-2.91964
-3.77722
-4.61054
-5.36972
-6.07075
-6.73031
-7.34938
-7.92283
-8.4475
-8.92189
-9.3432
-9.70694
-10.0108
-10.2556
-10.4496
-10.6064
-10.7329
-10.8273
-10.8894
-10.9192
-10.9127
-10.8719
-10.7949
-10.6787
-10.5189
-10.3089
-10.0374
-9.6866
-9.27748
8.44038
9.2416
10.1142
10.9501
11.7084
12.3574
12.8939
13.2539
13.4763
13.8173
13.9718
14.0008
14.0011
13.9849
13.9508
13.9069
13.8604
13.814
13.7672
13.7175
13.6618
13.5952
13.5098
13.3978
13.2613
13.1098
12.9478
12.7745
12.5891
12.3915
12.1815
11.9587
11.7223
11.4699
11.1982
10.9001
10.5659
10.1758
9.77466
7.36162
6.44973
5.39447
4.27544
3.20229
2.09579
1.03229
0.030457
-0.881159
-1.77438
-2.46227
-3.28521
-4.11381
-4.84521
-5.515
-6.15075
-6.75013
-7.30434
-7.8104
-8.26653
-8.67039
-9.01722
-9.30524
-9.53526
-9.71564
-9.86008
-9.97557
-10.06
-10.1146
-10.1397
-10.1266
-10.0837
-10.0088
-9.89825
-9.74821
-9.55335
-9.30361
-8.9832
-8.61184
8.20344
8.97042
9.80062
10.5777
11.2742
11.8337
12.276
12.5069
12.6689
13.1467
13.3732
13.4294
13.4563
13.4652
13.4505
13.4207
13.3854
13.3488
13.3109
13.2698
13.2227
13.1652
13.0897
12.9888
12.8638
12.7238
12.573
12.411
12.2371
12.051
11.8528
11.6419
11.4176
11.178
10.9198
10.6361
10.3182
9.94589
9.56395
7.15875
6.27997
5.26151
4.18449
3.15641
2.10344
1.10428
0.172293
-0.649318
-1.47617
-2.02084
-2.806
-3.62525
-4.32686
-4.96254
-5.5712
-6.14825
-6.68158
-7.16699
-7.60408
-7.98957
-8.31914
-8.59126
-8.80668
-8.97393
-9.10658
-9.21202
-9.2875
-9.3355
-9.35731
-9.33891
-9.29517
-9.22381
-9.12015
-8.98086
-8.80182
-8.57414
-8.28395
-7.94979
7.96728
8.70022
9.48735
10.2065
10.8425
11.3134
11.6663
11.7764
11.8816
12.4747
12.775
12.8596
12.9088
12.9418
12.9461
12.9304
12.9061
12.8789
12.8493
12.8164
12.7776
12.7289
12.6632
12.5732
12.4598
12.3311
12.1914
12.0405
11.8779
11.7034
11.517
11.3182
11.1064
10.8795
10.6348
10.3656
10.0636
9.70957
9.34758
6.95827
6.11268
5.13132
4.09628
3.11308
2.11315
1.17618
0.312432
-0.425707
-1.18629
-1.60282
-2.34401
-3.14499
-3.81508
-4.41535
-4.99383
-5.5458
-6.05588
-6.51965
-6.93601
-7.30246
-7.61465
-7.87112
-8.07249
-8.22744
-8.3492
-8.44555
-8.51292
-8.55538
-8.57478
-8.55224
-8.50845
-8.4414
-8.34523
-8.21716
-8.05407
-7.84831
-7.58733
-7.28749
7.73332
8.43283
9.17646
9.83939
10.4164
10.7994
11.0683
11.0652
11.115
11.802
12.1768
12.2926
12.3631
12.4174
12.44
12.4378
12.4241
12.4057
12.3843
12.359
12.3281
12.2879
12.2318
12.1528
12.0508
11.9337
11.8049
11.6651
11.5134
11.3504
11.1756
10.9892
10.7897
10.5762
10.345
10.0906
9.80442
9.469
9.12613
6.76219
5.94944
5.00478
4.01114
3.07179
2.12365
1.24596
0.447619
-0.214688
-0.908628
-1.21485
-1.90523
-2.67658
-3.31221
-3.87599
-4.42174
-4.94546
-5.43041
-5.87046
-6.26523
-6.61183
-6.90649
-7.14718
-7.33487
-7.47811
-7.58979
-7.67798
-7.73848
-7.7766
-7.79497
-7.77012
-7.72792
-7.6663
-7.57872
-7.46259
-7.31579
-7.13169
-6.8996
-6.63571
7.50422
8.17102
8.87125
9.4798
9.99907
10.2943
10.4843
10.37
10.3649
11.1288
11.5764
11.7273
11.8195
11.8958
11.9362
11.9468
11.9424
11.9321
11.918
11.8999
11.8764
11.8443
11.7976
11.7293
11.6392
11.5337
11.4166
11.2878
11.1476
10.996
10.8333
10.6592
10.4729
10.2726
10.0556
9.81599
9.54641
9.22878
8.90575
6.57305
5.79202
4.88291
3.92928
3.03197
2.13341
1.31118
0.574821
-0.0198225
-0.648084
-0.863077
-1.49454
-2.22349
-2.82029
-3.34642
-3.85698
-4.34937
-4.80626
-5.22132
-5.59301
-5.91942
-6.19624
-6.42155
-6.59619
-6.72825
-6.83019
-6.91035
-6.96404
-6.99758
-7.01446
-6.98716
-6.94619
-6.88952
-6.80989
-6.70514
-6.57389
-6.41004
-6.20333
-5.96501
7.28315
7.91838
8.57531
9.13204
9.59345
9.79973
9.91564
9.68672
9.6227
10.4545
10.973
11.1584
11.2733
11.3735
11.4362
11.4624
11.4685
11.4654
11.4572
11.4447
11.4271
11.4018
11.3635
11.3053
11.2266
11.1327
11.0271
10.9097
10.7809
10.6409
10.4903
10.3289
10.1561
9.97008
9.76798
9.54426
9.29145
8.99265
8.6896
6.39332
5.64208
4.76592
3.8496
2.99127
2.13908
1.36784
0.688976
0.15322
-0.410944
-0.553671
-1.11757
-1.79026
-2.34223
-2.82865
-3.30174
-3.75956
-4.18589
-4.57325
-4.92078
-5.22568
-5.48404
-5.69401
-5.85642
-5.97918
-6.07397
-6.14926
-6.19993
-6.2331
-6.25289
-6.22785
-6.19234
-6.14443
-6.07591
-5.98489
-5.8708
-5.7295
-5.55429
-5.36174
7.07354
7.67834
8.29262
8.79936
9.1999
9.3128
9.35693
9.00083
8.87171
9.77862
10.3747
10.5944
10.724
10.8422
10.9254
10.9725
10.9958
11.0066
11.008
11.003
10.9913
10.9722
10.9411
10.8924
10.8247
10.7426
10.6485
10.5427
10.425
10.2961
10.1567
10.0069
9.84663
9.67382
9.4865
9.27809
9.04255
8.7616
8.47636
6.22357
5.49913
4.65235
3.76893
2.94527
2.13439
1.40889
0.782243
0.29744
-0.204509
-0.29379
-0.779881
-1.38213
-1.8813
-2.32504
-2.75757
-3.17723
-3.56945
-3.92789
-4.25017
-4.53337
-4.77316
-4.96706
-5.11524
-5.22505
-5.30814
-5.37325
-5.41524
-5.44171
-5.45768
-5.42867
-5.39289
-5.34831
-5.28667
-5.2058
-5.10563
-4.98057
-4.81996
-4.62453
6.87596
7.45159
8.02422
8.4836
8.81674
8.8319
8.80427
8.29817
8.08111
9.08146
9.78273
10.0576
10.2114
10.338
10.4227
10.4709
10.5014
10.5236
10.5393
10.5472
10.547
10.5376
10.5157
10.4767
10.4202
10.3509
10.271
10.1801
10.0776
9.9639
9.83943
9.70452
9.55866
9.40087
9.22827
9.03603
8.81736
8.55756
8.29275
6.06273
5.3631
4.54238
3.68759
2.89332
2.11802
1.43123
0.849905
0.407267
-0.0351825
-0.0883943
-0.489406
-1.00432
-1.44211
-1.83883
-2.22676
-2.6031
-2.95664
-3.28154
-3.57543
-3.8355
-4.05798
-4.24097
-4.38494
-4.49575
-4.58245
-4.65366
-4.70364
-4.74148
-4.77217
-4.75659
-4.73586
-4.70819
-4.66417
-4.60236
-4.52424
-4.4301
-4.32119
-4.22334
6.68914
7.23707
7.77135
8.18743
8.45069
8.37734
8.28337
7.5749
7.22558
8.31955
9.1375
9.50225
9.73412
9.92258
10.0365
10.0825
10.0938
10.0948
10.0955
10.0965
10.096
10.091
10.0765
10.0458
9.99607
9.93221
9.85842
9.77514
9.68221
9.5798
9.46819
9.34782
9.21806
9.07765
8.92337
8.75007
8.54954
8.30951
8.06407
5.91935
5.2414
4.44444
3.61412
2.84476
2.09859
1.44267
0.896678
0.485572
0.0924813
0.055686
-0.251
-0.663154
-1.03088
-1.37407
-1.71183
-2.04213
-2.35569
-2.64572
-2.90797
-3.13824
-3.3317
-3.48419
-3.59497
-3.67249
-3.72976
-3.775
-3.80166
-3.81717
-3.82738
-3.79494
-3.76291
-3.7293
-3.68469
-3.62701
-3.55569
-3.46183
-3.327
-3.12652
6.52341
7.0479
7.54918
7.92654
8.12207
7.98825
7.82122
6.82311
6.30385
7.49099
8.3722
8.7626
9.05281
9.34639
9.58847
9.75104
9.84566
9.89095
9.90589
9.90395
9.89455
9.88135
9.86452
9.84081
9.8062
9.75756
9.69369
9.61518
9.52334
9.41937
9.30442
9.1798
9.04638
8.90483
8.75359
8.5882
8.39818
8.16031
7.87404
5.81745
5.14914
4.36189
3.54421
2.78885
2.0627
1.42839
0.910183
0.520789
0.166889
0.132135
-0.0696624
-0.368869
-0.658965
-0.936356
-1.20817
-1.47725
-1.74042
-1.9932
-2.2317
-2.453
-2.65436
-2.83441
-2.99032
-3.11806
-3.219
-3.3062
-3.37551
-3.4416
-3.50865
-3.52283
-3.52997
-3.53489
-3.52756
-3.5066
-3.47644
-3.44893
-3.44526
-3.52269
6.41112
6.92117
7.39554
7.72815
7.84404
7.63936
7.30162
5.90247
5.30977
6.75674
7.74777
8.0918
8.24939
8.39674
8.54746
8.70539
8.87065
9.02859
9.16276
9.26257
9.32795
9.36034
9.36479
9.35123
9.33641
9.32502
9.31064
9.28798
9.25442
9.20913
9.15102
9.07841
8.98915
8.88141
8.75356
8.60622
8.44669
8.29966
8.25627
5.75781
5.07058
4.25974
3.4219
2.65458
1.92833
1.30864
0.818083
0.458072
0.156621
0.131697
0.0480855
-0.128085
-0.339087
-0.555683
-0.766126
-0.967539
-1.1572
-1.33151
-1.48656
-1.61709
-1.71515
-1.77376
-1.79362
-1.79706
-1.80159
-1.80707
-1.79949
-1.77966
-1.76658
-1.71981
-1.67906
-1.64587
-1.61002
-1.56822
-1.51786
-1.43766
-1.28814
-0.986142
6.36125
6.86814
7.31703
7.58596
7.57828
7.19974
6.43835
4.58381
4.06359
6.08761
7.62263
8.41924
8.81482
8.94108
8.84739
8.62682
8.37547
8.1638
8.022
7.94828
7.93311
7.9619
8.01436
8.04475
8.0105
7.93134
7.84129
7.74637
7.64656
7.54198
7.43556
7.33204
7.23384
7.14292
7.05435
6.95417
6.79973
6.50696
5.95324
5.66076
4.94256
4.09037
3.21349
2.41719
1.68014
1.0713
0.614024
0.295922
0.069217
0.0531174
0.0710602
0.0460427
-0.0287643
-0.14117
-0.28224
-0.447416
-0.633475
-0.838461
-1.06229
-1.30681
-1.57274
-1.85054
-2.11601
-2.32591
-2.47777
-2.62712
-2.7528
-2.92552
-3.16544
-3.1517
-3.20123
-3.29491
-3.36993
-3.42078
-3.47035
-3.55552
-3.73285
-4.10242
6.28046
6.78495
7.20885
7.41263
7.27577
6.66634
5.37107
3.15021
2.17776
4.24153
6.21077
7.91658
9.42014
10.7388
11.7814
12.5152
12.9943
13.2485
13.3378
13.3166
13.2339
13.1233
13.0352
13.0532
13.2151
13.3941
13.4964
13.5377
13.5427
13.5166
13.4544
13.3546
13.2188
13.0533
12.8682
12.6848
12.5615
12.5755
12.9306
-175.232
-175.972
-176.231
-178.154
-179.379
-179.238
-178.117
-176.244
-173.666
-170.426
-166.541
-162.107
-157.261
-152.186
-147.077
-142.156
-137.587
-133.444
-129.766
-126.581
-123.872
-121.561
-119.532
-117.615
-115.613
-113.422
-111.1
-108.911
-107.109
-105.535
-103.539
-100.602
-96.7413
-92.2489
-87.4184
-82.4868
-77.6091
-72.886
-68.3652
-64.075
-60.0205
-56.2064
-52.6249
-49.2707
-46.1302
-43.1941
-40.4471
-37.8777
-35.4717
-33.2176
-31.1033
-29.1189
-27.2522
-25.4947
-23.8369
-22.2717
-20.7923
-19.3925
-18.067
-16.811
-15.62
-14.4903
-13.4187
-12.4017
-11.4378
-10.5209
-9.65694
-8.93572
-8.30611
-7.67901
-7.04613
-6.42705
-5.77522
-5.21549
-4.4676
-4.155
-2.96718
-3.57785
-0.781796
-4.36383
-164.612
-155.907
-147.343
-138.916
-130.599
-122.479
-114.528
-106.779
-99.2981
-92.0288
-85.0605
-78.3502
-71.9467
-65.8387
-60.0404
-54.5542
-49.3758
-44.5087
-39.9397
-35.6688
-31.6781
-27.9626
-24.5023
-21.2904
-18.3065
-15.5415
-12.9764
-10.6022
-8.40138
-6.36516
-4.47858
-2.73389
-1.11824
0.374325
1.75387
3.02486
4.19503
5.26779
6.24936
7.14239
7.95189
8.68004
9.33095
9.90677
10.4109
10.8457
11.2141
11.5191
11.7634
11.9503
12.0831
12.1642
12.1984
12.1884
12.1383
12.0515
11.932
11.7833
11.6091
11.4125
11.1978
10.968
10.726
10.4751
10.2191
9.959
9.70229
9.47898
9.28317
9.08355
8.87766
8.67092
8.46996
8.27073
8.107
7.90875
7.66528
8.26765
5.57362
13.0325
-37.7461
-37.9276
-39.5225
-42.6319
-46.484
-50.6166
-54.793
-58.8136
-62.5378
-65.9122
-68.9788
-71.7614
-74.2626
-76.4616
-78.3483
-79.9067
-81.193
-82.334
-83.4653
-84.5987
-85.6944
-86.7201
-87.6633
-88.4281
-88.8288
-88.584
-87.3687
-84.9703
-81.5608
-77.6929
-73.9059
-70.3882
-67.1767
-64.2037
-61.364
-58.5884
-55.8617
-53.1922
-50.5977
-48.0893
-45.678
-43.3684
-41.1639
-39.0631
-37.0633
-35.1604
-33.3474
-31.619
-29.9675
-28.3888
-26.8772
-25.4265
-24.033
-22.6921
-21.401
-20.1572
-18.959
-17.8047
-16.6927
-15.6221
-14.592
-13.6017
-12.6507
-11.7379
-10.8642
-10.0253
-9.22833
-8.55803
-7.97022
-7.38309
-6.78591
-6.20151
-5.57946
-5.05095
-4.32802
-4.03952
-2.88613
-3.4876
-0.793802
-4.27627
-36.8549
-35.4135
-33.8849
-32.3266
-30.7963
-29.2761
-27.7789
-26.2984
-24.8256
-23.3604
-21.9034
-20.4426
-18.9885
-17.5278
-16.0736
-14.6166
-13.1692
-11.7258
-10.3003
-8.89139
-7.51214
-6.16196
-4.8537
-3.58856
-2.37683
-1.21743
-0.118649
0.921679
1.89943
2.81873
3.67802
4.48245
5.23253
5.93344
6.58606
7.19487
7.76065
8.28674
8.77363
9.22351
9.63647
10.0137
10.355
10.6609
10.9312
11.1659
11.3653
11.5291
11.6578
11.7518
11.8108
11.8372
11.8312
11.7948
11.729
11.6362
11.5182
11.3771
11.2153
11.0354
10.8394
10.6301
10.4102
10.1816
9.94764
9.70932
9.4746
9.26872
9.08716
8.90158
8.70902
8.51624
8.32825
8.14209
7.98557
7.80676
7.55348
8.16227
5.57668
12.6788
33.4115
33.3045
32.504
30.8872
28.4638
25.2994
21.507
17.1822
12.4423
7.37966
2.11321
-3.2576
-8.61215
-13.8527
-18.8564
-23.5161
-27.7222
-31.431
-34.6767
-37.5556
-40.1
-42.309
-44.1673
-45.6753
-46.8494
-47.7126
-48.2468
-48.3666
-47.9491
-46.93
-45.38
-43.5336
-41.67
-39.9689
-38.4636
-37.1212
-35.9016
-34.7751
-33.716
-32.7029
-31.7245
-30.7702
-29.836
-28.9141
-28.0031
-27.0963
-26.193
-25.2877
-24.3816
-23.4722
-22.5597
-21.6439
-20.7253
-19.8054
-18.886
-17.9699
-17.0592
-16.1565
-15.2643
-14.3852
-13.5215
-12.6757
-11.85
-11.0459
-10.2661
-9.50878
-8.78202
-8.16502
-7.62077
-7.0752
-6.51604
-5.96762
-5.37895
-4.87929
-4.19026
-3.91331
-2.81855
-3.37539
-0.830564
-4.14138
33.414
33.0461
32.3886
31.6262
30.8134
29.9636
29.0863
28.1817
27.2603
26.3163
25.364
24.3985
23.4333
22.4664
21.5101
20.5655
19.6447
18.75
17.8933
17.0764
16.3101
15.5951
14.9394
14.341
13.8045
13.3261
12.9073
12.5419
12.2298
11.9643
11.7441
11.5629
11.419
11.307
11.2252
11.1688
11.1361
11.1232
11.128
11.147
11.1777
11.2169
11.2617
11.3094
11.3566
11.4011
11.4394
11.4694
11.4886
11.4938
11.4852
11.46
11.418
11.3576
11.2794
11.1828
11.0686
10.9374
10.7903
10.6283
10.4534
10.267
10.0704
9.866
9.65604
9.44135
9.23007
9.04361
8.87772
8.70784
8.53121
8.35274
8.17855
8.00568
7.85948
7.69896
7.45337
8.02287
5.62221
12.2717
47.1174
46.0026
44.4707
42.5568
40.2289
37.4899
34.3697
30.9103
27.1577
23.1701
19.0063
14.7363
10.4261
6.15347
1.99104
-1.97386
-5.65819
-8.98046
-11.9067
-14.4273
-16.5396
-18.1933
-19.3167
-19.8458
-19.781
-19.1994
-18.2978
-17.4014
-16.8925
-16.9593
-17.3524
-17.6858
-17.901
-18.0696
-18.235
-18.4222
-18.6289
-18.8485
-19.065
-19.2709
-19.453
-19.6049
-19.7137
-19.7746
-19.7773
-19.7204
-19.5975
-19.4106
-19.1579
-18.8432
-18.4683
-18.037
-17.5532
-17.0222
-16.4499
-15.8417
-15.2037
-14.5416
-13.861
-13.1673
-12.4662
-11.7623
-11.0604
-10.364
-9.67787
-9.00215
-8.34577
-7.78221
-7.28085
-6.77587
-6.25433
-5.74145
-5.18563
-4.71515
-4.05729
-3.7977
-2.74599
-3.28888
-0.830954
-4.06294
48.0045
48.1487
47.7406
46.9978
46.1091
45.1594
44.1729
43.1555
42.1103
41.0389
39.9439
38.8262
37.6884
36.5315
35.3579
34.1695
32.9684
31.7579
30.5412
29.3229
28.1077
26.9015
25.71
24.5402
23.3981
22.2908
21.2243
20.2047
19.2365
18.3245
17.4719
16.6811
15.9533
15.2891
14.6879
14.1482
13.6682
13.2449
12.8753
12.5554
12.2815
12.0489
11.8536
11.6902
11.5551
11.4425
11.3485
11.2682
11.1964
11.1309
11.0668
11.0018
10.9321
10.856
10.771
10.6761
10.57
10.4524
10.323
10.1824
10.0306
9.8687
9.69798
9.51949
9.33526
9.14589
8.95961
8.7933
8.64441
8.4914
8.3308
8.16883
8.0096
7.85212
7.71738
7.5747
7.34196
7.88584
5.60211
11.9562
54.5209
53.1429
51.5494
49.8121
47.9045
45.8238
43.5796
41.19
38.6702
36.0444
33.3351
30.5728
27.7879
25.0188
22.3035
19.6878
17.2186
14.9493
12.9318
11.2068
9.79316
8.69305
7.92358
7.51905
7.49785
7.82141
8.38062
8.9387
9.09143
8.44746
6.99782
5.1507
3.27791
1.5193
-0.1385
-1.7258
-3.24904
-4.70231
-6.07759
-7.36568
-8.56386
-9.66577
-10.6685
-11.563
-12.3455
-13.0098
-13.5564
-13.9849
-14.3001
-14.5045
-14.6044
-14.6044
-14.5116
-14.3336
-14.0787
-13.7552
-13.3715
-12.9359
-12.4564
-11.941
-11.3972
-10.832
-10.2521
-9.66291
-9.07073
-8.47736
-7.8928
-7.38382
-6.92655
-6.4634
-5.98091
-5.50487
-4.98308
-4.54381
-3.91656
-3.68002
-2.66355
-3.20984
-0.810734
-4.00719
55.7675
56.3513
56.3987
55.9438
55.1006
54.0566
52.9365
51.7702
50.5549
49.2993
48.0039
46.6745
45.3129
43.9254
42.5144
41.0863
39.6439
38.1936
36.7383
35.2847
33.8357
32.3976
30.9736
29.5702
28.1902
26.8404
25.5239
24.2473
23.0136
21.8294
20.6977
19.6245
18.6115
17.6638
16.7819
15.9692
15.2246
14.5494
13.9407
13.3982
12.9174
12.4965
12.1297
11.8143
11.5438
11.3142
11.1197
10.9539
10.8135
10.6923
10.5864
10.4905
10.4013
10.3145
10.2274
10.1371
10.0416
9.9394
9.82934
9.71038
9.58279
9.44668
9.3021
9.15028
8.9925
8.82912
8.66836
8.52284
8.39094
8.25523
8.11245
7.96691
7.82359
7.6811
7.56109
7.43488
7.2168
7.74247
5.5431
11.6722
53.4955
52.1267
50.6786
49.2167
47.7186
46.1731
44.5872
42.963
41.311
39.633
37.9433
36.246
34.5606
32.8963
31.2783
29.7221
28.2596
26.9131
25.7212
24.7128
23.9284
23.3906
23.1234
23.1441
23.4725
24.0792
24.8741
25.6743
26.1843
25.9912
24.7282
22.5545
20.0166
17.3596
14.6777
12.0763
9.59759
7.23699
4.98551
2.84519
0.828529
-1.05014
-2.77962
-4.3539
-5.77043
-7.02715
-8.12446
-9.06673
-9.85725
-10.5029
-11.0084
-11.3813
-11.6293
-11.7624
-11.7903
-11.7235
-11.5716
-11.3446
-11.0526
-10.705
-10.3112
-9.87964
-9.41857
-8.93477
-8.43589
-7.92519
-7.41325
-6.96032
-6.54872
-6.12896
-5.68731
-5.24992
-4.76417
-4.35788
-3.76369
-3.55105
-2.57323
-3.12077
-0.788522
-3.939
54.7767
55.5138
55.8769
55.8787
55.532
54.8555
53.9269
52.8583
51.7262
50.5489
49.3295
48.0691
46.7717
45.4374
44.072
42.6762
41.2568
39.8151
38.3591
36.891
35.4195
33.9471
32.4831
31.0301
29.5975
28.1878
26.8098
25.4655
24.1633
22.9046
21.6971
20.5415
19.4445
18.4062
17.4324
16.5219
15.6794
14.9025
14.1943
13.5512
12.9747
12.4598
12.0064
11.6086
11.2644
10.968
10.714
10.4993
10.3172
10.1639
10.0334
9.92142
9.82286
9.73393
9.65067
9.56957
9.488
9.40345
9.31398
9.21855
9.11594
9.0058
8.88833
8.76367
8.63279
8.49586
8.36097
8.23625
8.1219
8.00408
7.87864
7.75115
7.62449
7.49865
7.39174
7.28051
7.07898
7.58091
5.47553
11.3666
46.1061
45.191
44.2615
43.3596
42.4634
41.5692
40.6717
39.7781
38.8843
37.9993
37.1187
36.2541
35.4031
34.5809
33.7883
33.0446
32.3551
31.7436
31.2193
30.8101
30.5292
30.4059
30.4537
30.6996
31.1515
31.8132
32.6437
33.5645
34.4172
34.9314
34.6541
33.1936
30.7956
27.979
25.0125
21.9938
18.985
16.0578
13.259
10.6009
8.08514
5.71611
3.50858
1.47569
-0.374493
-2.04401
-3.53607
-4.85402
-6.00205
-6.98371
-7.80486
-8.47217
-8.99541
-9.38422
-9.6495
-9.8013
-9.8503
-9.80723
-9.68295
-9.48825
-9.23281
-8.92625
-8.57777
-8.19513
-7.7868
-7.35712
-6.91735
-6.52067
-6.15518
-5.77936
-5.37948
-4.98161
-4.53325
-4.16078
-3.60165
-3.41279
-2.47765
-3.02258
-0.764737
-3.85849
46.9032
47.336
47.5604
47.5896
47.4302
47.0876
46.5492
45.8212
44.9607
44.0376
43.081
42.0945
41.0778
40.0343
38.963
37.8682
36.7487
35.6097
34.4505
33.2775
32.0901
30.8956
29.6939
28.4935
27.2947
26.1065
24.9295
23.7733
22.6384
21.5341
20.461
19.4278
18.4344
17.4888
16.5902
15.7453
14.9526
14.2174
13.5372
12.9161
12.3502
11.8424
11.388
10.9874
10.6363
10.3312
10.0702
9.84795
9.66129
9.50498
9.37493
9.26617
9.17462
9.09611
9.0264
8.96223
8.90019
8.83782
8.77272
8.7026
8.6269
8.54488
8.45539
8.35887
8.25568
8.14583
8.0372
7.93388
7.83723
7.73748
7.631
7.52138
7.41212
7.30231
7.21059
7.11346
6.93143
7.40281
5.40334
11.0448
34.0656
33.7569
33.4481
33.1462
32.85
32.552
32.2555
31.9563
31.6616
31.3674
31.0826
30.8035
30.5414
30.2938
30.0747
29.8835
29.7371
29.6376
29.604
29.6403
29.7669
29.9879
30.322
30.772
31.353
32.0587
32.8824
33.7837
34.701
35.5012
35.9517
35.678
34.4279
32.3609
29.8255
27.0672
24.1929
21.2543
18.3132
15.4506
12.7354
10.191
7.81309
5.59877
3.55154
1.6785
-0.0203054
-1.54719
-2.90424
-4.09326
-5.11747
-5.98393
-6.7005
-7.27659
-7.72102
-8.04349
-8.25381
-8.36268
-8.38091
-8.31838
-8.18534
-7.99163
-7.74662
-7.4584
-7.13585
-6.78409
-6.41427
-6.07295
-5.75311
-5.42097
-5.06299
-4.70497
-4.29475
-3.95643
-3.43378
-3.26853
-2.37757
-2.91991
-0.73592
-3.77567
34.2248
34.2212
34.1723
34.0774
33.9313
33.7359
33.4901
33.1585
32.7233
32.2151
31.6755
31.1118
30.5272
29.919
29.2908
28.6395
27.9696
27.2779
26.5697
25.8419
25.1005
24.3425
23.5746
22.7941
22.0086
21.2155
20.4231
19.6292
18.8427
18.0619
17.296
16.5434
15.8131
15.104
14.4246
13.7733
13.158
12.5767
12.036
11.5331
11.0737
10.6542
10.2782
9.9425
9.64647
9.38948
9.16872
8.9822
8.8266
8.69863
8.59462
8.511
8.44434
8.39038
8.34607
8.30773
8.27276
8.23806
8.20077
8.15993
8.1142
8.0616
8.00193
7.93468
7.86011
7.7781
7.69637
7.61463
7.53635
7.45548
7.36737
7.27687
7.18539
7.09341
7.01587
6.93204
6.77171
7.20931
5.31914
10.7156
21.0845
21.2393
21.392
21.5394
21.6856
21.8342
21.9773
22.1195
22.2546
22.3897
22.5185
22.6504
22.7799
22.9184
23.0618
23.2231
23.4006
23.6081
23.8458
24.1289
24.4582
24.8489
25.301
25.8278
26.4256
27.0998
27.8335
28.6136
29.3984
30.1374
30.7313
31.0365
30.8527
30.0544
28.6564
26.7988
24.6429
22.3076
19.8542
17.3337
14.8094
12.3666
10.0661
7.92149
5.92166
4.05876
2.33993
0.771977
-0.642507
-1.90402
-3.01473
-3.97834
-4.80104
-5.48873
-6.04861
-6.48775
-6.81476
-7.03888
-7.16898
-7.21435
-7.18452
-7.08855
-6.93531
-6.73275
-6.4895
-6.2109
-5.90793
-5.62008
-5.34483
-5.05568
-4.73944
-4.4212
-4.04953
-3.74561
-3.26013
-3.11913
-2.27269
-2.81428
-0.701121
-3.69254
20.7988
20.5
20.2617
20.0776
19.9293
19.8191
19.7421
19.6705
19.5622
19.4179
19.2524
19.0761
18.8843
18.6801
18.4592
18.225
17.973
17.7076
17.4238
17.1267
16.8114
16.4836
16.1385
15.7823
15.4105
15.03
14.6364
14.237
13.8279
13.4169
13.0006
12.5869
12.173
11.7668
11.366
10.9784
10.602
10.2441
9.90252
9.58417
9.28654
9.01523
8.76808
8.54724
8.353
8.18524
8.04311
7.92572
7.83093
7.75705
7.7015
7.66236
7.63597
7.62023
7.61174
7.60842
7.60703
7.60484
7.60046
7.59254
7.57838
7.5579
7.52901
7.4921
7.44696
7.39342
7.33893
7.27948
7.21959
7.15746
7.08901
7.0173
6.94428
6.8692
6.80781
6.73684
6.60031
7.00242
5.22287
10.3852
9.46005
9.78441
10.1142
10.4426
10.7867
11.144
11.514
11.8886
12.271
12.6523
13.0372
13.4171
13.7986
14.1741
14.5523
14.9273
15.3097
15.6947
16.0948
16.5063
16.9421
17.3995
17.8903
18.4118
18.9732
19.5685
20.2015
20.8557
21.5179
22.1527
22.7251
23.1735
23.4282
23.3982
23.0163
22.2494
21.1265
19.7097
18.0855
16.3176
14.4483
12.5091
10.5549
8.65852
6.86864
5.19164
3.61953
2.15667
0.813717
-0.403605
-1.49517
-2.4632
-3.30971
-4.03791
-4.65097
-5.15383
-5.55242
-5.85329
-6.06354
-6.19091
-6.24307
-6.22782
-6.1529
-6.02547
-5.85352
-5.64224
-5.40168
-5.16473
-4.93246
-4.68507
-4.40984
-4.13091
-3.79785
-3.5283
-3.08075
-2.96405
-2.16262
-2.70432
-0.661631
-3.60747
9.05599
8.70224
8.45082
8.28329
8.19228
8.17601
8.22828
8.3121
8.39787
8.47492
8.54972
8.62029
8.68869
8.75045
8.80875
8.85858
8.90335
8.93768
8.96557
8.98136
8.98945
8.98401
8.96993
8.94146
8.90396
8.85176
8.79058
8.71522
8.63182
8.53543
8.43247
8.31867
8.2007
8.07453
7.94708
7.81506
7.68524
7.55461
7.42999
7.30874
7.19692
7.09262
6.9995
6.91784
6.84964
6.79458
6.75388
6.72622
6.71204
6.70969
6.7191
6.73744
6.76407
6.79618
6.8328
6.8709
6.90854
6.94416
6.97676
7.00334
7.02408
7.03599
7.03924
7.03336
7.01821
6.99354
6.96675
6.92937
6.88817
6.84534
6.79569
6.74348
6.68879
6.63208
6.5857
6.52692
6.41499
6.78078
5.11356
10.0462
0.278344
0.543939
0.814502
1.10002
1.42023
1.77913
2.16832
2.58936
3.03397
3.50405
3.98861
4.49012
4.99711
5.5135
6.02822
6.54746
7.06154
7.57856
8.09088
8.60762
9.12324
9.64722
10.1745
10.7143
11.2616
11.8235
12.3938
12.9762
13.5604
14.1395
14.6895
15.1887
15.6018
15.8942
16.0213
15.9461
15.6367
15.0846
14.3009
13.3232
12.1944
10.949
9.60564
8.18496
6.73791
5.33222
4.00343
2.75203
1.57898
0.493092
-0.499934
-1.39835
-2.20219
-2.91046
-3.5236
-4.04309
-4.47204
-4.81429
-5.0748
-5.25858
-5.3715
-5.41939
-5.40847
-5.3448
-5.23514
-5.08411
-4.90076
-4.71134
-4.51977
-4.31233
-4.07676
-3.83615
-3.5412
-3.30565
-2.89607
-2.80376
-2.04777
-2.59006
-0.617849
-3.51876
-0.0167865
-0.251792
-0.39645
-0.45232
-0.4271
-0.328437
-0.184912
-0.0199377
0.150123
0.327963
0.510061
0.699881
0.892321
1.09095
1.29055
1.49478
1.6981
1.90414
2.10735
2.31137
2.5105
2.70844
2.89944
3.08729
3.26643
3.44071
3.60459
3.76219
3.90854
4.04776
4.17508
4.29487
4.40316
4.50433
4.59487
4.67932
4.75483
4.82597
4.89054
4.95261
5.01109
5.06865
5.12555
5.18417
5.24401
5.30753
5.37357
5.44409
5.51782
5.59633
5.67738
5.76186
5.84756
5.93482
6.02098
6.10533
6.18631
6.26361
6.33423
6.39867
6.45376
6.49979
6.53546
6.56123
6.57623
6.58063
6.58144
6.5663
6.54369
6.51948
6.48949
6.45619
6.42014
6.38051
6.35028
6.30359
6.21709
6.54591
4.99372
9.70203
-5.69616
-5.591
-5.48542
-5.36469
-5.20128
-4.98788
-4.72861
-4.4207
-4.06536
-3.66196
-3.21762
-2.7345
-2.22169
-1.6815
-1.12373
-0.549502
0.0316958
0.620243
1.20813
1.7975
2.38241
2.96684
3.54582
4.12424
4.69751
5.27042
5.83759
6.40269
6.95965
7.51043
8.04658
8.56241
9.03904
9.46131
9.80459
10.0496
10.1702
10.1481
9.96469
9.6159
9.10614
8.45588
7.68875
6.81963
5.85424
4.81804
3.77183
2.76714
1.81589
0.91561
0.0716025
-0.70986
-1.42426
-2.069
-2.64136
-3.14043
-3.56621
-3.92036
-4.20465
-4.42207
-4.57592
-4.67017
-4.70928
-4.69773
-4.64097
-4.54268
-4.41057
-4.26468
-4.11108
-3.94115
-3.74341
-3.53961
-3.28183
-3.07942
-2.70774
-2.63924
-1.92892
-2.47154
-0.570527
-3.427
-5.81315
-5.87622
-5.8727
-5.81134
-5.70673
-5.57311
-5.42351
-5.26233
-5.09085
-4.90729
-4.7132
-4.50742
-4.29203
-4.06568
-3.83084
-3.58592
-3.33389
-3.0731
-2.80677
-2.53313
-2.25582
-1.97295
-1.68846
-1.40029
-1.11268
-0.823385
-0.536991
-0.250993
0.0300685
0.308878
0.580674
0.848485
1.1078
1.36188
1.6063
1.84481
2.07309
2.29525
2.50734
2.71365
2.91145
3.10327
3.28909
3.46886
3.64423
3.81438
3.98132
4.14387
4.30429
4.46067
4.6149
4.76504
4.91257
5.05511
5.19329
5.32542
5.45209
5.57059
5.68169
5.78244
5.87344
5.95307
6.02174
6.07871
6.12391
6.15705
6.18512
6.19185
6.18746
6.18226
6.17076
6.15656
6.13843
6.11702
6.10166
6.06656
6.0053
6.29737
4.86136
9.34684
-8.88016
-8.88692
-8.91653
-8.95908
-8.97498
-8.94716
-8.87373
-8.75146
-8.57395
-8.33964
-8.04763
-7.70023
-7.29761
-6.84544
-6.34774
-5.81418
-5.24992
-4.66426
-4.06093
-3.44807
-2.82805
-2.20747
-1.58676
-0.971161
-0.35945
0.243985
0.840755
1.42596
2.00078
2.55976
3.10359
3.62756
4.13132
4.60469
5.03874
5.41789
5.73048
5.96033
6.09538
6.12128
6.03004
5.81565
5.48306
5.04368
4.51122
3.88874
3.18493
2.44186
1.71011
1.00871
0.336014
-0.304174
-0.904958
-1.46001
-1.96579
-2.41888
-2.81774
-3.16082
-3.44818
-3.68004
-3.85787
-3.98354
-4.0597
-4.0893
-4.07608
-4.0228
-3.93562
-3.829
-3.71004
-3.57501
-3.41272
-3.24387
-3.02192
-2.85151
-2.517
-2.47176
-1.80695
-2.34999
-0.520053
-3.33225
-8.88738
-8.86781
-8.82398
-8.75957
-8.6794
-8.58508
-8.47747
-8.35559
-8.21949
-8.06869
-7.90366
-7.7242
-7.53074
-7.32328
-7.10221
-6.86789
-6.62065
-6.36122
-6.08975
-5.80748
-5.5144
-5.21219
-4.90063
-4.58192
-4.25556
-3.92424
-3.58716
-3.24748
-2.90408
-2.56044
-2.2152
-1.87208
-1.52934
-1.19091
-0.854795
-0.524856
-0.198868
0.119175
0.431817
0.735354
1.03296
1.32125
1.60317
1.8763
2.14175
2.39929
2.64856
2.89071
3.12455
3.35161
3.57028
3.78241
3.98582
4.18198
4.3691
4.54843
4.7176
4.87771
5.0261
5.16368
5.28882
5.40213
5.50234
5.59023
5.66443
5.72566
5.78017
5.8082
5.82174
5.83444
5.84177
5.84555
5.84543
5.84046
5.84072
5.81714
5.78097
6.037
4.71864
8.98566
-9.677
-9.65787
-9.68013
-9.74807
-9.82659
-9.89896
-9.9637
-10.0145
-10.0354
-10.011
-9.93032
-9.78875
-9.58455
-9.31918
-8.99391
-8.61143
-8.17549
-7.69255
-7.17135
-6.6199
-6.04653
-5.45689
-4.85719
-4.25134
-3.64466
-3.03971
-2.44054
-1.84858
-1.26798
-0.700296
-0.150703
0.379152
0.884393
1.36527
1.81758
2.23708
2.61316
2.93831
3.20183
3.39675
3.51362
3.54688
3.48998
3.34282
3.10864
2.79667
2.40937
1.94795
1.43574
0.915191
0.407241
-0.0881581
-0.567461
-1.02401
-1.45119
-1.84527
-2.20218
-2.51959
-2.79488
-3.02701
-3.21524
-3.35991
-3.46191
-3.52254
-3.54412
-3.52833
-3.47988
-3.40773
-3.3203
-3.2168
-3.08755
-2.95134
-2.76353
-2.62354
-2.32539
-2.3023
-1.68274
-2.22528
-0.467526
-3.23451
-9.71289
-9.73225
-9.73934
-9.73376
-9.71419
-9.6819
-9.63447
-9.57345
-9.49661
-9.40565
-9.29867
-9.17716
-9.03951
-8.88698
-8.71852
-8.53509
-8.33603
-8.1221
-7.89318
-7.64981
-7.39235
-7.12112
-6.83707
-6.54034
-6.23233
-5.91301
-5.58429
-5.24594
-4.90025
-4.54687
-4.18857
-3.82475
-3.45836
-3.08874
-2.71911
-2.34848
-1.98026
-1.61314
-1.25055
-0.890947
-0.537883
-0.189585
0.150456
0.484686
0.809803
1.12812
1.43718
1.73773
2.02902
2.3106
2.58307
2.84502
3.09755
3.33877
3.57038
3.79009
3.99922
4.19542
4.37978
4.55059
4.70876
4.85285
4.98351
5.0999
5.20199
5.28967
5.36962
5.41784
5.44855
5.47896
5.50334
5.52481
5.54123
5.55355
5.56776
5.55538
5.5434
5.76454
4.56412
8.61132
-9.58579
-9.50102
-9.45757
-9.46651
-9.49204
-9.52165
-9.56052
-9.61469
-9.67826
-9.74347
-9.79749
-9.82811
-9.8185
-9.75652
-9.63205
-9.44446
-9.19393
-8.88505
-8.5188
-8.10113
-7.63719
-7.13816
-6.61183
-6.06739
-5.50906
-4.94324
-4.37304
-3.80426
-3.23915
-2.68301
-2.13818
-1.61026
-1.10247
-0.620882
-0.167393
0.255026
0.645608
0.99741
1.30503
1.56074
1.7609
1.90033
1.97735
1.98864
1.93446
1.81497
1.63599
1.39836
1.0989
0.749905
0.383434
0.0173573
-0.347022
-0.706181
-1.05442
-1.38522
-1.69458
-1.97799
-2.23251
-2.45509
-2.64406
-2.79802
-2.9165
-2.99957
-3.04805
-3.06286
-3.04667
-3.00478
-2.94478
-2.87006
-2.77067
-2.66465
-2.50878
-2.39742
-2.13421
-2.13197
-1.55727
-2.09824
-0.413757
-3.13263
-9.6708
-9.73549
-9.78935
-9.82942
-9.85626
-9.86965
-9.86892
-9.85407
-9.82427
-9.77992
-9.72012
-9.64542
-9.55493
-9.44944
-9.32806
-9.19166
-9.0394
-8.87228
-8.68947
-8.49207
-8.27935
-8.05249
-7.81085
-7.55579
-7.28672
-7.00523
-6.71076
-6.40515
-6.08777
-5.76083
-5.42374
-5.07897
-4.72575
-4.36696
-4.0018
-3.63338
-3.26077
-2.88725
-2.51173
-2.13757
-1.76353
-1.39311
-1.02497
-0.662627
-0.3045
0.0459616
0.390726
0.726524
1.05512
1.37409
1.68376
1.98343
2.27164
2.54955
2.81505
3.06924
3.31017
3.53871
3.75308
3.95427
4.1408
4.31328
4.47062
4.61355
4.74073
4.85338
4.95639
5.02394
5.07072
5.11694
5.15812
5.19553
5.22825
5.25545
5.2837
5.28259
5.29379
5.48137
4.40052
8.22721
-8.35314
-8.23426
-8.14981
-8.11221
-8.09164
-8.07369
-8.06451
-8.07022
-8.09167
-8.12632
-8.17282
-8.22842
-8.28804
-8.34131
-8.37492
-8.37228
-8.31951
-8.20704
-8.03426
-7.80361
-7.5196
-7.18362
-6.80094
-6.37819
-5.92719
-5.45589
-4.97222
-4.47938
-3.98277
-3.48583
-2.99411
-2.51114
-2.04278
-1.59323
-1.16913
-0.774315
-0.412587
-0.0834776
0.210207
0.466032
0.679117
0.848009
0.970548
1.04798
1.08037
1.06918
1.01438
0.91814
0.77762
0.586088
0.349872
0.0910309
-0.177723
-0.453915
-0.731939
-1.00519
-1.26774
-1.51603
-1.74588
-1.95412
-2.13756
-2.29404
-2.42214
-2.52061
-2.58948
-2.62824
-2.63907
-2.62233
-2.58688
-2.53709
-2.46487
-2.38597
-2.2598
-2.17472
-1.94513
-1.96168
-1.43193
-1.96828
-0.360441
-3.02537
-8.47163
-8.57294
-8.66642
-8.74946
-8.82198
-8.8837
-8.93413
-8.97323
-9.00043
-9.0156
-9.01819
-9.008
-8.98446
-8.94735
-8.89619
-8.83073
-8.75064
-8.65566
-8.5456
-8.42017
-8.27945
-8.1231
-7.95145
-7.76413
-7.56179
-7.34405
-7.11184
-6.86482
-6.60418
-6.3296
-6.0427
-5.74311
-5.43266
-5.11108
-4.78059
-4.44084
-4.09436
-3.74074
-3.38278
-3.01992
-2.65509
-2.28769
-1.92075
-1.55354
-1.18927
-0.827125
-0.47036
-0.117905
0.227161
0.566031
0.896292
1.21783
1.52988
1.83119
2.12151
2.39986
2.66595
2.91859
3.15807
3.38309
3.59404
3.78973
3.97065
4.13614
4.28597
4.42021
4.5444
4.62902
4.69013
4.75163
4.80712
4.85969
4.9066
4.94901
4.98926
4.99941
5.03203
5.18751
4.22762
7.82501
-7.39556
-7.25263
-7.1381
-7.06507
-7.00639
-6.94846
-6.89529
-6.85303
-6.82265
-6.80334
-6.79446
-6.79692
-6.81063
-6.83522
-6.86791
-6.90381
-6.933
-6.9422
-6.91499
-6.83834
-6.70557
-6.51968
-6.28555
-6.00712
-5.68492
-5.32461
-4.93531
-4.52894
-4.11215
-3.68975
-3.26359
-2.83783
-2.41605
-2.00387
-1.60614
-1.23006
-0.881879
-0.568145
-0.290699
-0.0504842
0.151791
0.31408
0.437381
0.523478
0.577395
0.603142
0.605094
0.583722
0.537888
0.458572
0.333537
0.16481
-0.030618
-0.240544
-0.460392
-0.684186
-0.906063
-1.12136
-1.32681
-1.51846
-1.69293
-1.84755
-1.97972
-2.08807
-2.17108
-2.22855
-2.26021
-2.26496
-2.24973
-2.22204
-2.17307
-2.11853
-2.01916
-1.95771
-1.76012
-1.79241
-1.30869
-1.8351
-0.310018
-2.90988
-7.53343
-7.65556
-7.77011
-7.87495
-7.97072
-8.05669
-8.1329
-8.19871
-8.25416
-8.2985
-8.33184
-8.35338
-8.36324
-8.36068
-8.34581
-8.31789
-8.27703
-8.22268
-8.15484
-8.0731
-7.97741
-7.86754
-7.74339
-7.60492
-7.45192
-7.28463
-7.10282
-6.90693
-6.69667
-6.47282
-6.23513
-5.98461
-5.72093
-5.4455
-5.15806
-4.86025
-4.55187
-4.23486
-3.90903
-3.57657
-3.2373
-2.89361
-2.54527
-2.19487
-1.84216
-1.48985
-1.13765
-0.788421
-0.441855
-0.100691
0.235664
0.564729
0.886887
1.19977
1.50357
1.79636
2.07793
2.34736
2.60379
2.84698
3.07582
3.29021
3.48951
3.67383
3.84201
3.99465
4.13657
4.236
4.3103
4.38405
4.4532
4.51897
4.57955
4.634
4.68562
4.70697
4.75923
4.88286
4.05053
7.404
-6.21172
-6.0546
-5.92061
-5.82314
-5.73825
-5.65267
-5.5689
-5.49196
-5.42313
-5.36126
-5.30571
-5.2565
-5.21412
-5.1784
-5.14909
-5.12505
-5.10462
-5.08405
-5.05739
-5.01411
-4.9408
-4.82417
-4.65888
-4.4511
-4.21657
-3.96825
-3.71039
-3.44168
-3.16559
-2.88942
-2.62116
-2.36087
-2.10908
-1.86213
-1.62165
-1.38792
-1.1641
-0.953056
-0.758444
-0.579871
-0.415124
-0.262883
-0.124216
0.00163866
0.116689
0.224255
0.325856
0.418185
0.489989
0.523151
0.492198
0.37972
0.197879
-0.00823817
-0.202475
-0.387587
-0.575762
-0.766484
-0.953108
-1.13065
-1.29632
-1.44715
-1.58096
-1.69525
-1.78885
-1.8601
-1.90878
-1.93056
-1.93338
-1.92393
-1.89603
-1.86222
-1.7878
-1.74636
-1.58055
-1.62371
-1.18985
-1.69675
-0.266769
-2.78308
-6.36068
-6.49657
-6.6262
-6.74814
-6.86246
-6.96892
-7.06703
-7.15672
-7.23741
-7.30908
-7.37106
-7.42336
-7.46526
-7.49676
-7.51721
-7.52652
-7.52406
-7.50977
-7.4831
-7.44393
-7.39182
-7.32661
-7.24804
-7.15595
-7.05017
-6.93053
-6.79708
-6.64957
-6.48827
-6.31298
-6.12423
-5.92174
-5.70622
-5.47751
-5.23663
-4.98339
-4.71902
-4.44347
-4.15822
-3.86326
-3.56027
-3.24938
-2.93236
-2.60943
-2.28258
-1.95199
-1.61976
-1.28613
-0.95321
-0.621454
-0.292797
0.0322805
0.351787
0.665299
0.971046
1.26843
1.55622
1.83367
2.09962
2.35335
2.59406
2.82083
3.03346
3.23147
3.41363
3.58069
3.73655
3.84865
3.93311
4.01822
4.09866
4.17594
4.24683
4.31308
4.37417
4.40694
4.47688
4.56647
3.87391
6.95534
-4.80394
-4.65244
-4.51831
-4.41497
-4.32368
-4.23227
-4.14102
-4.05413
-3.97325
-3.89808
-3.82779
-3.76245
-3.70238
-3.64785
-3.59897
-3.55582
-3.51847
-3.48703
-3.46138
-3.4408
-3.42332
-3.40392
-3.37354
-3.31897
-3.22666
-3.09057
-2.91824
-2.72541
-2.5224
-2.30669
-2.0734
-1.82361
-1.56784
-1.31207
-1.06177
-0.818044
-0.584529
-0.364741
-0.165096
0.0110883
0.159794
0.28341
0.386616
0.471615
0.536813
0.581442
0.606179
0.611501
0.596202
0.558264
0.496192
0.413546
0.312927
0.187125
0.0371125
-0.12237
-0.284263
-0.448639
-0.612701
-0.772818
-0.925727
-1.0689
-1.19973
-1.31608
-1.41585
-1.4976
-1.55959
-1.59714
-1.61607
-1.62441
-1.61609
-1.60212
-1.55324
-1.52925
-1.39992
-1.44619
-1.07534
-1.54536
-0.235597
-2.64317
-4.94815
-5.08307
-5.21348
-5.33843
-5.45778
-5.57137
-5.67868
-5.77978
-5.87406
-5.96151
-6.04165
-6.11437
-6.17914
-6.23598
-6.28429
-6.32396
-6.35446
-6.37576
-6.38717
-6.38869
-6.37966
-6.36009
-6.32939
-6.28744
-6.23377
-6.16831
-6.09066
-6.00072
-5.89815
-5.78292
-5.65494
-5.51402
-5.36024
-5.19355
-5.01425
-4.82221
-4.61797
-4.40153
-4.1737
-3.9345
-3.68497
-3.42527
-3.15664
-2.87935
-2.5949
-2.30358
-2.00712
-1.70584
-1.40155
-1.09479
-0.787357
-0.479979
-0.174547
0.128207
0.426566
0.719612
1.00586
1.28445
1.55395
1.81352
2.06194
2.29838
2.52205
2.73215
2.92751
3.10885
3.27869
3.40336
3.49984
3.59677
3.69019
3.7796
3.86423
3.94369
4.01567
4.06361
4.15457
4.2036
3.69159
6.44462
-3.54348
-3.41316
-3.29533
-3.20114
-3.11723
-3.03384
-2.9502
-2.86934
-2.79284
-2.7209
-2.65279
-2.58863
-2.52863
-2.47329
-2.42265
-2.37713
-2.33676
-2.30203
-2.27295
-2.24966
-2.23137
-2.2167
-2.20239
-2.18387
-2.15378
-2.1018
-2.01461
-1.88123
-1.7004
-1.48558
-1.25524
-1.0173
-0.767879
-0.505172
-0.23743
0.0245308
0.273716
0.506664
0.719467
0.907725
1.06442
1.18467
1.26269
1.29931
1.29701
1.25503
1.17204
1.0504
0.898705
0.731966
0.570076
0.432874
0.327019
0.235839
0.129639
-0.000460618
-0.13877
-0.275417
-0.410653
-0.544889
-0.675645
-0.80049
-0.91705
-1.02353
-1.11797
-1.19888
-1.26478
-1.30916
-1.33773
-1.35632
-1.36181
-1.36223
-1.3326
-1.32506
-1.22149
-1.28138
-0.948375
-1.41679
-0.173715
-2.55735
-3.66997
-3.79053
-3.90823
-4.02243
-4.13312
-4.24003
-4.34292
-4.44166
-4.53587
-4.62546
-4.71001
-4.78935
-4.86309
-4.93118
-4.99308
-5.0487
-5.09761
-5.13973
-5.17453
-5.20196
-5.22138
-5.23287
-5.23581
-5.23011
-5.21519
-5.19111
-5.15724
-5.11364
-5.05966
-4.99538
-4.92032
-4.83449
-4.73744
-4.62931
-4.50972
-4.37873
-4.23624
-4.08229
-3.91692
-3.74024
-3.55252
-3.35393
-3.14493
-2.92579
-2.69718
-2.45962
-2.21399
-1.96086
-1.70131
-1.43608
-1.16644
-0.893228
-0.617902
-0.3414
-0.0651644
0.209662
0.481611
0.749491
1.01186
1.26753
1.51516
1.75364
1.98183
2.19868
2.40262
2.59447
2.77551
2.9112
3.01781
3.12637
3.23132
3.33422
3.432
3.52589
3.60964
3.67368
3.7879
3.81775
3.42912
6.0335
-2.59306
-2.48026
-2.3758
-2.28845
-2.20902
-2.13004
-2.04994
-1.97072
-1.89357
-1.8189
-1.74602
-1.675
-1.60566
-1.5384
-1.47296
-1.4096
-1.34796
-1.28827
-1.23015
-1.1737
-1.11841
-1.06419
-1.01036
-0.95666
-0.902099
-0.84596
-0.786314
-0.720261
-0.641331
-0.540814
-0.412992
-0.265437
-0.116921
0.0184843
0.14451
0.269568
0.395062
0.51553
0.628861
0.73355
0.828672
0.912074
0.977683
1.02081
1.03901
1.03373
1.00735
0.959989
0.892238
0.806115
0.705218
0.593806
0.476188
0.357222
0.238751
0.11586
-0.0114158
-0.136476
-0.256318
-0.373234
-0.487078
-0.596434
-0.699261
-0.794547
-0.880568
-0.956774
-1.02057
-1.06704
-1.09965
-1.12485
-1.13822
-1.14928
-1.13268
-1.13838
-1.05443
-1.1269
-0.823784
-1.29686
-0.104959
-2.4777
-2.70349
-2.81022
-2.91514
-3.01781
-3.11813
-3.21594
-3.31102
-3.40323
-3.49234
-3.57826
-3.66061
-3.73934
-3.81412
-3.88488
-3.9512
-4.01303
-4.06997
-4.12193
-4.16853
-4.20965
-4.24477
-4.27392
-4.29657
-4.31266
-4.32168
-4.32355
-4.31769
-4.30412
-4.2822
-4.25194
-4.21277
-4.16469
-4.1071
-4.04013
-3.96315
-3.87631
-3.77914
-3.67179
-3.55388
-3.42561
-3.2868
-3.13765
-2.97818
-2.80859
-2.62915
-2.44021
-2.24217
-2.03549
-1.82079
-1.59865
-1.36995
-1.13541
-0.896036
-0.652862
-0.406875
-0.159405
0.088513
0.335422
0.580174
0.821248
1.05748
1.28737
1.50998
1.72371
1.92713
2.12073
2.30526
2.44497
2.55685
2.67028
2.78245
2.89235
2.99924
3.1022
3.19567
3.27237
3.40705
3.42694
3.14058
5.62541
-2.00799
-1.91399
-1.82656
-1.75239
-1.68483
-1.61809
-1.55024
-1.48255
-1.41613
-1.35142
-1.28789
-1.2255
-1.1641
-1.10395
-1.04488
-0.987123
-0.930406
-0.874896
-0.82028
-0.766681
-0.713776
-0.661732
-0.610204
-0.559353
-0.508734
-0.458403
-0.407719
-0.356295
-0.302669
-0.245004
-0.178907
-0.0971899
0.00748476
0.131221
0.256459
0.36578
0.459902
0.547854
0.633381
0.713105
0.784788
0.848405
0.902843
0.945305
0.971714
0.977525
0.9621
0.927848
0.877237
0.810475
0.728777
0.633909
0.528632
0.417134
0.305501
0.196604
0.0887022
-0.0197958
-0.125224
-0.226401
-0.324087
-0.418759
-0.508811
-0.593288
-0.670706
-0.740857
-0.801158
-0.847257
-0.883027
-0.911872
-0.931862
-0.949649
-0.944186
-0.95954
-0.893337
-0.974959
-0.701116
-1.17347
-0.0366391
-2.38032
-2.09921
-2.18783
-2.27503
-2.36051
-2.44432
-2.52624
-2.60627
-2.68413
-2.7599
-2.83329
-2.90428
-2.97263
-3.03829
-3.10101
-3.16067
-3.21706
-3.27003
-3.31934
-3.36481
-3.40623
-3.44334
-3.47601
-3.5039
-3.52693
-3.54468
-3.55711
-3.56372
-3.56455
-3.55904
-3.54721
-3.52853
-3.503
-3.47002
-3.42968
-3.38134
-3.3251
-3.26039
-3.18729
-3.10529
-3.0145
-2.91447
-2.80538
-2.68689
-2.55921
-2.42215
-2.27601
-2.1208
-1.95693
-1.78457
-1.60431
-1.41651
-1.22191
-1.02107
-0.814938
-0.604116
-0.389858
-0.17284
0.045522
0.264348
0.482111
0.697792
0.909921
1.11755
1.31904
1.51279
1.69932
1.87778
2.01501
2.12496
2.23854
2.35075
2.46288
2.5719
2.67964
2.77608
2.86411
3.01205
3.02738
2.83321
5.16832
-1.63859
-1.56663
-1.49879
-1.44012
-1.38673
-1.33452
-1.28139
-1.22804
-1.1753
-1.12375
-1.07293
-1.02285
-0.973298
-0.924561
-0.876411
-0.829056
-0.782211
-0.736049
-0.690246
-0.64493
-0.599749
-0.554883
-0.510014
-0.465302
-0.42035
-0.37528
-0.329607
-0.283294
-0.23566
-0.186441
-0.134502
-0.0786784
-0.0157663
0.0595716
0.153865
0.264002
0.372909
0.463023
0.534817
0.596907
0.652945
0.701347
0.741432
0.773181
0.795954
0.80655
0.801303
0.777171
0.736212
0.680544
0.612701
0.534357
0.449174
0.360312
0.272495
0.18836
0.107311
0.0260105
-0.0541517
-0.131938
-0.206934
-0.281306
-0.354548
-0.425792
-0.492707
-0.555129
-0.609885
-0.654325
-0.69048
-0.721438
-0.743933
-0.766264
-0.767681
-0.79058
-0.737909
-0.826075
-0.577738
-1.04646
0.0353214
-2.26576
-1.70894
-1.77771
-1.84578
-1.91284
-1.97897
-2.04394
-2.10776
-2.17021
-2.2313
-2.29083
-2.34878
-2.40493
-2.45925
-2.51154
-2.56173
-2.60964
-2.65515
-2.69806
-2.73823
-2.77551
-2.80969
-2.84059
-2.86796
-2.89169
-2.91147
-2.92721
-2.93854
-2.94541
-2.94743
-2.94456
-2.93636
-2.92282
-2.90345
-2.8783
-2.8468
-2.80904
-2.76449
-2.71322
-2.6547
-2.58906
-2.51576
-2.435
-2.34633
-2.24991
-2.1454
-2.03304
-1.91263
-1.78445
-1.64841
-1.50495
-1.35411
-1.19654
-1.03235
-0.862501
-0.687093
-0.507421
-0.323686
-0.137392
0.0511236
0.240181
0.429301
0.616798
0.80217
0.983435
1.15957
1.33019
1.49498
1.62188
1.72545
1.83203
1.93957
2.04636
2.15302
2.25738
2.35436
2.44749
2.60214
2.61183
2.497
4.67201
-1.30972
-1.25854
-1.20931
-1.1656
-1.12573
-1.08718
-1.04782
-1.00795
-0.968147
-0.929049
-0.890206
-0.851747
-0.813378
-0.775461
-0.737654
-0.700211
-0.662742
-0.625541
-0.588224
-0.551054
-0.513577
-0.47606
-0.438084
-0.399946
-0.361182
-0.322059
-0.282104
-0.241527
-0.199792
-0.15699
-0.11241
-0.0659322
-0.0164634
0.0369117
0.0968491
0.167586
0.254572
0.353228
0.446044
0.517517
0.569837
0.610959
0.64427
0.669049
0.685737
0.694238
0.694009
0.681049
0.652592
0.607493
0.548474
0.477525
0.398243
0.313769
0.23013
0.152386
0.083381
0.0181666
-0.0447595
-0.104651
-0.160152
-0.213325
-0.265349
-0.317363
-0.367776
-0.416585
-0.460507
-0.498293
-0.530998
-0.559082
-0.580815
-0.602632
-0.608122
-0.633357
-0.590706
-0.680782
-0.454492
-0.914748
0.11442
-2.13158
-1.36049
-1.41044
-1.4601
-1.50922
-1.55793
-1.60602
-1.65354
-1.70029
-1.74634
-1.79148
-1.83573
-1.87889
-1.92094
-1.96175
-2.00125
-2.03931
-2.07583
-2.11068
-2.14376
-2.17495
-2.20407
-2.23102
-2.25559
-2.27768
-2.29704
-2.3136
-2.327
-2.33726
-2.34398
-2.34718
-2.34642
-2.34174
-2.3327
-2.31934
-2.30114
-2.2782
-2.25
-2.2166
-2.1775
-2.13277
-2.0819
-2.02498
-1.96157
-1.89174
-1.81509
-1.73179
-1.64149
-1.54445
-1.44038
-1.32975
-1.21232
-1.08877
-0.958913
-0.823677
-0.682884
-0.537754
-0.388147
-0.235492
-0.0797543
0.0774618
0.235991
0.39427
0.551995
0.707405
0.859628
1.0084
1.15262
1.2646
1.35552
1.45114
1.54672
1.64423
1.74066
1.83842
1.92805
2.02128
2.17166
2.17685
2.12207
4.13447
-1.34525
-1.31291
-1.28081
-1.25135
-1.22465
-1.19936
-1.17339
-1.14676
-1.11995
-1.09359
-1.06724
-1.041
-1.01455
-0.988255
-0.961812
-0.935389
-0.908654
-0.881867
-0.854771
-0.827556
-0.799904
-0.771981
-0.743495
-0.714604
-0.685023
-0.654909
-0.623932
-0.592238
-0.559489
-0.525818
-0.490814
-0.454594
-0.416597
-0.376726
-0.334062
-0.287959
-0.23591
-0.17431
-0.0993849
-0.0187667
0.0506395
0.098112
0.129154
0.149969
0.163366
0.169443
0.170604
0.166985
0.158992
0.144254
0.124222
0.102173
0.0830062
0.0676353
0.0570806
0.049936
0.0464604
0.0400885
0.0230671
-0.00582606
-0.0413087
-0.0840594
-0.132591
-0.184535
-0.234978
-0.282596
-0.323359
-0.358233
-0.388931
-0.415423
-0.434614
-0.455846
-0.461187
-0.487178
-0.449447
-0.539767
-0.329766
-0.777101
0.199173
-1.95524
-1.37737
-1.40887
-1.44024
-1.47126
-1.502
-1.53235
-1.56233
-1.59181
-1.62078
-1.64916
-1.6769
-1.70391
-1.73012
-1.75547
-1.77985
-1.80318
-1.82537
-1.84635
-1.866
-1.88425
-1.90095
-1.91606
-1.92944
-1.94095
-1.95046
-1.95788
-1.96301
-1.96574
-1.9659
-1.96336
-1.95794
-1.94951
-1.93788
-1.92294
-1.90448
-1.88245
-1.8566
-1.82687
-1.793
-1.75503
-1.71262
-1.66584
-1.61434
-1.55825
-1.49719
-1.43137
-1.36039
-1.28455
-1.20347
-1.11756
-1.02642
-0.930703
-0.829933
-0.72506
-0.615503
-0.502546
-0.385525
-0.266015
-0.143398
-0.0194095
0.106408
0.23234
0.358729
0.483547
0.606804
0.727592
0.845221
0.935184
1.00919
1.08627
1.1656
1.24538
1.32769
1.4101
1.48839
1.57175
1.71437
1.7092
1.69257
3.53065
-0.878377
-0.860071
-0.841072
-0.822665
-0.80629
-0.791351
-0.775849
-0.759453
-0.742683
-0.726084
-0.709353
-0.692382
-0.674995
-0.6574
-0.639465
-0.621227
-0.602458
-0.583272
-0.563514
-0.543302
-0.5224
-0.500905
-0.478565
-0.455498
-0.431403
-0.40645
-0.38023
-0.352866
-0.323946
-0.293611
-0.261344
-0.227305
-0.190931
-0.152278
-0.110604
-0.0656379
-0.0161594
0.0387432
0.10196
0.176964
0.264107
0.350799
0.421111
0.470734
0.507495
0.535947
0.556758
0.568794
0.57174
0.561649
0.533896
0.483201
0.410597
0.319968
0.221942
0.126604
0.0461669
-0.0142992
-0.0600605
-0.105033
-0.147091
-0.177201
-0.193016
-0.202971
-0.213223
-0.227362
-0.24184
-0.258938
-0.277334
-0.2929
-0.305225
-0.318981
-0.321975
-0.343672
-0.309313
-0.394975
-0.199784
-0.623508
0.291515
-1.70146
-0.896389
-0.914166
-0.931987
-0.949668
-0.96735
-0.984906
-1.00242
-1.01974
-1.03698
-1.05402
-1.07093
-1.08758
-1.10402
-1.12014
-1.13597
-1.15139
-1.1664
-1.18091
-1.19492
-1.2083
-1.22102
-1.23303
-1.24428
-1.25465
-1.26407
-1.27249
-1.27978
-1.28585
-1.29058
-1.29385
-1.29553
-1.2955
-1.2936
-1.28968
-1.2836
-1.27523
-1.26439
-1.25094
-1.23468
-1.21553
-1.19324
-1.16773
-1.13879
-1.10635
-1.07017
-1.03021
-0.986264
-0.938368
-0.886266
-0.830168
-0.76979
-0.70559
-0.637156
-0.565314
-0.489415
-0.410705
-0.328353
-0.243925
-0.156524
-0.0678977
0.0227162
0.113699
0.205628
0.296843
0.387553
0.477336
0.564976
0.631604
0.686318
0.745276
0.804012
0.865628
0.926524
0.989704
1.04512
1.11176
1.22905
1.21448
1.20362
2.81977
-1.2646
-1.26324
-1.26098
-1.25829
-1.25766
-1.25883
-1.25981
-1.25984
-1.25971
-1.25986
-1.26034
-1.26068
-1.26094
-1.26102
-1.2611
-1.26102
-1.26088
-1.26056
-1.26015
-1.25961
-1.25907
-1.25848
-1.25788
-1.25733
-1.25682
-1.25651
-1.25641
-1.25662
-1.25723
-1.25857
-1.26066
-1.26394
-1.2687
-1.27547
-1.28475
-1.29734
-1.31375
-1.33516
-1.36262
-1.39773
-1.44197
-1.49685
-1.56925
-1.67546
-1.82165
-1.98488
-2.1236
-2.20271
-2.1996
-2.1033
-1.90891
-1.62068
-1.24569
-0.80223
-0.320788
0.146049
0.542819
0.818494
0.945668
0.91855
0.767258
0.548899
0.331158
0.158979
0.0431725
-0.0344127
-0.085488
-0.120984
-0.148793
-0.170261
-0.181877
-0.194934
-0.195291
-0.213794
-0.180981
-0.256696
-0.0852642
-0.442778
0.31965
-1.23711
-1.26484
-1.26442
-1.26393
-1.263
-1.26206
-1.26063
-1.25914
-1.25715
-1.25509
-1.25246
-1.24972
-1.24633
-1.2428
-1.23854
-1.23407
-1.22876
-1.22319
-1.21668
-1.20981
-1.20194
-1.19361
-1.18412
-1.17412
-1.1629
-1.1511
-1.13799
-1.12423
-1.10908
-1.09322
-1.07598
-1.05792
-1.03841
-1.01801
-0.996205
-0.973412
-0.949208
-0.923994
-0.897444
-0.869853
-0.840995
-0.811072
-0.78
-0.747871
-0.714699
-0.680456
-0.645287
-0.608943
-0.571728
-0.533241
-0.49403
-0.453331
-0.412097
-0.369025
-0.32563
-0.280155
-0.234592
-0.186739
-0.138942
-0.0889101
-0.0390614
0.0127691
0.064266
0.117217
0.169148
0.221299
0.271663
0.319811
0.351357
0.376347
0.400035
0.425243
0.449348
0.477153
0.507922
0.539673
0.583649
0.681132
0.668289
0.628601
1.888
0.117523
0.103834
0.0941857
0.0895243
0.085304
0.0796579
0.0744414
0.0706905
0.068458
0.0669245
0.0662614
0.0664594
0.0680009
0.0706326
0.0746011
0.0796398
0.086138
0.0939381
0.10337
0.114272
0.126895
0.141142
0.157322
0.175376
0.195623
0.218078
0.24301
0.270635
0.301186
0.334915
0.372256
0.413583
0.459375
0.510256
0.566959
0.63002
0.700202
0.777443
0.862452
0.956489
1.06616
1.20535
1.40023
1.6789
2.05382
2.49524
2.94216
3.32279
3.58184
3.67542
3.57831
3.2734
2.7631
2.06124
1.21484
0.29664
-0.589072
-1.33484
-1.83246
-2.01336
-1.87204
-1.49581
-1.03799
-0.649694
-0.387299
-0.229466
-0.132806
-0.0836371
-0.058122
-0.0411968
-0.0296463
-0.0257606
-0.0187133
-0.0281284
-0.00502705
-0.0551593
0.0489579
-0.157483
0.279561
-0.528357
0.130188
0.142202
0.153168
0.163339
0.172497
0.180854
0.188204
0.194625
0.20002
0.204489
0.20787
0.210238
0.211448
0.211643
0.210622
0.208533
0.205165
0.200747
0.195039
0.188211
0.180097
0.170992
0.160563
0.149172
0.136502
0.122988
0.108248
0.0928378
0.0762691
0.0591712
0.0411429
0.0228301
0.00382166
-0.015278
-0.0346856
-0.0538599
-0.0729353
-0.0915307
-0.109492
-0.126636
-0.142585
-0.157502
-0.170592
-0.182419
-0.191844
-0.199901
-0.204981
-0.20861
-0.208798
-0.207598
-0.202748
-0.196844
-0.187057
-0.176696
-0.162467
-0.148347
-0.130633
-0.113739
-0.0939834
-0.0756955
-0.0556789
-0.0374289
-0.0183657
-0.000516318
0.0186099
0.0391771
0.0618279
0.0802793
0.097833
0.120755
0.14486
0.169248
0.190104
0.204596
0.207782
0.206647
0.220548
0.183392
0.143394
0.686804
)
;

boundaryField
{
    inlet
    {
        type            freestreamPressure;
        freestreamValue uniform 0;
        value           nonuniform List<scalar> 
134
(
5.59367
4.88398
4.04189
3.1754
2.38854
1.66023
1.0586
0.606747
0.292415
0.0683966
0.020808
0.0278342
0.0180337
-0.0112676
-0.0553075
-0.110608
-0.175414
-0.248493
-0.329111
-0.417271
6.20602
-0.513719
-0.618767
-0.728654
-0.833806
-0.917128
-0.9688
-1.0456
-1.06328
-1.09784
-1.34769
-1.24702
-1.26723
-1.30493
-1.33525
-1.356
-1.37627
-1.4107
-1.48187
-1.55847
6.70453
7.12341
7.32478
7.18954
6.58733
5.30741
3.11287
-1.73377
-1.69914
-1.64567
-1.61466
-1.59269
-1.56577
-1.53396
-1.50123
-1.46837
-1.43474
-1.39965
-1.36335
-1.32584
-1.28714
-1.24678
-1.20426
-1.15844
-1.10811
-1.05252
-1.01845
-0.986834
-0.948133
-0.90256
-0.849142
-0.778897
-0.677766
-0.492715
-0.210424
1.32303
2.57497
3.76792
4.79991
5.70885
6.50574
7.13557
7.57862
7.86754
8.02043
8.07357
8.05987
8.00896
7.94114
7.88695
7.89704
7.99434
8.10209
8.16359
8.18822
8.19104
8.17515
8.13752
8.07715
7.99514
7.89516
7.78337
7.67268
7.5984
7.60739
7.82304
7.88559
7.67232
7.42666
7.23635
7.06509
6.88074
6.68646
6.48772
6.28823
6.08347
5.8756
5.661
5.44274
5.2165
4.98431
4.74112
4.48651
4.21511
3.90604
3.65736
3.41048
3.13386
2.8334
2.50787
2.14204
1.71113
1.14595
0.417002
)
;
    }
    outlet
    {
        type            freestreamPressure;
        freestreamValue uniform 0;
        value           nonuniform List<scalar> 
160
(
0.00130757
0.00145059
0.00115375
0.00158653
0.00104556
0.00171067
0.000993689
0.00182594
0.000946665
0.00192981
0.000883597
0.00202465
0.000825627
0.00210809
0.000784342
0.002181
0.000760239
0.00224225
0.000744
0.00229296
0.000737608
0.00233126
0.000740909
0.00235801
0.000759314
0.00237153
0.000789873
0.00237349
0.000835342
0.00236155
0.000892663
0.00233745
0.00096619
0.00229876
0.00105407
0.00224814
0.00115996
0.00218284
0.00128196
0.00210486
0.00142284
0.0020123
0.00158144
0.00190858
0.00176114
0.0017899
0.00196118
0.00166046
0.00218508
0.00151664
0.00243289
0.00136346
0.00270753
0.00119658
0.00301128
0.00102237
0.00334661
0.000835301
0.00371619
0.000642555
0.00412466
0.000439592
0.00457596
0.000233771
0.00507518
2.04409e-05
0.00562895
-0.000193535
0.00624512
-0.000410606
0.00692949
-0.000624649
0.00769056
-0.000837185
0.00852809
-0.00104393
0.00944984
-0.00124315
0.0104673
-0.00143283
0.0116456
-0.00160874
0.0131233
-0.00177275
0.0151706
-0.00191599
0.0180831
-0.00204485
0.0220102
-0.00214662
0.0266868
-0.00223296
0.0315398
-0.00228595
0.0358521
-0.00232272
0.0390042
-0.0023212
0.0404146
-0.00230434
0.0396594
-0.00224712
0.0364166
-0.00217846
0.0306691
-0.00206713
0.0226685
-0.00194984
0.0131621
-0.00179031
0.00317972
-0.00163249
-0.00606737
-0.00143568
-0.0135544
-0.00124845
-0.0183844
-0.0010304
-0.0200531
-0.00082902
-0.0185821
-0.000609244
-0.0148342
-0.000409258
-0.0103005
-0.000200776
-0.0064568
-5.82834e-06
-0.00385475
0.000202897
-0.00228526
0.000427311
-0.00132192
0.000674613
-0.000830845
0.000876493
-0.000576113
0.00106867
-0.000407325
0.00132004
-0.000292481
0.00158516
-0.000254522
0.00185464
-0.000184786
0.0020871
-0.00028057
0.00225175
-4.8589e-05
0.00229407
-0.0005549
0.00228991
0.000500995
0.00245428
-0.00157809
0.00205497
0.00293009
0.00161564
-0.0050773
0.00774179
)
;
    }
    walls
    {
        type            zeroGradient;
    }
    frontAndBack
    {
        type            empty;
    }
}


// ************************************************************************* //
