/*--------------------------------*- C++ -*----------------------------------*\
| =========                 |                                                 |
| \\      /  F ield         | OpenFOAM: The Open Source CFD Toolbox           |
|  \\    /   O peration     | Version:  2412                                  |
|   \\  /    A nd           | Website:  www.openfoam.com                      |
|    \\/     M anipulation  |                                                 |
\*---------------------------------------------------------------------------*/
FoamFile
{
    version     2.0;
    format      ascii;
    arch        "LSB;label=32;scalar=64";
    class       volScalarField;
    location    "400";
    object      p;
}
// * * * * * * * * * * * * * * * * * * * * * * * * * * * * * * * * * * * * * //

dimensions      [0 2 -2 0 0 0 0];

internalField   nonuniform List<scalar> 
10720
(
306.356
277.997
239.612
193.408
141.106
81.9077
20.9687
-39.318
-98.722
-154.054
-205.033
-251.368
-292.674
-328.976
-360.102
-385.509
-405.552
-419.158
-427.206
-428.656
-423.938
-412.255
-395.475
-374.599
-352.185
-330.582
-307.958
-283.348
-258.712
-234.659
-210.572
-186.061
-160.935
-134.961
-107.914
-78.9448
-47.1836
-7.22294
41.0787
327.955
341.81
347.457
345.866
333.811
307.707
270.218
226.23
180.925
137.557
99.7965
69.5663
45.4635
26.3813
11.6241
-0.928798
-11.7527
-21.807
-31.5284
-41.6706
-52.1256
-63.2375
-74.7143
-85.8442
-93.9531
-97.8577
-99.0976
-98.0176
-94.774
-89.6144
-82.7665
-74.3612
-64.4805
-53.0825
-40.0565
-24.8123
-6.39852
19.4014
57.7946
298.731
277.463
249.321
214.421
173.574
127.017
76.6632
24.2283
-29.119
-81.566
-132.003
-179.563
-223.504
-263.296
-298.433
-328.39
-353.068
-371.834
-384.836
-391.105
-390.908
-384.094
-372.092
-355.899
-337.361
-318.682
-298.978
-277.064
-254.253
-231.299
-207.956
-183.992
-159.275
-133.626
-106.844
-78.0915
-46.5124
-6.68245
40.7108
314.686
325.895
331.593
330.36
320.284
300.515
272.402
238.508
201.812
164.95
130.504
100.187
74.1019
51.9928
33.5164
17.6161
3.73792
-8.81732
-20.5724
-32.1505
-43.6589
-55.3582
-67.0484
-78.0522
-86.2785
-90.6404
-92.389
-92.2061
-90.0773
-85.919
-79.8548
-72.0568
-62.6519
-51.6293
-38.8925
-23.8672
-5.62804
20.0474
57.3453
282.661
264.431
240.094
209.475
173.355
131.665
85.5445
36.5954
-13.9121
-64.5898
-113.999
-161.151
-205.188
-245.411
-281.233
-312.183
-337.887
-357.769
-371.543
-378.854
-379.894
-374.627
-364.043
-349.167
-331.703
-313.581
-294.377
-273.051
-250.69
-228.161
-205.31
-181.841
-157.583
-132.331
-105.862
-77.3412
-45.9349
-6.33422
40.1534
296.173
305.595
310.633
310.128
302.453
286.815
263.704
234.769
202.268
168.476
135.611
105.488
78.8974
55.9387
36.4291
19.7485
5.25827
-7.67394
-19.6139
-31.1257
-42.457
-53.8029
-65.0198
-75.5167
-83.6566
-88.3535
-90.3699
-90.3185
-88.2211
-84.0777
-78.0888
-70.4494
-61.2598
-50.4699
-37.9446
-23.0948
-4.99813
20.4722
56.5885
264.298
248.889
228.304
202.45
171.978
136.478
96.8363
54.1798
9.39778
-36.3589
-81.904
-126.291
-168.617
-208.106
-244.033
-275.802
-302.848
-324.621
-340.695
-350.929
-355.179
-353.423
-346.294
-334.695
-320.009
-303.863
-286.262
-266.533
-245.555
-224.147
-202.202
-179.441
-155.729
-130.902
-104.759
-76.4992
-45.3227
-6.08685
39.4266
275.814
283.923
288.534
288.627
282.809
270.408
251.659
227.802
200.53
171.529
142.58
115.209
90.2182
67.9054
48.2787
31.027
15.7081
1.86429
-10.9577
-23.205
-35.1306
-46.876
-58.3228
-68.9449
-77.4241
-82.7406
-85.3973
-85.9612
-84.5174
-81.0549
-75.7077
-68.6146
-59.8501
-49.3747
-37.0733
-22.3845
-4.42462
20.7837
55.6831
245.639
232.208
214.216
191.593
164.989
133.774
98.6315
60.4471
19.8174
-22.2816
-64.844
-106.995
-147.818
-186.481
-222.208
-254.31
-282.135
-305.108
-322.727
-334.707
-340.783
-340.907
-335.599
-325.756
-312.629
-297.636
-281.015
-262.295
-242.118
-221.258
-199.725
-177.312
-153.92
-129.402
-103.549
-75.5623
-44.6632
-5.88912
38.5167
255.735
262.896
267.22
267.786
263.412
253.5
238.086
218.098
194.837
169.558
143.689
118.524
94.836
73.0609
53.3921
35.7599
19.9129
5.53516
-7.73178
-20.2555
-32.2948
-43.9815
-55.2282
-65.5936
-74.04
-79.6565
-82.6656
-83.5602
-82.4212
-79.2284
-74.0967
-67.1764
-58.5632
-48.2364
-36.0824
-21.5443
-3.75956
21.0995
54.6877
227.618
215.74
199.839
179.89
156.559
129.099
98.0835
64.222
27.8891
-10.1204
-49.0001
-88.019
-126.335
-163.148
-197.698
-229.256
-257.115
-280.656
-299.308
-312.669
-320.567
-322.929
-320.073
-312.711
-301.842
-288.626
-273.458
-256.093
-237.061
-217.108
-196.338
-174.583
-151.752
-127.703
-102.236
-74.5793
-44.0069
-5.77687
37.4164
236.621
243.088
247.214
248.152
244.886
236.902
224.13
207.305
187.485
165.622
142.862
120.289
98.5607
78.1242
59.2467
41.975
26.1896
11.6929
-1.77552
-14.4962
-26.6864
-38.4492
-49.7027
-60.0529
-68.6475
-74.6685
-78.1552
-79.5111
-78.8368
-76.1112
-71.4326
-64.94
-56.7207
-46.7462
-34.8929
-20.6091
-3.07073
21.3675
53.5971
210.633
199.964
185.705
167.857
147.11
122.65
94.9725
64.6756
31.9612
-2.51467
-38.1137
-74.2472
-110.162
-145.124
-178.407
-209.268
-236.979
-260.886
-280.368
-294.992
-304.437
-308.577
-307.557
-302.006
-292.814
-280.979
-266.976
-250.729
-232.676
-213.498
-193.363
-172.148
-149.773
-126.113
-100.978
-73.6196
-43.3708
-5.73799
36.1657
218.789
224.725
228.702
229.933
227.537
221.069
210.398
196.119
179.116
160.122
140.063
119.842
99.9936
80.9225
62.9239
46.115
30.4815
15.9421
2.33651
-10.5253
-22.8056
-34.5759
-45.7581
-56.0118
-64.6457
-70.9396
-74.8056
-76.5307
-76.2157
-73.843
-69.496
-63.3029
-55.3464
-45.5996
-33.9398
-19.8305
-2.49068
21.5188
52.4079
194.809
185.111
172.189
156.067
137.448
115.501
90.6671
63.4688
33.9986
2.78832
-29.646
-62.8485
-96.1784
-128.987
-160.602
-190.314
-217.399
-241.186
-261.036
-276.453
-287.069
-292.741
-293.515
-289.863
-282.499
-272.237
-259.577
-244.583
-227.634
-209.35
-189.952
-169.366
-147.529
-124.331
-99.5916
-72.5915
-42.7162
-5.75333
34.8117
202.29
207.804
211.663
213.125
211.419
206.158
197.177
184.975
170.309
153.76
136.093
118.066
100.103
82.5499
65.6881
49.6574
34.5098
20.2396
6.7649
-6.03139
-18.2573
-29.9532
-41.0385
-51.2108
-59.8846
-66.4237
-70.6477
-72.7518
-72.8332
-70.8741
-66.935
-61.1262
-53.5214
-44.0919
-32.7137
-18.8644
-1.80779
21.6686
51.1815
180.158
171.254
159.433
144.738
127.879
108.028
85.5887
61.0315
34.3676
6.0428
-23.5319
-54.0145
-84.8652
-115.526
-145.399
-173.821
-200.096
-223.561
-243.565
-259.582
-271.185
-278.171
-280.47
-278.425
-272.638
-263.789
-252.365
-238.53
-222.622
-205.197
-186.514
-166.545
-145.243
-122.51
-98.1764
-71.5543
-42.0802
-5.84359
33.3657
187.084
192.256
196.013
197.659
196.505
192.217
184.612
174.115
161.387
146.905
131.309
115.243
99.0389
82.977
67.3064
52.1617
37.6279
23.7507
10.5074
-2.15129
-14.2777
-25.8759
-36.8568
-46.9448
-55.6396
-62.3789
-66.9266
-69.3848
-69.831
-68.2407
-64.6599
-59.1856
-51.8863
-42.7333
-31.6034
-17.9913
-1.21076
21.7126
49.8833
166.629
158.387
147.49
133.999
118.62
100.545
80.1505
57.8709
33.6639
7.90956
-19.0653
-47.0065
-75.4623
-103.973
-132.014
-158.977
-184.219
-207.098
-226.969
-243.284
-255.576
-263.606
-267.239
-266.681
-262.408
-254.968
-244.81
-232.159
-217.326
-200.807
-182.886
-163.575
-142.843
-120.606
-96.7075
-70.4958
-41.4629
-6.01372
31.8298
173.089
177.973
181.642
183.43
182.723
179.227
172.757
163.672
152.562
139.833
126.028
111.705
97.123
82.5024
68.0539
53.8935
40.114
26.7874
13.9341
1.55375
-10.3588
-21.7757
-32.5963
-42.5662
-51.2438
-58.1273
-62.9462
-65.7258
-66.5222
-65.3065
-62.1073
-57.0024
-50.049
-41.2155
-30.3772
-17.0487
-0.596217
21.7028
48.5268
154.148
146.471
136.362
123.896
109.778
93.2212
74.5838
54.2699
32.2088
8.72757
-15.9123
-41.5283
-67.7451
-94.1832
-120.396
-145.845
-169.939
-192.074
-211.622
-228.033
-240.819
-249.685
-254.448
-255.183
-252.264
-246.132
-237.183
-225.673
-211.891
-196.279
-179.127
-160.486
-140.342
-118.622
-95.1837
-69.4137
-40.864
-6.26163
30.2061
160.21
164.847
168.43
170.33
169.989
167.147
161.617
153.712
143.964
132.723
120.464
107.676
94.5625
81.2928
68.0412
54.896
41.9402
29.2567
16.8907
4.87748
-6.75129
-17.9378
-28.5704
-38.4076
-47.0491
-54.042
-59.0985
-62.1792
-63.3098
-62.4506
-59.6139
-54.8602
-48.2376
-39.712
-29.1605
-16.1204
-0.0134828
21.6237
47.118
142.636
135.447
126.02
114.442
101.41
86.1644
69.0508
50.4499
30.2707
8.80297
-13.7411
-37.2346
-61.3676
-85.8339
-110.255
-134.159
-157.019
-178.274
-197.327
-213.635
-226.699
-236.183
-241.877
-243.745
-242.06
-237.165
-229.394
-219.006
-206.271
-191.578
-175.217
-157.27
-137.737
-116.56
-93.6084
-68.3136
-40.2877
-6.58826
28.4991
148.353
152.774
156.275
158.258
158.219
155.918
151.176
144.265
135.669
125.7
114.776
103.334
91.5383
79.518
67.4122
55.2812
43.1916
31.2229
19.4315
7.8741
-3.38973
-14.2798
-24.676
-34.3437
-42.9121
-49.9656
-55.2099
-58.5537
-59.9925
-59.4768
-57.0009
-52.6067
-46.3301
-38.1326
-27.8921
-15.1705
0.553629
21.4811
45.6601
132.015
125.254
116.425
105.622
93.5365
79.4355
63.6533
46.5528
28.0316
8.34741
-12.32
-33.8891
-56.102
-78.7138
-101.411
-123.787
-145.376
-165.665
-184.096
-200.146
-213.316
-223.238
-229.679
-232.512
-231.921
-228.165
-221.513
-212.208
-200.499
-186.724
-171.167
-153.929
-135.029
-114.418
-91.9818
-67.1962
-39.7349
-6.99039
26.7137
137.426
141.656
145.075
147.12
147.328
145.482
141.403
135.335
127.72
118.842
109.074
98.8125
88.1932
77.3137
66.2831
55.1367
43.9221
32.7086
21.552
10.5169
-0.319717
-10.8618
-20.9812
-30.4486
-38.9138
-45.99
-51.382
-54.9597
-56.6852
-56.4964
-54.3688
-50.3266
-44.3932
-36.5262
-26.6051
-14.2189
1.09548
21.2751
44.159
122.21
115.829
107.529
97.4117
86.1587
73.066
58.4557
42.6782
25.6232
7.52555
-11.461
-31.2874
-51.7401
-72.6228
-93.6828
-114.571
-134.877
-154.144
-171.855
-187.514
-200.633
-210.825
-217.835
-221.479
-221.851
-219.138
-213.545
-205.285
-194.578
-181.721
-166.976
-150.465
-132.218
-112.197
-90.3041
-66.0623
-39.2073
-7.46374
24.8579
127.348
131.403
134.743
136.83
137.242
135.777
132.263
126.914
120.141
112.202
103.439
94.2126
84.6388
74.7927
64.7598
54.5538
44.2028
33.7615
23.278
12.8165
2.46137
-7.68275
-17.4824
-26.7135
-35.0402
-42.0967
-47.5917
-51.3654
-53.3491
-53.4679
-51.6778
-47.985
-42.3994
-34.8731
-25.2875
-13.2602
1.61351
21.0105
42.6207
113.151
107.111
99.2841
89.7795
79.2664
67.0678
53.4977
38.8934
23.1425
6.46196
-11.0161
-29.2663
-48.111
-67.3961
-86.9139
-106.371
-125.409
-143.625
-160.551
-175.718
-188.657
-198.974
-206.394
-210.701
-211.904
-210.13
-205.526
-198.261
-188.528
-176.578
-162.652
-146.881
-129.306
-109.899
-88.5767
-64.9137
-38.7057
-8.00488
22.9409
118.042
121.935
125.196
127.312
127.891
126.748
123.717
118.986
112.939
105.814
97.9264
89.6089
80.9639
72.0496
62.9342
53.6136
44.0983
34.4259
24.6333
14.779
4.94653
-4.75705
-14.1984
-23.1594
-31.3143
-38.3126
-43.869
-47.8031
-50.0173
-50.4232
-48.9563
-45.6054
-40.3666
-33.1863
-23.9482
-12.3
2.10471
20.6896
41.0521
104.775
99.0437
91.6446
82.6924
72.8412
61.4421
48.8018
35.2449
20.6591
5.24778
-10.8748
-27.7001
-45.0779
-62.8879
-80.9637
-99.0571
-116.862
-134.023
-150.118
-164.715
-177.367
-187.683
-195.371
-200.201
-202.108
-201.17
-197.479
-191.158
-182.364
-171.306
-158.202
-143.18
-126.294
-107.523
-86.8008
-63.7514
-38.2311
-8.60831
20.9715
109.441
113.183
116.364
118.497
119.213
118.343
115.727
111.531
106.113
99.6977
92.5758
85.0585
77.2381
69.1619
60.8841
52.3876
43.6682
34.7475
25.6488
16.421
7.14067
-2.08873
-11.1374
-19.7947
-27.7433
-34.6454
-40.222
-44.2786
-46.6926
-47.3625
-46.203
-43.1861
-38.2935
-31.4653
-22.5878
-11.3397
2.56838
20.317
39.4595
97.0251
91.576
84.566
76.1157
66.8608
56.1823
44.3775
31.7608
18.2212
3.94959
-10.9514
-26.4849
-42.5256
-58.979
-75.7132
-92.5199
-109.137
-125.255
-140.496
-154.467
-166.746
-176.954
-184.785
-190.007
-192.5
-192.294
-189.435
-183.999
-176.104
-165.919
-153.632
-139.369
-123.186
-105.073
-84.978
-62.5768
-37.783
-9.26835
18.9588
101.484
105.084
108.185
110.324
111.152
110.514
108.256
104.525
99.6555
93.8616
87.4127
80.6019
73.5151
66.1912
58.6752
50.9401
42.9703
34.7733
26.3587
17.7631
9.05284
0.322957
-8.30484
-16.6286
-24.3393
-31.1089
-36.6663
-40.8083
-43.3909
-44.3001
-43.4304
-40.7371
-36.1878
-29.716
-21.2107
-10.3822
3.00371
19.8971
37.8499
89.8494
84.6598
78.0077
70.0148
61.3023
51.2765
40.2279
28.4589
15.8634
2.62066
-11.1757
-25.5393
-40.3616
-55.5712
-71.0616
-86.6592
-102.143
-117.242
-131.623
-144.928
-156.768
-166.778
-174.644
-180.141
-183.106
-183.532
-181.423
-176.81
-169.769
-160.431
-148.954
-135.452
-119.986
-102.552
-83.1105
-61.3904
-37.3609
-9.97814
16.9142
94.1144
97.5809
100.603
102.738
103.658
103.218
101.271
97.9458
93.5578
88.3099
82.4552
76.2703
69.8362
63.1873
56.3615
49.3261
42.0557
34.5467
26.7965
18.8279
10.6948
2.48106
-5.70274
-13.6664
-21.1097
-27.7133
-33.214
-37.4044
-40.1235
-41.2456
-40.6464
-38.2649
-34.0546
-27.9425
-19.8203
-9.42985
3.4101
19.4355
36.2315
83.2003
78.2518
71.9296
64.3583
56.1408
46.7107
36.3492
25.35
13.6093
1.29834
-11.4975
-24.798
-38.5098
-52.5772
-66.9173
-81.3846
-95.7932
-109.908
-123.437
-136.056
-147.407
-157.144
-164.955
-170.621
-173.953
-174.914
-173.471
-169.614
-163.379
-154.859
-144.178
-131.439
-116.699
-99.9616
-81.2
-60.1934
-36.9633
-10.7302
14.8482
87.2845
90.6236
93.5673
95.6916
96.6841
96.4141
94.7373
91.7695
87.8061
83.0411
77.713
72.0843
66.2327
60.1897
53.9885
47.5929
40.971
34.1098
26.9965
19.6407
12.0828
4.39277
-3.33158
-10.9128
-18.0614
-24.4679
-29.8771
-34.0802
-36.9035
-38.2111
-37.8617
-35.7782
-31.9011
-26.1504
-18.4206
-8.48521
3.7878
18.9374
34.6118
77.0362
72.3131
66.2971
59.1149
51.353
42.4681
32.7351
22.437
11.474
0.00989421
-11.8757
-24.2084
-36.9053
-49.9249
-63.2032
-76.6183
-90.0131
-103.186
-115.879
-127.803
-138.631
-148.037
-155.719
-161.459
-165.063
-166.467
-165.607
-162.437
-156.957
-149.22
-139.318
-127.338
-113.332
-97.307
-79.2493
-58.9864
-36.5882
-11.5166
12.7716
80.9501
84.1679
87.0337
89.1405
90.1908
90.066
88.6262
85.9736
82.3864
78.0505
73.1916
68.0592
62.7289
57.2305
51.5938
45.7813
39.7572
33.5015
26.9923
20.2275
13.2345
6.06919
-1.18568
-8.36745
-15.1991
-21.3807
-26.6658
-30.8475
-33.7433
-35.2079
-35.0864
-33.2859
-29.7342
-24.3451
-17.0161
-7.55057
4.13716
18.4088
32.9986
71.3192
66.8071
61.0768
54.2565
46.9149
38.5323
29.3762
19.7199
9.46736
-1.22408
-12.2808
-23.7305
-35.5007
-47.5594
-59.8577
-72.2948
-84.7374
-97.0127
-108.894
-120.125
-130.408
-139.44
-146.93
-152.664
-156.455
-158.214
-157.857
-155.306
-150.525
-143.532
-134.389
-123.16
-109.892
-94.5928
-77.2611
-57.7696
-36.2325
-12.3282
10.6966
75.0726
78.1736
80.9616
83.0454
84.1415
84.1413
82.9097
80.5367
77.2842
73.3312
68.8917
64.2038
59.3412
54.3325
49.2063
43.9246
38.4496
32.7565
26.8157
20.6152
14.1705
7.52347
0.741798
-6.0291
-12.5254
-18.4579
-23.5897
-27.7179
-30.6552
-32.2481
-32.3317
-30.7976
-27.5619
-22.5331
-15.6111
-6.62836
4.45913
17.8561
31.3998
66.0149
61.7014
56.2384
49.7559
42.8045
34.8863
26.2624
17.1954
7.59514
-2.38941
-12.6881
-23.3312
-34.2528
-45.4298
-56.8255
-68.3541
-79.9055
-91.3302
-102.431
-112.979
-122.706
-131.331
-138.581
-144.241
-148.142
-150.177
-150.246
-148.245
-144.106
-137.816
-129.405
-118.917
-106.386
-91.8246
-75.2384
-56.5433
-35.8928
-13.1557
8.63527
69.6157
72.6046
75.3148
77.3713
78.5027
78.6099
77.5616
75.4374
72.4845
68.8751
64.8127
60.5238
56.0818
51.5152
46.8508
42.0518
37.0795
31.9058
26.4956
20.8296
14.9119
8.771
2.45942
-3.89415
-10.0409
-15.7037
-20.6564
-24.7017
-27.6507
-29.3433
-29.6086
-28.3231
-25.3927
-20.721
-14.2105
-5.72068
4.7548
17.2854
29.8236
61.0916
56.9658
51.7543
45.5887
38.9998
31.5133
23.3819
14.8588
5.85784
-3.47699
-13.0809
-22.9842
-33.1278
-43.495
-54.0585
-64.746
-75.4649
-86.0876
-96.4415
-106.324
-115.492
-123.689
-130.658
-136.191
-140.136
-142.374
-142.795
-141.278
-137.724
-132.093
-124.384
-114.62
-102.825
-89.0082
-73.1844
-55.3073
-35.5653
-13.9901
6.59904
64.5472
67.4287
70.0614
72.0867
73.2448
73.4443
72.5582
70.6563
67.9724
64.6727
60.9503
57.0219
52.9596
48.7922
44.5456
40.185
35.672
30.976
26.0589
20.8952
15.4795
9.82801
3.97878
-1.95603
-7.74399
-13.121
-17.8721
-21.808
-24.7406
-26.5054
-26.9282
-25.8727
-23.2353
-18.9158
-12.8192
-4.82976
5.026
16.7031
28.2776
56.5212
52.5731
47.5991
41.7314
35.4814
28.3971
20.723
12.7031
4.25586
-4.48148
-13.4467
-22.6707
-32.0996
-41.7215
-51.5172
-61.4259
-71.3696
-81.2377
-90.8804
-100.118
-108.734
-116.49
-123.15
-128.512
-132.442
-134.819
-135.526
-134.427
-131.402
-126.382
-119.344
-110.285
-99.2188
-86.1511
-71.1025
-54.0617
-35.2448
-14.8211
4.60019
59.8383
62.6158
65.1723
67.1637
68.3405
68.6189
67.8768
66.1746
63.7338
60.7143
57.2999
53.6978
49.9792
46.173
42.3053
38.343
34.2489
29.9914
25.5304
20.8356
15.8943
10.7119
5.31301
-0.206524
-5.6309
-10.7105
-15.2418
-19.0446
-21.9349
-23.7455
-24.3018
-23.4568
-21.0991
-17.1247
-11.4422
-3.95757
5.27453
16.1154
26.7693
52.2776
48.4984
43.7495
38.1621
32.2302
25.5217
18.2738
10.7212
2.78638
-5.3989
-13.7753
-22.3739
-31.1453
-40.0818
-49.169
-58.3565
-67.5784
-76.7391
-85.7084
-94.3266
-102.4
-109.71
-116.041
-121.199
-125.065
-127.524
-128.456
-127.713
-125.16
-120.706
-114.301
-105.926
-95.5784
-83.26
-68.9969
-52.8056
-34.9268
-15.6391
2.65027
55.4624
58.1396
60.6206
62.5756
63.7645
64.1107
63.4969
61.975
59.7544
56.9892
53.855
50.5496
47.1433
43.6653
40.1413
36.5408
32.828
28.9717
24.9307
20.6717
16.1755
11.4387
6.47455
1.36335
-3.69712
-8.47102
-12.7683
-16.4178
-19.2423
-21.0739
-21.7401
-21.0858
-18.9931
-15.3555
-10.0844
-3.10609
5.50256
15.5286
25.3056
48.3373
44.7192
40.1836
34.8612
29.2281
22.872
16.0222
8.90475
1.44569
-6.22828
-14.0611
-22.0825
-30.2476
-38.5522
-46.9854
-55.505
-64.0555
-72.5548
-80.888
-88.9146
-96.4601
-103.328
-109.316
-114.244
-118.007
-120.498
-121.599
-121.155
-119.02
-115.083
-109.276
-101.559
-91.9154
-80.3439
-66.8707
-51.5393
-34.6052
-16.4338
0.760643
51.3956
53.9757
56.3819
58.2982
59.4938
59.8984
59.3991
58.0406
56.0204
53.4874
50.609
47.5741
44.4521
41.2723
38.0608
34.7892
31.4237
27.9339
24.2788
20.4228
16.342
12.026
7.47775
2.76321
-1.93615
-6.40058
-10.4531
-13.9332
-16.6707
-18.5006
-19.2539
-18.7701
-16.9265
-13.6155
-8.75129
-2.27695
5.71221
14.9485
23.8932
44.6787
41.2142
36.8815
31.8099
26.4587
20.4336
13.9568
7.24548
0.229188
-6.97
-14.2995
-21.7876
-29.3933
-37.114
-44.9433
-52.8445
-60.7711
-68.6519
-76.3863
-83.8504
-90.8865
-97.3166
-102.956
-107.636
-111.264
-113.748
-114.969
-114.771
-113.001
-109.534
-104.286
-97.1985
-88.2425
-77.41
-64.7294
-50.2616
-34.2747
-17.1969
-1.05804
47.6151
50.1013
52.434
54.3105
55.5078
55.9628
55.5659
54.3557
52.5185
50.1981
47.554
44.7668
41.9045
38.9968
36.0697
33.0974
30.0482
26.8928
23.591
20.1059
16.4111
12.4898
8.33655
4.00512
-0.340235
-4.4953
-8.29632
-11.5937
-14.2266
-16.0342
-16.8529
-16.5196
-14.9087
-11.9123
-7.44775
-1.47199
5.90598
14.3801
22.5378
41.2816
37.9642
33.8244
28.9911
23.9059
18.1928
12.0662
5.73457
-0.86847
-7.6262
-14.4885
-21.4832
-28.571
-35.7525
-43.0227
-50.3511
-57.6981
-65.0019
-72.1738
-79.1044
-85.6525
-91.6554
-96.9457
-101.366
-104.835
-107.277
-108.574
-108.575
-107.121
-104.079
-99.3493
-92.8611
-84.5726
-74.468
-62.5762
-48.9725
-33.9304
-17.9185
-2.79628
44.1012
46.4966
48.757
50.5922
51.7875
52.2856
51.9806
50.9055
49.2361
47.111
44.6824
42.1224
39.4982
36.8393
34.1715
31.4716
28.7101
25.8594
22.8803
19.736
16.3978
12.8449
9.06494
5.09991
1.09859
-2.75036
-6.29654
-9.40182
-11.9153
-13.6823
-14.5461
-14.3439
-12.9487
-10.2535
-6.17851
-0.692906
6.08581
13.829
21.2445
38.1279
34.9513
30.9955
26.3889
21.5555
16.1364
10.3395
4.36385
-1.85296
-8.19934
-14.6271
-21.1637
-27.7723
-34.454
-41.2071
-48.0049
-54.8136
-61.5794
-68.2244
-74.6506
-80.7324
-86.3221
-91.2662
-95.4222
-98.7143
-101.085
-102.424
-102.579
-101.396
-98.7345
-94.4844
-88.5632
-80.9179
-71.5271
-60.4163
-47.6714
-33.5652
-18.5908
-4.4447
40.8352
43.1427
45.3316
47.1248
48.3149
48.8497
48.6278
47.6759
46.1608
44.2159
41.9859
39.6352
37.2294
34.7984
32.3674
29.9158
27.4164
24.843
22.1585
19.3263
16.3168
13.1058
9.67595
6.05921
2.38944
-1.15997
-4.45117
-7.35817
-9.7406
-11.4513
-12.3417
-12.2518
-11.0551
-8.64596
-4.94873
0.0588417
6.25448
13.299
20.0174
35.2007
32.1589
28.379
23.9881
19.3933
14.2525
8.7661
3.12498
-2.73001
-8.69193
-14.7153
-20.826
-26.9899
-33.2088
-39.4827
-45.7885
-52.0974
-58.3618
-64.5138
-70.4655
-76.1043
-81.2961
-85.9016
-89.79
-92.8943
-95.1728
-96.5211
-96.7943
-95.8397
-93.5168
-89.7074
-84.3198
-77.292
-68.5959
-58.2546
-46.358
-33.1752
-19.2052
-5.99487
37.8
40.022
42.141
43.8917
45.0736
45.6398
45.4927
44.6539
43.2811
41.5026
39.4563
37.2988
35.0941
32.8722
30.6578
28.4327
26.172
23.8512
21.4348
18.8878
16.1799
13.2853
10.1821
6.89411
3.54148
0.282886
-2.7564
-5.46219
-7.70495
-9.34636
-10.2467
-10.2512
-9.23565
-7.0968
-3.76272
0.781774
6.41342
12.7943
18.8599
32.4845
29.572
25.9602
21.7749
17.4066
12.5291
7.33586
2.00944
-3.50608
-9.1086
-14.7543
-20.4688
-26.2194
-32.0088
-37.8382
-43.6876
-49.5323
-55.3304
-61.0212
-66.527
-71.7464
-76.5576
-80.8341
-84.4572
-87.3674
-89.5363
-90.8692
-91.228
-90.4651
-88.441
-85.034
-80.1458
-73.7073
-65.6845
-56.0956
-45.0325
-32.7552
-19.7552
-7.4402
34.9796
37.119
39.1692
40.8772
42.0484
42.6411
42.5616
41.827
40.5858
38.9615
37.0855
35.1067
33.0876
31.0578
29.0418
27.0235
24.9801
22.889
20.7168
18.4299
15.9982
13.3948
10.5949
7.61543
4.56409
1.5853
-1.20788
-3.71217
-5.80953
-7.37122
-8.2672
-8.34936
-7.49753
-5.61222
-2.62484
1.47445
6.56458
12.3177
17.7741
29.9647
27.1763
23.7255
19.7364
15.5833
10.9554
6.03923
1.00918
-4.18758
-9.45318
-14.7464
-20.0911
-25.4573
-30.8474
-36.2644
-41.6903
-47.1036
-52.4676
-57.7282
-62.816
-67.6395
-72.0888
-76.0482
-79.4107
-82.1242
-84.1721
-85.469
-85.8857
-85.2813
-83.5198
-80.4786
-76.0556
-70.1762
-62.8014
-53.9445
-43.6956
-32.3009
-20.2348
-8.77509
32.3595
34.4189
36.4016
38.0664
39.2251
39.8403
39.8221
39.1832
38.0639
36.5829
34.865
33.052
31.2045
29.3515
27.5175
25.6883
23.8429
21.9608
20.0105
17.9603
15.7808
13.4446
10.9253
8.23396
5.46666
2.7548
0.19993
-2.10547
-4.0545
-5.52861
-6.40758
-6.55213
-5.84719
-4.19771
-1.53903
2.13544
6.70943
11.8717
16.7616
27.6279
24.9586
21.662
17.8603
13.9119
9.52111
4.86709
0.116797
-4.78
-9.72953
-14.693
-19.6929
-24.7008
-29.7201
-34.7537
-39.7862
-44.7987
-49.759
-54.6186
-59.3151
-63.7663
-67.8725
-71.5284
-74.6379
-77.1555
-79.0748
-80.32
-80.7713
-80.2964
-78.7641
-76.0538
-72.0618
-66.7102
-59.9557
-51.8064
-42.3472
-31.8092
-20.6389
-9.99453
29.926
31.9079
33.8246
35.4462
36.5906
37.2246
37.2619
36.7115
35.7054
34.3576
32.7869
31.1277
29.4389
27.7492
26.0823
24.4259
22.7611
21.0688
19.3202
17.4851
15.5354
13.4438
11.1828
8.75906
6.25821
3.79916
1.47287
-0.63848
-2.4387
-3.81967
-4.67134
-4.86444
-4.29013
-2.85842
-0.508756
2.76343
6.84868
11.4578
15.8227
25.4616
22.9068
19.7581
16.1354
12.3821
8.21624
3.8107
-0.675546
-5.28955
-9.94231
-14.5968
-19.2743
-23.9482
-28.6223
-33.2998
-37.9668
-42.6071
-47.1921
-51.6779
-56.0089
-60.1106
-63.8927
-67.2599
-70.1255
-72.4509
-74.2377
-75.4194
-75.8867
-75.5159
-74.183
-71.7705
-68.1762
-63.3201
-57.1558
-49.6863
-40.9893
-31.2768
-20.9634
-11.0957
27.6666
29.5733
31.4255
33.0041
34.1327
34.7823
34.8699
34.4011
33.5004
32.2768
30.8431
29.3271
27.7854
26.2464
24.7331
23.2348
21.7345
20.215
18.6494
17.0095
15.2686
13.4
11.376
9.19964
6.94715
4.72606
2.61726
0.693416
-0.959644
-2.24439
-3.06064
-3.28996
-2.83068
-1.59849
0.462924
3.35689
6.98303
11.0768
14.9567
23.4543
21.0096
18.0026
14.5512
10.9836
7.03175
2.86167
-1.37478
-5.72247
-10.0961
-14.4608
-18.8369
-23.1993
-27.5516
-31.8975
-36.225
-40.5193
-44.7552
-48.8933
-52.8833
-56.658
-60.1353
-63.2294
-65.8618
-68.0004
-69.6533
-70.7639
-71.2322
-70.9439
-69.7831
-67.6382
-64.4091
-60.0159
-54.4101
-47.5893
-39.6231
-30.7028
-21.2062
-12.0764
25.5693
27.4033
29.1924
30.7282
31.8398
32.5021
32.6355
32.2423
31.4395
30.3317
29.026
27.6431
26.2379
24.8382
23.4661
22.1126
20.7623
19.3998
18
16.537
14.9855
13.3199
11.5127
9.56406
7.5419
5.54318
3.63965
1.89521
0.385665
-0.80167
-1.57616
-1.831
-1.47205
-0.421297
1.37338
3.91495
7.1125
10.7289
14.1622
21.5951
19.2563
16.3853
13.0976
9.70724
5.95897
2.01246
-1.98778
-6.08424
-10.1952
-14.288
-18.3818
-22.4531
-26.5056
-30.5431
-34.5547
-38.5276
-42.4391
-46.2536
-49.926
-53.3953
-56.587
-59.4236
-61.8345
-63.7937
-65.3141
-66.3485
-66.8061
-66.5823
-65.5699
-63.6642
-60.7691
-56.8062
-51.7256
-45.5205
-38.2505
-30.0863
-21.3655
-12.9361
23.6235
25.387
27.1144
28.6078
29.7015
30.3737
30.5486
30.2253
29.5138
28.5141
27.3279
26.0689
24.7905
23.5194
22.2773
21.0563
19.843
18.6229
17.3735
16.0706
14.6907
13.2092
11.5996
9.85978
8.0502
6.25802
4.54683
2.97233
1.60116
0.51079
-0.217593
-0.488709
-0.216327
0.670838
2.22064
4.43627
7.23704
10.4131
13.4369
19.8741
17.6371
14.8966
11.7656
8.54422
4.98965
1.2553
-2.52138
-6.38043
-10.2441
-14.0813
-17.9108
-21.7099
-25.4827
-29.2329
-32.951
-36.6252
-40.2352
-43.7491
-47.1261
-50.3106
-53.2352
-55.8301
-58.0322
-59.8205
-61.2115
-62.1672
-62.6053
-62.4311
-61.5466
-59.8543
-57.2634
-53.6983
-49.1092
-43.4845
-36.8742
-29.4272
-21.4412
-13.6753
21.8188
23.514
25.1813
26.6326
27.7074
28.3874
28.5998
28.3413
27.7147
26.816
25.7413
24.598
23.4372
22.2852
21.1627
20.063
18.9743
17.8837
16.7705
15.6123
14.3874
13.0726
11.6425
10.0934
8.47912
6.87784
5.34558
3.93082
2.69162
1.69621
1.01658
0.737049
0.935436
1.67632
3.00321
4.91987
7.35586
10.1286
12.7779
18.2816
16.1428
13.5274
10.5464
7.48633
4.1162
0.58327
-2.98159
-6.61621
-10.2468
-13.8442
-17.4258
-20.9705
-24.4821
-27.9648
-31.4096
-34.8062
-38.1364
-41.3712
-44.4734
-47.3933
-50.069
-52.438
-54.444
-56.0705
-57.3372
-58.2136
-58.6262
-58.4893
-57.7145
-56.2121
-53.8975
-50.6989
-46.5667
-41.4861
-35.4971
-28.7269
-21.434
-14.2958
20.1457
21.7749
23.3834
24.7931
25.8484
26.5339
26.7803
26.5817
26.0343
25.2299
24.2592
23.2236
22.1722
21.1303
20.1178
19.1293
18.1542
17.181
16.1908
15.1633
14.0782
12.914
11.6465
10.271
8.8353
7.40944
6.04271
4.77684
3.6623
2.75857
2.12899
1.84745
1.98333
2.59449
3.72024
5.36486
7.46802
9.87299
12.1814
16.8091
14.7645
12.2693
9.43198
6.52578
3.33143
-0.0101355
-3.37424
-6.79695
-10.2079
-13.5797
-16.9288
-20.2353
-23.5033
-26.7367
-29.9273
-33.066
-36.1364
-39.1121
-41.9594
-44.6333
-47.0778
-49.2364
-51.0592
-52.5338
-53.6821
-54.4805
-54.8635
-54.7544
-54.0737
-52.7399
-50.6755
-47.8126
-44.1032
-39.5296
-34.1221
-27.9876
-21.3462
-14.8004
18.5953
20.1605
21.7118
23.0803
24.1155
24.8048
25.0818
24.9384
24.4648
23.7484
22.8748
21.9396
20.9897
20.0495
19.1382
18.2515
17.3799
16.5131
15.6341
14.7244
13.7652
12.7367
11.6161
10.3981
9.12498
7.85948
6.64481
5.51678
4.51887
3.70259
3.12319
2.84473
2.92845
3.4256
4.37135
5.7705
7.5723
9.64416
11.6434
15.4483
13.4944
11.1145
8.41471
5.65547
2.62849
-0.531131
-3.70504
-6.92729
-10.1312
-13.2906
-16.4216
-19.5054
-22.5458
-25.5469
-28.501
-31.4003
-34.2295
-36.965
-39.5762
-42.0221
-44.2521
-46.2154
-47.8678
-49.2007
-50.2373
-50.9602
-51.3113
-51.2223
-50.6226
-49.4386
-47.5997
-45.0432
-41.7231
-37.619
-32.7529
-27.212
-21.1809
-15.1931
17.1593
18.6626
20.1581
21.486
22.5006
23.1918
23.4963
23.404
22.999
22.3645
21.5816
20.7398
19.884
19.0379
18.2197
17.426
16.6485
15.8781
15.0995
14.2957
13.4498
12.5434
11.5551
10.4794
9.35376
8.23419
7.15842
6.15709
5.26742
4.53362
4.00352
3.73214
3.77289
4.17074
4.95677
6.13633
7.66736
9.43926
11.1593
14.1915
12.3247
10.0556
7.48748
4.86848
2.001
-0.985665
-3.97934
-7.01199
-10.0205
-12.9804
-15.9067
-18.7819
-21.6098
-24.3942
-27.1284
-29.8053
-32.411
-34.9239
-37.3164
-39.5514
-41.583
-43.3658
-44.8603
-46.0616
-46.994
-47.6449
-47.9629
-47.8883
-47.3581
-46.3069
-44.6711
-42.3931
-39.4293
-35.7581
-31.3931
-26.4038
-20.9421
-15.4784
15.83
17.2732
18.7146
20.0023
20.9959
21.6873
22.0164
21.9711
21.6298
21.0718
20.3733
19.6184
18.8499
18.0905
17.3578
16.6491
15.9572
15.2741
14.5859
13.8773
13.133
12.336
11.4666
10.5191
9.52678
8.53939
7.58986
6.70425
5.91422
5.25747
4.775
4.51368
4.51959
4.83172
5.47732
6.46203
7.75164
9.25513
10.7242
13.0314
11.2486
9.08566
6.64363
4.15858
1.44301
-1.37925
-4.20202
-7.05549
-9.87965
-12.6517
-15.386
-18.0659
-20.6952
-23.2779
-25.8076
-28.2779
-30.6763
-32.9834
-35.1737
-37.2138
-39.0622
-40.6784
-42.0274
-43.1074
-43.943
-44.526
-44.8113
-44.7465
-44.2763
-43.3429
-41.8893
-39.8635
-37.2246
-33.95
-30.0464
-25.5672
-20.6346
-15.6622
14.6
15.9852
17.3736
18.6219
19.594
20.2842
20.6352
20.6331
20.3509
19.8639
19.2439
18.5697
17.882
17.2027
16.5484
15.9173
15.3031
14.6989
14.092
13.4688
12.8154
12.1164
11.3535
10.5212
9.64884
8.78064
7.94525
7.16469
6.46573
5.88029
5.44321
5.19408
5.17224
5.41109
5.93427
6.74757
7.82363
9.08854
10.3332
11.9613
10.2592
8.19832
5.87692
3.51984
0.948967
-1.71714
-4.37789
-7.06176
-9.71206
-12.3074
-14.8614
-17.3584
-19.8024
-22.197
-24.5365
-26.8153
-29.0218
-31.1383
-33.1421
-35.0024
-36.6822
-38.145
-39.3605
-40.3289
-41.0753
-41.595
-41.8487
-41.7905
-41.3722
-40.5432
-39.2529
-37.4547
-35.1106
-32.1976
-28.7166
-24.7067
-20.264
-15.7506
13.4625
14.7915
16.1285
17.3378
18.2882
18.9758
19.346
19.3834
19.1559
18.7349
18.1879
17.5884
16.9754
16.3698
15.7874
15.227
14.6834
14.1502
13.6164
13.0697
12.4976
11.886
11.2183
10.4892
9.72436
8.96321
8.2305
7.54474
6.92847
6.40848
6.01416
5.77864
5.73513
5.91195
6.3294
6.99319
7.88182
8.93609
9.98116
10.975
9.35047
7.38747
5.18157
2.94655
0.513575
-2.00406
-4.51118
-7.03476
-9.5211
-11.9502
-14.3349
-16.6609
-18.9318
-21.1511
-23.3139
-25.4149
-27.4437
-29.3843
-31.2159
-32.9108
-34.4356
-35.7578
-36.8511
-37.7175
-38.3822
-38.8435
-39.0671
-39.0132
-38.6401
-37.9036
-36.7594
-35.1657
-33.088
-30.5031
-27.4073
-23.8273
-19.8364
-15.7505
12.4111
13.6858
14.9726
16.1436
17.0719
17.7556
18.1426
18.2162
18.039
17.6791
17.1997
16.6694
16.1254
15.5875
15.0709
14.5749
14.0951
13.6259
13.1577
12.6794
12.1796
11.6459
11.0632
10.4261
9.75739
9.09196
8.4512
7.85057
7.3089
6.84856
6.49409
6.273
6.21302
6.33791
6.66488
7.19942
7.92487
8.79446
9.66308
10.0664
8.51657
6.64745
4.5521
2.43358
0.131996
-2.24462
-4.60614
-6.97813
-9.30979
-11.5824
-13.8084
-15.9743
-18.0835
-20.1398
-22.1383
-24.0745
-25.939
-27.7172
-29.3902
-30.9331
-32.3157
-33.5092
-34.491
-35.2645
-35.855
-36.2628
-36.4584
-36.4073
-36.0735
-35.4192
-34.4052
-32.995
-31.1569
-28.8685
-26.122
-22.9341
-19.358
-15.6689
11.4398
12.6619
13.9
15.0333
15.9393
16.6178
17.0193
17.1256
16.9948
16.6914
16.2745
15.8081
15.3275
14.8518
14.3952
13.9578
13.5356
13.124
12.7145
12.2971
11.8619
11.3974
10.89
10.3348
9.75178
9.17163
8.61284
8.08825
7.6135
7.20712
6.88947
6.68315
6.61109
6.69299
6.94328
7.36705
7.95162
8.66046
9.37405
9.2301
7.75205
5.97301
3.98343
1.9761
-0.200385
-2.44299
-4.66654
-6.89525
-9.08102
-11.2066
-13.2836
-15.2996
-17.2581
-19.1625
-21.0084
-22.7921
-24.5047
-26.1331
-27.6602
-29.0636
-30.3161
-31.3923
-32.2725
-32.9619
-33.4851
-33.8443
-34.0141
-33.9648
-33.6657
-33.0841
-32.1863
-30.9399
-29.3168
-27.2951
-24.8641
-22.0319
-18.8356
-15.5134
10.543
11.7143
12.9049
14.0012
14.8847
15.5568
15.9705
16.1064
16.0182
15.7667
15.4075
15
14.5777
14.1588
13.757
13.3725
13.0023
12.6425
12.2854
11.9222
11.5442
11.141
10.7006
10.218
9.71104
9.20658
8.72055
8.26358
7.84854
7.4907
7.20677
7.01519
6.93472
6.98148
7.16743
7.49713
7.96108
8.53103
9.10938
8.46087
7.05183
5.35917
3.47076
1.56955
-0.487888
-2.60319
-4.69604
-6.78925
-8.83753
-10.8248
-12.7621
-14.638
-16.4557
-18.2187
-19.9232
-21.5655
-23.1379
-24.6284
-26.0215
-27.297
-28.4307
-29.3999
-30.1881
-30.8015
-31.2641
-31.5794
-31.7258
-31.6778
-31.4093
-30.8922
-30.0977
-28.9975
-27.5665
-25.7836
-23.6364
-21.1261
-18.2758
-15.2917
9.71551
10.8376
11.982
13.0419
13.9027
14.5674
14.9911
15.1536
15.1042
14.9004
14.5942
14.2408
13.8719
13.505
13.1528
12.8163
12.493
12.1795
11.869
11.5541
11.2267
10.8778
10.4964
10.0782
9.63846
9.20095
8.77926
8.38214
8.02013
7.7057
7.45246
7.27533
7.18946
7.20791
7.34042
7.591
7.95253
8.40348
8.86466
7.75389
6.41116
4.80133
3.00967
1.20967
-0.73444
-2.72892
-4.69798
-6.66315
-8.58178
-10.439
-12.2454
-13.9902
-15.6767
-17.3083
-18.8815
-20.393
-21.836
-23.1996
-24.4697
-25.6282
-26.6535
-27.5257
-28.2308
-28.7757
-29.1839
-29.4599
-29.5853
-29.5383
-29.2968
-28.8371
-28.1344
-27.1643
-25.9042
-24.3347
-22.4417
-20.2211
-17.685
-15.0114
8.95232
10.0268
11.1263
12.1503
12.9884
13.6446
14.0763
14.2625
14.2483
14.0882
13.8306
13.5267
13.2066
12.887
12.5799
12.2867
12.0054
11.7332
11.4643
11.192
10.9093
10.6083
10.279
9.91753
9.53717
9.15866
8.79366
8.4493
8.13418
7.85838
7.63291
7.46971
7.3809
7.3769
7.46553
7.65019
7.92556
8.27535
8.63586
7.10459
5.82558
4.29516
2.59602
0.892517
-0.943741
-2.82353
-4.67536
-6.5196
-8.31613
-10.0512
-11.7349
-13.3571
-14.9214
-16.4307
-17.8821
-19.2728
-20.5965
-21.8433
-23.0007
-24.0524
-24.979
-25.7633
-26.3933
-26.8768
-27.2365
-27.4775
-27.5841
-27.5382
-27.3208
-26.912
-26.2907
-25.436
-24.3279
-22.9481
-21.2821
-19.3215
-17.0696
-14.6801
8.24884
9.27727
10.3332
11.3219
12.137
12.7838
13.2216
13.4287
13.4463
13.326
13.1127
12.854
12.5784
12.3017
12.0354
11.7812
11.5375
11.3021
11.0701
10.8355
10.5923
10.3333
10.0499
9.73824
9.41007
9.0834
8.76816
8.47015
8.1963
7.95473
7.75426
7.60435
7.51456
7.49311
7.54615
7.67644
7.88001
8.14453
8.41927
6.50871
5.29093
3.83663
2.22589
0.614397
-1.11926
-2.89017
-4.63102
-6.3611
-8.04267
-9.66295
-11.2316
-12.7393
-14.1897
-15.5855
-16.9241
-18.2032
-19.4169
-20.5565
-21.6107
-22.565
-23.402
-24.1067
-24.6692
-25.0978
-25.4141
-25.6241
-25.7143
-25.6694
-25.4736
-25.1101
-24.561
-23.8085
-22.8349
-21.6236
-20.1595
-18.4313
-16.4358
-14.305
7.60076
8.58471
9.59816
10.5522
11.3443
11.9807
12.4228
12.648
12.6942
12.61
12.4371
12.2195
11.9842
11.7464
11.5169
11.2975
11.0875
10.8849
10.6854
10.4841
10.2755
10.0534
9.8102
9.54234
9.25993
8.97866
8.70695
8.4495
8.21186
8.00051
7.82244
7.68507
7.59586
7.56116
7.58572
7.67169
7.81599
8.00934
8.21166
5.96233
4.80334
3.422
1.89573
0.371914
-1.26417
-2.9318
-4.56767
-6.18999
-7.76325
-9.27578
-10.7367
-12.1376
-13.4817
-14.7721
-16.0062
-17.1822
-18.2948
-19.3361
-20.296
-21.1615
-21.9171
-22.5499
-23.0519
-23.4315
-23.7094
-23.892
-23.9679
-23.9242
-23.7477
-23.4245
-22.9394
-22.2772
-21.4226
-20.3602
-19.0752
-17.5543
-15.7891
-13.8933
7.00409
7.94498
8.91714
9.83712
10.6062
11.2313
11.6758
11.9168
11.9885
11.9368
11.8004
11.62
11.4212
11.2185
11.022
10.8339
10.6538
10.4802
10.3095
10.1374
9.95919
9.76944
9.56134
9.33175
9.08934
8.8477
8.61397
8.3919
8.18592
8.00115
7.84308
7.71746
7.63001
7.58559
7.58772
7.63797
7.73389
7.86839
8.01018
5.46171
4.35921
3.04771
1.60215
0.161897
-1.38145
-2.95113
-4.48768
-6.00827
-7.47962
-8.89099
-10.2511
-11.5522
-12.7975
-13.99
-15.1275
-16.2083
-17.2279
-18.1791
-19.0528
-19.8374
-20.5194
-21.0875
-21.5351
-21.8711
-22.1152
-22.2737
-22.3372
-22.2948
-22.1358
-21.8483
-21.4199
-20.8375
-20.0878
-19.1569
-18.0304
-16.6937
-15.1348
-13.4515
6.45501
7.3543
8.28632
9.17282
9.91871
10.5317
10.9771
11.2313
11.3256
11.303
11.1995
11.0528
10.8869
10.7156
10.5487
10.3885
10.235
10.087
9.94168
9.79516
9.6435
9.48193
9.30447
9.10826
8.90074
8.6936
8.49289
8.30161
8.12322
7.96176
7.82149
7.70681
7.62203
7.57076
7.55555
7.57743
7.6343
7.72068
7.81242
5.00339
3.95512
2.71054
1.34204
-0.0186312
-1.47383
-2.95066
-4.39326
-5.81791
-7.19338
-8.50983
-9.77557
-10.9836
-12.1369
-13.2386
-14.2867
-15.2798
-16.2139
-17.0825
-17.8775
-18.5887
-19.2041
-19.7139
-20.113
-20.4104
-20.6245
-20.7619
-20.8148
-20.774
-20.6307
-20.3751
-19.9967
-19.4847
-18.8274
-18.0123
-17.0257
-15.8523
-14.4776
-12.9859
5.95003
6.8091
7.70209
8.55571
9.27842
9.87858
10.3231
10.5883
10.7023
10.7057
10.6317
10.5152
10.3788
10.2357
10.0952
9.95981
9.82978
9.70443
9.58127
9.45715
9.32862
9.19158
9.04078
8.87361
8.69641
8.51923
8.34717
8.18258
8.02819
7.88713
7.76266
7.65809
7.57664
7.52088
7.49256
7.49224
7.51802
7.56553
7.61641
4.58416
3.58795
2.40744
1.11251
-0.172377
-1.5438
-2.93267
-4.28645
-5.62062
-6.90588
-8.13329
-9.31076
-10.4319
-11.4998
-12.5172
-13.4827
-14.3949
-15.2504
-16.0435
-16.7668
-17.4114
-17.9665
-18.424
-18.7798
-19.0429
-19.2307
-19.3498
-19.3935
-19.3545
-19.2254
-18.9981
-18.6641
-18.214
-17.638
-16.9247
-16.0613
-15.0323
-13.8217
-12.5022
5.48586
6.30602
7.1611
7.9824
8.6819
9.2685
9.71075
9.98472
10.1158
10.1421
10.0945
10.0048
9.89482
9.77691
9.65982
9.54638
9.4371
9.33159
9.22785
9.12323
9.01483
8.89907
8.77137
8.62941
8.47851
8.32727
8.17998
8.0385
7.90493
7.78167
7.6712
7.57596
7.49827
7.43992
7.402
7.38464
7.38605
7.40258
7.42055
4.201
3.25476
2.13558
0.910856
-0.301874
-1.59374
-2.89921
-4.16906
-5.41792
-6.61836
-7.76229
-8.85723
-9.89736
-10.8857
-11.8251
-12.7142
-13.552
-14.3354
-15.0593
-15.7173
-16.3014
-16.8022
-17.2128
-17.53
-17.7627
-17.9275
-18.0306
-18.0667
-18.0296
-17.9133
-17.7113
-17.4164
-17.0209
-16.5162
-15.8923
-15.1372
-14.2357
-13.1709
-12.0056
5.05942
5.842
6.66022
7.44978
8.12608
8.69842
9.13695
9.41766
9.56335
9.6097
9.58534
9.51965
9.43305
9.33745
9.24112
9.14704
9.05598
8.96784
8.88103
8.79335
8.70238
8.60503
8.49734
8.37718
8.24901
8.12018
7.99428
7.87275
7.7572
7.64946
7.55137
7.4647
7.39106
7.33162
7.28694
7.25683
7.23947
7.23171
7.22361
3.85111
2.95283
1.89234
0.734625
-0.409424
-1.62576
-2.85225
-4.04278
-5.21122
-6.33194
-7.39758
-8.41535
-9.37995
-10.2944
-11.1614
-11.9799
-12.7492
-13.4665
-14.1272
-14.7258
-15.2551
-15.7069
-16.0753
-16.3582
-16.5642
-16.7088
-16.7981
-16.8278
-16.7927
-16.6881
-16.5085
-16.2483
-15.9007
-15.4586
-14.9132
-14.2531
-13.4639
-12.5283
-11.5009
4.66789
5.41413
6.19653
6.95493
7.60802
8.1655
8.59895
8.88447
9.04232
9.10607
9.10218
9.05763
8.99172
8.91583
8.83779
8.76071
8.6856
8.6126
8.54049
8.46751
8.39159
8.31013
8.21969
8.11833
8.00977
7.90025
7.79277
7.68844
7.58848
7.49424
7.40709
7.32826
7.25882
7.19947
7.15035
7.11096
7.0795
7.05307
7.02472
3.5319
2.67962
1.67528
0.581487
-0.497226
-1.64184
-2.79351
-3.90914
-5.00179
-6.04756
-7.03979
-7.9854
-8.87962
-9.72539
-10.5254
-11.2787
-11.9849
-12.6415
-13.2445
-13.789
-14.2687
-14.6764
-15.0072
-15.2595
-15.4419
-15.5688
-15.6463
-15.6706
-15.6377
-15.5436
-15.3841
-15.1544
-14.8491
-14.4619
-13.9851
-13.4084
-12.7179
-11.8967
-10.992
4.30859
5.01971
5.76732
6.49511
7.12503
7.66708
8.09418
8.38267
8.55043
8.62905
8.64299
8.61699
8.56928
8.51068
8.44867
8.38647
8.32527
8.26541
8.20604
8.14572
8.08278
8.01498
7.93936
7.85419
7.76251
7.6696
7.57795
7.48841
7.4019
7.31941
7.24192
7.17025
7.10507
7.04669
6.99496
6.94914
6.9074
6.86697
6.82328
3.24094
2.43277
1.48214
0.449298
-0.567252
-1.64379
-2.72462
-3.76948
-4.7907
-5.76602
-6.68945
-7.56761
-8.39621
-9.17817
-9.9161
-10.6093
-11.2574
-11.8584
-12.4087
-12.904
-13.3387
-13.7067
-14.0038
-14.229
-14.3906
-14.5022
-14.5694
-14.5894
-14.5587
-14.4742
-14.3325
-14.1298
-13.8616
-13.5226
-13.1059
-12.6022
-11.9985
-11.2783
-10.4826
3.97906
4.65624
5.37006
6.06782
6.6746
7.20066
7.62023
7.90998
8.08548
8.17663
8.20598
8.19613
8.16428
8.12079
8.07277
8.0235
7.97437
7.92588
7.87747
7.82805
7.77624
7.72015
7.65726
7.58598
7.50879
7.43012
7.35206
7.27524
7.20033
7.12805
7.05908
6.99395
6.93298
6.87625
6.82336
6.77339
6.72447
6.6739
6.619
2.97598
2.2101
1.31083
0.336085
-0.621339
-1.63327
-2.64703
-3.62502
-4.57891
-5.48802
-6.34697
-7.16208
-7.92952
-8.65221
-9.3326
-9.97026
-10.565
-11.1149
-11.6171
-12.0677
-12.4618
-12.7941
-13.061
-13.2622
-13.4055
-13.5038
-13.5622
-13.5786
-13.5501
-13.4744
-13.3487
-13.1699
-12.9343
-12.6375
-12.2734
-11.8336
-11.306
-10.6748
-9.9759
3.677
4.32141
5.0024
5.67068
6.2544
6.76399
7.17489
7.46426
7.64545
7.74694
7.78949
7.79358
7.77546
7.74506
7.70916
7.67109
7.63237
7.59367
7.55468
7.5146
7.4723
7.42623
7.37422
7.31483
7.25005
7.18358
7.11715
7.05125
6.98634
6.92294
6.86149
6.8023
6.74547
6.69086
6.63793
6.58563
6.53202
6.47445
6.41174
2.73492
2.00956
1.15939
0.240007
-0.661196
-1.61183
-2.56207
-3.47693
-4.36734
-5.21419
-6.01265
-6.76878
-7.47923
-8.14682
-8.77393
-9.36029
-9.90584
-10.4091
-10.8673
-11.2773
-11.6346
-11.9347
-12.1747
-12.3546
-12.482
-12.5686
-12.6195
-12.633
-12.6068
-12.5391
-12.4276
-12.27
-12.0631
-11.8033
-11.4852
-11.1014
-10.6405
-10.0877
-9.47444
3.40027
4.01302
4.66218
5.30154
5.86229
6.35495
6.75612
7.0436
7.22845
7.33827
7.39201
7.40802
7.40166
7.38252
7.35705
7.3286
7.29882
7.26851
7.23758
7.20546
7.17128
7.13374
7.091
7.04177
6.9876
6.93156
6.87508
6.81854
6.76225
6.70656
6.65176
6.59797
6.54514
6.493
6.44088
6.38765
6.33135
6.26931
6.20156
2.51589
1.82934
1.02607
0.159421
-0.68835
-1.58085
-2.47096
-3.32618
-4.15673
-4.94503
-5.68673
-6.38764
-7.04493
-7.66133
-8.23907
-8.77803
-9.27833
-9.73871
-10.1569
-10.5299
-10.854
-11.1252
-11.3411
-11.5022
-11.6154
-11.692
-11.7366
-11.7478
-11.7239
-11.6635
-11.5648
-11.4259
-11.2443
-11.0169
-10.7392
-10.4043
-10.0018
-9.51803
-8.98048
3.14694
3.72912
4.34739
4.95835
5.49623
5.97155
6.36199
6.64616
6.83274
6.94906
7.01219
7.03824
7.04183
7.03227
7.01571
6.99549
6.97334
6.95017
6.9261
6.90074
6.87345
6.84316
6.80831
6.76773
6.72261
6.67547
6.62751
6.57898
6.53012
6.48115
6.43221
6.38334
6.33436
6.28489
6.23422
6.18115
6.12372
6.05924
5.98868
2.31713
1.66776
0.909263
0.0928559
-0.704128
-1.54149
-2.37468
-3.1736
-3.94767
-4.68095
-5.36935
-6.01856
-6.62631
-7.19511
-7.72703
-8.22214
-8.68076
-9.10184
-9.48335
-9.82275
-10.1168
-10.362
-10.5566
-10.7009
-10.8019
-10.8698
-10.909
-10.9185
-10.8969
-10.843
-10.7558
-10.6335
-10.4742
-10.2754
-10.0329
-9.74076
-9.38955
-8.96647
-8.49577
2.91524
3.46787
4.05617
4.63924
5.15434
5.6119
5.99063
6.27018
6.45664
6.57794
6.64885
6.68318
6.69501
6.6935
6.68449
6.67124
6.65556
6.63845
6.62019
6.60057
6.5791
6.55495
6.52678
6.49355
6.45613
6.41658
6.37588
6.33423
6.29179
6.24866
6.20492
6.16051
6.1152
6.06854
6.01978
5.9677
5.91035
5.84502
5.7734
2.13686
1.52308
0.807314
0.0387595
-0.709983
-1.49498
-2.27423
-3.01994
-3.7406
-4.42218
-5.06047
-5.66132
-6.22301
-6.74756
-7.23688
-7.69138
-8.11157
-8.49655
-8.84454
-9.15336
-9.42024
-9.64213
-9.8175
-9.94711
-10.0374
-10.0977
-10.1324
-10.1406
-10.1213
-10.0736
-9.99663
-9.88915
-9.74958
-9.57574
-9.36416
-9.10954
-8.80323
-8.43349
-8.02175
2.70336
3.22753
3.78685
4.34251
4.83496
5.27435
5.64039
5.91402
6.0984
6.22358
6.30101
6.3419
6.36035
6.36551
6.36283
6.35544
6.34518
6.33316
6.31978
6.30498
6.28842
6.26944
6.24692
6.21992
6.18904
6.15596
6.12148
6.08574
6.04883
6.01082
5.9717
5.93137
5.88953
5.84574
5.79922
5.74874
5.69238
5.62744
5.55612
1.97333
1.39344
0.71837
-0.00472422
-0.70757
-1.44297
-2.17101
-2.86625
-3.53624
-4.16926
-4.75983
-5.31511
-5.83411
-6.31763
-6.76729
-7.18415
-7.56894
-7.92079
-8.23816
-8.51917
-8.76145
-8.96235
-9.12067
-9.23724
-9.31812
-9.37202
-9.40297
-9.4103
-9.39322
-9.35116
-9.28344
-9.18915
-9.06701
-8.91521
-8.73076
-8.50899
-8.24206
-7.91922
-7.55944
2.50954
3.00638
3.53776
4.06669
4.5368
4.95775
5.31024
5.57655
5.75613
5.88436
5.96742
6.01333
6.0369
6.04754
6.05015
6.04766
6.04193
6.03415
6.02485
6.01408
6.00162
5.98696
5.9692
5.94747
5.92214
5.89456
5.86538
5.83472
5.80262
5.76908
5.73409
5.69748
5.65895
5.61805
5.57398
5.52556
5.47089
5.40729
5.33735
1.82539
1.27777
0.641357
-0.0386539
-0.698053
-1.38661
-2.06612
-2.71364
-3.33568
-3.92317
-4.46752
-4.97932
-5.45868
-5.90407
-6.31674
-6.69868
-7.05086
-7.37235
-7.66172
-7.91748
-8.13753
-8.31962
-8.46281
-8.56791
-8.64067
-8.68909
-8.71696
-8.72378
-8.70895
-8.67214
-8.61283
-8.53035
-8.42367
-8.29133
-8.13076
-7.9378
-7.70541
-7.4238
-7.10979
2.33258
2.80312
3.30761
3.81036
4.25849
4.66077
4.99925
5.25716
5.42857
5.55904
5.64691
5.69633
5.72367
5.73873
5.74573
5.74729
5.74532
5.74108
5.73519
5.72778
5.71876
5.70774
5.69399
5.67671
5.65609
5.63323
5.60862
5.58233
5.55441
5.52483
5.49354
5.46034
5.42495
5.38689
5.34543
5.29937
5.24691
5.18535
5.11762
1.69305
1.17638
0.576968
-0.0621116
-0.680411
-1.32472
-1.95866
-2.56157
-3.13882
-3.68301
-4.18418
-4.65628
-5.09899
-5.50816
-5.8857
-6.23491
-6.55674
-6.85001
-7.11348
-7.34608
-7.54594
-7.71109
-7.84077
-7.93578
-8.00148
-8.04527
-8.07065
-8.07729
-8.06469
-8.03275
-7.98108
-7.90916
-7.8163
-7.70119
-7.56166
-7.39409
-7.19209
-6.94682
-6.67313
2.17223
2.61726
3.09522
3.57184
3.99781
4.38057
4.70461
4.95338
5.11568
5.24889
5.33999
5.39074
5.42044
5.43893
5.44934
5.45404
5.45505
5.45366
5.45056
5.44593
5.43975
5.43177
5.42141
5.40792
5.39131
5.37248
5.35181
5.32935
5.30511
5.27907
5.25113
5.22109
5.18868
5.15344
5.11466
5.07122
5.02135
4.96238
4.89754
1.5754
1.0885
0.524807
-0.0751759
-0.654171
-1.25626
-1.84678
-2.40807
-2.94313
-3.44618
-3.90765
-4.34703
-4.75736
-5.13085
-5.47403
-5.79248
-6.08607
-6.35294
-6.59229
-6.80346
-6.98488
-7.13467
-7.25216
-7.33826
-7.39786
-7.43777
-7.46127
-7.46806
-7.4578
-7.43054
-7.38591
-7.32352
-7.24297
-7.14317
-7.02217
-6.87688
-6.7016
-6.48834
-6.25028
2.0276
2.44774
2.89941
3.34951
3.75263
4.11417
4.42295
4.65994
4.814
4.95511
5.04804
5.09661
5.12714
5.14842
5.16153
5.16857
5.17182
5.17268
5.17179
5.16938
5.1655
5.15998
5.15237
5.142
5.12877
5.11334
5.09602
5.07687
5.05585
5.03294
5.00802
4.98094
4.95137
4.9189
4.88285
4.84213
4.79507
4.73903
4.67743
1.48465
1.02082
0.483941
-0.0845575
-0.630725
-1.1954
-1.74269
-2.25914
-2.74178
-3.19851
-3.59175
-4.01189
-4.4132
-4.76631
-5.08956
-5.39279
-5.67309
-5.92713
-6.15461
-6.35528
-6.52757
-6.66968
-6.78093
-6.86234
-6.91861
-6.95628
-6.97872
-6.98559
-6.97703
-6.95324
-6.91245
-6.85617
-6.78389
-6.69445
-6.58604
-6.45592
-6.29902
-6.10804
-5.89513
1.91575
2.31517
2.74462
3.1682
3.54491
3.87541
4.15188
4.34894
4.4784
4.66293
4.77499
4.82773
4.86423
4.89288
4.91176
4.92307
4.9299
4.93397
4.93598
4.93625
4.93498
4.93211
4.92731
4.91996
4.90984
4.89738
4.88283
4.86628
4.84772
4.82709
4.80431
4.77926
4.75162
4.72105
4.68689
4.64807
4.60299
4.54902
4.48982
1.41284
0.967742
0.452932
-0.0893135
-0.606607
-1.13609
-1.64104
-2.10996
-2.53385
-2.93817
-3.24618
-3.66162
-4.07013
-4.41353
-4.72647
-5.0245
-5.30119
-5.55135
-5.77504
-5.97231
-6.14156
-6.28094
-6.3898
-6.46927
-6.52411
-6.5609
-6.58319
-6.59036
-6.58323
-6.56216
-6.52299
-6.47026
-6.40336
-6.32066
-6.22051
-6.1006
-5.95629
-5.78062
-5.58475
1.82628
2.20777
2.61611
3.01285
3.35996
3.65241
3.88564
4.02843
4.12252
4.3685
4.51315
4.57625
4.6225
4.66161
4.68868
4.70597
4.71757
4.72572
4.73127
4.73472
4.73642
4.7365
4.73471
4.73051
4.72351
4.71389
4.70187
4.6876
4.67108
4.65227
4.63113
4.6075
4.58113
4.55169
4.51856
4.48069
4.43656
4.38338
4.32486
1.3431
0.917016
0.42468
-0.0908495
-0.578981
-1.07292
-1.53609
-1.95804
-2.32617
-2.67893
-2.90707
-3.31359
-3.72652
-4.05974
-4.36091
-4.65196
-4.92392
-5.16948
-5.38876
-5.58217
-5.7482
-5.88475
-5.99133
-6.06905
-6.12265
-6.15875
-6.18108
-6.18879
-6.18334
-6.16542
-6.12837
-6.07971
-6.01878
-5.94331
-5.85175
-5.7422
-5.61053
-5.45033
-5.27366
1.73858
2.1021
2.48924
2.8593
3.17751
3.43239
3.62426
3.71547
3.77469
4.07012
4.2469
4.32045
4.37469
4.42305
4.45794
4.48096
4.49707
4.50904
4.518
4.52453
4.52909
4.53198
4.53314
4.53201
4.52804
4.52117
4.51164
4.49958
4.48504
4.46806
4.44857
4.42651
4.40167
4.37372
4.34206
4.30568
4.26305
4.2115
4.15565
1.2758
0.868817
0.399198
-0.0894994
-0.54841
-1.00678
-1.42905
-1.80461
-2.12035
-2.42031
-2.57707
-2.96956
-3.38207
-3.70504
-3.99388
-4.27625
-4.54224
-4.78248
-4.99683
-5.186
-5.34854
-5.4822
-5.58657
-5.66269
-5.71526
-5.75082
-5.77322
-5.78132
-5.77728
-5.76191
-5.72634
-5.68084
-5.62489
-5.55566
-5.47176
-5.37175
-5.25179
-5.10515
-4.94088
1.65321
1.9989
2.36491
2.70873
2.99885
3.21669
3.3694
3.41099
3.43714
3.76836
3.97541
4.06056
4.12158
4.17778
4.21992
4.2485
4.26887
4.28438
4.29645
4.30584
4.3131
4.31868
4.32264
4.32449
4.32349
4.31938
4.31237
4.30259
4.2901
4.27488
4.25686
4.23598
4.2121
4.18494
4.15399
4.11837
4.07653
4.02537
3.96799
1.21156
0.823567
0.376684
-0.0853205
-0.515266
-0.938441
-1.321
-1.65104
-1.91784
-2.16344
-2.2581
-2.6313
-3.03745
-3.34938
-3.62553
-3.8978
-4.15641
-4.3906
-4.59957
-4.78422
-4.94311
-5.07395
-5.17611
-5.2507
-5.30256
-5.3383
-5.36194
-5.37204
-5.37141
-5.36082
-5.32942
-5.28964
-5.2409
-5.17985
-5.10506
-5.01542
-4.90796
-4.77793
-4.63958
1.57094
1.89907
2.24418
2.56236
2.82528
3.00647
3.12206
3.11418
3.1096
3.46388
3.69789
3.79588
3.86327
3.92603
3.97459
4.00839
4.03287
4.05187
4.06698
4.07908
4.08887
4.09694
4.10347
4.1081
4.10985
4.10831
4.10367
4.09618
4.08602
4.07324
4.05786
4.03986
4.01901
3.99494
3.96706
3.93438
3.89568
3.84897
3.80131
1.15088
0.781545
0.357039
-0.0786827
-0.480259
-0.868989
-1.21338
-1.49914
-1.72037
-1.91005
-1.95136
-2.29999
-2.69325
-2.9927
-3.25587
-3.51684
-3.76674
-3.99401
-4.19712
-4.37698
-4.53226
-4.66068
-4.76124
-4.83459
-4.88504
-4.91924
-4.94149
-4.95021
-4.94881
-4.93819
-4.90617
-4.86745
-4.82158
-4.76502
-4.69654
-4.6152
-4.51724
-4.39479
-4.25063
1.49257
1.8036
2.12816
2.42156
2.65804
2.80291
2.88316
2.82435
2.7906
3.15707
3.41393
3.52552
3.59963
3.66846
3.72276
3.76102
3.78893
3.81102
3.82915
3.84414
3.85667
3.86738
3.87663
3.88413
3.88877
3.88984
3.88732
3.88136
3.87203
3.8593
3.8432
3.82383
3.80127
3.77551
3.7463
3.71274
3.67294
3.62224
3.56
1.09433
0.742753
0.339688
-0.0707502
-0.444785
-0.800164
-1.10784
-1.35066
-1.52924
-1.66172
-1.65781
-1.9765
-2.35022
-2.63513
-2.88461
-3.13307
-3.37308
-3.59275
-3.78963
-3.96426
-4.11544
-4.24106
-4.34064
-4.41555
-4.47003
-4.5099
-4.53923
-4.55617
-4.56449
-4.56493
-4.54316
-4.51519
-4.48053
-4.43502
-4.37741
-4.30755
-4.22477
-4.12874
-4.04174
1.4192
1.71394
2.01852
2.28804
2.49806
2.60598
2.65167
2.53891
2.47642
2.84755
3.12367
3.24846
3.32904
3.40397
3.46486
3.50828
3.53928
3.56308
3.5826
3.5992
3.61371
3.62672
3.63863
3.64912
3.65715
3.66212
3.66418
3.66367
3.66077
3.65551
3.64785
3.63753
3.62419
3.60713
3.58568
3.55919
3.52765
3.49208
3.46622
1.04258
0.707215
0.323837
-0.063059
-0.410944
-0.734414
-1.00638
-1.20692
-1.34514
-1.41977
-1.37776
-1.66121
-2.00897
-2.27682
-2.51129
-2.74557
-2.97414
-3.18559
-3.37667
-3.54721
-3.69531
-3.81766
-3.91196
-3.97835
-4.02202
-4.05086
-4.06943
-4.07586
-4.07408
-4.06477
-4.03463
-4.00123
-3.96413
-3.91928
-3.86536
-3.80128
-3.72128
-3.61216
-3.46106
1.35204
1.63172
1.9173
2.16404
2.34656
2.41594
2.42657
2.25498
2.16109
2.53269
2.82746
2.96613
3.05185
3.12977
3.19554
3.2458
3.28391
3.31332
3.33622
3.35436
3.36935
3.38257
3.39478
3.40547
3.41278
3.41538
3.41334
3.40692
3.39631
3.38169
3.3634
3.34191
3.31775
3.2913
3.26263
3.23056
3.19094
3.13408
3.0489
0.996259
0.675742
0.310272
-0.0553493
-0.379352
-0.673599
-0.911595
-1.07163
-1.1723
-1.18826
-1.1118
-1.35421
-1.66979
-1.91783
-2.13598
-2.35423
-2.56858
-2.76881
-2.95206
-3.11867
-3.26786
-3.39791
-3.50798
-3.59845
-3.67019
-3.7261
-3.77119
-3.80402
-3.83035
-3.85041
-3.84509
-3.83366
-3.81657
-3.789
-3.75014
-3.70174
-3.64884
-3.6013
-3.60112
1.29157
1.55748
1.82562
2.05168
2.20661
2.23907
2.21533
1.97411
1.83868
2.20638
2.52036
2.67877
2.77642
2.85765
2.91996
2.96494
3.00118
3.03452
3.06596
3.09458
3.11994
3.14245
3.16328
3.18376
3.20439
3.22391
3.24123
3.25633
3.26908
3.27926
3.28639
3.28981
3.28879
3.28273
3.27121
3.25475
3.23691
3.22655
3.25168
0.955784
0.649255
0.30047
-0.0458346
-0.348813
-0.61816
-0.82664
-0.952851
-1.02105
-0.974295
-0.861255
-1.05735
-1.33347
-1.55666
-1.75687
-1.95974
-2.16053
-2.34832
-2.51853
-2.66985
-2.79963
-2.90301
-2.97565
-3.01633
-3.03632
-3.04919
-3.05725
-3.05651
-3.04868
-3.03481
-3.00443
-2.97443
-2.94429
-2.91057
-2.87142
-2.82349
-2.75428
-2.63814
-2.43181
1.23782
1.49103
1.74361
1.95199
2.08185
2.08612
2.02947
1.69732
1.5065
1.86623
2.1895
2.36439
2.48658
2.59651
2.6806
2.73044
2.75275
2.75972
2.76145
2.76376
2.76897
2.77762
2.7886
2.79757
2.79872
2.79228
2.78113
2.76615
2.74775
2.72655
2.70342
2.67937
2.65522
2.63128
2.60653
2.57782
2.53556
2.45924
2.3171
0.921676
0.624921
0.288506
-0.0421228
-0.327158
-0.574376
-0.755457
-0.852899
-0.887506
-0.770073
-0.622599
-0.774855
-1.0058
-1.19397
-1.36676
-1.54936
-1.74017
-1.93064
-2.11644
-2.29608
-2.46868
-2.63458
-2.79427
-2.94322
-3.06542
-3.15547
-3.22787
-3.28617
-3.3433
-3.39607
-3.41894
-3.42948
-3.43313
-3.4268
-3.41
-3.3877
-3.37641
-3.40481
-3.54944
1.19433
1.43782
1.67719
1.86819
1.97142
1.94888
1.84005
1.39184
1.15638
1.52644
1.84984
2.01226
2.11946
2.22931
2.3465
2.46402
2.57452
2.66904
2.74266
2.796
2.833
2.8587
2.88015
2.90827
2.95091
3.00015
3.04586
3.08603
3.12084
3.15008
3.17279
3.18773
3.1942
3.19222
3.1838
3.17353
3.17514
3.2144
3.342
0.895871
0.595731
0.257797
-0.0681667
-0.340846
-0.564165
-0.707933
-0.760591
-0.732561
-0.534889
-0.378989
-0.501299
-0.694523
-0.848524
-0.98093
-1.11027
-1.23796
-1.36008
-1.4735
-1.57413
-1.65443
-1.70259
-1.70961
-1.68053
-1.65146
-1.64266
-1.64363
-1.63641
-1.61596
-1.59991
-1.56549
-1.53527
-1.51506
-1.49642
-1.47432
-1.44422
-1.38215
-1.24662
-0.942348
1.17062
1.41291
1.6438
1.8132
1.87538
1.79525
1.56441
0.988038
0.755414
1.17815
1.55872
1.77247
1.87473
1.89596
1.85226
1.77447
1.69376
1.6349
1.60521
1.60162
1.61727
1.64627
1.67964
1.69952
1.69072
1.66651
1.64365
1.62355
1.60504
1.58758
1.57261
1.56182
1.55614
1.55528
1.55664
1.55245
1.52124
1.42182
1.19223
0.881781
0.566008
0.212454
-0.122417
-0.392091
-0.59455
-0.69629
-0.687813
-0.567275
-0.287916
-0.128589
-0.209327
-0.363531
-0.521125
-0.687983
-0.867119
-1.05881
-1.26293
-1.48118
-1.71778
-1.9783
-2.26428
-2.56049
-2.83218
-3.02202
-3.13277
-3.23816
-3.32331
-3.46131
-3.6714
-3.5933
-3.58526
-3.6327
-3.66382
-3.66942
-3.6732
-3.71286
-3.83813
-4.14785
1.16918
1.41915
1.64871
1.79798
1.8137
1.65196
1.25088
0.56328
0.28471
0.659999
1.09674
1.53349
1.96236
2.37476
2.72464
2.98477
3.15969
3.25601
3.29283
3.29152
3.26998
3.24187
3.22656
3.25678
3.34747
3.45304
3.53574
3.59875
3.65011
3.69155
3.72068
3.73603
3.7383
3.72989
3.71658
3.70995
3.73948
3.85077
4.12071
127.29
124.121
120.217
115.681
110.441
104.602
98.4596
92.3195
86.3239
80.493
74.8198
69.3069
63.9655
58.8077
53.8419
49.0744
44.5089
40.1471
35.9898
32.0359
28.2828
24.7273
21.3649
18.1907
15.1996
12.3861
9.745
7.2712
4.9606
2.80873
0.811872
-1.03319
-2.72995
-4.28112
-5.68952
-6.95823
-8.09026
-9.08918
-9.9588
-10.7034
-11.3277
-11.837
-12.2371
-12.5341
-12.7348
-12.8462
-12.8756
-12.8303
-12.7177
-12.5453
-12.3203
-12.0497
-11.7403
-11.3984
-11.0301
-10.6407
-10.2354
-9.81852
-9.39415
-8.96579
-8.5365
-8.10886
-7.68512
-7.26703
-6.85623
-6.4536
-6.06066
-5.72805
-5.43183
-5.13905
-4.81334
-4.53986
-4.13605
-3.98829
-3.33697
-3.61585
-2.2718
-3.65237
-0.755237
-4.3515
127.065
123.124
118.453
113.538
108.398
103.15
97.9281
92.8225
87.8489
83.0221
78.3504
73.8407
69.5016
65.3393
61.3586
57.5625
53.9524
50.5287
47.2897
44.2323
41.3526
38.6454
36.1049
33.7248
31.4983
29.4187
27.4792
25.6732
23.9941
22.4358
20.9928
19.6592
18.4296
17.2988
16.2617
15.313
14.4476
13.6603
12.9457
12.2985
11.7133
11.1845
10.7068
10.2747
9.88298
9.52659
9.20062
8.9005
8.62194
8.36107
8.11435
7.87867
7.65132
7.42996
7.21268
6.99791
6.7844
6.57125
6.35781
6.14368
5.92867
5.71275
5.49602
5.27864
5.06091
4.84331
4.62586
4.44047
4.27566
4.10976
3.91887
3.76409
3.50507
3.44905
2.97598
3.27136
2.21145
3.42004
1.04273
4.23891
49.4319
48.8826
48.6638
48.4799
48.2498
47.9333
47.4846
46.8696
46.0594
45.0437
43.8312
42.437
40.8767
39.166
37.3211
35.3588
33.2973
31.1554
28.9515
26.7043
24.4319
22.152
19.8807
17.6334
15.424
13.265
11.1672
9.13988
7.19137
5.32812
3.55572
1.87888
0.300906
-1.17518
-2.54713
-3.81352
-4.97331
-6.02623
-6.9725
-7.81295
-8.54906
-9.18307
-9.71781
-10.1566
-10.5036
-10.7635
-10.9413
-11.0426
-11.0732
-11.0392
-10.9468
-10.8021
-10.6114
-10.3806
-10.1154
-9.8213
-9.50341
-9.16644
-8.81467
-8.45201
-8.08195
-7.7075
-7.33137
-6.95577
-6.58279
-6.21384
-5.85046
-5.54135
-5.26376
-4.99077
-4.68028
-4.42663
-4.03355
-3.90494
-3.26474
-3.54942
-2.24282
-3.57465
-0.807368
-4.23216
49.7504
49.8454
50.3277
50.8432
51.2259
51.4397
51.4607
51.2749
50.8806
50.2934
49.5278
48.5977
47.5202
46.3106
44.986
43.5634
42.0598
40.4922
38.8781
37.2338
35.5751
33.9164
32.271
30.6512
29.0672
27.528
26.0407
24.6113
23.244
21.942
20.7073
19.5411
18.4434
17.414
16.4518
15.5555
14.7232
13.9526
13.2413
12.5863
11.9846
11.4329
10.9276
10.4649
10.0412
9.65251
9.29506
8.96504
8.65882
8.37291
8.10405
7.84927
7.60583
7.37134
7.1437
6.92112
6.70213
6.48555
6.27045
6.05615
5.8422
5.62832
5.41438
5.20041
4.98651
4.77308
4.55992
4.37855
4.21696
4.05536
3.86723
3.71775
3.46132
3.40892
2.94531
3.22867
2.20839
3.35912
1.0848
4.12765
22.6211
22.3767
22.1554
21.9048
21.6488
21.4026
21.1679
20.9443
20.7268
20.5104
20.2878
20.0474
19.7759
19.4615
19.0932
18.6614
18.1587
17.5792
16.9186
16.1752
15.3494
14.4436
13.4622
12.4115
11.2994
10.1352
8.92942
7.69297
6.43758
5.1748
3.91605
2.67255
1.45452
0.271718
-0.86702
-1.95388
-2.98194
-3.94535
-4.83916
-5.65943
-6.40326
-7.06882
-7.65518
-8.1621
-8.59052
-8.94202
-9.21891
-9.42424
-9.56164
-9.63529
-9.6497
-9.60967
-9.52022
-9.38641
-9.2133
-9.00588
-8.76894
-8.50705
-8.2245
-7.92529
-7.61308
-7.29115
-6.96251
-6.62967
-6.29505
-5.96056
-5.62759
-5.34277
-5.08479
-4.83184
-4.53879
-4.30297
-3.92758
-3.80787
-3.19875
-3.46023
-2.23504
-3.46119
-0.887765
-4.06055
22.7128
22.6888
22.7555
22.8418
22.9697
23.1563
23.39
23.658
23.9509
24.2582
24.5642
24.8529
25.1113
25.3262
25.4867
25.5832
25.6083
25.5562
25.4234
25.2085
24.9119
24.5361
24.0851
23.5651
22.9831
22.3472
21.6662
20.9495
20.2063
19.4457
18.6766
17.907
17.1442
16.3947
15.6641
14.957
14.2772
13.6276
13.0103
12.4265
11.877
11.3616
10.8798
10.4306
10.0123
9.62324
9.26116
8.92373
8.60851
8.31296
8.03458
7.77093
7.51969
7.2787
7.046
6.81986
6.59877
6.38145
6.16686
5.95416
5.74272
5.53209
5.32201
5.11235
4.90311
4.69458
4.48639
4.30956
4.15185
3.99477
3.81084
3.66523
3.41603
3.36038
2.91892
3.1726
2.21715
3.27706
1.14518
3.99642
22.1487
22.0192
21.8513
21.6296
21.3508
21.0117
20.6161
20.1777
19.708
19.2132
18.696
18.1584
17.6026
17.0307
16.4439
15.8422
15.2253
14.5922
13.941
13.2694
12.5754
11.8562
11.1097
10.3343
9.52871
8.69284
7.82755
6.93467
6.01751
5.08013
4.12784
3.16688
2.20396
1.2464
0.301825
-0.622214
-1.51823
-2.37922
-3.19855
-3.97036
-4.68958
-5.35202
-5.95423
-6.49351
-6.96834
-7.37792
-7.72233
-8.00248
-8.21998
-8.37715
-8.47687
-8.52243
-8.51762
-8.46642
-8.37305
-8.24183
-8.07702
-7.88287
-7.66347
-7.42271
-7.16427
-6.89154
-6.60768
-6.31544
-6.01743
-5.71601
-5.41238
-5.15086
-4.91129
-4.67705
-4.40043
-4.18166
-3.82228
-3.71345
-3.12826
-3.37978
-2.20978
-3.37329
-0.921918
-3.9419
22.2208
22.2516
22.264
22.2415
22.1915
22.116
22.0161
21.898
21.7691
21.634
21.4953
21.3553
21.2162
21.0783
20.9417
20.8051
20.6664
20.5227
20.3704
20.2055
20.0238
19.8211
19.5937
19.3381
19.0517
18.733
18.381
17.9963
17.5803
17.1354
16.6651
16.1733
15.6647
15.1442
14.6169
14.0878
13.5615
13.0425
12.5346
12.0411
11.5648
11.1076
10.6711
10.2561
9.86296
9.49151
9.14114
8.81085
8.49938
8.20521
7.9267
7.66208
7.40959
7.16748
6.93408
6.70786
6.4874
6.27147
6.05901
5.84912
5.64111
5.43444
5.22873
5.02378
4.81945
4.61598
4.41284
4.24045
4.08638
3.9335
3.75349
3.61183
3.36857
3.31263
2.8862
3.12385
2.20841
3.21653
1.16699
3.91137
20.293
20.1816
20.0566
19.9175
19.7574
19.5695
19.3479
19.0917
18.8034
18.4809
18.1214
17.7239
17.2883
16.8148
16.3042
15.7573
15.1758
14.5616
13.9167
13.2435
12.5443
11.8214
11.0773
10.3141
9.53379
8.73834
7.9296
7.1093
6.27948
5.44208
4.59945
3.75444
2.91007
2.06996
1.23819
0.419139
-0.382432
-1.16166
-1.91347
-2.63291
-3.31521
-3.95592
-4.55106
-5.09714
-5.59149
-6.03196
-6.4172
-6.74661
-7.0202
-7.23876
-7.40374
-7.51704
-7.58115
-7.59897
-7.57375
-7.50894
-7.40817
-7.27513
-7.11355
-6.92704
-6.71913
-6.49314
-6.25226
-5.99934
-5.73708
-5.46819
-5.19362
-4.95526
-4.73398
-4.51834
-4.25811
-4.05671
-3.71245
-3.61708
-3.05069
-3.30236
-2.17038
-3.29787
-0.92965
-3.84887
20.3651
20.4091
20.4556
20.5058
20.5544
20.5917
20.6105
20.6084
20.5844
20.537
20.4651
20.3682
20.2466
20.1006
19.9313
19.7398
19.5278
19.2971
19.0494
18.7867
18.5105
18.2223
17.9232
17.614
17.2952
16.9669
16.629
16.2813
15.9236
15.5556
15.1776
14.7897
14.3929
13.9881
13.577
13.1614
12.7436
12.3259
11.9108
11.5008
11.0981
10.7048
10.3228
9.9536
9.59823
9.25742
8.9315
8.62042
8.32385
8.04112
7.77137
7.51353
7.26643
7.02881
6.79938
6.57693
6.36024
6.14824
5.93995
5.73452
5.53125
5.32958
5.1291
4.92954
4.73067
4.53273
4.33503
4.16731
4.01705
3.86846
3.69248
3.55512
3.31711
3.26299
2.84749
3.07685
2.1886
3.16422
1.169
3.84248
15.8656
15.759
15.6473
15.5305
15.403
15.2628
15.1083
14.9375
14.7533
14.5549
14.3402
14.1074
13.8548
13.5802
13.2817
12.9571
12.6047
12.2231
11.8109
11.3676
10.8931
10.3874
9.85132
9.28609
8.69324
8.07482
7.43316
6.7708
6.09067
5.39567
4.68892
3.97374
3.25334
2.53117
1.81078
1.09584
0.390187
-0.302262
-0.977367
-1.63106
-2.25924
-2.85796
-3.42343
-3.95205
-4.44076
-4.88677
-5.28784
-5.64237
-5.94921
-6.20796
-6.41876
-6.58232
-6.69991
-6.77327
-6.80463
-6.7965
-6.75168
-6.67322
-6.56424
-6.42795
-6.26754
-6.08613
-5.88676
-5.6723
-5.44534
-5.2089
-4.96359
-4.74875
-4.54629
-4.34982
-4.10677
-3.9233
-3.59508
-3.51368
-2.96704
-3.21902
-2.12633
-3.21648
-0.934643
-3.74748
15.9242
15.944
15.9718
16.0088
16.0515
16.0965
16.1401
16.1811
16.2191
16.253
16.2813
16.3024
16.3146
16.3157
16.304
16.2778
16.2353
16.175
16.096
15.9973
15.8785
15.7393
15.5801
15.4014
15.2041
14.9891
14.7577
14.5112
14.2508
13.9778
13.6936
13.3993
13.0961
12.785
12.4673
12.1442
11.8169
11.4867
11.1551
10.8236
10.4938
10.1672
9.84533
9.5295
9.22093
8.92062
8.62934
8.34759
8.07561
7.81339
7.56071
7.3171
7.08197
6.85456
6.63403
6.41951
6.21012
6.005
5.80333
5.60439
5.40755
5.21231
5.01823
4.82506
4.63254
4.44088
4.24931
4.08681
3.94087
3.797
3.62559
3.49286
3.26068
3.20853
2.80468
3.02529
2.16587
3.10626
1.17021
3.76499
12.2957
12.2099
12.1206
12.0258
11.9204
11.803
11.6732
11.5291
11.3734
11.2086
11.0341
10.8495
10.6542
10.4476
10.229
9.99748
9.75198
9.49148
9.21467
8.9202
8.60687
8.27334
7.9184
7.54113
7.1408
6.71705
6.26985
5.79956
5.3071
4.79372
4.26118
3.71169
3.14776
2.57228
1.98843
1.39962
0.809454
0.221646
-0.359879
-0.93123
-1.4885
-2.02781
-2.54541
-3.03758
-3.50101
-3.93253
-4.32935
-4.68914
-5.00996
-5.29044
-5.52973
-5.72748
-5.88391
-5.99968
-6.07599
-6.11442
-6.11692
-6.08574
-6.02336
-5.93242
-5.81568
-5.6759
-5.51584
-5.33827
-5.14557
-4.94098
-4.72466
-4.53338
-4.34994
-4.17287
-3.94754
-3.7822
-3.47101
-3.40328
-2.87837
-3.12884
-2.07925
-3.12738
-0.938062
-3.63602
12.3446
12.3646
12.391
12.4218
12.4552
12.4897
12.5234
12.5563
12.5888
12.6214
12.6537
12.6856
12.7165
12.746
12.7734
12.798
12.8186
12.8342
12.8436
12.8453
12.8379
12.8199
12.7899
12.7465
12.6887
12.6153
12.5257
12.4195
12.2965
12.157
12.0013
11.8301
11.6445
11.4454
11.234
11.0118
10.78
10.54
10.2934
10.0416
9.78598
9.52804
9.26917
9.01069
8.75383
8.49974
8.24939
8.00358
7.76293
7.52787
7.29863
7.07525
6.85759
6.64535
6.43813
6.23543
6.03668
5.84129
5.64869
5.45831
5.26966
5.0823
4.89587
4.71016
4.52489
4.34032
4.1556
3.99887
3.85775
3.71902
3.55274
3.42487
3.19929
3.1489
2.75803
2.96857
2.14067
3.04205
1.17096
3.68022
10.1335
10.068
9.99991
9.92748
9.84715
9.7577
9.65836
9.54747
9.42467
9.293
9.15242
9.00228
8.84213
8.67155
8.49019
8.29755
8.09325
7.87694
7.64814
7.40641
7.15137
6.88254
6.59937
6.30141
5.98811
5.65904
5.31374
4.95188
4.57337
4.17819
3.76667
3.33948
2.89753
2.44217
1.9751
1.4984
1.01451
0.526126
0.0363206
-0.451693
-0.934529
-1.4087
-1.87068
-2.3169
-2.74402
-3.14875
-3.52804
-3.87917
-4.19968
-4.48759
-4.7413
-4.95965
-5.14203
-5.2882
-5.39848
-5.47357
-5.5146
-5.52305
-5.50069
-5.44955
-5.37186
-5.26996
-5.14624
-5.00325
-4.84309
-4.6691
-4.48092
-4.31272
-4.14807
-3.99015
-3.78264
-3.63527
-3.34162
-3.28726
-2.78493
-3.03358
-2.02745
-3.03435
-0.934852
-3.52271
10.1757
10.2012
10.2317
10.2653
10.3013
10.3387
10.3752
10.4106
10.4452
10.4791
10.5119
10.5435
10.5736
10.602
10.6285
10.6528
10.6747
10.6938
10.7098
10.7223
10.7308
10.7347
10.7333
10.7259
10.7117
10.6896
10.6589
10.6185
10.5676
10.5053
10.4311
10.3443
10.2448
10.1324
10.0073
9.86998
9.72095
9.56102
9.39115
9.2124
9.02593
8.83297
8.63474
8.43249
8.22739
8.02063
7.81323
7.60613
7.40016
7.19598
6.99412
6.79494
6.59865
6.40531
6.21486
6.02713
5.84186
5.65872
5.47736
5.29743
5.11857
4.94048
4.76289
4.58564
4.40848
4.23175
4.05453
3.90406
3.76818
3.63491
3.47422
3.35143
3.13299
3.0844
2.70706
2.90763
2.1112
2.97439
1.16682
3.59447
8.59682
8.54403
8.48914
8.43143
8.3684
8.29906
8.22263
8.13831
8.04436
7.94227
7.83322
7.71657
7.59176
7.45827
7.31562
7.16324
7.00056
6.82709
6.6423
6.4457
6.2369
6.01552
5.78123
5.53378
5.27296
4.99866
4.71079
4.40934
4.09443
3.76617
3.42483
3.07084
2.70469
2.3271
1.93901
1.54157
1.13621
0.724618
0.308785
-0.109054
-0.526432
-0.940659
-1.34891
-1.74817
-2.13548
-2.50781
-2.86224
-3.196
-3.50648
-3.79139
-4.04873
-4.2768
-4.4744
-4.64061
-4.77506
-4.87771
-4.94895
-4.98956
-5.00063
-4.98357
-4.94006
-4.87194
-4.78121
-4.67009
-4.54033
-4.39532
-4.23408
-4.0882
-3.94188
-3.80268
-3.61288
-3.48314
-3.20729
-3.16608
-2.6866
-2.93384
-1.97005
-2.93859
-0.923773
-3.41005
8.63326
8.65862
8.68786
8.72012
8.7551
8.79207
8.82921
8.86604
8.90286
8.9397
8.97625
9.01231
9.04759
9.08178
9.1146
9.14565
9.17463
9.20114
9.22486
9.24541
9.26242
9.27555
9.28443
9.2887
9.288
9.28194
9.27008
9.25202
9.22727
9.19536
9.15578
9.10804
9.05169
8.9863
8.91152
8.82717
8.73312
8.62943
8.51629
8.39407
8.26328
8.12455
7.97863
7.82635
7.66858
7.50625
7.34023
7.1714
7.00057
6.82846
6.65571
6.48284
6.31026
6.13826
5.96703
5.79663
5.62705
5.4582
5.28994
5.1221
4.9545
4.78694
4.61928
4.45145
4.28324
4.11506
3.94599
3.80224
3.672
3.54451
3.38984
3.27233
3.0615
3.0149
2.65131
2.84256
2.07669
2.90399
1.15679
3.50883
7.27272
7.2282
7.18205
7.134
7.08203
7.02538
6.96336
6.89553
6.82072
6.73845
6.65041
6.55677
6.45699
6.35069
6.23748
6.11693
5.98856
5.85191
5.70648
5.55176
5.38727
5.2125
5.02699
4.83032
4.62207
4.40195
4.16969
3.92513
3.66824
3.39903
3.11769
2.82454
2.51997
2.20457
1.87906
1.54432
1.20141
0.851547
0.49619
0.136964
-0.224307
-0.585607
-0.944755
-1.29936
-1.64698
-1.98506
-2.311
-2.62227
-2.91635
-3.19091
-3.44383
-3.67314
-3.87727
-4.05488
-4.20505
-4.32718
-4.42107
-4.48686
-4.52505
-4.53648
-4.52225
-4.48373
-4.42242
-4.34026
-4.23853
-4.12063
-3.98493
-3.86041
-3.73182
-3.61078
-3.43846
-3.32596
-3.06804
-3.03972
-2.58328
-2.82938
-1.90709
-2.83951
-0.906026
-3.29677
7.30421
7.32704
7.35306
7.38175
7.41287
7.44599
7.47977
7.51375
7.54833
7.58357
7.61931
7.65546
7.69185
7.7283
7.76463
7.8006
7.83593
7.87031
7.90345
7.93498
7.9645
7.99162
8.01591
8.03695
8.0543
8.06753
8.0762
8.07991
8.07827
8.07089
8.0574
8.03747
8.01079
7.97703
7.9359
7.8872
7.83069
7.76624
7.69377
7.61329
7.5249
7.4288
7.3253
7.21477
7.09771
6.97467
6.84624
6.71306
6.57578
6.435
6.29134
6.14532
5.99741
5.84802
5.69744
5.54592
5.39361
5.24059
5.08689
4.93249
4.77737
4.62148
4.46475
4.30722
4.14875
3.98982
3.82951
3.69295
3.56878
3.44739
3.29918
3.1872
2.98445
2.94004
2.59048
2.77294
2.0371
2.83021
1.1417
3.42183
6.15084
6.11313
6.07416
6.03381
5.99042
5.9434
5.89219
5.83628
5.77522
5.70787
5.63488
5.55734
5.47502
5.38754
5.2946
5.1959
5.09111
4.97989
4.86189
4.73671
4.60401
4.46338
4.31444
4.1568
3.99006
3.81387
3.62787
3.43177
3.22532
3.00833
2.7807
2.54246
2.29371
2.03471
1.76586
1.48773
1.20101
0.906601
0.60558
0.299179
-0.0111923
-0.323953
-0.637368
-0.949501
-1.25836
-1.56178
-1.85753
-2.14336
-2.41698
-2.67619
-2.91887
-3.143
-3.34684
-3.52878
-3.68756
-3.82219
-3.93197
-4.01658
-4.076
-4.11052
-4.12074
-4.10757
-4.07204
-4.01573
-3.93945
-3.84655
-3.73472
-3.63043
-3.51881
-3.4152
-3.25998
-3.16418
-2.92417
-2.90836
-2.47511
-2.72011
-1.83882
-2.73662
-0.882476
-3.18165
6.1782
6.19891
6.22229
6.24789
6.27551
6.30491
6.3351
6.36568
6.39706
6.42932
6.46234
6.49611
6.53053
6.56551
6.60096
6.63676
6.67277
6.7088
6.74469
6.78022
6.81514
6.84916
6.882
6.9133
6.94271
6.96981
6.99419
7.01541
7.03303
7.04659
7.05563
7.05973
7.0585
7.05152
7.03845
7.019
6.99287
6.95986
6.91978
6.87253
6.81805
6.75633
6.68745
6.61156
6.52885
6.43964
6.34423
6.24304
6.13648
6.02502
5.90911
5.78922
5.66578
5.53917
5.40976
5.27785
5.14368
5.00746
4.86931
4.72936
4.58769
4.44435
4.29939
4.15293
4.00489
3.85584
3.70489
3.57596
3.45824
3.34327
3.20196
3.09576
2.90153
2.85952
2.52431
2.69844
1.9924
2.75256
1.12209
3.33255
5.24616
5.21423
5.18128
5.14736
5.1111
5.07201
5.0297
4.98361
4.93346
4.87857
4.81832
4.75376
4.68535
4.61274
4.53565
4.45384
4.36702
4.27494
4.17728
4.07376
3.96411
3.84799
3.7251
3.59516
3.45786
3.31291
3.16002
2.99894
2.82943
2.65128
2.46432
2.26846
2.06365
1.84992
1.62742
1.3964
1.15724
0.910471
0.656777
0.396997
0.132134
-0.13664
-0.407997
-0.680412
-0.952271
-1.22179
-1.48709
-1.74622
-1.99715
-2.23787
-2.46638
-2.68073
-2.87911
-3.05983
-3.22144
-3.36266
-3.4825
-3.58024
-3.65545
-3.70799
-3.73802
-3.746
-3.73252
-3.69882
-3.64522
-3.57499
-3.48514
-3.39972
-3.30412
-3.21705
-3.07834
-2.99853
-2.77623
-2.77242
-2.36236
-2.60623
-1.7655
-2.62996
-0.853388
-3.06469
5.27004
5.28903
5.31025
5.33332
5.35811
5.38445
5.41163
5.4393
5.46786
5.49733
5.52767
5.55886
5.59085
5.62359
5.65701
5.69104
5.7256
5.76057
5.79584
5.83128
5.86673
5.90201
5.93693
5.97128
6.00482
6.03727
6.06833
6.0977
6.12501
6.14991
6.17198
6.19082
6.20602
6.21715
6.22379
6.22555
6.22204
6.21293
6.19789
6.17668
6.14909
6.11496
6.07419
6.02675
5.97265
5.912
5.84493
5.77162
5.69234
5.60735
5.51698
5.42155
5.3214
5.21687
5.10829
4.99595
4.88014
4.76108
4.639
4.51407
4.38645
4.2563
4.12372
3.98893
3.8519
3.71325
3.57215
3.45123
3.34031
3.23207
3.09803
2.99783
2.81255
2.77316
2.4526
2.61885
1.94251
2.67084
1.09806
3.24053
4.51129
4.48404
4.45596
4.42719
4.39663
4.36388
4.32864
4.29047
4.24899
4.20393
4.15453
4.10079
4.04365
3.98315
3.91899
3.85092
3.77873
3.70218
3.62103
3.53502
3.44391
3.34743
3.2453
3.13728
3.02308
2.90248
2.7752
2.64103
2.49975
2.35116
2.19512
2.0315
1.86024
1.68129
1.49472
1.30064
1.09926
0.890869
0.675915
0.454937
0.228609
-0.00224824
-0.236677
-0.473533
-0.711578
-0.949404
-1.18547
-1.41816
-1.64574
-1.86643
-2.07844
-2.27994
-2.46922
-2.64456
-2.80445
-2.94749
-3.07246
-3.1784
-3.26458
-3.33051
-3.37597
-3.40106
-3.40595
-3.39158
-3.35779
-3.30777
-3.23782
-3.16974
-3.08906
-3.01745
-2.89448
-2.82981
-2.62484
-2.63239
-2.24539
-2.48798
-1.68734
-2.51961
-0.819387
-2.94593
4.5322
4.54947
4.56859
4.58929
4.61146
4.635
4.65932
4.68422
4.71005
4.73679
4.76445
4.79301
4.82243
4.85272
4.88382
4.91569
4.94828
4.9815
5.01529
5.04954
5.08416
5.119
5.15394
5.18881
5.22344
5.25762
5.29116
5.3238
5.35531
5.38541
5.41378
5.44013
5.46412
5.48539
5.50359
5.51832
5.52923
5.53593
5.53807
5.5353
5.52731
5.51382
5.49459
5.46943
5.43819
5.4008
5.35722
5.30746
5.2516
5.18976
5.1221
5.04881
4.97011
4.88624
4.79745
4.70399
4.60611
4.50405
4.39804
4.28828
4.17498
4.05834
3.93851
3.81577
3.69013
3.56228
3.43143
3.31882
3.215
3.11371
2.98728
2.8933
2.71732
2.68077
2.37515
2.53396
1.8873
2.58481
1.06979
3.14529
3.89694
3.8735
3.84934
3.82467
3.79865
3.77093
3.74125
3.7093
3.6747
3.63719
3.59644
3.5518
3.50373
3.45284
3.399
3.34195
3.28148
3.21741
3.14954
3.07767
3.00156
2.92101
2.83578
2.74565
2.65038
2.54975
2.44352
2.33147
2.21341
2.08912
1.95846
1.82127
1.67746
1.52694
1.36971
1.20581
1.03536
0.858522
0.67559
0.486926
0.292996
0.0943817
-0.108224
-0.313973
-0.521927
-0.730998
-0.939971
-1.14753
-1.35224
-1.5526
-1.74704
-1.93394
-2.1117
-2.27871
-2.43348
-2.57457
-2.70068
-2.81069
-2.90365
-2.97884
-3.03574
-3.07416
-3.09391
-3.09566
-3.0788
-3.04642
-2.99419
-2.94179
-2.8748
-2.81744
-2.7093
-2.65877
-2.4706
-2.48873
-2.12451
-2.36548
-1.60461
-2.40547
-0.78106
-2.82475
3.91528
3.93082
3.94792
3.96635
3.98604
4.0069
4.02848
4.05067
4.07379
4.09778
4.12269
4.1485
4.17521
4.20283
4.23132
4.26067
4.29084
4.32181
4.35352
4.38591
4.41891
4.45243
4.48638
4.52064
4.55508
4.58956
4.6239
4.65792
4.69143
4.7242
4.75599
4.78655
4.8156
4.84286
4.86803
4.89077
4.91077
4.92768
4.94117
4.95091
4.95654
4.95775
4.95424
4.94573
4.93197
4.91276
4.88793
4.85735
4.82094
4.77868
4.73059
4.6767
4.61713
4.55199
4.48143
4.40563
4.32477
4.23905
4.14868
4.05384
3.95476
3.85163
3.74466
3.63413
3.5201
3.40328
3.28293
3.17885
3.08236
2.98821
2.86966
2.78207
2.61572
2.58221
2.29179
2.44354
1.82674
2.49397
1.03764
3.04573
3.37664
3.35638
3.33548
3.31419
3.29186
3.2682
3.243
3.21602
3.18693
3.15545
3.12142
3.08437
3.04394
3.00078
2.95521
2.90701
2.85598
2.80194
2.74472
2.68418
2.62011
2.55235
2.48069
2.40495
2.32493
2.24044
2.15126
2.05721
1.95811
1.85375
1.74399
1.62866
1.50765
1.38084
1.24818
1.10965
0.965265
0.815126
0.659393
0.498298
0.332158
0.161378
-0.0135405
-0.191967
-0.373193
-0.55638
-0.740575
-0.924721
-1.10765
-1.28811
-1.46477
-1.63623
-1.80104
-1.95777
-2.10498
-2.24128
-2.36537
-2.47606
-2.57228
-2.65315
-2.71795
-2.76624
-2.79755
-2.81235
-2.80959
-2.7923
-2.75555
-2.71708
-2.66244
-2.61803
-2.5237
-2.48615
-2.31414
-2.34189
-2.00028
-2.23884
-1.51796
-2.28714
-0.73952
-2.70002
3.39274
3.40665
3.42188
3.43823
3.45565
3.47407
3.49312
3.51281
3.53337
3.55476
3.57702
3.60015
3.62417
3.64907
3.67486
3.70152
3.72906
3.75745
3.78667
3.81667
3.84744
3.87889
3.91099
3.94365
3.97678
4.01028
4.04402
4.07788
4.1117
4.14532
4.17853
4.21112
4.24289
4.27358
4.30293
4.33067
4.35649
4.38011
4.4012
4.41946
4.43455
4.44616
4.45397
4.45767
4.45698
4.45162
4.44134
4.42593
4.40522
4.37905
4.34732
4.30996
4.26696
4.21832
4.16409
4.10434
4.0392
3.96877
3.89321
3.81269
3.72739
3.6375
3.54322
3.44484
3.34243
3.23671
3.12697
3.03154
2.9425
2.85562
2.74516
2.66409
2.50762
2.47729
2.20248
2.34728
1.76113
2.39775
1.00245
2.93998
2.9351
2.91754
2.8994
2.88093
2.86164
2.84132
2.81979
2.79684
2.77223
2.7457
2.71705
2.68609
2.65232
2.6157
2.57689
2.53594
2.49263
2.44679
2.3983
2.34699
2.29273
2.23537
2.17473
2.11067
2.04301
1.97158
1.89621
1.81674
1.73299
1.64481
1.55204
1.45455
1.35219
1.24486
1.13248
1.01499
0.892366
0.764639
0.631886
0.494242
0.351905
0.205144
0.0543113
-0.100136
-0.257675
-0.417668
-0.579374
-0.741957
-0.904477
-1.06591
-1.22513
-1.38095
-1.53213
-1.67736
-1.81535
-1.94481
-2.06446
-2.17313
-2.26971
-2.35322
-2.4228
-2.47788
-2.51773
-2.54268
-2.55131
-2.54658
-2.52305
-2.49672
-2.45305
-2.42019
-2.33854
-2.31271
-2.15617
-2.1923
-1.87335
-2.10791
-1.42831
-2.16395
-0.695893
-2.56987
2.94925
2.96168
2.97522
2.9897
3.00511
3.02134
3.03812
3.05556
3.07379
3.09279
3.11261
3.13325
3.15472
3.17703
3.2002
3.22424
3.24913
3.27488
3.30147
3.3289
3.35714
3.38615
3.41591
3.44636
3.47745
3.5091
3.54123
3.57375
3.60655
3.6395
3.67246
3.70527
3.73775
3.76971
3.80092
3.83117
3.86019
3.88773
3.9135
3.93721
3.95857
3.97725
3.99296
4.00537
4.01419
4.01911
4.01985
4.01615
4.00775
3.99444
3.97604
3.95238
3.92335
3.88885
3.84885
3.80333
3.7523
3.69582
3.63396
3.56685
3.4946
3.41739
3.33539
3.24886
3.15787
3.06313
2.96398
2.87719
2.79566
2.71609
2.61383
2.53934
2.39302
2.36584
2.10722
2.2446
1.69095
2.29452
0.965522
2.8255
2.55825
2.54298
2.52719
2.51112
2.49438
2.47682
2.45832
2.43869
2.41774
2.39526
2.37102
2.3449
2.31666
2.28586
2.25274
2.21778
2.18092
2.14193
2.10067
2.05704
2.01091
1.96216
1.91064
1.85622
1.79876
1.73811
1.67412
1.60664
1.53554
1.46066
1.38188
1.29905
1.21206
1.1208
1.02518
0.925122
0.820592
0.711574
0.598099
0.48024
0.358114
0.231897
0.101828
-0.0317664
-0.168506
-0.307914
-0.449427
-0.592392
-0.736062
-0.879616
-1.02213
-1.16259
-1.29996
-1.43308
-1.56082
-1.68201
-1.79547
-1.90004
-1.99463
-2.07827
-2.15
-2.20915
-2.25484
-2.28728
-2.30476
-2.31017
-2.29767
-2.28166
-2.24758
-2.22475
-2.15472
-2.13897
-1.99768
-2.03986
-1.74504
-1.97194
-1.33773
-2.03341
-0.652912
-2.43087
2.57068
2.58176
2.59377
2.60658
2.62019
2.63446
2.64924
2.66465
2.68079
2.69763
2.71522
2.73357
2.75269
2.77261
2.79333
2.81486
2.83722
2.86041
2.88443
2.90927
2.93493
2.9614
2.98864
3.01664
3.04534
3.07472
3.10472
3.13526
3.16627
3.19765
3.22931
3.26111
3.29294
3.32462
3.356
3.38688
3.41706
3.44633
3.47443
3.50112
3.52613
3.54917
3.56996
3.58819
3.60356
3.61577
3.62452
3.62952
3.63049
3.62716
3.61929
3.60667
3.5891
3.56642
3.53851
3.50525
3.46661
3.42254
3.37306
3.31821
3.25808
3.19276
3.12239
3.04721
2.96726
2.88321
2.79444
2.71619
2.64213
2.56979
2.47585
2.40776
2.27212
2.24741
2.00672
2.13421
1.61804
2.18175
0.931035
2.69726
2.23497
2.22138
2.20725
2.1928
2.17773
2.16199
2.14554
2.12831
2.11021
2.09115
2.071
2.04957
2.0267
2.0019
1.97455
1.94472
1.91285
1.87927
1.84394
1.80662
1.76715
1.72544
1.68139
1.63489
1.58581
1.53401
1.4794
1.42183
1.36117
1.2973
1.2301
1.15945
1.08524
1.00735
0.925705
0.840226
0.750857
0.657563
0.560343
0.459231
0.354293
0.245638
0.133431
0.0179001
-0.10068
-0.22195
-0.345487
-0.47079
-0.597261
-0.724262
-0.851032
-0.976735
-1.10049
-1.22134
-1.33829
-1.45028
-1.55625
-1.65515
-1.74593
-1.82763
-1.89927
-1.96015
-2.00929
-2.04677
-2.07074
-2.08395
-2.08041
-2.07279
-2.04708
-2.03245
-1.97343
-1.9652
-1.84012
-1.88402
-1.61739
-1.82906
-1.24907
-1.89318
-0.61468
-2.28008
2.24613
2.25618
2.26696
2.27837
2.29039
2.30291
2.31591
2.32952
2.34376
2.35864
2.37421
2.39046
2.40741
2.4251
2.44353
2.46271
2.48266
2.50339
2.52491
2.54722
2.57032
2.59421
2.61887
2.6443
2.67048
2.69737
2.72493
2.75312
2.78189
2.81118
2.8409
2.87097
2.90127
2.9317
2.96213
2.99238
3.02231
3.05175
3.08049
3.10831
3.13498
3.16025
3.18387
3.20557
3.22505
3.24204
3.25624
3.26734
3.27507
3.27914
3.27928
3.27523
3.26673
3.25359
3.23563
3.21266
3.18456
3.15126
3.11265
3.06875
3.01959
2.96516
2.90557
2.84103
2.77154
2.69772
2.61897
2.54898
2.48231
2.41692
2.33151
2.26917
2.14542
2.12105
1.90221
2.01396
1.54496
2.0557
0.903115
2.55141
1.87129
1.86026
1.84875
1.83699
1.82477
1.81203
1.79874
1.78479
1.77007
1.75447
1.73783
1.71999
1.7008
1.68011
1.65771
1.63359
1.60789
1.58068
1.55194
1.52162
1.48959
1.45576
1.42003
1.38234
1.34255
1.30057
1.25631
1.20966
1.1605
1.10873
1.05424
0.99694
0.936707
0.873455
0.807085
0.737531
0.664721
0.588598
0.509129
0.426315
0.340166
0.250729
0.15809
0.062387
-0.0362173
-0.13748
-0.241122
-0.346794
-0.45407
-0.562476
-0.671448
-0.780344
-0.888479
-0.99508
-1.09932
-1.2003
-1.29712
-1.38883
-1.47447
-1.5531
-1.62379
-1.68577
-1.73803
-1.78042
-1.81123
-1.83242
-1.83906
-1.83983
-1.82465
-1.81722
-1.7737
-1.76934
-1.66948
-1.70619
-1.48394
-1.6637
-1.16287
-1.73137
-0.586629
-2.11184
1.88048
1.88888
1.89788
1.90743
1.9175
1.92799
1.93895
1.95046
1.96251
1.97513
1.98835
2.00217
2.01662
2.03173
2.04751
2.06395
2.08111
2.09899
2.11759
2.13694
2.15702
2.17788
2.19949
2.22185
2.24496
2.26881
2.29338
2.31863
2.34455
2.37112
2.39825
2.42589
2.45398
2.48247
2.51122
2.54012
2.56907
2.59794
2.62658
2.6548
2.68242
2.70922
2.73502
2.75959
2.78266
2.80398
2.82328
2.84025
2.85465
2.86616
2.8745
2.87941
2.88056
2.87771
2.87065
2.85912
2.8429
2.82186
2.79584
2.76473
2.72849
2.68707
2.64051
2.5889
2.53224
2.47099
2.40481
2.34494
2.28797
2.23057
2.15747
2.09994
1.99543
1.96541
1.78346
1.8635
1.47032
1.8961
0.88849
2.36934
1.51001
1.50152
1.49262
1.48356
1.47415
1.46432
1.45407
1.4433
1.43189
1.41971
1.40663
1.39251
1.3773
1.36094
1.34348
1.32492
1.30521
1.28426
1.262
1.23848
1.21368
1.18752
1.15988
1.13071
1.09993
1.06744
1.03319
0.997067
0.958993
0.918878
0.876635
0.832178
0.785411
0.736249
0.684598
0.630392
0.573556
0.514024
0.45174
0.386676
0.318797
0.248112
0.174634
0.0984242
0.0195626
-0.0618312
-0.145583
-0.231491
-0.319283
-0.408637
-0.499173
-0.590451
-0.681952
-0.773099
-0.863265
-0.951731
-1.03775
-1.12052
-1.1992
-1.27296
-1.34088
-1.40223
-1.45598
-1.5019
-1.53815
-1.56658
-1.58211
-1.59176
-1.58553
-1.58757
-1.55586
-1.56198
-1.47801
-1.52345
-1.32446
-1.50513
-1.04221
-1.59338
-0.515096
-2.0027
1.5172
1.52389
1.53107
1.53869
1.54672
1.55513
1.56395
1.57323
1.58295
1.59316
1.60387
1.61507
1.62682
1.63913
1.652
1.66545
1.67952
1.69422
1.70957
1.72558
1.74224
1.75961
1.77769
1.79645
1.81593
1.83613
1.85705
1.87868
1.90099
1.924
1.94767
1.97196
1.99684
2.0223
2.04824
2.07459
2.10128
2.12825
2.15535
2.18248
2.20951
2.23626
2.26261
2.28834
2.31325
2.33716
2.35981
2.38092
2.40028
2.4176
2.43258
2.44499
2.45448
2.46078
2.46363
2.46276
2.45787
2.44878
2.43523
2.41705
2.39412
2.36632
2.33359
2.29594
2.25332
2.20606
2.15389
2.10582
2.0594
2.01244
1.95129
1.90395
1.81398
1.79159
1.63013
1.71021
1.35056
1.76211
0.808753
2.27564
1.227
1.22013
1.21287
1.20543
1.19768
1.18957
1.18113
1.17234
1.16318
1.15358
1.14347
1.13276
1.12139
1.10923
1.09618
1.08211
1.06688
1.05051
1.03306
1.01456
0.995052
0.974485
0.952776
0.929859
0.905659
0.880127
0.853191
0.824783
0.794836
0.763272
0.730024
0.695017
0.65817
0.619412
0.578667
0.535864
0.490937
0.443823
0.394469
0.342825
0.288853
0.232535
0.173854
0.112833
0.0495002
-0.0160839
-0.0838182
-0.153588
-0.225215
-0.298494
-0.373164
-0.448924
-0.525402
-0.602171
-0.678767
-0.754636
-0.829184
-0.901777
-0.971707
-1.03827
-1.10065
-1.15822
-1.20995
-1.25568
-1.29351
-1.32528
-1.34579
-1.36107
-1.36094
-1.36977
-1.34683
-1.36141
-1.28975
-1.34385
-1.16264
-1.34866
-0.913977
-1.46091
-0.43183
-1.90367
1.23291
1.23847
1.24439
1.25062
1.25715
1.26401
1.27121
1.27878
1.28672
1.29507
1.30382
1.31299
1.32261
1.3327
1.34326
1.35431
1.36589
1.37799
1.39065
1.40387
1.41765
1.43204
1.44705
1.46266
1.47892
1.4958
1.51334
1.53153
1.55037
1.56985
1.58998
1.61072
1.63207
1.65403
1.67652
1.69952
1.72299
1.74685
1.77105
1.7955
1.82011
1.84476
1.86935
1.8937
1.91771
1.94119
1.96394
1.98575
2.00643
2.02575
2.04343
2.05924
2.07291
2.08414
2.09269
2.09828
2.1006
2.09943
2.0945
2.08559
2.07253
2.05513
2.03327
2.00689
1.97588
1.94048
1.90044
1.86282
1.82585
1.78842
1.73821
1.70071
1.62399
1.61031
1.46651
1.55168
1.21809
1.63076
0.714381
2.19582
0.993819
0.988365
0.982583
0.976637
0.970424
0.963913
0.957117
0.950043
0.94269
0.935026
0.927002
0.918556
0.909643
0.90018
0.890085
0.879267
0.867585
0.854953
0.841371
0.826882
0.811526
0.795323
0.778251
0.760235
0.741206
0.721125
0.699931
0.677569
0.653994
0.629137
0.602942
0.575348
0.546286
0.515697
0.483522
0.449692
0.414153
0.376848
0.337725
0.296735
0.253839
0.209009
0.162215
0.11346
0.0627484
0.0101062
-0.0444091
-0.100732
-0.158749
-0.218329
-0.279287
-0.341425
-0.404477
-0.468126
-0.532043
-0.595799
-0.658944
-0.720987
-0.78136
-0.839492
-0.894688
-0.946437
-0.993797
-1.03669
-1.07326
-1.10534
-1.12775
-1.14594
-1.14956
-1.1627
-1.14623
-1.16666
-1.1054
-1.16544
-1.00129
-1.18945
-0.784311
-1.32284
-0.347886
-1.78918
0.998543
1.00304
1.00783
1.01285
1.01813
1.02369
1.02953
1.03566
1.04211
1.04889
1.056
1.06346
1.07129
1.07952
1.08813
1.09716
1.10663
1.11653
1.12691
1.13775
1.14908
1.16093
1.17329
1.18618
1.19963
1.21363
1.22819
1.24333
1.25904
1.27533
1.29222
1.30966
1.32767
1.34626
1.36536
1.38497
1.40508
1.42562
1.44655
1.46784
1.48939
1.51114
1.53301
1.55487
1.57664
1.59819
1.61935
1.63997
1.65989
1.67892
1.69683
1.71344
1.72851
1.74178
1.75304
1.76202
1.76843
1.77207
1.77266
1.76996
1.7638
1.75395
1.74025
1.72261
1.70087
1.67519
1.64533
1.61669
1.58801
1.55903
1.5188
1.49018
1.42614
1.42029
1.29454
1.38341
1.07855
1.48845
0.617829
2.09033
0.792059
0.787819
0.783288
0.778612
0.773715
0.768572
0.763189
0.757572
0.751729
0.745648
0.739314
0.732688
0.725728
0.718377
0.710589
0.702311
0.693447
0.683892
0.673563
0.662441
0.650563
0.637968
0.624692
0.610705
0.595944
0.580366
0.56392
0.546563
0.52826
0.50896
0.488615
0.467179
0.444592
0.42081
0.395781
0.36945
0.34177
0.312688
0.28216
0.250142
0.216593
0.181484
0.144781
0.106473
0.0665505
0.0250188
-0.0180941
-0.0627535
-0.108894
-0.156429
-0.205243
-0.255197
-0.30611
-0.357753
-0.409891
-0.462208
-0.514365
-0.56599
-0.616636
-0.665865
-0.713094
-0.757941
-0.799555
-0.837971
-0.871393
-0.901711
-0.923827
-0.942877
-0.948467
-0.963959
-0.951998
-0.97624
-0.923491
-0.987412
-0.838671
-1.027
-0.650633
-1.17826
-0.259293
-1.66033
0.795747
0.799301
0.803095
0.807064
0.811246
0.815647
0.820277
0.82514
0.830251
0.83563
0.841282
0.847219
0.853452
0.859994
0.866858
0.874068
0.881623
0.889536
0.897831
0.906518
0.915617
0.925129
0.935072
0.94546
0.956309
0.967626
0.979414
0.991699
1.00448
1.01776
1.03155
1.04584
1.06065
1.07596
1.09176
1.10803
1.12478
1.14196
1.15955
1.17751
1.19579
1.21436
1.23313
1.25205
1.27101
1.28994
1.30873
1.32724
1.34534
1.3629
1.37973
1.39567
1.41055
1.42414
1.43624
1.44665
1.45511
1.46142
1.46534
1.46665
1.46515
1.46063
1.45293
1.44192
1.42747
1.40962
1.38819
1.36715
1.34562
1.32402
1.2927
1.27207
1.2198
1.22108
1.11271
1.20459
0.928404
1.33345
0.512373
1.96328
0.615289
0.612082
0.608646
0.60508
0.601328
0.597373
0.59322
0.588873
0.584339
0.579612
0.574691
0.569567
0.564215
0.558593
0.552669
0.546409
0.539758
0.532646
0.524995
0.516724
0.507808
0.498277
0.488175
0.477524
0.46631
0.454492
0.442018
0.42885
0.414965
0.400323
0.384887
0.368621
0.351477
0.333424
0.31442
0.294418
0.273382
0.251268
0.22804
0.20366
0.178094
0.151309
0.123276
0.0939773
0.0633981
0.0315309
-0.00161373
-0.0360209
-0.0716569
-0.108468
-0.146387
-0.185315
-0.22514
-0.265701
-0.306833
-0.348317
-0.3899
-0.431308
-0.472206
-0.512271
-0.551037
-0.588227
-0.623101
-0.655808
-0.684645
-0.711567
-0.731617
-0.749871
-0.755904
-0.772112
-0.762937
-0.789222
-0.743092
-0.809195
-0.673848
-0.861085
-0.510634
-1.02637
-0.161606
-1.51697
0.618108
0.620846
0.623764
0.626817
0.630036
0.633423
0.636987
0.64073
0.644669
0.648814
0.653168
0.657745
0.662551
0.667598
0.672901
0.678469
0.684307
0.690426
0.696846
0.703576
0.710626
0.718005
0.725728
0.733802
0.742246
0.751065
0.76026
0.769856
0.779856
0.790271
0.801103
0.812348
0.824028
0.836139
0.848654
0.861592
0.874947
0.888691
0.902815
0.917302
0.932101
0.947201
0.962559
0.978106
0.993797
1.00956
1.02533
1.041
1.05647
1.07164
1.08638
1.10054
1.11401
1.12658
1.13811
1.14843
1.15732
1.16462
1.17011
1.17361
1.17494
1.17391
1.17036
1.16417
1.1552
1.14347
1.12882
1.11407
1.09858
1.08327
1.05975
1.04611
1.00449
1.01206
0.919833
1.0142
0.764891
1.16436
0.391768
1.81737
0.453968
0.451653
0.449184
0.446629
0.443932
0.441066
0.438041
0.43487
0.431552
0.428084
0.424473
0.420719
0.416818
0.412756
0.408505
0.404032
0.399313
0.394319
0.389001
0.383281
0.37708
0.370367
0.363163
0.355506
0.34743
0.338921
0.329935
0.320436
0.310402
0.299812
0.288638
0.276854
0.264425
0.251327
0.237527
0.222991
0.207692
0.191599
0.174682
0.156914
0.138266
0.118712
0.0982307
0.0768035
0.0544167
0.0310614
0.00673796
-0.0185479
-0.0447778
-0.0719226
-0.0999398
-0.128769
-0.158337
-0.18854
-0.219269
-0.250373
-0.281679
-0.312995
-0.344081
-0.374719
-0.404547
-0.433401
-0.46065
-0.486563
-0.509548
-0.531616
-0.548028
-0.563992
-0.5691
-0.584525
-0.576557
-0.603183
-0.561937
-0.628439
-0.504494
-0.688884
-0.362329
-0.862308
-0.0537769
-1.34342
0.456016
0.458011
0.460135
0.46236
0.464706
0.467179
0.469784
0.47252
0.475401
0.478433
0.481619
0.484971
0.488496
0.492202
0.4961
0.500192
0.504487
0.508997
0.513734
0.518702
0.523906
0.529363
0.535086
0.541071
0.547336
0.55389
0.560732
0.567881
0.575341
0.58312
0.591221
0.599644
0.608406
0.617502
0.62692
0.636678
0.646769
0.657174
0.667886
0.678909
0.690201
0.701753
0.713539
0.72551
0.737649
0.749893
0.762203
0.774512
0.786741
0.798823
0.810654
0.822145
0.833199
0.843673
0.853456
0.862418
0.870394
0.877256
0.882831
0.886982
0.889555
0.890385
0.889368
0.886378
0.881291
0.874134
0.864747
0.855042
0.844535
0.834466
0.817617
0.809927
0.777737
0.790581
0.712935
0.808653
0.583934
0.975672
0.250719
1.63376
0.311982
0.310411
0.308739
0.307016
0.305208
0.303279
0.301222
0.299049
0.296759
0.294344
0.291812
0.289157
0.286377
0.283477
0.280443
0.277249
0.273876
0.270311
0.266534
0.262525
0.258253
0.253679
0.248766
0.243514
0.237961
0.232155
0.226087
0.219705
0.212963
0.205845
0.198337
0.190424
0.182084
0.173297
0.164041
0.154294
0.144037
0.133245
0.121902
0.109985
0.0974742
0.0843506
0.0705984
0.0562032
0.0411551
0.0254455
0.00907085
-0.00796574
-0.0256553
-0.0439822
-0.0629203
-0.0824349
-0.10248
-0.122993
-0.143901
-0.165116
-0.186525
-0.208003
-0.229391
-0.250563
-0.27125
-0.291397
-0.310481
-0.328886
-0.345141
-0.361318
-0.37291
-0.385463
-0.388553
-0.402027
-0.393867
-0.419544
-0.381304
-0.447125
-0.331879
-0.512285
-0.2069
-0.684397
0.0615014
-1.12076
0.31336
0.314692
0.316115
0.317602
0.31917
0.320819
0.322551
0.324373
0.326292
0.328308
0.330424
0.332646
0.334983
0.33744
0.34002
0.342724
0.345562
0.348546
0.351676
0.354955
0.358388
0.361988
0.365768
0.369719
0.373852
0.378177
0.382699
0.387425
0.392357
0.397508
0.402875
0.408464
0.414286
0.420333
0.426608
0.433121
0.439875
0.446853
0.454048
0.461474
0.469102
0.476923
0.484926
0.493087
0.501391
0.509796
0.518279
0.5268
0.535309
0.543758
0.552084
0.560226
0.568115
0.575662
0.582798
0.589421
0.595419
0.600715
0.605181
0.608724
0.611232
0.612583
0.612713
0.611516
0.608907
0.604912
0.599404
0.593613
0.587047
0.581154
0.5698
0.566924
0.542725
0.559673
0.494448
0.590262
0.386232
0.766093
0.0896952
1.39395
0.140359
0.139334
0.138239
0.137109
0.135925
0.134674
0.133349
0.131937
0.130463
0.129008
0.127687
0.126606
0.125871
0.125594
0.125874
0.126771
0.128301
0.130418
0.132987
0.135738
0.138256
0.140032
0.140632
0.139828
0.137673
0.134444
0.130576
0.126481
0.122295
0.117952
0.113383
0.108583
0.103558
0.0983099
0.092835
0.087127
0.0811794
0.0749823
0.0685318
0.0618191
0.0548356
0.0475741
0.0400243
0.0321792
0.0240344
0.0155832
0.00682113
-0.00225232
-0.0116363
-0.0213261
-0.0313123
-0.04158
-0.0521123
-0.0628802
-0.0738484
-0.0849787
-0.096216
-0.107502
-0.11875
-0.129914
-0.140822
-0.151518
-0.161591
-0.171528
-0.180013
-0.189151
-0.194764
-0.202739
-0.202849
-0.213194
-0.203927
-0.226907
-0.191623
-0.252632
-0.150439
-0.312708
-0.0507072
-0.454885
0.151018
-0.757276
0.141281
0.142197
0.143176
0.144202
0.145286
0.146428
0.147624
0.148888
0.150222
0.151623
0.153092
0.154633
0.156256
0.157959
0.159742
0.161608
0.163563
0.165614
0.167753
0.169986
0.17232
0.174754
0.177291
0.17993
0.182674
0.185525
0.188487
0.191557
0.194735
0.198029
0.201431
0.204945
0.20857
0.212299
0.216136
0.220078
0.224129
0.228273
0.232514
0.236852
0.241267
0.245757
0.250322
0.254946
0.259619
0.264326
0.269053
0.273779
0.278485
0.283147
0.287741
0.292234
0.296596
0.30078
0.304757
0.308476
0.311875
0.314931
0.317561
0.319718
0.321344
0.322376
0.322794
0.322527
0.321537
0.31985
0.317371
0.314741
0.311477
0.30917
0.302598
0.303851
0.286733
0.306403
0.253145
0.343305
0.166902
0.50174
-0.0728718
0.978833
0.0900687
0.0902457
0.0904335
0.0906327
0.0908435
0.0910848
0.0913942
0.0918051
0.0923025
0.0927972
0.0931417
0.0931595
0.092654
0.0914092
0.0891976
0.0857929
0.080998
0.0746926
0.0669042
0.057913
0.0483059
0.0389173
0.0307039
0.0245228
0.0208547
0.0195035
0.0195502
0.0199353
0.0201304
0.0201246
0.0200399
0.0199205
0.01974
0.0194651
0.0190804
0.0185736
0.0179353
0.0171577
0.0162326
0.0151551
0.0139227
0.0125338
0.0109853
0.00927911
0.00741922
0.00540812
0.00325018
0.000952669
-0.00147732
-0.00403175
-0.0067009
-0.00947424
-0.0123404
-0.0152876
-0.018299
-0.0213617
-0.0244575
-0.0275728
-0.0306715
-0.0337663
-0.0367625
-0.039776
-0.0424975
-0.0454544
-0.0475476
-0.0507063
-0.0514221
-0.0552616
-0.0530681
-0.0598327
-0.0507707
-0.0681968
-0.0405123
-0.0860629
-0.0139445
-0.124231
0.0417097
-0.196922
0.142468
-0.297032
0.089877
0.0896649
0.0894409
0.0891994
0.0889444
0.0886732
0.0883827
0.088077
0.0877554
0.0874158
0.0870578
0.0866819
0.086291
0.085883
0.0854585
0.0850183
0.0845646
0.0841008
0.0836227
0.0831363
0.0826459
0.0821494
0.0816509
0.0811548
0.0806652
0.0801837
0.0797182
0.0792691
0.0788423
0.078447
0.0780829
0.0777585
0.0774752
0.0772411
0.0770617
0.0769386
0.0768792
0.0768826
0.0769592
0.0771088
0.0773254
0.077615
0.0779799
0.0784144
0.0789156
0.0794819
0.0801049
0.0807767
0.0814906
0.0822381
0.0830121
0.0837956
0.0845791
0.0853414
0.0860729
0.0867535
0.0873618
0.0879066
0.0883496
0.0886872
0.0889023
0.0889749
0.0889041
0.0886541
0.0882269
0.0876475
0.0868708
0.0863051
0.0851824
0.0849057
0.0818363
0.0846308
0.0745554
0.0906647
0.0559755
0.118192
0.00412695
0.209193
-0.122764
0.445795
)
;

boundaryField
{
    inlet
    {
        type            freestreamPressure;
        freestreamValue uniform 0;
        value           nonuniform List<scalar> 
134
(
0.881362
0.565739
0.212353
-0.122358
-0.391904
-0.594267
-0.695958
-0.687486
-0.567005
-0.287779
-0.0615027
-0.100135
-0.173943
-0.249425
-0.329401
-0.41533
-0.507361
-0.605448
-0.710419
-0.824318
1.16862
-0.94983
-1.08769
-1.23057
-1.36173
-1.45356
-1.49596
-1.56919
-1.57027
-1.59615
-1.88158
-1.73147
-1.72802
-1.7513
-1.7667
-1.76978
-1.77198
-1.79149
-1.85237
-1.92874
1.41848
1.64792
1.79712
1.81284
1.65118
1.25029
0.563012
-2.1008
-2.04326
-1.96047
-1.90327
-1.85844
-1.80958
-1.75586
-1.70125
-1.64694
-1.59233
-1.53683
-1.48044
-1.42317
-1.36471
-1.30454
-1.24173
-1.17463
-1.10182
-1.02057
-0.967864
-0.920035
-0.864715
-0.802439
-0.733137
-0.649234
-0.541582
-0.365902
-0.143495
0.148498
0.344096
0.571539
0.798793
1.02179
1.23612
1.41785
1.55286
1.64355
1.69336
1.71224
1.7113
1.69985
1.68498
1.67673
1.69212
1.73891
1.79342
1.83605
1.86846
1.89482
1.91603
1.93086
1.93855
1.93945
1.93482
1.92765
1.92395
1.93898
1.99636
2.13604
2.19715
2.13944
2.07138
2.02725
1.99149
1.95126
1.90726
1.86276
1.81831
1.77315
1.72682
1.67907
1.62966
1.57801
1.52316
1.4638
1.39732
1.32173
1.22737
1.1788
1.13743
1.08279
1.017
0.941464
0.84641
0.722257
0.507237
0.231074
)
;
    }
    outlet
    {
        type            freestreamPressure;
        freestreamValue uniform 0;
        value           nonuniform List<scalar> 
160
(
1.93329e-05
1.92943e-05
1.93688e-05
1.92509e-05
1.94068e-05
1.92058e-05
1.94466e-05
1.91569e-05
1.94872e-05
1.91053e-05
1.95317e-05
1.90506e-05
1.95886e-05
1.89919e-05
1.9668e-05
1.89301e-05
1.97714e-05
1.88653e-05
1.98845e-05
1.87968e-05
1.99774e-05
1.87247e-05
2.00111e-05
1.8649e-05
1.99398e-05
1.85704e-05
1.97122e-05
1.84885e-05
1.92734e-05
1.84034e-05
1.85693e-05
1.83153e-05
1.75528e-05
1.82247e-05
1.61954e-05
1.81323e-05
1.45038e-05
1.80374e-05
1.25429e-05
1.7941e-05
1.04459e-05
1.78444e-05
8.39911e-06
1.77469e-05
6.61187e-06
1.76495e-05
5.26799e-06
1.75533e-05
4.46825e-06
1.7459e-05
4.16797e-06
1.73672e-05
4.16938e-06
1.72794e-05
4.24646e-06
1.71961e-05
4.28574e-06
1.71182e-05
4.28322e-06
1.70482e-05
4.2638e-06
1.69858e-05
4.23677e-06
1.69329e-05
4.19667e-06
1.68903e-05
4.13658e-06
1.68593e-05
4.05323e-06
1.68418e-05
3.94399e-06
1.68378e-05
3.80697e-06
1.68494e-05
3.64047e-06
1.68765e-05
3.44285e-06
1.69214e-05
3.21308e-06
1.69846e-05
2.95073e-06
1.70649e-05
2.65545e-06
1.71638e-05
2.32666e-06
1.72823e-05
1.96474e-06
1.74194e-05
1.57057e-06
1.75749e-05
1.14464e-06
1.77488e-05
6.87842e-07
1.79397e-05
2.01613e-07
1.81463e-05
-3.12675e-07
1.83677e-05
-8.53502e-07
1.86025e-05
-1.41906e-06
1.88496e-05
-2.00743e-06
1.91058e-05
-2.61659e-06
1.93694e-05
-3.24451e-06
1.96365e-05
-3.88824e-06
1.99049e-05
-4.5456e-06
2.01711e-05
-5.21358e-06
2.04301e-05
-5.89005e-06
2.06847e-05
-6.56842e-06
2.09263e-05
-7.25209e-06
2.11539e-05
-7.9227e-06
2.13641e-05
-8.60451e-06
2.15514e-05
-9.23575e-06
2.17159e-05
-9.92407e-06
2.18482e-05
-1.04468e-05
2.19479e-05
-1.11969e-05
2.20205e-05
-1.14589e-05
2.20545e-05
-1.23565e-05
2.21153e-05
-1.20038e-05
2.2018e-05
-1.35029e-05
2.21354e-05
-1.17371e-05
2.15889e-05
-1.54883e-05
2.24867e-05
-9.70592e-06
2.02131e-05
-1.945e-05
2.45009e-05
-3.55513e-06
1.58303e-05
-2.71208e-05
3.20284e-05
1.18829e-05
1.26296e-06
-3.87247e-05
5.40345e-05
4.93461e-05
-4.44627e-05
-4.50623e-05
9.52355e-05
)
;
    }
    walls
    {
        type            zeroGradient;
    }
    frontAndBack
    {
        type            empty;
    }
}


// ************************************************************************* //
