/*--------------------------------*- C++ -*----------------------------------*\
| =========                 |                                                 |
| \\      /  F ield         | OpenFOAM: The Open Source CFD Toolbox           |
|  \\    /   O peration     | Version:  2412                                  |
|   \\  /    A nd           | Website:  www.openfoam.com                      |
|    \\/     M anipulation  |                                                 |
\*---------------------------------------------------------------------------*/
FoamFile
{
    version     2.0;
    format      ascii;
    arch        "LSB;label=32;scalar=64";
    class       volScalarField;
    location    "50";
    object      p;
}
// * * * * * * * * * * * * * * * * * * * * * * * * * * * * * * * * * * * * * //

dimensions      [0 2 -2 0 0 0 0];

internalField   nonuniform List<scalar> 
10720
(
-85.6213
-149.336
-222.568
-290.3
-347.112
-401.004
-441.852
-467.096
-481.652
-483.793
-473.604
-451.459
-419.651
-385.436
-362.614
-366.498
-388.826
-395.938
-387.998
-392.549
-411.322
-430.074
-434.622
-437.015
-469.956
-551.399
-630.988
-631.788
-519.837
-348.227
-200.648
-108.411
-58.2157
-32.8546
-19.5083
-0.110933
14.6507
10.6222
17.945
-18.4372
43.9296
114.708
184.085
246.654
298.355
335.649
356.119
362.047
358.527
345.637
326.032
304.771
283.835
263.329
242.925
222.875
203.083
183.447
163.595
143.468
122.701
101.216
79.3514
59.0046
41.4589
25.7993
11.58
-1.21971
-12.7846
-23.2836
-33.0532
-42.1347
-50.4801
-57.9694
-65.8194
-74.9634
-82.6058
-104.191
41.6278
-7.28348
-60.2293
-113.94
-166.356
-216.914
-262.2
-300.971
-332.081
-352.42
-361.262
-359.878
-350.948
-340.466
-339.694
-359.963
-390.284
-393.527
-385.177
-390.253
-409.57
-429.533
-434.444
-435.329
-467.272
-549.045
-629.157
-631.081
-520.481
-349.28
-201.479
-108.994
-58.5867
-33.1045
-19.7644
-0.356904
14.5497
11.0735
9.86553
86.8224
131.03
176.707
222.912
265.862
303.011
331.368
348.546
354.949
352.255
341.293
324.801
306.042
286.6
266.86
246.884
226.943
207.11
187.343
167.416
147.239
126.564
105.342
83.9334
63.8421
46.175
30.3959
16.051
2.86306
-9.31946
-20.4193
-30.6558
-40.09
-48.7252
-56.4668
-64.5277
-73.7995
-81.4481
-102.181
58.1112
13.9994
-34.0591
-85.4851
-136.269
-185.201
-230.77
-270.165
-301.132
-323.186
-336.879
-342.721
-342.307
-339.2
-340.021
-352.792
-375.246
-383.622
-383.123
-387.274
-408.166
-428.776
-433.759
-433.322
-465.828
-548.515
-628.697
-632.471
-523.249
-351.507
-202.79
-109.787
-59.0949
-33.4483
-20.0867
-0.615123
14.3887
10.7462
2.88701
99.1338
140.515
183.264
225.372
263.575
296.279
321.342
337.08
343.89
342.663
334.13
320.38
303.604
285.317
266.277
246.81
227.2
207.596
187.997
168.247
148.236
127.804
106.925
85.9247
65.9714
48.0942
32.0424
17.434
4.06977
-8.15035
-19.1936
-29.3479
-38.7466
-47.4337
-55.3009
-63.5234
-72.9216
-80.5334
-100.452
90.2107
53.4015
12.4938
-30.9805
-74.6954
-118.04
-159.297
-196.806
-229.224
-255.915
-276.893
-291.95
-301.888
-309.079
-317.448
-330.943
-349.032
-363.21
-373.951
-384.919
-407.028
-428.12
-433.326
-432.474
-466.308
-549.492
-629.491
-635.327
-527.256
-354.307
-204.204
-110.529
-59.5871
-33.805
-20.3328
-0.736984
14.2412
10.2604
-3.39292
123.974
157.386
192.056
226.931
258.984
287.017
309.128
323.719
330.867
330.983
324.634
313.421
298.929
282.46
264.844
246.5
227.729
208.731
189.559
170.132
150.381
130.229
109.694
89.0745
69.3096
51.3298
35.0731
20.225
6.61921
-5.83054
-17.1017
-27.459
-37.0444
-45.9323
-54.0224
-62.4672
-71.9976
-79.6326
-98.6139
100.671
67.7762
31.0293
-8.48386
-48.4447
-88.7785
-128.132
-164.968
-198.233
-227.056
-250.509
-268.571
-281.693
-291.663
-301.459
-314.166
-330.45
-346.037
-359.66
-376.589
-402.891
-426.438
-433.009
-432.844
-467.518
-551.277
-631.157
-638.918
-531.745
-357.304
-205.639
-111.281
-60.1592
-34.2401
-20.5892
-0.819864
14.0351
9.73371
-9.51418
130.955
160.752
191.674
222.626
250.971
275.947
295.978
309.724
317.094
318.293
313.834
304.881
292.585
277.995
261.895
244.754
226.905
208.592
189.924
170.902
151.497
131.695
111.542
91.3137
71.7681
53.7316
37.2907
22.2226
8.40994
-4.19547
-15.5766
-25.9903
-35.6188
-44.5894
-52.8121
-61.4194
-71.0351
-78.7421
-96.5692
109.288
80.2747
47.5878
12.4515
-23.2075
-59.6392
-95.579
-129.839
-161.634
-190.09
-214.643
-235.44
-252.768
-267.585
-281.631
-296.872
-314.193
-331.118
-345.84
-363.473
-391.092
-419.39
-431.18
-434.161
-468.32
-553.054
-633.197
-642.297
-535.925
-360.097
-207.02
-112.154
-60.8743
-34.7555
-20.8423
-0.81956
13.8323
9.05482
-15.4181
135.955
162.033
189.264
216.7
241.914
264.382
282.706
295.714
303.182
305.211
302.285
295.249
284.956
272.229
257.756
241.992
225.274
207.862
189.907
171.466
152.558
133.205
113.484
93.6578
74.3697
56.3567
39.8165
24.6115
10.6621
-2.06623
-13.5691
-24.1
-33.8627
-43.012
-51.4524
-60.2814
-69.9911
-77.8198
-94.4553
112.708
86.5214
56.8958
24.9551
-7.47074
-40.9154
-74.3074
-106.61
-137.289
-165.58
-190.989
-213.288
-232.578
-249.442
-265.203
-281.368
-298.804
-316.314
-332.47
-350.179
-375.663
-405.289
-423.808
-434.103
-468.889
-553.331
-634.493
-644.496
-539.009
-362.275
-208.298
-113.199
-61.7733
-35.314
-21.0806
-0.800692
13.5849
8.20261
-20.8551
136.775
160.193
184.725
209.489
232.277
252.745
269.679
282.016
289.475
292.124
290.413
284.972
276.444
265.464
252.602
238.259
222.753
206.345
189.21
171.445
153.11
134.264
115.009
95.6053
76.6152
58.6996
42.1261
26.8277
12.7559
-0.108675
-11.7648
-22.442
-32.3472
-41.6532
-50.2583
-59.2403
-68.975
-76.9066
-92.2976
114.06
90.3324
63.3847
34.319
4.82733
-25.8029
-56.6006
-86.6906
-115.704
-142.988
-168.081
-190.853
-211.414
-230.108
-247.724
-265.226
-283.25
-301.397
-318.996
-337.534
-361.078
-388.944
-411.719
-429.113
-467.837
-550.621
-632.779
-643.811
-539.929
-363.508
-209.554
-114.506
-62.839
-35.8678
-21.204
-0.668719
13.3402
7.09632
-25.695
135.858
156.999
179.243
201.765
222.54
241.336
257.086
268.793
276.151
279.254
278.488
274.351
267.338
257.941
246.616
233.692
219.451
204.138
187.93
170.951
153.291
135.037
116.312
97.375
78.7341
60.9878
44.4413
29.0941
14.9259
1.93561
-9.86814
-20.6849
-30.7209
-40.1626
-48.9162
-58.0356
-67.7701
-75.8416
-90.1062
113.587
91.8971
67.1861
40.5078
13.4626
-14.766
-43.3329
-71.4548
-98.9071
-125.13
-149.742
-172.631
-193.78
-213.369
-231.9
-250.086
-268.457
-287
-305.497
-324.866
-347.541
-373.5
-398.11
-419.998
-461.835
-542.284
-624.097
-636.522
-536.625
-363.227
-210.816
-116.137
-64.0602
-36.3367
-21.1591
-0.478498
13.0265
5.77846
-29.9735
133.527
152.807
173.156
193.819
212.904
230.278
245.003
256.118
263.315
266.732
266.692
263.608
257.877
249.879
239.974
228.417
215.445
201.269
186.055
169.939
153.029
135.435
117.293
98.8635
80.612
63.0885
46.6187
31.2602
17.0215
3.92373
-8.01608
-18.9648
-29.1219
-38.6851
-47.5647
-56.8029
-66.538
-74.7692
-87.9932
112.034
92.0929
69.3236
44.7295
19.8255
-6.2751
-32.7973
-59.0496
-84.9079
-109.887
-133.684
-156.206
-177.418
-197.464
-216.624
-235.364
-254.108
-273.001
-292.051
-311.94
-334.278
-359.08
-384.236
-408.957
-450.227
-525.55
-604.161
-617.394
-524.933
-359.621
-211.566
-117.952
-65.3351
-36.6655
-20.8478
-0.171353
12.6633
4.19491
-33.8419
130.373
148.057
166.8
185.863
203.502
219.648
233.462
244.012
251.009
254.627
255.139
252.897
248.235
241.454
232.832
222.561
210.826
197.799
183.624
168.431
152.34
135.47
117.967
100.087
82.2688
65.0227
48.6871
33.3642
19.0966
5.92069
-6.13093
-17.195
-27.4607
-37.1322
-46.1362
-55.4899
-65.2141
-73.6376
-85.9718
109.706
91.276
70.1869
47.4003
24.3552
0.125954
-24.5815
-49.1362
-73.4851
-97.2154
-120.089
-142.05
-163.028
-183.126
-202.502
-221.468
-240.374
-259.435
-278.774
-298.906
-320.97
-345.064
-370.141
-396.392
-434.792
-500.819
-571.581
-583.979
-500.91
-350.002
-210.472
-119.337
-66.421
-36.7419
-20.2647
0.166823
12.2267
2.44667
-37.4458
126.662
142.989
160.333
178.022
194.405
209.469
222.459
232.472
239.244
242.975
243.898
242.326
238.55
232.812
225.332
216.246
205.689
193.792
180.671
166.441
151.217
135.125
118.311
101.022
83.6807
66.7656
50.6184
35.3789
21.1195
7.89602
-4.24718
-15.4166
-25.7863
-35.5633
-44.6828
-54.1472
-63.8777
-72.4951
-84.0307
106.868
89.7612
70.1539
48.9584
27.5533
4.98458
-18.0809
-41.0735
-63.9912
-86.4771
-108.343
-129.568
-150.072
-169.941
-189.279
-208.275
-227.204
-246.295
-265.731
-285.907
-307.626
-331.107
-355.781
-382.369
-417.348
-472.041
-530.56
-539.99
-466.334
-333.734
-206.532
-119.617
-66.9767
-36.5064
-19.3709
0.641583
11.7525
0.585094
-41.0259
122.625
137.756
153.89
170.361
185.64
199.748
211.976
221.477
228.011
231.786
233.01
231.97
228.921
224.07
217.592
209.58
200.124
189.317
177.243
163.993
149.673
134.402
118.318
101.662
84.8392
68.3057
52.3994
37.2909
23.0803
9.84036
-2.37012
-13.6289
-24.093
-33.9648
-43.2008
-52.7651
-62.48
-71.2963
-82.159
103.7
87.761
69.462
49.6765
29.7219
8.64297
-12.9463
-34.508
-56.0882
-77.375
-98.2138
-118.615
-138.505
-157.938
-177.014
-195.838
-214.62
-233.583
-252.922
-272.958
-294.243
-317.05
-341.104
-367.124
-398.804
-443.032
-488.132
-493.202
-428.653
-313.926
-200.209
-118.59
-66.8361
-35.8903
-18.2123
1.21845
11.2736
-1.21694
-44.6342
118.389
132.479
147.528
162.928
177.221
190.466
201.997
211.007
217.295
221.059
222.499
221.874
219.422
215.32
209.712
202.659
194.218
184.444
173.391
161.121
147.723
133.302
117.985
102
85.737
69.6324
54.0189
39.0889
24.967
11.7452
-0.505641
-11.8372
-22.3844
-32.3426
-41.6784
-51.331
-61.0471
-70.0403
-80.3326
100.324
85.4211
68.2956
49.77
31.1178
11.3737
-8.87406
-29.1244
-49.4585
-69.5946
-89.4087
-108.934
-128.108
-146.965
-165.611
-184.106
-202.598
-221.285
-240.358
-260.076
-280.827
-302.859
-326.075
-350.954
-379.526
-415.317
-449.001
-449.786
-393.646
-294.149
-192.804
-116.586
-66.0434
-34.8911
-16.7936
2.01199
10.876
-2.94478
-48.355
114.062
127.22
141.312
155.739
169.147
181.612
192.492
201.037
207.071
210.789
212.374
212.072
210.104
206.631
201.773
195.57
188.052
179.244
169.168
157.862
145.388
131.834
117.311
102.029
86.3629
70.7309
55.4586
40.7534
26.762
13.5933
1.33065
-10.0523
-20.6685
-30.6998
-40.1354
-49.8636
-59.562
-68.732
-78.5746
96.8284
82.861
66.7871
49.3988
31.9144
13.3842
-5.64401
-24.6917
-43.8626
-62.9026
-81.7124
-100.343
-118.741
-136.938
-155.026
-173.055
-191.127
-209.407
-228.066
-247.314
-267.416
-288.564
-310.72
-334.103
-359.67
-388.797
-413.779
-411.269
-362.332
-275.775
-185.06
-113.879
-64.6726
-33.4626
-15.1241
3.05116
10.7927
-4.45402
-52.0473
109.712
122.036
135.255
148.814
161.416
173.161
183.439
191.54
197.318
200.957
202.634
202.58
201.006
198.059
193.844
188.388
181.699
173.782
164.63
154.255
142.696
130.015
116.305
101.752
86.7144
71.5964
56.7115
42.2779
28.4584
15.3805
3.13667
-8.27538
-18.9452
-29.0386
-38.5557
-48.3463
-58.046
-67.3552
-76.8395
93.2793
80.1551
65.0389
48.6815
32.2604
14.8301
-3.07733
-21.0172
-39.1035
-57.1044
-74.9408
-92.6762
-110.266
-127.743
-145.179
-162.636
-180.181
-197.943
-216.065
-234.712
-254.06
-274.22
-295.135
-316.812
-339.471
-363.18
-381.513
-376.674
-333.755
-258.495
-177.139
-110.615
-62.7606
-31.5652
-13.0565
4.46515
11.0497
-5.55664
-55.7185
105.391
116.956
129.391
142.149
154.016
165.1
174.813
182.491
188.012
191.551
193.278
193.41
192.153
189.643
185.978
181.173
175.226
168.12
159.832
150.346
139.677
127.864
114.973
101.169
86.7871
72.218
57.7625
43.6436
30.0377
17.0863
4.89288
-6.52362
-17.2287
-27.369
-36.9644
-46.8032
-56.4833
-65.9255
-75.1471
89.7245
77.372
63.1252
47.7124
32.2555
15.8412
-1.04125
-17.9536
-35.0267
-52.0462
-68.9457
-85.7957
-102.564
-119.283
-136.008
-152.812
-169.743
-186.893
-204.375
-222.313
-240.809
-259.898
-279.458
-299.32
-319.22
-338.415
-351.524
-345.041
-307.202
-241.738
-168.845
-106.725
-60.2777
-29.1879
-10.594
6.24947
11.7946
-5.94012
-59.1438
101.13
112.009
123.718
135.75
146.939
157.402
166.588
173.866
179.13
182.553
184.295
184.564
183.561
181.415
178.216
173.977
168.687
162.316
154.825
146.179
136.367
125.405
113.332
100.287
86.5835
72.5941
58.6074
44.8449
31.4939
18.7067
6.59765
-4.79679
-15.5169
-25.6901
-35.3424
-45.2145
-54.8923
-64.4192
-73.4455
86.1984
74.5487
61.1077
46.5587
31.9948
16.5059
0.577807
-15.383
-31.5069
-47.5971
-63.5954
-79.582
-95.5281
-111.471
-127.45
-143.54
-159.785
-176.245
-193.002
-210.142
-227.706
-245.657
-263.799
-281.822
-299.151
-314.568
-323.552
-315.895
-282.366
-225.278
-160.096
-102.199
-57.2475
-26.3505
-7.5604
8.41322
12.8854
-5.65437
-62.432
96.9561
107.203
118.251
129.606
140.169
150.056
158.742
165.638
170.649
173.944
175.675
176.043
175.241
173.395
170.592
166.843
162.131
156.421
149.66
141.797
132.802
122.665
111.4
99.1159
86.1049
72.72
59.2353
45.8675
32.81
20.2233
8.23081
-3.11322
-13.827
-24.0151
-33.7192
-43.6057
-53.2585
-62.8615
-71.7588
82.7247
71.729
59.0263
45.2801
31.5323
16.9106
1.86251
-13.2073
-28.4411
-43.6514
-58.7875
-73.9347
-89.0682
-104.225
-119.442
-134.777
-150.28
-165.993
-181.962
-198.235
-214.804
-231.57
-248.272
-264.483
-279.447
-291.718
-297.485
-289.031
-259.148
-209.18
-150.882
-97.0037
-53.6454
-23.0918
-3.85897
11.1537
14.5881
-4.80678
-65.5606
92.8838
102.551
112.982
123.716
133.694
143.038
151.255
157.788
162.55
165.707
167.406
167.84
167.197
165.599
163.131
159.804
155.6
150.48
144.383
137.245
129.019
119.673
109.196
97.6705
85.3606
72.5997
59.645
46.7076
33.9805
21.6312
9.79002
-1.47321
-12.1568
-22.342
-32.0745
-41.9588
-51.5995
-61.2257
-70.0307
79.3235
68.9296
56.9175
43.9141
30.9314
17.1064
2.88655
-11.3524
-25.748
-40.1234
-54.4341
-68.7683
-83.103
-97.4757
-111.922
-126.476
-141.2
-156.123
-171.256
-186.612
-202.141
-217.694
-232.954
-247.412
-260.224
-269.884
-273.177
-264.222
-237.423
-193.499
-141.296
-91.2129
-49.5431
-19.4627
0.609276
14.8105
16.8612
-3.51892
-68.591
88.9274
98.0547
107.918
118.066
127.501
136.336
144.107
150.293
154.811
157.825
159.477
159.95
159.43
158.036
155.851
152.887
149.128
144.532
139.034
132.562
125.054
116.461
106.746
95.967
84.3587
72.2337
59.8321
47.3549
34.9923
22.9145
11.2574
0.104337
-10.5238
-20.6873
-30.4363
-40.3002
-49.9009
-59.5426
-68.2891
76.0069
66.1783
54.8062
42.4985
30.2214
17.1507
3.70004
-9.75511
-23.3594
-36.9424
-50.4657
-64.0144
-77.5705
-91.1676
-104.842
-118.606
-132.529
-146.63
-160.895
-175.301
-189.765
-204.095
-217.934
-230.725
-241.601
-249.099
-250.497
-241.275
-217.107
-178.287
-131.415
-84.9003
-45.0174
-15.4404
5.82768
19.3289
19.8587
-1.67897
-71.1611
85.0929
93.7202
103.048
112.655
121.579
129.931
137.283
143.137
147.416
150.282
151.873
152.366
151.94
150.712
148.766
146.114
142.743
138.611
133.652
127.787
120.945
113.06
104.078
94.0251
83.113
71.6301
59.7996
47.8083
35.8419
24.0687
12.6301
1.61888
-8.92658
-19.0467
-28.7864
-38.613
-48.1799
-57.7844
-66.4784
72.7853
63.4812
52.7131
41.055
29.4458
17.0731
4.35247
-8.36706
-21.2209
-34.0519
-46.8209
-59.6146
-72.4125
-85.2486
-98.1562
-111.134
-124.244
-137.504
-150.878
-164.317
-177.704
-190.818
-203.275
-214.499
-223.646
-229.346
-229.29
-219.981
-198.065
-163.544
-121.351
-78.1921
-40.1494
-10.9774
11.9999
24.7958
23.4018
0.725011
-72.9892
81.3872
89.5442
98.3745
107.469
115.914
123.815
130.764
136.3
140.346
143.063
144.584
145.078
144.721
143.631
141.885
139.502
136.469
132.746
128.269
122.955
116.727
109.504
101.216
91.8653
81.6376
70.7974
59.5484
48.0637
36.5196
25.0816
13.892
3.05304
-7.38341
-17.4379
-27.1527
-36.9206
-46.4225
-55.9822
-64.6326
69.664
60.8567
50.6518
39.6076
28.6176
16.9124
4.87395
-7.1475
-19.291
-31.4049
-43.4534
-55.5195
-67.5824
-79.6751
-91.8261
-104.029
-116.325
-128.736
-141.214
-153.682
-165.997
-177.919
-189.051
-198.821
-206.43
-210.632
-209.467
-200.206
-180.222
-149.323
-111.233
-71.2183
-34.9902
-6.11255
18.9747
31.3901
27.644
3.70667
-73.4723
77.8099
85.5297
93.8884
102.504
110.497
117.968
124.538
129.768
133.586
136.153
137.595
138.078
137.772
136.792
135.215
133.062
130.322
126.96
122.913
118.098
112.431
105.823
98.1886
89.5122
79.951
69.7479
59.0862
48.1235
37.0247
25.9504
15.041
4.40549
-5.89269
-15.8562
-25.5183
-35.2095
-44.6458
-54.1105
-62.6967
66.6482
58.3043
48.6351
38.1675
27.7684
16.6838
5.29637
-6.06546
-17.5346
-28.9663
-40.3254
-51.6917
-63.0441
-74.4122
-85.8224
-97.2633
-108.754
-120.318
-131.902
-143.407
-154.67
-165.436
-175.308
-183.737
-189.982
-192.931
-190.925
-181.803
-163.471
-135.648
-101.184
-64.0998
-29.5527
-0.784844
26.6164
39.2306
32.3447
7.21892
-72.2644
74.3651
81.6708
89.5899
97.75
105.317
112.382
118.589
123.523
127.122
129.538
130.897
131.356
131.085
130.193
128.758
126.801
124.317
121.273
117.61
113.244
108.088
102.047
95.0259
86.9892
78.0723
68.494
58.4192
47.9884
37.3533
26.6655
16.0641
5.66072
-4.4723
-14.3208
-23.9087
-33.5006
-42.8377
-52.203
-60.7144
63.739
55.8369
46.6698
36.7501
26.9027
16.4141
5.63919
-5.09591
-15.9232
-26.7042
-37.4041
-48.098
-58.7653
-69.432
-80.1201
-90.8159
-101.516
-112.247
-122.952
-133.51
-143.751
-153.409
-162.098
-169.298
-174.341
-176.247
-173.604
-164.678
-147.78
-122.609
-91.3339
-56.9446
-23.8293
4.96035
34.5458
48.0535
37.6191
11.1758
-69.0425
71.0501
77.968
85.468
93.2011
100.364
107.042
112.904
117.556
120.94
123.206
124.477
124.906
124.655
123.833
122.515
120.728
118.465
115.701
112.379
108.417
103.726
98.2054
91.7537
84.3215
76.0224
67.0531
57.5598
47.6652
37.5078
27.2283
16.9607
6.81805
-3.12005
-12.826
-22.311
-31.7835
-41.0147
-50.2337
-58.6332
60.9381
53.4507
44.7634
35.3598
26.0417
16.1101
5.921
-4.2184
-14.4358
-24.596
-34.6649
-44.7139
-54.7209
-64.7103
-74.6984
-84.6695
-94.6017
-104.52
-114.365
-124.005
-133.261
-141.869
-149.454
-155.536
-159.52
-160.552
-157.426
-148.728
-133.096
-110.225
-81.7436
-49.7631
-17.7838
11.099
42.5065
57.6491
43.585
15.435
-63.946
67.866
74.415
81.5221
88.8463
95.6261
101.939
107.469
111.851
115.027
117.146
118.327
118.717
118.476
117.708
116.489
114.844
112.775
110.258
107.24
103.639
99.3673
94.323
88.3982
81.533
73.822
65.4413
56.5184
47.1596
37.4879
27.6327
17.7209
7.86445
-1.85238
-11.39
-20.7471
-30.0771
-39.168
-48.2374
-56.5042
58.2444
51.1533
42.9176
34.0068
25.1844
15.7899
6.15421
-3.41929
-13.054
-22.6215
-32.0878
-41.5188
-50.8923
-60.2284
-69.5413
-78.8109
-88.0043
-97.1363
-106.148
-114.905
-123.222
-130.84
-137.405
-142.477
-145.533
-145.836
-142.349
-133.91
-119.417
-98.5427
-72.4725
-42.6017
-11.5132
17.4704
50.1505
67.7866
50.8929
20.1652
-57.4549
64.8082
71.01
77.742
84.6824
91.0967
97.0594
102.276
106.398
109.373
111.348
112.436
112.783
112.542
111.817
110.678
109.157
107.256
104.958
102.206
98.9277
95.0336
90.4235
84.9846
78.6492
71.4944
63.6782
55.3105
46.4826
37.3013
27.8834
18.3471
8.80189
-0.666073
-10.0076
-19.207
-28.3737
-37.3123
-46.1888
-54.2794
55.6573
48.9393
41.1358
32.6914
24.3459
15.4553
6.34955
-2.68426
-11.7652
-20.7673
-29.6574
-38.4974
-47.2631
-55.9727
-64.6357
-73.2294
-81.7165
-90.0938
-98.3053
-106.219
-113.648
-120.343
-125.971
-130.135
-132.382
-132.075
-128.323
-120.163
-106.69
-87.5296
-63.5106
-35.4773
-5.14967
23.9325
57.4367
78.4253
59.9375
25.7313
-50.5746
61.8757
67.7469
74.1263
80.698
86.7653
92.3975
97.312
101.184
103.965
105.799
106.796
107.096
106.85
106.155
105.085
103.669
101.916
99.8065
97.2913
94.2984
90.7438
86.5282
81.5359
75.692
69.0605
61.7817
53.9506
45.643
36.9515
27.9787
18.8337
9.61963
0.424351
-8.69451
-17.711
-26.6894
-35.4444
-44.1257
-52.0183
53.1739
46.8132
39.4177
31.4196
23.5219
15.1173
6.51424
-2.00688
-10.5583
-19.0215
-27.3612
-35.6365
-43.8217
-51.9308
-59.9718
-67.9185
-75.7318
-83.3899
-90.8406
-97.956
-104.553
-110.392
-115.166
-118.522
-120.066
-119.253
-115.318
-107.447
-94.8806
-77.1834
-54.8961
-28.496
1.07323
30.2154
64.1136
89.0415
70.9816
32.1824
-44.7545
59.0639
64.6228
70.6641
76.8885
82.6244
87.9382
92.568
96.2005
98.7954
100.492
101.398
101.65
101.393
100.721
99.706
98.3812
96.7562
94.8129
92.5045
89.7647
86.5147
82.6551
78.0708
72.6829
66.5417
59.7721
52.456
44.6561
36.4501
27.9275
19.1861
10.3234
1.42472
-7.44553
-16.2502
-25.019
-33.5755
-42.0232
-49.6772
50.7925
44.7687
37.7645
30.1888
22.7226
14.7755
6.65308
-1.37752
-9.42605
-17.375
-25.1903
-32.9267
-40.5577
-48.0948
-55.5424
-62.8729
-70.0456
-77.0234
-83.758
-90.1258
-95.9489
-101
-105.001
-107.638
-108.577
-107.348
-103.29
-95.7047
-83.9288
-67.4795
-46.6591
-21.7339
6.98021
36.0457
69.9616
98.6767
83.1336
39.1187
-41.9944
56.3705
61.6307
67.3535
73.2444
78.6652
83.6789
88.0337
91.4364
93.8522
95.4158
96.2327
96.4354
96.1634
95.5086
94.5402
93.2936
91.7792
89.9801
87.853
85.3384
82.3595
78.8203
74.6091
69.6429
63.9593
57.6693
50.8436
43.534
35.805
27.7325
19.403
10.9054
2.32339
-6.27509
-14.8432
-23.3786
-31.7097
-39.9201
-47.3196
48.5089
42.8079
36.1735
29.0027
21.9422
14.436
6.7704
-0.795057
-8.3628
-15.8223
-23.1382
-30.3618
-37.4659
-44.4588
-51.3432
-58.0897
-64.6569
-70.9963
-77.0622
-82.7342
-87.8421
-92.1745
-95.4801
-97.4845
-97.9044
-96.337
-92.2061
-84.8992
-73.8269
-58.4756
-38.9477
-15.3949
12.3018
40.9632
74.3916
105.978
94.6016
45.6065
-44.5469
53.7899
58.768
64.1851
69.7618
74.8814
79.6061
83.7013
86.8848
89.1282
90.5636
91.2928
91.4457
91.1557
90.5128
89.5829
88.4029
86.9845
85.3112
83.3448
81.0291
78.2899
75.04
71.1691
66.5915
61.3334
55.493
49.1324
42.2941
35.031
27.4059
19.4934
11.3743
3.1278
-5.17607
-13.4823
-21.7635
-29.8528
-37.7938
-44.9063
46.3207
40.9246
34.6445
27.8571
21.1874
14.0968
6.86697
-0.254074
-7.36599
-14.3596
-21.2008
-27.9372
-34.5413
-41.0188
-47.371
-53.567
-59.5653
-65.3097
-70.7558
-75.786
-80.2382
-83.9199
-86.6049
-88.0563
-88.0362
-86.1989
-82.0359
-75.0053
-64.5772
-50.2381
-31.934
-9.72793
16.7529
44.5406
76.8856
109.96
102.887
50.6101
-53.9988
51.3194
56.0283
61.157
66.431
71.2652
75.7174
79.5617
82.5355
84.6135
85.9255
86.5697
86.6728
86.3635
85.7263
84.829
83.7067
82.3714
80.8094
78.9848
76.8427
74.3189
71.3294
67.7683
63.5475
58.6827
53.2621
47.3401
40.9518
34.1398
26.9546
19.4599
11.7267
3.82939
-4.1611
-12.1838
-20.1898
-28.0157
-35.6823
-42.5013
44.2238
39.1191
33.1744
26.7542
20.4523
13.7608
6.94516
0.245347
-6.43215
-12.9833
-19.3747
-25.6498
-31.7812
-37.7729
-43.6239
-49.3038
-54.7707
-59.9643
-64.8403
-69.2826
-73.1401
-76.2375
-78.3746
-79.3481
-78.9594
-76.9137
-72.7617
-66.0192
-56.2149
-42.864
-25.8225
-5.05307
19.9512
46.3775
76.912
110.145
106.484
52.4732
-71.4892
48.9539
53.4083
58.2603
63.2492
67.8109
72.0006
75.6093
78.3821
80.3022
81.495
82.0568
82.1099
81.778
81.1451
80.2738
79.2017
77.9397
76.4754
74.7749
72.7888
70.4567
67.7007
64.4207
60.5254
56.0238
50.9942
45.4854
39.5253
33.1479
26.3935
19.3143
11.9727
4.43733
-3.2223
-10.9406
-18.6532
-26.1989
-33.5659
-40.0687
42.2152
37.3862
31.7623
25.6895
19.7407
13.4255
7.00398
0.705102
-5.56072
-11.6927
-17.658
-23.4973
-29.1832
-34.7182
-40.1003
-45.299
-50.2733
-54.9609
-59.3162
-63.2252
-66.5478
-69.1268
-70.7853
-71.351
-70.6611
-68.4664
-64.3703
-57.9411
-48.7612
-36.399
-20.6949
-1.5276
21.6948
46.3527
74.4277
106.629
104.94
49.2459
-96.4955
46.6903
50.9017
55.493
60.2083
64.5113
68.4546
71.8351
74.4168
76.1856
77.2643
77.746
77.7497
77.3953
76.7624
75.914
74.8859
73.6883
72.3107
70.7202
68.8724
66.7102
64.1661
61.138
57.5391
53.3726
48.7075
43.5859
38.0311
32.0696
25.7326
19.0625
12.1133
4.94687
-2.36921
-9.76652
-17.1683
-24.4174
-31.4792
-37.6699
40.291
35.7248
30.4047
24.664
19.0475
13.092
7.04403
1.12418
-4.75141
-10.4869
-16.0502
-21.4793
-26.747
-31.8548
-36.7995
-41.552
-46.0721
-50.2986
-54.1829
-57.6125
-60.4596
-62.5844
-63.8321
-64.0573
-63.1292
-60.8409
-56.8471
-50.7654
-42.2277
-30.8591
-16.5411
0.865104
22.0164
44.5616
69.6804
99.741
98.4941
39.5431
-125.945
44.5237
48.5057
52.8474
57.3052
61.3618
65.0678
68.2349
70.6347
72.259
73.2281
73.6325
73.588
73.2109
72.5752
71.748
70.7566
69.6184
68.3149
66.8245
65.0964
63.0909
60.7318
57.9315
54.6023
50.7442
46.4174
41.6584
36.486
30.9211
24.9872
18.7186
12.1604
5.36875
-1.59246
-8.65349
-15.7303
-22.6683
-29.4073
-35.2713
38.4483
34.1307
29.1002
23.6735
18.3746
12.7586
7.06418
1.50366
-4.0041
-9.36565
-14.5506
-19.5948
-24.4714
-29.1812
-33.7206
-38.0617
-42.1658
-45.9758
-49.4372
-52.4406
-54.8707
-56.6036
-57.5054
-57.4545
-56.3495
-54.0215
-50.1752
-44.4743
-36.6004
-26.2221
-13.2714
2.32132
21.2352
41.4054
63.2199
89.9634
87.6021
24.5852
-154.97
42.4511
46.2146
50.3215
54.5324
58.3561
61.84
64.8011
67.0279
68.5152
69.3796
69.7102
69.6202
69.2172
68.5821
67.767
66.8148
65.7225
64.4916
63.0829
61.4697
59.5966
57.4067
54.8115
51.7272
48.1522
44.1389
39.7184
34.9059
29.7175
24.1704
18.2914
12.1189
5.70266
-0.897306
-7.61191
-14.3518
-20.9673
-27.3794
-32.929
36.6835
32.6024
27.8459
22.7183
17.7184
12.4242
7.06442
1.84231
-3.3185
-8.32859
-13.1589
-17.8434
-22.3559
-26.6968
-30.8624
-34.8266
-38.5522
-41.9883
-45.0739
-47.7037
-49.7737
-51.176
-51.7942
-51.5294
-50.3046
-47.9875
-44.3295
-39.0393
-31.8468
-22.4587
-10.8251
3.00778
19.6635
37.3482
55.5826
77.9349
73.4757
7.17182
-179.088
40.4685
44.026
47.9082
51.8874
55.4898
58.7602
61.5298
63.5927
64.9499
65.7147
65.9748
65.8389
65.4146
64.7725
63.9741
63.0485
62.0038
60.8296
59.5017
57.9847
56.2354
54.1968
51.7844
48.9234
45.6072
41.8834
37.7791
33.3056
28.474
23.2968
17.7953
12.0018
5.96033
-0.273767
-6.6329
-13.0268
-19.3095
-25.385
-30.6114
34.9942
31.1367
26.6402
21.7949
17.0786
12.0881
7.04333
2.13991
-2.69459
-7.37541
-11.8745
-16.2244
-20.3996
-24.4004
-28.2234
-31.8442
-35.2286
-38.331
-41.0862
-43.3931
-45.159
-46.2891
-46.6837
-46.2629
-44.9725
-42.7141
-39.2825
-34.4276
-27.926
-19.5293
-9.1718
3.00389
17.4663
32.7227
47.2828
64.3946
57.3383
-9.68401
-194.242
38.5727
41.9345
45.6056
49.363
52.7566
55.8284
58.4133
60.3218
61.5562
62.2271
62.4199
62.2416
61.7932
61.1465
60.3593
59.459
58.4531
57.3323
56.074
54.6456
53.0073
51.1028
48.8581
46.1989
43.1193
39.6637
35.8551
31.7001
27.2058
22.3806
17.2421
11.8174
6.14558
0.277262
-5.72286
-11.765
-17.7093
-23.4473
-28.3683
33.3772
29.7312
25.4807
20.9032
16.4533
11.7488
7.00113
2.39699
-2.13235
-6.50591
-10.697
-14.7369
-18.6011
-22.2904
-25.8012
-29.1118
-32.1909
-34.9978
-37.4667
-39.5002
-41.0148
-41.9273
-42.1554
-41.6331
-40.3278
-38.1704
-34.9984
-30.5993
-24.7918
-17.3841
-8.29311
2.2932
14.6276
27.5504
38.6446
50.1747
40.596
-23.7702
-197.265
36.7602
39.9377
43.4074
46.9569
50.1524
53.0335
55.4477
57.2108
58.3301
58.9127
59.0423
58.8224
58.3525
57.6994
56.9208
56.0419
55.0701
53.9966
52.8007
51.4523
49.9126
48.1323
46.0385
43.5617
40.6993
37.4926
33.9597
30.1031
25.9263
21.4354
16.645
11.5784
6.27
0.765765
-4.87328
-10.5602
-16.1614
-21.5596
-26.1701
31.8301
28.3841
24.3659
20.0401
15.8416
11.407
6.9371
2.61284
-1.63133
-5.71902
-9.62474
-13.3789
-16.9584
-20.3636
-23.5923
-26.6248
-29.4331
-31.9817
-34.206
-36.0138
-37.3257
-38.0726
-38.1849
-37.613
-36.3384
-34.3217
-31.4384
-27.5127
-22.3983
-15.9668
-8.14433
0.877535
11.1216
21.7269
29.796
35.9998
24.2881
-34.3163
-188.183
35.0285
38.031
41.3118
44.662
47.671
50.3752
52.6254
54.2523
55.2643
55.7648
55.8356
55.5784
55.0865
54.4278
53.6558
52.7953
51.8535
50.8224
49.6825
48.4058
46.9565
45.2876
43.3298
41.0207
38.3595
35.3825
32.1057
28.527
24.6483
20.474
16.0161
11.295
6.3405
1.19438
-4.08645
-9.419
-14.6773
-19.739
-24.0599
30.3501
27.0927
23.2939
19.2059
15.2436
11.0604
6.85178
2.78923
-1.19064
-5.01349
-8.65652
-12.1487
-15.4683
-18.6165
-21.5918
-24.3769
-26.9478
-29.2734
-31.2935
-32.9187
-34.0737
-34.7009
-34.746
-34.1708
-32.9691
-31.1269
-28.5555
-25.115
-20.6908
-15.2113
-8.64383
-1.17424
7.02146
15.2702
20.7524
22.4754
9.19001
-41.9036
-170.717
33.3739
36.2117
39.3118
42.4755
45.3076
47.8419
49.9417
51.4416
52.354
52.7788
52.7959
52.5033
51.9935
51.3285
50.5622
49.7177
48.8026
47.8091
46.7194
45.5073
44.1395
42.5716
40.7389
38.585
36.1069
33.3426
30.3011
26.9802
23.3812
19.5069
15.3668
10.9782
6.36752
1.5723
-3.35471
-8.3356
-13.2522
-17.9815
-22.0098
28.9346
25.8558
22.2633
18.3987
14.6571
10.7113
6.7456
2.92507
-0.808738
-4.38759
-7.78952
-11.0426
-14.1269
-17.0437
-19.7933
-22.3606
-24.7256
-26.8617
-28.7142
-30.1966
-31.2367
-31.7865
-31.8073
-31.2688
-30.1775
-28.539
-26.2973
-23.348
-19.6064
-15.0463
-9.68919
-3.72626
2.5208
8.43801
11.637
9.98853
-4.31502
-47.5903
-150.196
31.7934
34.4745
37.4051
40.3901
43.0557
45.4334
47.3889
48.7706
49.5912
49.9472
49.9158
49.5934
49.0663
48.3974
47.6368
46.807
45.9159
44.9564
43.9119
42.7578
41.4639
39.9879
38.2704
36.2566
33.9499
31.3787
28.5531
25.4718
22.1356
18.5455
14.7085
10.6387
6.35933
1.90443
-2.67724
-7.31336
-11.8945
-16.2982
-20.0564
27.5804
24.6693
21.2724
17.618
14.0844
10.3578
6.6193
3.02462
-0.483478
-3.83853
-7.02025
-10.0566
-12.9286
-15.6389
-18.1887
-20.5661
-22.7544
-24.7327
-26.4507
-27.8272
-28.7889
-29.3001
-29.3327
-28.8691
-27.9182
-26.5035
-24.6037
-22.1438
-19.0688
-15.3862
-11.1668
-6.61881
-2.14687
1.6119
2.76673
-1.19457
-15.9178
-52.2218
-130.993
30.283
32.8165
35.5848
38.4029
40.9111
43.1388
44.9629
46.2351
46.9714
47.2649
47.1907
46.8414
46.3023
45.6303
44.876
44.0606
43.1919
42.2634
41.26
40.1588
38.9315
37.5398
35.9266
34.0444
31.8918
29.497
26.8698
24.0115
20.9214
17.5995
14.0501
10.2849
6.32379
2.19806
-2.04812
-6.34764
-10.6
-14.6875
-18.1734
26.284
23.5322
20.3187
16.862
13.5219
10.0037
6.47486
3.08751
-0.211745
-3.3621
-6.34404
-9.1847
-11.867
-14.3939
-16.7687
-18.9817
-21.0211
-22.8694
-24.484
-25.7855
-26.7035
-27.2077
-27.2865
-26.9227
-26.1355
-24.9624
-23.4083
-21.4289
-18.994
-16.1365
-12.9618
-9.69647
-6.77415
-4.8668
-5.46358
-10.9234
-25.4908
-56.0596
-115.36
28.8389
31.232
33.8487
36.5069
38.8678
40.9582
42.6565
43.8275
44.4868
44.7243
44.6128
44.2426
43.6931
43.0219
42.2754
41.4747
40.6276
39.7281
38.7626
37.7097
36.5438
35.2288
33.7123
31.9484
29.9369
27.7037
25.2612
22.6093
19.7493
16.6787
13.4011
9.92553
6.26865
2.45856
-1.46467
-5.43923
-9.37348
-13.1545
-16.3908
25.0417
22.4394
19.4001
16.1298
12.9732
9.64557
6.31347
3.11954
0.00991261
-2.9539
-5.75526
-8.42036
-10.9338
-13.2994
-15.5221
-17.5948
-19.5098
-21.2539
-22.7912
-24.0465
-24.9477
-25.4752
-25.6219
-25.3848
-24.7746
-23.8524
-22.6413
-21.1256
-19.2929
-17.1948
-14.9591
-12.8226
-11.2099
-10.7875
-12.7623
-19.11
-33.0306
-59.0168
-103.558
27.4573
29.7188
32.1907
34.7008
36.9232
38.8821
40.4671
41.5447
42.1338
42.3212
42.1776
41.7894
41.2351
40.5663
39.8296
39.0447
38.2191
37.3473
36.4175
35.4095
34.3
33.0551
31.6264
29.9715
28.0895
26.0072
23.7344
21.2746
18.627
15.7917
12.7698
9.56772
6.19997
2.69093
-0.922485
-4.58452
-8.21158
-11.6988
-14.6838
23.8508
21.3903
18.514
15.4194
12.4326
9.28772
6.13711
3.11921
0.185907
-2.60842
-5.24699
-7.75559
-10.1198
-12.3447
-14.4364
-16.3909
-18.2036
-19.8662
-21.3488
-22.5808
-23.4902
-24.0621
-24.3
-24.1984
-23.7801
-23.1071
-22.2326
-21.1524
-19.8743
-18.4603
-17.0495
-15.8779
-15.3404
-16.0523
-19.0085
-25.7857
-38.7368
-60.9419
-94.8204
26.1351
28.2724
30.6103
32.98
35.0731
36.9129
38.3891
39.3808
39.9061
40.049
39.878
39.4775
38.9198
38.2575
37.5328
36.7649
35.9613
35.117
34.2211
33.2552
32.1978
31.0177
29.6697
28.1148
26.3536
24.4098
22.2953
20.0121
17.5636
14.9467
12.1641
9.21919
6.12397
2.90042
-0.418351
-3.78196
-7.11551
-10.3201
-13.0758
22.7089
20.38
17.6585
14.7291
11.9043
8.92572
5.94578
3.09336
0.31954
-2.32084
-4.81296
-7.18209
-9.41536
-11.5181
-13.4983
-15.3536
-17.0845
-18.6841
-20.132
-21.359
-22.2958
-22.929
-23.2724
-23.3189
-23.0925
-22.667
-22.1075
-21.4318
-20.6515
-19.8385
-19.1332
-18.7667
-19.0881
-20.6336
-24.2176
-31.0713
-42.8771
-61.8572
-88.1234
24.8705
26.8925
29.1039
31.3445
33.3169
35.0428
36.4215
37.3342
37.8015
37.9048
37.7107
37.2998
36.744
36.0895
35.3788
34.6295
33.8488
33.032
32.1692
31.2432
30.2349
29.1148
27.8416
26.3796
24.7297
22.9153
20.9468
18.8294
16.5629
14.1506
11.5893
8.88348
6.04335
3.0895
0.0501359
-3.02948
-6.08263
-9.01922
-11.5453
21.6147
19.41
16.8319
14.0576
11.3819
8.56432
5.74133
3.03955
0.414618
-2.08543
-4.44575
-6.69115
-8.80947
-10.8072
-12.6928
-14.4671
-16.1325
-17.6867
-19.114
-20.352
-21.3287
-22.0399
-22.4949
-22.6969
-22.659
-22.4681
-22.2021
-21.8883
-21.5438
-21.2453
-21.1319
-21.4131
-22.398
-24.5304
-28.4612
-35.1418
-45.75
-61.9118
-82.6567
23.6621
25.5766
27.6721
29.7908
31.6515
33.2747
34.5597
35.3996
35.8144
35.883
35.6696
35.2532
34.6997
34.0565
33.3618
32.6325
31.8756
31.0867
30.2566
29.3694
28.4075
27.344
26.1408
24.7655
23.2197
21.5251
19.6929
17.7262
15.6319
13.4057
11.0488
8.56393
5.96265
3.26207
0.486477
-2.32456
-5.11207
-7.79271
-10.1095
20.5678
18.4771
16.0342
13.4045
10.8714
8.19831
5.52378
2.96478
0.474037
-1.8979
-4.13938
-6.27441
-8.29189
-10.199
-12.0052
-13.7131
-15.3281
-16.8499
-18.2696
-19.5282
-20.5579
-21.3511
-21.9301
-22.2805
-22.4287
-22.452
-22.4522
-22.4511
-22.484
-22.6161
-22.9794
-23.7712
-25.2439
-27.7612
-31.831
-38.1739
-47.6052
-61.3122
-77.9337
22.5097
24.3253
26.3119
28.3188
30.0752
31.6
32.8019
33.5753
33.9428
33.9809
33.752
33.3312
32.7846
32.1534
31.4761
30.7682
30.0359
29.2752
28.4777
27.6284
26.7114
25.7019
24.565
23.2712
21.8228
20.2403
18.5335
16.7098
14.7706
12.7165
10.5465
8.26673
5.887
3.42216
0.893222
-1.66541
-4.20193
-6.64208
-8.75246
19.5686
17.585
15.2657
12.7709
10.3665
7.83386
5.29562
2.86515
0.501604
-1.75326
-3.88705
-5.9232
-7.852
-9.6806
-11.4202
-13.074
-14.6507
-16.1505
-17.5712
-18.8594
-19.9461
-20.832
-21.5267
-22.0288
-22.342
-22.5674
-22.793
-23.0685
-23.4131
-23.8955
-24.6401
-25.8074
-27.6197
-30.3592
-34.4142
-40.3251
-48.6471
-60.2375
-73.6737
21.4124
23.1358
25.0223
26.9234
28.5828
30.0197
31.1415
31.8545
32.1801
32.1922
31.9513
31.531
30.9912
30.3749
29.7165
29.0309
28.3241
27.592
26.8269
26.0149
25.1415
24.1839
23.1101
21.8937
20.5372
19.0594
17.4709
15.7771
13.9828
12.0862
10.0906
7.99959
5.82401
3.57622
1.27526
-1.04837
-3.35003
-5.56305
-7.48595
18.6172
16.7311
14.5284
12.1576
9.87598
7.46721
5.05708
2.74953
0.500004
-1.64757
-3.68302
-5.63019
-7.47978
-9.24021
-10.9227
-12.533
-14.0798
-15.5662
-16.9933
-18.3143
-19.4647
-20.4386
-21.2505
-21.8869
-22.3576
-22.7549
-23.1818
-23.6833
-24.2844
-25.0474
-26.0734
-27.5122
-29.5341
-32.3649
-36.2985
-41.7297
-49.0317
-58.8164
-69.7617
20.3697
22.0072
23.7985
25.6014
27.17
28.5224
29.5742
30.2331
30.5222
30.5129
30.264
29.8452
29.3168
28.7161
28.0778
27.4155
26.7346
26.0316
25.2989
24.5237
23.6928
22.7852
21.7719
20.6286
19.3587
17.9796
16.501
14.9296
13.2692
11.5215
9.6858
7.76969
5.77937
3.72998
1.63757
-0.469557
-2.55329
-4.55616
-6.29646
17.7126
15.9195
13.8229
11.5676
9.39502
7.10725
4.81309
2.61509
0.473951
-1.57469
-3.52058
-5.38692
-7.1658
-8.86575
-10.4994
-12.0729
-13.5968
-15.0745
-16.5114
-17.866
-19.0786
-20.1395
-21.0587
-21.8176
-22.4267
-22.9749
-23.5694
-24.2558
-25.0602
-26.0333
-27.2664
-28.8764
-31.0068
-33.8328
-37.5668
-42.5041
-48.8846
-57.145
-66.0946
19.3791
20.9348
22.637
24.3457
25.8294
27.1065
28.0913
28.7022
28.9607
28.935
28.682
28.2699
27.7533
27.1713
26.5547
25.9167
25.2627
24.5889
23.8886
23.1497
22.3602
21.5009
20.5452
19.4716
18.2836
16.9972
15.622
14.1649
12.6309
11.02
9.3348
7.5775
5.75897
3.88954
1.98809
0.0785358
-1.80559
-3.61329
-5.19139
16.8531
15.146
13.1509
11.0018
8.93441
6.75075
4.56579
2.4729
0.427735
-1.52999
-3.39374
-5.18612
-6.90073
-8.5464
-10.1368
-11.6787
-13.1836
-14.6559
-16.1016
-17.4883
-18.7591
-19.9019
-20.916
-21.785
-22.5121
-23.1892
-23.9189
-24.7515
-25.7092
-26.8348
-28.2038
-29.9104
-32.0732
-34.8118
-38.3042
-42.75
-48.3076
-55.281
-62.6476
18.4379
19.9158
21.5319
23.1522
24.5561
25.7604
26.6876
27.2568
27.4901
27.4532
27.2006
26.7967
26.2968
25.7344
25.1412
24.529
23.9027
23.2588
22.5911
21.8882
21.1392
20.3265
19.4259
18.4182
17.3074
16.1083
14.8299
13.4797
12.063
10.581
9.03396
7.42672
5.76455
4.06237
2.33359
0.603578
-1.09972
-2.73218
-4.15424
16.0361
14.413
12.5112
10.4628
8.48786
6.40774
4.32116
2.32006
0.367503
-1.50679
-3.29497
-5.01969
-6.67528
-8.27169
-9.82257
-11.3361
-12.8234
-14.2904
-15.7443
-17.1567
-18.482
-19.6949
-20.7943
-21.755
-22.5833
-23.3639
-24.2018
-25.1437
-26.2106
-27.4403
-28.8867
-30.6338
-32.7561
-35.3681
-38.5851
-42.5617
-47.3884
-53.2841
-59.3635
17.5423
18.945
20.4801
22.0158
23.3448
24.4848
25.3564
25.8893
26.1027
26.0595
25.8115
25.4212
24.9385
24.3992
23.8312
23.2461
22.649
22.0359
21.4014
20.7345
20.0255
19.258
18.41
17.4648
16.4264
15.3087
14.1206
12.8699
11.5625
10.1997
8.78264
7.31317
5.79921
4.24943
2.68062
1.11252
-0.427886
-1.90143
-3.18853
15.2583
13.7134
11.9032
9.94851
8.06515
6.07372
4.08037
2.1689
0.29743
-1.49993
-3.21819
-4.88004
-6.48086
-8.03115
-9.54517
-11.0315
-12.5015
-13.962
-15.4189
-16.8545
-18.2213
-19.4957
-20.6641
-21.7023
-22.6111
-23.475
-24.393
-25.4127
-26.5525
-27.8401
-29.3221
-31.054
-33.104
-35.5493
-38.4857
-42.018
-46.1995
-51.1857
-56.2348
16.6895
18.021
19.4787
20.936
22.195
23.2724
24.0964
24.5976
24.7954
24.75
24.5107
24.1355
23.6749
23.1595
22.6183
22.0619
21.4951
20.9142
20.3138
19.6836
19.0145
18.2913
17.4942
16.6081
15.6374
14.5952
13.4904
12.3316
11.125
9.87273
8.57569
7.23615
5.85856
4.45283
3.02944
1.60993
0.215473
-1.11784
-2.28322
14.517
13.0486
11.3232
9.45879
7.65706
5.75705
3.84812
2.01517
0.22282
-1.50313
-3.1565
-4.75966
-6.30892
-7.81537
-9.29372
-10.7529
-12.2044
-13.6548
-15.1122
-16.5599
-17.9608
-19.2811
-20.5045
-21.603
-22.5755
-23.5015
-24.4764
-25.5451
-26.7244
-28.0361
-29.5137
-31.2006
-33.1457
-35.4117
-38.0675
-41.1903
-44.8037
-49.0297
-53.2282
15.8771
17.1416
18.5282
19.9119
21.1055
22.1278
22.905
23.3781
23.5637
23.5196
23.2919
22.9365
22.4981
22.0096
21.4965
20.9699
20.4345
19.8868
19.3217
18.7292
18.1007
17.4219
16.6746
15.8453
14.9383
13.9659
12.9374
11.8621
10.7475
9.59635
8.40985
7.18974
5.94015
4.66646
3.38002
2.09544
0.832891
-0.375351
-1.43486
13.8109
12.4122
10.7696
8.99014
7.27164
5.44988
3.62351
1.86874
0.146098
-1.51295
-3.10523
-4.65244
-6.15214
-7.6157
-9.05844
-10.4893
-11.9197
-13.3567
-14.8072
-16.2614
-17.6816
-19.0349
-20.2981
-21.441
-22.4599
-23.4293
-24.4401
-25.5342
-26.7261
-28.0326
-29.4785
-31.0959
-32.9215
-35.0021
-37.3915
-40.1338
-43.2522
-46.8329
-50.3477
15.1054
16.3085
17.6291
18.9455
20.0784
21.0468
21.7838
22.2322
22.408
22.3674
22.1538
21.8182
21.406
20.9444
20.4602
19.9639
19.4605
18.9466
18.4176
17.8639
17.2771
16.6436
15.9464
15.1729
14.327
13.4198
12.4611
11.4612
10.4288
9.36828
8.28154
7.17048
6.03751
4.88772
3.72619
2.56678
1.4241
0.329594
-0.634117
13.1405
11.8083
10.2403
8.54268
6.89772
5.15916
3.40848
1.7229
0.0705056
-1.52552
-3.05978
-4.55339
-6.00457
-7.42542
-8.83134
-10.2317
-11.6375
-13.0563
-14.4942
-15.9438
-17.3731
-18.7448
-20.0324
-21.2041
-22.2532
-23.2494
-24.2785
-25.3783
-26.5623
-27.8418
-29.2364
-30.7684
-32.4662
-34.3648
-36.4953
-38.8988
-41.588
-44.6312
-47.572
14.3749
15.5219
16.7828
18.0361
19.1122
20.0335
20.7311
21.158
21.3264
21.2909
21.0923
20.7794
20.3917
19.9588
19.5041
19.0381
18.5664
18.0863
17.5936
17.0793
16.5354
15.9486
15.3027
14.5859
13.8006
12.9563
12.0624
11.1303
10.1705
9.18916
8.18981
7.17496
6.14726
5.10861
4.06346
3.01944
1.99037
1.0013
0.125468
12.5069
11.233
9.73691
8.11443
6.54462
4.8767
3.20109
1.58615
-0.00353152
-1.53942
-3.01778
-4.45914
-5.86218
-7.2396
-8.60674
-9.97346
-11.3505
-12.7448
-14.1632
-15.5995
-17.0255
-18.4022
-19.7003
-20.8852
-21.9496
-22.9581
-23.9896
-25.081
-26.2395
-27.4787
-28.8056
-30.2449
-31.8089
-33.5304
-35.4234
-37.5298
-39.8438
-42.4302
-44.9027
13.687
14.7829
15.9882
17.183
18.2062
19.082
19.7475
20.1569
20.3201
20.291
20.1078
19.8149
19.4536
19.048
18.6223
18.1863
17.7457
17.2984
16.8413
16.3661
15.8655
15.3266
14.7342
14.0762
13.3533
12.5723
11.7415
10.8723
9.97662
9.06291
8.13724
7.20417
6.26673
5.3272
4.38666
3.4512
2.5278
1.63927
0.847395
11.9107
10.692
9.25942
7.70801
6.20323
4.61096
3.00374
1.45225
-0.0736703
-1.55183
-2.97652
-4.36687
-5.72218
-7.05499
-8.38106
-9.71022
-11.0531
-12.4176
-13.8078
-15.2227
-16.6336
-18.0026
-19.2971
-20.4812
-21.5474
-22.5535
-23.5767
-24.6435
-25.7697
-26.9514
-28.2087
-29.5427
-30.9812
-32.5282
-34.2138
-36.0485
-38.0472
-40.2465
-42.325
13.0407
14.089
15.2423
16.3815
17.3557
18.1939
18.8305
19.2272
19.3875
19.3658
19.1972
18.9247
18.5854
18.2066
17.8087
17.4016
16.9909
16.5752
16.1522
15.7149
15.2568
14.7663
14.2288
13.6324
12.9755
12.2613
11.4953
10.688
9.85141
8.99622
8.13123
7.26413
6.40061
5.54378
4.69477
3.85594
3.03204
2.23857
1.52561
11.3512
10.1817
8.81015
7.32343
5.88503
4.35513
2.81643
1.32921
-0.139064
-1.56153
-2.93395
-4.27421
-5.58176
-6.86905
-8.15154
-9.43918
-10.7433
-12.0702
-13.4271
-14.8091
-16.1948
-17.5436
-18.8214
-19.9926
-21.0469
-22.0407
-23.0409
-24.078
-25.1562
-26.281
-27.4561
-28.6927
-30.0004
-31.3944
-32.8844
-34.4903
-36.2115
-38.0837
-39.8343
12.4346
13.4377
14.5413
15.6283
16.5586
17.3631
17.9801
18.3698
18.5298
18.5168
18.3622
18.1056
17.7872
17.4304
17.0573
16.6767
16.2941
15.9082
15.5175
15.1161
14.6989
14.2556
13.7733
13.2404
12.6533
12.011
11.3152
10.5733
9.79608
8.99471
8.18067
7.36548
6.55827
5.76574
4.99035
4.23427
3.49765
2.79185
2.15739
10.8273
9.70614
8.38901
6.96415
5.58194
4.11923
2.64214
1.21281
-0.196604
-1.56542
-2.88714
-4.17814
-5.43798
-6.67873
-7.91537
-9.15823
-10.4181
-11.7031
-13.0167
-14.3598
-15.7085
-17.026
-18.2762
-19.4231
-20.4555
-21.4256
-22.3949
-23.3914
-24.4181
-25.4783
-26.5732
-27.7108
-28.8989
-30.1482
-31.4672
-32.8699
-34.3552
-35.9528
-37.4318
11.8661
12.826
13.8831
14.9219
15.8133
16.5927
17.1941
17.5821
17.7449
17.743
17.6021
17.3606
17.0566
16.7179
16.3643
16.0059
15.648
15.2892
14.9286
14.5607
14.1819
13.7837
13.3549
12.8855
12.3706
11.8052
11.1865
10.5172
9.8048
9.05894
8.29199
7.51851
6.75261
6.00565
5.28397
4.59108
3.92801
3.2986
2.73891
10.338
9.26016
7.99677
6.62865
5.30467
3.89717
2.48222
1.11129
-0.244156
-1.56068
-2.83248
-4.0748
-5.28707
-6.48046
-7.66937
-8.86426
-10.0764
-11.313
-12.5795
-13.8734
-15.1773
-16.4538
-17.6668
-18.78
-19.7816
-20.7196
-21.6505
-22.5995
-23.5693
-24.5616
-25.5764
-26.6188
-27.6949
-28.8128
-29.9802
-31.2067
-32.4914
-33.8585
-35.1114
11.3353
12.2553
13.2704
14.266
15.1246
15.8814
16.4731
16.8621
17.0296
17.0436
16.9193
16.6903
16.3997
16.0721
15.7312
15.3876
15.0482
14.7119
14.3776
14.0403
13.6971
13.3409
12.9628
12.5546
12.1114
11.6254
11.0896
10.5013
9.86284
9.17965
8.46282
7.7282
6.99377
6.27675
5.58956
4.9405
4.33114
3.7653
3.27006
9.8834
8.84704
7.6313
6.31762
5.04358
3.69674
2.33814
1.02143
-0.277965
-1.54277
-2.76393
-3.95728
-5.12268
-6.26874
-7.40873
-8.5538
-9.71546
-10.9005
-12.1132
-13.3539
-14.6051
-15.8324
-17.0007
-18.0724
-19.0364
-19.9357
-20.8224
-21.7186
-22.6273
-23.5494
-24.4838
-25.4349
-26.4069
-27.4064
-28.4394
-29.5138
-30.6279
-31.8013
-32.8658
10.8431
11.7285
12.708
13.6672
14.4982
15.237
15.8169
16.2037
16.3724
16.409
16.3083
16.0978
15.8186
15.5001
15.1648
14.8275
14.4975
14.1755
13.8613
13.5499
13.2387
12.921
12.5897
12.2385
11.8633
11.4552
11.0043
10.5031
9.94768
9.33775
8.67984
7.98822
7.28322
6.58717
5.91919
5.29459
4.71951
4.19842
3.7553
9.4676
8.46651
7.2964
6.03204
4.81009
3.51243
2.21167
0.949415
-0.296506
-1.50892
-2.67568
-3.81678
-4.93496
-6.03406
-7.12504
-8.21997
-9.33003
-10.4621
-11.6195
-12.8027
-13.9963
-15.1705
-16.2865
-17.3116
-18.2309
-19.0863
-19.9225
-20.7615
-21.6043
-22.4534
-23.3071
-24.1695
-25.0444
-25.9366
-26.8518
-27.795
-28.7646
-29.7759
-30.6833
10.3951
11.2516
12.2022
13.1304
13.9383
14.6571
15.2248
15.6015
15.762
15.8272
15.7613
15.5762
15.3169
15.0072
14.6742
14.3353
14.0049
13.6872
13.3841
13.0914
12.8067
12.5233
12.2347
11.9354
11.6225
11.2867
10.9175
10.5041
10.0377
9.51058
8.92321
8.28477
7.61479
6.9382
6.28095
5.6655
5.10552
4.60862
4.20043
9.09843
8.1315
7.00163
5.78465
4.60626
3.3623
2.11183
0.897984
-0.294228
-1.45341
-2.56563
-3.65266
-4.72106
-5.77077
-6.81139
-7.85581
-8.91505
-9.99285
-11.094
-12.2178
-13.3545
-14.4714
-15.5373
-16.5113
-17.3861
-18.1922
-18.9761
-19.7526
-20.5271
-21.3003
-22.0726
-22.8488
-23.6314
-24.4272
-25.2372
-26.068
-26.9148
-27.7912
-28.5684
9.99665
10.8278
11.7517
12.6503
13.4348
14.1323
14.6821
15.0405
15.1917
15.2921
15.2677
15.1198
14.8861
14.5936
14.2625
13.9185
13.5791
13.2553
12.9521
12.6688
12.4031
12.1488
11.898
11.646
11.388
11.1165
10.82
10.4889
10.1102
9.67214
9.16607
8.59527
7.97285
7.32446
6.6778
6.06431
5.50436
5.01339
4.62164
8.77516
7.83974
6.75285
5.58147
4.45065
3.25088
2.05254
0.88391
-0.258298
-1.36541
-2.43037
-3.47184
-4.48958
-5.48176
-6.46653
-7.46002
-8.46733
-9.491
-10.5342
-11.5984
-12.675
-13.7369
-14.7468
-15.6706
-16.4938
-17.2489
-17.9728
-18.6827
-19.3824
-20.0757
-20.7653
-21.4547
-22.1515
-22.8576
-23.5771
-24.3121
-25.0584
-25.8237
-26.4941
9.64474
10.4499
11.3456
12.2106
12.9685
13.6367
14.1657
14.4972
14.6546
14.8054
14.8241
14.7146
14.5228
14.2528
13.932
13.582
13.231
12.891
12.5773
12.2903
12.0344
11.8005
11.5836
11.373
11.1645
10.9451
10.7085
10.4434
10.1423
9.78721
9.36825
8.87608
8.31952
7.71403
7.09047
6.48119
5.91667
5.41579
5.02083
8.53244
7.62145
6.56129
5.42553
4.32934
3.17389
2.023
0.898368
-0.175936
-1.24671
-2.2149
-3.22313
-4.21134
-5.14955
-6.08603
-7.04415
-8.019
-9.00468
-10.0064
-11.0285
-12.0667
-13.0928
-14.0693
-14.9596
-15.7476
-16.462
-17.1376
-17.7899
-18.4245
-19.0502
-19.6637
-20.2799
-20.903
-21.5371
-22.1834
-22.8423
-23.5076
-24.1868
-24.769
9.38028
10.1626
11.0344
11.8571
12.5766
13.1901
13.6562
13.9035
14.0546
14.3342
14.4244
14.3703
14.2318
14.0092
13.7114
13.3712
13.015
12.6642
12.3345
12.0379
11.7793
11.557
11.3625
11.186
11.0152
10.835
10.6353
10.4108
10.1553
9.85769
9.50428
9.08366
8.59356
8.04318
7.45561
6.86266
6.296
5.7818
5.37282
8.34658
7.45258
6.41545
5.30667
4.24314
3.12165
2.01999
0.944245
-0.0531344
-1.09693
-1.93317
-2.92309
-3.89855
-4.78589
-5.67899
-6.61345
-7.5688
-8.53079
-9.50524
-10.5008
-11.5153
-12.5202
-13.4773
-14.3482
-15.1143
-15.7999
-16.4394
-17.0451
-17.6272
-18.1959
-18.7444
-19.2966
-19.8581
-20.4303
-21.013
-21.6065
-22.201
-22.7985
-23.2992
9.17688
9.93893
10.7825
11.558
12.2288
12.7678
13.1459
13.2816
13.3975
13.8502
14.0381
14.0438
13.9718
13.802
13.5425
13.2258
12.8805
12.5292
12.1903
11.8815
11.6139
11.391
11.2073
11.0531
10.9117
10.7626
10.5913
10.3933
10.166
9.9041
9.59727
9.23388
8.80547
8.31311
7.77108
7.20491
6.64605
6.12243
5.69642
8.16854
7.29534
6.27965
5.2009
4.1684
3.09101
2.03792
1.01238
0.0896414
-0.929929
-1.63332
-2.59771
-3.55655
-4.38906
-5.23066
-6.13352
-7.0658
-8.0014
-8.94546
-9.91373
-10.9012
-11.881
-12.817
-13.6671
-14.4099
-15.0655
-15.6665
-16.2231
-16.7489
-17.2577
-17.7369
-18.2217
-18.7187
-19.2263
-19.7463
-20.2764
-20.8061
-21.331
-21.7623
8.9775
9.71585
10.5256
11.2495
11.872
12.3347
12.6271
12.6644
12.7411
13.3506
13.6396
13.7066
13.6935
13.5844
13.3728
13.0934
12.7758
12.4402
12.1041
11.7867
11.5053
11.27
11.0831
10.9376
10.8184
10.698
10.5567
10.3839
10.1797
9.94281
9.67122
9.35596
8.98829
8.56145
8.08007
7.55906
7.02413
6.50147
6.05929
7.99362
7.14137
6.15175
5.10257
4.10513
3.06694
2.06541
1.09461
0.238825
-0.749787
-1.32943
-2.25633
-3.18983
-3.96715
-4.75201
-5.61472
-6.51544
-7.41849
-8.3301
-9.26419
-10.2199
-11.1731
-12.0872
-12.9169
-13.6365
-14.2634
-14.8257
-15.3337
-15.8015
-16.2494
-16.6549
-17.0685
-17.4943
-17.9324
-18.3838
-18.8483
-19.3142
-19.7719
-20.1413
8.77807
9.48937
10.2594
10.9309
11.5057
11.8898
12.1057
12.057
12.0919
12.8367
13.2287
13.3546
13.4016
13.3515
13.1912
12.9573
12.6796
12.3787
12.0646
11.7558
11.4672
11.2173
11.0127
10.8593
10.7442
10.6443
10.5296
10.3863
10.2056
9.99186
9.7452
9.46766
9.15105
8.78934
8.37602
7.91743
7.42637
6.92578
6.47918
7.8206
6.99406
6.02889
5.00958
4.04198
3.04696
2.09245
1.17476
0.380378
-0.565492
-1.03554
-1.91222
-2.80871
-3.52928
-4.25308
-5.06418
-5.92239
-6.78539
-7.65448
-8.54865
-9.46831
-10.3924
-11.2824
-12.091
-12.7894
-13.39
-13.9191
-14.3826
-14.7986
-15.1885
-15.5245
-15.8659
-16.2196
-16.5844
-16.9642
-17.3605
-17.7624
-18.1586
-18.48
8.57695
9.25843
9.98625
10.6049
11.1338
11.4377
11.5862
11.4561
11.4479
12.3109
12.8013
12.9856
13.0886
13.1009
12.9957
12.8067
12.5723
12.313
12.0393
11.7591
11.4851
11.2303
11.0087
10.8315
10.7005
10.5982
10.4992
10.3806
10.2292
10.0411
9.8207
9.57264
9.29847
8.99269
8.64835
8.26082
7.83402
7.37807
6.95134
7.64923
6.84767
5.90994
4.91762
3.97945
3.01852
2.10757
1.24342
0.503644
-0.385568
-0.760528
-1.57266
-2.41719
-3.07813
-3.73734
-4.48819
-5.29174
-6.10281
-6.92358
-7.77107
-8.64997
-9.53824
-10.3977
-11.1794
-11.8532
-12.427
-12.924
-13.3461
-13.7133
-14.0476
-14.3147
-14.5832
-14.8619
-15.1498
-15.4544
-15.7801
-16.1173
-16.4517
-16.7152
8.37629
9.02813
9.71208
10.281
10.7621
10.9809
11.0708
10.856
10.7996
11.7754
12.3591
12.5891
12.7419
12.8187
12.7791
12.6449
12.4568
12.2407
12.0107
11.7727
11.5324
11.2955
11.0715
10.8739
10.7135
10.5869
10.4787
10.3691
10.2397
10.0799
9.88804
9.67007
9.43123
9.17305
8.88955
8.57428
8.22099
7.83147
7.44965
7.48099
6.70566
5.79095
4.82381
3.90772
2.98038
2.10608
1.29114
0.60319
-0.215263
-0.511759
-1.24462
-2.01873
-2.61319
-3.20644
-3.88958
-4.6275
-5.37825
-6.1431
-6.94073
-7.77214
-8.61764
-9.43918
-10.1912
-10.8411
-11.394
-11.8672
-12.2606
-12.5922
-12.8854
-13.0963
-13.3029
-13.5141
-13.731
-13.9628
-14.2194
-14.4951
-14.7815
-15.0329
8.1814
8.80545
9.447
9.96649
10.393
10.5139
10.5481
10.233
10.1244
11.2318
11.9202
12.1887
12.3662
12.4878
12.5075
12.4379
12.3109
12.1489
11.9679
11.7762
11.5803
11.3798
11.1783
10.9818
10.8033
10.6468
10.5125
10.3897
10.2655
10.1241
9.95927
9.77015
9.564
9.34341
9.11012
8.85621
8.57561
8.25957
7.93863
7.31809
6.56204
5.66911
4.72131
3.82623
2.9247
2.08464
1.32003
0.680697
-0.0600477
-0.29335
-0.933823
-1.61516
-2.13481
-2.6599
-3.27101
-3.93538
-4.61968
-5.32558
-6.06555
-6.83895
-7.62445
-8.38853
-9.08621
-9.69061
-10.2023
-10.6387
-10.9905
-11.2785
-11.52
-11.6693
-11.807
-11.9483
-12.0907
-12.2504
-12.4368
-12.6465
-12.8596
-13.0116
7.99552
8.59407
9.19196
9.66288
10.019
10.0274
10.0059
9.56521
9.37544
10.643
11.481
11.8244
12.0422
12.1891
12.2288
12.1862
12.0991
11.9866
11.8555
11.7127
11.5627
11.4076
11.2447
11.075
10.9026
10.7346
10.5779
10.4359
10.3035
10.1709
10.0277
9.86941
9.69625
9.51244
9.3193
9.11543
8.89479
8.65458
8.41217
7.1595
6.42203
5.54418
4.61241
3.73179
2.85547
2.04631
1.32976
0.736618
0.073185
-0.111784
-0.643438
-1.20969
-1.64718
-2.10191
-2.63594
-3.22466
-3.84151
-4.48713
-5.16904
-5.88259
-6.61071
-7.32411
-7.98674
-8.56862
-9.06731
-9.49444
-9.84043
-10.122
-10.3577
-10.4839
-10.5918
-10.6927
-10.7879
-10.8922
-11.0235
-11.1905
-11.3992
-11.6535
7.81656
8.38841
8.94209
9.36258
9.63652
9.53813
9.47979
8.8514
8.52461
9.93943
10.9337
11.4033
11.7511
12.0184
12.1328
12.1177
12.0327
11.9185
11.7924
11.6621
11.5324
11.4054
11.2784
11.1451
10.9965
10.8319
10.6602
10.4923
10.3339
10.1844
10.0374
9.88846
9.73402
9.57471
9.41013
9.23934
9.05405
8.85196
8.64331
7.01991
6.29844
5.4362
4.51344
3.64358
2.78097
1.99286
1.31262
0.752918
0.161019
0.0195237
-0.380779
-0.813414
-1.16518
-1.54871
-2.00399
-2.51122
-3.04784
-3.61291
-4.20436
-4.81694
-5.42909
-6.01601
-6.54515
-7.00605
-7.40593
-7.75217
-8.02649
-8.23973
-8.40591
-8.46279
-8.50422
-8.54032
-8.5708
-8.61004
-8.67161
-8.74771
-8.80215
-8.74206
7.65496
8.19931
8.70938
9.07969
9.26885
9.11028
9.02707
8.10169
7.59184
9.14329
10.1967
10.6699
11.0951
11.5375
11.8805
12.0836
12.1686
12.1639
12.0989
11.9983
11.8833
11.7683
11.6627
11.5698
11.4782
11.3675
11.2294
11.0722
10.9056
10.7374
10.5687
10.4
10.2301
10.0618
9.89569
9.73255
9.56299
9.36621
9.09749
6.93035
6.21842
5.35565
4.43262
3.55622
2.68982
1.9003
1.23153
0.68744
0.166803
0.0799615
-0.165882
-0.451004
-0.71252
-1.02008
-1.39848
-1.82986
-2.30178
-2.80708
-3.34584
-3.91007
-4.49415
-5.07893
-5.64327
-6.14607
-6.58197
-6.96826
-7.30063
-7.59676
-7.86967
-8.00555
-8.10628
-8.18752
-8.25114
-8.30329
-8.37129
-8.48757
-8.70835
-9.1393
7.55298
8.07592
8.55068
8.86717
8.96756
8.75607
8.53782
7.146
6.5933
8.54125
9.73612
10.1012
10.2926
10.5043
10.7211
10.9383
11.1521
11.3368
11.4686
11.5357
11.5448
11.507
11.4399
11.3683
11.3154
11.2771
11.2347
11.1798
11.111
11.0327
10.9453
10.8486
10.7382
10.6138
10.4751
10.3311
10.202
10.1477
10.277
6.88516
6.14924
5.25491
4.29631
3.3872
2.49207
1.69129
1.0275
0.510193
0.0850221
0.0650492
-0.0294825
-0.177632
-0.348533
-0.564907
-0.822735
-1.10934
-1.41448
-1.73151
-2.05306
-2.36682
-2.65325
-2.89284
-3.07708
-3.24014
-3.40372
-3.55986
-3.67566
-3.75095
-3.81874
-3.80925
-3.79792
-3.79255
-3.77579
-3.75395
-3.73012
-3.66807
-3.48423
-2.98161
7.51572
8.03441
8.48207
8.73766
8.71745
8.34482
7.64987
5.67913
5.24786
8.04878
10.0384
11.0269
11.5178
11.6752
11.5532
11.2707
10.9508
10.6761
10.4801
10.3564
10.2946
10.2808
10.2985
10.2977
10.2232
10.0952
9.95602
9.8133
9.66444
9.50992
9.35392
9.20613
9.07015
8.95103
8.842
8.72675
8.54453
8.17754
7.42519
6.74362
5.97557
5.03506
4.03169
3.08385
2.16722
1.37089
0.741787
0.290713
-0.0235999
0.00188212
0.041965
0.0315742
-0.0465821
-0.191067
-0.393609
-0.650108
-0.958032
-1.31798
-1.73248
-2.20898
-2.74929
-3.33759
-3.92152
-4.41758
-4.81542
-5.22309
-5.5867
-6.05884
-6.66196
-6.70851
-6.9081
-7.21002
-7.46452
-7.66223
-7.85793
-8.13765
-8.62971
-9.57132
7.39121
7.90737
8.33017
8.52942
8.39258
7.78347
6.4458
3.99066
2.94669
5.80612
8.42601
10.6468
12.5837
14.2661
15.5879
16.5158
17.1278
17.4629
17.5998
17.606
17.5425
17.4518
17.4008
17.4951
17.7716
18.0597
18.2479
18.3694
18.457
18.5133
18.5274
18.4988
18.4302
18.3329
18.2229
18.1349
18.1584
18.4112
19.1176
31.8808
18.9991
2.2526
-11.666
-21.6501
-29.4549
-37.3498
-46.1122
-55.6526
-65.3908
-75.2173
-85.0675
-95.175
-105.565
-116.469
-127.895
-140.023
-152.701
-165.523
-177.603
-187.848
-194.976
-198.124
-196.591
-190.695
-181.285
-169.777
-157.796
-147.144
-139.753
-137.878
-143.218
-156.791
-178.788
-206.589
-234.271
-255.696
-266.85
-266.082
-254.2
-234.326
-210.275
-185.674
-162.991
-143.503
-127.379
-114.23
-103.467
-94.5225
-86.968
-80.4572
-74.774
-69.7179
-65.1717
-61.0218
-57.2062
-53.6641
-50.3556
-47.2447
-44.3029
-41.512
-38.8588
-36.3282
-33.906
-31.5747
-29.3353
-27.158
-25.3499
-23.7999
-22.1958
-20.5167
-18.8182
-17.0007
-15.3244
-13.2104
-11.9661
-8.77948
-9.56596
-2.71388
-10.3457
29.28
16.8113
4.64337
-7.87634
-19.9205
-31.1493
-41.5062
-50.8368
-59.2137
-66.4449
-72.5822
-77.5494
-81.4654
-84.3213
-86.24
-87.2574
-87.5075
-87.0493
-86.0134
-84.4618
-82.5161
-80.2243
-77.6897
-74.9384
-72.059
-69.0555
-66.0023
-62.886
-59.7723
-56.6386
-53.5459
-50.466
-47.4523
-44.4763
-41.5861
-38.7534
-36.0196
-33.3584
-30.8054
-28.3365
-25.9808
-23.7166
-21.5674
-19.5128
-17.5702
-15.7223
-13.9803
-12.3333
-10.7874
-9.33515
-7.98196
-6.71112
-5.53421
-4.43658
-3.41877
-2.46933
-1.58014
-0.740537
0.0543055
0.806265
1.50858
2.16176
2.76668
3.31685
3.8155
4.27598
4.6914
5.04486
5.35786
5.69665
6.0949
6.55834
7.07936
7.61573
8.17337
8.47676
8.84122
10.3818
6.90099
19.2859
-129.561
-128.4
-129.045
-131.651
-134.688
-137.271
-139.987
-143.399
-147.779
-152.842
-158.314
-163.982
-169.793
-175.817
-182.112
-188.805
-195.879
-203.147
-210.019
-215.769
-219.601
-221.056
-219.964
-216.64
-211.509
-205.403
-199.343
-194.556
-192.265
-193.604
-199.499
-210.466
-226.256
-246.935
-270.999
-294.685
-313.464
-322.642
-317.575
-298.177
-269.416
-237.57
-207.159
-180.505
-158.131
-139.696
-124.528
-111.968
-101.473
-92.6022
-85.034
-78.4763
-72.7355
-67.6249
-63.036
-58.8611
-55.0367
-51.497
-48.1991
-45.1048
-42.1875
-39.4279
-36.8063
-34.3058
-31.9074
-29.6103
-27.3859
-25.5342
-23.9527
-22.3275
-20.6348
-18.9303
-17.1072
-15.4371
-13.3249
-12.087
-8.91824
-9.63334
-2.90265
-10.3152
-129.737
-126.952
-123.728
-120.48
-117.425
-114.541
-111.933
-109.517
-107.33
-105.291
-103.422
-101.673
-100.023
-98.4294
-96.8463
-95.25
-93.5815
-91.8349
-89.9518
-87.9462
-85.7719
-83.4585
-80.975
-78.3619
-75.6043
-72.7468
-69.7836
-66.7592
-63.6732
-60.5675
-57.4429
-54.3362
-51.2455
-48.2036
-45.2065
-42.2808
-39.4211
-36.6498
-33.9601
-31.3699
-28.8717
-26.48
-24.1865
-22.0007
-19.9154
-17.934
-16.0543
-14.2748
-12.5958
-11.0184
-9.53022
-8.14613
-6.85159
-5.65326
-4.5376
-3.50253
-2.53487
-1.62552
-0.76611
0.0447458
0.813301
1.53782
2.2124
2.83385
3.39971
3.91879
4.37822
4.7548
5.07641
5.40847
5.78866
6.23749
6.76118
7.32489
7.92422
8.30271
8.65257
10.2131
6.92151
18.7477
-130.173
-127.467
-126.115
-126.898
-129.431
-132.789
-136.347
-139.952
-143.712
-147.743
-152.004
-156.39
-160.725
-164.908
-168.883
-172.646
-176.198
-179.452
-182.292
-184.519
-185.983
-186.595
-186.544
-186.159
-185.936
-186.372
-188.044
-191.554
-197.548
-206.583
-218.785
-233.689
-250.532
-268.015
-285.68
-302.231
-316.222
-324.58
-321.872
-305.216
-277.872
-245.951
-214.773
-187.181
-164.007
-144.901
-129.15
-116.035
-105.003
-95.6342
-87.5869
-80.62
-74.5011
-69.0862
-64.2282
-59.8465
-55.8447
-52.1671
-48.7542
-45.5655
-42.5704
-39.7443
-37.0636
-34.5101
-32.0647
-29.7256
-27.4664
-25.5857
-23.9813
-22.3407
-20.6397
-18.9349
-17.1181
-15.4561
-13.3739
-12.1254
-9.04692
-9.6214
-3.14104
-10.1454
-132.455
-134.072
-135.21
-135.777
-135.842
-135.381
-134.444
-133.026
-131.19
-128.952
-126.385
-123.516
-120.416
-117.118
-113.687
-110.158
-106.581
-102.984
-99.3998
-95.8449
-92.3366
-88.8783
-85.4743
-82.1207
-78.8143
-75.5484
-72.3161
-69.1145
-65.9371
-62.7868
-59.6601
-56.5656
-53.5021
-50.4824
-47.5073
-44.5904
-41.7333
-38.9488
-36.238
-33.6118
-31.0709
-28.6238
-26.269
-24.0141
-21.8522
-19.7938
-17.8277
-15.9639
-14.1963
-12.5188
-10.9459
-9.46605
-8.08958
-6.80331
-5.61033
-4.49806
-3.46156
-2.48947
-1.57543
-0.708517
0.113011
0.893577
1.63267
2.31966
2.95359
3.53982
4.05963
4.47891
4.82648
5.16582
5.53655
5.96381
6.47225
7.03922
7.66269
8.10431
8.47589
9.97934
6.9695
18.2035
-129.483
-129.25
-129.12
-129.434
-130.461
-131.996
-133.752
-135.499
-137.276
-139.093
-140.973
-142.804
-144.516
-146.038
-147.413
-148.694
-149.955
-151.192
-152.402
-153.579
-154.788
-156.136
-157.776
-159.894
-162.778
-166.783
-172.271
-179.644
-189.167
-200.983
-214.773
-229.802
-244.784
-258.802
-270.961
-281.3
-290.278
-296.128
-294.78
-283.201
-262.472
-236.681
-210.088
-185.529
-164.14
-146.032
-130.773
-117.886
-106.895
-97.4436
-89.2571
-82.0928
-75.7837
-70.1665
-65.1466
-60.606
-56.4824
-52.6931
-49.1921
-45.9272
-42.8671
-39.9827
-37.2491
-34.6464
-32.156
-29.7748
-27.4812
-25.5728
-23.9429
-22.2827
-20.57
-18.8624
-17.0525
-15.4028
-13.3517
-12.114
-9.11191
-9.62382
-3.28089
-10.0686
-129.331
-129.075
-128.659
-128.091
-127.421
-126.595
-125.652
-124.543
-123.297
-121.871
-120.288
-118.509
-116.555
-114.399
-112.062
-109.528
-106.824
-103.947
-100.928
-97.7726
-94.5181
-91.1764
-87.7845
-84.3546
-80.9204
-77.49
-74.0909
-70.7236
-67.4098
-64.1423
-60.9396
-57.7891
-54.7079
-51.6813
-48.7277
-45.8316
-43.0124
-40.2552
-37.58
-34.9732
-32.4543
-30.0103
-27.6609
-25.3894
-23.2183
-21.1276
-19.1374
-17.2339
-15.4165
-13.6969
-12.0677
-10.5396
-9.103
-7.76282
-6.50798
-5.33933
-4.24628
-3.2243
-2.26331
-1.35909
-0.497068
0.326218
1.10702
1.84293
2.5332
3.18163
3.7657
4.23932
4.62689
4.98942
5.35936
5.76773
6.24934
6.80054
7.42416
7.90448
8.30877
9.77579
6.90231
17.8538
-132.071
-133.581
-134.632
-135.392
-136.163
-137.137
-138.15
-139.22
-140.225
-141.276
-142.214
-143.072
-143.673
-144.131
-144.39
-144.619
-144.733
-144.805
-144.729
-144.642
-144.627
-144.978
-145.901
-147.703
-150.544
-154.641
-160.097
-167.188
-175.954
-186.379
-197.933
-209.771
-220.82
-230.226
-237.841
-244.296
-250.095
-254.278
-253.982
-246.759
-232.799
-214.392
-194.452
-175.103
-157.508
-141.964
-128.45
-116.675
-106.406
-97.3958
-89.452
-82.417
-76.1458
-70.5425
-65.488
-60.9209
-56.7474
-52.9251
-49.3812
-46.0807
-42.9842
-40.0652
-37.2963
-34.6576
-32.1316
-29.7158
-27.3929
-25.4596
-23.8066
-22.13
-20.4078
-18.7007
-16.9022
-15.2717
-13.256
-12.0455
-9.11465
-9.61619
-3.36308
-10.0425
-130.167
-128.257
-126.274
-124.304
-122.291
-120.306
-118.272
-116.267
-114.212
-112.179
-110.093
-108.021
-105.892
-103.766
-101.577
-99.3749
-97.1017
-94.8003
-92.4179
-89.9916
-87.4776
-84.912
-82.2595
-79.556
-76.7767
-73.9602
-71.0883
-68.2005
-65.2837
-62.3762
-59.4658
-56.5876
-53.7278
-50.9186
-48.1433
-45.4315
-42.7635
-40.1667
-37.6199
-35.1495
-32.7342
-30.4014
-28.1264
-25.9409
-23.8184
-21.7875
-19.8298
-17.9494
-16.1541
-14.4398
-12.8153
-11.2753
-9.82505
-8.45658
-7.17401
-5.96916
-4.84145
-3.78351
-2.79413
-1.85859
-0.973566
-0.130651
0.674526
1.43815
2.16526
2.86063
3.5
4.02953
4.46527
4.86287
5.24836
5.6467
6.10141
6.62242
7.23123
7.72578
8.15617
9.59974
6.7987
17.5551
-125.96
-128.075
-129.73
-130.866
-131.888
-132.874
-133.914
-134.871
-135.817
-136.614
-137.316
-137.767
-138.08
-138.202
-138.321
-138.339
-138.333
-138.114
-137.787
-137.312
-136.986
-136.933
-137.504
-138.802
-141.06
-144.266
-148.616
-154.067
-160.751
-168.413
-176.707
-184.819
-191.954
-197.565
-201.834
-205.608
-209.137
-211.772
-211.778
-207.503
-198.639
-186.418
-172.558
-158.574
-145.266
-133.06
-121.974
-112.013
-103.038
-94.9688
-87.7
-81.1444
-75.2276
-69.8584
-64.9864
-60.5282
-56.4521
-52.6787
-49.1777
-45.8975
-42.8145
-39.8985
-37.1242
-34.4733
-31.9313
-29.4961
-27.1562
-25.2078
-23.541
-21.8555
-20.1326
-18.4346
-16.6562
-15.0529
-13.0807
-11.9068
-9.06145
-9.56562
-3.42707
-9.99214
-123.498
-120.991
-118.535
-116.069
-113.676
-111.279
-108.954
-106.625
-104.362
-102.089
-99.8738
-97.6424
-95.4603
-93.2551
-91.0897
-88.8994
-86.741
-84.5549
-82.3933
-80.2028
-78.0295
-75.8237
-73.6262
-71.3922
-69.1584
-66.8838
-64.6028
-62.2802
-59.9508
-57.584
-55.2158
-52.82
-50.4343
-48.0352
-45.6604
-43.2879
-40.9539
-38.6352
-36.3663
-34.1225
-31.938
-29.7844
-27.6992
-25.6535
-23.6815
-21.7643
-19.9094
-18.1229
-16.4034
-14.7566
-13.1797
-11.6773
-10.2448
-8.88785
-7.60197
-6.3884
-5.24263
-4.16792
-3.15607
-2.20851
-1.31115
-0.459053
0.350134
1.12214
1.86534
2.58674
3.26417
3.84056
4.32282
4.76301
5.17492
5.57865
6.01534
6.50648
7.08404
7.57296
8.01727
9.42456
6.71606
17.2083
-115.456
-117.574
-119.169
-120.316
-121.287
-122.309
-123.305
-124.277
-125.096
-125.787
-126.248
-126.562
-126.714
-126.87
-126.993
-127.139
-127.14
-127.049
-126.784
-126.546
-126.374
-126.541
-127.106
-128.286
-130.069
-132.561
-135.675
-139.46
-143.909
-148.964
-154.254
-159.245
-163.362
-166.421
-168.813
-170.876
-172.739
-174.155
-174.229
-171.76
-166.361
-158.539
-149.373
-139.76
-130.277
-121.165
-112.625
-104.647
-97.2622
-90.4352
-84.144
-78.3519
-73.0159
-68.11
-63.5796
-59.4071
-55.5264
-51.9181
-48.5274
-45.3366
-42.3163
-39.4455
-36.6983
-34.0625
-31.5268
-29.0917
-26.7533
-24.8036
-23.1337
-21.4528
-19.7401
-18.0599
-16.3116
-14.7438
-12.8258
-11.6929
-8.94925
-9.45855
-3.47086
-9.90707
-112.978
-110.458
-107.945
-105.46
-102.986
-100.56
-98.1482
-95.7963
-93.4619
-91.194
-88.9456
-86.7654
-84.6016
-82.5035
-80.4178
-78.3931
-76.3732
-74.406
-72.4374
-70.5142
-68.5821
-66.6867
-64.7771
-62.898
-60.9996
-59.1241
-57.2252
-55.3435
-53.4343
-51.5365
-49.609
-47.69
-45.7421
-43.8035
-41.8413
-39.8939
-37.9309
-35.9906
-34.0441
-32.1289
-30.2145
-28.3407
-26.4791
-24.6654
-22.8839
-21.143
-19.4508
-17.8074
-16.2168
-14.6782
-13.1939
-11.7615
-10.3862
-9.06752
-7.80683
-6.60262
-5.46051
-4.37873
-3.36396
-2.4054
-1.50564
-0.658546
0.145294
0.911137
1.652
2.3779
3.07069
3.67571
4.19317
4.67092
5.11581
5.5346
5.96471
6.4294
6.97425
7.44389
7.89358
9.2445
6.65498
16.839
-101.108
-103.165
-104.796
-105.978
-107.019
-108.038
-109.055
-109.953
-110.713
-111.264
-111.68
-111.971
-112.27
-112.575
-112.918
-113.158
-113.3
-113.311
-113.33
-113.388
-113.625
-114.073
-114.845
-115.957
-117.468
-119.349
-121.578
-124.1
-126.897
-129.892
-132.966
-135.757
-137.999
-139.603
-140.74
-141.548
-142.243
-142.805
-142.797
-141.427
-138.253
-133.428
-127.584
-121.208
-114.628
-108.114
-101.767
-95.6892
-89.8981
-84.4089
-79.2163
-74.321
-69.7268
-65.4115
-61.3754
-57.5769
-54.0104
-50.6312
-47.4293
-44.3788
-41.4733
-38.6802
-35.9931
-33.4002
-30.8963
-28.4853
-26.1678
-24.2358
-22.5809
-20.9178
-19.2285
-17.58
-15.8728
-14.3493
-12.4934
-11.408
-8.77579
-9.3
-3.47698
-9.79623
-98.7453
-96.3388
-93.9802
-91.6413
-89.3534
-87.0911
-84.885
-82.706
-80.5893
-78.4996
-76.4768
-74.48
-72.5523
-70.649
-68.8159
-67.0039
-65.2603
-63.5336
-61.8716
-60.2198
-58.6251
-57.033
-55.4892
-53.9394
-52.4282
-50.9036
-49.4087
-47.8939
-46.4007
-44.8829
-43.3802
-41.849
-40.3283
-38.7784
-37.2371
-35.6678
-34.1074
-32.523
-30.9498
-29.3557
-27.7764
-26.1854
-24.6154
-23.0544
-21.5096
-19.9918
-18.5021
-17.0444
-15.6191
-14.2267
-12.866
-11.54
-10.251
-8.99876
-7.78453
-6.61399
-5.49009
-4.42211
-3.40621
-2.45323
-1.56084
-0.720709
0.0696506
0.820546
1.54558
2.25642
2.94046
3.55091
4.08427
4.58694
5.0575
5.49522
5.92628
6.37473
6.88554
7.32798
7.77729
9.05617
6.59383
16.4698
-86.2792
-88.1251
-89.6616
-90.8794
-91.9495
-92.9642
-93.899
-94.6989
-95.3462
-95.8641
-96.3276
-96.7982
-97.3303
-97.8876
-98.383
-98.7045
-98.8731
-99.007
-99.2371
-99.6154
-100.146
-100.829
-101.674
-102.703
-103.917
-105.314
-106.855
-108.504
-110.196
-111.914
-113.584
-115.085
-116.23
-116.951
-117.217
-117.19
-117.089
-117.07
-116.915
-116.16
-114.315
-111.485
-107.868
-103.762
-99.3793
-94.887
-90.4041
-85.991
-81.6655
-77.4429
-73.3438
-69.3939
-65.5919
-61.9547
-58.4642
-55.1298
-51.9225
-48.8431
-45.8713
-43.0175
-40.2501
-37.5741
-34.9741
-32.4546
-30.0105
-27.6492
-25.3828
-23.4914
-21.8698
-20.2461
-18.6008
-16.9977
-15.3456
-13.877
-12.0937
-11.0609
-8.54573
-9.09062
-3.44424
-9.66697
-84.201
-82.0921
-80.019
-77.9769
-75.9596
-73.9821
-72.0282
-70.1201
-68.237
-66.4055
-64.6006
-62.8526
-61.1317
-59.4708
-57.8365
-56.264
-54.7169
-53.2325
-51.7712
-50.3716
-48.9919
-47.671
-46.3644
-45.1107
-43.8648
-42.6646
-41.463
-40.298
-39.1234
-37.976
-36.81
-35.6622
-34.4906
-33.3299
-32.1411
-30.958
-29.7456
-28.5342
-27.2915
-26.046
-24.7729
-23.4992
-22.2156
-20.9276
-19.6473
-18.376
-17.1167
-15.8715
-14.6383
-13.4175
-12.2087
-11.0166
-9.83756
-8.67447
-7.53085
-6.41342
-5.3307
-4.28535
-3.292
-2.35613
-1.47371
-0.649089
0.1274
0.858801
1.55915
2.24042
2.89484
3.48741
4.01488
4.52144
5.00502
5.45405
5.88727
6.32216
6.80611
7.21911
7.66636
8.86265
6.53112
16.1119
-73.188
-74.8687
-76.3156
-77.4881
-78.4879
-79.3779
-80.1548
-80.815
-81.3835
-81.9192
-82.4783
-83.0935
-83.7307
-84.3076
-84.6935
-84.8427
-84.8519
-84.957
-85.2836
-85.8372
-86.5035
-87.2452
-88.0202
-88.8751
-89.7888
-90.7846
-91.8081
-92.8509
-93.8645
-94.8477
-95.7613
-96.5509
-97.1065
-97.3153
-97.1413
-96.6841
-96.1917
-95.8022
-95.5246
-94.9935
-93.987
-92.3641
-90.2715
-87.7786
-85.0497
-82.1592
-79.1999
-76.1721
-73.1078
-70.0221
-66.9535
-63.9011
-60.8917
-57.9206
-55.0113
-52.1456
-49.3368
-46.5725
-43.8758
-41.2236
-38.6346
-36.092
-33.6137
-31.1934
-28.8408
-26.5649
-24.3783
-22.5567
-20.9957
-19.4359
-17.8562
-16.3223
-14.7426
-13.342
-11.6404
-10.6659
-8.27039
-8.84088
-3.37447
-9.51547
-71.367
-69.5234
-67.7282
-65.9522
-64.2119
-62.4912
-60.8031
-59.1328
-57.4964
-55.8788
-54.2999
-52.7423
-51.2288
-49.7393
-48.2996
-46.8857
-45.5256
-44.1919
-42.915
-41.6641
-40.4716
-39.3028
-38.1918
-37.1017
-36.0675
-35.0486
-34.0806
-33.1223
-32.208
-31.2951
-30.4163
-29.532
-28.672
-27.7982
-26.9381
-26.0575
-25.1793
-24.2715
-23.3547
-22.4042
-21.4409
-20.4549
-19.4521
-18.4417
-17.4269
-16.4081
-15.3884
-14.3625
-13.3329
-12.2951
-11.2564
-10.209
-9.15711
-8.10024
-7.04768
-6.0043
-4.97785
-3.98195
-3.02835
-2.11609
-1.25745
-0.445567
0.313154
1.02301
1.69387
2.33627
2.94608
3.502
4.00338
4.49346
4.96892
5.4163
5.84428
6.26773
6.72487
7.10826
7.55212
8.65875
6.46237
15.746
-62.2105
-63.7685
-65.063
-66.0272
-66.7628
-67.358
-67.8795
-68.3809
-68.9236
-69.5313
-70.2041
-70.8675
-71.4429
-71.8077
-71.9103
-71.7601
-71.5866
-71.6335
-72.0535
-72.7119
-73.4639
-74.161
-74.8243
-75.4568
-76.122
-76.7941
-77.4725
-78.1031
-78.6826
-79.2038
-79.6797
-80.0764
-80.3153
-80.2972
-79.9575
-79.3704
-78.7042
-78.1576
-77.7569
-77.4047
-76.8583
-76.077
-74.9956
-73.6937
-72.1634
-70.5039
-68.6933
-66.7765
-64.745
-62.643
-60.4533
-58.2061
-55.8953
-53.5543
-51.1668
-48.7567
-46.318
-43.8831
-41.4389
-39.0161
-36.6025
-34.2279
-31.887
-29.6025
-27.3735
-25.216
-23.1504
-21.4302
-19.9573
-18.4903
-17.0079
-15.5657
-14.0793
-12.7617
-11.154
-10.2419
-7.96625
-8.55722
-3.27711
-9.3429
-60.565
-58.9091
-57.283
-55.6841
-54.1085
-52.567
-51.0475
-49.5632
-48.0984
-46.6694
-45.2593
-43.8873
-42.5349
-41.2243
-39.9357
-38.6936
-37.4761
-36.3088
-35.1682
-34.081
-33.021
-32.0157
-31.0364
-30.1113
-29.2108
-28.3627
-27.5353
-26.7563
-25.9958
-25.278
-24.5731
-23.903
-23.2408
-22.6047
-21.9675
-21.3433
-20.7058
-20.0651
-19.3998
-18.7195
-18.0171
-17.2919
-16.5524
-15.7993
-15.031
-14.2507
-13.45
-12.6342
-11.7941
-10.9404
-10.0609
-9.16216
-8.23874
-7.30192
-6.35107
-5.39766
-4.45089
-3.52532
-2.61925
-1.74928
-0.912733
-0.124116
0.614472
1.29881
1.93749
2.53647
3.09453
3.60217
4.06315
4.51725
4.96635
5.39331
5.80395
6.20691
6.63836
6.9928
7.43362
8.44529
6.39172
15.3763
-51.0176
-52.1499
-53.0721
-53.74
-54.2622
-54.7397
-55.2741
-55.9028
-56.6574
-57.4747
-58.2873
-58.9491
-59.3821
-59.5067
-59.3783
-59.0839
-58.8913
-59.0329
-59.6265
-60.4568
-61.2993
-61.9753
-62.521
-62.9799
-63.4478
-63.9158
-64.3827
-64.7822
-65.1092
-65.3496
-65.5479
-65.6886
-65.7438
-65.6253
-65.2868
-64.7479
-64.1343
-63.6148
-63.2648
-63.0785
-62.9091
-62.6801
-62.3413
-61.8196
-61.1623
-60.3393
-59.3938
-58.2923
-57.0783
-55.7138
-54.2288
-52.604
-50.8786
-49.0288
-47.0873
-45.048
-42.9507
-40.7881
-38.6004
-36.3819
-34.1712
-31.9661
-29.8016
-27.6744
-25.6076
-23.6102
-21.703
-20.12
-18.7672
-17.4259
-16.0679
-14.7468
-13.3762
-12.1593
-10.656
-9.81042
-7.65192
-8.25821
-3.15784
-9.14861
-49.7227
-48.3966
-47.089
-45.79
-44.5068
-43.2395
-41.9916
-40.7626
-39.5535
-38.3642
-37.1937
-36.0434
-34.9105
-33.799
-32.7058
-31.6378
-30.5903
-29.5735
-28.5814
-27.6265
-26.6998
-25.8156
-24.9617
-24.1539
-23.3767
-22.6468
-21.945
-21.2893
-20.6594
-20.0726
-19.5075
-18.981
-18.473
-17.997
-17.5304
-17.0849
-16.6336
-16.1911
-15.7274
-15.2652
-14.7753
-14.2776
-13.7582
-13.2205
-12.6589
-12.0698
-11.456
-10.8078
-10.1379
-9.43203
-8.69894
-7.92873
-7.13505
-6.31131
-5.4724
-4.62122
-3.77293
-2.92124
-2.08236
-1.25439
-0.457857
0.301508
1.00977
1.66507
2.2676
2.8227
3.3276
3.78284
4.1958
4.60245
5.00724
5.39771
5.77511
6.14967
6.54642
6.86887
7.30419
8.21671
6.31082
14.9889
-37.9624
-38.8387
-39.572
-40.1925
-40.7991
-41.5107
-42.3737
-43.387
-44.4722
-45.5232
-46.4049
-47.0128
-47.2939
-47.29
-47.1237
-46.9739
-47.0377
-47.4896
-48.3492
-49.4118
-50.3611
-51.0327
-51.4478
-51.7565
-52.0628
-52.4253
-52.7968
-53.1343
-53.3628
-53.4938
-53.5336
-53.5356
-53.4761
-53.3423
-53.0742
-52.6992
-52.2755
-51.937
-51.766
-51.773
-51.9072
-52.0721
-52.2174
-52.2504
-52.1576
-51.9338
-51.5502
-51.0294
-50.3359
-49.4883
-48.4569
-47.2818
-45.9305
-44.4428
-42.8077
-41.0708
-39.2241
-37.3156
-35.3401
-33.3439
-31.3268
-29.3311
-27.3552
-25.4307
-23.5612
-21.7673
-20.061
-18.6509
-17.4501
-16.2633
-15.062
-13.8872
-12.6556
-11.5561
-10.1697
-9.39406
-7.34883
-7.95642
-3.03092
-8.93864
-36.936
-35.8806
-34.8527
-33.8463
-32.8601
-31.903
-30.9671
-30.063
-29.1819
-28.333
-27.5065
-26.7089
-25.9305
-25.1765
-24.4379
-23.7184
-23.0118
-22.3216
-21.6453
-20.9851
-20.3422
-19.718
-19.1166
-18.5363
-17.9839
-17.4542
-16.9556
-16.4786
-16.0337
-15.6075
-15.213
-14.8334
-14.4836
-14.1434
-13.8277
-13.5132
-13.2145
-12.905
-12.6029
-12.2808
-11.9612
-11.6104
-11.254
-10.859
-10.4413
-9.98939
-9.50349
-8.98777
-8.43491
-7.851
-7.22569
-6.57351
-5.88444
-5.17585
-4.44556
-3.70869
-2.95285
-2.19113
-1.41696
-0.653056
0.094919
0.80744
1.47798
2.09321
2.65759
3.16766
3.62182
4.02686
4.39016
4.74359
5.09622
5.43617
5.76796
6.0985
6.45421
6.73944
7.16553
7.97536
6.22184
14.5907
-32.9352
-33.8016
-34.6087
-35.3787
-36.1759
-37.037
-37.9563
-38.8718
-39.6997
-40.3414
-40.7317
-40.8387
-40.701
-40.4143
-40.1382
-40.0396
-40.253
-40.8297
-41.7088
-42.6812
-43.4606
-43.8739
-43.9604
-43.9193
-43.932
-44.0914
-44.3635
-44.6663
-44.9023
-45.0217
-45.0267
-44.956
-44.8414
-44.681
-44.4632
-44.187
-43.9042
-43.6898
-43.6247
-43.7309
-43.9775
-44.3098
-44.6393
-44.9223
-45.091
-45.1573
-45.0706
-44.8318
-44.422
-43.8228
-43.0533
-42.0915
-40.9725
-39.6811
-38.271
-36.73
-35.1115
-33.4048
-31.6605
-29.8764
-28.0985
-26.3246
-24.5918
-22.9011
-21.2815
-19.7295
-18.268
-17.065
-16.0452
-15.0412
-14.0195
-13.0146
-11.9417
-10.9761
-9.7164
-9.01335
-7.0761
-7.67444
-2.90787
-8.71531
-31.9971
-31.018
-30.0427
-29.0561
-28.0784
-27.1005
-26.1397
-25.1905
-24.2704
-23.3748
-22.5188
-21.6978
-20.9233
-20.1896
-19.5022
-18.8551
-18.2492
-17.6792
-17.1409
-16.6323
-16.1461
-15.6854
-15.239
-14.8163
-14.403
-14.0144
-13.6318
-13.2753
-12.9222
-12.5963
-12.2718
-11.9745
-11.6758
-11.4025
-11.1253
-10.8699
-10.6071
-10.3614
-10.1053
-9.85939
-9.59446
-9.32883
-9.03295
-8.72718
-8.38072
-8.0174
-7.61268
-7.18061
-6.71332
-6.2108
-5.67882
-5.11361
-4.52869
-3.92039
-3.30499
-2.66575
-2.01301
-1.33299
-0.646824
0.0452954
0.721848
1.37732
1.99059
2.5598
3.07665
3.54146
3.94819
4.30587
4.62472
4.92666
5.22238
5.50668
5.78248
6.06326
6.36504
6.60532
7.01498
7.71815
6.11823
14.1651
-31.008
-31.832
-32.7135
-33.6491
-34.6599
-35.6895
-36.6613
-37.451
-37.9805
-38.2017
-38.1571
-37.9185
-37.6088
-37.3325
-37.2088
-37.3105
-37.685
-38.2859
-39.0053
-39.641
-39.9885
-39.9142
-39.5021
-38.968
-38.5665
-38.4171
-38.5192
-38.7552
-39.006
-39.1699
-39.2177
-39.159
-39.0451
-38.8989
-38.7319
-38.5298
-38.3241
-38.1514
-38.082
-38.1346
-38.3164
-38.573
-38.8605
-39.1012
-39.2746
-39.3305
-39.2772
-39.0667
-38.7165
-38.1912
-37.4997
-36.6513
-35.6321
-34.4978
-33.2346
-31.8998
-30.4772
-29.0165
-27.5102
-26.003
-24.4899
-23.0084
-21.5565
-20.1643
-18.8312
-17.5722
-16.3914
-15.4274
-14.6109
-13.8088
-12.9849
-12.1639
-11.2632
-10.4406
-9.31486
-8.68585
-6.85238
-7.42371
-2.80704
-8.48569
-30.2106
-29.4079
-28.5997
-27.7863
-26.9806
-26.1745
-25.3861
-24.6
-23.8342
-23.0687
-22.325
-21.5812
-20.8615
-20.1445
-19.4558
-18.774
-18.1242
-17.4847
-16.8783
-16.2826
-15.7183
-15.1634
-14.6364
-14.1169
-13.6223
-13.1345
-12.67
-12.2123
-11.7778
-11.3509
-10.9473
-10.5513
-10.1786
-9.81256
-9.4691
-9.13045
-8.81386
-8.50117
-8.20865
-7.91563
-7.63543
-7.3456
-7.05689
-6.74678
-6.42786
-6.07985
-5.72059
-5.32838
-4.92257
-4.48522
-4.02884
-3.55344
-3.05845
-2.55859
-2.03769
-1.50487
-0.943261
-0.369144
0.224582
0.818515
1.41297
1.9849
2.53214
3.03593
3.49942
3.91456
4.27457
4.59303
4.87034
5.12438
5.36825
5.59554
5.81477
6.0366
6.28125
6.47123
6.85689
7.44987
6.00621
13.7168
-32.024
-32.7046
-33.3844
-34.0341
-34.6256
-35.123
-35.4584
-35.5802
-35.4527
-35.1098
-34.6301
-34.15
-33.7876
-33.645
-33.7466
-34.0849
-34.585
-35.159
-35.6629
-35.9653
-35.92
-35.4864
-34.7254
-33.8901
-33.2245
-32.9163
-32.9335
-33.1739
-33.4496
-33.6638
-33.7364
-33.693
-33.5523
-33.395
-33.2308
-33.0835
-32.918
-32.7744
-32.6588
-32.6316
-32.6754
-32.7961
-32.9295
-33.0493
-33.0988
-33.0678
-32.9233
-32.6687
-32.2811
-31.7729
-31.1347
-30.3674
-29.4987
-28.5253
-27.4937
-26.393
-25.264
-24.0957
-22.9266
-21.7481
-20.5943
-19.4584
-18.3648
-17.3149
-16.3267
-15.395
-14.5316
-13.8248
-13.2261
-12.6349
-12.0123
-11.3785
-10.6503
-9.9722
-8.98036
-8.42213
-6.68793
-7.21998
-2.73989
-8.25043
-31.3933
-30.7567
-30.0988
-29.4371
-28.767
-28.1001
-27.4253
-26.7555
-26.073
-25.3932
-24.6961
-23.9992
-23.2818
-22.5647
-21.828
-21.0957
-20.3487
-19.6127
-18.8683
-18.1417
-17.4122
-16.7055
-15.9987
-15.3172
-14.6365
-13.9821
-13.3279
-12.7002
-12.0733
-11.4737
-10.8751
-10.3046
-9.73701
-9.1988
-8.66513
-8.16293
-7.6697
-7.21061
-6.7628
-6.34795
-5.94304
-5.56411
-5.18806
-4.8274
-4.46196
-4.10352
-3.73473
-3.36934
-2.99079
-2.61457
-2.22838
-1.83886
-1.44583
-1.04166
-0.628424
-0.196833
0.246955
0.710593
1.18186
1.66731
2.14822
2.6265
3.07988
3.50807
3.90541
4.26478
4.57989
4.85729
5.09758
5.31124
5.50571
5.68258
5.8475
6.01722
6.20015
6.33775
6.69134
7.17047
5.88528
13.2297
-29.371
-29.6222
-29.8702
-30.0378
-30.1141
-30.0351
-29.8148
-29.4315
-28.9522
-28.405
-27.9034
-27.5052
-27.3204
-27.3528
-27.6153
-28.0037
-28.445
-28.7944
-28.9769
-28.8792
-28.4845
-27.7736
-26.8661
-25.9104
-25.1698
-24.7947
-24.8367
-25.1279
-25.4844
-25.7213
-25.7863
-25.6745
-25.4506
-25.1722
-24.9233
-24.7272
-24.5885
-24.4773
-24.4098
-24.3892
-24.4409
-24.5441
-24.6812
-24.8012
-24.8758
-24.8728
-24.7821
-24.5936
-24.3083
-23.9268
-23.4604
-22.9169
-22.3119
-21.6606
-20.9682
-20.2552
-19.5164
-18.7756
-18.0263
-17.2917
-16.564
-15.8582
-15.1751
-14.5275
-13.9171
-13.345
-12.8116
-12.3697
-11.9869
-11.5982
-11.166
-10.7046
-10.136
-9.58819
-8.72143
-8.22424
-6.58781
-7.05793
-2.71975
-8.00951
-29.1686
-28.9559
-28.7039
-28.404
-28.061
-27.6605
-27.2189
-26.7232
-26.1942
-25.6177
-25.0158
-24.3722
-23.7095
-23.0094
-22.2952
-21.5479
-20.7921
-20.0087
-19.2246
-18.4203
-17.624
-16.8156
-16.0238
-15.2264
-14.452
-13.6767
-12.928
-12.1805
-11.4612
-10.7434
-10.0538
-9.36527
-8.70437
-8.04508
-7.41458
-6.78855
-6.19516
-5.6124
-5.06696
-4.53677
-4.04508
-3.56991
-3.12992
-2.70393
-2.30699
-1.92131
-1.55958
-1.20676
-0.874115
-0.549806
-0.244386
0.0552937
0.345087
0.639339
0.93616
1.24243
1.55817
1.88196
2.22039
2.56592
2.92322
3.27706
3.62502
3.96013
4.2789
4.57518
4.83575
5.07189
5.27791
5.45082
5.60673
5.74306
5.86569
5.985
6.1138
6.2033
6.52039
6.88224
5.76752
12.7027
-19.3976
-19.7024
-19.9721
-20.1441
-20.1598
-20.0032
-19.6799
-19.2642
-18.8189
-18.4429
-18.1766
-18.083
-18.1519
-18.3911
-18.7205
-19.0815
-19.3467
-19.4519
-19.3035
-18.9025
-18.2332
-17.3817
-16.4152
-15.5032
-14.7715
-14.3998
-14.418
-14.7809
-15.2452
-15.6059
-15.6916
-15.5201
-15.1474
-14.686
-14.1828
-13.7268
-13.3766
-13.1928
-13.1456
-13.2207
-13.3821
-13.6288
-13.9263
-14.2469
-14.5433
-14.7845
-14.9492
-15.0315
-15.0357
-14.9714
-14.8525
-14.6928
-14.5051
-14.302
-14.088
-13.8679
-13.6432
-13.4128
-13.1824
-12.948
-12.7147
-12.4813
-12.2522
-12.0267
-11.8094
-11.5947
-11.3842
-11.1874
-10.9993
-10.7869
-10.5144
-10.1933
-9.75246
-9.30643
-8.54459
-8.08694
-6.54622
-6.93242
-2.75104
-7.75368
-19.1835
-18.9992
-18.8153
-18.638
-18.4425
-18.2389
-18.0112
-17.77
-17.5039
-17.2245
-16.9213
-16.6057
-16.2662
-15.9134
-15.534
-15.1386
-14.7126
-14.2681
-13.7904
-13.2944
-12.766
-12.223
-11.6519
-11.0733
-10.4738
-9.87549
-9.26415
-8.66205
-8.05302
-7.45854
-6.8604
-6.27908
-5.69432
-5.12638
-4.55541
-4.00259
-3.44965
-2.91898
-2.39479
-1.89868
-1.4155
-0.964369
-0.531554
-0.132026
0.246876
0.593272
0.917073
1.20925
1.47708
1.71478
1.92916
2.12013
2.29868
2.4674
2.63497
2.80002
2.96771
3.14009
3.32304
3.51941
3.72798
3.94633
4.1707
4.39638
4.62319
4.84044
5.03712
5.22793
5.39207
5.53248
5.65761
5.76291
5.84989
5.9338
6.01667
6.06735
6.34607
6.58376
5.66241
12.1213
-6.84809
-7.11969
-7.35487
-7.50855
-7.54341
-7.43094
-7.19105
-6.87097
-6.54897
-6.29124
-6.14537
-6.12289
-6.21185
-6.37993
-6.58075
-6.75988
-6.85515
-6.81645
-6.60384
-6.21643
-5.66888
-5.02144
-4.33404
-3.70582
-3.20453
-2.91108
-2.82366
-2.92477
-3.09434
-3.22436
-3.16689
-2.88354
-2.37576
-1.76845
-1.16419
-0.664407
-0.270167
-0.0103486
0.114149
0.0695352
-0.127529
-0.477777
-0.936515
-1.47163
-2.02859
-2.58042
-3.1028
-3.59329
-4.05316
-4.48745
-4.90557
-5.31203
-5.7169
-6.12104
-6.52982
-6.93676
-7.34077
-7.73479
-8.11434
-8.47477
-8.8108
-9.11863
-9.39335
-9.63234
-9.83412
-9.99384
-10.1057
-10.1493
-10.1446
-10.0913
-9.95843
-9.75243
-9.41963
-9.04829
-8.38586
-7.94333
-6.52595
-6.78855
-2.83149
-7.4752
-6.60798
-6.36911
-6.13591
-5.91071
-5.69499
-5.49069
-5.29707
-5.11516
-4.94403
-4.78482
-4.63568
-4.49844
-4.37095
-4.25476
-4.14638
-4.04655
-3.94997
-3.85649
-3.75871
-3.6564
-3.54107
-3.41371
-3.26538
-3.10013
-2.9095
-2.7012
-2.46709
-2.21819
-1.94617
-1.6644
-1.36342
-1.05743
-0.734764
-0.409949
-0.0705049
0.268287
0.619403
0.966092
1.31958
1.66233
2.00467
2.32955
2.64581
2.93797
3.21444
3.46194
3.6867
3.87814
4.04091
4.16902
4.26719
4.33725
4.38459
4.41559
4.43267
4.44234
4.44602
4.45295
4.46629
4.49354
4.53721
4.59899
4.6788
4.77603
4.88983
5.0094
5.13175
5.2612
5.38506
5.49387
5.59186
5.67191
5.73745
5.79573
5.84234
5.87028
6.11692
6.21542
5.56105
11.4255
-0.748931
-0.633113
-0.484439
-0.28602
-0.0399316
0.253146
0.575509
0.910835
1.21734
1.46581
1.62907
1.71803
1.74933
1.75904
1.76926
1.80872
1.89238
2.04061
2.2594
2.55191
2.9014
3.28284
3.65551
3.97957
4.21712
4.35136
4.38567
4.35605
4.31486
4.32961
4.45122
4.71467
5.1254
5.66356
6.27525
6.87279
7.38685
7.78816
8.08914
8.26859
8.3041
8.16511
7.87098
7.44123
6.92217
6.33797
5.71298
5.04997
4.34753
3.60468
2.81816
1.99578
1.13659
0.253101
-0.65286
-1.56605
-2.48007
-3.3793
-4.25572
-5.09704
-5.89364
-6.6355
-7.31299
-7.91902
-8.44761
-8.89077
-9.24401
-9.45827
-9.57551
-9.61992
-9.56535
-9.42
-9.13848
-8.80726
-8.1968
-7.77606
-6.42756
-6.655
-2.82011
-7.3029
-0.827954
-0.888083
-0.930587
-0.949357
-0.946408
-0.9175
-0.866369
-0.788424
-0.688713
-0.563882
-0.420462
-0.256417
-0.0793706
0.1112
0.306858
0.507732
0.705904
0.901636
1.08851
1.26871
1.43766
1.59997
1.75276
1.90262
2.04766
2.19524
2.34336
2.49888
2.65849
2.82791
3.00315
3.18838
3.37947
3.57928
3.7845
3.99613
4.21182
4.43016
4.64973
4.86574
5.07837
5.2804
5.4732
5.64776
5.80712
5.9423
6.05608
6.13931
6.19434
6.21563
6.20676
6.16777
6.1026
6.01499
5.90709
5.78538
5.65249
5.51856
5.38761
5.26981
5.16846
5.09016
5.03594
5.00926
5.00955
5.0322
5.06754
5.14123
5.2246
5.30182
5.37521
5.4382
5.4894
5.53497
5.5602
5.57738
5.8111
5.80716
5.31398
10.8961
11.5303
11.9375
12.3216
12.6678
12.9211
13.0635
13.0749
12.9963
12.8363
12.6349
12.3885
12.1385
11.8888
11.6825
11.5101
11.3924
11.2993
11.2404
11.1826
11.1381
11.0759
11.0076
10.8993
10.7593
10.5554
10.3025
9.98516
9.64124
9.28373
8.97417
8.74
8.63142
8.63699
8.74736
8.9202
9.13885
9.36507
9.56189
9.69228
9.74828
9.71691
9.57471
9.30172
8.91047
8.42944
7.88886
7.3011
6.66977
5.98786
5.25269
4.45815
3.60645
2.6993
1.74775
0.757462
-0.256137
-1.28298
-2.30606
-3.3138
-4.28897
-5.21895
-6.08861
-6.88579
-7.59774
-8.2162
-8.73148
-9.14069
-9.38475
-9.50443
-9.53622
-9.45994
-9.28379
-8.97745
-8.62022
-8.00719
-7.57406
-6.2677
-6.47189
-2.74677
-7.12009
11.2082
10.895
10.5732
10.2611
9.94412
9.64363
9.34325
9.0657
8.79373
8.55123
8.32098
8.12546
7.9475
7.80781
7.6883
7.60642
7.54333
7.5134
7.49658
7.50484
7.51873
7.54873
7.57682
7.61393
7.64481
7.68062
7.70859
7.74049
7.7661
7.79677
7.82356
7.85726
7.88992
7.93075
7.97201
8.02147
8.07135
8.12728
8.18091
8.23623
8.28501
8.3299
8.36297
8.38655
8.39365
8.38584
8.35551
8.30428
8.2242
8.11937
7.98318
7.82355
7.63452
7.42676
7.1948
6.95121
6.6932
6.43541
6.17821
5.93576
5.70946
5.50954
5.33609
5.19624
5.09083
5.0138
4.96909
4.98299
5.02104
5.06103
5.10611
5.14754
5.18524
5.22079
5.232
5.23901
5.46367
5.3832
5.01066
10.3394
16.1372
16.1664
16.2789
16.4629
16.6449
16.7756
16.8113
16.7698
16.6608
16.5191
16.3479
16.1779
16.0146
15.8889
15.7945
15.7402
15.6973
15.659
15.5917
15.4931
15.3389
15.1379
14.8745
14.5642
14.1946
13.7855
13.3285
12.852
12.3562
11.8815
11.433
11.0513
10.7233
10.4549
10.1915
9.92507
9.63265
9.34401
9.0412
8.71127
8.31377
7.84227
7.27731
6.62009
5.88301
5.10924
4.33303
3.57229
2.82283
2.07298
1.31351
0.539669
-0.25096
-1.05634
-1.87537
-2.70113
-3.52956
-4.3486
-5.15141
-5.9248
-6.66004
-7.34354
-7.96477
-8.51063
-8.97218
-9.34076
-9.61638
-9.74353
-9.7507
-9.67011
-9.48491
-9.21057
-8.81937
-8.39022
-7.73462
-7.2666
-5.99081
-6.17905
-2.59237
-6.85801
16.1976
16.2887
16.3847
16.4886
16.5848
16.6762
16.75
16.8115
16.8487
16.8702
16.8664
16.8479
16.8061
16.7537
16.6831
16.607
16.5175
16.4274
16.3264
16.2262
16.1146
16.0017
15.8737
15.7401
15.5863
15.4225
15.2342
15.0329
14.8061
14.5675
14.3059
14.0375
13.7526
13.4685
13.176
12.892
12.6072
12.3368
12.07
11.8199
11.5745
11.3442
11.1167
10.9005
10.6836
10.472
10.2528
10.0318
9.79606
9.55233
9.28811
9.01307
8.71599
8.40847
8.08074
7.74645
7.39893
7.05377
6.70815
6.37752
6.06116
5.77112
5.50655
5.27742
5.0839
4.92677
4.81275
4.77067
4.7637
4.76527
4.7785
4.79636
4.81936
4.84307
4.83512
4.83967
5.05183
4.91626
4.65086
9.65083
16.6723
16.5292
16.4247
16.3619
16.3171
16.262
16.1715
16.0554
15.9274
15.8055
15.6862
15.5753
15.4688
15.3786
15.3003
15.2388
15.1777
15.1119
15.0192
14.8959
14.7252
14.5128
14.2501
13.9516
13.6139
13.2548
12.8714
12.4819
12.0821
11.6899
11.2991
10.9257
10.5574
10.2029
9.83708
9.45204
9.01358
8.52569
7.98455
7.40779
6.77381
6.06956
5.27766
4.41277
3.48019
2.50027
1.49506
0.50333
-0.455229
-1.36982
-2.25003
-3.09663
-3.91346
-4.69082
-5.42992
-6.12033
-6.76524
-7.35629
-7.89828
-8.38446
-8.81917
-9.19613
-9.51534
-9.7681
-9.9515
-10.0593
-10.0976
-10.0317
-9.8758
-9.64302
-9.32547
-8.93484
-8.45121
-7.94164
-7.24895
-6.75058
-5.52431
-5.71204
-2.3129
-6.50319
16.8448
17.0303
17.2233
17.4255
17.6345
17.8484
18.0633
18.277
18.4847
18.6845
18.8711
19.0447
19.2002
19.3395
19.458
19.5601
19.6418
19.709
19.7568
19.7922
19.8089
19.8137
19.7978
19.7669
19.7099
19.6319
19.5198
19.3789
19.1956
18.9772
18.7112
18.4082
18.0577
17.6742
17.2499
16.8022
16.3248
15.8371
15.3336
14.833
14.3287
13.8377
13.3528
12.8879
12.434
12.0012
11.5794
11.1752
10.7763
10.3889
9.99969
9.61634
9.22529
8.83679
8.43778
8.04172
7.6378
7.24183
6.84646
6.46791
6.10147
5.7608
5.44312
5.16002
4.91116
4.70206
4.53708
4.45013
4.4049
4.37294
4.35684
4.3542
4.36015
4.36522
4.34599
4.35062
4.54818
4.37202
4.20017
8.84806
19.9049
19.7461
19.5605
19.356
19.1393
18.9052
18.6394
18.3564
18.0724
17.8073
17.5559
17.3183
17.0809
16.8469
16.6061
16.363
16.1051
15.8346
15.5369
15.2157
14.8593
14.4764
14.0609
13.6268
13.1724
12.7146
12.2524
11.8018
11.3593
10.9366
10.5259
10.1335
9.74612
9.3654
8.97351
8.56835
8.12685
7.63982
7.08406
6.46599
5.78703
5.06345
4.28639
3.46355
2.60247
1.7276
0.833821
-0.0826827
-1.03048
-1.99099
-2.95342
-3.89714
-4.81852
-5.69719
-6.52431
-7.27746
-7.95199
-8.5319
-9.02038
-9.41056
-9.71256
-9.92573
-10.0609
-10.1167
-10.0997
-10.0084
-9.85795
-9.64068
-9.36302
-9.02662
-8.62536
-8.17353
-7.64346
-7.11195
-6.42373
-5.94663
-4.79979
-5.03787
-1.87355
-6.03964
20.0606
20.2026
20.3263
20.4341
20.5258
20.6048
20.6697
20.7241
20.7658
20.7981
20.8176
20.8275
20.8237
20.8101
20.7817
20.7439
20.6918
20.632
20.56
20.4836
20.3985
20.3131
20.2217
20.1324
20.0372
19.9424
19.8373
19.7258
19.5948
19.4468
19.2674
19.0592
18.8086
18.5205
18.1835
17.8061
17.3805
16.9192
16.4176
15.8916
15.3383
14.7753
14.2003
13.6306
13.0623
12.511
11.9699
11.4515
10.9449
10.461
9.98637
9.53141
9.08052
8.64551
8.2106
7.78927
7.36722
6.95927
6.55437
6.16793
5.79206
5.44031
5.10784
4.80684
4.53544
4.30196
4.10943
3.99621
3.92732
3.86971
3.83291
3.80812
3.7933
3.78439
3.75465
3.75814
3.93823
3.73476
3.6334
7.92226
21.2937
21.1357
20.8905
20.5674
20.2097
19.8365
19.4505
19.0653
18.6999
18.3693
18.0717
17.8006
17.5421
17.289
17.0306
16.7627
16.4757
16.1678
15.8314
15.4677
15.0728
14.652
14.2047
13.7394
13.2573
12.7688
12.2755
11.7877
11.3052
10.8363
10.3771
9.93261
9.49372
9.06112
8.62035
8.16906
7.6906
7.18406
6.63479
6.0467
5.41742
4.77059
4.11897
3.47836
2.8387
2.20463
1.57693
0.959196
0.321804
-0.362589
-1.11142
-1.90604
-2.72563
-3.54334
-4.34909
-5.12094
-5.84909
-6.50939
-7.09551
-7.5869
-7.98412
-8.27532
-8.46869
-8.56084
-8.56217
-8.47025
-8.3077
-8.07758
-7.80421
-7.48477
-7.12301
-6.71511
-6.25307
-5.78585
-5.1952
-4.79963
-3.80413
-4.13106
-1.27329
-5.41988
21.3854
21.4339
21.4446
21.4219
21.3711
21.2968
21.2021
21.091
20.9646
20.8265
20.676
20.5161
20.3448
20.165
19.9737
19.7742
19.5629
19.3442
19.1152
18.8815
18.6409
18.4007
18.1593
17.9247
17.6951
17.4783
17.2707
17.0784
16.8951
16.7244
16.5565
16.3923
16.2194
16.0376
15.8333
15.6069
15.3462
15.0543
14.7216
14.3553
13.9496
13.5157
13.0506
12.5688
12.0688
11.5657
11.0576
10.5581
10.0632
9.58412
9.11368
8.66176
8.2185
7.7937
7.37474
6.97277
6.57422
6.19207
5.81409
5.45457
5.10363
4.77467
4.46073
4.17426
3.91107
3.68131
3.48684
3.3665
3.28225
3.21141
3.15583
3.11385
3.08626
3.06879
3.03041
3.03445
3.19831
2.97673
2.91254
6.81406
10.5089
10.5221
10.509
10.4628
10.4089
10.3521
10.2856
10.211
10.1404
10.0844
10.0442
10.0156
9.99139
9.96731
9.9382
9.90149
9.85224
9.78918
9.70809
9.60969
9.49161
9.35751
9.20634
9.04354
8.8682
8.68625
8.49581
8.30252
8.10309
7.90201
7.69475
7.48467
7.26565
7.03876
6.79557
6.53454
6.24577
5.92765
5.57471
5.19316
4.78729
4.37265
3.96525
3.58843
3.25272
2.95671
2.68565
2.43512
2.20571
1.98387
1.72121
1.3676
0.89234
0.31886
-0.325386
-0.999646
-1.696
-2.38477
-3.05653
-3.6755
-4.23146
-4.69943
-5.07973
-5.359
-5.54027
-5.61254
-5.59295
-5.48508
-5.32856
-5.14554
-4.9204
-4.67136
-4.35871
-4.05499
-3.62367
-3.39059
-2.58581
-3.04824
-0.555025
-4.59322
10.4973
10.487
10.4782
10.4723
10.4666
10.4637
10.4608
10.4604
10.4597
10.4608
10.4608
10.4619
10.4608
10.4591
10.4532
10.4446
10.4292
10.409
10.3796
10.3438
10.2979
10.246
10.1859
10.123
10.0563
9.99287
9.93224
9.88188
9.84065
9.81507
9.80182
9.8049
9.81808
9.84212
9.86778
9.8933
9.9076
9.90786
9.88294
9.83156
9.74457
9.62382
9.4636
9.26976
9.03977
8.78284
8.49857
8.19777
7.88001
7.5565
7.22452
6.89536
6.56291
6.23899
5.91306
5.59797
5.28051
4.97498
4.6682
4.37568
4.0862
3.81431
3.55174
3.31114
3.08658
2.88773
2.71572
2.60692
2.52532
2.45102
2.39152
2.34085
2.3086
2.27948
2.23144
2.22317
2.35528
2.1307
2.04906
5.44444
5.84846
5.93317
5.98304
5.98982
5.98758
5.98833
5.98983
5.98932
5.99631
6.01367
6.04366
6.0781
6.11428
6.14495
6.17078
6.18688
6.19477
6.18987
6.17376
6.14284
6.10044
6.04502
5.98094
5.9079
5.82992
5.74617
5.65948
5.56738
5.47099
5.36687
5.255
5.13165
4.99686
4.84633
4.67961
4.49135
4.27942
4.03618
3.75846
3.43771
3.07283
2.65924
2.20332
1.71554
1.22838
0.783842
0.426812
0.183048
0.0637287
0.0854443
0.267812
0.621056
1.08432
1.55138
1.87732
1.98795
1.85681
1.55157
1.12997
0.671089
0.194608
-0.267474
-0.720971
-1.1375
-1.51014
-1.79824
-2.00834
-2.09781
-2.14964
-2.1729
-2.18382
-2.15547
-2.08133
-1.99787
-1.80263
-1.76644
-1.22987
-1.77719
0.132037
-3.23038
5.75213
5.65314
5.55505
5.45727
5.36175
5.26791
5.17732
5.08969
5.00653
4.92682
4.85223
4.78157
4.71674
4.65573
4.6002
4.54767
4.49975
4.45338
4.40941
4.36482
4.32065
4.27386
4.22586
4.17498
4.12338
4.07126
4.02152
3.97644
3.93951
3.9147
3.90428
3.9127
3.94018
3.99
4.05885
4.14776
4.24989
4.36369
4.47945
4.5942
4.69702
4.78565
4.85004
4.89027
4.8986
4.8788
4.82531
4.74573
4.63621
4.50759
4.35543
4.19329
4.01345
3.83178
3.63707
3.44625
3.24452
3.05012
2.84805
2.65672
2.46232
2.28185
2.10347
1.94086
1.78274
1.64004
1.50791
1.41926
1.34853
1.29106
1.23951
1.20484
1.18207
1.16673
1.13366
1.13451
1.26452
1.09899
0.958415
3.58201
-0.844856
-0.740735
-0.649113
-0.584299
-0.51655
-0.434724
-0.338283
-0.23349
-0.114113
0.0188651
0.168366
0.326184
0.491224
0.654884
0.817825
0.972853
1.1216
1.25739
1.38312
1.49304
1.59214
1.67567
1.75022
1.81146
1.8667
1.91113
1.95204
1.98298
2.01086
2.02797
2.04057
2.04125
2.03698
2.02107
2.00078
1.9705
1.93468
1.88606
1.82544
1.75264
1.68321
1.65111
1.71003
1.93217
2.36891
3.04081
3.88246
4.77618
5.53033
5.98008
5.98396
5.53405
4.69863
3.67785
2.65813
1.83573
1.26804
0.965354
0.814636
0.736692
0.631077
0.491286
0.309489
0.127519
-0.045959
-0.184913
-0.29722
-0.358993
-0.387581
-0.419723
-0.444845
-0.46607
-0.4629
-0.468396
-0.406847
-0.462087
-0.202021
-0.592417
0.430704
-1.44293
-0.950207
-1.04951
-1.14295
-1.23107
-1.31379
-1.39198
-1.4651
-1.53376
-1.59735
-1.65669
-1.71054
-1.75974
-1.80284
-1.84099
-1.87241
-1.89847
-1.91738
-1.93102
-1.93781
-1.93986
-1.93609
-1.92934
-1.91808
-1.90545
-1.88966
-1.87347
-1.85409
-1.83346
-1.80701
-1.77531
-1.73312
-1.67952
-1.60874
-1.51921
-1.40718
-1.27157
-1.11144
-0.927021
-0.722368
-0.499113
-0.265763
-0.023918
0.213696
0.447421
0.662469
0.863068
1.03366
1.18364
1.29789
1.39104
1.44924
1.49127
1.50173
1.50239
1.47582
1.4453
1.39137
1.33771
1.26548
1.19716
1.11736
1.04525
0.97036
0.906626
0.846143
0.796631
0.754551
0.741523
0.72906
0.711833
0.695393
0.675298
0.652905
0.622973
0.569949
0.516735
0.505196
0.368382
0.241048
1.25884
)
;

boundaryField
{
    inlet
    {
        type            freestreamPressure;
        freestreamValue uniform 0;
        value           nonuniform List<scalar> 
134
(
6.62873
5.87375
4.94927
3.96299
3.03131
2.1303
1.34753
0.729149
0.28576
-0.0231978
0.000701932
0.0155486
0.011687
-0.0172964
-0.0709094
-0.146157
-0.241615
-0.356459
-0.49105
-0.646479
7.26528
-0.825691
-1.02951
-1.25209
-1.47375
-1.66288
-1.79856
-1.98869
-2.06439
-2.17551
-2.72564
-2.54789
-2.62714
-2.74552
-2.84601
-2.92494
-3.00328
-3.11408
-3.30711
-3.51049
7.77264
8.18824
8.3841
8.2496
7.65087
6.33599
3.92268
-3.97342
-3.96301
-3.89895
-3.87074
-3.86216
-3.84422
-3.81293
-3.77169
-3.72333
-3.66633
-3.60113
-3.52746
-3.44762
-3.3625
-3.2748
-3.18476
-3.09238
-2.99412
-2.88683
-2.82045
-2.74988
-2.64852
-2.51117
-2.33164
-2.09162
-1.7716
-1.24492
-0.55553
1.8523
3.64714
5.28916
6.67906
7.89043
8.94225
9.76831
10.3477
10.7294
10.9376
11.0217
11.0239
10.9825
10.924
10.8903
10.9478
11.1196
11.2988
11.4155
11.4906
11.5446
11.5791
11.5873
11.5687
11.5253
11.464
11.3948
11.3393
11.3539
11.5122
11.9552
12.061
11.7247
11.3846
11.1662
10.9797
10.7632
10.5325
10.302
10.0786
9.85008
9.61931
9.3774
9.12877
8.86303
8.5831
8.27889
7.94971
7.58649
7.15173
6.82124
6.47377
6.04379
5.54225
4.96359
4.27052
3.41331
2.24647
0.789906
)
;
    }
    outlet
    {
        type            freestreamPressure;
        freestreamValue uniform 0;
        value           nonuniform List<scalar> 
160
(
-0.00712282
-0.00835651
-0.00592134
-0.00952874
-0.00488694
-0.010637
-0.00416794
-0.0116879
-0.003422
-0.01268
-0.0025165
-0.0136226
-0.00144366
-0.0145097
-0.00027155
-0.0153473
0.00107429
-0.0161296
0.00258625
-0.0168645
0.00429783
-0.0175394
0.00611422
-0.018162
0.00802045
-0.0187178
0.00991625
-0.019218
0.0118068
-0.0196443
0.013608
-0.0200103
0.0153365
-0.0202975
0.0169141
-0.0205254
0.0183732
-0.0206781
0.0196467
-0.0207768
0.0207915
-0.0208113
0.0217527
-0.0208106
0.0226066
-0.0207595
0.023303
-0.0206896
0.0239268
-0.0205827
0.0244219
-0.0204664
0.0248728
-0.0203115
0.0252039
-0.0201368
0.0254955
-0.0198934
0.0256575
-0.0195855
0.0257626
-0.0191576
0.0257247
-0.0185974
0.0256255
-0.0178436
0.0253878
-0.0168763
0.0250971
-0.0156571
0.0246903
-0.0141709
0.0242197
-0.0124099
0.0236023
-0.0103728
0.0228418
-0.00810653
0.0219327
-0.00562455
0.0210459
-0.00302196
0.0205773
-0.000310478
0.0211469
0.0023676
0.0235955
0.00502278
0.0284824
0.00748794
0.0359703
0.00981611
0.0451579
0.0118273
0.0545686
0.013631
0.0620269
0.0150467
0.065959
0.0162423
0.065259
0.0170473
0.0601763
0.0176784
0.0513732
0.0179445
0.040629
0.0181016
0.029653
0.0179321
0.0205431
0.0177148
0.0140664
0.0172058
0.0104904
0.0166937
0.0086575
0.0159396
0.00771832
0.0152225
0.00654524
0.0143447
0.00501617
0.01355
0.00300537
0.0127031
0.000960788
0.0119866
-0.00101004
0.0112985
-0.00259888
0.0107436
-0.00388526
0.0102759
-0.0045916
0.0101826
-0.0049073
0.0100919
-0.00526523
0.00993704
-0.00554669
0.00979637
-0.00578861
0.00960718
-0.00575126
0.00938673
-0.00581448
0.00905866
-0.00509039
0.00839012
-0.00574842
0.00770165
-0.0025982
0.00762671
-0.00729519
0.00565977
0.00569198
0.00375115
-0.0164434
0.0197791
)
;
    }
    walls
    {
        type            zeroGradient;
    }
    frontAndBack
    {
        type            empty;
    }
}


// ************************************************************************* //
