/*--------------------------------*- C++ -*----------------------------------*\
| =========                 |                                                 |
| \\      /  F ield         | OpenFOAM: The Open Source CFD Toolbox           |
|  \\    /   O peration     | Version:  2412                                  |
|   \\  /    A nd           | Website:  www.openfoam.com                      |
|    \\/     M anipulation  |                                                 |
\*---------------------------------------------------------------------------*/
FoamFile
{
    version     2.0;
    format      ascii;
    arch        "LSB;label=32;scalar=64";
    class       volScalarField;
    location    "50";
    object      p;
}
// * * * * * * * * * * * * * * * * * * * * * * * * * * * * * * * * * * * * * //

dimensions      [0 2 -2 0 0 0 0];

internalField   nonuniform List<scalar> 
10720
(
191.63
142.895
83.1132
19.0497
-46.1694
-115.531
-182.005
-243.129
-299.928
-349.279
-391.726
-427.633
-457.054
-480.206
-497.291
-508.272
-513.999
-513.265
-506.683
-493.24
-474.258
-450.773
-427.271
-405.289
-380.595
-349.775
-314.325
-278.221
-244.914
-214.321
-185.361
-158.779
-134.226
-110.158
-97.565
-100.071
-92.6012
-55.6103
-24.3938
235.622
273.803
308.869
334.686
346.674
348.338
339.699
318.075
288.275
255.026
221.927
191.554
164.511
141.01
120.989
103.053
86.87
71.6869
57.0995
42.3609
27.3912
11.7835
-4.23143
-19.9681
-32.9212
-41.9148
-48.5032
-53.1631
-55.9408
-57.0225
-56.4877
-54.2915
-50.3175
-44.4449
-36.6514
-26.4593
-13.3388
6.02598
36.4591
216.768
180.097
136.599
87.6306
34.6291
-22.1216
-80.0228
-137.091
-192.259
-243.758
-290.779
-332.755
-369.24
-400.055
-425.071
-444.018
-456.832
-462.913
-462.791
-456.256
-444.313
-428.199
-411.235
-394.333
-373.677
-345.83
-312.119
-276.985
-244.159
-213.727
-184.837
-158.348
-133.933
-109.965
-97.3294
-99.8256
-92.6463
-55.7357
-24.6873
248.066
276.166
301.658
321.807
333.19
335.623
328.4
311.821
288.638
261.615
233.219
205.471
179.437
155.695
134.432
115.104
97.4106
80.8814
65.1167
49.5505
33.9861
18.1293
2.15073
-13.2815
-26.2063
-35.5453
-42.4637
-47.7051
-51.3692
-53.3303
-53.5008
-51.8528
-48.3244
-42.83
-35.3525
-25.4127
-12.4882
6.77531
36.0601
212.514
180.048
141.372
96.885
48.3055
-4.11186
-58.8784
-113.914
-167.751
-219.088
-266.567
-309.452
-347.181
-379.348
-405.494
-425.342
-438.846
-446.146
-447.335
-442.394
-431.999
-417.233
-400.497
-383.071
-362.878
-337.011
-305.907
-273.03
-241.702
-212.195
-183.852
-157.653
-133.421
-109.556
-96.9054
-99.5087
-92.8036
-55.871
-24.4619
240.15
264.852
286.966
304.4
314.86
318.058
313.202
300.499
281.502
258.126
232.466
206.434
181.308
157.841
136.403
116.847
98.8877
82.1549
66.258
50.7282
35.3016
19.7576
4.20749
-10.7831
-23.6809
-33.4263
-40.7068
-46.1478
-49.8426
-51.7371
-51.8484
-50.228
-46.8331
-41.5512
-34.3135
-24.5994
-11.846
7.21235
35.4655
206.499
179.004
146.093
108.309
66.875
21.5842
-26.2553
-75.1757
-124.054
-171.686
-216.906
-258.874
-296.854
-330.251
-358.491
-381.215
-398.277
-409.609
-415.105
-414.693
-408.789
-398.238
-384.723
-369.357
-350.905
-327.242
-298.692
-268.07
-238.283
-209.878
-182.399
-156.728
-132.728
-109.027
-96.5339
-99.4944
-93.1646
-56.0462
-24.147
229.944
250.888
269.937
285.314
295.092
298.934
296.014
286.428
271.273
251.932
230.045
207.177
184.424
162.535
141.962
122.773
104.83
87.9114
71.7349
55.9637
40.3697
24.7984
9.33146
-5.54405
-18.5854
-28.7835
-36.517
-42.3624
-46.4633
-48.8091
-49.3806
-48.1966
-45.1981
-40.2708
-33.3384
-23.8727
-11.3091
7.49461
34.7938
196.437
172.157
142.988
109.408
72.5695
31.9551
-11.3609
-56.1485
-101.588
-146.581
-190.056
-231.153
-269.039
-302.992
-332.381
-356.715
-375.643
-388.833
-396.195
-397.714
-393.753
-385.098
-373.107
-358.811
-341.405
-319.179
-292.346
-263.344
-234.788
-207.331
-180.685
-155.599
-131.88
-108.459
-96.3448
-99.8337
-93.6638
-56.3093
-23.9574
217.173
235.618
252.551
266.438
275.69
280.023
278.627
271.508
259.438
243.401
224.663
204.501
183.843
163.41
143.712
124.967
107.186
90.2736
74.0506
58.2804
42.7675
27.3882
12.2005
-2.38725
-15.3765
-25.8403
-33.9128
-40.0616
-44.4223
-46.9759
-47.7013
-46.6426
-43.7792
-39.0216
-32.2859
-23.0236
-10.6629
7.83099
34.0869
185.553
163.993
138.052
108.222
75.5936
39.4557
0.75993
-39.5042
-80.7621
-122.069
-162.531
-201.378
-237.791
-271.026
-300.428
-325.426
-345.53
-360.462
-370.074
-374.34
-373.441
-367.917
-358.711
-346.586
-330.985
-310.61
-285.682
-258.371
-231.134
-204.736
-178.936
-154.41
-131.009
-107.971
-96.3406
-100.357
-94.1408
-56.5946
-23.7758
204.026
220.447
235.701
248.427
257.259
261.939
261.696
256.489
246.899
233.657
217.758
200.246
181.876
163.274
144.936
127.134
109.967
93.4316
77.4353
61.8266
46.4625
31.2593
16.2782
1.88293
-11.0944
-21.8111
-30.2216
-36.6786
-41.3164
-44.134
-45.1339
-44.3721
-41.8345
-37.4227
-31.026
-22.0702
-9.9913
8.13598
33.3031
174.306
154.879
131.485
104.602
75.3041
42.7576
7.79823
-28.7245
-66.4409
-104.539
-142.277
-178.996
-213.919
-246.326
-275.555
-300.982
-322.066
-338.41
-349.703
-355.812
-356.838
-353.239
-345.756
-335.036
-320.77
-302
-278.9
-253.299
-227.415
-202.118
-177.221
-153.274
-130.24
-107.682
-96.5362
-100.868
-94.4179
-56.8229
-23.5359
191.003
205.84
219.761
231.558
240.031
244.943
245.579
241.861
234.251
223.309
209.827
194.658
178.404
161.585
144.653
127.885
111.435
95.3794
79.6985
64.3182
49.1554
34.1711
19.4392
5.28452
-7.59957
-18.4605
-27.131
-33.8568
-38.7605
-41.8515
-43.1249
-42.6305
-40.3536
-36.1975
-30.042
-21.3034
-9.44216
8.33593
32.453
163.274
145.617
124.357
99.9629
73.4947
44.0543
12.4014
-20.7238
-55.0899
-90.0188
-124.886
-159.153
-192.132
-223.158
-251.586
-276.792
-298.193
-315.312
-327.84
-335.626
-338.648
-337.191
-331.746
-322.776
-310.113
-293.087
-271.878
-248.048
-223.589
-199.423
-175.466
-152.166
-129.592
-107.622
-96.8493
-101.154
-94.3314
-56.8832
-23.1325
178.499
192.035
204.851
215.885
224.036
229.086
230.39
227.837
221.809
212.756
201.323
188.22
173.924
158.858
143.41
127.833
112.302
96.9341
81.7648
66.7785
51.9453
37.2677
22.8351
8.94372
-3.81192
-14.7605
-23.6562
-30.6418
-35.8161
-39.1855
-40.739
-40.5212
-38.5218
-34.6458
-28.7628
-20.2843
-8.69691
8.65131
31.7042
152.654
136.477
117.005
94.6989
70.6033
43.7992
14.9748
-15.2045
-46.6168
-78.6799
-110.881
-142.794
-173.814
-203.347
-230.799
-255.556
-277.026
-294.712
-308.203
-317.291
-321.834
-322.015
-318.19
-310.72
-299.531
-284.156
-264.755
-242.655
-219.619
-196.575
-173.57
-151.012
-128.963
-107.613
-97.1111
-100.97
-93.7035
-56.6868
-22.5117
166.65
179.105
190.996
201.38
209.227
214.348
216.16
214.522
209.762
202.258
192.548
181.231
168.689
155.258
141.261
126.909
112.376
97.7959
83.2367
68.7315
54.2974
39.9749
25.8687
12.2565
-0.343557
-11.3306
-20.4097
-27.632
-33.064
-36.7048
-38.5345
-38.5863
-36.8484
-33.2276
-27.5897
-19.3483
-8.02483
8.88345
30.9429
142.572
127.654
109.713
89.1974
67.1354
42.6042
16.2459
-11.3352
-40.0946
-69.5265
-99.2135
-128.818
-157.819
-185.709
-211.945
-235.944
-257.138
-275.007
-289.098
-299.179
-305.042
-306.747
-304.503
-298.556
-288.876
-275.141
-257.506
-237.097
-215.47
-193.541
-171.452
-149.656
-128.267
-107.509
-97.0809
-100.101
-92.3683
-56.1057
-21.5622
155.519
167.052
178.154
187.968
195.527
200.666
202.862
201.946
198.207
191.975
183.71
173.928
162.938
151.008
138.399
125.281
111.804
98.1026
84.2621
70.3453
56.405
42.5101
28.7816
15.4819
3.07671
-7.89096
-17.0976
-24.5181
-30.1807
-34.0737
-36.1655
-36.4787
-35.0006
-31.6391
-26.2565
-18.2768
-7.2584
9.14135
30.2097
133.069
119.24
102.621
83.6533
63.3481
40.7905
16.5828
-8.7216
-35.1205
-62.178
-89.5529
-116.986
-144.029
-170.251
-195.174
-218.267
-238.982
-256.811
-271.269
-282.081
-288.983
-291.937
-291.049
-286.483
-278.227
-266.055
-250.111
-231.333
-211.08
-190.263
-169.107
-148.039
-127.349
-107.226
-96.6812
-98.4828
-90.2447
-55.0679
-20.2725
145.108
155.846
166.258
175.565
182.848
187.969
190.449
190.103
187.19
182.006
174.952
166.483
156.854
146.277
134.965
123.044
110.634
97.856
84.7999
71.5439
58.164
44.7521
31.4392
18.4788
6.30058
-4.59927
-13.8842
-21.4673
-27.3375
-31.4689
-33.8179
-34.392
-33.1741
-30.071
-24.9447
-17.2348
-6.53643
9.32203
29.4244
124.153
111.277
95.8168
78.205
59.4338
38.6041
16.288
-6.99947
-31.2945
-56.2087
-81.4618
-106.858
-132.017
-156.58
-180.129
-202.185
-222.244
-239.811
-254.398
-265.689
-273.407
-277.418
-277.74
-274.458
-267.559
-256.879
-242.544
-225.333
-206.429
-186.726
-166.512
-146.152
-126.161
-106.781
-95.9649
-96.2639
-87.4358
-53.5661
-18.7016
135.398
145.438
155.24
164.086
171.105
176.176
178.862
178.969
176.726
172.409
166.372
159.022
150.578
141.211
131.091
120.307
108.948
97.1152
84.8894
72.354
59.5976
46.7259
33.8745
21.2909
9.37845
-1.40206
-10.7119
-18.4155
-24.4641
-28.8133
-31.4068
-32.2362
-31.279
-28.4386
-23.5765
-16.154
-5.80545
9.46674
28.5906
115.812
103.778
89.3436
72.9309
55.5107
36.2083
15.5657
-5.93243
-28.3466
-51.333
-74.652
-98.1619
-121.54
-144.49
-166.654
-187.609
-206.894
-224.041
-238.575
-250.142
-258.463
-263.327
-264.683
-262.554
-256.913
-247.635
-234.821
-219.115
-201.535
-182.939
-163.691
-144.077
-124.729
-106.141
-95.0971
-93.7119
-84.1949
-51.7373
-17.1006
126.351
135.775
145.026
153.451
160.214
165.215
168.046
168.508
166.812
163.213
158.031
151.636
144.222
135.927
126.889
117.166
106.82
95.9272
84.555
72.7791
60.6923
48.4047
36.0547
23.8823
12.2713
1.65449
-7.63176
-15.4161
-21.6139
-26.1609
-28.9872
-30.0671
-29.3696
-26.793
-22.1994
-15.0752
-5.09079
9.56488
27.708
108.023
96.7407
83.222
67.8786
51.6611
33.7167
14.5634
-5.33702
-26.0677
-47.3148
-68.8737
-90.6435
-112.352
-133.753
-154.552
-174.374
-192.802
-209.405
-223.726
-235.39
-244.126
-249.665
-251.9
-250.802
-246.324
-238.358
-226.982
-212.721
-196.448
-178.957
-160.66
-141.839
-123.173
-105.358
-94.1424
-91.0856
-80.7946
-49.7085
-15.6382
117.927
126.798
135.553
143.585
150.101
155.013
157.941
158.683
157.433
154.432
149.97
144.392
137.869
130.519
122.456
113.712
104.326
94.3502
83.8338
72.8397
61.4555
49.7897
37.9781
26.2515
14.9782
4.56975
-4.64406
-12.466
-18.7796
-23.4994
-26.5412
-27.8618
-27.4207
-25.1097
-20.7888
-13.9752
-4.37743
9.6334
26.7951
100.754
90.1499
77.4561
63.0756
47.9345
31.2068
13.3891
-5.08153
-24.2968
-43.9702
-63.9273
-84.0981
-104.252
-124.19
-143.661
-162.344
-179.868
-195.837
-209.824
-221.444
-230.428
-236.477
-239.442
-239.246
-235.827
-229.082
-219.059
-206.181
-191.185
-174.797
-157.469
-139.493
-121.527
-104.437
-93.138
-88.5244
-77.4424
-47.6174
-14.401
110.086
118.453
126.753
134.422
140.697
145.506
148.493
149.454
148.569
146.065
142.215
137.334
131.583
125.065
117.874
110.025
101.536
92.4394
82.7635
72.5565
61.8947
50.8791
39.637
28.3873
17.485
7.32595
-1.76965
-9.58671
-15.982
-20.8484
-24.0878
-25.6387
-25.4498
-23.4049
-19.3629
-12.8725
-3.67525
9.66348
25.8514
93.9743
83.9865
72.0417
58.5339
44.3643
28.7334
12.1194
-5.06168
-22.9095
-41.1579
-59.6578
-78.3624
-97.0744
-115.633
-133.831
-151.391
-167.987
-183.261
-196.817
-208.276
-217.365
-223.781
-227.336
-227.921
-225.454
-219.832
-211.074
-199.513
-185.763
-170.479
-154.118
-137.009
-119.813
-103.443
-92.0517
-86.0487
-74.1924
-45.5279
-13.3689
102.785
110.691
118.573
125.901
131.942
136.637
139.652
140.783
140.197
138.11
134.777
130.495
125.413
119.624
113.21
106.173
98.5143
90.2482
81.3857
71.9579
62.0257
51.6776
41.0288
30.2842
19.7858
9.91423
0.980488
-6.7897
-13.231
-18.2158
-21.6317
-23.3998
-23.4569
-21.6787
-17.9194
-11.7636
-2.98847
9.65624
24.873
87.6535
78.229
66.9677
54.2576
40.9681
26.3336
10.8095
-5.20504
-21.8128
-38.769
-55.9406
-73.2984
-90.6764
-107.944
-124.931
-141.401
-157.066
-171.608
-184.66
-195.863
-204.938
-211.594
-215.61
-216.855
-215.233
-210.634
-203.049
-192.731
-180.186
-165.993
-150.616
-134.395
-117.98
-102.322
-90.8809
-83.6135
-71.0171
-43.4439
-12.5479
95.9854
103.469
110.963
117.968
123.782
128.354
131.373
132.633
132.291
130.555
127.662
123.893
119.393
114.244
108.519
102.214
95.3175
87.8291
79.7435
71.0752
61.8685
52.1956
42.1566
31.9395
21.8728
12.3238
3.59277
-4.08981
-10.5408
-15.6145
-19.1843
-21.1547
-21.4494
-19.9363
-16.4655
-10.6572
-2.31642
9.61217
23.8592
81.7609
72.854
62.2228
50.2419
37.7587
24.0306
9.49967
-5.45336
-20.9339
-36.7125
-52.6704
-68.7948
-84.941
-101.006
-116.85
-132.268
-147.015
-160.804
-173.304
-184.176
-193.139
-199.922
-204.284
-206.078
-205.194
-201.518
-195.013
-185.862
-174.474
-161.353
-146.944
-131.614
-116.023
-101.072
-89.5591
-81.1555
-67.8473
-41.3478
-11.9056
89.6499
96.7427
103.875
110.575
116.166
120.611
123.613
124.97
124.827
123.386
120.87
117.544
113.548
108.96
103.847
98.1988
91.9968
85.2292
77.8775
69.9402
61.4446
52.4459
43.0258
33.3535
23.7425
14.5471
6.05602
-1.49975
-7.9244
-13.0565
-16.7558
-18.9113
-19.4338
-18.1837
-15.0041
-9.55334
-1.66669
9.53342
22.8118
76.2666
67.8392
57.7891
46.4829
34.7372
21.842
8.21938
-5.76486
-20.2162
-34.9191
-49.7673
-64.7589
-79.7692
-94.7149
-109.482
-123.898
-137.749
-150.781
-162.696
-173.18
-181.952
-188.768
-193.373
-195.61
-195.362
-192.51
-186.99
-178.926
-168.64
-156.561
-143.116
-128.681
-113.897
-99.6002
-88.0379
-78.6105
-64.6753
-39.2783
-11.4282
83.7447
90.4742
97.2675
103.676
109.051
113.365
116.334
117.761
117.781
116.589
114.394
111.451
107.895
103.8
99.2286
94.1689
88.5966
82.4923
75.8271
68.5859
60.7791
52.4442
43.644
34.5284
25.3933
16.5786
8.36077
0.968679
-5.39433
-10.5536
-14.3568
-16.6786
-17.4166
-16.4252
-13.5415
-8.45949
-1.03602
9.42223
21.7371
71.144
63.1625
53.6519
42.9692
31.9058
19.7753
6.98771
-6.1073
-19.6166
-33.3344
-47.1641
-61.1146
-75.0751
-88.981
-102.74
-116.205
-129.19
-141.475
-152.787
-162.842
-171.363
-178.13
-182.888
-185.471
-185.762
-183.637
-179.009
-171.951
-162.708
-151.639
-139.138
-125.589
-111.604
-97.9096
-86.2625
-75.9583
-61.5149
-37.2893
-11.0793
78.2383
84.629
91.1033
97.234
102.399
106.577
109.502
110.977
111.129
110.147
108.229
105.619
102.446
98.7844
94.6929
90.1587
85.1555
79.6581
73.63
67.0445
59.8977
52.2099
44.0245
35.471
26.8255
18.4136
10.4988
3.30411
-2.96325
-8.11863
-11.9992
-14.4668
-15.4069
-14.6689
-12.0824
-7.37566
-0.433361
9.27981
20.6371
66.3672
58.8017
49.7943
39.6926
29.2589
17.8369
5.81938
-6.45921
-19.1011
-31.9137
-44.809
-57.8008
-70.7936
-83.7349
-96.5511
-109.117
-121.272
-132.823
-143.526
-153.124
-161.347
-168
-172.831
-175.674
-176.413
-174.921
-171.093
-164.958
-156.694
-146.596
-135.023
-122.346
-109.112
-95.9439
-84.2483
-73.2228
-58.4617
-35.4361
-10.8525
73.103
79.1753
85.3476
91.2123
96.1731
100.216
103.086
104.591
104.85
104.044
102.366
100.044
97.2076
93.9272
90.2609
86.1957
81.7054
76.7609
71.3205
65.3479
58.8275
51.7638
44.1822
36.1892
28.0423
20.0505
12.464
5.49735
-0.641843
-5.76279
-9.69357
-12.2854
-13.4121
-12.9201
-10.6328
-6.30946
0.14632
9.1102
19.521
61.9128
54.7369
46.1998
36.6401
26.7935
16.0272
4.72227
-6.80055
-18.6431
-30.6223
-42.6567
-54.7661
-66.8644
-78.9113
-90.8483
-102.566
-113.931
-124.769
-134.867
-143.99
-151.883
-158.367
-163.205
-166.231
-167.333
-166.386
-163.27
-157.975
-150.625
-141.455
-130.779
-118.944
-106.432
-93.7568
-82.0368
-70.4809
-55.5671
-33.7152
-10.6598
68.3113
74.0839
79.9695
85.5795
90.3421
94.2487
97.0559
98.5757
98.9207
98.266
96.794
94.7242
92.1824
89.2389
85.9495
82.3034
78.2738
73.8308
68.9287
63.5256
57.5951
51.1278
44.1319
36.6933
29.0487
21.4898
14.2521
7.54017
1.55871
-3.49814
-7.45226
-10.1456
-11.4428
-11.1877
-9.19788
-5.26111
0.693881
8.91476
18.3919
57.7582
50.9484
42.8529
33.8019
24.5002
14.3463
3.70339
-7.12123
-18.2243
-29.433
-40.6732
-51.9672
-63.2386
-74.4561
-85.5731
-96.4961
-107.109
-117.262
-126.764
-135.404
-142.944
-149.217
-154.005
-157.147
-158.536
-158.05
-155.559
-151.024
-144.518
-136.224
-126.412
-115.385
-103.555
-91.3495
-79.6966
-67.7859
-52.8949
-32.0752
-10.3944
63.8387
69.3293
74.942
80.3071
84.8778
88.6485
91.3867
92.9092
93.3219
92.7955
91.5024
89.6536
87.3716
84.726
81.771
78.4983
74.8823
70.8928
66.4823
61.605
56.2259
50.3241
43.892
36.9965
29.8524
22.734
15.8611
9.42653
3.62977
-1.33473
-5.2856
-8.05743
-9.50715
-9.47801
-7.78423
-4.23774
1.21595
8.69842
17.2611
53.8833
47.4183
39.7386
31.1646
22.3744
12.7906
2.76396
-7.41027
-17.8282
-28.3249
-38.8306
-49.3708
-59.8764
-70.3238
-80.6762
-90.8538
-100.757
-110.253
-119.173
-127.33
-134.503
-140.533
-145.225
-148.426
-150.033
-149.931
-147.986
-144.13
-138.4
-130.927
-121.932
-111.675
-100.511
-88.7883
-77.272
-65.1668
-50.3831
-30.4005
-9.89539
59.6632
64.8864
70.2396
75.3704
79.7544
83.3893
86.0538
87.5688
88.0355
87.6177
86.4805
84.8254
82.7729
80.391
77.7337
74.7943
71.5494
67.9689
64.006
59.6114
54.7446
49.3748
43.4815
37.1126
30.4627
23.7869
17.2898
11.1515
5.56309
0.716389
-3.20514
-6.03259
-7.61654
-7.8009
-6.3974
-3.24004
1.7046
8.46226
16.132
50.2685
44.1294
36.8423
28.718
20.4063
11.3574
1.90689
-7.66332
-17.4439
-27.2796
-37.1047
-46.9464
-56.7427
-66.4758
-76.1159
-85.5954
-94.8281
-103.698
-112.057
-119.734
-126.532
-132.296
-136.856
-140.065
-141.83
-142.043
-140.566
-137.314
-132.288
-125.575
-117.351
-107.83
-97.3111
-86.0767
-74.7753
-62.5841
-47.9672
-28.5723
-9.08463
55.7641
60.734
65.8394
70.7446
74.9474
78.4477
81.0353
82.5354
83.0434
82.7178
81.7165
80.2324
78.3834
76.2361
73.8437
71.202
68.289
65.0773
61.5202
57.5671
53.1734
48.3008
42.9181
37.0566
30.89
24.6552
18.5405
12.7126
7.35278
2.64769
-1.22042
-4.08076
-5.77971
-6.16335
-5.04397
-2.27403
2.16669
8.21232
15.0178
46.8966
41.0663
34.1503
26.4496
18.5891
10.0409
1.12937
-7.87512
-17.0629
-26.2837
-35.4773
-44.671
-53.8088
-62.8782
-71.8548
-80.6809
-89.2827
-97.5592
-105.377
-112.586
-119.005
-124.489
-128.887
-132.064
-133.934
-134.397
-133.318
-130.596
-126.205
-120.193
-112.691
-103.868
-93.9815
-83.2443
-72.1903
-59.9885
-45.5141
-26.5229
-7.94335
52.1226
56.8514
61.7201
66.408
70.4353
73.8031
76.3108
77.7896
78.3287
78.0816
77.1992
75.8666
74.1982
72.2597
70.104
67.7275
65.1126
62.2328
59.043
55.4923
51.5336
47.123
42.2206
36.8432
31.1457
25.3458
19.6156
14.108
8.99323
4.45034
0.658123
-2.213
-4.00775
-4.57518
-3.73056
-1.34125
2.59517
7.95004
13.9218
43.7515
38.2136
31.6496
24.3498
16.9132
8.8371
0.431442
-8.04535
-16.6786
-25.3264
-33.9328
-42.5244
-51.051
-59.5028
-67.8617
-76.077
-84.0858
-91.7997
-99.1007
-105.854
-111.897
-117.091
-121.305
-124.415
-126.344
-127.002
-126.256
-123.994
-120.169
-114.797
-107.967
-99.8076
-90.5292
-80.2786
-69.4968
-57.3262
-42.9968
-24.3013
-6.53694
48.7208
53.2205
57.8628
62.342
66.1987
69.436
71.8624
73.3141
73.8758
73.6956
72.9177
71.7192
70.2118
68.4603
66.5152
64.3772
62.0293
59.4482
56.5895
53.4043
49.8437
45.8605
41.4072
36.4893
31.2429
25.8679
20.5202
15.3391
10.4819
6.11887
2.42283
-0.438077
-2.30942
-3.0438
-2.46315
-0.446688
2.99715
7.68192
12.8577
40.8178
35.5583
29.3276
22.4073
15.3718
7.73946
-0.190628
-8.17185
-16.2869
-24.4002
-32.4592
-40.4911
-48.4486
-56.3262
-64.1088
-71.7533
-79.2056
-86.388
-93.1964
-99.5097
-105.182
-110.082
-114.097
-117.112
-119.06
-119.863
-119.391
-117.527
-114.203
-109.41
-103.202
-95.6657
-86.9702
-77.1936
-66.6881
-54.5947
-40.4092
-22.0438
-4.96984
45.5428
49.8243
54.2504
58.5283
62.2197
65.3291
67.6725
69.093
69.67
69.5468
68.8608
67.782
66.419
64.834
63.0786
61.1534
59.0454
56.7319
54.1721
51.3177
48.1204
44.5306
40.4954
36.0099
31.1942
26.2307
21.2599
16.407
11.8165
7.64755
4.06587
1.23411
-0.694993
-1.57907
-1.24861
0.406461
3.3668
7.40909
11.8275
38.0817
33.0867
27.173
20.6131
13.9556
6.74283
-0.739248
-8.25601
-15.8849
-23.4986
-31.0462
-38.5562
-45.9844
-53.3266
-60.5723
-67.6838
-74.6143
-81.2958
-87.6361
-93.5264
-98.8363
-103.442
-107.246
-110.145
-112.081
-112.984
-112.734
-111.207
-108.324
-104.053
-98.4148
-91.4607
-83.3156
-73.9974
-63.7827
-51.8317
-37.8621
-19.9213
-3.41479
42.574
46.6474
50.866
54.9504
58.4817
61.4649
63.7258
65.1113
65.6978
65.6229
65.0181
64.046
62.8121
61.3774
59.7911
58.0575
56.1645
54.0916
51.8005
49.2453
46.3787
43.1491
39.5006
35.4203
31.013
26.4447
21.8421
17.3159
12.9973
9.03366
5.58151
2.79704
0.828238
-0.187636
-0.0925685
1.21523
3.71044
7.13814
10.8445
35.5304
30.7873
25.175
18.9567
12.658
5.84116
-1.2188
-8.29741
-15.4707
-22.616
-29.6863
-36.7089
-43.6432
-50.4868
-57.2316
-63.845
-70.2868
-76.4967
-82.3937
-87.8798
-92.8383
-97.152
-100.739
-103.505
-105.401
-106.368
-106.292
-105.049
-102.549
-98.7432
-93.6255
-87.2112
-79.5876
-70.717
-60.8184
-49.0962
-35.4294
-18.0731
-2.03631
39.8006
43.675
47.6952
51.5932
54.9691
57.8294
60.0071
61.355
61.9459
61.912
61.379
60.5027
59.3847
58.0849
56.6511
55.0893
53.3894
51.5323
49.4827
47.1976
44.6305
41.7297
38.4378
34.7348
30.7124
26.5213
22.2746
18.0699
14.0249
10.2745
6.96459
4.24296
2.25175
1.12145
0.998248
1.97553
4.02299
6.86917
9.90878
33.1517
28.6486
23.3232
17.4301
11.4704
5.02876
-1.63238
-8.29945
-15.0438
-21.75
-28.3732
-34.9404
-41.4137
-47.7919
-54.0692
-60.2174
-66.2015
-71.9685
-77.4461
-82.5469
-87.1661
-91.1939
-94.5601
-97.181
-99.0155
-100.015
-100.072
-99.0639
-96.8952
-93.5013
-88.8548
-82.9401
-75.8105
-67.3835
-57.8357
-46.4446
-33.2005
-16.555
-0.969458
37.2098
40.8943
44.7239
48.4427
51.668
54.4076
56.5029
57.8117
58.4026
58.4035
57.9339
57.1434
56.1298
54.9515
53.655
52.2475
50.7208
49.0574
47.2251
45.1833
42.8865
40.2852
37.3204
33.9673
30.3055
26.4716
22.5664
18.6754
14.9026
11.37
8.21209
5.56735
3.57015
2.34326
2.01983
2.68619
4.30989
6.60891
9.03228
30.9345
26.6602
21.608
16.0237
10.3863
4.29945
-1.9849
-8.26321
-14.6047
-20.8984
-27.1026
-33.2435
-39.2859
-45.2293
-51.0703
-56.7838
-62.3393
-67.6902
-72.7723
-77.5072
-81.8004
-85.5502
-88.6952
-91.1625
-92.9187
-93.9238
-94.0782
-93.2624
-91.3763
-88.3457
-84.124
-78.6707
-72.0105
-64.0294
-54.8668
-43.8964
-31.1517
-15.3375
-0.247433
34.7898
38.2927
41.9397
45.4854
48.565
51.1875
53.2007
54.4686
55.0561
55.0862
54.6731
53.9598
53.0406
51.9715
50.7987
49.5301
48.1588
46.6695
45.0322
43.2084
41.1562
38.8265
36.1612
33.1309
29.8047
26.3069
22.7269
19.1386
15.6335
12.3202
9.32167
6.76537
4.77701
3.47073
2.96638
3.34292
4.56702
6.35664
8.21314
28.8677
24.8118
20.0202
14.73
9.39791
3.64801
-2.27976
-8.19169
-14.1531
-20.059
-25.8704
-31.612
-37.2513
-42.7888
-48.2219
-53.529
-58.6834
-63.6441
-68.3536
-72.7415
-76.7232
-80.2041
-83.1304
-85.4392
-87.1041
-88.0931
-88.3145
-87.6526
-86.0064
-83.2937
-79.4542
-74.4274
-68.2151
-60.6831
-51.9332
-41.4506
-29.2599
-14.317
0.216747
32.5291
35.8585
39.33
42.7093
45.6481
48.1558
50.0888
51.3147
51.896
51.9505
51.5875
50.9434
50.1091
49.1392
48.0777
46.9342
45.7025
44.3691
42.9066
41.2791
39.447
37.3632
34.9707
32.2369
29.2219
26.0383
22.7657
19.4674
16.2227
13.1279
10.2932
7.83497
5.86913
4.50062
3.83549
3.94584
4.7992
6.11859
7.46145
26.9415
23.0941
18.5509
13.5405
8.49928
3.06832
-2.52185
-8.08714
-13.6903
-19.2314
-24.6737
-30.041
-35.3029
-40.4606
-45.5129
-50.4401
-55.2193
-59.8142
-64.1731
-68.233
-71.9175
-75.14
-77.852
-79.9998
-81.5641
-82.52
-82.7829
-82.2422
-80.7973
-78.3621
-74.8656
-70.2331
-64.4471
-57.3659
-49.0475
-39.0841
-27.4504
-13.3851
0.542898
30.4176
33.5808
36.8841
40.1029
42.9055
45.3025
47.1558
48.3392
48.9117
48.9865
48.668
48.0863
47.3289
46.4483
45.4876
44.4565
43.3501
42.1568
40.8508
39.3994
37.7649
35.9037
33.7583
31.2956
28.5678
25.6767
22.6926
19.6697
16.6761
13.7959
11.127
8.77432
6.84289
5.42809
4.62269
4.4912
5.00298
5.89299
6.7727
25.1462
21.4978
17.1918
12.4485
7.68298
2.55539
-2.71497
-7.95304
-13.218
-18.4155
-23.5109
-28.527
-33.4355
-38.2379
-42.9337
-47.5059
-51.934
-56.186
-60.2156
-63.966
-67.3682
-70.3433
-72.8473
-74.8346
-76.2918
-77.2009
-77.4846
-77.0373
-75.7603
-73.5661
-70.3776
-66.1101
-60.7299
-54.0962
-46.2213
-36.791
-25.7223
-12.4741
0.807732
28.445
31.4493
34.5908
37.6556
40.3267
42.6157
44.3916
45.5323
46.0939
46.1854
45.9065
45.3809
44.6931
43.893
43.0237
42.0932
41.1
40.0314
38.8662
37.5717
36.1158
34.4536
32.5323
30.3167
27.8527
25.2323
22.5174
19.7542
17.0006
14.3293
11.8262
9.58429
7.69784
6.25217
5.32729
4.98005
5.18255
5.685
6.15443
23.4729
20.0146
15.9351
11.446
6.9435
2.10359
-2.86358
-7.79162
-12.7379
-17.6115
-22.3806
-27.067
-31.6441
-36.1139
-40.4764
-44.7166
-48.8163
-52.7472
-56.4677
-59.9266
-63.0615
-65.8007
-68.1041
-69.9329
-71.2797
-72.1323
-72.4201
-72.0427
-70.905
-68.9199
-66.0076
-62.078
-57.0826
-50.8883
-43.4651
-34.5692
-24.0707
-11.5985
0.985182
26.6023
29.4543
32.4408
35.3572
37.9017
40.0866
41.786
42.884
43.4332
43.5384
43.2947
42.8199
42.1943
41.4681
40.6796
39.8415
38.948
37.9928
36.9518
35.7997
34.5016
33.019
31.2997
29.3087
27.086
24.7148
22.2498
19.7297
17.2037
14.7336
12.3938
10.2659
8.43316
6.97064
5.94645
5.40944
5.33487
5.49169
5.59949
21.9132
18.6365
14.7733
10.5269
6.27421
1.70795
-2.97163
-7.60691
-12.2514
-16.8199
-21.2819
-25.6587
-29.925
-34.0832
-38.134
-42.0638
-45.8566
-49.4869
-52.9176
-56.1027
-58.9851
-61.5002
-63.6112
-65.2856
-66.521
-67.3101
-67.5889
-67.2624
-66.2397
-64.4365
-61.7722
-58.1552
-53.5251
-47.7585
-40.7921
-32.4385
-22.5405
-10.8231
1.00768
24.8809
27.5873
30.4247
33.1987
35.6213
37.7048
39.3305
40.3857
40.9212
41.0372
40.8248
40.3956
39.827
39.1662
38.4523
37.6952
36.8929
36.0372
35.1089
34.082
32.9263
31.6042
30.0663
28.2788
26.276
24.1332
21.8989
19.6053
17.2933
15.0153
12.8349
10.8227
9.05089
7.58468
6.48121
5.78124
5.46344
5.31691
5.11319
20.4596
17.3564
13.6996
9.68456
5.66993
1.36344
-3.04359
-7.40106
-11.7607
-16.0414
-20.2145
-24.3005
-28.2753
-32.1417
-35.9009
-39.5403
-43.0462
-46.3956
-49.555
-52.4829
-55.1279
-57.4311
-59.3589
-60.8839
-62.0086
-62.7303
-62.9904
-62.6994
-61.7716
-60.1268
-57.6855
-54.3579
-50.0744
-44.7218
-38.2155
-30.409
-21.1421
-10.2163
0.812839
23.2726
25.8397
28.5343
31.1713
33.4767
35.4628
37.0158
38.0288
38.5494
38.674
38.4891
38.1011
37.5837
36.9825
36.3351
35.6514
34.9298
34.1634
33.3349
32.4202
31.3911
30.2122
28.8374
27.2335
25.4301
23.4962
21.4739
19.3899
17.278
15.1818
13.1553
11.2585
9.55313
8.09487
6.93089
6.09386
5.5658
5.15693
4.68635
19.105
16.1672
12.7075
8.91343
5.1248
1.06554
-3.08271
-7.17763
-11.268
-15.2772
-19.1785
-22.991
-26.6925
-30.2859
-33.7721
-37.1403
-40.378
-43.4648
-46.3707
-49.0578
-51.4798
-53.5834
-55.3375
-56.7197
-57.7363
-58.3886
-58.6228
-58.3557
-57.5066
-56.0003
-53.7605
-50.7014
-46.7472
-41.7947
-35.7489
-28.4962
-19.8942
-9.80174
0.402025
21.7702
24.2042
26.7619
29.2676
31.46
33.3515
34.8344
35.8055
36.3105
36.4414
36.2808
35.9296
35.4585
34.911
34.3233
33.7051
33.0557
32.3689
31.629
30.8139
29.8973
28.8465
27.6179
26.1784
24.5557
22.8116
20.9834
19.0923
17.1661
15.241
13.3618
11.579
9.94442
8.50478
7.29833
6.3501
5.64505
5.01432
4.32239
17.843
15.0632
11.7915
8.2076
4.63439
0.809656
-3.09321
-6.93913
-10.7751
-14.5283
-18.1735
-21.7293
-25.1747
-28.5122
-31.7434
-34.8581
-37.8456
-40.6874
-43.3563
-45.8186
-48.0318
-49.9481
-51.5387
-52.7855
-53.6977
-54.2801
-54.4842
-54.2322
-53.449
-52.065
-50.0084
-47.1982
-43.5573
-38.9912
-33.4034
-26.7039
-18.7801
-9.55849
-0.191905
20.3671
22.6739
25.1006
27.4799
29.5638
31.3644
32.7784
33.7081
34.1967
34.3321
34.1928
33.8749
33.4453
32.9462
32.412
31.8524
31.2672
30.651
29.9897
29.263
28.4464
27.5097
26.4109
25.1196
23.6597
22.0876
20.4358
18.7214
16.9666
15.2012
13.462
11.7905
10.2296
8.81773
7.5852
6.54998
5.69948
4.8849
4.01069
16.6677
14.0385
10.9461
7.56254
4.19359
0.591767
-3.07819
-6.68896
-10.2842
-13.796
-17.2004
-20.5151
-23.7201
-26.8182
-29.811
-32.6891
-35.4431
-38.0565
-40.5049
-42.7575
-44.7761
-46.5173
-47.9548
-49.0739
-49.8865
-50.4004
-50.5719
-50.3288
-49.6017
-48.3268
-46.4377
-43.8595
-40.5166
-36.3233
-31.1877
-25.0394
-17.795
-9.44275
-0.913461
19.0571
21.2425
23.5436
25.8019
27.7812
29.4932
30.841
31.7301
32.2017
32.3398
32.2192
31.9308
31.5387
31.083
30.5967
30.0892
29.561
29.0075
28.4157
27.7671
27.0392
26.2034
25.2206
24.0618
22.7481
21.3312
19.8391
18.2855
16.6884
15.0713
13.4641
11.9004
10.4151
9.03919
7.79595
6.69711
5.73176
4.76997
3.75311
15.5735
13.0881
10.1663
6.97315
3.79857
0.408066
-3.04135
-6.42912
-9.79746
-13.0815
-16.2593
-19.3474
-22.3274
-25.2015
-27.9716
-30.6292
-33.1657
-35.5666
-37.8098
-39.8676
-41.7052
-43.2835
-44.5784
-45.5781
-46.2966
-46.7443
-46.8829
-46.645
-45.9668
-44.7903
-43.0554
-40.6939
-37.6346
-33.8005
-29.1076
-23.5014
-16.9215
-9.41494
-1.72122
17.8343
19.9037
22.0848
24.2267
26.1054
27.7326
29.0153
29.8644
30.3186
30.4579
30.3536
30.0917
29.7331
29.3164
28.8729
28.4118
27.9342
27.436
26.9056
26.3258
25.6761
24.9297
24.0501
23.0094
21.827
20.5492
19.2007
17.7932
16.3403
14.8602
13.3767
11.9166
10.5078
9.17455
7.93424
6.793
5.74098
4.66542
3.5382
14.5552
12.2067
9.44757
6.43547
3.44514
0.255144
-2.98532
-6.1627
-9.31641
-12.3859
-15.3505
-18.2261
-20.9951
-23.6599
-26.2222
-28.6743
-31.0087
-33.2123
-35.2651
-37.1423
-38.8121
-40.2397
-41.4027
-42.2916
-42.9218
-43.3069
-43.4136
-43.1793
-42.5446
-41.4579
-39.8658
-37.7076
-34.9179
-31.4286
-27.1661
-22.09
-16.156
-9.45122
-2.57699
16.6933
18.6519
20.7178
22.7486
24.5303
26.0751
27.2955
28.1053
28.5417
28.681
28.5906
28.352
28.0237
27.6417
27.2364
26.8167
26.3839
25.9345
25.458
24.9387
24.3578
23.6904
22.9021
21.9669
20.9016
19.7477
18.5285
17.2528
15.9311
14.5769
13.2087
11.8475
10.5152
9.23056
8.00551
6.84161
5.72935
4.57126
3.36677
13.6076
11.3898
8.78524
5.94504
3.1297
0.129664
-2.91314
-5.89127
-8.84287
-11.7104
-14.4746
-17.1507
-19.7224
-22.1915
-24.5601
-26.8211
-28.9678
-30.9885
-32.8653
-34.5755
-36.0907
-37.3793
-38.421
-39.2076
-39.7563
-40.0836
-40.1606
-39.9293
-39.3346
-38.3308
-36.8717
-34.9047
-32.3711
-29.212
-25.3643
-20.7995
-15.4862
-9.53784
-3.45571
15.6286
17.4813
19.4376
21.3611
23.0499
24.5159
25.6752
26.4467
26.8651
27.003
26.9245
26.707
26.4055
26.0548
25.6835
25.3005
24.9073
24.5009
24.0718
23.6056
23.085
22.4871
21.7797
20.9381
19.9763
18.9334
17.8297
16.6727
15.4696
14.2305
12.9693
11.7021
10.4458
9.21424
8.01489
6.84551
5.69652
4.48361
3.22739
12.726
10.6324
8.17495
5.49824
2.84855
0.0286573
-2.82706
-5.61755
-8.37836
-11.0558
-13.6319
-16.121
-18.5079
-20.7946
-22.9829
-25.0662
-27.039
-28.8906
-30.6048
-32.1614
-33.5346
-34.6959
-35.6264
-36.3199
-36.7946
-37.0691
-37.1195
-36.8915
-36.3343
-35.4081
-34.074
-32.2871
-29.9964
-27.1515
-23.7002
-19.6252
-14.9056
-9.66516
-4.33351
14.6353
16.3871
18.2379
20.0593
21.6589
23.0484
24.1494
24.8834
25.2836
25.4192
25.3509
25.1517
24.8744
24.5516
24.2107
23.8602
23.5021
23.1333
22.7458
22.3261
21.8585
21.3214
20.6851
19.9261
19.0568
18.1123
17.1118
16.0606
14.9643
13.83
12.6677
11.4895
10.308
9.13289
7.96828
6.80862
5.64401
4.40149
3.12025
11.9057
9.93037
7.61271
5.09099
2.59863
-0.0508258
-2.72991
-5.34291
-7.92433
-10.4231
-12.8226
-15.1367
-17.351
-19.4675
-21.488
-23.4067
-25.2186
-26.9141
-28.4788
-29.8944
-31.1376
-32.1829
-33.0128
-33.6225
-34.0306
-34.2582
-34.2849
-34.061
-33.5401
-32.6877
-31.4721
-29.8555
-27.7943
-25.2469
-22.1715
-18.5596
-14.4002
-9.82074
-5.18968
13.7086
15.3639
17.1144
18.8377
20.3518
21.6685
22.7124
23.4099
23.7919
23.9243
23.8645
23.6819
23.4259
23.1282
22.8144
22.4928
22.1656
21.83
21.4789
21.0998
20.6783
20.1945
19.6206
18.9345
18.147
17.2902
16.3809
15.4241
14.4238
13.3845
12.3135
11.2191
10.1106
8.99433
7.87155
6.73431
5.57213
4.32177
3.0347
11.1424
9.27945
7.09459
4.72015
2.37662
-0.111569
-2.62358
-5.06974
-7.48203
-9.81296
-12.047
-14.1973
-16.2506
-18.2087
-20.0734
-21.8396
-23.5029
-25.0547
-26.4822
-27.769
-28.8939
-29.834
-30.5738
-31.1087
-31.458
-31.6441
-31.6506
-31.4323
-30.9474
-30.1665
-29.0637
-27.6078
-25.7628
-23.495
-20.7728
-17.5953
-13.9599
-9.99128
-6.00568
12.8442
14.4076
16.062
17.692
19.1242
20.3704
21.3601
22.022
22.3857
22.514
22.4613
22.293
22.0565
21.781
21.4913
21.1954
20.8954
20.5891
20.2698
19.9261
19.5448
19.1074
18.5882
17.9662
17.2509
16.4715
15.6433
14.7707
13.8561
12.9031
11.9157
10.8998
9.86192
8.80599
7.73067
6.62647
5.48229
4.24309
2.97078
10.4323
8.67602
6.61725
4.38225
2.17984
-0.155969
-2.51061
-4.79922
-7.05273
-9.22615
-11.3053
-13.3027
-15.2058
-17.0166
-18.7369
-20.3621
-21.8884
-23.3083
-24.6104
-25.7797
-26.7975
-27.6433
-28.3026
-28.7719
-29.0698
-29.2199
-29.2101
-28.9998
-28.5514
-27.8399
-26.8445
-25.5402
-23.8977
-21.8913
-19.4983
-16.7238
-13.572
-10.1631
-6.76385
12.038
13.5138
15.0769
16.6174
17.9716
19.1509
20.0875
20.7147
21.0601
21.1836
21.1368
20.9813
20.7618
20.5064
20.2382
19.9651
19.6892
19.4085
19.117
18.8042
18.4579
18.061
17.5894
17.0238
16.3721
15.6611
14.9047
14.1065
13.2693
12.3938
11.4827
10.5402
9.57066
8.57564
7.552
6.48917
5.37579
4.16345
2.91914
9.77182
8.11663
6.17745
4.07483
2.0056
-0.186235
-2.39233
-4.53315
-6.63731
-8.66316
-10.5974
-12.4521
-14.2155
-15.8895
-17.4762
-18.9713
-20.3717
-21.6708
-22.8584
-23.9213
-24.8428
-25.6041
-26.1926
-26.6046
-26.8583
-26.9784
-26.9567
-26.7571
-26.3458
-25.7015
-24.8081
-23.6458
-22.1924
-20.4287
-18.34
-15.9363
-13.2265
-10.3241
-7.4529
11.2861
12.6787
14.1546
15.6104
16.89
18.0046
18.8909
19.4844
19.8116
19.9297
19.8874
19.7429
19.5387
19.301
19.052
18.7989
18.5442
18.286
18.0189
17.733
17.4172
17.0555
16.6257
16.1094
15.5139
14.8632
14.1703
13.4389
12.6703
11.8643
11.0229
10.1489
9.24489
8.3104
7.34122
6.32636
5.25412
4.08172
2.88026
9.15733
7.59812
5.77247
3.79499
1.85182
-0.204277
-2.2707
-4.2722
-6.23659
-8.12435
-9.92329
-11.645
-13.2785
-14.8258
-16.2889
-17.6642
-18.9491
-20.1379
-21.2216
-22.1885
-23.0235
-23.7101
-24.2366
-24.5996
-24.8162
-24.9121
-24.8826
-24.6962
-24.3223
-23.7428
-22.9456
-21.9166
-20.6386
-19.0992
-17.2896
-15.2234
-12.9129
-10.4647
-8.06133
10.5849
11.8984
13.2917
14.6663
15.8752
16.9289
17.7661
18.3269
18.6361
18.7481
18.7092
18.5744
18.3834
18.1616
17.9294
17.6941
17.458
17.2195
16.9736
16.7112
16.422
16.0911
15.6978
15.2251
14.6792
14.082
13.4455
12.7731
12.0655
11.3224
10.5448
9.73459
8.89269
8.01771
7.10453
6.14235
5.11932
3.99707
2.84631
8.58565
7.11749
5.39944
3.54062
1.71631
-0.211773
-2.14658
-4.01776
-5.85101
-7.60967
-9.28253
-10.8805
-12.3936
-13.8237
-15.1728
-16.438
-17.6171
-18.7054
-19.695
-20.5756
-21.3337
-21.9546
-22.4277
-22.7494
-22.9354
-23.0123
-22.9789
-22.8076
-22.471
-21.954
-21.2482
-20.343
-19.2273
-17.8933
-16.3374
-14.5757
-12.6225
-10.5764
-8.58555
9.93084
11.1693
12.4838
13.782
14.9234
15.9182
16.7092
17.2385
17.53
17.6355
17.599
17.4723
17.2931
17.085
16.8677
16.6479
16.4282
16.2068
15.9794
15.7374
15.4714
15.1675
14.8065
14.3723
13.8704
13.3207
12.7344
12.1146
11.462
10.7759
10.0567
9.30514
8.52172
7.70434
6.84761
5.94122
4.97309
3.90848
2.81834
8.05359
6.67185
5.05585
3.30917
1.59725
-0.210242
-2.02148
-3.77004
-5.48075
-7.11897
-8.6745
-10.1577
-11.5593
-12.8811
-14.1253
-15.2894
-16.372
-17.3691
-18.2738
-19.0771
-19.7671
-20.3305
-20.7581
-21.0454
-21.2071
-21.2697
-21.2358
-21.0812
-20.7819
-20.325
-19.7048
-18.9149
-17.948
-16.8007
-15.4739
-13.9842
-12.3473
-10.6543
-9.02106
9.32064
10.4878
11.7278
12.9527
14.0302
14.9696
15.7157
16.2147
16.4891
16.5879
16.5531
16.4334
16.2643
16.0685
15.8642
15.658
15.4524
15.2459
15.0346
14.8104
14.5647
14.2845
13.952
13.5522
13.0896
12.5824
12.041
11.4686
10.8656
10.2312
9.56514
8.86788
8.13942
7.37744
6.57674
5.72754
4.81794
3.81627
2.78946
7.5584
6.25863
4.73918
3.09865
1.49261
-0.201238
-1.89608
-3.53
-5.12591
-6.65187
-8.09833
-9.47518
-10.7737
-11.9958
-13.1437
-14.2155
-15.2101
-16.1245
-16.9528
-17.687
-18.3168
-18.8307
-19.2196
-19.4791
-19.6215
-19.6748
-19.6429
-19.507
-19.244
-18.845
-18.3047
-17.6211
-16.7895
-15.8117
-14.6892
-13.4405
-12.0809
-10.6942
-9.37012
8.75124
9.85085
11.0197
12.1754
13.1917
14.0776
14.7817
15.2518
15.5097
15.602
15.5683
15.4545
15.2945
15.1093
14.9164
14.7222
14.529
14.3354
14.138
13.9292
13.7013
13.442
13.135
12.7659
12.3387
11.8698
11.3689
10.8392
10.2813
9.694
9.07682
8.42992
7.75294
7.04374
6.29738
5.50531
4.65569
3.71938
2.76085
7.09751
5.87534
4.44728
2.90681
1.40071
-0.18608
-1.77179
-3.29779
-4.78653
-6.20776
-7.55291
-8.83131
-10.0348
-11.1653
-12.225
-13.2125
-14.1273
-14.967
-15.7267
-16.3995
-16.9766
-17.4475
-17.8043
-18.0411
-18.1697
-18.2168
-18.1908
-18.0736
-17.8473
-17.5016
-17.0364
-16.4495
-15.7421
-14.9155
-13.9748
-12.9371
-11.8184
-10.6951
-9.63349
8.22008
9.25537
10.3569
11.446
12.404
13.2395
13.9026
14.3453
14.5875
14.6735
14.6407
14.5324
14.3803
14.2048
14.0221
13.8384
13.6561
13.4739
13.2887
13.0936
12.8813
12.6405
12.356
12.0146
11.6194
11.1852
10.721
10.2301
9.71321
9.16914
8.59699
7.9968
7.36803
6.70874
6.01503
5.2788
4.48928
3.61947
2.72879
6.66876
5.52
4.17804
2.73198
1.31988
-0.166289
-1.64918
-3.07436
-4.46262
-5.78614
-7.0371
-8.22433
-9.34021
-10.3866
-11.3657
-12.2767
-13.1193
-13.8918
-14.5901
-15.2085
-15.7394
-16.1736
-16.5035
-16.7227
-16.8413
-16.8862
-16.8673
-16.7706
-16.5787
-16.2844
-15.8876
-15.3902
-14.7939
-14.1028
-13.3213
-12.4671
-11.5556
-10.6563
-9.8161
7.72472
8.69918
9.73631
10.7625
11.6644
12.4509
13.0756
13.492
13.7191
13.7991
13.7671
13.6637
13.5193
13.3525
13.1791
13.0049
12.8325
12.6605
12.4862
12.3031
12.1048
11.8804
11.6163
11.2997
10.9335
10.5307
10.0999
9.64434
9.16486
8.66032
8.12978
7.57304
6.98951
6.37789
5.73396
5.0522
4.32131
3.51682
2.69488
6.27002
5.19047
3.92975
2.57244
1.24872
-0.142903
-1.52961
-2.85997
-4.15437
-5.38668
-6.54993
-7.65258
-8.68756
-9.65672
-10.5625
-11.404
-12.1816
-12.8938
-13.5375
-14.1078
-14.5984
-15.0011
-15.3088
-15.5143
-15.6264
-15.6718
-15.6622
-15.5859
-15.4276
-15.1812
-14.8477
-14.4309
-13.9344
-13.3621
-12.7197
-12.0235
-11.2892
-10.5788
-9.92314
7.26313
8.17972
9.15608
10.1216
10.9702
11.7103
12.2973
12.6884
12.901
12.9751
12.9439
12.8456
12.7082
12.55
12.3854
12.2201
12.0567
11.8941
11.7299
11.5579
11.3721
11.1627
10.9168
10.6228
10.2828
9.90842
9.50777
9.08425
8.63884
8.17053
7.67836
7.16206
6.62126
6.05424
5.45893
4.82902
4.15463
3.41377
2.65767
5.89951
4.88513
3.70069
2.42686
1.18602
-0.117106
-1.41346
-2.65555
-3.86202
-5.00914
-6.09061
-7.11461
-8.07475
-8.97289
-9.81157
-10.5901
-11.3092
-11.9677
-12.5629
-13.091
-13.5465
-13.9224
-14.2117
-14.4069
-14.5154
-14.5635
-14.5643
-14.5086
-14.3825
-14.1805
-13.9049
-13.5603
-13.1515
-12.6832
-12.1606
-11.6008
-11.0164
-10.4642
-9.96077
6.8332
7.6952
8.61345
9.522
10.3193
11.0145
11.5661
11.9328
12.1312
12.1993
12.1687
12.075
11.9449
11.7948
11.6388
11.4822
11.3275
11.1738
11.0191
10.8574
10.6834
10.4878
10.2587
9.98519
9.66897
9.32028
8.94679
8.55208
8.13746
7.7021
7.24522
6.76665
6.26574
5.742
5.19228
4.61158
3.99092
3.31102
2.61924
5.55541
4.60219
3.48955
2.29394
1.13069
-0.0894344
-1.30173
-2.46095
-3.58562
-4.65331
-5.65859
-6.60944
-7.50014
-8.33279
-9.10998
-9.83139
-10.4977
-11.1081
-11.6604
-12.1515
-12.5767
-12.9298
-13.204
-13.3918
-13.4988
-13.5514
-13.5633
-13.5278
-13.4316
-13.2708
-13.0472
-12.7669
-12.4348
-12.0563
-11.6377
-11.1936
-10.7356
-10.3144
-9.93576
6.43333
7.24355
8.10726
8.96115
9.71
10.3629
10.8798
11.2229
11.4073
11.4695
11.4392
11.35
11.2264
11.0845
10.9371
10.7891
10.6431
10.4983
10.3527
10.2011
10.0384
9.85577
9.64237
9.38792
9.09353
8.76815
8.41905
8.05003
7.6629
7.25724
6.83248
6.38859
5.92534
5.44183
4.93527
4.40136
3.83265
3.21104
2.57954
5.23633
4.34041
3.29497
2.17271
1.08213
-0.0607024
-1.19411
-2.27661
-3.32492
-4.31873
-5.25317
-6.13602
-6.96227
-7.73436
-8.45497
-9.12416
-9.74272
-10.3101
-10.8244
-11.2828
-11.6822
-12.0158
-12.2783
-12.4604
-12.5682
-12.6256
-12.6492
-12.6318
-12.5643
-12.4398
-12.2641
-12.0396
-11.7753
-11.4737
-11.1444
-10.7972
-10.4455
-10.1314
-9.85465
6.06175
6.82331
7.63506
8.43787
9.14046
9.75242
10.237
10.5577
10.7284
10.7845
10.7542
10.6685
10.5514
10.417
10.2779
10.1385
10.0013
9.86539
9.72911
9.58746
9.43583
9.26595
9.06766
8.83133
8.55743
8.25357
7.92658
7.58053
7.21772
6.83822
6.44209
6.02962
5.60076
5.15484
4.6891
4.20021
3.6803
3.11443
2.54021
4.94075
4.09838
3.11597
2.0623
1.03945
-0.0309114
-1.09113
-2.10172
-3.07932
-4.0046
-4.8734
-5.69318
-6.45973
-7.17571
-7.84414
-8.46538
-9.04044
-9.56898
-10.0492
-10.4795
-10.8561
-11.1741
-11.4262
-11.6054
-11.7137
-11.7778
-11.8108
-11.8121
-11.7681
-11.679
-11.5432
-11.3706
-11.1627
-10.9294
-10.6732
-10.4088
-10.1432
-9.91799
-9.72265
5.71704
6.43257
7.19573
7.94954
8.60861
9.18261
9.63577
9.93508
10.0924
10.1426
10.112
10.0296
9.91757
9.79024
9.65884
9.52777
9.39928
9.2724
9.14557
9.01407
8.87364
8.71651
8.53326
8.31471
8.06073
7.7775
7.47125
7.14608
6.80483
6.44824
6.07699
5.69198
5.29385
4.88209
4.45436
4.00723
3.53493
3.02106
2.50061
4.6676
3.8753
2.95174
1.96216
1.00261
-0.000508327
-0.992006
-1.93633
-2.848
-3.70977
-4.51767
-5.279
-5.99027
-6.65443
-7.27473
-7.85185
-8.38716
-8.88032
-9.33042
-9.73533
-10.0929
-10.397
-10.6416
-10.8179
-10.9288
-10.9977
-11.0414
-11.057
-11.0364
-10.9756
-10.8777
-10.7476
-10.591
-10.4132
-10.2202
-10.0226
-9.82887
-9.67468
-9.54528
5.39765
6.06994
6.78674
7.49479
8.11254
8.65001
9.07482
9.3542
9.49849
9.54295
9.51186
9.4316
9.32405
9.2023
9.07767
8.95419
8.83396
8.71594
8.59861
8.47746
8.34853
8.20449
8.03659
7.83614
7.60231
7.33984
7.05408
6.74896
6.42755
6.09107
5.74111
5.37946
5.00744
4.62546
4.23156
3.82362
3.3941
2.92942
2.45999
4.41546
3.67016
2.80184
1.87216
0.971416
0.0313622
-0.896742
-1.77892
-2.62982
-3.43276
-4.1842
-4.89126
-5.5513
-6.16756
-6.74342
-7.27997
-7.77879
-8.23999
-8.66252
-9.04562
-9.38619
-9.67873
-9.91701
-10.0917
-10.2051
-10.2794
-10.3317
-10.3604
-10.3586
-10.3229
-10.2564
-10.1637
-10.05
-9.91996
-9.77896
-9.63672
-9.50104
-9.40379
-9.32598
5.1021
5.73329
6.40666
7.07075
7.64986
8.15424
8.5519
8.81307
8.94467
8.98373
8.95191
8.8735
8.7687
8.65145
8.53212
8.41498
8.30211
8.1924
8.08436
7.97364
7.85648
7.72601
7.57408
7.3925
7.17977
6.93916
6.67496
6.39046
6.08858
5.77081
5.43932
5.09678
4.74595
4.38822
4.02287
3.64811
3.25751
2.83796
2.4167
4.18316
3.48217
2.66566
1.79209
0.946462
0.064841
-0.803662
-1.62906
-2.42313
-3.17149
-3.87052
-4.52722
-5.13982
-5.71171
-6.24639
-6.74553
-7.21089
-7.64289
-8.04105
-8.4043
-8.73057
-9.01353
-9.24675
-9.42068
-9.5367
-9.61599
-9.67545
-9.71467
-9.72779
-9.71238
-9.67151
-9.60982
-9.53194
-9.44208
-9.34433
-9.2478
-9.15908
-9.10695
-9.06914
4.82869
5.42125
6.05324
6.67636
7.21914
7.69173
8.06582
8.31058
8.43007
8.46448
8.4321
8.35412
8.25141
8.1365
8.02042
7.90756
7.80032
7.69774
7.59833
7.49784
7.39268
7.27631
7.14116
6.9795
6.78933
6.57246
6.33197
6.07019
5.78939
5.49057
5.17628
4.84983
4.51523
4.1755
3.83178
3.4835
3.12531
2.74537
2.36878
3.96905
3.30958
2.54176
1.72071
0.92655
0.0999728
-0.713375
-1.48489
-2.22608
-2.92375
-3.57368
-4.18361
-4.75261
-5.28336
-5.77961
-6.24378
-6.67833
-7.08364
-7.45975
-7.80625
-8.1207
-8.39588
-8.62592
-8.79978
-8.9188
-9.0023
-9.0675
-9.11421
-9.13839
-9.13779
-9.11672
-9.07924
-9.03056
-8.97354
-8.91212
-8.85312
-8.80313
-8.78661
-8.78031
4.57615
5.13248
5.72633
6.3105
6.8197
7.26344
7.61445
7.84377
7.95081
7.98258
7.95085
7.87371
7.77148
7.65766
7.54228
7.43065
7.32602
7.22803
7.13551
7.04436
6.95104
6.84921
6.73175
6.59128
6.42533
6.23443
6.0204
5.78443
5.52772
5.2504
4.95438
4.64308
4.32157
3.99453
3.66527
3.33551
3.00171
2.65407
2.31608
3.77256
3.15154
2.42889
1.65677
0.910965
0.135532
-0.62533
-1.34705
-2.03752
-2.68758
-3.29048
-3.85653
-4.38576
-4.8786
-5.33853
-5.76953
-6.17492
-6.55592
-6.91248
-7.24582
-7.55037
-7.82145
-8.04886
-8.22441
-8.34568
-8.43329
-8.50161
-8.55351
-8.58367
-8.5933
-8.58478
-8.56544
-8.538
-8.5079
-8.47519
-8.4488
-8.4297
-8.44353
-8.46106
4.34397
4.86715
5.4257
5.97439
6.45221
6.86716
7.19723
7.41064
7.50301
7.53514
7.50696
7.43131
7.33054
7.21649
7.09981
6.98598
6.87989
6.78232
6.6932
6.6089
6.52622
6.43882
6.33985
6.22186
6.08186
5.91891
5.73387
5.52677
5.29779
5.04554
4.77089
4.47639
4.16737
3.84979
3.52932
3.21036
2.89224
2.56772
2.25994
3.59431
3.00895
2.32846
1.60197
0.901178
0.173986
-0.538445
-1.21255
-1.85588
-2.46026
-3.01922
-3.545
-4.03824
-4.49594
-4.92097
-5.3193
-5.69616
-6.05332
-6.39425
-6.71533
-7.01566
-7.28297
-7.51271
-7.68908
-7.81549
-7.90443
-7.97638
-8.02809
-8.06222
-8.07409
-8.0743
-8.06356
-8.05306
-8.0405
-8.03397
-8.03197
-8.0424
-8.07936
-8.12019
4.13304
4.62581
5.1523
5.66714
6.11522
6.50232
6.81038
7.00541
7.08117
7.11823
7.09755
7.02658
6.92804
6.81551
6.6962
6.57804
6.4663
6.36449
6.27376
6.19241
6.11752
6.04351
5.96291
5.86867
5.75579
5.62266
5.46813
5.29235
5.09379
4.87061
4.62121
4.34732
4.05279
3.74458
3.42956
3.11556
2.80484
2.49406
2.20709
3.43379
2.882
2.24165
1.5585
0.900638
0.2186
-0.447332
-1.07856
-1.67689
-2.23804
-2.75761
-3.24951
-3.71145
-4.1356
-4.52632
-4.89185
-5.23859
-5.57266
-5.89564
-6.20959
-6.50576
-6.77583
-7.00821
-7.19196
-7.32181
-7.41593
-7.48605
-7.5375
-7.56616
-7.57743
-7.57485
-7.56891
-7.56348
-7.56588
-7.57525
-7.59647
-7.62855
-7.68949
-7.74679
3.94169
4.40613
4.90235
5.38557
5.80457
6.16194
6.44962
6.6206
6.68011
6.7308
6.72168
6.65678
6.56523
6.4546
6.33454
6.21012
6.09088
5.97988
5.88313
5.79906
5.72857
5.66462
5.60198
5.53074
5.44641
5.34292
5.22007
5.0754
4.90919
4.71686
4.49721
4.24824
3.97341
3.67733
3.36873
3.05696
2.74818
2.44228
2.16598
3.31238
2.78745
2.17785
1.52935
0.906375
0.262604
-0.360229
-0.947512
-1.49298
-2.01114
-2.46629
-2.93558
-3.38715
-3.79211
-4.16209
-4.50753
-4.83534
-5.15329
-5.46925
-5.78102
-6.08185
-6.35975
-6.60245
-6.79644
-6.93558
-7.03474
-7.10539
-7.15233
-7.17371
-7.1769
-7.16681
-7.15638
-7.1509
-7.15854
-7.17795
-7.21429
-7.26434
-7.34326
-7.41431
3.7958
4.23605
4.7066
5.15699
5.543
5.86005
6.10617
6.21807
6.25184
6.35783
6.38258
6.33684
6.26012
6.1608
6.04333
5.91722
5.79102
5.67225
5.56653
5.47798
5.40707
5.35053
5.30137
5.25093
5.19067
5.11353
5.0161
4.89742
4.75654
4.59086
4.3974
4.17392
3.92065
3.64106
3.34234
3.03491
2.72696
2.42128
2.14716
3.21907
2.71622
2.13218
1.51273
0.920241
0.311154
-0.270548
-0.814871
-1.30376
-1.78107
-2.15728
-2.61558
-3.0697
-3.46419
-3.8224
-4.15711
-4.47328
-4.78235
-5.09345
-5.40826
-5.71642
-6.00504
-6.26034
-6.4659
-6.61615
-6.72097
-6.79364
-6.83519
-6.84939
-6.8424
-6.82309
-6.80366
-6.7956
-6.80212
-6.82823
-6.87408
-6.93946
-7.03286
-7.11735
3.68151
4.10068
4.54594
4.96325
5.31186
5.57882
5.77054
5.80563
5.80805
5.98998
6.06541
6.04796
5.99461
5.91089
5.80137
5.67771
5.54955
5.42594
5.31374
5.21967
5.1464
5.09271
5.0525
5.01735
4.9767
4.92126
4.84511
4.74693
4.62592
4.48083
4.30906
4.10821
3.87666
3.6157
3.33032
3.02986
2.72452
2.41895
2.14313
3.12682
2.64604
2.08789
1.49817
0.936719
0.363158
-0.178659
-0.680573
-1.11789
-1.55904
-1.86051
-2.30455
-2.75943
-3.1429
-3.48818
-3.8107
-4.1135
-4.40885
-4.71241
-5.0249
-5.33772
-5.6353
-5.90246
-6.12065
-6.28271
-6.39568
-6.47086
-6.50841
-6.51361
-6.49633
-6.46424
-6.43439
-6.41908
-6.42245
-6.45043
-6.5034
-6.58203
-6.68948
-6.78845
3.56847
3.96684
4.38736
4.77141
5.08368
5.30172
5.43852
5.40305
5.37646
5.62335
5.75129
5.76599
5.73709
5.67181
5.57373
5.45525
5.32898
5.20324
5.08649
4.98597
4.90743
4.8512
4.81446
4.78873
4.76447
4.72843
4.67322
4.59419
4.49146
4.36395
4.21174
4.0326
3.82496
3.58739
3.32217
3.0358
2.73785
2.43531
2.1581
3.03577
2.57683
2.04451
1.48478
0.95471
0.41666
-0.0859684
-0.548096
-0.939801
-1.34546
-1.57976
-2.00604
-2.45601
-2.82711
-3.15798
-3.46699
-3.75466
-4.03526
-4.32571
-4.63263
-4.94556
-5.24991
-5.52646
-5.75779
-5.93169
-6.05532
-6.13393
-6.17027
-6.16668
-6.14095
-6.09434
-6.05393
-6.02778
-6.02612
-6.05044
-6.10787
-6.19336
-6.31243
-6.42051
3.45645
3.83425
4.22954
4.58105
4.85753
5.02594
5.11166
5.01232
4.95983
5.25974
5.4392
5.48735
5.48354
5.43809
5.3522
5.24282
5.121
4.99865
4.88059
4.77741
4.69273
4.6322
4.59232
4.57033
4.55489
4.53484
4.49732
4.43736
4.35094
4.23936
4.10272
3.94279
3.75785
3.54655
3.30768
3.04425
2.76286
2.47003
2.1967
2.94607
2.50858
2.00153
1.471
0.971478
0.468472
0.00289628
-0.420463
-0.771667
-1.14189
-1.31869
-1.72119
-2.15955
-2.515
-2.8297
-3.12375
-3.39675
-3.6609
-3.93807
-4.23448
-4.5448
-4.85075
-5.13464
-5.37563
-5.56163
-5.69486
-5.78077
-5.81766
-5.81212
-5.78016
-5.72525
-5.67443
-5.64117
-5.63146
-5.65213
-5.70755
-5.79693
-5.92251
-6.04813
3.34584
3.70298
4.07304
4.39148
4.63298
4.75359
4.79099
4.63418
4.55533
4.89783
5.12645
5.20896
5.2311
5.20595
5.13555
5.03567
4.92281
4.8066
4.69493
4.59345
4.50877
4.44363
4.39923
4.37313
4.35939
4.34638
4.32261
4.27865
4.20918
4.1122
3.98973
3.84468
3.67899
3.49194
3.28153
3.04733
2.79146
2.51778
2.2543
2.85815
2.44158
1.95841
1.45533
0.984075
0.514036
0.0835189
-0.302892
-0.618087
-0.94966
-1.07732
-1.4512
-1.86833
-2.20337
-2.49943
-2.77825
-3.03733
-3.28829
-3.55021
-3.83658
-4.13947
-4.44361
-4.72897
-4.97395
-5.16559
-5.30422
-5.39407
-5.43163
-5.42399
-5.38741
-5.32371
-5.2629
-5.21965
-5.19992
-5.2115
-5.25971
-5.34428
-5.46455
-5.57892
3.23691
3.5734
3.91721
4.20353
4.41155
4.48583
4.48065
4.26616
4.1631
4.54075
4.813
4.92714
4.97349
4.9725
4.9209
4.8351
4.73206
4.62484
4.52152
4.42783
4.34813
4.28456
4.23687
4.20512
4.18538
4.1712
4.15254
4.12083
4.06744
3.98786
3.88155
3.75223
3.60368
3.43805
3.2544
3.05086
2.82637
2.57998
2.33323
2.7726
2.37589
1.91485
1.43586
0.989369
0.548374
0.149464
-0.201342
-0.482169
-0.77141
-0.857983
-1.19475
-1.58076
-1.88967
-2.16456
-2.42758
-2.67574
-2.91504
-3.16668
-3.44073
-3.73426
-4.03214
-4.31369
-4.55909
-4.75421
-4.89947
-4.99737
-5.04428
-5.04561
-5.01797
-4.95735
-4.89784
-4.85284
-4.82914
-4.8334
-4.87408
-4.95258
-5.07618
-5.22166
3.13092
3.44677
3.76422
4.01884
4.1949
4.225
4.1787
3.90568
3.77454
4.18619
4.49983
4.63764
4.70389
4.72375
4.69854
4.63511
4.55234
4.458
4.36564
4.27885
4.2065
4.14629
4.10009
4.06316
4.03574
4.01162
3.98844
3.95842
3.91578
3.85209
3.76521
3.65564
3.52795
3.38586
3.23025
3.06067
2.87358
2.6681
2.46037
2.69019
2.31149
1.8694
1.41067
0.984141
0.568098
0.19716
-0.11941
-0.367247
-0.608488
-0.659099
-0.951993
-1.29624
-1.57364
-1.82429
-2.07181
-2.31032
-2.54419
-2.78674
-3.04933
-3.3293
-3.61068
-3.87574
-4.10261
-4.28246
-4.41478
-4.50603
-4.54809
-4.54878
-4.51796
-4.45345
-4.38579
-4.33363
-4.29801
-4.29158
-4.31678
-4.37721
-4.46497
-4.53804
3.02962
3.32605
3.61729
3.84225
3.98541
3.96807
3.88084
3.53939
3.37902
3.82809
4.18699
4.3525
4.4301
4.46091
4.44918
4.40945
4.35434
4.29046
4.21993
4.15014
4.08612
4.03254
3.98824
3.95163
3.91899
3.88725
3.85446
3.81942
3.77765
3.72308
3.65031
3.55798
3.4484
3.3255
3.1927
3.05045
2.89617
2.72205
2.53277
2.61186
2.24848
1.82244
1.37966
0.969772
0.574456
0.228839
-0.0549448
-0.269298
-0.462047
-0.481944
-0.721492
-1.01639
-1.25821
-1.4841
-1.71364
-1.94355
-2.17197
-2.4089
-2.66185
-2.92767
-3.1956
-3.45029
-3.67605
-3.86031
-4.00366
-4.11052
-4.17662
-4.20624
-4.21085
-4.17181
-4.12696
-4.08786
-4.06092
-4.05337
-4.07656
-4.13919
-4.2587
-4.44227
2.93488
3.21382
3.4813
3.67867
3.786
3.71994
3.59092
3.17016
2.95903
3.44093
3.85101
4.05873
4.17459
4.22979
4.2239
4.18088
4.12655
4.07493
4.02426
3.97506
3.92694
3.8837
3.84521
3.81098
3.77739
3.74238
3.70591
3.67025
3.63452
3.59549
3.54788
3.48791
3.41451
3.32881
3.23351
3.13058
3.02382
2.91862
2.84324
2.54035
2.19008
1.77696
1.34817
0.95218
0.575056
0.251022
-0.00306481
-0.189801
-0.335548
-0.32584
-0.507397
-0.744718
-0.949437
-1.15016
-1.36203
-1.57941
-1.79716
-2.01924
-2.24684
-2.47726
-2.69863
-2.89847
-3.06274
-3.19133
-3.29234
-3.36939
-3.41458
-3.42825
-3.41783
-3.36812
-3.31344
-3.26234
-3.21951
-3.19178
-3.18508
-3.19395
-3.19995
-3.13689
2.84938
3.11315
3.35931
3.53155
3.60147
3.49443
3.32922
2.79287
2.51905
3.02365
3.45357
3.68634
3.85456
3.99041
4.0625
4.07111
4.03698
3.98453
3.92511
3.86761
3.81301
3.76496
3.72284
3.68442
3.64111
3.58829
3.5265
3.46038
3.39298
3.32541
3.2557
3.18214
3.10392
3.02172
2.93676
2.84777
2.74693
2.61231
2.42116
2.48126
2.13819
1.73338
1.31302
0.927571
0.563516
0.259348
0.0270286
-0.135225
-0.236291
-0.198957
-0.31638
-0.491065
-0.655268
-0.826843
-1.01782
-1.22109
-1.43212
-1.64851
-1.87165
-2.0987
-2.32899
-2.55523
-2.76984
-2.95294
-3.10529
-3.23735
-3.35134
-3.45265
-3.54678
-3.58142
-3.59923
-3.61076
-3.62197
-3.63403
-3.66355
-3.73241
-3.88511
-4.18077
2.78092
3.03264
3.25936
3.40418
3.43151
3.2863
3.05562
2.36605
2.04603
2.62779
3.07634
3.26712
3.38871
3.50801
3.62104
3.72203
3.80685
3.87155
3.90928
3.92421
3.91801
3.89888
3.8726
3.85315
3.84825
3.84907
3.84303
3.82994
3.81209
3.79173
3.76705
3.736
3.69579
3.64625
3.58975
3.53314
3.49407
3.50589
3.62503
2.438
2.08944
1.67612
1.24976
0.862297
0.506638
0.218761
0.0126214
-0.117643
-0.161066
-0.100836
-0.161349
-0.276585
-0.396541
-0.528553
-0.673031
-0.824818
-0.977633
-1.12675
-1.26755
-1.39318
-1.49324
-1.5584
-1.58781
-1.60746
-1.63438
-1.66507
-1.68274
-1.68201
-1.6857
-1.66683
-1.64362
-1.62363
-1.60139
-1.58068
-1.56064
-1.51868
-1.40842
-1.10734
2.73902
2.98539
3.1954
3.30545
3.27162
3.04793
2.64543
1.76043
1.46379
2.2422
2.8736
3.20767
3.36747
3.4081
3.34961
3.23732
3.11186
3.00927
2.93393
2.88723
2.85848
2.8464
2.83984
2.8216
2.77037
2.70147
2.63203
2.56413
2.49475
2.42527
2.35716
2.29368
2.23553
2.18226
2.13145
2.07306
1.98121
1.80016
1.44782
2.40501
2.03988
1.60508
1.15815
0.75869
0.402587
0.130065
-0.0465301
-0.126851
-0.106208
-0.0327443
-0.0426331
-0.0959208
-0.174423
-0.278665
-0.407641
-0.560527
-0.735864
-0.933851
-1.15628
-1.40846
-1.69173
-1.99626
-2.28987
-2.52434
-2.69803
-2.8771
-3.04018
-3.25893
-3.54179
-3.56034
-3.65696
-3.80955
-3.94084
-4.04908
-4.16804
-4.35096
-4.67486
-5.2533
2.71528
2.96311
3.16325
3.24049
3.14165
2.80903
2.15868
1.10236
0.672108
1.4398
2.24198
2.98275
3.66609
4.29477
4.80547
5.17859
5.42311
5.55925
5.60775
5.60174
5.56174
5.50969
5.47322
5.50391
5.6181
5.74974
5.84498
5.9161
5.97238
6.01623
6.04205
6.04972
6.04087
6.01962
5.99431
5.98384
6.02849
6.19936
6.58462
85.2529
85.2335
85.5423
85.0803
83.6014
81.2287
78.0411
74.1569
69.6825
64.7955
59.6761
54.561
49.6268
44.9921
40.6375
36.4617
32.3361
28.2378
24.2306
20.4499
17.1079
14.4591
12.6927
11.8907
12.0132
12.8981
14.2528
15.6942
16.8607
17.5547
17.7603
17.5214
16.9128
16.0464
15.0628
14.0557
13.0117
11.8371
10.4585
8.87175
7.14286
5.35644
3.58614
1.87547
0.25241
-1.26892
-2.67243
-3.95026
-5.09187
-6.09604
-6.96028
-7.69009
-8.28786
-8.76238
-9.12149
-9.37546
-9.53421
-9.60823
-9.60724
-9.54073
-9.41465
-9.23609
-9.01109
-8.74713
-8.44744
-8.1222
-7.76524
-7.442
-7.15159
-6.83705
-6.47955
-6.12764
-5.64651
-5.33411
-4.58319
-4.60134
-3.08995
-4.39785
-0.914493
-5.64415
86.2873
85.2245
83.7444
81.7008
79.2387
76.4871
73.5998
70.6717
67.6463
64.547
61.349
58.1051
54.8442
51.604
48.3908
45.2247
42.1139
39.0822
36.1347
33.291
30.5521
27.9346
25.4361
23.0701
20.8309
18.7293
16.7575
14.9246
13.2222
11.658
10.2231
8.92378
7.7497
6.70521
5.77834
4.97116
4.27053
3.67664
3.17517
2.76481
2.43074
2.17062
1.96996
1.82609
1.72548
1.66575
1.6349
1.63105
1.64383
1.67233
1.70724
1.74759
1.7873
1.82584
1.86006
1.89007
1.91499
1.93547
1.95218
1.96546
1.97516
1.98086
1.97969
1.9697
1.94988
1.92563
1.90362
1.89281
1.889
1.90047
1.93524
1.99276
2.07467
2.23185
2.31209
2.73209
2.22585
3.65168
1.19885
6.70576
54.5115
53.0493
51.1097
48.766
46.3729
44.0388
41.8182
39.7146
37.8105
36.1431
34.7828
33.6811
32.8113
32.0726
31.4449
30.8557
30.2963
29.7315
29.187
28.6655
28.1972
27.781
27.4932
27.439
27.7187
28.3564
29.3402
30.4411
31.3003
31.5914
31.1731
30.0903
28.5013
26.5706
24.4343
22.2166
20.0012
17.7924
15.5408
13.2197
10.8613
8.53944
6.31688
4.23191
2.29525
0.512791
-1.11517
-2.58381
-3.89312
-5.0427
-6.03792
-6.88108
-7.58102
-8.14496
-8.58393
-8.9079
-9.12802
-9.25519
-9.30025
-9.27215
-9.17941
-9.02917
-8.82855
-8.58571
-8.3038
-7.99559
-7.65259
-7.34381
-7.06659
-6.76729
-6.42428
-6.09233
-5.62344
-5.3308
-4.59209
-4.61609
-3.12312
-4.366
-0.98861
-5.55717
55.0986
54.6238
53.7834
52.7774
51.8631
51.0117
50.1632
49.2307
48.1596
46.9282
45.5566
44.0684
42.4919
40.8194
39.062
37.2138
35.2968
33.3101
31.2795
29.2077
27.1233
25.0318
22.9632
20.9251
18.9454
17.0288
15.1996
13.4598
11.8289
10.3053
8.90401
7.61943
6.46133
5.42063
4.50311
3.69735
3.00585
2.41538
1.92597
1.52343
1.20601
0.959294
0.780795
0.656748
0.584498
0.551604
0.555735
0.585876
0.640582
0.709522
0.7911
0.877341
0.967315
1.05512
1.14078
1.22047
1.29417
1.361
1.42144
1.47603
1.52631
1.57192
1.61058
1.63996
1.65705
1.66516
1.66855
1.67016
1.67103
1.6825
1.71348
1.76532
1.84461
2.0119
2.11717
2.57237
2.12371
3.50162
1.20673
6.48369
37.0367
36.0978
34.9528
33.768
32.7181
31.7157
30.6011
29.3503
27.9765
26.5692
25.172
23.8557
22.6308
21.5591
20.6664
20.0207
19.6325
19.5577
19.8118
20.4414
21.417
22.6898
24.1269
25.6264
27.1232
28.6849
30.4301
32.3623
34.2777
35.9739
37.1368
37.3901
36.5183
34.6193
31.9637
28.8655
25.5804
22.2879
19.0686
15.9512
12.9623
10.15
7.55605
5.19553
3.06155
1.13799
-0.587887
-2.12575
-3.48315
-4.66927
-5.68987
-6.55515
-7.27309
-7.85537
-8.31182
-8.65364
-8.89085
-9.03424
-9.09378
-9.07926
-8.99797
-8.85854
-8.6682
-8.43492
-8.16223
-7.86084
-7.52757
-7.22728
-6.9569
-6.66771
-6.33524
-6.01414
-5.55916
-5.27729
-4.56969
-4.58173
-3.15574
-4.28537
-1.0833
-5.39675
37.2771
36.6729
35.4756
33.992
32.436
30.919
29.4602
28.0581
26.6904
25.3762
24.1201
22.9481
21.836
20.7821
19.7617
18.7814
17.8203
16.8832
15.9482
15.0215
14.0833
13.1423
12.1835
11.2205
10.2445
9.27284
8.30171
7.35131
6.42054
5.52959
4.6778
3.88294
3.1428
2.47161
1.86498
1.33305
0.868881
0.479065
0.154537
-0.101417
-0.299178
-0.437774
-0.528062
-0.570318
-0.575092
-0.543138
-0.484236
-0.39869
-0.296164
-0.177429
-0.0507909
0.0832917
0.217652
0.352608
0.482309
0.606875
0.722993
0.830979
0.930103
1.02173
1.1068
1.1869
1.26105
1.32662
1.37982
1.42225
1.45556
1.47666
1.48967
1.50792
1.53798
1.58432
1.65501
1.81896
1.93726
2.40203
2.02807
3.33297
1.21718
6.25609
16.9548
17.8561
18.4915
18.8764
19.5515
20.5965
21.7399
22.6486
23.1358
23.1529
22.7837
22.1173
21.2501
20.2156
19.0649
17.8292
16.5982
15.4555
14.5311
13.9289
13.7652
14.0876
14.9125
16.1649
17.7482
19.5541
21.569
23.8141
26.2031
28.577
30.7237
32.2894
32.9391
32.4952
31.0394
28.7899
26.0038
22.8948
19.64
16.3716
13.2022
10.2196
7.48593
5.02194
2.8212
0.86231
-0.87314
-2.40186
-3.73746
-4.89081
-5.87508
-6.70141
-7.38339
-7.93263
-8.36132
-8.67915
-8.89645
-9.02296
-9.0683
-9.04079
-8.94867
-8.80024
-8.60276
-8.364
-8.08656
-7.78198
-7.44424
-7.14274
-6.87126
-6.58085
-6.24696
-5.92852
-5.47866
-5.2029
-4.51793
-4.53343
-3.15332
-4.22856
-1.11483
-5.30819
15.9174
15.0607
14.4159
13.9085
13.4202
12.8693
12.232
11.5151
10.7548
9.97051
9.17872
8.37347
7.56158
6.742
5.93468
5.14464
4.39249
3.67959
3.0232
2.41951
1.87997
1.39414
0.967495
0.584803
0.249118
-0.0560474
-0.328355
-0.582526
-0.814058
-1.03464
-1.23736
-1.43047
-1.60451
-1.76541
-1.90296
-2.02186
-2.11248
-2.17954
-2.21522
-2.22518
-2.20367
-2.15735
-2.08254
-1.98624
-1.8662
-1.72958
-1.57437
-1.40834
-1.23
-1.04679
-0.857535
-0.669205
-0.480515
-0.298039
-0.120569
0.0471257
0.206133
0.353662
0.490621
0.616628
0.734753
0.846274
0.951516
1.04953
1.13637
1.21265
1.27812
1.32462
1.35723
1.39023
1.42765
1.47106
1.5306
1.67897
1.79548
2.26027
1.9316
3.21689
1.1745
6.11739
2.79396
5.4414
7.55311
8.84951
9.84695
10.9513
12.2152
13.4353
14.3445
14.7973
14.8071
14.4996
13.997
13.3816
12.6681
11.8714
11.0088
10.1475
9.36248
8.75702
8.41008
8.39426
8.73438
9.42989
10.4241
11.6676
13.1366
14.8708
16.8777
19.0748
21.185
22.795
23.5537
23.3915
22.5016
21.1558
19.4974
17.5559
15.3358
12.902
10.3679
7.86846
5.50423
3.33214
1.36602
-0.396393
-1.96536
-3.34859
-4.55351
-5.58936
-6.46619
-7.19666
-7.79325
-8.26849
-8.63239
-8.89482
-9.06487
-9.15109
-9.16175
-9.10443
-8.98634
-8.81578
-8.59963
-8.3448
-8.0539
-7.7358
-7.38733
-7.0762
-6.79514
-6.49674
-6.15495
-5.82965
-5.37643
-5.10179
-4.4308
-4.45968
-3.1149
-4.17264
-1.11102
-5.25511
0.107469
-2.1644
-4.03781
-5.56866
-6.82591
-7.86059
-8.69355
-9.3354
-9.79548
-10.0948
-10.2597
-10.3176
-10.2951
-10.2123
-10.09
-9.9411
-9.78157
-9.6159
-9.45317
-9.28986
-9.12994
-8.96492
-8.7971
-8.61695
-8.42731
-8.22003
-8.00115
-7.76459
-7.51855
-7.25915
-6.99607
-6.72558
-6.45652
-6.18492
-5.91814
-5.65069
-5.38842
-5.12507
-4.8654
-4.60304
-4.34221
-4.07759
-3.81323
-3.54485
-3.27671
-3.00487
-2.73496
-2.46312
-2.19556
-1.92887
-1.66904
-1.41336
-1.16789
-0.930208
-0.705195
-0.490184
-0.289272
-0.100535
0.073579
0.235923
0.386209
0.5279
0.662884
0.790765
0.908732
1.01734
1.11517
1.19047
1.24831
1.30412
1.35714
1.40674
1.45942
1.59079
1.69194
2.14732
1.84299
3.12732
1.12236
5.99683
-3.02951
-0.539189
1.55691
2.97379
3.85907
4.49568
5.10925
5.72561
6.22744
6.49555
6.50671
6.30887
5.96899
5.52303
4.98798
4.37332
3.71346
3.05393
2.46054
1.98923
1.6979
1.62107
1.78916
2.20396
2.85995
3.73232
4.8135
6.09561
7.56985
9.16161
10.6835
11.8055
12.1981
11.7524
10.7325
9.58502
8.59668
7.7341
6.80495
5.66148
4.29846
2.80428
1.28747
-0.179179
-1.55757
-2.83318
-3.99686
-5.04168
-5.96236
-6.75802
-7.43172
-7.98996
-8.44114
-8.79284
-9.05261
-9.22781
-9.32507
-9.35129
-9.31158
-9.21206
-9.05867
-8.85836
-8.61691
-8.34039
-8.02997
-7.69499
-7.32876
-7.00325
-6.70987
-6.39841
-6.04244
-5.70586
-5.24345
-4.96379
-4.30178
-4.34268
-3.04058
-4.08633
-1.09524
-5.18555
-5.55985
-7.86583
-9.94845
-11.8208
-13.4908
-14.9634
-16.2418
-17.3255
-18.2188
-18.9261
-19.4557
-19.8157
-20.0158
-20.0675
-19.9835
-19.7796
-19.4712
-19.0765
-18.6106
-18.0918
-17.532
-16.9468
-16.3436
-15.7342
-15.1209
-14.5119
-13.9057
-13.3078
-12.7146
-12.131
-11.553
-10.9855
-10.4246
-9.87601
-9.33609
-8.81023
-8.29504
-7.79543
-7.30762
-6.8355
-6.37523
-5.93
-5.49606
-5.07618
-4.66617
-4.27034
-3.8837
-3.51193
-3.15009
-2.80348
-2.46794
-2.14892
-1.84282
-1.55405
-1.27865
-1.02066
-0.776467
-0.549407
-0.336122
-0.139678
0.0440591
0.216494
0.379989
0.536026
0.68273
0.821234
0.949866
1.0542
1.13953
1.22291
1.30071
1.36534
1.4202
1.53683
1.62199
2.05847
1.77242
3.0418
1.09226
5.85887
-10.1142
-8.69019
-7.41056
-6.41172
-5.76495
-5.37334
-5.075
-4.78775
-4.52979
-4.32146
-4.15949
-4.02769
-3.9351
-3.89803
-3.92674
-3.99889
-4.07525
-4.10715
-4.06545
-3.9344
-3.72065
-3.43098
-3.07787
-2.66398
-2.19644
-1.67528
-1.10699
-0.495668
0.134545
0.739065
1.21473
1.39469
1.07727
0.178195
-1.11699
-2.36329
-3.16408
-3.44711
-3.45001
-3.46635
-3.66087
-4.04322
-4.55194
-5.12433
-5.72135
-6.31963
-6.90165
-7.44945
-7.94865
-8.38806
-8.76228
-9.0695
-9.31027
-9.48604
-9.5996
-9.65398
-9.65295
-9.59839
-9.49376
-9.34176
-9.14553
-8.90983
-8.63869
-8.33627
-8.0032
-7.64597
-7.25991
-6.91674
-6.60672
-6.27932
-5.90694
-5.55395
-5.07841
-4.78809
-4.13208
-4.17894
-2.92848
-3.96206
-1.06406
-5.0954
-11.5362
-12.8878
-14.1457
-15.3149
-16.3915
-17.3731
-18.2592
-19.0475
-19.739
-20.3322
-20.8289
-21.2277
-21.5297
-21.7339
-21.8422
-21.8547
-21.775
-21.6049
-21.3505
-21.0159
-20.6098
-20.1383
-19.6117
-19.0373
-18.426
-17.7845
-17.1226
-16.4452
-15.7605
-15.0709
-14.3829
-13.697
-13.0182
-12.3459
-11.6846
-11.0331
-10.3956
-9.77077
-9.16231
-8.56873
-7.99286
-7.43314
-6.89191
-6.36638
-5.86052
-5.36947
-4.89955
-4.44545
-4.01277
-3.5969
-3.20308
-2.82714
-2.47329
-2.13705
-1.82185
-1.52314
-1.2439
-0.979278
-0.733503
-0.5022
-0.287164
-0.0852129
0.106193
0.288588
0.461008
0.625878
0.781414
0.912157
1.02368
1.13596
1.24161
1.32968
1.39603
1.5071
1.57658
1.98722
1.71629
2.95399
1.07235
5.71032
-15.4749
-14.8792
-14.2741
-13.7127
-13.3417
-13.1681
-13.0864
-13.0112
-12.8938
-12.6979
-12.4069
-12.0536
-11.6994
-11.3969
-11.1532
-10.9378
-10.6992
-10.3982
-10.0161
-9.56601
-9.07722
-8.59189
-8.14505
-7.76717
-7.47346
-7.27446
-7.17024
-7.16442
-7.26088
-7.47725
-7.84188
-8.41264
-9.25837
-10.4106
-11.7435
-12.9331
-13.6002
-13.588
-13.0549
-12.3198
-11.6386
-11.1168
-10.7523
-10.5092
-10.3568
-10.2754
-10.2469
-10.2545
-10.2805
-10.3109
-10.3346
-10.3439
-10.3328
-10.2972
-10.2346
-10.1443
-10.0244
-9.8749
-9.69442
-9.48197
-9.23744
-8.96274
-8.65889
-8.32815
-7.96896
-7.58794
-7.1777
-6.81397
-6.48625
-6.1402
-5.74823
-5.3778
-4.88753
-4.58307
-3.92919
-3.97743
-2.78041
-3.8078
-1.00894
-4.99462
-16.0532
-16.6257
-17.1722
-17.6951
-18.1892
-18.6507
-19.0759
-19.4617
-19.8054
-20.1048
-20.3585
-20.5646
-20.7227
-20.8314
-20.8907
-20.8994
-20.8579
-20.765
-20.6212
-20.426
-20.1801
-19.8838
-19.5388
-19.1467
-18.7105
-18.2334
-17.7191
-17.1723
-16.597
-15.9986
-15.3813
-14.7499
-14.1078
-13.4598
-12.8084
-12.158
-11.5103
-10.8692
-10.236
-9.61364
-9.00289
-8.40624
-7.82279
-7.25684
-6.70401
-6.17187
-5.65544
-5.1612
-4.68492
-4.2323
-3.79933
-3.39073
-3.00226
-2.63718
-2.29096
-1.96625
-1.65718
-1.36732
-1.09155
-0.833611
-0.590426
-0.361584
-0.144635
0.0613029
0.256224
0.442924
0.620363
0.77251
0.906332
1.04374
1.17784
1.29165
1.37667
1.48818
1.5501
1.93286
1.67474
2.87201
1.05425
5.57388
-18.8318
-18.7206
-18.5377
-18.2955
-18.1594
-18.1794
-18.271
-18.3284
-18.259
-18.0195
-17.6376
-17.2077
-16.8206
-16.518
-16.2799
-16.0587
-15.8074
-15.501
-15.1383
-14.7403
-14.3411
-13.9803
-13.6964
-13.5204
-13.4754
-13.5736
-13.8206
-14.2151
-14.7552
-15.4349
-16.2461
-17.1785
-18.2235
-19.3578
-20.4912
-21.4081
-21.8237
-21.564
-20.7073
-19.521
-18.2803
-17.1455
-16.1622
-15.3177
-14.5917
-13.9668
-13.4309
-12.9704
-12.5723
-12.2234
-11.9132
-11.6317
-11.3701
-11.1211
-10.8793
-10.6393
-10.3977
-10.1497
-9.89048
-9.61545
-9.32171
-9.00721
-8.67022
-8.3099
-7.92386
-7.51586
-7.08059
-6.69488
-6.34676
-5.98103
-5.57032
-5.18156
-4.67738
-4.35795
-3.70508
-3.75003
-2.60509
-3.63079
-0.933293
-4.89012
-18.9382
-19.0604
-19.183
-19.3089
-19.4333
-19.5552
-19.6688
-19.7736
-19.8632
-19.9375
-19.9903
-20.0218
-20.0266
-20.0057
-19.9546
-19.8749
-19.7632
-19.622
-19.4484
-19.2452
-19.0104
-18.7464
-18.4517
-18.1283
-17.7753
-17.3945
-16.9855
-16.5503
-16.0891
-15.6043
-15.0972
-14.5703
-14.0258
-13.4664
-12.8948
-12.3141
-11.7273
-11.1375
-10.5474
-9.95969
-9.37702
-8.80024
-8.23419
-7.67512
-7.13174
-6.59946
-6.0855
-5.58599
-5.10715
-4.64541
-4.20619
-3.78622
-3.38894
-3.01057
-2.65392
-2.31348
-1.99196
-1.68357
-1.39184
-1.1132
-0.849428
-0.5982
-0.360046
-0.133428
0.080191
0.284548
0.478208
0.646698
0.79687
0.954311
1.11103
1.24975
1.35569
1.47554
1.53421
1.88993
1.64239
2.79468
1.03251
5.44128
-21.2928
-21.449
-21.5121
-21.4712
-21.4893
-21.614
-21.7611
-21.8061
-21.6669
-21.3483
-20.952
-20.6011
-20.3629
-20.2207
-20.1175
-19.9988
-19.84
-19.6404
-19.4184
-19.1977
-19.008
-18.8767
-18.8312
-18.8932
-19.0801
-19.4015
-19.8623
-20.4609
-21.1929
-22.0452
-22.9941
-24.001
-25.018
-25.9895
-26.835
-27.4125
-27.5282
-27.0405
-25.9812
-24.5534
-23.0069
-21.5193
-20.1617
-18.943
-17.8472
-16.8614
-15.9752
-15.1806
-14.4678
-13.8289
-13.255
-12.7376
-12.2678
-11.8385
-11.442
-11.0727
-10.7237
-10.3878
-10.0569
-9.72505
-9.38556
-9.03396
-8.66486
-8.27591
-7.86178
-7.42729
-6.96528
-6.55631
-6.18857
-5.80347
-5.37392
-4.96966
-4.45441
-4.12195
-3.46973
-3.50934
-2.41302
-3.43994
-0.842672
-4.78011
-21.1234
-20.966
-20.8125
-20.6641
-20.5232
-20.3868
-20.2567
-20.1293
-20.0058
-19.8816
-19.7573
-19.6277
-19.4931
-19.348
-19.1926
-19.0219
-18.8365
-18.6317
-18.409
-18.165
-17.9017
-17.6165
-17.3122
-16.9869
-16.6436
-16.2808
-15.9013
-15.5039
-15.0911
-14.662
-14.2187
-13.7607
-13.29
-12.8064
-12.3122
-11.8079
-11.296
-10.7775
-10.2551
-9.73068
-9.20574
-8.68473
-8.1647
-7.65472
-7.15046
-6.65937
-6.17754
-5.7111
-5.25664
-4.81977
-4.39816
-3.99526
-3.60831
-3.24049
-2.88744
-2.55175
-2.2279
-1.91849
-1.61915
-1.33183
-1.05402
-0.788173
-0.532598
-0.290144
-0.0609877
0.156982
0.363019
0.542555
0.704122
0.874059
1.04771
1.20537
1.33132
1.46001
1.52291
1.85456
1.61797
2.72255
1.0133
5.31597
-21.9556
-22.2538
-22.4612
-22.5608
-22.6866
-22.866
-23.0041
-22.9975
-22.818
-22.5478
-22.3248
-22.2411
-22.2832
-22.3738
-22.4401
-22.4558
-22.429
-22.386
-22.3501
-22.3427
-22.3793
-22.4756
-22.6438
-22.8968
-23.2427
-23.6891
-24.2386
-24.893
-25.6485
-26.4937
-27.4008
-28.325
-29.2043
-29.97
-30.5454
-30.8308
-30.6996
-30.0531
-28.9047
-27.4024
-25.7533
-24.1226
-22.5969
-21.1947
-19.9097
-18.7298
-17.6484
-16.6591
-15.7576
-14.9387
-14.1961
-13.5233
-12.9136
-12.36
-11.8561
-11.3947
-10.9673
-10.5647
-10.1788
-9.80078
-9.42306
-9.03795
-8.63944
-8.22161
-7.78042
-7.31775
-6.82956
-6.39824
-6.01105
-5.60758
-5.16297
-4.74524
-4.22301
-3.88091
-3.2325
-3.2646
-2.21455
-3.24018
-0.744605
-4.66557
-21.639
-21.333
-21.0329
-20.7406
-20.4556
-20.1784
-19.9081
-19.6457
-19.3896
-19.1408
-18.8972
-18.6594
-18.4247
-18.193
-17.961
-17.7284
-17.4912
-17.2489
-16.9977
-16.7373
-16.4645
-16.1797
-15.88
-15.567
-15.2386
-14.897
-14.5408
-14.1724
-13.7914
-13.4
-12.998
-12.5874
-12.168
-11.7416
-11.3081
-10.8691
-10.4245
-9.976
-9.52399
-9.06987
-8.61632
-8.16113
-7.71242
-7.26606
-6.82887
-6.39674
-5.9752
-5.56082
-5.15871
-4.76683
-4.38809
-4.02033
-3.66666
-3.32405
-2.99516
-2.67565
-2.36767
-2.06662
-1.77339
-1.48474
-1.2035
-0.928198
-0.663097
-0.408193
-0.167833
0.06166
0.276865
0.464491
0.632889
0.810149
0.992339
1.16291
1.30372
1.44242
1.51052
1.82022
1.59519
2.64931
0.992882
5.18545
-21.4588
-21.8757
-22.1925
-22.3772
-22.537
-22.6929
-22.7752
-22.7335
-22.6028
-22.5029
-22.5473
-22.7487
-23.015
-23.245
-23.3968
-23.4922
-23.5716
-23.6695
-23.8013
-23.9739
-24.1874
-24.4446
-24.7474
-25.1008
-25.5081
-25.9752
-26.5058
-27.106
-27.7761
-28.5094
-29.2808
-30.0486
-30.7515
-31.3215
-31.6868
-31.7733
-31.4974
-30.7956
-29.6755
-28.2429
-26.6565
-25.0605
-23.5362
-22.1123
-20.7871
-19.5549
-18.411
-17.3539
-16.3817
-15.4908
-14.6775
-13.9368
-13.2637
-12.6525
-12.097
-11.5886
-11.1182
-10.6768
-10.2551
-9.8442
-9.435
-9.02058
-8.59221
-8.14616
-7.67551
-7.18543
-6.67031
-6.21788
-5.81333
-5.39519
-4.93719
-4.51052
-3.98625
-3.63939
-2.99822
-3.02359
-2.01715
-3.03975
-0.641863
-4.54572
-21.0241
-20.5977
-20.1806
-19.7731
-19.375
-18.9872
-18.6089
-18.2412
-17.8831
-17.5361
-17.1989
-16.8732
-16.5574
-16.2528
-15.9571
-15.6712
-15.3922
-15.12
-14.8513
-14.5857
-14.3193
-14.0519
-13.7797
-13.5028
-13.218
-12.9259
-12.624
-12.3138
-11.9934
-11.6651
-11.3275
-10.9834
-10.6321
-10.2761
-9.91492
-9.55081
-9.1834
-8.81423
-8.44307
-8.07153
-7.69871
-7.32948
-6.9613
-6.59887
-6.23831
-5.88448
-5.53432
-5.19224
-4.8561
-4.52786
-4.20544
-3.89114
-3.58281
-3.28278
-2.98796
-2.70063
-2.41681
-2.13655
-1.85584
-1.57675
-1.29777
-1.02331
-0.752675
-0.492199
-0.242342
-0.00449172
0.218747
0.412495
0.585482
0.765136
0.951665
1.12768
1.27837
1.42148
1.49662
1.78548
1.57343
2.57479
0.974016
5.05919
-20.0068
-20.4852
-20.8523
-21.0613
-21.202
-21.3073
-21.3572
-21.3576
-21.3793
-21.5231
-21.8356
-22.2441
-22.6157
-22.8702
-23.0282
-23.1567
-23.3147
-23.5247
-23.7861
-24.0854
-24.4127
-24.759
-25.1222
-25.5002
-25.8957
-26.3111
-26.7543
-27.2325
-27.7536
-28.3142
-28.8989
-29.4725
-29.9858
-30.378
-30.5891
-30.5599
-30.2356
-29.5746
-28.5839
-27.3347
-25.9441
-24.5222
-23.1413
-21.8294
-20.5932
-19.4312
-18.3443
-17.3327
-16.3961
-15.5328
-14.7398
-14.014
-13.3509
-12.7458
-12.1907
-11.6777
-11.1976
-10.7418
-10.3006
-9.86559
-9.42934
-8.98403
-8.5247
-8.04568
-7.54452
-7.02357
-6.48314
-6.01098
-5.593
-5.1618
-4.69718
-4.26552
-3.74495
-3.39882
-2.77096
-2.79085
-1.82734
-2.84162
-0.54018
-4.42338
-19.5028
-19.005
-18.5204
-18.0462
-17.5833
-17.1309
-16.6894
-16.2579
-15.8369
-15.4258
-15.0256
-14.6357
-14.2578
-13.8915
-13.5384
-13.1978
-12.8712
-12.5572
-12.2567
-11.9678
-11.6906
-11.4223
-11.1629
-10.9091
-10.6607
-10.4144
-10.1701
-9.92481
-9.67898
-9.43013
-9.17924
-8.92442
-8.66723
-8.40617
-8.14319
-7.87706
-7.61004
-7.34114
-7.07251
-6.80335
-6.53489
-6.26572
-5.99699
-5.727
-5.45936
-5.19253
-4.92989
-4.66915
-4.41165
-4.15527
-3.90124
-3.64775
-3.39626
-3.14443
-2.89473
-2.64441
-2.39324
-2.13711
-1.8772
-1.6121
-1.34513
-1.07507
-0.807757
-0.54364
-0.289967
-0.0446465
0.184472
0.38394
0.559986
0.741507
0.927278
1.10519
1.25919
1.40448
1.48271
1.75008
1.55045
2.49592
0.951796
4.92612
-17.0079
-17.4878
-17.8544
-18.0672
-18.2152
-18.3554
-18.5038
-18.6913
-18.9738
-19.398
-19.9343
-20.4605
-20.8446
-21.0637
-21.2015
-21.3632
-21.6026
-21.9233
-22.2991
-22.7045
-23.1186
-23.5313
-23.9347
-24.326
-24.7014
-25.0632
-25.4153
-25.7684
-26.1301
-26.5051
-26.884
-27.2474
-27.5601
-27.7806
-27.8619
-27.763
-27.4451
-26.8841
-26.082
-25.0862
-23.973
-22.8229
-21.6892
-20.5995
-19.5608
-18.5775
-17.6502
-16.782
-15.9721
-15.2199
-14.5233
-13.8793
-13.284
-12.7311
-12.2143
-11.7247
-11.2555
-10.7968
-10.3413
-9.88242
-9.414
-8.93255
-8.43348
-7.91661
-7.37761
-6.82565
-6.25793
-5.77113
-5.34063
-4.90542
-4.4376
-4.00845
-3.49831
-3.16023
-2.55193
-2.57029
-1.64935
-2.65288
-0.441825
-4.29716
-16.4947
-15.9879
-15.502
-15.032
-14.5783
-14.1403
-13.7168
-13.3067
-12.9088
-12.522
-12.145
-11.7775
-11.4185
-11.0684
-10.7266
-10.3944
-10.0716
-9.75972
-9.45875
-9.17032
-8.89397
-8.63118
-8.38077
-8.14386
-7.91863
-7.70577
-7.50275
-7.31015
-7.12511
-6.94814
-6.7762
-6.61012
-6.44703
-6.28791
-6.1301
-5.97487
-5.81985
-5.66661
-5.51302
-5.36051
-5.20663
-5.05221
-4.89507
-4.73625
-4.5739
-4.40983
-4.24175
-4.07145
-3.89682
-3.7185
-3.53478
-3.34624
-3.15105
-2.95142
-2.74606
-2.53478
-2.3145
-2.08563
-1.8476
-1.60243
-1.34874
-1.09091
-0.828171
-0.568119
-0.311806
-0.0642313
0.170624
0.373192
0.553749
0.73416
0.920632
1.09639
1.25118
1.39246
1.47256
1.71671
1.5286
2.41476
0.929751
4.7941
-15.0707
-15.5428
-15.884
-16.0721
-16.2153
-16.397
-16.6525
-17.0018
-17.4537
-17.9855
-18.5152
-18.915
-19.1004
-19.1187
-19.1144
-19.21
-19.4429
-19.7843
-20.186
-20.6092
-21.0335
-21.4487
-21.8499
-22.2306
-22.5851
-22.9082
-23.2003
-23.4649
-23.7088
-23.9339
-24.1386
-24.3119
-24.4386
-24.494
-24.4548
-24.2947
-23.9956
-23.5415
-22.9367
-22.2048
-21.3951
-20.5546
-19.7225
-18.9151
-18.1419
-17.403
-16.7021
-16.0377
-15.4112
-14.8195
-14.2615
-13.733
-13.2296
-12.7463
-12.276
-11.814
-11.3511
-10.8821
-10.401
-9.90485
-9.3911
-8.85908
-8.3101
-7.74325
-7.16347
-6.5748
-5.9851
-5.48304
-5.05086
-4.61419
-4.15457
-3.73513
-3.24487
-2.92279
-2.34321
-2.36437
-1.48859
-2.47458
-0.353015
-4.16819
-14.5405
-14.0028
-13.4783
-12.963
-12.4604
-11.971
-11.4949
-11.0325
-10.5842
-10.1502
-9.73084
-9.32601
-8.93579
-8.56002
-8.19872
-7.85181
-7.5195
-7.20178
-6.89927
-6.61213
-6.34116
-6.08644
-5.84892
-5.6284
-5.42558
-5.23975
-5.07128
-4.91896
-4.78282
-4.661
-4.55333
-4.45765
-4.37378
-4.29911
-4.23348
-4.17412
-4.12107
-4.07137
-4.0252
-3.97942
-3.93432
-3.88662
-3.83699
-3.78216
-3.72284
-3.65573
-3.58153
-3.49692
-3.4025
-3.29579
-3.17722
-3.04522
-2.90144
-2.74568
-2.57809
-2.39754
-2.20397
-1.99842
-1.78191
-1.55394
-1.3172
-1.07054
-0.819158
-0.563837
-0.312766
-0.063216
0.169831
0.378027
0.557983
0.741555
0.925037
1.09975
1.25205
1.38922
1.46762
1.68717
1.50928
2.3316
0.906589
4.65072
-12.5819
-13.0482
-13.4175
-13.6801
-13.938
-14.267
-14.689
-15.1913
-15.7349
-16.2545
-16.6596
-16.8643
-16.8535
-16.7377
-16.6913
-16.8282
-17.1459
-17.5766
-18.0455
-18.5096
-18.9516
-19.3722
-19.7716
-20.1496
-20.4989
-20.8139
-21.088
-21.3214
-21.5122
-21.6606
-21.7608
-21.8094
-21.7986
-21.7241
-21.5778
-21.3581
-21.0597
-20.6847
-20.234
-19.7242
-19.1759
-18.6176
-18.0652
-17.5309
-17.0141
-16.5171
-16.0358
-15.5714
-15.1188
-14.6776
-14.2421
-13.8094
-13.3748
-12.9337
-12.4828
-12.0157
-11.5293
-11.019
-10.4848
-9.92576
-9.34442
-8.74527
-8.12958
-7.50742
-6.87858
-6.258
-5.64406
-5.14022
-4.70803
-4.28406
-3.8396
-3.44278
-2.98188
-2.68666
-2.14537
-2.1756
-1.34883
-2.31295
-0.276652
-4.03298
-12.0714
-11.5541
-11.0491
-10.5529
-10.069
-9.59896
-9.14383
-8.70502
-8.28327
-7.87925
-7.49321
-7.12512
-6.7745
-6.44126
-6.12445
-5.82391
-5.53836
-5.26792
-5.01141
-4.76948
-4.54099
-4.32718
-4.12713
-3.94265
-3.7727
-3.61932
-3.48125
-3.36057
-3.25549
-3.16784
-3.09521
-3.03924
-2.99699
-2.96962
-2.95353
-2.94969
-2.95405
-2.96731
-2.98495
-3.00758
-3.03056
-3.05437
-3.07431
-3.09083
-3.09916
-3.09966
-3.08786
-3.06406
-3.02456
-2.96903
-2.89484
-2.80258
-2.69191
-2.56361
-2.41843
-2.25639
-2.0802
-1.89044
-1.68854
-1.47569
-1.25164
-1.01922
-0.777984
-0.535169
-0.288513
-0.0475321
0.186489
0.389402
0.573015
0.752739
0.936861
1.10829
1.25952
1.38998
1.46769
1.66191
1.49531
2.24801
0.889424
4.502
-11.6096
-12.0488
-12.419
-12.7163
-13.0283
-13.4057
-13.8453
-14.3047
-14.7277
-15.0481
-15.2105
-15.1849
-15.0158
-14.8368
-14.8198
-15.046
-15.4738
-15.9938
-16.5186
-17.0029
-17.4459
-17.8566
-18.2485
-18.6219
-18.9754
-19.2994
-19.5899
-19.8401
-20.0483
-20.2055
-20.3049
-20.3357
-20.2952
-20.1809
-20.0007
-19.7623
-19.4812
-19.1664
-18.8303
-18.4784
-18.1226
-17.7679
-17.4217
-17.0808
-16.7457
-16.4096
-16.0723
-15.7271
-15.3735
-15.0044
-14.6186
-14.21
-13.7766
-13.3151
-12.8228
-12.2985
-11.74
-11.1496
-10.5279
-9.88023
-9.21334
-8.53156
-7.84743
-7.165
-6.49597
-5.84441
-5.22401
-4.72267
-4.30741
-3.90233
-3.49064
-3.12558
-2.70949
-2.45062
-1.96112
-2.00508
-1.23645
-2.16573
-0.220835
-3.889
-11.1382
-10.6592
-10.187
-9.72024
-9.26338
-8.81701
-8.38311
-7.96247
-7.55699
-7.16656
-6.79346
-6.43686
-6.09906
-5.7785
-5.47732
-5.19322
-4.92815
-4.67917
-4.44808
-4.2316
-4.03155
-3.84461
-3.67287
-3.5132
-3.36801
-3.23445
-3.11533
-3.00788
-2.91518
-2.83434
-2.76846
-2.71442
-2.67529
-2.6474
-2.63343
-2.62918
-2.63699
-2.65206
-2.67625
-2.70423
-2.73745
-2.77023
-2.80356
-2.83141
-2.85454
-2.86724
-2.87023
-2.85846
-2.8325
-2.7881
-2.72541
-2.64201
-2.53858
-2.41561
-2.27396
-2.1168
-1.94515
-1.76221
-1.5683
-1.3647
-1.15275
-0.93136
-0.706147
-0.473066
-0.242019
-0.00759529
0.212511
0.413175
0.588916
0.767373
0.946065
1.11627
1.26374
1.39165
1.4683
1.63944
1.4877
2.16374
0.883159
4.33513
-11.082
-11.4348
-11.7592
-12.0523
-12.3703
-12.7341
-13.1091
-13.4415
-13.6767
-13.7828
-13.7517
-13.6134
-13.4365
-13.3443
-13.4624
-13.8384
-14.3899
-14.9882
-15.5351
-16.0061
-16.413
-16.7863
-17.1397
-17.4805
-17.8011
-18.0987
-18.3658
-18.6028
-18.8053
-18.9735
-19.0993
-19.1802
-19.2096
-19.1925
-19.1328
-19.0461
-18.9422
-18.8332
-18.7165
-18.5897
-18.4416
-18.2699
-18.0681
-17.8383
-17.5774
-17.2886
-16.9693
-16.6214
-16.2407
-15.8272
-15.3769
-14.8892
-14.3624
-13.7966
-13.1919
-12.5495
-11.872
-11.163
-10.428
-9.67641
-8.91457
-8.15598
-7.40676
-6.68055
-5.98006
-5.32094
-4.70636
-4.22938
-3.8376
-3.47188
-3.10125
-2.78617
-2.42567
-2.21624
-1.79147
-1.85288
-1.15514
-2.03579
-0.192228
-3.73082
-10.7299
-10.38
-10.0341
-9.68938
-9.34646
-9.00471
-8.66354
-8.32484
-7.98806
-7.65623
-7.32887
-7.00982
-6.69845
-6.39893
-6.11021
-5.83638
-5.5758
-5.33223
-5.10318
-4.89184
-4.69489
-4.51512
-4.34854
-4.19766
-4.05818
-3.93271
-3.8167
-3.71299
-3.61717
-3.53245
-3.45439
-3.38661
-3.32485
-3.2729
-3.22642
-3.18908
-3.15651
-3.13201
-3.1109
-3.09578
-3.08169
-3.07044
-3.0568
-3.04171
-3.01991
-2.99215
-2.95382
-2.90551
-2.84355
-2.76795
-2.6761
-2.56782
-2.44221
-2.30052
-2.14448
-1.97626
-1.79867
-1.61339
-1.42061
-1.22295
-1.018
-0.810994
-0.596933
-0.383287
-0.1659
0.0484182
0.255089
0.439517
0.607963
0.775407
0.950255
1.11358
1.26144
1.38459
1.46567
1.61385
1.48697
2.07563
0.896529
4.15451
-10.3333
-10.6672
-11.0069
-11.337
-11.684
-12.05
-12.3962
-12.6765
-12.8554
-12.9304
-12.9255
-12.8945
-12.8982
-13.0063
-13.2715
-13.708
-14.2467
-14.7784
-15.2136
-15.5428
-15.7974
-16.0285
-16.2588
-16.4994
-16.7379
-16.9692
-17.1826
-17.3811
-17.5631
-17.7368
-17.9
-18.0556
-18.1959
-18.3235
-18.4351
-18.5401
-18.6391
-18.7373
-18.823
-18.8854
-18.9032
-18.8664
-18.7631
-18.5944
-18.3581
-18.0611
-17.7042
-17.2932
-16.8282
-16.3124
-15.7464
-15.1334
-14.4756
-13.7764
-13.0406
-12.2711
-11.475
-10.658
-9.83078
-9.00158
-8.1824
-7.38214
-6.61167
-5.87913
-5.19332
-4.5634
-3.99714
-3.56635
-3.23022
-2.91937
-2.62191
-2.37036
-2.09676
-1.94417
-1.61691
-1.69232
-1.10042
-1.90336
-0.199858
-3.55369
-10.0286
-9.74404
-9.47676
-9.22427
-8.98488
-8.75556
-8.5343
-8.31956
-8.10934
-7.9033
-7.69958
-7.49902
-7.30007
-7.10462
-6.91116
-6.72253
-6.53718
-6.35856
-6.18473
-6.01938
-5.85994
-5.71026
-5.56697
-5.43385
-5.30667
-5.18898
-5.07575
-4.97053
-4.86778
-4.77118
-4.67481
-4.58269
-4.48893
-4.39807
-4.30442
-4.21301
-4.11825
-4.02553
-3.92949
-3.8354
-3.73761
-3.64088
-3.53958
-3.43764
-3.32964
-3.21901
-3.10121
-2.97881
-2.8484
-2.71124
-2.56539
-2.41101
-2.24826
-2.07719
-1.90075
-1.71871
-1.53517
-1.3484
-1.16196
-0.973391
-0.785947
-0.597298
-0.409678
-0.221823
-0.0349636
0.150287
0.326212
0.488872
0.636096
0.790688
0.948358
1.10428
1.24311
1.36426
1.44945
1.57298
1.48975
1.9627
0.937191
3.93049
-12.5121
-12.885
-13.2541
-13.5928
-13.9087
-14.2019
-14.4469
-14.6202
-14.7055
-14.7175
-14.6884
-14.6741
-14.722
-14.8707
-15.122
-15.4537
-15.7998
-16.084
-16.2397
-16.2731
-16.2338
-16.1967
-16.1992
-16.2562
-16.3474
-16.4576
-16.5665
-16.673
-16.7735
-16.8781
-16.9865
-17.1039
-17.2202
-17.332
-17.4275
-17.5078
-17.5684
-17.6157
-17.6435
-17.6489
-17.6159
-17.5362
-17.3969
-17.1964
-16.9297
-16.6013
-16.2109
-15.7633
-15.2586
-14.7017
-14.0945
-13.4422
-12.7495
-12.0223
-11.2669
-10.4893
-9.69849
-8.90188
-8.11101
-7.33412
-6.58224
-5.8621
-5.18342
-4.5529
-3.97748
-3.46501
-3.0144
-2.69297
-2.44865
-2.2407
-2.04066
-1.89328
-1.71783
-1.65968
-1.42603
-1.55889
-1.03919
-1.83332
-0.181389
-3.46504
-12.1759
-11.8545
-11.5402
-11.235
-10.9383
-10.651
-10.3716
-10.1015
-9.83866
-9.58491
-9.33713
-9.09767
-8.86293
-8.63556
-8.41174
-8.19468
-7.98027
-7.77238
-7.56699
-7.36836
-7.17247
-6.98394
-6.7985
-6.62107
-6.44673
-6.28019
-6.11613
-5.95909
-5.80319
-5.65264
-5.5009
-5.35214
-5.19963
-5.04774
-4.89015
-4.73153
-4.56585
-4.39859
-4.22454
-4.04939
-3.868
-3.68605
-3.49898
-3.31217
-3.12159
-2.93199
-2.74042
-2.55081
-2.36076
-2.17282
-1.98561
-1.80024
-1.61698
-1.43598
-1.25971
-1.08723
-0.921664
-0.760271
-0.605998
-0.455455
-0.311274
-0.17027
-0.0340256
0.100026
0.232735
0.362948
0.487329
0.60644
0.724984
0.845684
0.980006
1.10954
1.23461
1.3406
1.42662
1.52862
1.46897
1.88085
0.906996
3.82656
-15.9135
-16.1642
-16.3587
-16.4678
-16.5085
-16.5043
-16.4639
-16.396
-16.3038
-16.2005
-16.1008
-16.0311
-16.0098
-16.0493
-16.1352
-16.2378
-16.3051
-16.2879
-16.1467
-15.892
-15.5754
-15.2768
-15.0454
-14.8978
-14.8087
-14.7485
-14.6858
-14.6102
-14.5162
-14.4136
-14.3092
-14.2167
-14.1385
-14.077
-14.023
-13.973
-13.9186
-13.8609
-13.7948
-13.7194
-13.624
-13.5024
-13.343
-13.1423
-12.8939
-12.5991
-12.2559
-11.867
-11.4323
-10.9546
-10.4358
-9.88105
-9.29572
-8.68543
-8.05828
-7.42011
-6.78106
-6.14797
-5.53197
-4.93838
-4.37669
-3.8503
-3.3676
-2.93151
-2.54824
-2.21853
-1.94585
-1.76704
-1.64909
-1.55679
-1.47875
-1.43621
-1.3742
-1.40893
-1.2716
-1.46421
-1.00984
-1.80234
-0.177303
-3.39692
-15.6505
-15.3711
-15.0682
-14.7473
-14.4099
-14.0602
-13.6996
-13.3319
-12.9576
-12.5801
-12.1994
-11.8184
-11.436
-11.0552
-10.6744
-10.2964
-9.91917
-9.54607
-9.17453
-8.80856
-8.44539
-8.08922
-7.73719
-7.39427
-7.05722
-6.73134
-6.41313
-6.10769
-5.81119
-5.52829
-5.25415
-4.99291
-4.73927
-4.49663
-4.25936
-4.03051
-3.8044
-3.58427
-3.36493
-3.14954
-2.93365
-2.72056
-2.50671
-2.29568
-2.0848
-1.87788
-1.67357
-1.47516
-1.28238
-1.09701
-0.91968
-0.750456
-0.591423
-0.441058
-0.302907
-0.173853
-0.0578578
0.0497925
0.145399
0.234165
0.312819
0.386341
0.452468
0.516578
0.579119
0.641382
0.698793
0.771831
0.84599
0.931983
1.02611
1.12783
1.22418
1.31656
1.39189
1.47904
1.43559
1.805
0.86547
3.72788
-9.55184
-9.74073
-9.88518
-9.9521
-9.94697
-9.89086
-9.80777
-9.72659
-9.66762
-9.64699
-9.66697
-9.72863
-9.8233
-9.94212
-10.063
-10.1617
-10.2062
-10.1746
-10.0542
-9.86117
-9.63477
-9.43923
-9.32245
-9.30088
-9.34604
-9.41528
-9.46309
-9.46492
-9.4101
-9.30532
-9.16038
-8.9923
-8.81429
-8.63804
-8.46498
-8.29444
-8.12191
-7.94831
-7.77439
-7.60365
-7.43486
-7.26617
-7.09203
-6.90908
-6.71298
-6.50215
-6.27455
-6.02933
-5.76474
-5.48048
-5.17721
-4.85592
-4.52028
-4.17285
-3.82003
-3.46532
-3.11731
-2.77944
-2.46042
-2.16175
-1.8903
-1.64629
-1.43582
-1.25927
-1.12051
-1.01769
-0.951349
-0.935702
-0.943131
-0.975306
-1.00399
-1.06918
-1.10161
-1.22281
-1.16378
-1.40653
-1.00828
-1.79144
-0.190715
-3.30709
-9.38404
-9.22055
-9.05847
-8.89836
-8.73718
-8.5767
-8.41406
-8.25112
-8.08454
-7.91667
-7.74422
-7.56946
-7.38915
-7.20561
-7.01569
-6.82136
-6.61972
-6.41285
-6.19794
-5.97708
-5.74778
-5.51207
-5.26815
-5.01849
-4.76197
-4.50152
-4.23653
-3.97032
-3.703
-3.43784
-3.17488
-2.91736
-2.66507
-2.42057
-2.18326
-1.9548
-1.73419
-1.52268
-1.3188
-1.12332
-0.934908
-0.754153
-0.579798
-0.412571
-0.251909
-0.0987517
0.0464783
0.183142
0.31001
0.427211
0.532676
0.628092
0.710493
0.78285
0.841131
0.889733
0.924262
0.95054
0.964223
0.971462
0.968549
0.961294
0.947631
0.933608
0.921068
0.910229
0.906517
0.924252
0.960534
1.00075
1.05941
1.12179
1.19533
1.26318
1.33304
1.40089
1.37754
1.70285
0.815161
3.57771
-3.78131
-3.91831
-4.01157
-4.04158
-4.01361
-3.94045
-3.84252
-3.74435
-3.66989
-3.63355
-3.63767
-3.67387
-3.72831
-3.78425
-3.82393
-3.82928
-3.78559
-3.68497
-3.53088
-3.33898
-3.13848
-2.96719
-2.86344
-2.84578
-2.90302
-2.99769
-3.08831
-3.14283
-3.14773
-3.10224
-3.0147
-2.89386
-2.75027
-2.59232
-2.42601
-2.25057
-2.06362
-1.86279
-1.65203
-1.43718
-1.22633
-1.0237
-0.832775
-0.653264
-0.486718
-0.332826
-0.193628
-0.0683238
0.0412605
0.138186
0.22099
0.29299
0.351741
0.401
0.436452
0.46211
0.4726
0.471576
0.453499
0.423384
0.376386
0.317236
0.240815
0.151015
0.0442714
-0.0734604
-0.202782
-0.328464
-0.448703
-0.57418
-0.693997
-0.830638
-0.936609
-1.10625
-1.10575
-1.37195
-1.02053
-1.77526
-0.202285
-3.18851
-3.63755
-3.48652
-3.3302
-3.17059
-3.0088
-2.84731
-2.68674
-2.52902
-2.37438
-2.22428
-2.07853
-1.9382
-1.80294
-1.67336
-1.54879
-1.42927
-1.31415
-1.20292
-1.0948
-0.988586
-0.883438
-0.777664
-0.670699
-0.56047
-0.446876
-0.327876
-0.204317
-0.0744107
0.0599823
0.200205
0.343359
0.490279
0.637389
0.785449
0.930396
1.07318
1.2097
1.34118
1.46387
1.5793
1.68403
1.77997
1.86429
1.93912
2.00196
2.05484
2.09545
2.12563
2.14275
2.14926
2.14212
2.12531
2.09499
2.05667
2.0053
1.9479
1.87873
1.80579
1.72305
1.63863
1.547
1.45606
1.362
1.27332
1.18973
1.11764
1.05353
1.02914
1.02299
1.02874
1.04508
1.08013
1.12106
1.17305
1.22727
1.28404
1.2731
1.56368
0.732717
3.37882
1.46255
1.43039
1.42822
1.46226
1.52047
1.59238
1.66563
1.72998
1.77044
1.7821
1.76401
1.7295
1.68916
1.66001
1.65027
1.67363
1.73315
1.83454
1.96797
2.1246
2.28103
2.41952
2.5141
2.55585
2.53968
2.48783
2.422
2.37269
2.34824
2.35547
2.38324
2.4284
2.48045
2.54003
2.60056
2.66678
2.73823
2.82442
2.92356
3.03705
3.15438
3.27282
3.38373
3.48795
3.57966
3.65927
3.71987
3.76064
3.77449
3.76126
3.71568
3.6398
3.52996
3.39097
3.22066
3.02631
2.80581
2.56864
2.31306
2.04921
1.7751
1.49973
1.22018
0.943564
0.668229
0.401521
0.145293
-0.0693696
-0.250268
-0.427202
-0.582022
-0.752294
-0.874528
-1.06206
-1.07553
-1.34648
-1.01086
-1.73497
-0.18369
-3.02616
1.52694
1.60334
1.68934
1.78504
1.8899
2.00332
2.12358
2.25064
2.38202
2.51801
2.65528
2.79454
2.93192
3.06859
3.20008
3.32808
3.44784
3.56164
3.66468
3.76017
3.84348
3.91872
3.9815
4.03702
4.08109
4.11983
4.14909
4.17552
4.19477
4.21376
4.2276
4.24291
4.25406
4.26724
4.27617
4.28635
4.29086
4.29478
4.29103
4.28402
4.26674
4.24348
4.20793
4.16443
4.1075
4.04145
3.96154
3.87211
3.76863
3.65612
3.53053
3.39794
3.25378
3.1056
2.94791
2.78917
2.62293
2.45832
2.28851
2.12273
1.95468
1.79308
1.63354
1.48473
1.34646
1.22469
1.11697
1.05526
1.02407
0.994302
0.98678
0.987485
1.00796
1.03493
1.08198
1.11851
1.1272
1.37647
0.607547
3.13348
10.8788
10.9313
10.9581
10.9526
10.9006
10.8026
10.6616
10.4923
10.2966
10.0862
9.86315
9.64352
9.43123
9.23847
9.06156
8.9067
8.76699
8.64651
8.53508
8.432
8.32237
8.20267
8.05875
7.89211
7.69617
7.48381
7.26139
7.05134
6.85917
6.69686
6.5554
6.43448
6.3195
6.21001
6.09605
5.98199
5.86154
5.74344
5.62512
5.51565
5.4083
5.30746
5.20471
5.10666
5.00787
4.91537
4.82199
4.73101
4.63178
4.525
4.39991
4.25714
4.08761
3.8947
3.67118
3.42482
3.15082
2.86047
2.54995
2.2324
1.90455
1.57879
1.25174
0.933896
0.622744
0.328699
0.0513689
-0.167485
-0.343993
-0.502319
-0.64347
-0.779461
-0.884101
-1.03454
-1.04026
-1.27407
-0.950455
-1.62124
-0.111064
-2.77769
10.84
10.7927
10.7327
10.6657
10.5899
10.5116
10.4276
10.3448
10.2585
10.1758
10.0911
10.0114
9.93019
9.85441
9.7769
9.70411
9.62819
9.55515
9.47679
9.39896
9.31324
9.22517
9.12648
9.02335
8.90789
8.78647
8.6521
8.51176
8.35931
8.2024
8.03546
7.86639
7.69002
7.51416
7.33357
7.15555
6.97461
6.79745
6.61783
6.44156
6.26199
6.08445
5.90197
5.71985
5.53127
5.34161
5.14436
4.94497
4.73746
4.52774
4.3097
4.09089
3.86479
3.64066
3.41049
3.1851
2.95533
2.7331
2.50907
2.29511
2.08247
1.88201
1.68649
1.50673
1.3393
1.19264
1.06074
0.985435
0.934612
0.892335
0.858433
0.843571
0.837905
0.854705
0.882166
0.9113
0.920108
1.14271
0.423501
2.80294
11.8484
11.8207
11.7997
11.7778
11.7372
11.6667
11.5676
11.4486
11.3164
11.1782
11.0378
10.9049
10.7837
10.68
10.5882
10.5058
10.4218
10.3329
10.2294
10.1103
9.96718
9.80133
9.60733
9.39205
9.15584
8.91217
8.66531
8.43063
8.2092
8.00987
7.8248
7.65479
7.48606
7.31512
7.12809
6.92451
6.69582
6.44683
6.1761
5.89465
5.6018
5.30393
4.99717
4.68962
4.38239
4.08664
3.8042
3.54294
3.29999
3.0779
2.869
2.6749
2.48523
2.30327
2.11706
1.93283
1.73826
1.54291
1.33597
1.12803
0.910741
0.694384
0.473509
0.257518
0.0441006
-0.158628
-0.348903
-0.494493
-0.601755
-0.699475
-0.763263
-0.842561
-0.875967
-0.97593
-0.930542
-1.12711
-0.789178
-1.41266
0.0293341
-2.39854
11.8907
11.9309
11.9624
11.9886
12.0051
12.0156
12.0162
12.0109
11.9958
11.9754
11.9458
11.9116
11.8689
11.8223
11.768
11.7104
11.645
11.5761
11.4989
11.4175
11.3262
11.2285
11.1187
11.0003
10.867
10.7223
10.5601
10.3846
10.1901
9.98158
9.75436
9.51414
9.25722
8.99022
8.71003
8.42376
8.12889
7.83268
7.53232
7.23442
6.93592
6.64287
6.35135
6.06681
5.78487
5.5105
5.23887
4.97442
4.71203
4.45624
4.20142
3.95326
3.7053
3.46492
3.22368
2.9913
2.75806
2.53529
2.31284
2.10268
1.8952
1.70093
1.51187
1.33795
1.17594
1.0323
0.903684
0.828249
0.776187
0.720928
0.684219
0.649871
0.640069
0.638133
0.663003
0.668822
0.687477
0.87188
0.202219
2.35703
8.33397
8.34379
8.34729
8.33915
8.30489
8.23497
8.13297
8.01106
7.88209
7.75281
7.62849
7.51263
7.4112
7.32568
7.25604
7.19592
7.13923
7.07702
7.00371
6.91319
6.80297
6.67093
6.51809
6.34663
6.16134
5.96854
5.77587
5.59142
5.42122
5.26894
5.13487
5.01998
4.92526
4.85163
4.79556
4.75085
4.7096
4.66193
4.59043
4.47333
4.29581
4.05828
3.77397
3.45887
3.12596
2.78406
2.44026
2.10119
1.77303
1.46387
1.17716
0.92063
0.691795
0.497404
0.327456
0.189187
0.0677132
-0.0288511
-0.118352
-0.191478
-0.266408
-0.331839
-0.403218
-0.467776
-0.537746
-0.599424
-0.663838
-0.700728
-0.727893
-0.729047
-0.72703
-0.721648
-0.700032
-0.733827
-0.658971
-0.800053
-0.492198
-1.01441
0.193157
-1.67449
8.32511
8.31437
8.30185
8.28759
8.27205
8.25498
8.23673
8.21678
8.19558
8.17273
8.14867
8.12294
8.09618
8.06804
8.03942
8.00972
7.98003
7.94951
7.91943
7.88836
7.85731
7.82431
7.79011
7.752
7.71023
7.66139
7.60537
7.53851
7.46055
7.36799
7.2607
7.13608
6.99449
6.83466
6.65746
6.46334
6.25396
6.03137
5.79724
5.55486
5.30585
5.05421
4.80055
4.54946
4.30051
4.05842
3.82098
3.5932
3.37124
3.16066
2.95497
2.76163
2.57047
2.39211
2.21318
2.04735
1.87817
1.72222
1.56252
1.41649
1.26737
1.13144
0.993494
0.868982
0.747382
0.641994
0.541525
0.489535
0.446044
0.413408
0.377656
0.35988
0.345465
0.345777
0.354948
0.348716
0.344427
0.497162
-0.0988353
1.5953
4.56025
4.45663
4.3456
4.22862
4.11087
3.98888
3.86891
3.75659
3.66683
3.60026
3.56106
3.54057
3.54064
3.55227
3.5773
3.60459
3.63487
3.65654
3.67222
3.67249
3.66367
3.63916
3.60893
3.5683
3.52964
3.48946
3.4624
3.44713
3.46145
3.5028
3.58017
3.67107
3.7585
3.80108
3.7778
3.66193
3.45267
3.15209
2.79105
2.40858
2.04838
1.73233
1.45755
1.21102
0.97267
0.741108
0.507256
0.285016
0.0649966
-0.135035
-0.32876
-0.493573
-0.647325
-0.76213
-0.861164
-0.915932
-0.95694
-0.95733
-0.951408
-0.915919
-0.88283
-0.832926
-0.790376
-0.740464
-0.698155
-0.653906
-0.615863
-0.580261
-0.542852
-0.507379
-0.460138
-0.427258
-0.379318
-0.377636
-0.301924
-0.377406
-0.172555
-0.473844
0.2117
-0.723611
4.64097
4.71125
4.77458
4.82851
4.87701
4.91642
4.951
4.97639
4.99733
5.00897
5.0163
5.01433
5.0084
4.99351
4.97516
4.94852
4.91938
4.88315
4.84569
4.80255
4.75989
4.71312
4.66821
4.62043
4.57543
4.52785
4.48269
4.43399
4.38596
4.33218
4.27592
4.21078
4.1395
4.05638
3.96359
3.85717
3.73932
3.60835
3.46583
3.31324
3.15149
2.98492
2.8124
2.64149
2.4685
2.30354
2.13928
1.98811
1.83894
1.70611
1.57493
1.46163
1.34639
1.24914
1.14586
1.06001
0.964371
0.88534
0.795846
0.722164
0.640383
0.572369
0.499334
0.437143
0.37482
0.321699
0.272236
0.252362
0.237956
0.212693
0.193174
0.172943
0.158244
0.151066
0.155705
0.15215
0.153513
0.231175
-0.0791655
0.692689
)
;

boundaryField
{
    inlet
    {
        type            freestreamPressure;
        freestreamValue uniform 0;
        value           nonuniform List<scalar> 
134
(
2.39472
2.03115
1.59821
1.15319
0.755444
0.400865
0.129508
-0.0463311
-0.126308
-0.105753
-0.0142355
-0.0185356
-0.0417085
-0.0758558
-0.121218
-0.177375
-0.243989
-0.320451
-0.406874
-0.504068
2.70367
-0.614379
-0.738417
-0.871902
-1.00076
-1.10385
-1.17071
-1.26887
-1.30456
-1.36204
-1.66151
-1.56197
-1.6052
-1.67306
-1.73163
-1.78012
-1.83339
-1.91492
-2.05876
-2.22271
2.95043
3.14972
3.22662
3.12821
2.79701
2.14944
1.09765
-2.48824
-2.45046
-2.38025
-2.34176
-2.31895
-2.28887
-2.24969
-2.20581
-2.16027
-2.11227
-2.06225
-2.00984
-1.9563
-1.90099
-1.84442
-1.78504
-1.72171
-1.65204
-1.57388
-1.53486
-1.50488
-1.46521
-1.41274
-1.34082
-1.23067
-1.06254
-0.741645
-0.320365
0.379683
0.812972
1.26533
1.68267
2.06744
2.42129
2.70861
2.9184
3.05574
3.13204
3.15896
3.15519
3.13226
3.10254
3.08158
3.09841
3.16226
3.23594
3.28915
3.3288
3.36011
3.38445
3.39866
3.40267
3.3974
3.38516
3.37064
3.36447
3.3893
3.48511
3.7016
3.76953
3.64463
3.51661
3.43856
3.37071
3.29308
3.2095
3.13273
3.05814
2.98764
2.91424
2.84324
2.76842
2.69421
2.61362
2.53006
2.43631
2.33484
2.20901
2.15071
2.09538
2.01114
1.89953
1.76183
1.57624
1.32575
0.897502
0.389842
)
;
    }
    outlet
    {
        type            freestreamPressure;
        freestreamValue uniform 0;
        value           nonuniform List<scalar> 
160
(
0.00918223
0.00943412
0.00886012
0.00966095
0.00852519
0.00987462
0.00818645
0.0100673
0.00785464
0.0102486
0.00754111
0.0104096
0.00727509
0.0105599
0.00706679
0.0106898
0.00693434
0.0108085
0.00686598
0.0109066
0.00686384
0.0109937
0.0069043
0.0110598
0.00698719
0.0111157
0.00708602
0.0111509
0.00719861
0.0111772
0.00729584
0.011184
0.00737741
0.0111839
0.00741843
0.0111669
0.00742829
0.011146
0.00739108
0.0111118
0.00732693
0.0110777
0.00722776
0.0110344
0.00712021
0.0109957
0.00699903
0.0109517
0.0068923
0.0109159
0.00679155
0.010877
0.00672238
0.0108473
0.00667334
0.0108135
0.00667271
0.0107864
0.00671028
0.0107506
0.00680548
0.010714
0.00692089
0.0106604
0.00703487
0.0105956
0.0070788
0.0105039
0.00701861
0.0103885
0.00680051
0.0102369
0.00640737
0.0100519
0.00582509
0.009826
0.00510564
0.00956045
0.00433712
0.00925637
0.00362154
0.00891408
0.00301208
0.00854371
0.00250511
0.00814112
0.00207111
0.00772752
0.00166403
0.00729259
0.00127059
0.00686687
0.000866548
0.00642993
0.000473479
0.00602079
7.40195e-05
0.0056076
-0.000297238
0.00523622
-0.000665436
0.00486292
-0.000987512
0.00453971
-0.00129991
0.00420571
-0.0015478
0.00392481
-0.0017783
0.00362127
-0.00192945
0.00337056
-0.00206315
0.00308513
-0.0021148
0.00285065
-0.00215713
0.00257862
-0.00213063
0.00235544
-0.00210761
0.00210209
-0.00203771
0.00189149
-0.00197962
0.00166079
-0.00189465
0.00146345
-0.0018214
0.00126232
-0.00173526
0.00108991
-0.0016589
0.000927115
-0.00158011
0.000862199
-0.00149336
0.000816347
-0.00140886
0.000732265
-0.00129124
0.000668304
-0.00120783
0.000601515
-0.00108576
0.000553897
-0.00108278
0.000532556
-0.000886267
0.000553269
-0.00109306
0.000546401
-0.000528738
0.000556284
-0.00135609
0.00084406
0.000708418
-0.000301111
-0.00188174
0.00247429
)
;
    }
    walls
    {
        type            zeroGradient;
    }
    frontAndBack
    {
        type            empty;
    }
}


// ************************************************************************* //
