/*--------------------------------*- C++ -*----------------------------------*\
| =========                 |                                                 |
| \\      /  F ield         | OpenFOAM: The Open Source CFD Toolbox           |
|  \\    /   O peration     | Version:  2412                                  |
|   \\  /    A nd           | Website:  www.openfoam.com                      |
|    \\/     M anipulation  |                                                 |
\*---------------------------------------------------------------------------*/
FoamFile
{
    version     2.0;
    format      ascii;
    arch        "LSB;label=32;scalar=64";
    class       volScalarField;
    location    "350";
    object      p;
}
// * * * * * * * * * * * * * * * * * * * * * * * * * * * * * * * * * * * * * //

dimensions      [0 2 -2 0 0 0 0];

internalField   nonuniform List<scalar> 
10720
(
164.75
119.601
66.1656
12.1238
-39.1985
-91.0383
-136.848
-174.524
-205.211
-225.918
-237.242
-240.13
-234.331
-218.887
-194.202
-164.644
-142.466
-141.938
-154.762
-160.52
-158.487
-155.891
-151.206
-146.887
-146.968
-155.485
-169.222
-176.858
-171.299
-159.519
-153.572
-154.959
-153.231
-136.975
-114.169
-96.4866
-108.85
-90.5548
-161.866
207.891
246.546
285.2
319.004
343.319
354.471
355.927
348.326
330.138
305.595
278.937
252.676
227.735
204.735
183.989
164.663
146.572
129.13
112.002
94.5774
76.7961
58.2758
39.1051
19.728
2.30792
-11.9906
-24.4268
-35.3087
-44.5167
-52.1803
-58.6479
-64.1335
-68.8994
-73.239
-77.557
-82.3904
-88.2964
-96.71
-111.945
205.229
171.319
132.735
91.2658
48.5027
4.96718
-36.7705
-74.8909
-108.398
-135.993
-157.068
-170.459
-174.801
-170.081
-157.306
-140.595
-130.79
-139.464
-155.077
-159.089
-157.938
-155.633
-151.036
-146.62
-146.389
-154.726
-168.699
-176.765
-171.366
-159.425
-153.298
-154.679
-153.191
-137.217
-114.575
-96.7788
-108.934
-90.4321
-165.363
235.252
263.256
290.323
314.866
333.598
344.119
346.278
339.876
325.563
305.871
283.355
259.897
236.594
214.202
193.156
173.244
154.339
136.111
118.259
100.341
82.2083
63.5884
44.5438
25.5303
8.23826
-6.27912
-18.8883
-30.118
-40.0135
-48.476
-55.6367
-61.6768
-66.8806
-71.5632
-76.1378
-81.1451
-87.137
-95.5784
-109.832
206.708
176.535
142.027
103.829
64.0047
23.1764
-17.1587
-54.9769
-88.864
-117.673
-139.835
-154.41
-161.454
-161.152
-154.478
-144.006
-135.629
-138.449
-150.19
-156.535
-157.042
-154.917
-150.678
-146.337
-145.864
-153.921
-168.118
-176.782
-171.672
-159.501
-153.073
-154.422
-153.261
-137.648
-115.238
-97.154
-109.062
-90.2407
-168.338
233.43
258.507
282.503
303.863
320.005
329.713
332.561
328.154
316.989
300.547
280.673
259.084
236.991
215.241
194.382
174.506
155.529
137.235
119.352
101.516
83.5203
65.1595
46.4682
27.8478
10.6195
-4.19662
-17.0869
-28.5019
-38.4722
-46.9355
-54.0919
-60.1831
-65.4947
-70.3151
-75.021
-80.1267
-86.1593
-94.5321
-107.665
208.671
183.357
154.151
121.907
88.0264
52.7083
17.345
-16.6143
-48.0001
-75.6588
-98.4631
-115.64
-127.151
-132.94
-133.605
-131.157
-129.235
-132.653
-141.456
-149.193
-153.431
-153.688
-149.745
-145.753
-145.418
-153.304
-167.615
-176.869
-172.109
-159.648
-152.829
-154.168
-153.463
-138.259
-116.038
-97.5129
-109.113
-89.9708
-170.502
231.062
251.998
272.285
290.65
304.803
313.876
317.279
314.508
305.926
292.547
275.74
256.888
237.021
216.921
197.147
177.923
159.271
141.1
123.224
105.384
87.3971
69.123
50.5979
32.1888
14.9712
-0.101536
-13.2748
-24.9701
-35.2631
-44.1199
-51.7063
-58.215
-63.8864
-68.9938
-73.9056
-79.1355
-85.1948
-93.455
-105.507
204.471
182.141
156.262
127.559
97.3314
65.4571
33.1055
1.52757
-28.368
-55.5215
-78.9055
-97.7787
-111.521
-120.015
-123.539
-123.741
-123.714
-127.259
-134.7
-141.552
-146.423
-149.569
-148.136
-144.757
-144.837
-152.898
-167.353
-177.091
-172.621
-159.793
-152.506
-153.878
-153.771
-139.062
-116.968
-97.812
-109.008
-89.6566
-172.058
224.25
242.638
260.535
276.813
289.5
298.053
301.852
300.361
293.848
282.992
268.796
252.355
234.515
215.981
197.306
178.795
160.573
142.649
124.926
107.23
89.4098
71.3649
53.1336
35.0412
17.9576
2.74249
-10.6614
-22.5992
-33.144
-42.2529
-50.0572
-56.7417
-62.5508
-67.7695
-72.7643
-78.041
-84.0783
-92.1949
-103.21
198.917
179.213
156.302
130.915
104.212
75.8679
46.9235
18.3898
-9.04576
-34.4547
-56.9869
-75.9526
-90.8538
-101.655
-108.618
-112.773
-116.096
-121.169
-128.669
-135.459
-139.831
-143.195
-144.68
-143.472
-144.161
-152.604
-167.367
-177.534
-173.227
-159.89
-152.048
-153.517
-154.188
-140.078
-118.007
-98.0013
-108.69
-89.3959
-173.114
216.405
232.623
248.543
263.141
274.667
282.773
286.827
286.292
281.386
272.588
260.657
246.464
230.684
213.908
196.638
179.191
161.742
144.363
127.029
109.64
92.0909
74.321
56.3801
38.5675
21.6099
6.28025
-7.33824
-19.5014
-30.283
-39.6471
-47.711
-54.6557
-60.7175
-66.1705
-71.3617
-76.7767
-82.8591
-90.8552
-100.93
192.125
174.456
153.871
131.058
107.119
81.5769
55.3468
29.2913
3.90056
-20.0284
-41.7879
-60.8021
-76.5888
-88.916
-97.8811
-104.197
-109.354
-115.21
-122.582
-129.655
-134.458
-137.496
-139.825
-141.399
-143.681
-152.511
-167.635
-178.188
-173.883
-159.89
-151.43
-153.072
-154.69
-141.299
-119.136
-98.0324
-108.132
-89.2458
-173.56
207.832
222.365
236.724
249.971
260.558
268.261
272.46
272.639
268.981
261.841
251.807
239.577
225.679
210.589
194.742
178.431
161.848
145.117
128.266
111.261
94.0481
76.6045
58.9931
41.4894
24.7061
9.33597
-4.44109
-16.7946
-27.7915
-37.3997
-45.7147
-52.9032
-59.1858
-64.8259
-70.1563
-75.6484
-81.7133
-89.5173
-98.6649
184.904
168.94
150.322
129.708
108.142
85.0637
61.2926
37.5684
14.2398
-8.0268
-28.6424
-47.1391
-63.067
-76.2439
-86.7422
-94.9754
-101.925
-108.827
-116.372
-123.71
-129.376
-132.978
-135.304
-138.384
-143.143
-152.81
-168.077
-178.915
-174.549
-159.758
-150.604
-152.509
-155.279
-142.732
-120.296
-97.8294
-107.312
-89.215
-173.31
199.122
212.259
225.323
237.445
247.25
254.58
258.835
259.544
256.853
251.042
242.584
232.051
219.853
206.37
191.96
176.87
161.292
145.365
129.155
112.672
95.9084
78.8725
61.6423
44.4732
27.9005
12.5461
-1.34479
-13.86
-25.0502
-34.8838
-43.4358
-50.8583
-57.3595
-63.1938
-68.6803
-74.2728
-80.3443
-87.9726
-96.269
177.5
162.959
145.986
127.211
107.632
86.6405
64.9709
43.2718
21.7746
1.0455
-18.438
-36.3047
-52.1699
-65.8155
-77.2607
-86.7087
-94.8463
-102.559
-110.383
-117.891
-124.231
-128.842
-131.741
-135.2
-141.941
-153.266
-168.722
-179.519
-174.993
-159.408
-149.556
-151.842
-155.911
-144.357
-121.463
-97.3477
-106.226
-89.2514
-172.245
190.478
202.457
214.435
225.608
234.74
241.719
245.972
247.07
245.127
240.382
233.226
224.137
213.44
201.429
188.394
174.53
160.006
144.962
129.478
113.6
97.3546
80.7806
63.9678
47.1593
30.8309
15.5449
1.58735
-11.0567
-22.4159
-32.4571
-41.2358
-48.8885
-55.608
-61.6375
-67.2785
-72.9643
-79.0292
-86.4474
-93.95
170.127
156.794
141.23
124.032
106.155
86.9663
67.1359
47.2373
27.416
8.15408
-10.1649
-27.2515
-42.7742
-56.5315
-68.5265
-78.8474
-87.9238
-96.3597
-104.568
-112.32
-119.094
-124.628
-128.597
-132.466
-139.916
-152.949
-169.142
-179.792
-175.016
-158.746
-148.229
-151.046
-156.587
-146.168
-122.57
-96.5449
-104.836
-89.3044
-170.501
182.047
193.04
204.094
214.449
222.991
229.636
233.848
235.224
233.862
229.972
223.889
216.021
206.633
195.952
184.207
171.544
158.1
143.998
129.323
114.137
98.4907
82.4458
66.1031
49.694
33.6516
18.4906
4.5198
-8.21379
-19.712
-29.9369
-38.9255
-46.7958
-53.7254
-59.943
-65.7339
-71.5084
-77.5619
-84.7629
-91.5184
162.887
150.594
136.242
120.402
103.989
86.3592
68.1293
49.8097
31.4889
13.5752
-3.62455
-19.8913
-34.9435
-48.6041
-60.8429
-71.6906
-81.3928
-90.3656
-98.9227
-106.965
-114.105
-120.291
-125.381
-130.069
-137.53
-151.144
-168.392
-179.273
-174.282
-157.593
-146.622
-150.145
-157.267
-148.117
-123.616
-95.4187
-103.098
-89.2919
-168.131
173.895
184.041
194.292
203.938
211.953
218.281
222.42
223.992
223.081
219.879
214.678
207.842
199.586
190.088
179.53
168.012
155.634
142.498
128.679
114.244
99.2576
83.7963
67.9661
51.9891
36.2696
21.283
7.34832
-5.43674
-17.0451
-27.4309
-36.6133
-44.6911
-51.8247
-58.2282
-64.1681
-70.0302
-76.0705
-83.0413
-89.1197
155.841
144.454
131.161
116.502
101.361
85.0913
68.2646
51.3438
34.3683
17.6921
1.56001
-13.8667
-28.353
-41.7496
-54.0063
-65.1326
-75.2461
-84.6193
-93.475
-101.794
-109.302
-115.965
-121.935
-127.599
-135.114
-148.021
-165.536
-177.218
-172.546
-155.821
-144.708
-149.097
-157.953
-150.162
-124.55
-93.9414
-100.95
-89.1539
-165.314
166.058
175.467
185.015
194.031
201.572
207.6
211.643
213.347
212.785
210.137
205.665
199.696
192.414
183.96
174.48
164.034
152.688
140.518
127.582
113.942
99.6684
84.8419
69.5686
54.0626
38.7065
23.9449
10.0988
-2.69493
-14.379
-24.8979
-34.2529
-42.5229
-49.8499
-56.4316
-62.5151
-68.4588
-74.4794
-81.2131
-86.6613
149.026
138.435
126.071
112.449
98.4203
83.3443
67.7536
52.0709
36.3006
20.7494
5.6172
-8.98362
-22.8573
-35.8833
-47.9997
-59.2072
-69.5434
-79.1794
-88.2652
-96.8139
-104.66
-111.745
-118.323
-124.828
-132.598
-144.333
-160.682
-172.988
-169.431
-153.347
-142.545
-147.972
-158.589
-152.222
-125.391
-92.1254
-98.3463
-88.8078
-162.104
158.545
167.309
176.232
184.685
191.795
197.538
201.47
203.256
202.963
200.762
196.891
191.652
185.206
177.67
169.156
159.698
149.333
138.108
126.063
113.245
99.7196
85.5666
70.8885
55.89
40.9352
26.4447
12.7367
-0.0228038
-11.7484
-22.372
-31.8777
-40.3241
-47.8338
-54.5868
-60.8094
-66.8311
-72.8297
-79.3217
-84.2049
142.459
132.571
121.031
108.326
95.2785
81.257
66.759
52.1779
37.4876
22.9598
8.75771
-5.04446
-18.2849
-30.8688
-42.7332
-53.8751
-64.2878
-74.0689
-83.3131
-92.0388
-100.16
-107.627
-114.651
-121.73
-129.792
-140.535
-154.817
-166.764
-164.874
-150.312
-140.214
-146.778
-159.141
-154.219
-126.064
-89.951
-95.2359
-88.2004
-158.658
151.357
159.547
167.913
175.857
182.574
188.046
191.856
193.685
193.597
191.758
188.385
183.761
178.032
171.296
163.644
155.089
145.641
135.327
124.161
112.175
99.4208
85.9722
71.9235
57.4668
42.9505
28.7762
15.2555
2.57475
-9.15501
-19.8519
-29.483
-38.0865
-45.7651
-52.6792
-59.0338
-65.1268
-71.0985
-77.3481
-81.7176
136.143
126.884
116.078
104.191
92.0136
78.9283
65.4038
51.8039
38.0853
24.4889
11.1478
-1.8929
-14.5003
-26.6023
-38.1409
-49.1072
-59.4803
-69.3024
-78.6311
-87.48
-95.8022
-103.578
-110.959
-118.391
-126.621
-136.661
-148.922
-159.5
-159.074
-146.86
-138.028
-145.656
-159.542
-155.998
-126.56
-87.4414
-91.5799
-87.2519
-155.008
144.487
152.163
160.025
167.509
173.865
179.077
182.758
184.6
184.668
183.12
180.161
176.055
170.94
164.901
158.015
150.278
141.682
132.229
121.917
110.756
98.7847
86.062
72.6701
58.7848
44.7407
30.9241
17.6373
5.07953
-6.61624
-17.3538
-27.0836
-35.8234
-43.6554
-50.7196
-57.1985
-63.3572
-69.2996
-75.3095
-79.226
130.079
121.384
111.238
100.084
88.6837
76.4352
63.7808
51.0614
38.2182
25.4692
12.9223
0.600677
-11.3861
-22.9847
-34.1492
-44.8625
-55.1055
-64.883
-74.2259
-83.1405
-91.5978
-99.5965
-107.251
-114.905
-123.148
-132.634
-143.357
-152.319
-152.722
-143.239
-136.197
-144.684
-159.801
-157.347
-126.764
-84.5788
-87.3521
-85.9252
-151.277
137.924
145.136
152.54
159.605
165.626
170.591
174.138
175.971
176.154
174.841
172.225
168.558
163.97
158.538
152.328
145.327
137.512
128.868
119.374
109.021
97.8304
85.844
73.1279
59.84
46.3003
32.8799
19.871
7.48007
-4.14251
-14.8862
-24.6853
-33.5382
-41.5057
-48.7066
-55.3001
-61.517
-67.4259
-73.2021
-76.7177
124.261
116.077
106.526
96.0333
85.3307
73.8346
61.9621
50.0342
37.983
26.0046
14.19
2.54507
-8.84114
-19.9312
-30.6917
-41.0994
-51.1429
-60.8059
-70.0985
-79.0205
-87.549
-95.6877
-103.525
-111.31
-119.474
-128.436
-138.049
-145.77
-146.473
-139.572
-134.827
-144.012
-159.882
-157.981
-126.58
-81.3787
-82.5345
-84.2053
-147.472
131.654
138.446
145.431
152.112
157.822
162.55
165.961
167.767
168.033
166.91
164.58
161.283
157.148
152.245
146.632
140.29
133.187
125.295
116.575
107.004
96.5812
85.3325
73.3035
60.6327
47.6236
34.6341
21.9442
9.76247
-1.74757
-12.4619
-22.3
-31.2407
-39.324
-46.6468
-53.3441
-59.6119
-65.4856
-71.0374
-74.2093
118.684
110.962
101.954
92.059
81.9875
71.1696
60.0031
48.7914
37.4579
26.1832
15.0441
4.03178
-6.77955
-17.3671
-27.7077
-37.775
-47.5681
-57.0596
-66.2465
-75.1202
-83.6605
-91.8666
-99.8015
-107.639
-115.681
-124.149
-132.883
-139.877
-140.871
-136.018
-133.681
-143.517
-159.651
-157.724
-125.727
-77.8152
-77.1699
-82.1601
-143.715
125.663
132.073
138.675
145
150.419
154.923
158.195
159.961
160.285
159.313
157.221
154.241
150.495
146.051
140.965
135.212
128.754
121.554
113.562
104.737
95.0621
84.5432
73.2056
61.1654
48.709
36.1806
23.8473
11.9154
0.557118
-10.0915
-19.9362
-28.9375
-37.1149
-44.5425
-51.3311
-57.6411
-63.4758
-68.8153
-71.694
113.338
106.039
97.5253
88.1762
78.6759
68.4748
57.9489
47.3858
36.7059
26.0751
15.5584
5.13735
-5.12781
-15.2239
-25.1394
-34.8461
-44.3512
-53.6268
-62.6603
-71.4354
-79.9312
-88.1394
-96.0972
-103.915
-111.8
-119.84
-127.818
-134.377
-135.938
-132.62
-132.405
-142.904
-158.801
-156.369
-123.9
-73.9334
-71.3155
-79.8308
-140.098
119.939
125.997
132.247
138.243
143.389
147.678
150.811
152.527
152.888
152.038
150.145
147.433
144.024
139.981
135.358
130.13
124.255
117.69
110.374
102.255
93.3003
83.4951
72.8448
61.4433
49.5577
37.516
25.5723
13.9278
2.75963
-7.78722
-17.6054
-26.6391
-34.887
-42.401
-49.267
-55.6104
-61.4047
-66.5471
-69.1858
108.214
101.305
93.2436
84.3931
75.4152
65.7748
55.8322
45.8615
35.7774
25.7367
15.7955
5.92604
-3.8205
-13.4412
-22.9329
-32.2699
-41.4624
-50.4892
-59.3298
-67.9629
-76.3644
-84.5179
-92.4358
-100.174
-107.871
-115.549
-122.905
-129.106
-131.46
-129.465
-130.619
-141.594
-156.924
-153.807
-120.789
-69.6968
-65.1266
-77.2751
-136.813
114.467
120.202
126.128
131.815
136.705
140.788
143.784
145.443
145.824
145.071
143.345
140.863
137.744
134.052
129.837
125.077
119.726
113.739
107.049
99.5932
91.3239
82.2107
72.2377
61.4763
50.1723
38.6377
27.1129
15.7907
4.84929
-5.55934
-15.3173
-24.3531
-32.6462
-40.226
-47.154
-53.5209
-59.2718
-64.2334
-66.6794
103.304
96.7531
89.109
80.7174
72.2165
63.0906
53.6817
44.2505
34.7137
25.2158
15.8061
6.45155
-2.806
-11.9703
-21.0449
-30.0099
-38.8747
-47.6264
-56.241
-64.6945
-72.958
-81.0057
-88.8297
-96.4426
-103.923
-111.279
-118.164
-124.003
-127.102
-126.457
-128.241
-139.091
-153.56
-149.84
-116.256
-65.0591
-58.7573
-74.5077
-133.933
109.236
114.673
120.295
125.697
130.344
134.232
137.093
138.687
139.077
138.399
136.813
134.528
131.661
128.276
124.422
120.077
115.198
109.737
103.622
96.7833
89.1623
80.7137
71.4021
61.2755
50.5585
39.5467
28.4651
17.4964
6.81625
-3.4191
-13.0831
-22.0904
-30.4023
-38.0264
-44.9999
-51.38
-57.0866
-61.8862
-64.1876
98.5997
92.3795
85.1206
77.1521
69.0913
60.4367
51.5173
42.5838
33.549
24.5513
15.634
6.75905
-2.03756
-10.7658
-19.4349
-28.0296
-36.5586
-45.0166
-53.3805
-61.6236
-69.7125
-77.6121
-85.2971
-92.7483
-99.9962
-107.05
-113.587
-119.111
-122.727
-123.414
-125.411
-135.213
-148.403
-144.282
-110.448
-60.0603
-52.3958
-71.6036
-131.548
104.233
109.393
114.734
119.866
124.286
127.987
130.715
132.242
132.628
132.011
130.542
128.426
125.779
122.662
119.127
115.153
110.697
105.711
100.123
93.8562
86.8444
79.0284
70.3562
60.8538
50.7247
40.2461
29.6273
19.0391
8.65217
-1.37603
-10.9122
-19.8594
-28.1621
-35.8072
-42.808
-49.1902
-54.8495
-59.5064
-61.7055
94.0915
88.1787
81.2768
73.7007
66.0442
57.8259
49.3584
40.8809
32.3102
23.7753
15.3147
6.88809
-1.47456
-9.7876
-18.0646
-26.2949
-34.4853
-42.6382
-50.7328
-58.7409
-66.6244
-74.3402
-81.8488
-89.1092
-96.1164
-102.878
-109.139
-114.433
-118.309
-120.098
-122.29
-130.306
-141.491
-137.087
-103.701
-54.918
-46.2382
-68.6405
-129.689
99.4469
104.35
109.427
114.307
118.512
122.034
124.632
126.089
126.464
125.893
124.523
122.553
120.097
117.218
113.965
110.32
106.244
101.688
96.5795
90.8406
84.3973
77.1798
69.1214
60.2281
50.6818
40.7414
30.6002
20.4149
10.3498
0.560653
-8.81519
-17.6712
-25.9362
-33.5785
-40.5879
-46.9609
-52.5719
-57.1063
-59.2445
89.7714
84.1446
77.5751
70.3633
63.0827
55.2669
47.2167
39.163
31.0206
22.9139
14.8779
6.86985
-1.08421
-9.00237
-16.9015
-24.7758
-32.6296
-40.4707
-48.2827
-56.0369
-63.6913
-71.1953
-78.499
-85.5455
-92.3085
-98.7894
-104.806
-109.946
-113.926
-116.464
-118.885
-124.944
-133.41
-128.622
-96.4995
-50.043
-40.6664
-65.8167
-128.384
94.868
99.5304
104.362
109.004
113.005
116.356
118.828
120.212
120.57
120.034
118.748
116.904
114.617
111.947
108.944
105.593
101.858
97.6894
93.0178
87.7632
81.8475
75.1928
67.7196
59.4156
50.4423
41.0398
31.3853
21.6221
11.9039
2.38299
-6.80074
-15.5338
-23.7327
-31.3467
-38.3444
-44.6956
-50.2557
-54.6866
-56.7998
85.6316
80.2722
74.0128
67.1406
60.2082
52.7677
45.1055
37.4426
29.6988
21.9901
14.3497
6.7334
-0.836429
-8.38022
-15.9169
-23.4448
-30.9665
-38.4937
-46.015
-53.5013
-60.908
-68.179
-75.2554
-82.0694
-88.5845
-94.7974
-100.58
-105.6
-109.611
-112.558
-115.157
-119.56
-125.048
-119.542
-89.4399
-45.9938
-36.1369
-63.3504
-127.582
90.4862
94.924
99.5232
103.942
107.75
110.937
113.287
114.598
114.934
114.424
113.208
111.475
109.335
106.851
104.071
100.983
97.552
93.7337
89.4584
84.6472
79.2192
73.0903
66.1713
58.4345
50.02
41.1513
31.9884
22.6605
13.3104
4.08488
-4.87785
-13.4581
-21.562
-29.1224
-36.0887
-42.4053
-47.9134
-52.2594
-54.3811
81.6647
76.5555
70.5868
64.0315
57.4248
50.3326
43.0311
35.7342
28.3601
21.0224
13.751
6.50172
-0.706171
-7.89497
-15.0849
-22.2773
-29.474
-36.6889
-43.9153
-51.125
-58.271
-65.2936
-72.1269
-78.6956
-84.9593
-90.9157
-96.4713
-101.37
-105.384
-108.505
-111.149
-114.304
-117.184
-110.714
-83.1193
-43.3196
-33.2278
-61.5259
-127.275
86.2926
90.5192
94.9007
99.1071
102.733
105.763
107.994
109.233
109.544
109.052
107.896
106.259
104.25
101.93
99.3491
96.4959
93.339
89.8361
85.9205
81.5142
76.5351
70.8953
64.4982
57.3021
49.43
41.0863
32.4154
23.5321
14.5675
5.66024
-3.05354
-11.4518
-19.4318
-26.9129
-33.8265
-40.0952
-45.5477
-49.8261
-51.9837
77.864
72.9898
67.2933
61.0355
54.7324
47.967
41.0027
34.0453
27.0175
20.0265
13.1001
6.19502
-0.672189
-7.52413
-14.3829
-21.2515
-28.1324
-35.039
-41.9697
-48.8977
-55.7744
-62.5374
-69.1167
-75.4317
-81.4407
-87.1485
-92.482
-97.2449
-101.229
-104.388
-106.957
-109.192
-110.144
-102.875
-77.903
-42.3008
-32.3732
-60.5902
-127.485
82.2782
86.3066
90.4822
94.4891
97.9401
100.822
102.937
104.105
104.387
103.909
102.804
101.251
99.3585
97.1852
94.7819
92.1395
89.2289
86.0105
82.4205
78.3827
73.8158
68.6294
62.7212
56.0394
48.6891
40.8578
32.6748
24.2412
15.6749
7.10576
-1.33499
-9.52396
-17.3528
-24.7297
-31.5695
-37.7775
-43.172
-47.3976
-49.6155
74.2224
69.5693
64.129
58.1505
52.1332
45.6727
39.0242
32.3862
25.6815
19.0148
12.4121
5.82991
-0.715666
-7.2488
-13.7914
-20.3485
-26.9237
-33.5289
-40.1656
-46.8097
-53.413
-59.9101
-66.2289
-72.2848
-78.0384
-83.5023
-88.6195
-93.2303
-97.1526
-100.281
-102.701
-104.256
-103.929
-96.4077
-73.9857
-42.8938
-33.7742
-60.8388
-128.213
78.4354
82.277
86.259
90.0758
93.3615
96.1009
98.105
99.2023
99.4549
98.9854
97.9238
96.4458
94.6567
92.6149
90.3712
87.918
85.2288
82.2671
78.9718
75.2694
71.0797
66.3124
60.8609
54.6643
47.813
40.4787
32.7762
24.7927
16.6338
8.41893
0.27347
-7.68155
-15.3329
-22.5797
-29.3251
-35.4578
-40.7899
-44.9761
-47.272
70.7339
66.2895
61.0904
55.3755
49.6255
43.4529
37.1011
30.7612
24.3608
17.9983
11.6996
5.42163
-0.820842
-7.05121
-13.293
-19.5514
-25.8316
-32.1433
-38.4902
-44.8514
-51.1798
-57.4088
-63.4636
-69.2598
-74.7588
-79.9817
-84.8859
-89.3334
-93.1612
-96.221
-98.4767
-99.5519
-98.4281
-91.2304
-71.526
-44.8485
-37.2445
-62.4578
-129.435
74.7569
78.4223
82.2202
85.8577
88.9859
91.5889
93.4865
94.5147
94.7364
94.2721
93.2483
91.8366
90.1402
88.217
86.1164
83.8338
81.3445
78.6143
75.586
72.1885
68.3442
63.9624
58.9352
53.195
46.8187
39.9631
32.7303
25.1943
17.4477
9.59925
1.76671
-5.93127
-13.3812
-20.4746
-27.105
-33.149
-38.4151
-42.5714
-44.9597
67.3925
63.1449
58.1741
52.7075
47.2108
41.3081
35.2354
29.1777
23.0625
16.9866
10.9738
4.98251
-0.973278
-6.91723
-12.8724
-18.8449
-24.8413
-30.8684
-36.9321
-43.0145
-49.0699
-55.0308
-60.8222
-66.3592
-71.6064
-76.5927
-81.2866
-85.5651
-89.2775
-92.2498
-94.3582
-95.1348
-93.5798
-87.0851
-70.4484
-47.8428
-42.3032
-65.4868
-131.078
71.2358
74.734
78.3585
81.8251
84.8037
87.2768
89.0715
90.0323
90.223
89.761
88.7701
87.4178
85.8049
83.9887
82.0179
79.8893
77.5805
75.0596
72.2727
69.1526
65.6231
61.5958
56.962
51.6492
45.7226
39.326
32.5492
25.4539
18.1207
10.6474
3.14321
-4.27856
-11.5042
-18.4218
-24.917
-30.858
-36.0521
-40.1855
-42.6741
64.1926
60.1317
55.3764
50.1453
44.8865
39.24
33.4309
27.6376
21.7923
15.9864
10.2435
4.52283
-1.16199
-6.83404
-12.5166
-18.2159
-23.9396
-29.6923
-35.4805
-41.2897
-47.0762
-52.7721
-58.3025
-63.5844
-68.5846
-73.3383
-77.8253
-81.9333
-85.5192
-88.3981
-90.3924
-91.0315
-89.3447
-83.7063
-70.3401
-51.5014
-48.2842
-69.7105
-133.038
67.8655
71.2057
74.6649
77.9702
80.8058
83.1544
84.8507
85.7466
85.9062
85.4446
84.4826
83.1837
81.6466
79.9274
78.0742
76.085
73.9395
71.608
69.0403
66.1719
62.93
59.2278
54.9575
50.0432
44.5409
38.5819
32.245
25.5812
18.6592
11.5657
4.40075
-2.7281
-9.70987
-16.431
-22.7726
-28.597
-33.7134
-37.8278
-40.4208
61.1287
57.2446
52.6942
47.6858
42.6533
37.2478
31.688
26.146
20.5545
15.0037
9.51562
4.05114
-1.37696
-6.79094
-12.2142
-17.6528
-23.1151
-28.6037
-34.1254
-39.6689
-45.1924
-50.6287
-55.9035
-60.9355
-65.6949
-70.2226
-74.5075
-78.4469
-81.906
-84.699
-86.6199
-87.249
-85.6935
-80.9419
-70.7726
-55.5197
-54.5375
-74.7284
-135.115
64.6402
67.8304
71.1332
74.2839
76.9841
79.2141
80.8156
81.6489
81.7777
81.3151
80.3788
79.1288
77.6609
76.0297
74.2835
72.4212
70.4236
68.2643
65.895
63.2554
60.2756
56.8714
52.9367
48.3933
43.2893
37.7455
31.8308
25.5862
19.0699
12.3575
5.54009
-1.28248
-8.00321
-14.509
-20.6789
-26.3729
-31.4043
-35.5005
-38.1963
58.1961
54.48
50.1237
45.3274
40.5082
35.3326
30.0089
24.7036
19.3536
14.0442
8.79728
3.5752
-1.60955
-6.77889
-11.9553
-17.1452
-22.3574
-27.5925
-32.8577
-38.144
-43.4123
-48.5961
-53.6223
-58.4122
-62.9386
-67.2478
-71.3369
-75.1131
-78.4504
-81.1721
-83.0631
-83.7751
-82.5573
-78.696
-71.4055
-59.6904
-60.5515
-80.0045
-137.068
61.5539
64.602
67.7555
70.7601
73.3305
75.4472
76.9585
77.7313
77.8303
77.3658
76.4526
75.247
73.8422
72.2923
70.6437
68.8969
67.0341
65.0306
62.842
60.4105
57.6698
54.5383
50.9124
46.7134
41.9824
36.8307
31.3193
25.4799
19.3609
13.0279
6.56205
0.0556016
-6.38995
-12.6641
-18.6465
-24.1976
-29.1359
-33.2118
-36.0055
55.3897
51.8332
47.662
43.0668
38.4515
33.4929
28.3935
23.314
18.1922
13.1117
8.0935
3.10142
-1.85245
-6.78942
-11.7313
-16.6842
-21.6575
-26.6504
-31.6693
-36.7084
-41.7298
-46.6694
-51.4556
-56.0119
-60.3147
-64.4146
-68.3167
-71.9383
-75.1637
-77.833
-79.7376
-80.5978
-79.8526
-76.9085
-72.033
-63.8233
-66.0341
-84.9764
-138.545
58.6016
61.5143
64.5264
67.391
69.8382
71.8472
73.2716
73.9866
74.0567
73.5896
72.6977
71.533
70.1866
68.711
67.1523
65.5109
63.7709
61.9097
59.8851
57.6431
55.1203
52.2384
48.8964
45.0163
40.6338
35.8517
30.7233
25.2733
19.541
13.5824
7.46933
1.28591
-4.87322
-10.9018
-16.6819
-22.0769
-26.9136
-30.9642
-33.8459
52.7052
49.3008
45.3056
40.9024
36.4799
31.729
26.8428
21.9768
17.0725
12.2094
7.40839
2.63475
-2.09991
-6.81589
-11.5345
-16.2618
-21.007
-25.7687
-30.5525
-35.3541
-40.1387
-44.8435
-49.3994
-53.7323
-57.8216
-61.7226
-65.4481
-68.9256
-72.0509
-74.6855
-76.6418
-77.6957
-77.4837
-75.4919
-72.5478
-67.6719
-70.8703
-89.1508
-139.192
55.7779
58.5619
61.4388
64.1709
66.5002
68.406
69.7482
70.4081
70.4504
69.9804
69.1081
67.9813
66.6891
65.2826
63.8064
62.2617
60.6342
58.9026
57.0275
54.958
52.6338
49.9803
46.8995
43.3144
39.2564
34.821
30.0553
24.9776
19.6193
14.0276
8.26565
2.40849
-3.45616
-9.22796
-14.7936
-20.0214
-24.7472
-28.7651
-31.7224
50.138
46.8786
43.0515
38.831
34.5934
30.0392
25.3563
20.6946
15.9963
11.3401
6.74565
2.17957
-2.34668
-6.85265
-11.3588
-15.8712
-20.3989
-24.9405
-29.5002
-34.075
-38.6327
-43.1132
-47.4492
-51.5695
-55.4565
-59.1699
-62.7299
-66.0749
-69.1132
-71.7293
-73.7664
-75.045
-75.3713
-74.3429
-72.926
-70.9506
-75.0771
-92.2209
-138.62
53.0782
55.7394
58.4879
61.093
63.3102
65.118
66.3813
66.9887
67.0047
66.5321
65.6783
64.587
63.3452
62.0026
60.6027
59.1473
57.6227
56.0096
54.2711
52.3588
50.2159
47.7712
44.9306
41.6182
37.8619
33.751
29.3274
24.604
19.6054
14.3711
8.95535
3.42506
-2.13984
-7.64606
-12.9864
-18.0359
-22.6411
-26.6167
-29.6338
47.6843
44.5634
40.8965
36.8509
32.7886
28.4233
23.9343
19.466
14.9651
10.5057
6.1081
1.73971
-2.58812
-6.89417
-11.1982
-15.5062
-19.8269
-24.1591
-28.5057
-32.8644
-37.2056
-41.4721
-45.5994
-49.5187
-53.2153
-56.7526
-60.1586
-63.3824
-66.3462
-68.9561
-71.0912
-72.6113
-73.4446
-73.3396
-73.1644
-73.4401
-78.6564
-94.1274
-136.564
50.498
53.0421
55.6675
58.1523
60.2623
61.9762
63.165
63.7225
63.7136
63.2387
62.4024
61.3449
60.1505
58.8675
57.5384
56.1651
54.7351
53.2308
51.617
49.8484
47.8712
45.6176
42.9974
39.9368
36.4606
32.6527
28.5508
24.1633
19.509
14.6203
9.54375
4.33813
-0.924937
-6.15983
-11.2665
-16.1286
-20.6034
-24.5258
-27.5854
45.3397
42.3512
38.8377
34.959
31.0653
26.8793
22.5752
18.2931
13.9796
9.70825
5.49797
1.31786
-2.82093
-6.9365
-11.0482
-15.1614
-19.285
-23.4182
-27.5625
-31.7155
-35.8511
-39.9148
-43.8446
-47.5743
-51.0919
-54.465
-57.7282
-60.8413
-63.7409
-66.3533
-68.5925
-70.3569
-71.6494
-72.3731
-73.2423
-75.0899
-81.4554
-95.0281
-132.894
48.0326
50.4649
52.9731
55.3425
57.3506
58.9756
60.0929
60.6034
60.5712
60.0945
59.2751
58.2497
57.1
55.8729
54.6097
53.3127
51.9699
50.5653
49.0659
47.4287
45.603
43.5244
41.1065
38.2782
35.0618
31.5366
27.7363
23.666
19.3396
14.7835
10.037
5.15109
0.189438
-4.77055
-9.63707
-14.3033
-18.6378
-22.4943
-25.5771
43.1007
40.2388
36.8719
33.1534
29.42
25.4067
21.2797
17.1742
13.0407
8.94868
4.91719
0.916773
-3.04175
-6.97609
-10.9044
-14.8324
-18.7683
-22.7123
-26.6644
-30.6224
-34.5628
-38.4346
-42.1779
-45.7296
-49.0796
-52.2996
-55.4303
-58.4419
-61.2847
-63.9038
-66.2428
-68.2385
-69.934
-71.3549
-73.1032
-75.9788
-83.2266
-95.1905
-127.805
45.6778
48.0033
50.3993
52.6592
54.5699
56.1098
57.1599
57.6259
57.5722
57.0943
56.2914
55.2968
54.1894
53.0149
51.8133
50.587
49.3251
48.0122
46.6177
45.1009
43.4138
41.4957
39.2638
36.6497
33.6741
30.4117
26.8936
23.1219
19.1065
14.8687
10.4414
5.86816
1.20491
-3.47936
-8.10169
-12.5651
-16.7504
-20.5283
-23.6148
40.9632
38.2225
34.9963
31.4312
27.8522
24.0033
20.046
16.1107
12.1485
8.22799
4.36751
0.538609
-3.24813
-7.00939
-10.7631
-14.5146
-18.2721
-22.0359
-25.8056
-29.5787
-33.3343
-37.0246
-40.5924
-43.9768
-47.1701
-50.2467
-53.2541
-56.1714
-58.9617
-61.5867
-64.0143
-66.2149
-68.2529
-70.2275
-72.6802
-76.2244
-83.8543
-94.7518
-121.723
43.4298
45.653
47.9422
50.097
51.9152
53.3745
54.3602
54.7844
54.7109
54.2325
53.4461
52.4812
51.4142
50.2894
49.1456
47.9852
46.7981
45.57
44.2719
42.8656
41.3057
39.5345
37.4737
35.0571
32.3044
29.2864
26.0317
22.5402
18.8189
14.8843
10.7637
6.49432
2.12422
-2.28571
-6.66147
-10.9166
-14.9438
-18.6298
-21.6998
38.9241
36.2996
33.208
29.7902
26.3585
22.6684
18.8738
15.1005
11.3033
7.54699
3.84997
0.184923
-3.43764
-7.03389
-10.6209
-14.2042
-17.7918
-21.3843
-24.9805
-28.5783
-32.1591
-35.678
-39.0804
-42.3073
-45.3534
-48.2958
-51.1875
-54.0156
-56.7541
-59.3798
-61.8781
-64.2467
-66.5619
-68.9537
-71.9228
-75.9027
-83.4369
-93.6105
-115.183
41.2845
43.4099
45.5967
47.652
49.3814
50.7636
51.6889
52.074
51.9823
51.5043
50.7344
49.7983
48.7701
47.6924
46.603
45.5042
44.3865
43.2369
42.0277
40.7228
39.2795
37.6434
35.7396
33.5054
30.959
28.1679
25.1586
21.9296
18.4851
14.8381
11.011
7.03483
2.95083
-1.18825
-5.31741
-9.36055
-13.222
-16.8033
-19.8378
36.9794
34.4663
31.5042
28.2277
24.9382
21.3995
17.7611
14.1445
10.5046
6.90583
3.36537
-0.142773
-3.60838
-7.04692
-10.4749
-13.8977
-17.3232
-20.7525
-24.1839
-27.6154
-31.0303
-34.3871
-37.6332
-40.7119
-43.6194
-46.435
-49.2168
-51.9583
-54.6428
-57.2592
-59.8065
-62.3005
-64.8242
-67.511
-70.8125
-75.0519
-82.1842
-91.6671
-108.624
39.2383
41.27
43.3592
45.3188
46.964
48.2732
49.1409
49.4894
49.3813
48.9046
48.1512
47.2434
46.2524
45.2196
44.1816
43.1406
42.0878
41.0109
39.8836
38.6721
37.336
35.824
34.0647
31.9986
29.643
27.0623
24.2814
21.2977
18.1133
14.738
11.1902
7.49556
3.68885
-0.18467
-4.0688
-7.89754
-11.5866
-15.051
-18.0313
35.1262
32.72
29.8821
26.7415
23.5881
20.1958
16.7076
13.2404
9.7526
6.30499
2.91473
-0.443074
-3.75846
-7.04616
-10.3222
-13.5917
-16.8625
-20.1362
-23.4107
-26.6839
-29.9415
-33.1445
-36.2427
-39.1807
-41.9564
-44.6521
-47.3277
-49.9832
-52.6085
-55.2025
-57.7734
-60.3479
-63.0103
-65.8856
-69.3581
-73.7006
-80.2902
-88.9931
-102.366
37.2875
39.2297
41.2252
43.094
44.6584
45.898
46.7117
47.026
46.9032
46.4288
45.6922
44.8118
43.8569
42.8671
41.8777
40.8911
39.8989
38.8894
37.8381
36.7127
35.4753
34.0772
32.4511
30.5398
28.3606
25.975
23.4066
20.6517
17.7108
14.5914
11.3083
7.88252
4.34305
0.72812
-2.91441
-6.52809
-10.0395
-13.3762
-16.2857
33.361
31.0574
28.339
25.329
22.307
19.0548
15.7112
12.3888
9.04655
5.74421
2.49819
-0.715283
-3.88659
-7.02983
-10.1603
-13.2831
-16.4061
-19.531
-22.6557
-25.7781
-28.8859
-31.9427
-34.8997
-37.7039
-40.3543
-42.9338
-45.5055
-48.0732
-50.6322
-53.1881
-55.7558
-58.3665
-61.1004
-64.0705
-67.5835
-71.8888
-77.8924
-85.7281
-96.4268
35.4289
37.2851
39.1914
40.9727
42.4605
43.6342
44.3965
44.6791
44.5433
44.072
43.3524
42.4993
41.5792
40.6306
39.6875
38.7523
37.8168
36.8701
35.8891
34.8432
33.6967
32.4036
30.9
29.1318
27.1154
24.9107
22.5395
19.9976
17.2844
14.4052
11.372
8.20178
4.91846
1.55381
-1.85195
-5.25139
-8.58124
-11.7806
-14.6038
31.6809
29.476
26.8722
23.9881
21.092
17.9756
14.7712
11.5872
8.38587
5.22332
2.11616
-0.958576
-3.99148
-6.99607
-9.98703
-12.9693
-15.9506
-18.9331
-21.9144
-24.8927
-27.8574
-30.7741
-33.5964
-36.2709
-38.8015
-41.2674
-43.736
-46.2119
-48.6959
-51.1975
-53.7346
-56.3393
-59.0831
-62.0664
-65.5201
-69.6684
-75.0808
-81.9908
-90.618
33.659
35.4329
37.2533
38.9516
40.366
41.477
42.1912
42.4444
42.2971
41.83
41.1277
40.3013
39.4152
38.5062
37.6072
36.7205
35.8383
34.9502
34.0344
33.0621
31.9995
30.8031
29.4123
27.7761
25.9105
23.873
21.6848
19.3411
16.8402
14.186
11.3879
8.45957
5.42044
2.29667
-0.878503
-4.06613
-7.21221
-10.2665
-12.9906
30.0825
27.9724
25.4792
22.7162
19.9419
16.9555
13.8853
10.8359
7.76958
4.74193
1.76845
-1.17268
-4.07236
-6.94353
-9.80046
-12.6478
-15.4931
-18.3387
-21.1824
-24.0224
-26.8495
-29.6318
-32.3229
-34.8746
-37.2864
-39.642
-42.0047
-44.3849
-46.7838
-49.2145
-51.6948
-54.2549
-56.9551
-59.8814
-63.2002
-67.0988
-71.9233
-77.8914
-84.7956
31.9746
33.6694
35.4079
37.0264
38.371
39.4226
40.0913
40.3173
40.1602
39.6982
39.0134
38.2136
37.3605
36.4898
35.6329
34.7922
33.9601
33.1268
32.2717
31.3676
30.3824
29.2751
27.9885
26.4741
24.748
22.8654
20.8466
18.6868
16.3836
13.9395
11.3619
8.66167
5.85444
2.96128
0.00926622
-2.97013
-5.93173
-8.8348
-11.4485
28.5632
26.5444
24.1574
21.5112
18.8538
15.9936
13.0529
10.1323
7.19699
4.29941
1.45491
-1.35739
-4.12862
-6.87129
-9.59891
-12.3163
-15.0306
-17.7445
-20.4555
-23.1623
-25.8567
-28.5086
-31.0733
-33.5034
-35.8009
-38.0447
-40.3011
-42.5783
-44.8831
-47.2268
-49.6262
-52.1073
-54.7187
-57.5304
-60.658
-64.2433
-68.4852
-73.5411
-78.9791
30.3724
31.9915
33.6511
35.1937
36.4715
37.4666
38.0927
38.2938
38.1284
37.6724
37.0055
36.2319
35.4112
34.5773
33.7608
32.9636
32.1787
31.3969
30.5983
29.7572
28.8437
27.8187
26.6282
25.2265
23.6294
21.8901
20.0283
18.0389
15.9194
13.6711
11.2997
8.81393
6.22594
3.55256
0.815353
-1.96089
-4.73882
-7.48658
-9.98138
27.1198
25.1888
22.9043
20.3706
17.8266
15.0873
12.2716
9.47622
6.66688
3.89503
1.17507
-1.51274
-4.15997
-6.77853
-9.38149
-11.9733
-14.5611
-17.1475
-19.7302
-22.308
-24.8738
-27.3983
-29.8395
-32.1506
-34.3346
-36.4676
-38.6131
-40.7832
-42.9838
-45.2256
-47.5226
-49.8954
-52.3816
-55.0341
-57.9296
-61.1646
-64.8381
-69.0447
-73.2363
28.8494
30.3955
31.9799
33.4494
34.6637
35.6054
36.1912
36.3694
36.1972
35.7482
35.0996
34.352
33.5628
32.7647
31.9869
31.2312
30.4909
29.7571
29.0113
28.2289
27.3816
26.4327
25.3311
24.0336
22.5558
20.9491
19.2325
17.4011
15.4518
13.3856
11.2066
8.92172
6.54029
4.07537
1.54387
-1.03529
-3.63189
-6.22199
-8.59132
25.7496
23.9031
21.7173
19.2924
16.8571
14.2355
11.5405
8.86535
6.17838
3.52799
0.928536
-1.63898
-4.16625
-6.66481
-9.14708
-11.6174
-14.0826
-16.5452
-19.0033
-21.4558
-23.8959
-26.2961
-28.6142
-30.8099
-32.8798
-34.9024
-36.9338
-38.9925
-41.0787
-43.2064
-45.3818
-47.6227
-49.9557
-52.4173
-55.0534
-57.9221
-61.0529
-64.4865
-67.6406
27.4024
28.8786
30.3904
31.7905
32.944
33.8348
34.3832
34.5404
34.3629
33.9217
33.2916
32.5699
31.8116
31.0481
30.3075
29.5913
28.893
28.2045
27.5079
26.78
25.9941
25.1156
24.0961
22.895
21.5276
20.0436
18.4613
16.7759
14.9845
13.0871
11.0874
8.9902
6.80268
4.53472
2.19925
-0.189915
-2.60883
-5.04078
-7.28051
24.4494
22.6844
20.594
18.2739
15.9443
13.4355
10.8574
8.29938
5.73016
3.19731
0.71451
-1.73646
-4.14755
-6.52985
-8.89508
-11.2475
-13.5935
-15.9358
-18.2725
-20.6027
-22.9199
-25.1961
-27.3955
-29.4728
-31.4333
-33.3406
-35.2598
-37.1986
-39.1658
-41.1661
-43.2061
-45.2973
-47.4569
-49.7068
-52.0689
-54.571
-57.1947
-59.9378
-62.2278
26.0286
27.4375
28.8801
30.2132
31.3089
32.1519
32.6647
32.8029
32.6213
32.1886
31.5774
30.8814
30.1534
29.4235
28.7186
28.04
27.3817
26.7356
26.085
25.4079
24.6789
23.8656
22.9221
21.8102
20.5451
19.1746
17.7164
16.1661
14.5205
12.7798
10.9464
9.02416
7.01803
4.93544
2.78588
0.578825
-1.6674
-3.94236
-6.0502
23.2169
21.5304
19.5318
17.3131
15.085
12.6862
10.2211
7.77567
5.32098
2.90209
0.532219
-1.80574
-4.10425
-6.3736
-8.62526
-10.8629
-13.0931
-15.318
-17.5361
-19.7463
-21.942
-24.0975
-26.1763
-28.1399
-29.9865
-31.7824
-33.5834
-35.4021
-37.2416
-39.1071
-41.0012
-42.9302
-44.9039
-46.9307
-49.0148
-51.1607
-53.3194
-55.4539
-57.036
24.7251
26.0694
27.4454
28.715
29.7554
30.5527
31.0325
31.1534
30.9688
30.5453
29.9532
29.2827
28.5844
27.8871
27.2165
26.5739
25.9533
25.3472
24.7396
24.1097
23.4337
22.6807
21.8076
20.7783
19.6079
18.3424
16.999
15.5734
14.0628
12.4669
10.7878
9.02785
7.191
5.28228
3.30831
1.27482
-0.804696
-2.92542
-4.90116
22.0491
20.4383
18.5283
16.4075
14.278
11.9849
9.62931
7.29353
4.94949
2.64102
0.380786
-1.84762
-4.03678
-6.19651
-8.33756
-10.4636
-12.5806
-14.6908
-16.7926
-18.885
-20.961
-22.9965
-24.957
-26.8057
-28.5402
-30.2224
-31.9054
-33.6
-35.3085
-37.0336
-38.7749
-40.5358
-42.3165
-44.117
-45.9278
-47.7365
-49.476
-51.0837
-52.0847
23.4892
24.7715
26.084
27.2925
28.2802
29.0347
29.483
29.5881
29.4016
28.988
28.4151
27.7699
27.1007
26.435
25.7975
25.1892
24.6044
24.0359
23.4686
22.8828
22.2559
21.5588
20.7509
19.7982
18.7156
17.5472
16.3098
14.9996
13.6135
12.1514
10.6148
9.00551
7.32603
5.57978
3.77084
1.90189
-0.0177424
-1.98837
-3.83323
20.9438
19.4057
17.5812
15.5549
13.5203
11.33
9.08041
6.85044
4.6141
2.41278
0.258961
-1.86302
-3.9459
-5.99901
-8.03242
-10.0496
-12.0561
-14.054
-16.0418
-18.0181
-19.9762
-21.8921
-23.7362
-25.4697
-27.093
-28.6607
-30.2258
-31.7943
-33.3706
-34.9516
-36.5391
-38.1275
-39.7153
-41.2925
-42.8416
-44.3385
-45.7055
-46.8633
-47.3961
22.3183
23.5413
24.7928
25.9432
26.8806
27.594
28.0133
28.104
27.9165
27.5132
26.9597
26.3394
25.6987
25.0637
24.458
23.8824
23.3315
22.7985
22.2689
21.7241
21.1429
20.4977
19.7503
18.8685
17.8672
16.7888
15.6494
14.4455
13.1744
11.8357
10.4307
8.96071
7.42724
5.83214
4.17779
2.46406
0.696678
-1.12894
-2.84585
19.8985
18.4303
16.6881
14.7529
12.8105
10.7192
8.57221
6.44532
4.31307
2.21584
0.16534
-1.85313
-3.83269
-5.78194
-7.71052
-9.62146
-11.52
-13.4079
-15.2837
-17.1459
-18.9866
-20.7863
-22.5124
-24.1342
-25.6441
-27.1008
-28.5454
-29.9908
-31.4317
-32.8718
-34.303
-35.7224
-37.1202
-38.4826
-39.7876
-41.0014
-42.0431
-42.823
-42.983
21.2101
22.3759
23.5694
24.6637
25.5532
26.2282
26.6197
26.6975
26.5099
26.1173
25.5832
24.9877
24.3747
23.7695
23.1944
22.65
22.1314
21.6317
21.1375
20.6309
20.0921
19.4951
18.8036
17.9878
17.0618
16.0666
15.0178
13.9121
12.7469
11.522
10.2383
8.89689
7.49832
6.0436
4.53331
2.96524
1.34203
-0.344692
-1.9375
18.9107
17.5098
15.8468
13.9996
12.1458
10.1507
8.10315
6.0757
4.04476
2.04859
0.0985191
-1.81937
-3.69833
-5.54646
-7.37278
-9.18011
-10.9732
-12.7534
-14.5193
-16.2687
-17.995
-19.6778
-21.29
-22.7981
-24.1991
-25.5426
-26.8716
-28.1918
-29.5025
-30.801
-32.0811
-33.3351
-34.551
-35.7125
-36.7926
-37.7548
-38.516
-38.9833
-38.8546
20.1619
21.2729
22.4105
23.4516
24.2952
24.9335
25.2993
25.3654
25.1783
24.7969
24.2823
23.7111
23.1254
22.549
22.0032
21.4888
21.0006
20.5323
20.0712
19.6003
19.1009
18.5485
17.909
17.1542
16.2981
15.38
14.4148
13.3996
12.332
11.2119
10.04
8.8169
7.54288
6.21793
4.84137
3.40935
1.92175
0.367225
-1.10612
17.9781
16.6419
15.0553
13.2928
11.5248
9.62224
7.67088
5.74016
3.80729
1.90921
0.0567362
-1.76329
-3.54433
-5.294
-7.02068
-8.72688
-10.4168
-12.0917
-13.7498
-15.3888
-17.0017
-18.5706
-20.0695
-21.4665
-22.759
-23.993
-25.2073
-26.4066
-27.5891
-28.7511
-29.8852
-30.9815
-32.0269
-33.0023
-33.881
-34.622
-35.1459
-35.3594
-35.0115
19.1713
20.2295
21.3139
22.3034
23.1033
23.7072
24.0486
24.1041
23.9184
23.5486
23.0535
22.5064
21.9472
21.3987
20.8812
20.3952
19.9359
19.4973
19.0672
18.6296
18.1668
17.6557
17.0643
16.3662
15.5748
14.7279
13.84
12.9083
11.9306
10.9067
9.83757
8.72338
7.56396
6.35863
5.10586
3.80022
2.43957
1.01014
-0.34935
17.0985
15.8245
14.3112
12.6304
10.9449
9.13202
7.27368
5.43634
3.59871
1.79584
0.0382514
-1.68663
-3.37237
-5.02618
-6.65575
-8.26335
-9.85267
-11.4246
-12.9773
-14.5078
-16.0103
-17.4671
-18.8545
-20.1426
-21.3292
-22.4565
-23.5596
-24.6419
-25.701
-26.7325
-27.7278
-28.6764
-29.564
-30.3717
-31.071
-31.6213
-31.9473
-31.9587
-31.4518
18.2358
19.2433
20.2764
21.2169
21.9748
22.5459
22.8645
22.9107
22.727
22.3692
21.8936
21.3701
20.8368
20.3152
19.8249
19.3661
18.9343
18.5236
18.1225
17.7159
17.2871
16.8144
16.2676
15.6219
14.8905
14.1095
13.2928
12.438
11.5429
10.6076
9.63274
8.61851
7.56428
6.46903
5.33026
4.14152
2.89923
1.58742
0.336092
16.2693
15.0551
13.6125
12.0103
10.4044
8.67783
6.90935
5.16256
3.41707
1.7066
0.0410775
-1.59128
-3.18439
-4.74487
-6.27996
-7.79148
-9.28275
-10.7543
-12.204
-13.629
-15.0229
-16.3704
-17.6492
-18.8313
-19.9151
-20.9395
-21.9354
-22.9058
-23.8474
-24.7556
-25.621
-26.4332
-27.1773
-27.8348
-28.3774
-28.7659
-28.9311
-28.786
-28.1678
17.3529
18.3117
19.2959
20.1889
20.907
21.4472
21.7439
21.7818
21.6006
21.2552
20.7993
20.2991
19.7909
19.2954
18.8311
18.3983
17.9925
17.6081
17.2342
16.8566
16.4594
16.0222
15.5167
14.9196
14.2437
13.5236
12.7726
11.9884
11.1693
10.3152
9.42684
8.50416
7.54638
6.55203
5.51792
4.43718
3.30481
2.10298
0.953283
15.4884
14.3318
12.957
11.4304
9.90112
8.25781
6.57607
4.91664
3.26038
1.63943
0.0632347
-1.47932
-2.98242
-4.45221
-5.89541
-7.3135
-8.70942
-10.0833
-11.433
-12.755
-14.0432
-15.285
-16.4576
-17.5378
-18.5223
-19.4483
-20.3419
-21.2063
-22.037
-22.8302
-23.5758
-24.2636
-24.8788
-25.4043
-25.8121
-26.0667
-26.1025
-25.8396
-25.1507
16.5204
17.4324
18.3696
19.2173
19.8972
20.4079
20.6841
20.7146
20.5363
20.2036
19.7674
19.29
18.8063
18.336
17.8967
17.4887
17.1075
16.7479
16.3996
16.0489
15.6811
15.2769
14.8097
14.2575
13.633
12.969
12.2785
11.5593
10.8099
10.0302
9.22092
8.382
7.51244
6.61041
5.67243
4.69104
3.66004
2.56057
1.50606
14.7536
13.6522
12.3427
10.8888
9.4332
7.86997
6.27176
4.69667
3.12664
1.59228
0.102628
-1.35286
-2.76858
-4.1504
-5.50437
-6.83181
-8.13514
-9.4143
-10.667
-11.8885
-13.0757
-14.2135
-15.286
-16.2662
-17.1575
-17.9884
-18.7868
-19.5504
-20.2791
-20.9651
-21.6021
-22.1771
-22.6793
-23.0891
-23.3841
-23.5281
-23.4642
-23.116
-22.3882
15.7361
16.603
17.4956
18.2993
18.943
19.4258
19.6821
19.7062
19.531
19.2115
18.7949
18.3399
17.8799
17.4339
17.0187
16.6342
16.2764
15.9401
15.6157
15.2902
14.9497
14.5761
14.1443
13.6338
13.0568
12.4447
11.8098
11.1502
10.4645
9.75291
9.01596
8.2535
7.46449
6.64682
5.79673
4.90628
3.96892
2.96388
1.99833
14.0628
13.0144
11.7676
10.3835
8.99863
7.51232
5.99455
4.50071
3.01378
1.56312
0.157186
-1.21397
-2.54507
-3.84166
-5.10929
-6.34893
-7.56269
-8.75027
-9.90873
-11.0345
-12.1226
-13.1628
-14.1368
-15.0241
-15.8245
-16.568
-17.2751
-17.9469
-18.5798
-19.1695
-19.7072
-20.1833
-20.5852
-20.8975
-21.0977
-21.154
-21.0142
-20.6081
-19.8661
14.9977
15.8215
16.6711
17.4327
18.0418
18.4977
18.7352
18.7538
18.5819
18.276
17.8789
17.4456
17.0086
16.5862
16.194
15.832
15.4963
15.182
14.8799
14.5779
14.2628
13.9175
13.5186
13.0468
12.5138
11.9494
11.3656
10.7607
10.1334
9.48392
8.81289
8.12012
7.40442
6.66363
5.89365
5.08657
4.2346
3.31704
2.43391
13.4139
12.4163
11.2295
9.91235
8.59542
7.18302
5.74251
4.3267
2.91993
1.54994
0.224798
-1.06486
-2.31419
-3.52843
-4.71261
-5.86743
-6.99468
-8.09387
-9.16223
-10.195
-11.1894
-12.1354
-13.0164
-13.8144
-14.5302
-15.191
-15.8143
-16.4007
-16.9469
-17.4489
-17.8986
-18.287
-18.6032
-18.8329
-18.956
-18.9437
-18.7489
-18.3073
-17.5713
14.3034
15.0859
15.8947
16.6154
17.1917
17.6217
17.8407
17.8546
17.6858
17.3941
17.0166
16.6045
16.1896
15.79
15.42
15.0794
14.7645
14.4709
14.1897
13.9095
13.618
13.2991
12.9306
12.4947
12.0024
11.4821
10.9454
10.3905
9.81655
9.22368
8.61265
7.9832
7.33418
6.6632
5.96616
5.23488
4.46118
3.62422
2.8172
12.805
11.8559
10.7263
9.47322
8.22132
6.87968
5.51345
4.17268
2.84297
1.55073
0.303444
-0.907656
-2.0783
-3.21329
-4.31708
-5.39011
-6.43404
-7.44841
-8.42979
-9.37466
-10.2793
-11.1357
-11.9286
-12.6427
-13.2794
-13.8634
-14.4095
-14.9179
-15.3857
-15.8092
-16.1813
-16.4938
-16.7368
-16.8981
-16.9595
-16.8951
-16.6629
-16.204
-15.489
13.651
14.3942
15.1641
15.8454
16.3907
16.7952
16.9964
17.0062
16.8394
16.5629
16.2052
15.8134
15.4202
15.0426
14.6941
14.3739
14.0788
13.8045
13.5428
13.2829
13.0132
12.7187
12.3785
11.9758
11.5212
11.0417
10.5481
10.0391
9.51385
8.9725
8.41596
7.84397
7.25535
6.64772
6.01687
5.35453
4.6524
3.88918
3.15262
12.2338
11.3306
10.2555
9.06335
7.87353
6.59964
5.30457
4.03575
2.78054
1.56297
0.391003
-0.744076
-1.8391
-2.89829
-3.92499
-4.91952
-5.88363
-6.8166
-7.71569
-8.57588
-9.39568
-10.1672
-10.8772
-11.5126
-12.0759
-12.589
-13.0646
-13.5024
-13.9
-14.254
-14.5582
-14.8055
-14.9873
-15.0925
-15.1058
-15.0033
-14.7483
-14.2866
-13.6032
13.0384
13.7443
14.4771
15.1201
15.6365
16.0161
16.2002
16.2064
16.0397
15.7794
15.4417
15.0697
14.6974
14.3416
14.0137
13.7132
13.4368
13.1807
12.9372
12.6962
12.4467
12.1747
11.8608
11.489
11.0694
10.6276
10.1738
9.70672
9.22579
8.73125
8.22404
7.70394
7.16991
6.61949
6.04851
5.44875
4.81164
4.11599
3.44384
11.6992
10.8396
9.81594
8.68144
7.55061
6.34063
5.11362
3.91358
2.72976
1.58361
0.484834
-0.575919
-1.5981
-2.58488
-3.53786
-4.4573
-5.34517
-6.20113
-7.0216
-7.80237
-8.54226
-9.23395
-9.86682
-10.4289
-10.9246
-11.3725
-11.7842
-12.1585
-12.4937
-12.7867
-13.0324
-13.2243
-13.3555
-13.4159
-13.3927
-13.264
-12.9979
-12.5446
-11.9014
12.4642
13.1345
13.8316
14.4375
14.9264
15.2807
15.4494
15.4532
15.2843
15.0421
14.7241
14.3706
14.0187
13.6837
13.3758
13.094
12.8355
12.5967
12.3703
12.1467
11.9159
11.6648
11.3751
11.0319
10.6448
10.2379
9.82086
9.39247
8.95214
8.50021
8.03771
7.56451
7.07969
6.58085
6.06393
5.52074
4.94269
4.3087
3.69551
11.203
10.385
9.41024
8.32998
7.25436
6.10473
4.94149
3.80562
2.68932
1.6118
0.581594
-0.408235
-1.36109
-2.27851
-3.16031
-4.00727
-4.82207
-5.60417
-6.34939
-7.05558
-7.71943
-8.33753
-8.89748
-9.39324
-9.82537
-10.2154
-10.5684
-10.8871
-11.1664
-11.4076
-11.6021
-11.7486
-11.8373
-11.8635
-11.8123
-11.6679
-11.3993
-10.9639
-10.3639
11.9302
12.5663
13.2281
13.7968
14.2587
14.5864
14.7401
14.7418
14.5686
14.3502
14.0514
13.7146
13.3822
13.068
12.779
12.5149
12.2732
12.0506
11.8401
11.6327
11.4192
11.1872
10.9197
10.6029
10.2457
9.871
9.48773
9.09486
8.69158
8.27847
7.85625
7.42533
6.98447
6.532
6.06346
5.57135
5.04665
4.46893
3.90923
10.7453
9.96663
9.0384
8.00914
6.98565
5.8922
4.78963
3.71295
2.66033
1.64778
0.680496
-0.244494
-1.13414
-1.98556
-2.79819
-3.57532
-4.32033
-5.0317
-5.70678
-6.34122
-6.93534
-7.48298
-7.97714
-8.4087
-8.78546
-9.12011
-9.4232
-9.69043
-9.9235
-10.1178
-10.2718
-10.3784
-10.4356
-10.4339
-10.365
-10.2123
-9.95071
-9.53824
-8.98835
11.4362
12.0392
12.6663
13.1976
13.6328
13.9298
14.0711
14.0647
13.8853
13.7023
13.4231
13.0997
12.7874
12.4942
12.2247
11.9778
11.7527
11.5457
11.3506
11.1586
10.9613
10.7469
10.4999
10.2071
9.87756
9.53215
9.18016
8.81964
8.45066
8.07253
7.68714
7.29359
6.89227
6.48029
6.05489
5.60791
5.13125
4.60398
4.09342
10.3828
9.63332
8.7366
7.74333
6.75657
5.70437
4.65161
3.62499
2.63864
1.675
0.80918
-0.0477796
-0.891228
-1.69215
-2.45188
-3.17814
-3.87441
-4.5377
-5.16292
-5.74916
-6.29394
-6.79283
-7.23883
-7.62554
-7.95987
-8.25517
-8.51981
-8.7499
-8.94722
-9.10863
-9.22829
-9.30552
-9.33717
-9.31488
-9.23198
-9.07184
-8.8132
-8.41832
-7.90327
11.0454
11.6189
12.2145
12.7004
13.0982
13.3349
13.4304
13.3515
13.1638
13.0795
12.8539
12.558
12.2743
12.0101
11.7637
11.5363
11.3279
11.1365
10.9557
10.778
10.5949
10.396
10.1661
9.89318
9.58545
9.26342
8.93543
8.60044
8.25761
7.9071
7.54959
7.18513
6.8132
6.43211
6.03872
5.62578
5.18495
4.69608
4.22327
10.0895
9.36281
8.48967
7.52203
6.56267
5.54209
4.53077
3.54897
2.62886
1.70228
0.951612
0.158505
-0.65054
-1.40995
-2.12612
-2.81294
-3.47331
-4.10141
-4.69259
-5.24393
-5.75424
-6.2185
-6.62929
-6.98313
-7.28529
-7.55164
-7.78618
-7.98811
-8.15704
-8.29366
-8.38355
-8.437
-8.44687
-8.40803
-8.31038
-8.14262
-7.88275
-7.49633
-7.00315
10.7277
11.2748
11.8361
12.2727
12.621
12.7792
12.8044
12.6178
12.4195
12.4672
12.3215
12.0657
11.818
11.5862
11.3662
11.1597
10.9689
10.7927
10.6258
10.4612
10.2913
10.1061
9.89138
9.63549
9.34619
9.04313
8.73458
8.41981
8.09806
7.76948
7.43454
7.09324
6.74502
6.3883
6.02025
5.63388
5.22162
4.76326
4.32104
9.79722
9.09383
8.24456
7.30323
6.37137
5.38338
4.41285
3.47451
2.61754
1.72455
1.08768
0.355899
-0.417871
-1.13449
-1.80508
-2.44995
-3.07223
-3.66413
-4.21893
-4.73527
-5.21009
-5.63832
-6.01383
-6.33398
-6.60553
-6.84209
-7.04862
-7.22216
-7.36548
-7.47815
-7.54224
-7.57351
-7.56643
-7.51341
-7.4063
-7.23471
-6.97808
-6.60532
-6.13968
10.4106
10.9319
11.4582
11.8472
12.1476
12.2297
12.1904
11.906
11.7016
11.8626
11.7968
11.5818
11.366
11.1655
10.9713
10.7856
10.6122
10.4514
10.2983
10.1468
9.98978
9.81824
9.61859
9.3797
9.10876
8.82438
8.53485
8.23957
7.93831
7.63108
7.31846
7.00013
6.67548
6.3428
5.99953
5.63888
5.25395
4.82513
4.41299
9.50751
8.82745
8.00244
7.08745
6.18347
5.22743
4.29676
3.40126
2.60301
1.74321
1.21054
0.539729
-0.194385
-0.866801
-1.49094
-2.09205
-2.67402
-3.22764
-3.74639
-4.22568
-4.66417
-5.05587
-5.39691
-5.68399
-5.9263
-6.1339
-6.31404
-6.46067
-6.58059
-6.67134
-6.71271
-6.72449
-6.70367
-6.63933
-6.52662
-6.35377
-6.10527
-5.74947
-5.31532
10.096
10.592
11.0826
11.427
11.6806
11.6892
11.5916
11.2204
11.0089
11.2674
11.2811
11.108
10.9234
10.7519
10.5823
10.4163
10.2596
10.1136
9.97415
9.83563
9.69138
9.53326
9.34836
9.12643
8.87356
8.60792
8.33678
8.06063
7.77876
7.49221
7.20088
6.90515
6.60348
6.29472
5.97554
5.64014
5.2813
4.8811
4.49668
9.22274
8.5659
7.76476
6.87583
5.99868
5.07427
4.18105
3.32579
2.58074
1.75347
1.31169
0.702822
0.0148921
-0.611205
-1.18833
-1.74407
-2.28384
-2.79853
-3.27816
-3.72033
-4.12082
-4.47641
-4.78208
-5.03733
-5.24938
-5.42961
-5.58312
-5.7053
-5.80212
-5.87392
-5.89449
-5.89067
-5.8576
-5.78632
-5.67014
-5.5007
-5.26247
-4.92763
-4.52447
9.78683
10.2584
10.7139
11.0159
11.2243
11.1613
11.011
10.5588
10.3359
10.6815
10.7728
10.6433
10.4902
10.3486
10.2041
10.0571
9.91554
9.78287
9.65616
9.52998
9.39838
9.25328
9.08301
8.87746
8.64273
8.39535
8.1428
7.88506
7.62231
7.35516
7.0845
6.81008
6.53099
6.24527
5.94998
5.6389
5.30551
4.932
4.57403
8.9468
8.31202
7.53392
6.66983
5.81842
4.9234
4.06474
3.24702
2.54817
1.7503
1.38361
0.838645
0.204561
-0.371613
-0.900732
-1.41004
-1.90574
-2.37804
-2.81869
-3.22117
-3.58464
-3.90428
-4.17701
-4.40222
-4.58708
-4.74195
-4.87206
-4.97214
-5.04933
-5.10476
-5.1087
-5.09229
-5.05094
-4.9752
-4.85918
-4.69563
-4.47076
-4.16008
-3.79415
9.48779
9.93622
10.3568
10.6197
10.7823
10.6478
10.4501
9.9157
9.6735
10.1053
10.2739
10.1847
10.0618
9.95159
9.83593
9.71147
9.58689
9.46735
9.35202
9.23675
9.11648
8.98365
8.82733
8.63765
8.42033
8.19066
7.9559
7.71598
7.47118
7.22233
6.97056
6.71592
6.45764
6.19387
5.92124
5.63378
5.32436
4.97648
4.64151
8.68396
8.06966
7.31217
6.47058
5.64176
4.77376
3.94563
3.16085
2.50024
1.72691
1.41831
0.940176
0.368051
-0.153332
-0.632726
-1.09412
-1.54331
-1.97213
-2.36968
-2.73231
-3.05618
-3.33846
-3.57603
-3.76903
-3.92489
-4.05381
-4.16037
-4.23922
-4.29764
-4.33794
-4.32787
-4.30141
-4.25454
-4.17776
-4.06563
-3.91156
-3.70361
-3.41811
-3.08225
9.20376
9.6297
10.0158
10.2408
10.3542
10.1448
9.90193
9.27515
9.00315
9.53839
9.79538
9.74564
9.64413
9.55675
9.46559
9.36585
9.26361
9.16321
9.06322
8.96104
8.85266
8.73218
8.58936
8.41542
8.21531
8.0034
7.78627
7.56399
7.33663
7.10507
6.8706
6.63361
6.39383
6.14921
5.89715
5.63088
5.34393
5.01965
4.70487
8.435
7.83883
7.09913
6.27614
5.46588
4.61931
3.81577
3.05786
2.42587
1.67195
1.40626
0.999148
0.499782
0.0389389
-0.388495
-0.799715
-1.19989
-1.58227
-1.93865
-2.2628
-2.55161
-2.80207
-3.01121
-3.17994
-3.31445
-3.42323
-3.51123
-3.57322
-3.61743
-3.64747
-3.62783
-3.59534
-3.54558
-3.47058
-3.36339
-3.22099
-3.03167
-2.77976
-2.49603
8.93457
9.3379
9.68905
9.87823
9.93522
9.64801
9.36146
8.61953
8.29185
8.95897
9.33724
9.35083
9.2822
9.21126
9.12616
9.03034
8.93654
8.84934
8.76507
8.67856
8.58517
8.47916
8.35116
8.19309
8.00983
7.81544
7.61642
7.41286
7.20438
6.99174
6.77592
6.55749
6.33596
6.11016
5.87678
5.63027
5.36309
5.0618
4.76699
8.19678
7.61772
6.89344
6.08604
5.2895
4.45926
3.67207
2.93163
2.31793
1.57841
1.33708
1.00604
0.593571
0.1988
-0.174617
-0.532995
-0.879032
-1.20848
-1.51348
-1.78953
-2.03331
-2.24168
-2.41164
-2.54441
-2.64858
-2.73262
-2.8003
-2.8447
-2.87414
-2.89197
-2.86369
-2.82602
-2.77662
-2.70527
-2.60816
-2.47934
-2.30941
-2.07687
-1.80119
8.67706
9.05839
9.3781
9.53487
9.53282
9.17928
8.85447
7.94407
7.51107
8.31611
8.82881
8.93802
8.9558
8.95651
8.91109
8.82452
8.72283
8.62361
8.53091
8.44175
8.35139
8.25322
8.13727
7.99385
7.82498
7.64343
7.4566
7.26532
7.06982
6.8708
6.6691
6.46554
6.2598
6.05072
5.83526
5.60774
5.35906
5.07547
4.78972
7.98386
7.41831
6.70762
5.91251
5.12693
4.30904
3.53144
2.80167
2.19598
1.45341
1.2021
0.95297
0.639998
0.318994
0.00475008
-0.299576
-0.5991
-0.88811
-1.15853
-1.40234
-1.61807
-1.80204
-1.95465
-2.07516
-2.16803
-2.23732
-2.29109
-2.32366
-2.34544
-2.36002
-2.3302
-2.2923
-2.24592
-2.18146
-2.09575
-1.98552
-1.84666
-1.67018
-1.4933
8.44947
8.8149
9.1108
9.23949
9.17912
8.78578
8.40939
7.23629
6.66543
7.61582
8.20703
8.34026
8.41294
8.51309
8.58742
8.61203
8.59577
8.5504
8.48565
8.40791
8.32106
8.22435
8.1128
7.98116
7.8321
7.67182
7.50252
7.32483
7.13997
6.94939
6.75449
6.55627
6.35509
6.15105
5.94222
5.72422
5.48951
5.22246
4.94641
7.84247
7.27813
6.56632
5.76978
4.98227
4.16621
3.38767
2.6632
2.05102
1.27706
0.990989
0.837586
0.627276
0.379892
0.142456
-0.0754958
-0.285747
-0.492895
-0.689228
-0.869093
-1.02602
-1.15743
-1.25879
-1.33452
-1.39314
-1.44329
-1.48177
-1.50193
-1.50971
-1.51282
-1.4767
-1.44011
-1.39697
-1.33862
-1.26236
-1.16356
-1.03139
-0.841696
-0.597993
8.30532
8.66327
8.93963
9.02946
8.89469
8.44364
7.90417
6.35432
5.76021
7.05969
7.79494
7.88578
7.83063
7.79015
7.76875
7.76855
7.79082
7.82343
7.84882
7.85329
7.83147
7.7791
7.69321
7.57584
7.44338
7.31047
7.17798
7.04198
6.90036
6.75298
6.59984
6.4404
6.2731
6.09637
5.90775
5.70461
5.48644
5.25863
5.09181
7.77419
7.18817
6.44314
5.60929
4.78484
3.93551
3.12765
2.38622
1.73673
0.937654
0.66868
0.656266
0.564286
0.368756
0.150155
-0.0547036
-0.2468
-0.427994
-0.595084
-0.744588
-0.875631
-0.988187
-1.08149
-1.15368
-1.20245
-1.23183
-1.25397
-1.26568
-1.27599
-1.28407
-1.25768
-1.22917
-1.20054
-1.1658
-1.12093
-1.06525
-1.00148
-0.934554
-0.903717
8.24549
8.59559
8.83839
8.85824
8.6001
7.98391
7.03026
5.06042
4.59336
6.61647
7.97107
8.53098
8.71293
8.66978
8.45295
8.14438
7.82489
7.55151
7.34565
7.20298
7.11217
7.05742
7.01717
6.95206
6.83164
6.67592
6.51211
6.34556
6.1773
6.00824
5.84066
5.67796
5.52154
5.37268
5.22753
5.07641
4.8927
4.62358
4.21314
7.61753
7.00772
6.21975
5.33677
4.46012
3.56113
2.70937
1.93483
1.22638
0.44517
0.205177
0.32154
0.438877
0.47547
0.466442
0.431263
0.377231
0.309703
0.233894
0.156229
0.0818852
0.0167547
-0.0380243
-0.0814369
-0.119681
-0.149907
-0.169892
-0.177589
-0.172671
-0.169293
-0.165857
-0.134182
-0.0856821
-0.0343631
0.0244033
0.104497
0.220097
0.401158
0.652146
8.09234
8.42313
8.61949
8.56137
8.17639
7.34546
5.89164
3.6153
2.64595
4.8359
6.73867
8.24089
9.46907
10.4805
11.2254
11.6988
11.9604
12.0423
11.9946
11.8599
11.6745
11.4604
11.2499
11.1025
11.051
11.0059
10.9009
10.7501
10.5741
10.3781
10.1602
9.92
9.65925
9.38178
9.09253
8.80159
8.53994
8.34423
8.36995
-154.012
-159.114
-162.665
-166.005
-168.262
-169.161
-168.932
-167.865
-166.166
-163.939
-161.188
-157.94
-154.287
-150.359
-146.296
-142.251
-138.396
-134.871
-131.788
-129.241
-127.348
-126.204
-125.868
-126.341
-127.584
-129.522
-132.035
-134.948
-138.065
-141.239
-144.29
-147.043
-149.279
-150.812
-151.429
-150.985
-149.324
-146.35
-141.987
-136.3
-129.518
-121.99
-114.078
-106.131
-98.3156
-90.714
-83.4069
-76.4549
-69.8696
-63.6642
-57.8405
-52.4002
-47.3423
-42.6591
-38.3394
-34.3691
-30.7319
-27.41
-24.3844
-21.635
-19.1433
-16.8895
-14.8556
-13.0222
-11.3755
-9.89181
-8.57125
-7.53061
-6.65864
-5.8247
-5.03035
-4.26909
-3.57425
-2.88528
-2.34668
-1.64984
-1.41989
-0.473618
-0.911108
0.780579
-144.626
-139.406
-134.413
-129.556
-124.736
-120.014
-115.333
-110.715
-106.234
-101.816
-97.5567
-93.4065
-89.4124
-85.5656
-81.8753
-78.3501
-74.9814
-71.7796
-68.7286
-65.8347
-63.0777
-60.4585
-57.9553
-55.5657
-53.2681
-51.0566
-48.9118
-46.8274
-44.7869
-42.7844
-40.8078
-38.853
-36.9117
-34.9824
-33.0614
-31.1496
-29.2471
-27.3573
-25.4831
-23.6301
-21.8031
-20.009
-18.2536
-16.544
-14.8862
-13.2867
-11.751
-10.284
-8.88981
-7.57227
-6.33328
-5.17512
-4.09749
-3.10068
-2.18321
-1.34348
-0.578972
0.11326
0.736543
1.29448
1.79163
2.23206
2.61969
2.95922
3.25542
3.50951
3.73174
3.8896
4.00971
4.12509
4.23076
4.32908
4.41737
4.50024
4.58583
4.62185
4.77048
5.02387
3.93383
8.32503
-61.1323
-61.6639
-63.2435
-65.7152
-68.5896
-71.6312
-74.7462
-77.8219
-80.7987
-83.63
-86.4194
-89.2381
-92.1927
-95.38
-98.9031
-102.764
-106.98
-111.559
-116.537
-121.946
-127.775
-133.965
-140.424
-147.046
-153.686
-160.184
-166.362
-172.111
-177.374
-181.998
-185.787
-188.517
-189.991
-189.973
-188.261
-184.651
-179.046
-171.468
-162.171
-151.614
-140.477
-129.4
-118.744
-108.729
-99.4319
-90.7521
-82.6444
-75.0928
-68.0892
-61.6114
-55.6359
-50.1415
-45.1006
-40.4883
-36.2766
-32.4395
-28.9503
-25.7831
-22.9133
-20.3173
-17.972
-15.8566
-13.9517
-12.237
-10.6985
-9.31226
-8.07929
-7.10242
-6.28431
-5.50529
-4.76259
-4.04761
-3.39684
-2.74542
-2.24153
-1.57638
-1.36685
-0.458675
-0.885477
0.765394
-60.1224
-59.2519
-58.552
-57.898
-57.3354
-56.8023
-56.3173
-55.8607
-55.4309
-55.0106
-54.6077
-54.193
-53.7799
-53.339
-52.8809
-52.3826
-51.8501
-51.2658
-50.635
-49.9457
-49.2014
-48.3936
-47.5257
-46.5927
-45.5973
-44.5359
-43.4114
-42.222
-40.97
-39.6551
-38.2801
-36.8466
-35.3583
-33.8189
-32.2338
-30.6084
-28.95
-27.2656
-25.564
-23.8532
-22.1431
-20.4423
-18.7607
-17.1069
-15.4899
-13.9176
-12.3976
-10.9363
-9.53977
-8.21222
-6.95821
-5.77921
-4.67777
-3.65393
-2.70779
-1.83788
-1.04248
-0.319105
0.335173
0.923988
1.45061
1.91905
2.33365
2.69843
3.01831
3.29495
3.53936
3.71473
3.84836
3.97652
4.09391
4.20383
4.30212
4.39284
4.48414
4.53048
4.66781
4.94261
3.89405
8.05525
-9.32644
-10.6137
-12.5251
-14.9641
-17.9581
-21.4965
-25.5439
-30.0711
-35.0705
-40.5242
-46.4377
-52.7738
-59.494
-66.4764
-73.6704
-81.0868
-88.8122
-96.8488
-105.206
-113.843
-122.717
-131.717
-140.722
-149.568
-158.09
-166.105
-173.445
-179.971
-185.619
-190.374
-194.163
-196.861
-198.292
-198.277
-196.598
-193.067
-187.495
-179.798
-170.023
-158.475
-145.766
-132.794
-120.274
-108.597
-98.0241
-88.5065
-79.8504
-71.9618
-64.7782
-58.2442
-52.3111
-46.9267
-42.0465
-37.6263
-33.6273
-30.0124
-26.7467
-23.7993
-21.141
-18.7446
-16.5864
-14.6437
-12.8971
-11.3261
-9.91701
-8.64701
-7.51634
-6.61589
-5.86163
-5.14555
-4.46169
-3.8021
-3.20134
-2.59584
-2.12795
-1.50477
-1.30975
-0.452143
-0.866052
0.740458
-8.47935
-8.79761
-9.9249
-11.5749
-13.4968
-15.5264
-17.5663
-19.59
-21.569
-23.5056
-25.3741
-27.1766
-28.8917
-30.5171
-32.0362
-33.4432
-34.7242
-35.8718
-36.8761
-37.7294
-38.4247
-38.9558
-39.3198
-39.5131
-39.5368
-39.3906
-39.08
-38.6083
-37.984
-37.2134
-36.3076
-35.2754
-34.1292
-32.8797
-31.54
-30.1219
-28.6385
-27.102
-25.5251
-23.9201
-22.2989
-20.6734
-19.0544
-17.4528
-15.8781
-14.3396
-12.8453
-11.403
-10.0181
-8.69731
-7.44326
-6.26042
-5.15022
-4.11464
-3.15322
-2.26568
-1.45056
-0.705812
-0.0289346
0.582758
1.13278
1.62446
2.06133
2.44793
2.78866
3.0856
3.34994
3.5415
3.68795
3.82848
3.95801
4.07847
4.18678
4.28556
4.38402
4.44186
4.57108
4.83968
3.88155
7.74123
-30.3465
-32.5786
-35.0658
-37.7067
-40.5902
-43.7802
-47.2591
-51.0732
-55.1922
-59.663
-64.422
-69.5028
-74.8515
-80.545
-86.5763
-92.9954
-99.7284
-106.809
-114.212
-121.945
-129.894
-137.997
-146.123
-154.167
-161.958
-169.342
-176.125
-182.128
-187.174
-191.15
-193.976
-195.545
-195.744
-194.474
-191.686
-187.318
-181.312
-173.616
-164.25
-153.352
-141.263
-128.634
-116.232
-104.449
-93.6296
-83.9464
-75.2581
-67.4275
-60.3752
-54.0332
-48.3303
-43.2048
-38.5974
-34.4575
-30.7377
-27.3948
-24.3912
-21.6918
-19.2661
-17.0863
-15.1273
-13.3672
-11.7865
-10.3654
-9.09106
-7.94104
-6.9173
-6.09816
-5.40886
-4.75594
-4.1321
-3.52837
-2.97877
-2.42102
-1.9923
-1.41078
-1.24223
-0.417779
-0.855173
0.757644
-28.6641
-27.9439
-27.7384
-27.9987
-28.6437
-29.5949
-30.6817
-31.7916
-32.8589
-33.8963
-34.8765
-35.8129
-36.6801
-37.4897
-38.2189
-38.8782
-39.4463
-39.932
-40.3167
-40.6087
-40.7913
-40.8715
-40.835
-40.689
-40.4213
-40.039
-39.5338
-38.9136
-38.1737
-37.3231
-36.3611
-35.2981
-34.1368
-32.8887
-31.5599
-30.1626
-28.7053
-27.2001
-25.6573
-24.0884
-22.5041
-20.9153
-19.3322
-17.7643
-16.2212
-14.7108
-13.2416
-11.8195
-10.4519
-9.1423
-7.89625
-6.71618
-5.60535
-4.56451
-3.59466
-2.69532
-1.8657
-1.10421
-0.408819
0.223135
0.793879
1.30661
1.76492
2.17266
2.53394
2.85093
3.13494
3.34216
3.50195
3.65578
3.79788
3.93111
4.05157
4.16215
4.26941
4.33921
4.4667
4.72555
3.83404
7.47224
-62.8651
-64.9348
-67.1897
-69.5508
-72.0928
-74.8068
-77.7227
-80.7895
-84.0444
-87.425
-90.9655
-94.5919
-98.3349
-102.129
-106.039
-110.059
-114.262
-118.618
-123.143
-127.788
-132.594
-137.531
-142.574
-147.63
-152.637
-157.475
-162.036
-166.166
-169.712
-172.516
-174.488
-175.541
-175.55
-174.371
-171.878
-167.961
-162.561
-155.69
-147.417
-137.867
-127.284
-116.111
-105.04
-94.4759
-84.5696
-75.6193
-67.6264
-60.4544
-54.0206
-48.2552
-43.0943
-38.474
-34.339
-30.6376
-27.3229
-24.3537
-21.6912
-19.3039
-17.1616
-15.2388
-13.5116
-11.9599
-10.566
-9.31166
-8.18563
-7.16703
-6.26055
-5.52943
-4.91042
-4.32532
-3.76465
-3.22022
-2.72505
-2.21766
-1.83301
-1.2924
-1.15869
-0.359336
-0.837381
0.799835
-61.3571
-60.1779
-59.1894
-58.3348
-57.6685
-57.1628
-56.7556
-56.3392
-55.9124
-55.4551
-54.9872
-54.4825
-53.9623
-53.4002
-52.8174
-52.1878
-51.5309
-50.8229
-50.0822
-49.2875
-48.4553
-47.5672
-46.6382
-45.6529
-44.624
-43.539
-42.4095
-41.2257
-39.9977
-38.7185
-37.3974
-36.0302
-34.6249
-33.1802
-31.7036
-30.1965
-28.6662
-27.1162
-25.5542
-23.9853
-22.4169
-20.8555
-19.3083
-17.7817
-16.2826
-14.8174
-13.3917
-12.0119
-10.6814
-9.40596
-8.18817
-7.03209
-5.93904
-4.91117
-3.94891
-3.05266
-2.22186
-1.4553
-0.75149
-0.108869
0.47507
1.00274
1.4769
1.9013
2.27939
2.6132
2.91405
3.13514
3.30651
3.47234
3.627
3.772
3.90434
4.02608
4.1437
4.224
4.35326
4.60247
3.76278
7.22527
-83.969
-85.6089
-87.4037
-89.3215
-91.3491
-93.5172
-95.7947
-98.1928
-100.66
-103.207
-105.774
-108.364
-110.914
-113.42
-115.824
-118.129
-120.289
-122.312
-124.199
-126.028
-127.829
-129.647
-131.487
-133.377
-135.306
-137.248
-139.135
-140.891
-142.408
-143.572
-144.259
-144.389
-143.864
-142.566
-140.367
-137.167
-132.875
-127.452
-120.919
-113.409
-105.108
-96.2932
-87.4581
-79.0378
-71.0085
-63.5632
-56.8881
-50.91
-45.5437
-40.7339
-36.4258
-32.5698
-29.1186
-26.0289
-23.2619
-20.7799
-18.554
-16.555
-14.7603
-13.1453
-11.6922
-10.3838
-9.20505
-8.14091
-7.18267
-6.31194
-5.53468
-4.90202
-4.36105
-3.84984
-3.35907
-2.87972
-2.4439
-1.99107
-1.65442
-1.15828
-1.06165
-0.292897
-0.806002
0.843916
-82.6415
-81.295
-79.935
-78.5585
-77.182
-75.825
-74.4523
-73.0609
-71.639
-70.2042
-68.7422
-67.2713
-65.7767
-64.2776
-62.758
-61.2366
-59.6973
-58.1584
-56.6037
-55.0502
-53.4831
-51.918
-50.3413
-48.7665
-47.1818
-45.5987
-44.007
-42.4164
-40.8188
-39.2222
-37.6209
-36.0216
-34.4201
-32.8225
-31.2264
-29.6366
-28.0527
-26.4789
-24.916
-23.368
-21.837
-20.3269
-18.8406
-17.3823
-15.9554
-14.5635
-13.2114
-11.9011
-10.6375
-9.42261
-8.26038
-7.15222
-6.10079
-5.10707
-4.17242
-3.29732
-2.48149
-1.72462
-1.02581
-0.383588
0.203307
0.736926
1.21963
1.65426
2.04363
2.38958
2.70314
2.935
3.11566
3.29149
3.45607
3.61171
3.75443
3.8866
4.01207
4.10126
4.23307
4.47063
3.68499
6.97101
-85.4682
-86.5663
-87.7932
-89.1178
-90.4923
-91.9051
-93.3948
-94.9357
-96.5193
-98.1118
-99.7068
-101.27
-102.783
-104.209
-105.528
-106.702
-107.71
-108.521
-109.121
-109.498
-109.641
-109.541
-109.224
-108.768
-108.273
-107.812
-107.425
-107.107
-106.818
-106.484
-106.023
-105.371
-104.471
-103.213
-101.49
-99.1878
-96.2272
-92.5372
-88.1155
-83.0144
-77.3924
-71.4324
-65.4143
-59.7058
-54.219
-48.8812
-43.9657
-39.5358
-35.5391
-31.9379
-28.6984
-25.7863
-23.1686
-20.8153
-18.6955
-16.787
-15.0657
-13.5155
-12.1139
-10.8472
-9.7012
-8.6637
-7.72313
-6.86819
-6.09363
-5.38324
-4.74872
-4.22201
-3.76487
-3.33477
-2.91966
-2.51021
-2.13865
-1.74485
-1.45968
-1.01252
-0.95296
-0.221612
-0.766044
0.883621
-84.3448
-83.061
-81.7497
-80.399
-79.0244
-77.6132
-76.1634
-74.6723
-73.1472
-71.5845
-69.993
-68.3691
-66.7226
-65.0497
-63.361
-61.6524
-59.9346
-58.2028
-56.4679
-54.7249
-52.9845
-51.2419
-49.5069
-47.7753
-46.056
-44.3446
-42.6486
-40.9642
-39.2971
-37.6439
-36.0092
-34.3903
-32.7904
-31.2077
-29.645
-28.101
-26.5781
-25.076
-23.5966
-22.1403
-20.709
-19.3034
-17.9258
-16.5776
-15.2604
-13.9773
-12.729
-11.5191
-10.3485
-9.22069
-8.13665
-7.09907
-6.10906
-5.16852
-4.2786
-3.44008
-2.65362
-1.91921
-1.23663
-0.605617
-0.0247619
0.507168
0.991421
1.43042
1.82605
2.17984
2.50225
2.74207
2.92977
3.11327
3.28658
3.4508
3.60252
3.74315
3.8765
3.97367
4.10843
4.33106
3.6042
6.70806
-71.2807
-71.9195
-72.616
-73.4309
-74.277
-75.1138
-75.957
-76.8075
-77.6416
-78.4415
-79.1948
-79.8899
-80.5101
-81.0361
-81.4517
-81.734
-81.8701
-81.8352
-81.6216
-81.2062
-80.5897
-79.7577
-78.7312
-77.5175
-76.1373
-74.5855
-72.9197
-71.2577
-69.7315
-68.3862
-67.1885
-66.0631
-64.9343
-63.732
-62.3797
-60.8071
-58.9369
-56.7281
-54.1483
-51.2359
-48.0769
-44.8098
-41.5624
-38.5688
-35.7749
-32.8422
-29.9145
-27.2001
-24.7152
-22.446
-20.3809
-18.5022
-16.7946
-15.2384
-13.8219
-12.5297
-11.3553
-10.2823
-9.30323
-8.4069
-7.58888
-6.83813
-6.15031
-5.5169
-4.93646
-4.39739
-3.91045
-3.49692
-3.1298
-2.78396
-2.44843
-2.11404
-1.81034
-1.47937
-1.24838
-0.853641
-0.833092
-0.143028
-0.720224
0.928853
-70.5177
-69.5885
-68.6624
-67.6914
-66.6985
-65.6667
-64.609
-63.5146
-62.3946
-61.238
-60.0562
-58.839
-57.5975
-56.3234
-55.0272
-53.702
-52.3576
-50.9889
-49.6044
-48.2005
-46.7846
-45.3545
-43.9166
-42.4702
-41.0207
-39.5685
-38.1182
-36.6708
-35.2299
-33.7966
-32.3742
-30.9636
-29.5667
-28.1846
-26.8187
-25.4697
-24.1386
-22.8259
-21.5325
-20.2589
-19.0058
-17.774
-16.5645
-15.3781
-14.2166
-13.0804
-11.9719
-10.8918
-9.84259
-8.82516
-7.84198
-6.89418
-5.98396
-5.1129
-4.28247
-3.4943
-2.74934
-2.04858
-1.39282
-0.781624
-0.214606
0.308153
0.787901
1.22581
1.62307
1.98073
2.30855
2.55354
2.74633
2.93594
3.1156
3.28722
3.44659
3.5954
3.73486
3.83927
3.97753
4.18298
3.51724
6.44
-51.7857
-51.9123
-52.0281
-52.2374
-52.4803
-52.7187
-52.9562
-53.1945
-53.4051
-53.5692
-53.6638
-53.679
-53.5861
-53.3763
-53.0268
-52.5443
-51.9119
-51.1405
-50.2149
-49.155
-47.9566
-46.6525
-45.2388
-43.7363
-42.127
-40.4383
-38.6918
-36.9445
-35.1955
-33.4819
-31.8811
-30.4947
-29.3258
-28.3069
-27.3515
-26.3962
-25.4023
-24.3335
-23.1887
-21.973
-20.7608
-19.6174
-18.6282
-17.8826
-17.3967
-16.7451
-15.7785
-14.7423
-13.7427
-12.7949
-11.8999
-11.0589
-10.2642
-9.51616
-8.80957
-8.14916
-7.52703
-6.94457
-6.39485
-5.88143
-5.3969
-4.94266
-4.51365
-4.10853
-3.72846
-3.36328
-3.03253
-2.7353
-2.45994
-2.20248
-1.95054
-1.69284
-1.4599
-1.1946
-1.02023
-0.681049
-0.701724
-0.0538607
-0.669285
0.980497
-51.4752
-51.0189
-50.552
-50.0529
-49.5214
-48.9675
-48.3777
-47.767
-47.12
-46.4528
-45.7493
-45.0258
-44.267
-43.4888
-42.6767
-41.8458
-40.9832
-40.1036
-39.195
-38.2709
-37.3214
-36.359
-35.375
-34.3804
-33.3685
-32.3492
-31.3166
-30.2794
-29.2332
-28.1853
-27.1326
-26.081
-25.0282
-23.979
-22.9319
-21.8904
-20.8534
-19.8236
-18.8003
-17.7851
-16.778
-15.7802
-14.792
-13.8151
-12.8497
-11.898
-10.9603
-10.0391
-9.13511
-8.25073
-7.38733
-6.5473
-5.73266
-4.94549
-4.18808
-3.46227
-2.7702
-2.11365
-1.49353
-0.910238
-0.365384
0.141885
0.610522
1.04188
1.43598
1.79332
2.12288
2.37057
2.56615
2.75948
2.94413
3.12109
3.28666
3.44161
3.58682
3.69767
3.84031
4.02697
3.42326
6.17199
-33.0634
-32.9391
-32.7617
-32.6158
-32.4655
-32.2822
-32.0845
-31.8732
-31.6365
-31.349
-31.0061
-30.5954
-30.1142
-29.5369
-28.8488
-28.0169
-27.0342
-25.876
-24.5519
-23.049
-21.3983
-19.6042
-17.7235
-15.7822
-13.8573
-11.977
-10.1907
-8.47293
-6.82699
-5.25074
-3.80416
-2.50162
-1.37205
-0.43758
0.28406
0.829328
1.25063
1.57484
1.81706
1.94104
1.91757
1.6775
1.17009
0.372229
-0.736967
-1.85799
-2.58828
-3.01113
-3.31342
-3.53769
-3.70194
-3.8078
-3.86425
-3.8723
-3.84583
-3.78492
-3.70112
-3.59184
-3.46781
-3.32638
-3.17613
-3.01285
-2.84353
-2.66571
-2.48647
-2.30051
-2.12348
-1.94532
-1.76493
-1.59714
-1.42941
-1.25199
-1.09167
-0.894159
-0.77856
-0.496089
-0.560422
0.0433416
-0.612446
1.03948
-33.0043
-32.8261
-32.655
-32.4538
-32.2468
-32.0147
-31.7748
-31.5097
-31.2362
-30.9372
-30.6299
-30.2974
-29.9567
-29.591
-29.2173
-28.8194
-28.4135
-27.9836
-27.5452
-27.0837
-26.6135
-26.1203
-25.6178
-25.0933
-24.5592
-24.0041
-23.4389
-22.8544
-22.26
-21.6478
-21.0258
-20.3882
-19.7412
-19.0805
-18.4108
-17.7295
-17.0399
-16.3402
-15.6329
-14.9171
-14.1944
-13.4645
-12.7296
-11.9895
-11.2462
-10.5003
-9.75409
-9.00845
-8.26597
-7.5283
-6.79804
-6.07769
-5.3698
-4.67738
-4.00275
-3.34917
-2.71911
-2.11489
-1.53776
-0.990821
-0.473839
0.0104321
0.462433
0.881657
1.26767
1.62041
1.94804
2.19534
2.39149
2.58667
2.77372
2.95427
3.12406
3.28419
3.43309
3.54911
3.696
3.86343
3.32192
5.90111
-16.0241
-15.7675
-15.4804
-15.228
-14.9609
-14.6262
-14.2264
-13.7835
-13.3136
-12.8166
-12.2787
-11.6885
-11.032
-10.3069
-9.49833
-8.60025
-7.58622
-6.44672
-5.15159
-3.69599
-2.05452
-0.239573
1.75362
3.87663
6.091
8.29713
10.4167
12.3448
14.0488
15.516
16.7951
17.9018
18.8299
19.5289
19.9841
20.2128
20.2553
20.1399
19.8656
19.4212
18.758
17.8128
16.5439
14.9266
12.9706
10.796
8.83201
7.2615
5.95323
4.79994
3.78072
2.88339
2.10885
1.44038
0.87439
0.391527
-0.00763484
-0.339031
-0.604828
-0.818176
-0.978451
-1.09677
-1.17416
-1.21892
-1.23626
-1.2223
-1.20099
-1.14032
-1.05366
-0.975746
-0.894686
-0.796933
-0.710245
-0.581707
-0.525928
-0.302532
-0.411574
0.146765
-0.551179
1.0996
-16.1295
-16.174
-16.2247
-16.277
-16.3259
-16.379
-16.4255
-16.4751
-16.5154
-16.5572
-16.5876
-16.6176
-16.6339
-16.6483
-16.6468
-16.6418
-16.6195
-16.5923
-16.5466
-16.4946
-16.4235
-16.3447
-16.246
-16.1381
-16.0099
-15.8711
-15.7113
-15.539
-15.3457
-15.138
-14.9088
-14.6632
-14.3956
-14.1099
-13.8019
-13.4739
-13.1234
-12.7517
-12.3573
-11.9411
-11.5025
-11.0429
-10.5616
-10.0605
-9.53982
-9.0018
-8.44766
-7.87991
-7.30065
-6.71241
-6.11829
-5.52103
-4.9243
-4.33069
-3.74436
-3.16811
-2.60549
-2.05852
-1.53135
-1.02483
-0.542877
-0.085941
0.34373
0.746199
1.11945
1.46354
1.78562
2.02975
2.22426
2.41866
2.60646
2.78844
2.96077
3.12373
3.27527
3.3954
3.54621
3.69421
3.21471
5.63012
-4.9184
-4.56063
-4.13904
-3.73095
-3.34399
-2.94518
-2.50664
-2.01375
-1.47373
-0.900716
-0.297853
0.342501
1.03722
1.79402
2.62421
3.5294
4.52439
5.61355
6.81615
8.13669
9.59868
11.207
12.9849
14.9248
17.0313
19.258
21.5581
23.8133
25.9096
27.7043
29.1507
30.2571
31.1089
31.748
32.1817
32.3669
32.2884
31.9622
31.442
30.7384
29.8284
28.6639
27.183
25.343
23.1308
20.5999
17.9903
15.6526
13.633
11.8369
10.2014
8.7205
7.38694
6.20406
5.14965
4.22532
3.4129
2.70832
2.0961
1.57458
1.12965
0.759757
0.450353
0.200909
-0.00136073
-0.154508
-0.27976
-0.333552
-0.339401
-0.350145
-0.352595
-0.334958
-0.321442
-0.262304
-0.26714
-0.102559
-0.257011
0.253431
-0.486094
1.16283
-5.12254
-5.28107
-5.43658
-5.59291
-5.74308
-5.89792
-6.04632
-6.20057
-6.34872
-6.50368
-6.65297
-6.80944
-6.96067
-7.11936
-7.27281
-7.43334
-7.58874
-7.75052
-7.90679
-8.06813
-8.22342
-8.3821
-8.53343
-8.68562
-8.82883
-8.96977
-9.09902
-9.22201
-9.33033
-9.42783
-9.50683
-9.5699
-9.61048
-9.63001
-9.62308
-9.59038
-9.52773
-9.43575
-9.31152
-9.15555
-8.96649
-8.74379
-8.48785
-8.19865
-7.87793
-7.52696
-7.14787
-6.74294
-6.31441
-5.86581
-5.39975
-4.92039
-4.43021
-3.93416
-3.43474
-2.93669
-2.44233
-1.95643
-1.48078
-1.02007
-0.575577
-0.150873
0.25321
0.634337
0.991363
1.32309
1.63603
1.87444
2.06488
2.25679
2.44294
2.62457
2.7974
2.96204
3.11433
3.23711
3.39062
3.51949
3.1011
5.35547
3.68169
3.81818
4.07448
4.42696
4.82846
5.24218
5.66135
6.12205
6.64678
7.2462
7.90725
8.63137
9.41257
10.2585
11.1619
12.1275
13.1472
14.2283
15.368
16.5753
17.8485
19.1994
20.6263
22.1394
23.7368
25.4314
27.2179
29.0915
30.9922
32.8377
34.4858
35.8131
36.7415
37.3262
37.6766
37.8921
37.9674
37.8489
37.4827
36.872
36.0233
34.9331
33.5608
31.8565
29.7915
27.3714
24.6954
22.0217
19.5762
17.3719
15.3611
13.5043
11.8008
10.2415
8.83987
7.57878
6.45277
5.44647
4.5586
3.77549
3.09511
2.50235
1.99388
1.55843
1.18851
0.883514
0.619929
0.457827
0.364491
0.269841
0.185824
0.126631
0.0685806
0.0595839
-0.00470157
0.100087
-0.099525
0.363028
-0.418952
1.22612
3.63171
3.59418
3.5222
3.43771
3.32075
3.19066
3.02892
2.85354
2.64734
2.42748
2.17839
1.91549
1.6254
1.32219
0.994673
0.654985
0.294487
-0.0759175
-0.462855
-0.856993
-1.2626
-1.67137
-2.08589
-2.4991
-2.91189
-3.31793
-3.71711
-4.1039
-4.47728
-4.83231
-5.16746
-5.47851
-5.7636
-6.01918
-6.24336
-6.4333
-6.58721
-6.70316
-6.77989
-6.81663
-6.81266
-6.76801
-6.68249
-6.55706
-6.39231
-6.1899
-5.95171
-5.6797
-5.37722
-5.04661
-4.69193
-4.31534
-3.92202
-3.51393
-3.09646
-2.67187
-2.24507
-1.81835
-1.39661
-0.981689
-0.577923
-0.186869
0.187722
0.545388
0.88237
1.19873
1.49955
1.72954
1.91411
2.10119
2.284
2.46323
2.63507
2.79908
2.9509
3.07527
3.23042
3.34061
2.98226
5.08118
12.7232
13.0327
13.3903
13.8392
14.3847
14.9923
15.6078
16.2439
16.8991
17.5834
18.2613
18.9429
19.6155
20.3138
21.0333
21.8043
22.6143
23.4828
24.3919
25.3515
26.3402
27.3619
28.3954
29.4386
30.4749
31.5032
32.5184
33.5262
34.5387
35.5659
36.6142
37.6513
38.6065
39.3573
39.8134
39.9648
39.9156
39.7681
39.5508
39.1944
38.6234
37.7855
36.661
35.2255
33.4631
31.3661
28.9649
26.3753
23.8078
21.4066
19.1934
17.1494
15.2414
13.4762
11.8513
10.3713
9.02388
7.80718
6.70967
5.732
4.86049
4.09233
3.41385
2.82311
2.30677
1.86698
1.47862
1.21825
1.04356
0.871305
0.711416
0.579047
0.452626
0.377612
0.255012
0.302285
0.0586006
0.472124
-0.350436
1.29119
12.4715
12.1933
11.8906
11.564
11.2114
10.8369
10.4362
10.0147
9.56836
9.10299
8.61448
8.10934
7.58349
7.04385
6.48662
5.91911
5.33769
4.74994
4.15274
3.55388
2.9506
2.35075
1.75228
1.16286
0.58092
0.0137397
-0.539641
-1.07251
-1.58546
-2.07257
-2.53401
-2.96473
-3.36488
-3.73028
-4.061
-4.35369
-4.60853
-4.82296
-4.99737
-5.13009
-5.2221
-5.27253
-5.28292
-5.25283
-5.18393
-5.07648
-4.93257
-4.75392
-4.54275
-4.30179
-4.03301
-3.74061
-3.42612
-3.09479
-2.74822
-2.39109
-2.02566
-1.65651
-1.28553
-0.917336
-0.553594
-0.198829
0.145719
0.476548
0.791887
1.08987
1.3761
1.59537
1.77218
1.95263
2.13
2.30517
2.4739
2.6362
2.78565
2.91029
3.06548
3.15777
2.85754
4.80333
13.2404
13.6218
13.9207
14.1713
14.4852
14.8617
15.2779
15.7156
16.2451
16.8985
17.7268
18.7035
19.8447
21.0988
22.4668
23.887
25.3546
26.8111
28.253
29.6315
30.9488
32.1694
33.2995
34.3154
35.226
36.0174
36.6978
37.2621
37.7235
38.0952
38.407
38.6984
39.0096
39.3651
39.7358
40.041
40.1639
40.0486
39.7234
39.2795
38.751
38.1046
37.2593
36.156
34.7512
33.0407
31.0351
28.7869
26.3995
24.0304
21.7758
19.6655
17.7038
15.8683
14.1524
12.5551
11.0849
9.73535
8.50826
7.39352
6.38995
5.4862
4.67975
3.96206
3.32676
2.77165
2.27736
1.92908
1.68381
1.44093
1.21199
1.01203
0.82187
0.684812
0.507774
0.498646
0.212961
0.579018
-0.282869
1.35336
12.8091
12.3491
11.8819
11.3999
10.9125
10.4081
9.89929
9.37483
8.85035
8.3118
7.77692
7.23032
6.69069
6.14198
5.60272
5.05713
4.52289
3.9856
3.46134
2.93709
2.42709
1.92052
1.42968
0.945434
0.478306
0.0211985
-0.416984
-0.841882
-1.24591
-1.63319
-1.99735
-2.34157
-2.66041
-2.9562
-3.2244
-3.46682
-3.67966
-3.86436
-4.01785
-4.1414
-4.23269
-4.2929
-4.32046
-4.31685
-4.28102
-4.21476
-4.11744
-3.99103
-3.83556
-3.65316
-3.44552
-3.2141
-2.96256
-2.69186
-2.40568
-2.1059
-1.79615
-1.4782
-1.15622
-0.831641
-0.508791
-0.189276
0.122923
0.426778
0.717812
0.996283
1.26499
1.47226
1.63933
1.81148
1.98173
2.15087
2.31517
2.47341
2.61932
2.74324
2.89703
2.9724
2.72854
4.52543
6.00356
6.35622
6.60521
6.74181
6.85917
7.00141
7.15437
7.34397
7.65361
8.18951
8.99745
10.0812
11.3931
12.8957
14.5244
16.2446
17.9968
19.7587
21.4819
23.1566
24.7471
26.2538
27.6516
28.9481
30.128
31.2016
32.1605
33.0158
33.7641
34.4153
34.9713
35.446
35.856
36.23
36.5997
36.9839
37.3677
37.6802
37.8221
37.7099
37.3451
36.782
36.0749
35.2134
34.1546
32.8434
31.2652
29.4335
27.4125
25.2942
23.1914
21.1684
19.2541
17.4524
15.7479
14.1339
12.6171
11.2134
9.92095
8.73675
7.64929
6.65904
5.75953
4.95063
4.22215
3.57813
2.99511
2.5759
2.26827
1.96585
1.67568
1.41593
1.16826
0.97413
0.746158
0.684691
0.360759
0.678649
-0.217228
1.41224
5.58841
5.18359
4.79389
4.41902
4.05996
3.71628
3.38557
3.0674
2.75905
2.46056
2.16924
1.88549
1.60691
1.3347
1.06631
0.803811
0.544244
0.290586
0.0394185
-0.205372
-0.447795
-0.683297
-0.916287
-1.14171
-1.36411
-1.57825
-1.78865
-1.98998
-2.18628
-2.37242
-2.55204
-2.72021
-2.87983
-3.02641
-3.16233
-3.28348
-3.39161
-3.48313
-3.55939
-3.61727
-3.65779
-3.67832
-3.67973
-3.65987
-3.61969
-3.55749
-3.47452
-3.36942
-3.24363
-3.09636
-2.92886
-2.74191
-2.53637
-2.31402
-2.07644
-1.82558
-1.5633
-1.29239
-1.01422
-0.73207
-0.447411
-0.163911
0.117132
0.392219
0.659025
0.91551
1.16619
1.35899
1.51549
1.67771
1.83917
2.00088
2.15874
2.31193
2.45273
2.57482
2.72524
2.78503
2.59497
4.24265
2.90332
3.36582
3.74558
4.00542
4.21465
4.42248
4.6251
4.81068
5.00766
5.28756
5.72997
6.37802
7.24015
8.28497
9.47827
10.7723
12.137
13.5335
14.9443
16.3404
17.7143
19.045
20.3323
21.5615
22.737
23.8492
24.9055
25.8999
26.8413
27.727
28.5652
29.3543
30.1004
30.8024
31.4649
32.0906
32.6849
33.2437
33.7391
34.1087
34.2632
34.1346
33.7134
33.0552
32.2182
31.2268
30.0574
28.6846
27.1049
25.3688
23.5567
21.7525
19.9905
18.2904
16.6625
15.1106
13.635
12.2435
10.9462
9.73921
8.62033
7.58404
6.63244
5.76347
4.97371
4.26332
3.61626
3.1385
2.78324
2.43095
2.091
1.77913
1.48174
1.23687
0.964835
0.854109
0.496886
0.767979
-0.155004
1.46245
2.43547
1.99574
1.58113
1.19007
0.821839
0.477312
0.153761
-0.146328
-0.42735
-0.685583
-0.926337
-1.14567
-1.34919
-1.53342
-1.70356
-1.85668
-1.99726
-2.12353
-2.23889
-2.34238
-2.43634
-2.52094
-2.59744
-2.66688
-2.72948
-2.78712
-2.83921
-2.88814
-2.93247
-2.97486
-3.01333
-3.05045
-3.08371
-3.11537
-3.14264
-3.16733
-3.18649
-3.20136
-3.20899
-3.21026
-3.20233
-3.18577
-3.15802
-3.11949
-3.06795
-3.0037
-2.92487
-2.83203
-2.7238
-2.60093
-2.46232
-2.30879
-2.13972
-1.9567
-1.75976
-1.55091
-1.33101
-1.1017
-0.864633
-0.621244
-0.374039
-0.124399
0.124685
0.371809
0.612706
0.847257
1.07761
1.25587
1.40031
1.55149
1.70292
1.85578
2.00592
2.15193
2.2865
2.40595
2.551
2.59649
2.45959
3.9569
3.94102
4.37083
4.76143
5.07074
5.3411
5.60589
5.87392
6.13606
6.38774
6.63849
6.92069
7.27235
7.72161
8.2814
8.95294
9.72779
10.5874
11.5124
12.4809
13.478
14.4865
15.4983
16.4995
17.4871
18.4497
19.3893
20.2972
21.1795
22.0306
22.8602
23.6657
24.459
25.2401
26.02
26.7982
27.5789
28.354
29.1107
29.822
30.4441
30.9087
31.1261
31.0119
30.528
29.7209
28.7063
27.6115
26.5122
25.4106
24.255
22.9993
21.6271
20.1511
18.5914
17.0097
15.4963
14.1047
12.818
11.5921
10.413
9.29147
8.24579
7.27813
6.38693
5.56351
4.81434
4.12246
3.60577
3.21371
2.82613
2.44574
2.09302
1.75418
1.46687
1.15693
1.00165
0.619517
0.841075
-0.0953333
1.50234
3.52405
3.12574
2.74048
2.36744
2.00874
1.66239
1.3313
1.01284
0.710152
0.420199
0.146257
-0.114847
-0.359981
-0.592428
-0.809391
-1.01398
-1.20367
-1.38145
-1.54524
-1.69765
-1.83684
-1.96501
-2.08092
-2.18631
-2.2803
-2.36414
-2.43762
-2.50158
-2.55638
-2.60248
-2.64081
-2.67135
-2.69541
-2.71275
-2.72481
-2.73086
-2.73232
-2.72822
-2.71955
-2.70503
-2.68527
-2.65885
-2.62596
-2.58521
-2.53651
-2.47846
-2.41088
-2.33245
-2.24318
-2.1421
-2.02937
-1.90427
-1.76724
-1.61793
-1.45728
-1.28541
-1.10334
-0.911846
-0.712017
-0.505224
-0.292544
-0.0762982
0.14249
0.361071
0.576561
0.788013
0.998011
1.1603
1.29247
1.43157
1.57236
1.71485
1.85596
1.99391
2.12178
2.23744
2.37484
2.40677
2.32425
3.66274
5.44756
5.7761
6.08931
6.36044
6.6109
6.85972
7.11385
7.37037
7.62722
7.88227
8.13816
8.40127
8.68509
9.00279
9.36325
9.76978
10.2257
10.735
11.2983
11.9121
12.5662
13.2517
13.957
14.6765
15.4003
16.1264
16.8467
17.5616
18.2642
18.9579
19.6374
20.3078
20.9647
21.6131
22.2483
22.8727
23.4778
24.0564
24.5913
25.0641
25.4515
25.7347
25.8971
25.9196
25.773
25.4268
24.8723
24.1442
23.3114
22.4247
21.4838
20.4442
19.2865
18.039
16.7578
15.4831
14.2456
13.0577
11.9148
10.8073
9.74158
8.73022
7.77962
6.88867
6.0546
5.28259
4.56458
4.01635
3.59712
3.17862
2.76558
2.37405
1.99984
1.67044
1.32995
1.12745
0.729988
0.894556
-0.0367426
1.52759
5.13198
4.82342
4.51968
4.22024
3.92607
3.63699
3.35381
3.07626
2.80524
2.54032
2.28252
2.03139
1.78798
1.55146
1.32319
1.10221
0.889724
0.684499
0.488008
0.298709
0.118187
-0.0553815
-0.220264
-0.378219
-0.527532
-0.669963
-0.803773
-0.93053
-1.04853
-1.15923
-1.26108
-1.35512
-1.44017
-1.51716
-1.58514
-1.64471
-1.69544
-1.73777
-1.77151
-1.79684
-1.81369
-1.82207
-1.82203
-1.81338
-1.79609
-1.7698
-1.73445
-1.68937
-1.63473
-1.56977
-1.49473
-1.40895
-1.31279
-1.20568
-1.08841
-0.960562
-0.823066
-0.675843
-0.519941
-0.355626
-0.1843
-0.00682895
0.175168
0.359801
0.544327
0.728827
0.913256
1.05748
1.17507
1.3007
1.42851
1.55926
1.68971
1.81828
1.93718
2.04996
2.17787
2.1982
2.18329
3.34299
6.62892
6.86345
7.08753
7.28825
7.47991
7.67287
7.86977
8.06866
8.2687
8.46946
8.67176
8.87621
9.0842
9.29774
9.52095
9.75857
10.0144
10.2894
10.583
10.8981
11.2407
11.6174
12.0295
12.4735
12.9414
13.4271
13.9222
14.4226
14.9211
15.4149
15.8969
16.3662
16.8158
17.2462
17.6508
18.0312
18.382
18.7073
19.0064
19.2892
19.5641
19.8463
20.1433
20.4518
20.7398
20.9475
20.9993
20.8358
20.4435
19.86
19.1521
18.3737
17.5479
16.6792
15.7771
14.8413
13.8596
12.8338
11.8028
10.8056
9.85317
8.93477
8.04606
7.19106
6.37688
5.61365
4.89187
4.33378
3.89898
3.4639
3.02607
2.60844
2.20451
1.84473
1.47424
1.23754
0.817669
0.949076
-0.00313584
1.57942
6.40134
6.17419
5.9469
5.71939
5.49161
5.26432
5.03707
4.81072
4.58489
4.36034
4.13686
3.91526
3.69523
3.47747
3.26208
3.04955
2.83991
2.63362
2.43095
2.23207
2.03745
1.84681
1.66098
1.47951
1.30324
1.13137
0.964993
0.803154
0.647211
0.495943
0.350893
0.210908
0.0776449
-0.0500641
-0.17037
-0.28438
-0.390346
-0.489217
-0.579399
-0.661709
-0.734799
-0.79928
-0.854149
-0.89973
-0.935308
-0.961105
-0.976582
-0.981728
-0.976304
-0.960184
-0.9333
-0.895441
-0.846735
-0.786923
-0.71642
-0.63505
-0.543453
-0.441557
-0.330126
-0.209189
-0.079865
0.0574343
0.201297
0.350415
0.502204
0.657188
0.815453
0.938957
1.04141
1.15217
1.26655
1.3845
1.50364
1.62056
1.73049
1.83957
1.96151
1.97467
2.01096
3.06976
6.42068
6.59272
6.75707
6.90608
7.05053
7.19666
7.34625
7.49768
7.65093
7.80578
7.96327
8.12351
8.28717
8.4539
8.62423
8.79837
8.97737
9.16307
9.35775
9.56336
9.7795
10.0062
10.2454
10.5043
10.7893
11.1045
11.4448
11.8048
12.1745
12.5497
12.9224
13.2906
13.648
13.9949
14.3265
14.6459
14.9501
15.2441
15.5256
15.7995
16.0637
16.32
16.5598
16.7754
16.9481
17.0589
17.0891
17.0291
16.8796
16.6463
16.3403
15.9699
15.5414
15.0429
14.4529
13.7545
12.9627
12.1136
11.2503
10.4038
9.58507
8.78299
7.98843
7.20607
6.44697
5.72386
5.02975
4.48268
4.05389
3.61937
3.17909
2.75095
2.33673
1.95878
1.57269
1.31417
0.878132
0.990266
0.0163424
1.62627
6.25077
6.07922
5.90642
5.73246
5.55714
5.38117
5.20397
5.02638
4.84779
4.66905
4.48958
4.31013
4.13028
3.95068
3.77106
3.59192
3.41323
3.23535
3.05839
2.88266
2.70849
2.53594
2.36557
2.1973
2.03181
1.86889
1.70933
1.55269
1.39995
1.25046
1.10528
0.963724
0.826912
0.694089
0.566606
0.443686
0.326676
0.214922
0.109823
0.0107553
-0.0810002
-0.165982
-0.242932
-0.312274
-0.373034
-0.425412
-0.46856
-0.502486
-0.526665
-0.540907
-0.544995
-0.538604
-0.521818
-0.494311
-0.456405
-0.407892
-0.349226
-0.28032
-0.201722
-0.113503
-0.0163957
0.0892398
0.202581
0.32224
0.446268
0.575906
0.709714
0.814817
0.902308
0.998888
1.09965
1.2053
1.31252
1.41933
1.52096
1.62616
1.74249
1.75125
1.82755
2.80556
5.83565
5.96738
6.09448
6.21071
6.32332
6.43716
6.55371
6.67171
6.79101
6.91133
7.03342
7.15726
7.28336
7.41151
7.54202
7.67488
7.81035
7.9487
8.09019
8.23529
8.3846
8.53956
8.70081
8.86812
9.04075
9.22243
9.41996
9.64229
9.89101
10.1631
10.4493
10.7431
11.0365
11.3263
11.6065
11.8765
12.1317
12.3742
12.6015
12.8166
13.0169
13.2049
13.3758
13.5289
13.6574
13.7586
13.8273
13.8644
13.8698
13.8412
13.7687
13.633
13.4161
13.1067
12.7068
12.2185
11.6497
11.0199
10.3566
9.67591
8.98599
8.29365
7.60475
6.92054
6.24456
5.58661
4.94364
4.43096
4.02714
3.61647
3.19198
2.77622
2.36693
1.99133
1.6041
1.33853
0.900722
1.00133
0.0202263
1.65241
5.70463
5.57222
5.43894
5.30477
5.16941
5.03345
4.8963
4.75856
4.61966
4.48029
4.33984
4.19895
4.05709
3.91488
3.77183
3.62849
3.48449
3.34032
3.19569
3.05106
2.90628
2.76173
2.61738
2.47357
2.33046
2.18831
2.04736
1.90776
1.76995
1.63389
1.50012
1.36851
1.23968
1.11342
0.990516
0.870666
0.754805
0.642642
0.535228
0.4323
0.334941
0.24289
0.157225
0.0777429
0.0053936
-0.0599454
-0.117425
-0.167052
-0.208188
-0.240701
-0.264129
-0.278284
-0.282953
-0.277923
-0.26319
-0.238641
-0.204432
-0.160538
-0.10731
-0.0447587
0.0265141
0.106479
0.194393
0.289216
0.38928
0.495775
0.607356
0.69457
0.768033
0.850458
0.93775
1.03002
1.12524
1.22083
1.31319
1.4139
1.5227
1.52982
1.63622
2.52809
5.07607
5.18291
5.28452
5.37657
5.46575
5.55621
5.64891
5.74284
5.83789
5.93362
6.03041
6.12806
6.22702
6.32716
6.42877
6.53179
6.63644
6.74276
6.85085
6.96074
7.07237
7.18608
7.3021
7.42117
7.5436
7.66996
7.79868
7.93027
8.06825
8.22231
8.39927
8.60125
8.82041
9.04976
9.27964
9.50653
9.72392
9.93103
10.1236
10.3034
10.4684
10.6226
10.7644
10.8973
11.0189
11.1305
11.2284
11.3097
11.3687
11.3992
11.3927
11.3383
11.2257
11.0449
10.7949
10.4817
10.1145
9.69581
9.22682
8.71115
8.15715
7.57763
6.99103
6.40699
5.82317
5.24219
4.66057
4.19303
3.82608
3.44884
3.0563
2.66546
2.28101
1.92233
1.55237
1.29581
0.870596
0.973345
-0.000676847
1.65335
4.96971
4.86233
4.75439
4.6459
4.53654
4.42684
4.31624
4.20533
4.09351
3.98144
3.86854
3.7554
3.64146
3.52734
3.41251
3.29755
3.18195
3.06624
2.94999
2.83371
2.71698
2.6003
2.48331
2.36653
2.24967
2.1332
2.01701
1.90152
1.7867
1.67289
1.56019
1.44885
1.33904
1.2309
1.12472
1.02056
0.918845
0.819596
0.723366
0.630196
0.540782
0.45515
0.374059
0.297511
0.226335
0.160509
0.100788
0.0472358
0.000527441
-0.0392063
-0.0714379
-0.095947
-0.11242
-0.120607
-0.120375
-0.111582
-0.0942566
-0.0683493
-0.0340069
0.00871144
0.0595223
0.118306
0.184744
0.257733
0.336305
0.421626
0.511947
0.58245
0.64229
0.71081
0.784062
0.862682
0.944721
1.02766
1.11041
1.20391
1.3027
1.30764
1.43485
2.24183
4.19097
4.27729
4.35946
4.43373
4.50571
4.57869
4.65345
4.72897
4.80531
4.88194
4.95921
5.03683
5.11542
5.19471
5.27499
5.35581
5.43735
5.51951
5.60271
5.68696
5.77232
5.85872
5.9462
6.03483
6.1246
6.21582
6.30849
6.40321
6.49931
6.59605
6.69373
6.79914
6.92133
7.06738
7.23358
7.41279
7.5948
7.77448
7.94579
8.10739
8.25546
8.39135
8.51383
8.62635
8.72832
8.82253
8.90705
8.98129
9.041
9.08204
9.09858
9.08544
9.03785
8.95137
8.82232
8.64722
8.42618
8.16013
7.84787
7.48553
7.0731
6.61756
6.13404
5.64114
5.14795
4.65794
4.16164
3.76188
3.45004
3.1266
2.782
2.43647
2.08945
1.76508
1.42544
1.19251
0.793633
0.908436
-0.0457311
1.62824
4.1043
4.01687
3.929
3.84067
3.75173
3.6625
3.57262
3.48248
3.39169
3.30071
3.20911
3.11735
3.02503
2.93262
2.83974
2.74686
2.65357
2.56035
2.46683
2.37345
2.27985
2.18644
2.09289
1.99959
1.90628
1.81332
1.7205
1.62824
1.53637
1.44528
1.3549
1.26558
1.1773
1.09037
1.00478
0.920811
0.838526
0.75814
0.679831
0.603808
0.530374
0.459733
0.39232
0.32831
0.26823
0.212231
0.160858
0.114248
0.0729187
0.0370024
0.00692181
-0.0171456
-0.0348777
-0.0461122
-0.0506374
-0.0483573
-0.0391645
-0.0230305
7.83408e-05
0.0301011
0.0669484
0.110605
0.160856
0.216976
0.278174
0.345818
0.417598
0.472716
0.519572
0.574342
0.633656
0.698277
0.766418
0.836572
0.90783
0.991799
1.07756
1.08137
1.21913
1.94519
3.42892
3.50186
3.57042
3.63198
3.69212
3.75334
3.81544
3.87757
3.94003
4.00286
4.06614
4.12959
4.19338
4.25758
4.32222
4.38698
4.45176
4.51673
4.5821
4.64803
4.7143
4.78092
4.84756
4.91441
4.98129
5.04854
5.11581
5.18366
5.25184
5.32091
5.39021
5.45933
5.52643
5.59494
5.67275
5.77002
5.8875
6.01911
6.15393
6.28537
6.40709
6.51714
6.61231
6.69334
6.76001
6.81543
6.86026
6.8968
6.92494
6.94502
6.95527
6.95453
6.94067
6.91165
6.86447
6.7954
6.70024
6.57503
6.41668
6.21965
5.97428
5.67136
5.30998
4.90256
4.4676
4.02394
3.5704
3.20619
2.92696
2.64591
2.35147
2.05531
1.76127
1.48552
1.19525
1.00425
0.647948
0.789904
-0.125667
1.54503
3.35586
3.2825
3.20884
3.13512
3.06095
2.98684
2.91223
2.83764
2.76255
2.68748
2.61192
2.53638
2.46039
2.38447
2.30815
2.23194
2.1554
2.07905
2.0025
1.92621
1.84979
1.77374
1.69768
1.62201
1.54641
1.47129
1.39634
1.32196
1.24793
1.17462
1.10186
1.03004
0.95905
0.889241
0.820538
0.753263
0.687386
0.623156
0.560604
0.500001
0.441419
0.385137
0.331339
0.280324
0.232323
0.187642
0.146551
0.109346
0.0762495
0.0475537
0.0234463
0.00415777
-0.0101685
-0.019366
-0.0233547
-0.0220933
-0.0155204
-0.00373218
0.0133146
0.0354126
0.0625996
0.0947253
0.13184
0.173084
0.218377
0.268686
0.321904
0.361092
0.394707
0.435401
0.480763
0.531344
0.586226
0.643109
0.702991
0.774907
0.848415
0.846339
0.983468
1.63019
2.23901
2.29803
2.35399
2.40383
2.45223
2.50142
2.55149
2.60105
2.65055
2.69985
2.74964
2.7992
2.84891
2.89834
2.94797
2.99718
3.04636
3.09524
3.1443
3.19315
3.24188
3.28998
3.3375
3.38426
3.43053
3.47633
3.52173
3.56672
3.61116
3.65511
3.69846
3.7414
3.78351
3.82435
3.86193
3.89719
3.93635
3.99094
4.06556
4.15596
4.25094
4.34322
4.42712
4.50146
4.5641
4.61663
4.66036
4.6995
4.73634
4.77234
4.80651
4.83584
4.85588
4.86098
4.84653
4.80892
4.74617
4.65763
4.54229
4.3991
4.22464
4.01303
3.75717
3.45983
3.14206
2.84037
2.56463
2.34905
2.18999
2.02467
1.82237
1.60331
1.37711
1.16531
0.934196
0.792539
0.487203
0.655061
-0.207131
1.40097
2.17966
2.12025
2.06092
2.00156
1.94226
1.88302
1.82383
1.76469
1.70567
1.64674
1.58793
1.52922
1.4707
1.41234
1.35421
1.29628
1.23868
1.18139
1.12456
1.06815
1.01231
0.95706
0.902551
0.848774
0.795819
0.743765
0.692641
0.642583
0.59354
0.545738
0.499059
0.453836
0.409874
0.367563
0.326637
0.287545
0.249946
0.214293
0.180193
0.148111
0.117642
0.0892314
0.0625448
0.0380091
0.0153723
-0.00497044
-0.0231926
-0.0389392
-0.0523003
-0.0629721
-0.0710026
-0.0761604
-0.0784402
-0.0776884
-0.0738237
-0.0668394
-0.0565836
-0.0431659
-0.0263769
-0.00642483
0.0169289
0.0435776
0.0737006
0.106605
0.142257
0.181619
0.221751
0.249233
0.272068
0.30055
0.331737
0.36734
0.405486
0.446141
0.489035
0.546884
0.602622
0.596931
0.717855
1.27711
2.251
2.30905
2.36027
2.40311
2.44468
2.48804
2.53132
2.57329
2.61364
2.6536
2.69301
2.73198
2.7697
2.80661
2.84228
2.87723
2.91091
2.94374
2.97513
3.00546
3.03424
3.06167
3.08729
3.11151
3.13397
3.15507
3.17451
3.19249
3.20884
3.22388
3.23747
3.24989
3.2613
3.2722
3.2829
3.29394
3.3045
3.3147
3.32922
3.35969
3.41346
3.48264
3.54315
3.56907
3.54201
3.45704
3.31986
3.14706
2.96114
2.78933
2.65584
2.58159
2.5782
2.64991
2.78974
2.98271
3.20493
3.42925
3.63017
3.78761
3.88143
3.87918
3.73391
3.40623
2.90805
2.32498
1.78638
1.43171
1.23771
1.10335
0.969772
0.830446
0.692999
0.574537
0.440338
0.3861
0.176588
0.372752
-0.316213
0.987629
2.1937
2.13666
2.07984
2.02351
1.96729
1.91167
1.85603
1.80112
1.74624
1.69209
1.63793
1.58454
1.53118
1.47859
1.42602
1.37423
1.32247
1.27155
1.22065
1.17066
1.12073
1.0717
1.02281
0.974929
0.927232
0.88055
0.834132
0.788751
0.743706
0.699732
0.656171
0.613709
0.571805
0.531092
0.491093
0.452359
0.414539
0.378129
0.34282
0.309041
0.276502
0.24566
0.216296
0.188845
0.163115
0.13952
0.117934
0.0986982
0.0817485
0.0672965
0.0553921
0.0460124
0.0394025
0.0352818
0.0340375
0.0351324
0.0390219
0.044928
0.0531545
0.0627106
0.0737142
0.0851603
0.0970103
0.107934
0.118424
0.129304
0.139283
0.14099
0.143097
0.15032
0.163615
0.183284
0.210093
0.240967
0.277061
0.323153
0.36684
0.351534
0.424395
0.851613
-0.524483
-0.487417
-0.452115
-0.422813
-0.397826
-0.373165
-0.347135
-0.321131
-0.296664
-0.27369
-0.251472
-0.229822
-0.20909
-0.189486
-0.171028
-0.153471
-0.136988
-0.121534
-0.107362
-0.0941699
-0.0820704
-0.0707378
-0.0605492
-0.0510881
-0.0428539
-0.0353263
-0.0290578
-0.0235112
-0.0192517
-0.0154781
-0.012898
-0.01043
-0.00851896
-0.00598592
-0.00365511
-0.00179807
-0.00452809
-0.0178039
-0.0525313
-0.120248
-0.227033
-0.362209
-0.497003
-0.591941
-0.609703
-0.524953
-0.328976
-0.0329704
0.334362
0.727899
1.09685
1.38808
1.55872
1.57644
1.43088
1.1314
0.713437
0.227221
-0.272564
-0.748713
-1.1806
-1.54309
-1.76445
-1.73096
-1.36529
-0.738988
-0.090704
0.327719
0.550448
0.613382
0.577042
0.517146
0.456862
0.402092
0.32411
0.293264
0.158115
0.270901
-0.16152
0.547185
-0.561714
-0.59796
-0.633362
-0.667689
-0.701073
-0.733342
-0.764562
-0.794465
-0.823232
-0.850638
-0.876742
-0.901324
-0.924454
-0.945985
-0.965911
-0.984097
-1.00051
-1.01507
-1.02773
-1.03831
-1.04688
-1.05325
-1.05743
-1.05917
-1.05862
-1.05543
-1.04987
-1.04153
-1.03075
-1.01707
-1.00106
-0.982125
-0.960947
-0.936895
-0.910817
-0.882084
-0.851598
-0.818816
-0.784641
-0.748741
-0.711945
-0.674115
-0.63588
-0.597382
-0.558993
-0.521127
-0.483834
-0.447764
-0.412683
-0.379417
-0.347503
-0.31792
-0.289859
-0.264424
-0.240473
-0.219141
-0.198904
-0.180759
-0.16289
-0.145885
-0.127711
-0.108319
-0.0859701
-0.060934
-0.0323768
-0.000665956
0.030278
0.0495196
0.0621715
0.0741646
0.0812921
0.0834968
0.0800822
0.0724047
0.0640724
0.0637913
0.0693016
0.0592365
0.0945648
0.290804
)
;

boundaryField
{
    inlet
    {
        type            freestreamPressure;
        freestreamValue uniform 0;
        value           nonuniform List<scalar> 
134
(
7.48775
6.88832
6.11378
5.24584
4.38412
3.50046
2.66321
1.90187
1.20548
0.437585
0.0759906
0.119022
0.162343
0.175768
0.172341
0.159279
0.139283
0.114326
0.0863243
0.057642
7.95447
0.0301807
0.00611209
-0.0141444
-0.0302098
-0.044368
-0.0550336
-0.0635172
-0.0642985
-0.0606288
-0.0679382
-0.0615777
-0.0498795
-0.0319653
-0.0130091
0.0086997
0.0382872
0.0809821
0.14783
0.229201
8.27962
8.47264
8.41551
8.03709
7.22032
5.79127
3.55371
0.287713
0.282018
0.272742
0.279007
0.294482
0.31064
0.325175
0.341736
0.360643
0.382233
0.404221
0.42733
0.450433
0.474161
0.496795
0.518188
0.536367
0.550733
0.559722
0.578424
0.595278
0.604534
0.604576
0.595111
0.564467
0.511657
0.360671
0.199712
1.6636
3.03881
4.23236
5.1737
5.94298
6.57648
7.04305
7.33947
7.50313
7.55418
7.52395
7.43915
7.3226
7.18808
7.05583
6.96332
6.93103
6.9029
6.83729
6.74294
6.6328
6.51022
6.37385
6.22356
6.06036
5.88666
5.70556
5.5234
5.35964
5.23733
5.2541
5.22645
5.05747
4.86068
4.69213
4.53738
4.37803
4.21319
4.04511
3.87703
3.70714
3.53714
3.36482
3.1927
3.01833
2.8439
2.66638
2.48696
2.30225
2.10141
1.92981
1.76386
1.58955
1.40967
1.22325
1.02525
0.803266
0.535685
0.182946
)
;
    }
    outlet
    {
        type            freestreamPressure;
        freestreamValue uniform 0;
        value           nonuniform List<scalar> 
160
(
-0.0101908
-0.0108755
-0.00949961
-0.0115371
-0.00883927
-0.0121793
-0.00829157
-0.0127974
-0.0078264
-0.0133944
-0.00736552
-0.0139672
-0.0068746
-0.0145174
-0.00638097
-0.0150402
-0.00591496
-0.0155392
-0.00547609
-0.0160106
-0.00504967
-0.0164557
-0.00463196
-0.0168706
-0.00423008
-0.0172569
-0.00384845
-0.0176122
-0.00348761
-0.0179366
-0.00314274
-0.0182278
-0.00281747
-0.0184856
-0.00251106
-0.0187085
-0.0022289
-0.018896
-0.00196506
-0.0190453
-0.00172202
-0.0191576
-0.00149328
-0.0192298
-0.00128671
-0.0192623
-0.00109393
-0.0192508
-0.000925381
-0.0191982
-0.000770492
-0.0190985
-0.000640852
-0.0189569
-0.000525474
-0.0187661
-0.000436259
-0.0185327
-0.000356641
-0.0182485
-0.000301538
-0.017924
-0.000248522
-0.0175489
-0.000207171
-0.0171355
-0.000153065
-0.0166729
-0.000103805
-0.0161764
-6.52639e-05
-0.015635
-0.000124328
-0.0150649
-0.000407975
-0.0144567
-0.00115112
-0.0138265
-0.00260457
-0.0131686
-0.00489708
-0.0124977
-0.00777986
-0.0118114
-0.0106015
-0.0111208
-0.0125026
-0.0104284
-0.0127304
-0.00974067
-0.0108393
-0.00906474
-0.00673494
-0.00840137
-0.000682387
-0.00776178
0.00676747
-0.0071417
0.014781
-0.0065553
0.022412
-0.00599436
0.0286192
-0.00547561
0.0324927
-0.0049848
0.0332609
-0.00454079
0.030556
-0.00412368
0.0244206
-0.00375276
0.0155043
-0.00340171
0.00486795
-0.00308739
-0.0062368
-0.00277873
-0.0168882
-0.00248562
-0.0265247
-0.00217346
-0.0345062
-0.00184147
-0.0392021
-0.00146034
-0.0381393
-0.00103482
-0.029784
-0.000551028
-0.0159549
-1.54197e-05
-0.00197042
0.000505768
0.00686734
0.000829211
0.0114703
0.0010412
0.0126855
0.00124189
0.0118317
0.00136072
0.0105019
0.00139707
0.009182
0.00133946
0.00799969
0.00121076
0.0063805
0.00107137
0.00572629
0.00106694
0.00305005
0.00115991
0.00522417
0.000992858
-0.00303123
0.00158684
0.0106312
0.00489161
)
;
    }
    walls
    {
        type            zeroGradient;
    }
    frontAndBack
    {
        type            empty;
    }
}


// ************************************************************************* //
