/*--------------------------------*- C++ -*----------------------------------*\
| =========                 |                                                 |
| \\      /  F ield         | OpenFOAM: The Open Source CFD Toolbox           |
|  \\    /   O peration     | Version:  2412                                  |
|   \\  /    A nd           | Website:  www.openfoam.com                      |
|    \\/     M anipulation  |                                                 |
\*---------------------------------------------------------------------------*/
FoamFile
{
    version     2.0;
    format      ascii;
    arch        "LSB;label=32;scalar=64";
    class       volScalarField;
    location    "500";
    object      p;
}
// * * * * * * * * * * * * * * * * * * * * * * * * * * * * * * * * * * * * * //

dimensions      [0 2 -2 0 0 0 0];

internalField   nonuniform List<scalar> 
10720
(
107.018
57.1655
-1.10643
-58.3989
-110.892
-162.897
-206.982
-241.014
-266.137
-279.948
-283.817
-278.308
-262.508
-237.185
-207.564
-185.452
-185.546
-200.087
-206.791
-204.594
-203.611
-202.787
-203.166
-203.957
-205.162
-206.215
-206.343
-205.404
-204.256
-203.843
-204.267
-204.999
-205.441
-205.49
-205.311
-204.817
-203.701
-163.81
-194.629
156.321
201.161
247.706
290.159
324.525
346.75
355.286
354.244
343.403
323.224
298.932
274.053
249.653
226.437
204.993
184.803
165.745
147.298
129.161
110.766
92.0373
72.6006
52.5221
32.2166
13.7471
-1.73024
-15.4193
-27.6515
-38.2568
-47.3304
-55.1987
-62.1414
-68.441
-74.4165
-80.5319
-87.3344
-95.5858
-106.017
-122.912
166.676
129.153
87.2032
42.9661
-1.79725
-46.5092
-88.333
-125.375
-157.048
-181.86
-198.443
-205.237
-202.458
-191.606
-177.412
-170.354
-181.863
-200.64
-204.889
-203.67
-203.08
-202.282
-202.733
-203.553
-204.789
-205.896
-206.08
-205.16
-204.008
-203.601
-204.049
-204.81
-205.274
-205.337
-205.2
-204.669
-204.014
-165.397
-198.018
200.466
232.573
264.315
294.31
319.51
337.296
345.883
345.604
336.587
320.426
300.22
278.303
255.841
233.651
212.355
191.945
172.377
153.379
134.701
115.944
96.9612
77.4899
57.5798
37.6598
19.3462
3.66851
-10.1625
-22.6371
-33.8227
-43.6481
-52.197
-59.6876
-66.419
-72.7325
-79.0996
-86.0724
-94.3981
-104.876
-121.276
171.971
138.413
100.686
59.4632
17.2839
-25.0774
-66.0905
-103.544
-135.939
-161.725
-179.55
-189.397
-191.742
-187.75
-180.115
-174.46
-179.401
-193.456
-200.917
-202.65
-202.031
-201.772
-202.33
-203.212
-204.494
-205.668
-205.92
-205.011
-203.831
-203.406
-203.869
-204.658
-205.143
-205.215
-205.142
-204.473
-204.173
-166.784
-201.532
202.218
231.307
259.898
286.44
308.342
323.992
332.326
333.176
326.536
313.569
296.22
276.373
255.337
234.038
213.152
192.929
173.393
154.398
135.73
117.071
98.2306
79.0121
59.4423
39.9012
21.6542
5.69945
-8.39985
-21.0665
-32.3455
-42.1834
-50.7253
-58.2521
-65.0747
-71.5117
-77.9982
-85.0591
-93.4157
-103.86
-119.608
180.519
152.468
120.552
85.7985
49.8509
13.0152
-23.2111
-57.2669
-87.8762
-113.868
-134.25
-149.032
-158.096
-162.135
-163.068
-164.388
-170.367
-181.355
-191.052
-197.49
-200.439
-200.895
-201.73
-202.825
-204.207
-205.454
-205.785
-204.892
-203.671
-203.218
-203.697
-204.517
-205.028
-205.101
-205.114
-204.321
-204.39
-168.166
-204.556
205.691
229.721
253.607
276.182
295.089
309.073
317.192
318.981
314.32
304.087
289.659
272.5
253.735
234.214
214.585
195.188
176.142
157.419
138.887
120.329
101.583
82.5176
63.1658
43.8778
25.688
9.5292
-4.80848
-17.7152
-29.2712
-39.4534
-48.3863
-56.3022
-63.4664
-70.178
-76.8622
-84.0417
-92.4268
-102.799
-117.895
179.795
154.978
126.597
95.4902
63.2031
29.6751
-3.84396
-35.983
-65.7641
-92.1141
-114.096
-131.086
-142.909
-149.828
-153.392
-156.529
-162.654
-172.354
-181.393
-188.445
-194.985
-199.062
-200.857
-202.206
-203.823
-205.219
-205.651
-204.777
-203.51
-203.023
-203.521
-204.378
-204.918
-204.985
-205.092
-204.193
-204.68
-169.663
-207.115
202.104
223.278
244.4
264.396
281.207
293.956
301.862
304.355
301.288
293.307
281.389
266.65
249.997
232.188
213.837
195.329
176.868
158.523
140.246
121.906
103.379
84.5763
65.5377
46.5787
28.5416
12.2688
-2.27252
-15.3997
-27.1886
-37.6092
-46.7569
-54.8471
-62.1473
-68.9677
-75.7316
-82.9539
-91.3201
-101.592
-116.041
177.432
155.548
130.408
102.868
74.2808
44.3491
14.1997
-15.0709
-42.7225
-67.8198
-89.5729
-107.476
-121.517
-131.908
-139.561
-146.249
-154.191
-164.169
-173.383
-180.288
-187.03
-194.212
-199.162
-201.375
-203.226
-204.898
-205.493
-204.65
-203.334
-202.814
-203.341
-204.243
-204.814
-204.869
-205.067
-204.078
-205.01
-171.284
-209.25
197.12
215.747
234.474
252.338
267.455
279.217
286.894
289.869
288.032
281.848
272.049
259.501
244.917
228.931
212.091
194.768
177.199
159.512
141.724
123.774
105.586
87.1137
68.4102
49.7689
31.8974
15.5547
0.840789
-12.4771
-24.4718
-35.119
-44.5035
-52.8313
-60.3632
-67.3997
-74.3445
-81.693
-90.1013
-100.3
-114.154
172.983
153.336
130.703
105.885
80.1602
53.0494
25.5362
-1.44143
-27.3596
-51.4249
-72.9813
-91.6109
-107.025
-119.294
-128.987
-137.414
-146.171
-156.079
-165.672
-173.354
-179.917
-187.329
-195.185
-199.993
-202.439
-204.386
-205.244
-204.481
-203.127
-202.582
-203.152
-204.112
-204.718
-204.751
-205.04
-203.977
-205.362
-173.002
-210.966
190.678
207.366
224.239
240.411
254.174
265.115
272.546
275.839
274.938
270.183
262.138
251.486
238.781
224.532
209.206
193.132
176.55
159.625
142.425
124.947
107.167
89.0766
70.7456
52.447
34.7838
18.4384
3.60212
-9.8759
-22.0586
-32.9245
-42.5414
-51.0967
-58.8363
-66.0499
-73.1264
-80.5472
-88.9422
-99.0123
-112.245
167.695
149.938
129.441
106.976
83.7424
59.1541
34.0939
9.36177
-14.6749
-37.3548
-58.1349
-76.6522
-92.6698
-106.251
-117.715
-127.872
-137.744
-147.972
-157.935
-166.579
-173.808
-180.816
-189.205
-196.964
-201.259
-203.655
-204.801
-204.212
-202.865
-202.312
-202.947
-203.981
-204.628
-204.633
-205.005
-203.884
-205.724
-174.797
-212.276
183.71
198.782
214.108
228.873
241.509
251.739
258.908
262.403
262.205
258.575
251.964
242.928
231.897
219.274
205.441
190.671
175.186
159.161
142.691
125.817
108.555
90.9295
73.0273
55.1043
37.6913
21.4037
6.49407
-7.11034
-19.4548
-30.5168
-40.3484
-49.1179
-57.0588
-64.4521
-71.672
-79.1842
-87.5864
-97.5437
-110.188
161.847
145.659
126.946
106.442
85.2892
62.8381
39.8746
17.1002
-5.24709
-26.6092
-46.546
-64.7771
-81.0575
-95.3685
-107.86
-119.059
-129.692
-140.256
-150.465
-159.73
-167.872
-175.159
-182.988
-191.966
-198.933
-202.584
-204.103
-203.754
-202.503
-201.987
-202.717
-203.848
-204.542
-204.512
-204.962
-203.799
-206.084
-176.645
-213.152
176.468
190.204
204.242
217.821
229.498
239.101
246.001
249.612
249.936
247.191
241.749
234.073
224.504
213.357
200.936
187.455
173.104
158.049
142.393
126.205
109.533
92.4311
74.9987
57.4813
40.3546
24.1784
9.24322
-4.45373
-16.935
-28.1747
-38.2096
-47.1884
-55.3297
-62.9027
-70.2644
-77.8616
-86.2579
-96.076
-108.14
155.758
140.907
123.723
104.907
85.5426
64.9485
43.8388
22.8313
2.06997
-17.9714
-36.942
-54.6251
-70.7908
-85.4161
-98.58
-110.563
-121.849
-132.802
-143.297
-152.963
-161.798
-169.804
-177.461
-186.1
-194.869
-200.696
-203.07
-203.034
-201.984
-201.582
-202.449
-203.703
-204.459
-204.389
-204.903
-203.713
-206.427
-178.515
-213.559
169.19
181.791
194.73
207.291
218.14
227.177
233.809
237.468
238.177
236.128
231.634
225.095
216.789
206.959
195.846
183.61
170.401
156.36
141.589
126.167
110.163
93.6512
76.7421
59.6711
42.8746
26.8673
11.9613
-1.78736
-14.3737
-25.7657
-35.9851
-45.1595
-53.4912
-61.2361
-68.7335
-76.4108
-84.7959
-94.4681
-105.963
149.582
135.88
120.014
102.649
84.8267
65.8421
46.3511
26.9045
7.58197
-11.2164
-29.2131
-46.2487
-62.1216
-76.7759
-90.2575
-102.692
-114.4
-125.649
-136.407
-146.411
-155.677
-164.352
-172.381
-180.519
-189.497
-197.388
-201.434
-201.992
-201.247
-201.061
-202.127
-203.54
-204.37
-204.258
-204.828
-203.623
-206.739
-180.376
-213.526
161.99
173.617
185.606
197.282
207.406
215.929
222.289
225.952
226.941
225.437
221.713
216.123
208.897
200.228
190.308
179.245
167.151
154.136
140.288
125.686
110.408
94.5419
78.2009
61.6123
45.1857
29.3986
14.5727
0.812393
-11.8483
-23.3681
-33.7539
-43.112
-51.6265
-59.5388
-67.1695
-74.9245
-83.294
-92.8082
-103.755
143.428
130.727
116.011
99.912
83.4309
65.8554
47.7925
29.74
11.7259
-5.90495
-22.9333
-39.248
-54.6753
-69.1515
-82.7068
-95.3761
-107.353
-118.82
-129.787
-140.09
-149.672
-158.757
-167.319
-175.432
-183.859
-192.607
-198.746
-200.517
-200.25
-200.386
-201.724
-203.343
-204.27
-204.117
-204.728
-203.522
-207
-182.193
-213.112
154.947
165.726
176.885
187.778
197.263
205.313
211.402
215.032
216.221
215.144
212.046
207.244
200.939
193.286
184.437
174.462
163.434
151.434
138.526
124.782
110.279
95.1066
79.3778
63.3115
47.2963
31.7809
17.0883
3.36043
-9.33901
-20.9576
-31.487
-41.0121
-49.6975
-57.7684
-65.5257
-73.3519
-81.6984
-91.0447
-101.456
137.365
125.542
111.836
96.8496
81.5443
65.2086
48.4082
31.5992
14.7694
-1.78224
-17.8778
-33.448
-48.345
-62.5083
-75.9529
-88.6715
-100.765
-112.354
-123.456
-133.98
-143.842
-153.174
-162.117
-170.538
-178.628
-187.075
-194.721
-198.358
-198.956
-199.527
-201.216
-203.093
-204.144
-203.955
-204.6
-203.405
-207.194
-183.928
-212.371
148.1
158.138
168.559
178.759
187.67
195.285
201.108
204.675
206.002
205.258
202.668
198.521
192.998
186.229
178.334
169.353
159.329
148.311
136.342
123.474
109.776
95.3351
80.2568
64.7502
49.1861
33.9897
19.4811
5.83014
-6.87213
-18.5594
-29.2086
-38.883
-47.7269
-55.9475
-63.8248
-71.7168
-80.0342
-89.2036
-99.0998
131.435
120.389
107.58
93.5775
79.3108
64.0738
48.3951
32.699
16.9414
1.38656
-13.8213
-28.645
-42.961
-56.7182
-69.9208
-82.5511
-94.6396
-106.263
-117.431
-128.089
-138.17
-147.705
-156.846
-165.583
-173.746
-181.644
-189.627
-195.217
-197.268
-198.467
-200.574
-202.76
-203.975
-203.766
-204.431
-203.262
-207.306
-185.541
-211.353
141.474
150.854
160.619
170.195
178.587
185.797
191.362
194.845
196.262
195.777
193.599
189.998
185.139
179.134
172.082
164.001
154.909
144.829
133.778
121.788
108.915
95.2314
80.8361
65.9234
50.8478
36.016
21.7412
8.2127
-4.45377
-16.1771
-26.9191
-36.7223
-45.7091
-54.0678
-62.0562
-70.0063
-78.2875
-87.272
-96.6698
125.665
115.312
103.302
90.1777
76.8345
62.5754
47.8998
33.2017
18.4167
3.78086
-10.59
-24.6835
-38.3971
-51.6931
-64.5638
-76.9966
-88.9784
-100.552
-111.719
-122.438
-132.656
-142.362
-151.626
-160.525
-168.926
-176.644
-184.204
-191.014
-194.971
-197.174
-199.77
-202.313
-203.732
-203.53
-204.212
-203.083
-207.329
-186.993
-210.096
135.081
143.872
153.048
162.06
169.978
176.811
182.125
185.508
186.977
186.692
184.848
181.701
177.405
172.06
165.751
158.48
150.244
141.046
130.879
119.755
107.709
94.8022
81.115
66.8251
52.2718
37.8466
23.8529
10.4921
-2.09909
-13.8242
-24.6306
-34.5399
-43.6525
-52.1364
-60.226
-68.226
-76.4639
-85.2565
-94.1762
120.067
110.338
99.0469
86.7112
74.1936
60.8116
47.0367
33.2381
19.3371
5.54655
-8.04043
-21.4301
-34.5374
-47.3371
-59.8181
-71.9728
-83.7681
-95.2198
-106.323
-117.038
-127.316
-137.136
-146.5
-155.456
-164.015
-171.887
-179.07
-186.089
-191.824
-195.521
-198.778
-201.71
-203.382
-203.226
-203.922
-202.848
-207.253
-188.252
-208.634
128.925
137.186
145.827
154.327
161.809
168.289
173.361
176.634
178.125
177.992
176.42
173.65
169.832
165.057
159.399
152.851
145.396
137.018
127.692
117.408
106.184
94.0584
81.0956
67.4528
53.4535
39.4731
25.8046
12.656
0.18037
-11.511
-22.3509
-32.3413
-41.5604
-50.1541
-58.3332
-66.3735
-74.5604
-83.1554
-91.6166
114.654
105.488
94.8456
83.2223
71.4473
58.8558
45.8929
32.9088
19.8126
6.79815
-6.05689
-18.7732
-31.2821
-43.5691
-55.6251
-67.4452
-78.9922
-90.2622
-101.242
-111.894
-122.168
-132.035
-141.468
-150.455
-159.044
-167.126
-174.329
-181.054
-187.793
-193.266
-197.516
-200.903
-202.87
-202.819
-203.545
-202.539
-207.067
-189.305
-206.995
123.004
130.786
138.941
146.97
154.051
160.2
165.037
168.192
169.682
169.663
168.31
165.855
162.444
158.16
153.072
147.168
140.419
132.798
124.263
114.786
104.365
93.0175
80.7869
67.8088
54.3885
40.8872
27.5851
14.6914
2.37193
-9.24904
-20.0903
-30.1349
-39.4388
-48.1255
-56.3809
-64.4507
-72.5789
-80.9717
-88.9952
109.427
100.773
90.7217
79.7435
68.6414
56.7649
44.5388
32.2936
19.9327
7.63324
-4.53902
-16.6175
-28.5443
-40.3163
-51.9283
-63.375
-74.6276
-85.6655
-96.4709
-107.008
-117.224
-127.075
-136.528
-145.535
-154.103
-162.279
-169.738
-176.336
-183.193
-190.155
-195.796
-199.823
-202.136
-202.263
-203.054
-202.123
-206.759
-190.133
-205.195
117.315
124.66
132.37
139.966
146.674
152.513
157.123
160.155
161.626
161.69
160.515
158.323
155.257
151.397
146.808
141.474
135.361
128.433
120.636
111.926
102.28
91.6985
80.2007
67.898
55.0772
42.0841
29.1854
16.5874
4.46377
-7.04956
-17.8587
-27.9287
-37.2938
-46.0547
-54.3712
-62.4589
-70.5198
-78.707
-86.314
104.387
96.2005
86.6891
76.3007
65.8096
54.5847
43.0288
31.4584
19.77
8.12978
-3.40747
-14.8831
-26.2502
-37.5127
-48.6725
-59.7224
-70.6458
-81.4129
-92.0021
-102.378
-112.487
-122.274
-131.694
-140.692
-149.239
-157.404
-165.093
-171.904
-178.524
-186.163
-193.341
-198.341
-201.108
-201.491
-202.408
-201.575
-206.309
-190.708
-203.269
111.852
118.798
126.097
133.294
139.654
145.201
149.592
152.498
153.936
154.058
153.025
151.054
148.282
144.789
140.635
135.806
130.264
123.967
116.852
108.863
99.9603
90.1232
79.3497
67.7277
55.5221
43.0615
30.5985
18.3339
6.44486
-4.92377
-15.6662
-25.7314
-35.1323
-43.9464
-52.3076
-60.4002
-68.3852
-76.3645
-83.5767
99.5328
91.7762
82.7599
72.9114
62.9794
52.3493
41.4071
30.4534
19.3831
8.35137
-2.5939
-13.5018
-24.3322
-35.0966
-45.8041
-56.4457
-67.0166
-77.4841
-87.8237
-97.9997
-107.959
-117.639
-126.982
-135.931
-144.45
-152.577
-160.36
-167.509
-174.096
-181.616
-189.925
-196.243
-199.7
-200.448
-201.545
-200.861
-205.694
-190.99
-201.283
106.608
113.186
120.107
126.933
132.969
138.238
142.419
145.197
146.592
146.752
145.835
144.048
141.527
138.351
134.579
130.196
125.165
119.439
112.951
105.635
97.4361
88.317
78.2537
67.3102
55.7282
43.8186
31.8195
19.9224
8.30482
-2.88221
-13.5232
-23.5519
-32.9616
-41.8065
-50.1941
-58.2775
-66.1777
-73.9476
-80.7868
94.8616
87.5012
78.9416
69.5903
60.171
50.0873
39.7078
29.3213
18.8203
8.35185
-2.04293
-12.4165
-22.7366
-33.0192
-43.2795
-53.5096
-63.7129
-73.8588
-83.9214
-93.8659
-103.639
-113.174
-122.405
-131.265
-139.731
-147.823
-155.605
-163
-169.828
-176.987
-185.593
-193.275
-197.771
-199.059
-200.408
-199.935
-204.874
-190.931
-199.284
101.578
107.815
114.385
120.865
126.597
131.604
135.583
138.234
139.577
139.759
138.933
137.301
134.995
132.094
128.656
124.667
120.092
114.883
108.969
102.275
94.7389
86.3058
76.9328
66.6588
55.7029
44.358
32.8457
21.3465
10.0349
-0.935078
-11.4397
-21.3996
-30.7894
-39.6409
-48.0354
-56.0944
-63.9005
-71.4607
-77.9489
90.3699
83.3762
75.2386
66.3471
57.4009
47.8206
37.9602
28.0961
18.1221
8.17553
-1.70574
-11.5782
-21.4135
-31.2328
-41.0563
-50.8769
-60.7047
-70.5143
-80.2798
-89.9672
-99.5239
-108.881
-117.966
-126.705
-135.082
-143.133
-150.887
-158.378
-165.5
-172.529
-180.732
-189.288
-195.129
-197.246
-198.941
-198.746
-203.778
-190.487
-197.28
96.7522
102.675
108.916
115.074
120.52
125.279
129.064
131.588
132.874
133.066
132.312
130.809
128.688
126.026
122.88
119.241
115.072
110.328
104.936
98.8173
91.8997
84.1167
75.4076
65.789
55.4571
44.6848
33.6769
22.6017
11.6273
0.908427
-9.42545
-19.2838
-28.6241
-37.4567
-45.837
-53.8555
-61.5579
-68.9085
-75.0678
86.0533
79.4001
71.6548
63.1902
54.6807
45.5667
36.1864
26.8062
17.3198
7.85919
-1.54288
-10.9437
-20.3197
-29.6953
-39.0943
-48.513
-57.9632
-67.4284
-76.8826
-86.2931
-95.6085
-104.759
-113.67
-122.26
-130.516
-138.496
-146.217
-153.713
-161.012
-168.143
-175.814
-184.424
-191.575
-194.88
-197.089
-197.244
-202.32
-189.63
-195.233
92.1248
97.7544
103.69
109.545
114.723
119.247
122.845
125.242
126.466
126.658
125.962
124.568
122.606
120.152
117.263
113.932
110.127
105.8
100.881
95.29
88.9474
81.7765
73.7019
64.7198
55.0035
44.806
34.3155
23.6852
13.076
2.64024
-7.48964
-17.2137
-26.474
-35.261
-43.605
-51.5659
-59.1547
-66.2968
-72.1487
81.9074
75.5715
68.1917
60.1246
52.021
43.3399
34.4053
25.474
16.4416
7.43287
-1.52094
-10.4787
-19.4197
-28.371
-37.3598
-46.386
-55.4617
-64.5781
-73.711
-82.8296
-91.8845
-100.805
-109.516
-117.933
-126.041
-133.915
-141.585
-149.052
-156.392
-163.652
-171.045
-179.119
-187.036
-191.789
-194.773
-195.375
-200.426
-188.362
-193.035
87.6888
93.0447
98.6938
104.265
109.19
113.489
116.908
119.182
120.341
120.525
119.874
118.571
116.746
114.474
111.812
108.754
105.272
101.321
96.8308
91.7212
85.9097
79.3117
71.8395
63.4706
54.3568
44.7312
34.7649
24.597
14.377
4.25297
-5.6408
-15.1981
-24.3484
-33.0622
-41.3461
-49.2319
-56.6969
-63.6319
-69.1977
77.9272
71.8881
64.8503
57.1543
49.4291
41.1513
32.6322
24.1193
15.5096
6.92338
-1.61054
-10.1511
-18.6807
-27.2281
-35.8221
-44.4666
-53.1734
-61.9409
-70.7471
-79.5633
-88.3428
-97.0154
-105.504
-113.724
-121.661
-129.398
-136.985
-144.404
-151.706
-158.994
-166.316
-173.818
-181.712
-187.792
-191.868
-193.081
-198.038
-186.668
-190.54
83.4372
88.5371
93.9173
99.221
103.906
107.993
111.239
113.393
114.486
114.656
114.037
112.813
111.107
108.994
106.531
103.717
100.523
96.908
92.8053
88.1348
82.8121
76.7471
69.8428
62.0614
53.5328
44.472
35.0324
25.3383
15.5277
5.74198
-3.8865
-13.2461
-22.2553
-30.8679
-39.0682
-46.86
-54.191
-60.9206
-66.2209
74.1082
68.3477
61.6304
54.282
46.9105
39.0098
30.8789
22.7569
14.5429
6.35235
-1.78758
-9.93513
-18.0751
-26.2379
-34.4532
-42.7277
-51.0737
-59.4952
-67.9727
-76.4802
-84.9731
-93.3828
-101.631
-109.634
-117.378
-124.952
-132.419
-139.762
-146.993
-154.208
-161.479
-168.668
-176.043
-182.848
-188.191
-190.26
-195.102
-184.469
-187.646
79.3637
84.223
89.35
94.4009
98.8597
102.744
105.825
107.861
108.888
109.038
108.446
107.287
105.684
103.711
101.426
98.8265
95.8897
92.577
88.8241
84.5527
79.6782
74.1068
67.7352
60.5118
52.5488
44.0411
35.1262
25.9131
16.5275
7.10226
-2.23328
-11.3653
-20.2035
-28.6869
-36.7793
-44.4584
-51.6447
-58.1709
-63.2253
70.4461
64.9471
58.5313
51.5094
44.4699
36.9227
29.1557
21.4001
13.5571
5.73823
-2.0312
-9.80811
-17.5795
-25.3758
-33.2284
-41.1457
-49.1405
-57.2202
-65.3699
-73.5656
-81.7642
-89.8991
-97.8926
-105.661
-113.192
-120.581
-127.895
-135.126
-142.261
-149.353
-156.497
-163.537
-170.416
-177.174
-183.57
-186.753
-191.554
-181.682
-184.281
75.4615
80.0945
84.9828
89.7951
94.0389
97.7306
100.653
102.576
103.535
103.663
103.089
101.986
100.474
98.6246
96.4963
94.0894
91.3828
88.3412
84.9034
80.9939
76.5289
71.4136
65.5391
58.8443
51.4231
43.4532
35.0561
26.327
17.378
8.33201
-0.686674
-9.56317
-18.2014
-26.5279
-34.4874
-42.0351
-49.0659
-55.3904
-60.2177
66.9357
61.6836
55.5516
48.8377
42.11
34.8955
27.4709
20.0593
12.5654
5.09621
-2.32389
-9.75104
-17.1726
-24.6204
-32.1254
-39.6986
-47.3526
-55.0973
-62.9217
-70.8044
-78.7042
-86.5558
-94.2834
-101.802
-109.103
-116.286
-123.42
-130.501
-137.511
-144.458
-151.412
-158.302
-164.913
-171.195
-177.988
-182.345
-187.304
-178.234
-180.371
71.7247
76.1447
80.8075
85.3937
89.4336
92.9421
95.712
97.5252
98.4183
98.5215
97.9608
96.905
95.4723
93.7328
91.7445
89.5093
87.0087
84.2104
81.0568
77.475
73.3836
68.688
63.2762
57.0783
50.1736
42.7232
34.8341
26.5872
18.0818
9.43003
0.74993
-7.84635
-16.2573
-24.3994
-32.2021
-39.5989
-46.4634
-52.5888
-57.2062
63.5727
58.5537
52.69
46.267
39.8336
32.9324
25.8307
18.7437
11.5787
4.43933
-2.65059
-9.7465
-16.8366
-23.9518
-31.1245
-38.3662
-45.6906
-53.1081
-60.6119
-68.1822
-75.7804
-83.3434
-90.7958
-98.0544
-105.109
-112.066
-118.998
-125.898
-132.748
-139.532
-146.272
-152.943
-159.39
-165.247
-171.699
-176.865
-182.21
-174.07
-175.814
68.1478
72.3662
76.8155
81.1872
85.0336
88.3677
90.992
92.6987
93.5268
93.6035
93.0521
92.0371
90.6744
89.033
87.1693
85.088
82.7724
80.1929
77.2954
74.0107
70.2598
65.9491
60.9656
55.2335
48.8185
41.8669
34.4724
26.7028
18.6441
10.3975
2.07302
-6.2196
-14.3781
-22.3101
-29.932
-37.1594
-43.8472
-49.7744
-54.1979
60.3528
55.5544
49.9447
43.7971
37.6417
31.0373
24.2407
17.4604
10.6066
3.77951
-2.99819
-9.77997
-16.5547
-23.3535
-30.208
-37.1309
-44.1368
-51.2356
-58.4246
-65.6854
-72.9818
-80.2522
-87.4232
-94.4114
-101.208
-107.923
-114.631
-121.324
-127.98
-134.576
-141.095
-147.501
-153.745
-159.363
-165.138
-170.364
-176.117
-169.132
-170.514
64.725
68.7524
72.9995
77.1678
80.8301
83.9979
86.4831
88.0873
88.8517
88.9011
88.3556
87.3761
86.0753
84.5218
82.7704
80.8274
78.6781
76.2954
73.6289
70.6131
67.1718
63.2137
58.6259
53.3286
47.376
40.9009
33.985
26.6837
19.071
11.2367
3.28226
-4.68786
-12.5705
-20.2685
-27.687
-34.7267
-41.2271
-46.9575
-51.2015
57.2714
52.6823
47.3136
41.4275
35.5357
29.2123
22.705
16.2154
9.65647
3.1251
-3.356
-9.83943
-16.3142
-22.8107
-29.3607
-35.977
-42.6753
-49.4647
-56.3451
-63.3002
-70.296
-77.2722
-84.157
-90.8681
-97.3972
-103.854
-110.321
-116.786
-123.221
-129.6
-135.887
-142.017
-147.982
-153.407
-158.615
-163.19
-168.958
-163.317
-164.436
61.4512
65.2976
69.3524
73.3276
76.8146
79.8239
82.1759
83.6821
84.3849
84.4065
83.8643
82.9157
81.6707
80.196
78.5458
76.7273
74.7281
72.5229
70.0651
67.2929
64.1331
60.4974
56.2743
51.3812
45.8636
39.8415
33.3857
26.5413
19.3703
11.9516
4.37718
-3.25384
-10.8404
-18.2821
-25.4759
-32.3102
-38.6132
-44.1476
-48.2247
54.3245
49.9342
44.7946
39.1572
33.5155
27.4593
21.2268
15.013
8.73419
2.48407
-3.71533
-9.91452
-16.1033
-22.3108
-28.5691
-34.8907
-41.2917
-47.7808
-54.3597
-61.0141
-67.7114
-74.3936
-80.9895
-87.4182
-93.6716
-99.8611
-106.07
-112.287
-118.479
-124.615
-130.653
-136.505
-142.148
-147.315
-152.13
-155.83
-160.92
-156.528
-157.572
58.3213
61.9958
65.8678
69.6589
72.9793
75.8375
78.0624
79.4746
80.1176
80.1118
79.5714
78.6504
77.4555
76.0518
74.4933
72.7878
70.9239
68.8794
66.6104
64.0585
61.1548
57.8136
53.9262
49.4085
44.2979
38.7044
32.6891
26.2873
19.5506
12.547
5.3598
-1.91945
-9.19274
-16.3583
-23.3079
-29.9207
-36.0167
-41.3553
-45.2766
51.5076
47.3065
42.3853
36.9848
31.5814
25.7794
19.8087
13.8578
7.84558
1.86336
-4.06768
-9.99597
-15.9115
-21.843
-27.8213
-33.8593
-39.9731
-46.171
-52.456
-58.815
-65.2176
-71.607
-77.9132
-84.0564
-90.0285
-95.9415
-101.879
-107.832
-113.764
-119.636
-125.403
-130.969
-136.28
-141.114
-145.568
-148.581
-152.471
-148.769
-149.882
55.3303
58.8414
62.5394
66.1552
69.3168
72.0312
74.1348
75.4569
76.0429
76.0101
75.4703
74.5737
73.4242
72.0858
70.6105
69.0074
67.2665
65.3673
63.2693
60.9175
58.2465
55.1742
51.595
47.4248
42.6947
37.505
31.9093
25.9342
19.6216
13.0299
6.23266
-0.685558
-7.63133
-14.5037
-21.1915
-27.568
-33.4475
-38.5903
-42.3651
48.8169
44.7963
40.0832
34.9089
29.7326
24.1733
18.4525
12.7521
6.99477
1.26819
-4.4065
-10.0759
-15.7301
-21.3972
-27.107
-32.872
-38.7086
-44.6245
-50.6229
-56.6928
-62.8045
-68.9031
-74.9199
-80.776
-86.4635
-92.0938
-97.7512
-103.426
-109.082
-114.674
-120.15
-125.417
-130.396
-134.86
-138.905
-141.422
-144.11
-140.284
-141.295
52.4736
55.829
59.3612
62.8101
65.8203
68.3977
70.3854
71.6219
72.1533
72.0944
71.5545
70.68
69.5722
68.2933
66.8944
65.3847
63.7555
61.9885
60.0456
57.8755
55.4162
52.5894
49.2928
45.4438
41.0683
36.2583
31.0604
25.4943
19.5936
13.4071
6.99967
0.448374
-6.1592
-12.7244
-19.1352
-25.2618
-30.9168
-35.8635
-39.4993
46.2484
42.3999
37.8859
32.9277
27.9686
22.6411
17.1591
11.6986
6.18464
0.702666
-4.72675
-10.1482
-15.5522
-20.9655
-26.4171
-31.9192
-37.488
-43.1304
-48.8501
-54.637
-60.4628
-66.2738
-72.0028
-77.5718
-82.9727
-88.3163
-93.6865
-99.0739
-104.44
-109.739
-114.911
-119.863
-124.505
-128.595
-132.188
-134.266
-136.04
-131.569
-131.838
49.7465
52.9534
56.3276
59.6172
62.4832
64.93
66.8075
67.9625
68.4418
68.3579
67.8178
66.9637
65.8946
64.6707
63.342
61.9177
60.3906
58.744
56.9422
54.937
52.6704
50.0677
47.0306
43.478
39.4322
34.978
30.156
24.9804
19.4771
13.6868
7.6661
1.48393
-4.77795
-11.0249
-17.1462
-23.0116
-28.4346
-33.1845
-36.6869
43.7981
40.1144
35.7908
31.0395
26.288
21.1828
15.9298
10.6988
5.41803
0.170454
-5.02377
-10.2076
-15.3715
-20.5411
-25.7442
-30.9928
-36.3026
-41.6801
-47.1285
-52.639
-58.1841
-63.7116
-69.1553
-74.4384
-79.5529
-84.6076
-89.686
-94.7787
-99.8466
-104.841
-109.699
-114.325
-118.622
-122.343
-125.48
-127.11
-128.17
-123.11
-121.777
47.1448
50.21
53.4331
56.571
59.2994
61.6217
63.3943
64.4718
64.9021
64.7947
64.2544
63.4195
62.3863
61.2134
59.9494
58.604
57.1704
55.6337
53.9604
52.1058
50.0146
47.6165
44.8174
41.5385
37.7987
33.677
29.2092
24.4045
19.2828
13.8776
8.2373
2.42351
-3.48856
-9.40935
-15.2315
-20.8263
-26.0112
-30.5632
-33.9368
41.4624
37.9363
33.7951
29.2423
24.69
19.7977
14.7643
9.75364
4.69675
-0.325828
-5.29414
-10.2496
-15.1826
-20.1176
-25.0815
-30.0856
-35.145
-40.2658
-45.4505
-50.6912
-55.9613
-61.2093
-66.3713
-71.3711
-76.2006
-80.9665
-85.7509
-90.5446
-95.3079
-99.9915
-104.529
-108.821
-112.768
-116.124
-118.824
-120.016
-120.425
-115.12
-111.636
44.6644
47.594
50.6729
53.6658
56.2629
58.4667
60.1396
61.1437
61.5276
61.3984
60.8582
60.0418
59.0425
57.9174
56.7136
55.4407
54.0932
52.6571
51.1015
49.3841
47.4531
45.2422
42.6612
39.6345
36.1784
32.3669
28.2318
23.7785
19.0215
13.9882
8.71975
3.27076
-2.29065
-7.88074
-13.3967
-18.7138
-23.6554
-28.0088
-31.2562
39.2374
35.8625
31.8962
27.5339
23.1726
18.4851
13.6626
8.8636
4.02226
-0.783859
-5.53514
-10.271
-14.9817
-19.6907
-24.4238
-29.1916
-34.0086
-38.8806
-43.8092
-48.7866
-53.7875
-58.7616
-63.6459
-68.3661
-72.9132
-77.3921
-81.8828
-86.3758
-90.8315
-95.2
-99.4134
-103.371
-106.964
-109.961
-112.25
-113.044
-112.827
-107.572
-102.111
42.3007
45.1009
48.0416
50.8962
53.3682
55.4591
57.0372
57.972
58.3125
58.1632
57.6235
56.8251
55.8582
54.7779
53.6304
52.4251
51.1568
49.8133
48.3655
46.7735
44.9892
42.9492
40.5685
37.7742
34.5811
31.0585
27.2352
23.1134
18.7036
14.0275
9.12036
4.02953
-1.1834
-6.44114
-11.6468
-16.6815
-21.3761
-25.53
-28.6532
37.1196
33.8895
30.0913
25.9122
21.7346
17.2437
12.6243
8.0293
3.39518
-1.20258
-5.74477
-10.2689
-14.7652
-19.2565
-23.7668
-28.3063
-32.8886
-37.5193
-42.199
-46.9201
-51.6578
-56.3632
-60.9748
-65.4197
-69.689
-73.8843
-78.0833
-82.2765
-86.4246
-90.4774
-94.366
-97.9902
-101.236
-103.882
-105.785
-106.239
-105.459
-100.399
-93.6814
40.0499
42.7261
45.5349
48.257
50.6097
52.5933
54.0815
54.9509
55.251
55.0833
54.5451
53.7643
52.8284
51.7907
50.696
49.5536
48.359
47.1008
45.7519
44.2751
42.6247
40.7417
38.545
35.9648
33.0151
29.7612
26.2294
22.4196
18.3389
14.0045
9.44602
4.7046
-0.164753
-5.09154
-9.98568
-14.7352
-19.1808
-23.1348
-26.1343
35.1054
32.0144
28.3775
24.3747
20.3737
16.0725
11.6487
7.25007
2.81594
-1.58091
-5.92125
-10.2412
-14.5309
-18.8117
-23.1069
-27.4256
-31.7807
-36.1773
-40.6152
-45.0868
-49.5676
-54.0104
-58.3547
-62.5299
-66.5267
-70.4431
-74.3546
-78.2513
-82.0944
-85.834
-89.401
-92.6969
-95.6049
-97.9142
-99.4581
-99.6275
-98.3961
-93.5679
-86.335
37.908
40.4656
43.1479
45.7437
47.9826
49.864
51.2671
52.0749
52.3374
52.1533
51.6174
50.8543
49.9483
48.9513
47.9065
46.823
45.6968
44.5175
43.2598
41.8887
40.3615
38.6224
36.5947
34.212
31.4876
28.4835
25.2237
21.7066
17.9368
13.9276
9.70383
5.30108
0.767753
-3.83232
-8.41633
-12.8806
-17.0765
-20.8306
-23.7065
33.1912
30.2338
26.7521
22.919
19.0882
14.9696
10.7347
6.52557
2.28433
-1.91845
-6.0641
-10.1869
-14.2769
-18.3545
-22.4414
-26.5465
-30.6817
-34.8513
-39.0543
-43.2831
-47.5139
-51.7002
-55.7836
-59.6951
-63.4255
-67.0695
-70.6993
-74.3049
-77.8482
-81.2799
-84.5317
-87.5077
-90.0906
-92.0823
-93.2989
-93.2285
-91.6734
-87.0656
-79.799
35.8714
38.3151
40.8766
43.3514
45.4817
47.266
48.5883
49.3385
49.5662
49.3677
48.8353
48.09
47.2133
46.2553
45.2577
44.2295
43.1673
42.0613
40.8878
39.614
38.1999
36.5931
34.7207
32.5204
30.0045
27.2323
24.2259
20.983
17.5059
13.805
9.90096
5.82419
1.61736
-2.66258
-6.94054
-11.1216
-15.0687
-18.6232
-21.375
31.3734
28.5445
25.2123
21.5427
17.8758
13.9336
9.88091
5.85469
1.79985
-2.21545
-6.17294
-10.1051
-14.0021
-17.8831
-21.7687
-25.6671
-29.589
-33.5385
-37.5136
-41.5067
-45.4939
-49.4305
-53.2597
-56.9145
-60.386
-63.7649
-67.1204
-70.4422
-73.6932
-76.825
-79.7711
-82.4389
-84.7126
-86.4088
-87.3334
-87.0598
-85.2938
-80.8914
-73.8374
33.9361
36.2707
38.7163
41.0757
43.1023
44.7942
46.0403
46.7364
46.9323
46.7213
46.1935
45.4662
44.6182
43.6978
42.7453
41.7694
40.7671
39.7294
38.6339
37.4499
36.14
34.6547
32.9256
30.8935
28.5708
26.0136
23.2432
20.2564
17.0541
13.6443
10.0441
6.27954
2.38766
-1.58104
-5.55925
-9.46127
-13.1622
-16.5183
-19.1455
29.6488
26.9433
23.7551
20.2432
16.7347
12.9624
9.08578
5.23646
1.36182
-2.4722
-6.2476
-9.99544
-13.7058
-17.3966
-21.0875
-24.7856
-28.5012
-32.2373
-35.9914
-39.7556
-43.5063
-47.2003
-50.7825
-54.1883
-57.4089
-60.5313
-63.6214
-66.6686
-69.6366
-72.4791
-75.1314
-77.5054
-79.4885
-80.9129
-81.5825
-81.1383
-79.2482
-75.0499
-68.3288
32.0986
34.3285
36.663
38.9119
40.8397
42.4439
43.618
44.2636
44.4303
44.2089
43.6869
42.9779
42.1583
41.2743
40.365
39.4388
38.4928
37.5188
36.4958
35.3949
34.1811
32.8079
31.2108
29.3341
27.1901
24.8325
22.2814
19.5335
16.5885
13.4525
10.1399
6.67255
3.08264
-0.585545
-4.27243
-7.90141
-11.3601
-14.5198
-17.0214
28.0139
25.4273
22.3777
19.018
15.662
12.0543
8.34778
4.66943
0.969145
-2.68949
-6.28887
-9.85826
-13.3881
-16.8949
-20.3973
-23.9016
-27.4173
-30.9467
-34.4867
-38.029
-41.5505
-45.0092
-48.3522
-51.5172
-54.4958
-57.3713
-60.2059
-62.9891
-65.6858
-68.2514
-70.6241
-72.7208
-74.434
-75.6106
-76.0612
-75.4786
-73.528
-69.5423
-63.2174
30.3552
32.4847
34.7128
36.856
38.6895
40.2104
41.3166
41.9151
42.0554
41.8255
41.3104
40.6204
39.8288
38.9803
38.1125
37.2335
36.3406
35.4263
34.4707
33.4469
32.3218
31.0521
29.577
27.8441
25.8653
23.6927
21.3454
18.8199
16.1152
13.2361
10.1943
7.0086
3.70651
0.326507
-3.07919
-6.44307
-9.66495
-12.631
-15.0067
26.4655
23.9932
21.0772
17.8643
14.6558
11.2068
7.66494
4.15213
0.620444
-2.86846
-6.29737
-9.69411
-13.0491
-16.3781
-19.6981
-23.0149
-26.3372
-29.6667
-32.9993
-36.3269
-39.6266
-42.8577
-45.9695
-48.9024
-51.6489
-54.2878
-56.8781
-59.4093
-61.8474
-64.1501
-66.2593
-68.0969
-69.5621
-70.5159
-70.7807
-70.0912
-68.1276
-64.3646
-58.4719
28.7024
30.7355
32.8616
34.9038
36.6474
38.0893
39.1314
39.6862
39.8026
39.5661
39.0593
38.3886
37.6249
36.8111
35.9832
35.1493
34.3067
33.4483
32.5558
31.6035
30.5608
29.3867
28.0242
26.4241
24.5987
22.5975
20.4393
18.1204
15.6397
13.0006
10.2131
7.29292
4.26353
1.15817
-1.97785
-5.08601
-8.07785
-10.854
-13.1034
25.0001
22.638
19.8508
16.7796
13.7134
10.4181
7.03543
3.68258
0.314227
-3.01031
-6.27429
-9.50398
-12.6899
-15.8466
-18.9903
-22.1259
-25.2612
-28.3973
-31.5296
-34.6497
-37.7351
-40.7469
-43.6361
-46.3464
-48.8708
-51.2843
-53.6422
-55.9342
-58.1277
-60.1832
-62.046
-63.6439
-64.8836
-65.6396
-65.7488
-64.9815
-63.0417
-59.5086
-54.0659
27.1367
29.0773
31.1056
33.0513
34.7092
36.076
37.0578
37.5722
37.6673
37.4261
36.9285
36.2778
35.5418
34.7619
33.9727
33.1819
32.387
31.5814
30.7477
29.8621
28.8956
27.81
26.5517
25.0747
23.3912
21.549
19.566
17.4389
15.1664
12.7511
10.2014
7.53037
4.75815
1.91298
-0.966204
-3.82918
-6.59896
-9.18968
-11.3134
23.6147
21.3586
18.6957
15.7613
12.8326
9.68561
6.45699
3.2591
0.0487631
-3.11673
-6.22108
-9.2891
-12.3114
-15.3017
-18.2748
-21.2353
-24.1899
-27.1394
-30.0785
-32.9986
-35.8776
-38.6783
-41.354
-43.8514
-46.1645
-48.3642
-50.5024
-52.5687
-54.5327
-56.3573
-57.9919
-59.3702
-60.4067
-60.9893
-60.9704
-60.1511
-58.2638
-54.9642
-49.9734
25.6548
27.5064
29.4411
31.2944
32.8706
34.1664
35.0915
35.5684
35.6447
35.4005
34.9134
34.2831
33.5748
32.8281
32.0764
31.3269
30.5774
29.8215
29.043
28.2194
27.3238
26.3202
25.1583
23.7953
22.2434
20.5484
18.7277
16.7785
14.6992
12.492
10.1637
7.72566
5.19462
2.59464
-0.0413655
-2.67082
-5.22742
-7.63818
-9.63671
22.306
20.1521
17.6089
14.8066
12.0106
9.00724
5.92749
2.87935
-0.177931
-3.1894
-6.13933
-9.051
-11.9151
-14.7445
-17.553
-20.3445
-23.1248
-25.8943
-28.6473
-31.375
-34.0558
-36.654
-39.1255
-41.4202
-43.533
-45.5309
-47.4624
-49.3174
-51.0675
-52.6783
-54.1032
-55.282
-56.1376
-56.5699
-56.4477
-55.5987
-53.7848
-50.7194
-46.1689
24.2534
26.0196
27.8644
29.6294
31.1277
32.3561
33.228
33.6704
33.7302
33.4848
33.0093
32.3998
31.7191
31.0051
30.2898
29.58
28.8735
28.1646
27.438
26.6723
25.8425
24.915
23.8425
22.5852
21.1551
19.5965
17.9261
16.1414
14.2411
12.2268
10.1042
7.88301
5.57726
3.20706
0.800042
-1.60828
-3.96146
-6.19845
-8.07365
21.0709
19.0153
16.5876
13.9128
11.2452
8.38037
5.44469
2.54159
-0.367766
-3.23031
-6.03085
-8.79141
-11.5027
-14.1768
-16.8264
-19.4549
-22.0674
-24.6636
-27.2377
-29.7806
-32.2716
-34.6762
-36.953
-39.0555
-40.9794
-42.7879
-44.5261
-46.1844
-47.7365
-49.1506
-50.3845
-51.3839
-52.0799
-52.3839
-52.1803
-51.3201
-49.5945
-46.761
-42.6309
22.929
24.6132
26.372
28.0526
29.4766
30.6413
31.4631
31.8738
31.9192
31.6742
31.2113
30.6232
29.97
29.2883
28.6082
27.9365
27.2712
26.6067
25.9287
25.2173
24.4487
23.5917
22.6021
21.4427
20.1257
18.6933
17.1619
15.5294
13.7945
11.9585
10.0265
8.00641
5.91011
3.7542
1.56165
-0.638417
-2.79853
-4.86856
-6.62238
19.9063
17.9454
15.629
13.0773
10.5334
7.8028
5.00638
2.24336
-0.522843
-3.24147
-5.89764
-8.51214
-11.076
-13.6003
-16.0968
-18.5683
-21.0193
-23.4491
-25.8516
-28.2177
-30.5273
-32.7475
-34.8396
-36.7604
-38.507
-40.1384
-41.6969
-43.1732
-44.5431
-45.7779
-46.8391
-47.6784
-48.2349
-48.431
-48.1654
-47.3095
-45.6817
-43.075
-39.3409
21.6785
23.2841
24.9604
26.5602
27.9135
29.0178
29.7927
30.1744
30.2075
29.9643
29.515
28.9487
28.323
27.6728
27.0271
26.3921
25.766
25.1436
24.5113
23.8505
23.139
22.3475
21.4348
20.3662
19.1539
17.8384
16.4355
14.9435
13.3612
11.6897
9.93362
8.09948
6.1971
4.24017
2.24746
0.24248
-1.73544
-3.64596
-5.28159
18.8092
16.9393
14.7303
12.2974
9.87315
7.27187
4.6101
1.98258
-0.645444
-3.22497
-5.74176
-8.21533
-10.6369
-13.0168
-15.366
-17.6867
-19.9828
-22.253
-24.4914
-26.6885
-28.8253
-30.8705
-32.7878
-34.5378
-36.1184
-37.5853
-38.9776
-40.2866
-41.49
-42.5622
-43.4686
-44.1666
-44.6025
-44.7089
-44.3979
-43.5589
-42.0345
-39.6473
-36.2832
20.4989
22.0288
23.6261
25.1488
26.4347
27.4819
28.2129
28.568
28.5907
28.3507
27.9158
27.3716
26.7733
26.1541
25.5418
24.9422
24.3535
23.771
23.1817
22.5683
21.9099
21.1794
20.338
19.3536
18.2383
17.0309
15.7467
14.3841
12.9424
11.4225
9.82834
8.16547
6.44196
4.669
2.86165
1.03849
-0.76836
-2.52731
-4.04796
17.7766
15.9945
13.8888
11.5705
9.2615
6.78534
4.25353
1.75672
-0.737674
-3.18291
-5.56523
-7.90297
-10.1876
-12.4287
-14.6362
-16.8121
-18.9597
-21.0774
-23.1591
-25.1954
-27.168
-29.0475
-30.8003
-32.3903
-33.8165
-35.1312
-36.3704
-37.5264
-38.5788
-39.5046
-40.2733
-40.8475
-41.1803
-41.2136
-40.8716
-40.0591
-38.6408
-36.4638
-33.4422
19.387
20.8443
22.366
23.8149
25.0365
26.0298
26.7196
27.0505
27.0646
26.829
26.4093
25.8876
25.3165
24.7278
24.1479
23.5823
23.0293
22.4846
21.9358
21.3667
20.758
20.0839
19.3087
18.4024
17.3771
16.2695
15.0947
13.8514
12.539
11.1583
9.71288
8.2073
6.64826
5.04466
3.40848
1.754
0.10705
-1.50862
-2.91871
16.8056
15.1078
13.1018
10.8939
8.69618
6.34051
3.9342
1.56373
-0.801888
-3.11763
-5.37034
-7.57727
-9.73019
-11.8378
-13.9096
-15.9468
-17.9524
-19.9245
-21.8569
-23.7404
-25.5578
-27.2811
-28.8795
-30.3201
-31.6033
-32.7778
-33.8771
-34.8938
-35.81
-36.605
-37.2522
-37.7188
-37.9646
-37.9393
-37.5781
-36.7999
-35.4878
-33.51
-30.8041
18.3399
19.7275
21.1767
22.5551
23.7155
24.6578
25.3091
25.6179
25.6249
25.395
24.9912
24.492
23.948
23.3892
22.8408
22.308
21.7892
21.2801
20.7695
20.2419
19.6793
19.0579
18.3441
17.5102
16.568
15.5528
14.4788
13.3452
12.1514
10.8985
9.5892
8.2277
6.81927
5.37107
3.89232
2.39364
0.895351
-0.585558
-1.88949
15.8934
14.2767
12.3666
10.265
8.17445
5.93523
3.64983
1.40102
-0.840322
-3.03128
-5.15925
-7.24038
-9.26675
-11.2465
-13.1881
-15.0928
-16.9629
-18.7964
-20.5871
-22.326
-23.9968
-25.5734
-27.0274
-28.3294
-29.4805
-30.5267
-31.4984
-32.3894
-33.1834
-33.8623
-34.403
-34.7771
-34.95
-34.8789
-34.5087
-33.77
-32.5625
-30.7721
-28.3554
17.3544
18.6752
20.0551
21.366
22.4682
23.3623
23.9775
24.2663
24.2678
24.0445
23.6571
23.1808
22.6635
22.134
21.6161
21.1148
20.6286
20.1534
19.6787
19.19
18.6704
18.0978
17.4409
16.6741
15.809
14.879
13.8978
12.8649
11.7799
10.6437
9.45896
8.229
6.95817
5.652
4.31751
2.96213
1.60151
0.246785
-0.956219
15.0371
13.4984
11.6805
9.68137
7.69409
5.56683
3.39807
1.26659
-0.8552
-2.92609
-4.93412
-6.89448
-8.79947
-10.6566
-12.4739
-14.2522
-15.9933
-17.6952
-19.3517
-20.9541
-22.4871
-23.9262
-25.2458
-26.4195
-27.4495
-28.3785
-29.2348
-30.0126
-30.6977
-31.2743
-31.7223
-32.0175
-32.1303
-32.0246
-31.6534
-30.958
-29.8519
-28.2365
-26.0835
16.4279
17.6846
18.9981
20.2446
21.2913
22.1398
22.7212
22.9919
22.9891
22.7734
22.403
21.9495
21.4586
20.9578
20.4695
19.9985
19.5433
19.1003
18.6593
18.2069
17.7275
17.2002
16.5961
15.8914
15.0975
14.2461
13.3503
12.4098
11.4243
10.3948
9.32352
8.21341
7.06786
5.89116
4.68829
3.46427
2.23053
0.993386
-0.11386
14.2342
12.7704
11.0411
9.14048
7.25247
5.23316
3.17658
1.15789
-0.848767
-2.80426
-4.69714
-6.54166
-8.33042
-10.0705
-11.7691
-13.427
-15.0456
-16.6227
-18.1525
-19.6264
-21.0302
-22.3411
-23.5361
-24.5915
-25.5107
-26.3335
-27.0857
-27.7624
-28.3509
-28.8378
-29.2058
-29.4343
-29.4984
-29.3674
-29.0019
-28.3518
-27.3431
-25.89
-23.9764
15.5576
16.7527
18.0028
19.1877
20.1816
20.9871
21.5368
21.7911
21.7852
21.5778
21.2248
20.7942
20.3293
19.8564
19.3967
18.9548
18.5292
18.1165
17.7073
17.289
16.8468
16.3617
15.8065
15.1594
14.4312
13.6522
12.8348
11.9789
11.0844
10.1521
9.1841
8.18288
7.15114
6.09199
5.00901
3.90486
2.78765
1.65962
0.642467
13.4819
12.0899
10.4458
8.63988
6.84741
4.9317
2.98307
1.07291
-0.823266
-2.66796
-4.45038
-6.18395
-7.8616
-9.48988
-11.0756
-12.619
-14.1216
-15.5808
-16.9912
-18.3445
-19.6276
-20.8194
-21.8991
-22.846
-23.6643
-24.3909
-25.0498
-25.6365
-26.14
-26.5489
-26.8483
-27.0211
-27.0462
-26.898
-26.5432
-25.9394
-25.0231
-23.7198
-22.0229
14.7407
15.8768
17.0664
18.1923
19.1358
19.9007
20.4207
20.6601
20.6522
20.454
20.1186
19.7107
19.2715
18.8257
18.3937
17.9796
17.5823
17.1983
16.8189
16.4324
16.025
15.5789
15.069
14.475
13.8077
13.0953
12.3498
11.5713
10.7597
9.91587
9.04171
8.13923
7.21056
6.25801
5.28369
4.28857
3.27796
2.25077
1.31821
12.7778
11.4547
9.89223
8.17722
6.47637
4.66037
2.81535
1.00926
-0.780746
-2.5192
-4.19586
-5.82333
-7.39492
-8.91673
-10.395
-11.83
-13.2227
-14.5709
-15.8691
-17.1096
-18.2803
-19.3617
-20.3353
-21.183
-21.9098
-22.5499
-23.1254
-23.6325
-24.0616
-24.4028
-24.6441
-24.7707
-24.7653
-24.6064
-24.2663
-23.7087
-22.8795
-21.7138
-20.2121
13.9746
15.0542
16.1859
17.2555
18.1511
18.8776
19.3695
19.5956
19.5865
19.398
19.0807
18.6954
18.2811
17.8617
17.4564
17.069
16.6985
16.3416
15.9903
15.6334
15.2583
14.8484
14.3804
13.8357
13.2243
12.5732
11.8937
11.1859
10.4498
9.68638
8.89724
8.08411
7.24862
6.39231
5.51626
4.62004
3.70674
2.77237
1.91866
12.1193
10.8622
9.37808
7.7502
6.13734
4.41678
2.67122
0.965077
-0.723292
-2.36003
-3.93554
-5.46171
-6.93219
-8.35276
-9.72913
-11.0615
-12.3506
-13.5943
-14.7874
-15.9227
-16.9889
-17.9684
-18.8445
-19.6019
-20.246
-20.8087
-21.3101
-21.747
-22.1112
-22.3945
-22.5866
-22.6756
-22.6469
-22.4827
-22.1599
-21.648
-20.9002
-19.8602
-18.534
13.2568
14.2824
15.3589
16.3745
17.2245
17.9147
18.3801
18.5941
18.5846
18.4066
18.1074
17.7443
17.3545
16.9607
16.581
16.2191
15.874
15.5428
15.2178
14.8886
14.5436
14.1672
13.738
13.2386
12.6789
12.084
11.4648
10.8215
10.1542
9.46365
8.75145
8.01901
7.26755
6.498
5.71064
4.90393
4.07901
3.22978
2.44935
11.5042
10.3101
8.90101
7.35658
5.82789
4.19895
2.54861
0.938056
-0.652907
-2.19235
-3.67126
-5.10082
-6.47509
-7.79951
-9.07935
-10.3147
-11.5063
-12.652
-13.7469
-14.7841
-15.7537
-16.6393
-17.4264
-18.1018
-18.6715
-19.1651
-19.6009
-19.9762
-20.2842
-20.518
-20.6691
-20.7277
-20.6818
-20.5168
-20.2132
-19.7455
-19.0734
-18.1481
-16.9791
12.5849
13.5588
14.5827
15.5466
16.3533
17.009
17.4493
17.6525
17.643
17.476
17.1951
16.8539
16.4878
16.1188
15.7638
15.4263
15.1054
14.7983
14.4979
14.1946
13.8774
13.5321
13.1386
12.6811
12.1689
11.6257
11.0617
10.4771
9.87224
9.24775
8.60506
7.94536
7.26955
6.57806
5.87053
5.1445
4.39983
3.62832
2.91565
10.9302
9.7964
8.45894
6.99428
5.54615
4.00461
2.44544
0.926398
-0.571547
-2.01804
-3.40474
-4.74223
-6.02506
-7.25836
-8.44697
-9.59087
-10.6908
-11.7446
-12.7479
-13.6943
-14.5746
-15.374
-16.08
-16.6812
-17.1842
-17.6163
-17.9943
-18.316
-18.5755
-18.7673
-18.8845
-18.9189
-18.8609
-18.6984
-18.4154
-17.9901
-17.3882
-16.5668
-15.5385
11.9567
12.8811
13.8549
14.7692
15.5346
16.1576
16.5739
16.7675
16.7584
16.603
16.3405
16.0205
15.6776
15.3325
15.0013
14.6871
14.3891
14.1048
13.8274
13.5481
13.2568
12.9402
12.5797
12.1608
11.6923
11.1964
10.6828
10.1517
9.60348
9.03874
8.45876
7.86455
7.2567
6.63531
5.99945
5.34614
4.67382
3.97316
3.32289
10.3953
9.31909
8.04992
6.66142
5.2901
3.83214
2.35997
0.928093
-0.480953
-1.83881
-3.13767
-4.38752
-5.58354
-6.73059
-7.83304
-8.89083
-9.9047
-10.8728
-11.7908
-12.6529
-13.4511
-14.1717
-14.8038
-15.3382
-15.7816
-16.1592
-16.4865
-16.7616
-16.9796
-17.136
-17.2254
-17.241
-17.1751
-17.0178
-16.7559
-16.3711
-15.8337
-15.1065
-14.2037
11.37
12.2472
13.1731
14.0397
14.7661
15.3575
15.7508
15.936
15.9274
15.7844
15.5403
15.241
14.9204
14.5984
14.29
13.9981
13.7218
13.4589
13.2031
12.9462
12.6789
12.3888
12.0587
11.6753
11.247
10.7945
10.3268
9.84436
9.34744
8.83668
8.31321
7.77786
7.23102
6.67244
6.10086
5.51275
4.90575
4.26941
3.67635
9.89724
8.87587
7.67184
6.35593
5.05784
3.67947
2.29033
0.941597
-0.382723
-1.65619
-2.87147
-4.03808
-5.15196
-6.21755
-7.23869
-8.2154
-9.14858
-10.0365
-10.8753
-11.6597
-12.3823
-13.0309
-13.5963
-14.0706
-14.4608
-14.7904
-15.0733
-15.3081
-15.4907
-15.6176
-15.6844
-15.6857
-15.6154
-15.4654
-15.2248
-14.8781
-14.3999
-13.7577
-12.9668
10.8226
11.6548
12.5351
13.3557
14.045
14.606
14.9773
15.155
15.1463
15.0169
14.7914
14.512
14.213
13.9135
13.627
13.3562
13.1005
12.8577
12.6222
12.3861
12.141
11.8753
11.5734
11.2227
10.8312
10.4183
9.99253
9.55424
9.10378
8.6417
8.16907
7.68655
7.19435
6.69199
6.17793
5.64829
5.10002
4.52194
3.98113
9.4333
8.46401
7.32181
6.07487
4.84652
3.54395
2.23401
0.964509
-0.278654
-1.47193
-2.60728
-3.69458
-4.73101
-5.72005
-6.66463
-7.56513
-8.42279
-9.23604
-10.0014
-10.7137
-11.3669
-11.95
-12.4548
-12.8753
-13.2184
-13.5058
-13.75
-13.9501
-14.1028
-14.2052
-14.254
-14.2449
-14.1728
-14.0316
-13.812
-13.5011
-13.0771
-12.5115
-11.82
10.3116
11.101
11.938
12.7147
13.3693
13.9008
14.2512
14.422
14.4117
14.2971
14.0905
13.8303
13.5522
13.2745
13.0092
12.7586
12.5224
12.2986
12.082
11.8654
11.6408
11.3978
11.1217
10.8011
10.4434
10.0668
9.67919
9.28095
8.87246
8.45426
8.02729
7.59208
7.14874
6.69659
6.23388
5.75652
5.26093
4.73548
4.24214
9.00195
8.08192
6.99823
5.81645
4.65418
3.42313
2.1886
0.994434
-0.171236
-1.28856
-2.34662
-3.35728
-4.32058
-5.23787
-6.11046
-6.93944
-7.72664
-8.47064
-9.16801
-9.81437
-10.4041
-10.9275
-11.3779
-11.7501
-12.0515
-12.3017
-12.5123
-12.6827
-12.81
-12.8924
-12.9269
-12.9105
-12.8391
-12.7076
-12.5087
-12.2313
-11.8566
-11.36
-10.757
9.83555
10.5845
11.3804
12.1146
12.7367
13.2392
13.5704
13.7352
13.7203
13.6225
13.4349
13.1927
12.9347
12.678
12.4329
12.2016
11.9838
11.7781
11.5793
11.3808
11.1754
10.9533
10.7011
10.4082
10.0817
9.73824
9.38536
9.0235
8.653
8.27436
7.88842
7.49564
7.09599
6.68867
6.27179
5.84112
5.39272
4.91467
4.4643
8.60488
7.73172
6.70348
5.58312
4.48287
3.31911
2.15517
1.0312
-0.0616878
-1.10666
-2.09206
-3.03014
-3.92475
-4.77417
-5.57824
-6.33945
-7.06039
-7.73956
-8.3736
-8.95893
-9.49047
-9.95977
-10.3611
-10.6905
-10.9551
-11.173
-11.3547
-11.4998
-11.606
-11.672
-11.6956
-11.6744
-11.6053
-11.4843
-11.3052
-11.0589
-10.7291
-10.2946
-9.76977
9.39586
10.1062
10.8617
11.5544
12.1445
12.617
12.9302
13.0893
13.0693
12.9928
12.8233
12.5974
12.3588
12.1225
11.8966
11.6834
11.483
11.294
11.1118
10.9303
10.7427
10.54
10.3099
10.0426
9.74449
9.43132
9.11
8.78102
8.44476
8.10168
7.75249
7.39767
7.03696
6.66964
6.29358
5.90459
5.49839
5.06301
4.65135
8.24212
7.41349
6.43829
5.37597
4.33439
3.23379
2.13671
1.0773
0.0526608
-0.924235
-1.84287
-2.71677
-3.54981
-4.33428
-5.07192
-5.76868
-6.42734
-7.04563
-7.62062
-8.14933
-8.62736
-9.04702
-9.4038
-9.6946
-9.92651
-10.116
-10.2728
-10.3964
-10.4851
-10.5382
-10.5538
-10.5299
-10.4647
-10.3547
-10.1947
-9.9775
-9.68876
-9.31029
-8.85574
8.99232
9.66523
10.3812
11.0319
11.5902
12.0296
12.3263
12.4749
12.4518
12.4079
12.2558
12.043
11.8237
11.6081
11.4012
11.2054
11.0218
10.8489
10.6825
10.5168
10.3458
10.1611
9.95134
9.70744
9.43555
9.14993
8.85724
8.55788
8.2524
7.94103
7.62467
7.30343
6.97731
6.6452
6.30523
5.95306
5.5844
5.18706
4.81053
7.95652
7.16149
6.22389
5.20508
4.20836
3.15818
2.1213
1.12287
0.175464
-0.740958
-1.54932
-2.36797
-3.16709
-3.90661
-4.59756
-5.2524
-5.87223
-6.45265
-6.99046
-7.48352
-7.92701
-8.31459
-8.64212
-8.90715
-9.11668
-9.28634
-9.42549
-9.53341
-9.60948
-9.65331
-9.66062
-9.63341
-9.56961
-9.46605
-9.31834
-9.1201
-8.859
-8.51925
-8.11348
8.67481
9.31521
9.99664
10.6004
11.1187
11.5003
11.7498
11.8302
11.7964
11.8476
11.7434
11.5554
11.3639
11.1756
10.9908
10.8137
10.6469
10.4896
10.3378
10.1865
10.0299
9.86059
9.66783
9.44325
9.1923
8.92843
8.6579
8.38136
8.0992
7.81193
7.52021
7.22432
6.92409
6.61855
6.30572
5.98138
5.64117
5.27286
4.92397
7.7261
6.95773
6.04955
5.06418
4.10367
3.09653
2.11382
1.17445
0.308917
-0.552156
-1.2277
-2.00441
-2.7886
-3.49525
-4.15137
-4.77824
-5.37383
-5.93065
-6.44546
-6.91595
-7.33763
-7.70477
-8.01308
-8.26057
-8.45441
-8.60984
-8.73612
-8.83209
-8.89842
-8.93544
-8.93401
-8.90254
-8.83849
-8.73811
-8.59752
-8.41149
-8.16902
-7.85573
-7.48444
8.41736
9.02946
9.67547
10.2303
10.6994
11.0082
11.1888
11.1721
11.1202
11.2982
11.2657
11.1132
10.955
10.7976
10.6375
10.4803
10.3304
10.1882
10.0501
9.9119
9.76841
9.61271
9.43478
9.22671
8.99339
8.74749
8.49502
8.23679
7.97327
7.70504
7.43277
7.15682
6.87701
6.5924
6.30104
5.99875
5.6813
5.33637
5.00977
7.49766
6.75627
5.87778
4.92639
4.00231
3.03864
2.10917
1.22745
0.439429
-0.369901
-0.916323
-1.65029
-2.41716
-3.08945
-3.70824
-4.3044
-4.87367
-5.40536
-5.89559
-6.3423
-6.74141
-7.08725
-7.37582
-7.60557
-7.78386
-7.92541
-8.03951
-8.12428
-8.18169
-8.21317
-8.20424
-8.16974
-8.10697
-8.01111
-7.87888
-7.70619
-7.48329
-7.19713
-6.861
8.16159
8.74596
9.35609
9.86366
10.2855
10.524
10.6411
10.5377
10.4702
10.7567
10.7967
10.6796
10.5515
10.4234
10.2878
10.1504
10.0174
9.89003
9.76564
9.6404
9.50973
9.36743
9.20414
9.01238
8.79655
8.56844
8.33382
8.09352
7.84822
7.59847
7.34509
7.0884
6.82829
6.5638
6.29312
6.01202
5.71647
5.39409
5.08934
7.27227
6.55784
5.70924
4.79182
3.90414
2.98366
2.10593
1.28074
0.564781
-0.192429
-0.622237
-1.30983
-2.05261
-2.6893
-3.26965
-3.83264
-4.37327
-4.87804
-5.34226
-5.7641
-6.14019
-6.46465
-6.73388
-6.94653
-7.11018
-7.23871
-7.34163
-7.41615
-7.46579
-7.49276
-7.4776
-7.44107
-7.38051
-7.29002
-7.16682
-7.00791
-6.80475
-6.54548
-6.24297
7.90896
8.46632
9.04047
9.50316
9.87976
10.0501
10.1098
9.92966
9.84565
10.2241
10.3366
10.2567
10.1569
10.0561
9.9437
9.82526
9.70855
9.59589
9.48499
9.37258
9.25457
9.12543
8.97652
8.80088
8.60227
8.39179
8.17467
7.95204
7.72442
7.49265
7.25738
7.01922
6.77789
6.53266
6.28166
6.02084
5.74616
5.44549
5.16141
7.05209
6.36426
5.54519
4.66129
3.80917
2.93108
2.10262
1.33182
0.681278
-0.0234671
-0.352468
-0.988818
-1.69852
-2.29738
-2.83848
-3.36609
-3.87553
-4.35149
-4.78815
-5.18442
-5.53673
-5.8396
-6.08942
-6.28538
-6.4349
-6.5513
-6.64402
-6.70959
-6.75276
-6.77661
-6.75713
-6.72021
-6.66315
-6.57928
-6.46615
-6.32166
-6.13846
-5.90612
-5.63827
7.66208
8.19331
8.73182
9.15223
9.48535
9.58893
9.59737
9.34534
9.24138
9.69946
9.88318
9.84239
9.77185
9.69914
9.60999
9.50944
9.4076
9.3084
9.21032
9.11027
9.00471
8.88843
8.75368
8.59377
8.41218
8.21894
8.01917
7.81386
7.60372
7.38942
7.17185
6.95143
6.72814
6.50121
6.26884
6.02717
5.7722
5.4921
5.22751
6.84003
6.17781
5.38726
4.53573
3.71769
2.88016
2.09776
1.37846
0.785741
0.132663
-0.112827
-0.692244
-1.35845
-1.9157
-2.41647
-2.90683
-3.38239
-3.82707
-4.23496
-4.60463
-4.93276
-5.21395
-5.44482
-5.62476
-5.7608
-5.86562
-5.94862
-6.00574
-6.04267
-6.0635
-6.04019
-6.00318
-5.94978
-5.87258
-5.76958
-5.63941
-5.47549
-5.26809
-5.0281
7.42451
7.93081
8.43426
8.81523
9.10529
9.1422
9.10507
8.77928
8.64925
9.18342
9.4367
9.4326
9.39033
9.34792
9.28616
9.20675
9.12091
9.03464
8.9481
8.85918
8.76495
8.66083
8.53963
8.39503
8.2299
8.05328
7.87001
7.68121
7.48759
7.28991
7.08901
6.8854
6.67905
6.46936
6.25448
6.03076
5.79401
5.53316
5.28559
6.63926
6.00084
5.23658
4.41497
3.6283
2.82849
2.08811
1.41612
0.873146
0.269932
0.0900179
-0.425608
-1.03726
-1.5473
-2.00627
-2.45747
-2.89621
-3.30719
-3.68434
-4.02607
-4.32884
-4.58762
-4.79944
-4.96385
-5.08785
-5.18309
-5.2588
-5.31042
-5.3444
-5.36558
-5.34214
-5.30837
-5.26161
-5.19369
-5.10282
-4.98846
-4.84566
-4.66737
-4.4678
7.20005
7.68254
8.15153
8.49531
8.73961
8.70658
8.62671
8.21676
8.05162
8.67585
9.00801
9.03846
9.01565
8.9953
8.95802
8.90274
8.83869
8.77093
8.69965
8.62381
8.54165
8.44976
8.34196
8.21268
8.06432
7.9047
7.73813
7.56564
7.38803
7.20602
7.02054
6.83212
6.64097
6.44646
6.24712
6.03933
5.81879
5.57501
5.33995
6.44977
5.83273
5.0916
4.29618
3.53691
2.77029
2.06678
1.43706
0.935707
0.380365
0.249535
-0.196113
-0.739535
-1.19576
-1.61078
-2.02005
-2.41857
-2.79324
-3.13846
-3.45171
-3.72918
-3.96588
-4.15863
-4.30681
-4.41683
-4.49985
-4.56506
-4.60773
-4.63484
-4.65213
-4.62487
-4.59077
-4.54729
-4.48597
-4.40501
-4.30429
-4.17848
-4.0183
-3.82791
6.98861
7.44793
7.8832
8.19195
8.38495
8.27837
8.15675
7.63997
7.41699
8.15594
8.59773
8.68588
8.69211
8.68586
8.65353
8.60212
8.54663
8.49241
8.43705
8.37721
8.31025
8.23295
8.13981
8.02607
7.8943
7.7521
7.60355
7.4495
7.2903
7.12655
6.95885
6.7877
6.61308
6.4345
6.2504
6.05778
5.85233
5.62619
5.40714
6.26914
5.67174
4.95124
4.17851
3.44236
2.70394
2.03097
1.43685
0.968782
0.457922
0.358133
-0.0105843
-0.470418
-0.866762
-1.23463
-1.59778
-1.9511
-2.28441
-2.59278
-2.87353
-3.12323
-3.3376
-3.51398
-3.65205
-3.75725
-3.83858
-3.90479
-3.95044
-3.98367
-4.01048
-3.99198
-3.9689
-3.93874
-3.89222
-3.82798
-3.74721
-3.64872
-3.53139
-3.41559
6.78744
7.22468
7.6291
7.90678
8.04566
7.87491
7.71721
7.04552
6.71783
7.57259
8.13548
8.31415
8.40358
8.46577
8.47002
8.42496
8.35912
8.29134
8.22678
8.16422
8.10047
8.03125
7.95012
7.85045
7.73184
7.60112
7.46352
7.32072
7.17343
7.02224
6.86777
6.71058
6.55061
6.38721
6.21847
6.04096
5.84894
5.63481
5.42139
6.10861
5.52793
4.82579
4.07246
3.35573
2.6404
1.9908
1.42418
0.978828
0.500776
0.407791
0.125622
-0.237309
-0.567084
-0.882122
-1.19489
-1.50178
-1.79444
-2.06672
-2.31424
-2.53291
-2.71803
-2.86588
-2.97524
-3.05284
-3.10954
-3.15399
-3.18017
-3.19534
-3.20635
-3.17504
-3.14385
-3.1103
-3.06501
-3.00632
-2.93417
-2.84166
-2.71476
-2.5396
6.61012
7.02991
7.41013
7.66064
7.74651
7.53655
7.33695
6.42465
5.96299
6.93383
7.55918
7.75785
7.90052
8.06233
8.18716
8.25311
8.27055
8.2532
8.21304
8.15924
8.09751
8.0295
7.9535
7.86692
7.76929
7.66035
7.54005
7.41003
7.27224
7.12798
6.97837
6.82446
6.66712
6.50688
6.34303
6.17303
5.99068
5.78282
5.55528
6.00341
5.42761
4.73084
3.98428
3.27544
2.57249
1.93633
1.38825
0.953621
0.493034
0.390184
0.206888
-0.0508623
-0.308309
-0.557829
-0.801976
-1.04338
-1.28005
-1.50777
-1.72251
-1.92092
-2.09981
-2.25705
-2.39031
-2.4981
-2.5833
-2.65665
-2.71325
-2.76529
-2.81892
-2.82255
-2.82235
-2.82013
-2.80617
-2.77884
-2.74189
-2.70288
-2.67576
-2.70322
6.49924
6.91048
7.27217
7.48888
7.50879
7.24975
6.91231
5.65291
5.15771
6.43168
7.17877
7.32776
7.34141
7.36406
7.39811
7.44606
7.50869
7.57385
7.62526
7.65285
7.65354
7.62671
7.57274
7.49754
7.41568
7.33562
7.25487
7.16975
7.07859
6.9811
6.87699
6.76522
6.64445
6.51332
6.37065
6.21637
6.05547
5.90407
5.83055
5.95302
5.35818
4.6353
3.86374
3.1343
2.41979
1.78222
1.24506
0.816395
0.383836
0.289871
0.225533
0.0832689
-0.105929
-0.305714
-0.499201
-0.683784
-0.85766
-1.01768
-1.16039
-1.28174
-1.37582
-1.43725
-1.46586
-1.47686
-1.48346
-1.48842
-1.4811
-1.46346
-1.45059
-1.40673
-1.36813
-1.33519
-1.29851
-1.25592
-1.20589
-1.13285
-1.00741
-0.770811
6.45871
6.86701
7.20498
7.36587
7.28123
6.87891
6.16963
4.5055
4.10866
6.02719
7.34343
7.93323
8.1693
8.18444
8.02363
7.7672
7.49402
7.26078
7.08776
6.97327
6.907
6.87698
6.86444
6.83306
6.7497
6.6311
6.50393
6.37374
6.24118
6.1066
5.97272
5.84293
5.7196
5.60352
5.49181
5.37365
5.22002
4.97105
4.55133
5.83326
5.21366
4.45321
3.64372
2.88122
2.14566
1.50311
0.978598
0.562546
0.185131
0.0995185
0.141057
0.156374
0.117662
0.0419158
-0.0602988
-0.18455
-0.32779
-0.487743
-0.663323
-0.854943
-1.06223
-1.27821
-1.48517
-1.65279
-1.77871
-1.90288
-2.00763
-2.1471
-2.33808
-2.33088
-2.37357
-2.44921
-2.50825
-2.54696
-2.58278
-2.64274
-2.76812
-3.03728
6.34802
6.74675
7.052
7.15117
6.95843
6.36383
5.18883
3.21217
2.34902
4.3794
6.18208
7.64548
8.87123
9.90259
10.6804
11.1978
11.5065
11.6395
11.6434
11.5624
11.4322
11.2773
11.1327
11.0608
11.0896
11.1248
11.0985
11.0277
10.9324
10.8166
10.6772
10.5136
10.3283
10.1251
9.91114
9.70005
9.5297
9.44944
9.60522
-154.956
-159.848
-163.153
-166.74
-170.008
-172.585
-174.466
-175.691
-176.329
-176.481
-176.196
-175.496
-174.4
-172.919
-171.068
-168.885
-166.426
-163.753
-160.941
-158.036
-155.034
-151.921
-148.716
-145.436
-142.074
-138.576
-134.809
-130.614
-125.891
-120.619
-114.89
-108.95
-103.212
-98.1407
-93.9183
-90.2962
-86.7237
-82.7279
-78.2655
-73.5441
-68.7675
-64.1007
-59.6536
-55.4687
-51.5468
-47.876
-44.4419
-41.2314
-38.2318
-35.4307
-32.8154
-30.3744
-28.0962
-25.9706
-23.9877
-22.1385
-20.4144
-18.8072
-17.3094
-15.9138
-14.6135
-13.4022
-12.2737
-11.2221
-10.2426
-9.32804
-8.47863
-7.7838
-7.18757
-6.59742
-6.00914
-5.43562
-4.84772
-4.32439
-3.68671
-3.34017
-2.40979
-2.72969
-0.611913
-3.23878
-144.621
-140.81
-137.832
-134.951
-132.069
-129.172
-126.222
-123.203
-120.186
-117.089
-113.992
-110.841
-107.679
-104.485
-101.276
-98.0483
-94.809
-91.5598
-88.3048
-85.0466
-81.7892
-78.5352
-75.2885
-72.052
-68.83
-65.6255
-62.4431
-59.2864
-56.1603
-53.0687
-50.0176
-47.0112
-44.0553
-41.1548
-38.316
-35.5438
-32.8446
-30.2231
-27.6853
-25.2355
-22.8793
-20.6202
-18.4626
-16.4091
-14.4628
-12.6248
-10.8969
-9.27864
-7.77011
-6.36951
-5.07538
-3.88474
-2.79453
-1.80078
-0.899411
-0.0858014
0.644863
1.29763
1.87766
2.39021
2.84061
3.23416
3.57598
3.87115
4.12464
4.33993
4.52493
4.6582
4.75988
4.85536
4.94278
5.02427
5.09837
5.16694
5.25294
5.28326
5.38858
5.8059
4.26283
9.6037
-125.802
-126.991
-128.919
-131.381
-133.879
-136.227
-138.357
-140.213
-141.739
-142.906
-143.682
-144.055
-144.01
-143.569
-142.756
-141.592
-140.098
-138.29
-136.182
-133.806
-131.216
-128.494
-125.71
-122.867
-119.94
-116.919
-113.793
-110.527
-107.038
-103.23
-98.9974
-94.281
-89.1265
-83.7024
-78.3196
-73.3515
-69.033
-65.217
-61.6143
-58.1642
-54.8588
-51.6666
-48.5875
-45.6337
-42.813
-40.1278
-37.5772
-35.1579
-32.8667
-30.6988
-28.6493
-26.7126
-24.8834
-23.1565
-21.5271
-19.9905
-18.5423
-17.1782
-15.8941
-14.6858
-13.5497
-12.4818
-11.4785
-10.5359
-9.65139
-8.81939
-8.04148
-7.40018
-6.84814
-6.30085
-5.75148
-5.21459
-4.65912
-4.16744
-3.55665
-3.23476
-2.3351
-2.65533
-0.612712
-3.18002
-124.302
-122.479
-120.501
-118.357
-116.145
-113.869
-111.536
-109.159
-106.728
-104.251
-101.729
-99.1637
-96.5591
-93.9165
-91.2403
-88.5337
-85.7995
-83.0422
-80.2644
-77.4714
-74.6657
-71.8525
-69.0341
-66.2161
-63.401
-60.594
-57.7978
-55.0177
-52.2563
-49.5191
-46.8093
-44.1324
-41.4916
-38.8925
-36.3393
-33.8374
-31.391
-29.0058
-26.6859
-24.4367
-22.2622
-20.1674
-18.1555
-16.2309
-14.3959
-12.6537
-11.0057
-9.45374
-7.99783
-6.63852
-5.37466
-4.20516
-3.12775
-2.1401
-1.23891
-0.420845
0.318094
0.982087
1.57555
2.1031
2.56946
2.97938
3.33761
3.64886
3.91782
4.14801
4.34733
4.49209
4.6032
4.70824
4.80501
4.89519
4.97714
5.05175
5.14107
5.18398
5.27742
5.7101
4.23943
9.3111
-95.3906
-95.6722
-96.0029
-96.5464
-97.2366
-98.0092
-98.8298
-99.6442
-100.407
-101.064
-101.577
-101.904
-102.016
-101.884
-101.485
-100.795
-99.8076
-98.5224
-96.9602
-95.1369
-93.085
-90.8348
-88.4366
-85.949
-83.4327
-80.9057
-78.3676
-75.8402
-73.3447
-70.8612
-68.3512
-65.7567
-63.0044
-60.0509
-56.9407
-53.8203
-50.9356
-48.4396
-46.129
-43.8493
-41.6832
-39.6431
-37.6967
-35.8263
-34.0222
-32.2771
-30.5869
-28.9499
-27.3654
-25.8338
-24.3549
-22.929
-21.5556
-20.2351
-18.9667
-17.7506
-16.5861
-15.4726
-14.4094
-13.3956
-12.4301
-11.5119
-10.6395
-9.81132
-9.02657
-8.28154
-7.57926
-6.99529
-6.48995
-5.98747
-5.47934
-4.98083
-4.46093
-4.00053
-3.423
-3.1188
-2.26626
-2.56391
-0.630133
-3.08432
-94.7504
-93.6859
-92.5932
-91.4233
-90.2148
-88.9521
-87.6429
-86.2809
-84.867
-83.4011
-81.8821
-80.3096
-78.6846
-77.0055
-75.2752
-73.4917
-71.6589
-69.7758
-67.8465
-65.871
-63.854
-61.7966
-59.7037
-57.5774
-55.4236
-53.2448
-51.0471
-48.8338
-46.6111
-44.3828
-42.1555
-39.9331
-37.7218
-35.5262
-33.3525
-31.2052
-29.0903
-27.0125
-24.9777
-22.9902
-21.0557
-19.1785
-17.3637
-15.6147
-13.9361
-12.3308
-10.8022
-9.35202
-7.98267
-6.69495
-5.48968
-4.36654
-3.32512
-2.3639
-1.48125
-0.674669
0.0585172
0.721617
1.31809
1.85171
2.32645
2.74642
3.1158
3.43883
3.71975
3.96207
4.17323
4.32767
4.44701
4.56039
4.66549
4.76337
4.85266
4.93384
5.02688
5.08179
5.17208
5.58981
4.23668
8.99179
-74.6305
-74.6788
-74.514
-74.3269
-74.1869
-74.0861
-74.0014
-73.9292
-73.8613
-73.7871
-73.6792
-73.5182
-73.2726
-72.9231
-72.4396
-71.8071
-71.0006
-70.0106
-68.8252
-67.4444
-65.8689
-64.1141
-62.1958
-60.1449
-57.9974
-55.8082
-53.6107
-51.4019
-49.1601
-46.868
-44.5202
-42.1344
-39.7549
-37.4582
-35.3451
-33.5319
-32.1363
-31.2704
-30.7763
-30.2101
-29.4573
-28.6279
-27.7601
-26.8699
-25.9657
-25.0477
-24.116
-23.1718
-22.2185
-21.2594
-20.2986
-19.3395
-18.3861
-17.4418
-16.5103
-15.5946
-14.6976
-13.8218
-12.9692
-12.1415
-11.3404
-10.5667
-9.82143
-9.10466
-8.41748
-7.7578
-7.12977
-6.60243
-6.14218
-5.68244
-5.21407
-4.7529
-4.26751
-3.83818
-3.2916
-3.00888
-2.19292
-2.48925
-0.620785
-3.02768
-74.1925
-73.519
-72.8389
-72.1062
-71.3399
-70.5339
-69.6879
-68.8021
-67.8747
-66.907
-65.8955
-64.8432
-63.7467
-62.6087
-61.4262
-60.2016
-58.9332
-57.6232
-56.27
-54.876
-53.44
-51.965
-50.4502
-48.8987
-47.3106
-45.6895
-44.036
-42.3542
-40.6458
-38.9153
-37.1654
-35.4011
-33.6256
-31.8447
-30.0622
-28.284
-26.5146
-24.7599
-23.0245
-21.3146
-19.6346
-17.9906
-16.3869
-14.8288
-13.3205
-11.8667
-10.4708
-9.1364
-7.8662
-6.66275
-5.52756
-4.46214
-3.46669
-2.54155
-1.68578
-0.898443
-0.17768
0.478538
1.07281
1.608
2.08731
2.51416
2.89209
3.22488
3.51624
3.76941
3.99131
4.15463
4.28175
4.40298
4.51602
4.62198
4.71957
4.80931
4.90913
4.97474
5.06658
5.47375
4.18933
8.74267
-53.2612
-53.0737
-52.7992
-52.4904
-52.0554
-51.4752
-50.8349
-50.1906
-49.5342
-48.8464
-48.1321
-47.3959
-46.6392
-45.8515
-45.0277
-44.1546
-43.2236
-42.2212
-41.1386
-39.9649
-38.6927
-37.3172
-35.8386
-34.2616
-32.6024
-30.8885
-29.1667
-27.4943
-25.9041
-24.3827
-22.9105
-21.4777
-20.0876
-18.7669
-17.5855
-16.6492
-16.0835
-16.0275
-16.5418
-17.2986
-17.8494
-18.1532
-18.3001
-18.3295
-18.2632
-18.1116
-17.8805
-17.5772
-17.2091
-16.7839
-16.3089
-15.7913
-15.2375
-14.6545
-14.0482
-13.4249
-12.7897
-12.1479
-11.5038
-10.8617
-10.2249
-9.59668
-8.97979
-8.3761
-7.78831
-7.21579
-6.66419
-6.19461
-5.78066
-5.36508
-4.93793
-4.51528
-4.06555
-3.66885
-3.15338
-2.89566
-2.1119
-2.4181
-0.596781
-2.98611
-53.1669
-52.9142
-52.6627
-52.3762
-52.0691
-51.7345
-51.3734
-50.9828
-50.5625
-50.1098
-49.624
-49.103
-48.5463
-47.9515
-47.3182
-46.6445
-45.9305
-45.1741
-44.3759
-43.5341
-42.6497
-41.7216
-40.7512
-39.7377
-38.683
-37.5871
-36.4519
-35.2781
-34.0683
-32.8237
-31.5476
-30.2419
-28.9103
-27.5554
-26.1818
-24.7927
-23.3932
-21.9871
-20.5798
-19.1759
-17.7809
-16.3997
-15.0377
-13.6998
-12.3914
-11.1169
-9.88138
-8.6885
-7.54253
-6.44646
-5.4036
-4.41594
-3.48559
-2.61345
-1.80037
-1.04614
-0.350461
0.287854
0.870159
1.39849
1.87508
2.30257
2.68387
3.02204
3.32022
3.58124
3.81138
3.98196
4.11548
4.24334
4.36345
4.47672
4.58212
4.67998
4.78687
4.86129
4.95625
5.35493
4.12019
8.51383
-35.9959
-35.6857
-35.32
-34.9836
-34.6268
-34.1871
-33.6235
-32.9224
-32.1159
-31.2598
-30.3775
-29.4597
-28.5
-27.5093
-26.4995
-25.4766
-24.4402
-23.391
-22.3242
-21.2372
-20.1222
-18.9739
-17.7856
-16.5553
-15.2833
-13.9776
-12.6539
-11.3398
-10.0741
-8.89179
-7.79915
-6.79072
-5.86784
-5.05317
-4.3892
-3.9415
-3.79921
-4.07148
-4.87158
-6.18273
-7.60229
-8.77127
-9.69652
-10.4518
-11.0698
-11.5631
-11.9377
-12.1989
-12.3547
-12.4136
-12.3848
-12.2767
-12.0983
-11.8575
-11.563
-11.2221
-10.8423
-10.4305
-9.99321
-9.53601
-9.06456
-8.58347
-8.09722
-7.60925
-7.1237
-6.64144
-6.16887
-5.75973
-5.3947
-5.02558
-4.64205
-4.26032
-3.84858
-3.48642
-3.00445
-2.77273
-2.02427
-2.33883
-0.57117
-2.93469
-36.0808
-36.0523
-36.0278
-35.9828
-35.9273
-35.8563
-35.7706
-35.668
-35.5479
-35.4085
-35.2489
-35.0674
-34.8627
-34.6331
-34.3774
-34.094
-33.781
-33.437
-33.0604
-32.6499
-32.2039
-31.7211
-31.2003
-30.6407
-30.0412
-29.4015
-28.7208
-27.9997
-27.2379
-26.4364
-25.5959
-24.7179
-23.8039
-22.8561
-21.8767
-20.8689
-19.8353
-18.78
-17.7064
-16.619
-15.5219
-14.4201
-13.3182
-12.2214
-11.1344
-10.0625
-9.01013
-7.98247
-6.98355
-6.01787
-5.08889
-4.20023
-3.35443
-2.55406
-1.80053
-1.09538
-0.438933
0.168474
0.727434
1.23869
1.70368
2.12416
2.50215
2.84006
3.14027
3.40513
3.64018
3.81566
3.95376
4.08662
4.2122
4.33144
4.44322
4.54782
4.66012
4.74154
4.84034
5.22542
4.04983
8.26901
-22.3639
-21.9895
-21.5698
-21.1694
-20.755
-20.2952
-19.7884
-19.2293
-18.5884
-17.8274
-16.9397
-15.9655
-14.951
-13.9073
-12.826
-11.7125
-10.5849
-9.45909
-8.34317
-7.24324
-6.16293
-5.10314
-4.06305
-3.03994
-2.03178
-1.03571
-0.0542599
0.906257
1.82911
2.68492
3.43755
4.0686
4.58237
4.9829
5.25176
5.34963
5.21225
4.75792
3.89894
2.5458
0.792421
-0.957968
-2.4531
-3.72128
-4.82312
-5.7863
-6.61795
-7.32026
-7.89668
-8.35422
-8.70043
-8.94402
-9.0932
-9.15683
-9.14309
-9.06066
-8.91737
-8.72152
-8.48002
-8.20037
-7.88879
-7.55141
-7.19384
-6.82077
-6.43745
-6.04584
-5.65374
-5.30634
-4.99135
-4.67007
-4.33167
-3.99212
-3.61999
-3.29357
-2.8471
-2.64175
-1.93174
-2.25236
-0.544284
-2.87394
-22.5599
-22.6797
-22.804
-22.9183
-23.0281
-23.1309
-23.226
-23.313
-23.3901
-23.457
-23.5121
-23.5546
-23.5824
-23.5949
-23.5901
-23.5672
-23.5237
-23.4586
-23.37
-23.2565
-23.1163
-22.9476
-22.7487
-22.5184
-22.255
-21.9569
-21.6229
-21.2522
-20.8436
-20.3966
-19.9108
-19.3861
-18.8228
-18.2215
-17.5833
-16.9095
-16.2022
-15.4633
-14.6957
-13.9022
-13.0864
-12.252
-11.4031
-10.5438
-9.67881
-8.81246
-7.94988
-7.09527
-6.2537
-5.42924
-4.6265
-3.84906
-3.1008
-2.3845
-1.70313
-1.05857
-0.452694
0.113632
0.639546
1.12514
1.57076
1.97728
2.34592
2.67828
2.97601
3.24091
3.47761
3.65564
3.79653
3.93272
4.0623
4.18602
4.30281
4.4128
4.52943
4.61635
4.72004
5.0857
3.97799
8.01296
-12.2241
-11.8651
-11.4694
-11.0844
-10.6848
-10.2487
-9.77695
-9.27256
-8.73085
-8.14201
-7.4914
-6.75197
-5.90154
-4.95356
-3.95379
-2.93167
-1.88728
-0.820744
0.250703
1.3082
2.33745
3.33074
4.28129
5.18641
6.04472
6.85842
7.62958
8.35967
9.04728
9.68362
10.2496
10.7114
11.0454
11.2535
11.3397
11.2867
11.0561
10.5877
9.81285
8.65709
7.05977
5.16266
3.32154
1.70653
0.289391
-0.976326
-2.11239
-3.1212
-4.00198
-4.75678
-5.39162
-5.91276
-6.32773
-6.64341
-6.86779
-7.00831
-7.07331
-7.07003
-7.00661
-6.88992
-6.72734
-6.52542
-6.29058
-6.02818
-5.74424
-5.44182
-5.12883
-4.84312
-4.57842
-4.30498
-4.01204
-3.71536
-3.38368
-3.09363
-2.68387
-2.50522
-1.83495
-2.16201
-0.513575
-2.81042
-12.455
-12.6386
-12.8293
-13.0172
-13.2068
-13.3955
-13.5838
-13.7699
-13.9542
-14.1347
-14.3116
-14.4827
-14.648
-14.8051
-14.9539
-15.0919
-15.2186
-15.3315
-15.4298
-15.5111
-15.5745
-15.6172
-15.6381
-15.6349
-15.6064
-15.5501
-15.4649
-15.3487
-15.2003
-15.0182
-14.8013
-14.5484
-14.2592
-13.9328
-13.5694
-13.169
-12.7324
-12.2605
-11.7546
-11.2167
-10.6489
-10.0538
-9.4345
-8.7944
-8.13677
-7.46612
-6.78603
-6.10129
-5.41583
-4.73441
-4.06094
-3.39994
-2.75497
-2.12998
-1.52789
-0.951876
-0.404045
0.113374
0.599096
1.05206
1.47195
1.85865
2.21267
2.53479
2.82595
3.08733
3.32268
3.50105
3.64307
3.78104
3.91309
4.03996
4.16051
4.27496
4.39493
4.48599
4.59552
4.93784
3.9
7.755
-5.08712
-4.76875
-4.42213
-4.08085
-3.72613
-3.34293
-2.93139
-2.49421
-2.02886
-1.5318
-0.999183
-0.426741
0.195094
0.883502
1.66089
2.52627
3.44453
4.37929
5.32424
6.27738
7.22474
8.1461
9.02808
9.86026
10.6372
11.354
12.0107
12.6074
13.1466
13.6281
14.0486
14.3953
14.6447
14.7746
14.779
14.6592
14.4029
13.9783
13.3345
12.4171
11.1614
9.52909
7.67669
5.89069
4.29074
2.85587
1.55034
0.35869
-0.716504
-1.67258
-2.51046
-3.23488
-3.85055
-4.36315
-4.77815
-5.10245
-5.34213
-5.50472
-5.59658
-5.62521
-5.59734
-5.51991
-5.39922
-5.24111
-5.0519
-4.83504
-4.59934
-4.374
-4.15873
-3.93281
-3.68543
-3.43158
-3.14081
-2.88749
-2.51522
-2.36382
-1.73396
-2.06848
-0.478705
-2.7455
-5.31621
-5.51891
-5.72805
-5.93938
-6.15416
-6.3722
-6.59241
-6.81528
-7.03937
-7.26509
-7.4907
-7.71667
-7.9411
-8.16422
-8.38391
-8.60021
-8.81089
-9.01581
-9.21253
-9.40058
-9.57747
-9.74256
-9.8932
-10.0284
-10.1457
-10.244
-10.3206
-10.3743
-10.4027
-10.4045
-10.3776
-10.3209
-10.2327
-10.1119
-9.95738
-9.7687
-9.54521
-9.28702
-8.99426
-8.66771
-8.30838
-7.91775
-7.49786
-7.05054
-6.57904
-6.08581
-5.57467
-5.04877
-4.51233
-3.96882
-3.42269
-2.87757
-2.33771
-1.80658
-1.28802
-0.785009
-0.300761
0.162388
0.602139
1.01705
1.40567
1.76751
2.10208
2.40963
2.69033
2.94476
3.1758
3.35238
3.49381
3.63193
3.76501
3.89361
4.01662
4.13429
4.2567
4.35056
4.46641
4.78286
3.8153
7.49628
-0.243881
0.0240016
0.312234
0.598797
0.896688
1.21683
1.55845
1.92012
2.30294
2.70985
3.14261
3.60314
4.09323
4.61687
5.17998
5.79493
6.47898
7.23511
8.03289
8.83962
9.64557
10.4484
11.2335
11.9851
12.6897
13.3398
13.929
14.4552
14.9174
15.3171
15.6548
15.9296
16.1331
16.2491
16.2569
16.1462
15.917
15.5607
15.0522
14.3508
13.4117
12.1796
10.6326
8.92151
7.26942
5.76377
4.39019
3.1229
1.95225
0.88354
-0.0794133
-0.936381
-1.6906
-2.34475
-2.9031
-3.36936
-3.74919
-4.04729
-4.27005
-4.42335
-4.51385
-4.54734
-4.53024
-4.46803
-4.36715
-4.23148
-4.06922
-3.90219
-3.73526
-3.55584
-3.3533
-3.1421
-2.8923
-2.67579
-2.34158
-2.2176
-1.62878
-1.97127
-0.440427
-2.67797
-0.451373
-0.645048
-0.845401
-1.04946
-1.25906
-1.4729
-1.69182
-1.91462
-2.14196
-2.37255
-2.607
-2.84388
-3.08362
-3.32463
-3.56727
-3.8098
-4.05228
-4.29283
-4.53139
-4.76588
-4.996
-5.21951
-5.43588
-5.64274
-5.83936
-6.02324
-6.19336
-6.34729
-6.48388
-6.60062
-6.69626
-6.76856
-6.81626
-6.83726
-6.83049
-6.79433
-6.72794
-6.63022
-6.50081
-6.3393
-6.14585
-5.92102
-5.66526
-5.38032
-5.0673
-4.72871
-4.36643
-3.98359
-3.58275
-3.16756
-2.74113
-2.30736
-1.86956
-1.43167
-0.996926
-0.569017
-0.150855
0.254441
0.644562
1.01699
1.3703
1.70283
2.01393
2.30298
2.56959
2.81379
3.03762
3.21021
3.34935
3.48605
3.61859
3.7475
3.87155
3.9912
4.11475
4.21011
4.33213
4.62085
3.72462
7.23411
2.90339
3.12173
3.35442
3.58697
3.82883
4.08732
4.36197
4.65148
4.95695
5.28012
5.62238
5.98453
6.36791
6.77387
7.20449
7.6619
8.15089
8.68032
9.26446
9.90222
10.5664
11.2299
11.8865
12.5306
13.1499
13.7303
14.2626
14.7398
15.1586
15.5168
15.8148
16.0534
16.232
16.3459
16.3826
16.3239
16.1573
15.8824
15.4943
14.973
14.286
13.3953
12.2546
10.8538
9.32491
7.83993
6.46625
5.1964
4.01277
2.90922
1.89188
0.965359
0.131102
-0.612642
-1.26684
-1.83454
-2.31772
-2.72069
-3.04756
-3.30351
-3.4933
-3.62244
-3.69614
-3.71984
-3.6993
-3.63821
-3.54488
-3.43313
-3.31232
-3.17771
-3.01894
-2.84935
-2.64001
-2.45994
-2.16386
-2.06732
-1.52001
-1.8705
-0.399287
-2.60712
2.72486
2.55144
2.37261
2.18856
1.9993
1.80447
1.60459
1.39921
1.18903
0.973575
0.753646
0.528894
0.300238
0.0674096
-0.16853
-0.407758
-0.649013
-0.892291
-1.13625
-1.38069
-1.62406
-1.86597
-2.10469
-2.33965
-2.56896
-2.79179
-3.00608
-3.21087
-3.40402
-3.58432
-3.74957
-3.89845
-4.02887
-4.1394
-4.2281
-4.29363
-4.33431
-4.34902
-4.33647
-4.29588
-4.22667
-4.12822
-4.00095
-3.84473
-3.66067
-3.44942
-3.21274
-2.95201
-2.66974
-2.36802
-2.04991
-1.71799
-1.37574
-1.02605
-0.672515
-0.318065
0.0338778
0.380587
0.718944
1.0468
1.36166
1.66202
1.94633
2.21373
2.46312
2.69415
2.90811
3.07464
3.20984
3.34351
3.47407
3.60183
3.72556
3.84576
3.96924
4.06494
4.19269
4.45233
3.62852
6.96812
4.82378
4.99887
5.18334
5.3681
5.56036
5.76504
5.98169
6.20925
6.44851
6.7007
6.96687
7.2475
7.54336
7.85519
8.18412
8.53108
8.8974
9.28459
9.69634
10.1403
10.6267
11.1493
11.6829
12.2093
12.7242
13.2203
13.6871
14.1142
14.4952
14.825
15.1017
15.3244
15.4936
15.6088
15.6671
15.6593
15.5692
15.3838
15.1027
14.7226
14.2274
13.5921
12.7849
11.7655
10.5308
9.19077
7.87903
6.65063
5.50403
4.42657
3.41406
2.47306
1.6085
0.822836
0.11511
-0.513977
-1.06604
-1.54275
-1.94716
-2.28208
-2.5515
-2.75912
-2.90977
-3.00752
-3.05775
-3.06387
-3.03322
-2.9727
-2.89527
-2.80304
-2.68591
-2.55644
-2.38649
-2.24199
-1.98374
-1.91413
-1.40847
-1.76673
-0.355744
-2.53325
4.67405
4.5246
4.37058
4.21136
4.0472
3.87764
3.70304
3.52298
3.33788
3.14735
2.95189
2.75112
2.54568
2.33526
2.12061
1.90147
1.67872
1.45227
1.2231
0.991232
0.757831
0.523098
0.288335
0.0539418
-0.178623
-0.408749
-0.63478
-0.855942
-1.07045
-1.27731
-1.47459
-1.66113
-1.83499
-1.99485
-2.13879
-2.26546
-2.37305
-2.46023
-2.52545
-2.5676
-2.58543
-2.57831
-2.54537
-2.4865
-2.40133
-2.29041
-2.15402
-1.99343
-1.80961
-1.60447
-1.37962
-1.13763
-0.880636
-0.61164
-0.33306
-0.0481471
0.24048
0.52963
0.816835
1.09917
1.37459
1.64082
1.8964
2.13969
2.3695
2.58491
2.78663
2.94525
3.07492
3.20415
3.33127
3.45654
3.57857
3.69814
3.82024
3.91526
4.04796
4.27775
3.52672
6.69783
5.89903
6.03802
6.18265
6.32757
6.47833
6.63837
6.80716
6.98388
7.16899
7.36346
7.56795
7.78291
8.00874
8.246
8.49522
8.757
9.03183
9.32042
9.6234
9.94207
10.2796
10.6435
11.0387
11.4537
11.868
12.2722
12.6616
13.0291
13.3656
13.6648
13.9217
14.1337
14.2994
14.4189
14.4914
14.5151
14.4828
14.3816
14.1998
13.9348
13.5836
13.134
12.5661
11.853
10.9609
9.89045
8.72963
7.58426
6.50113
5.48246
4.51905
3.60784
2.75518
1.96562
1.24265
0.586474
-0.00235039
-0.524393
-0.980153
-1.37144
-1.70008
-1.96913
-2.18155
-2.34093
-2.45143
-2.51582
-2.54098
-2.52688
-2.48918
-2.4361
-2.3581
-2.2665
-2.13429
-2.02401
-1.80272
-1.75937
-1.29517
-1.66078
-0.310445
-2.4567
5.77513
5.64909
5.51908
5.38453
5.24532
5.1015
4.95278
4.79932
4.64081
4.47747
4.30898
4.13569
3.95729
3.77417
3.58612
3.39359
3.19645
2.99528
2.79
2.5813
2.36926
2.1547
1.93783
1.7196
1.50039
1.28133
1.06297
0.846575
0.632883
0.423334
0.218872
0.0210527
-0.169018
-0.349683
-0.51969
-0.677339
-0.821299
-0.949922
-1.06189
-1.15575
-1.23025
-1.28415
-1.31646
-1.32633
-1.31329
-1.27691
-1.21733
-1.13457
-1.02943
-0.902521
-0.755334
-0.58907
-0.40582
-0.207219
0.00410134
0.226029
0.45576
0.690959
0.928762
1.16693
1.4029
1.63477
1.86038
2.07833
2.28673
2.4847
2.67228
2.82133
2.94415
3.06754
3.18995
3.31141
3.43056
3.54819
3.66778
3.76125
3.89794
4.09773
3.41935
6.42348
6.37218
6.48278
6.59635
6.70987
6.82776
6.95262
7.08386
7.22088
7.36385
7.51355
7.67038
7.83472
8.00674
8.18685
8.37536
8.57265
8.77897
8.9946
9.2198
9.45494
9.70038
9.95723
10.2291
10.5226
10.8363
11.1557
11.4682
11.7691
12.0534
12.3144
12.546
12.7435
12.904
13.0259
13.1088
13.1518
13.1536
13.1086
13.0066
12.8369
12.5956
12.2799
11.8808
11.3826
10.7632
9.99416
9.07632
8.07921
7.08859
6.14516
5.25295
4.40452
3.59676
2.83584
2.12659
1.47191
0.873015
0.331334
-0.152667
-0.578648
-0.947656
-1.26079
-1.52025
-1.72814
-1.88766
-2.00123
-2.07433
-2.10108
-2.09891
-2.08128
-2.03907
-1.98266
-1.88601
-1.80814
-1.6226
-1.60428
-1.18103
-1.55318
-0.264147
-2.37741
6.27033
6.16499
6.0567
5.94437
5.8283
5.70815
5.58397
5.45552
5.32282
5.18567
5.04414
4.89804
4.74746
4.59226
4.4326
4.26836
4.09978
3.92679
3.74971
3.56855
3.38375
3.19538
3.00401
2.80983
2.61354
2.41546
2.21643
2.01696
1.818
1.62024
1.42482
1.23258
1.04477
0.862426
0.686921
0.51942
0.361376
0.214065
0.0789227
-0.0427509
-0.149596
-0.240359
-0.313916
-0.369172
-0.405267
-0.421429
-0.417188
-0.392314
-0.346767
-0.280935
-0.195223
-0.0906776
0.0318618
0.170635
0.324289
0.49069
0.668004
0.853814
1.0461
1.24237
1.44066
1.6386
1.83451
2.02636
2.21259
2.39178
2.56385
2.70199
2.81681
2.93319
3.04965
3.16615
3.2812
3.39585
3.51177
3.60297
3.7424
3.91253
3.30634
6.14369
6.47677
6.56404
6.65281
6.74135
6.8331
6.92986
7.03123
7.13664
7.24626
7.36058
7.47997
7.60461
7.73466
7.87032
8.01184
8.1594
8.3132
8.47338
8.64008
8.81334
8.99328
9.17992
9.37358
9.57563
9.79028
10.0207
10.2603
10.4973
10.7255
10.9413
11.1398
11.3155
11.4644
11.5834
11.671
11.7262
11.7484
11.7362
11.6854
11.5875
11.433
11.2172
10.9377
10.5877
10.1554
9.62226
8.96521
8.18437
7.33417
6.48542
5.67337
4.90168
4.16369
3.45654
2.78472
2.15341
1.56642
1.02605
0.534379
0.0924226
-0.299118
-0.640479
-0.932345
-1.17583
-1.37337
-1.52625
-1.63909
-1.70056
-1.72924
-1.74278
-1.73268
-1.7082
-1.6444
-1.59665
-1.44508
-1.45028
-1.06728
-1.44455
-0.2178
-2.295
6.39285
6.30487
6.21443
6.12062
6.02359
5.92324
5.8194
5.71203
5.60094
5.48615
5.36744
5.24488
5.11828
4.98773
4.85308
4.71444
4.57169
4.42503
4.27434
4.11989
3.96166
3.79994
3.63481
3.46666
3.29565
3.12228
2.94683
2.76992
2.59196
2.41369
2.23571
2.05889
1.88396
1.71193
1.54371
1.38042
1.22312
1.073
0.931252
0.799097
0.67778
0.568503
0.472467
0.390712
0.324359
0.274191
0.241144
0.225662
0.228302
0.249119
0.28808
0.344934
0.41888
0.509307
0.614904
0.734497
0.866368
1.00897
1.16023
1.31845
1.4814
1.64737
1.81428
1.98061
2.14427
2.30426
2.45974
2.58615
2.692
2.80038
2.90986
3.02028
3.13024
3.24074
3.35202
3.44044
3.58119
3.72241
3.1881
5.85752
6.28897
6.3606
6.43227
6.50311
6.5762
6.65305
6.73328
6.81638
6.90241
6.99175
7.08461
7.18117
7.28145
7.38562
7.49377
7.60606
7.72251
7.8433
7.96839
8.09788
8.23163
8.36967
8.51181
8.65808
8.80874
8.96619
9.13399
9.31084
9.48811
9.65947
9.82124
9.96966
10.1
10.2087
10.2928
10.3506
10.381
10.3835
10.3566
10.2971
10.1982
10.0519
9.85357
9.60211
9.29376
8.92048
8.46851
7.9194
7.2708
6.5635
5.85395
5.16943
4.50936
3.86688
3.24404
2.64966
2.08997
1.56772
1.08458
0.642743
0.243808
-0.111138
-0.42191
-0.689026
-0.91346
-1.09604
-1.24003
-1.32989
-1.38448
-1.42458
-1.44248
-1.44623
-1.41213
-1.39174
-1.27217
-1.29869
-0.955237
-1.33523
-0.172612
-2.20855
6.21853
6.1442
6.06822
5.98958
5.90853
5.82485
5.7385
5.64936
5.55738
5.46243
5.36448
5.26337
5.1591
5.05153
4.94064
4.82633
4.70859
4.58737
4.46267
4.33449
4.20288
4.06789
3.92964
3.78822
3.64385
3.49671
3.3471
3.19528
3.04167
2.88666
2.73079
2.57459
2.41868
2.26376
2.11061
1.96005
1.81297
1.67033
1.53312
1.40241
1.27923
1.16475
1.05997
0.966086
0.883995
0.814806
0.759232
0.718222
0.692218
0.681894
0.687408
0.708877
0.74618
0.798866
0.866333
0.947708
1.04194
1.14766
1.26355
1.38788
1.51914
1.65547
1.79541
1.93708
2.07897
2.21951
2.35827
2.47216
2.56849
2.66811
2.76969
2.87315
2.97706
3.08256
3.18827
3.2736
3.41405
3.5273
3.06521
5.5626
5.97785
6.03653
6.0943
6.15072
6.20859
6.26912
6.33204
6.39683
6.46357
6.53246
6.60376
6.67747
6.75369
6.83242
6.91383
6.99788
7.0847
7.1742
7.2665
7.3615
7.45923
7.5595
7.6623
7.76731
7.87446
7.98358
8.09573
8.21376
8.33921
8.46671
8.59036
8.7071
8.81425
8.90756
8.98384
9.04032
9.07571
9.08873
9.07884
9.04463
8.98342
8.88925
8.75497
8.57613
8.35207
8.08135
7.76025
7.38128
6.93171
6.4064
5.83019
5.24002
4.65631
4.08416
3.52311
2.97809
2.45711
1.96468
1.5031
1.07456
0.681524
0.325767
0.00792916
-0.271291
-0.512359
-0.715037
-0.881754
-0.993639
-1.06889
-1.13076
-1.17212
-1.20011
-1.19225
-1.19595
-1.10605
-1.15093
-0.846874
-1.22512
-0.130671
-2.11651
5.91837
5.8552
5.79068
5.724
5.65539
5.58474
5.51195
5.43699
5.35975
5.28017
5.19816
5.11366
5.02658
4.93686
4.84443
4.74921
4.65119
4.55028
4.44648
4.33974
4.23009
4.11751
4.00208
3.8838
3.76283
3.63921
3.51317
3.38483
3.25448
3.12235
2.98883
2.85424
2.71909
2.5838
2.44902
2.31529
2.18338
2.05394
1.92787
1.80592
1.68908
1.57818
1.47429
1.37823
1.29112
1.21372
1.1471
1.09189
1.04899
1.01886
1.00218
0.999141
1.01009
1.03478
1.07315
1.12457
1.18849
1.26398
1.35
1.44536
1.54866
1.65866
1.77376
1.89269
2.01358
2.13546
2.25734
2.35871
2.44511
2.53541
2.62848
2.72424
2.82134
2.92087
3.02018
3.10233
3.24064
3.32669
2.93959
5.25572
5.57196
5.62172
5.66983
5.71637
5.76383
5.81337
5.86464
5.91726
5.97117
6.02665
6.0838
6.14273
6.2034
6.26596
6.33038
6.3968
6.46517
6.53561
6.60808
6.68273
6.75945
6.83844
6.91956
7.00295
7.08833
7.1759
7.26585
7.35975
7.4606
7.57126
7.68629
7.79408
7.88643
7.96077
8.01348
8.04152
8.04217
8.01496
7.95991
7.87874
7.77282
7.64328
7.4901
7.31432
7.12155
6.9228
6.72736
6.53977
6.35099
6.12529
5.80488
5.35321
4.78765
4.18986
3.64309
3.15324
2.6886
2.2362
1.80281
1.3963
1.01981
0.673834
0.359512
0.0779509
-0.170219
-0.384397
-0.56594
-0.693536
-0.784536
-0.863345
-0.92381
-0.971808
-0.986734
-1.01075
-0.948669
-1.00768
-0.744218
-1.11371
-0.0951511
-2.01632
5.52027
5.46519
5.40921
5.35152
5.29242
5.23174
5.16945
5.10549
5.03979
4.9723
4.90292
4.83163
4.75833
4.683
4.60553
4.52591
4.44404
4.35995
4.27351
4.18478
4.09363
4.00017
3.90428
3.8061
3.70556
3.60281
3.49784
3.39087
3.28192
3.17128
3.05906
2.94563
2.83115
2.7161
2.60076
2.48569
2.37129
2.25822
2.14697
2.03833
1.93288
1.83151
1.73486
1.64387
1.55925
1.48194
1.41267
1.35233
1.30156
1.26114
1.23155
1.2134
1.20692
1.21242
1.2298
1.25904
1.29973
1.35139
1.41331
1.48461
1.56439
1.65145
1.74481
1.843
1.9447
2.04878
2.15447
2.24327
2.31965
2.40031
2.48449
2.57194
2.66177
2.75484
2.84725
2.9266
3.06101
3.11927
2.81416
4.93353
4.94434
4.98485
5.02313
5.0592
5.09537
5.1329
5.17149
5.21076
5.25055
5.29112
5.33245
5.37464
5.41756
5.46134
5.50588
5.55132
5.59744
5.64434
5.69184
5.74005
5.78876
5.83801
5.88747
5.93726
5.98694
6.03649
6.08545
6.13345
6.17968
6.22487
6.27196
6.32371
6.37559
6.42134
6.45885
6.48984
6.51362
6.52931
6.53496
6.53088
6.51595
6.48994
6.45073
6.3955
6.31849
6.21838
6.09771
5.95692
5.78618
5.56527
5.26924
4.89999
4.49263
4.06769
3.63177
3.2043
2.79436
2.39771
2.01372
1.64641
1.29918
0.974259
0.673414
0.398419
0.150551
-0.0690673
-0.260328
-0.400489
-0.505089
-0.598961
-0.677251
-0.743803
-0.78171
-0.824035
-0.792563
-0.86063
-0.646164
-0.994687
-0.0695708
-1.90816
4.90163
4.85625
4.81037
4.76336
4.71544
4.66649
4.61647
4.56537
4.51309
4.45965
4.40495
4.34897
4.29162
4.23293
4.17277
4.11116
4.048
3.98333
3.917
3.84909
3.77944
3.70817
3.63511
3.56036
3.4838
3.40559
3.32558
3.24398
3.16065
3.07586
2.98953
2.90197
2.81314
2.72342
2.63286
2.54191
2.45069
2.35974
2.26929
2.17997
2.09209
2.00637
1.92322
1.84343
1.76748
1.6962
1.63014
1.57016
1.51678
1.47085
1.43283
1.40345
1.3831
1.37229
1.37116
1.38003
1.39877
1.42734
1.46535
1.51245
1.56793
1.63119
1.70129
1.77727
1.85801
1.94277
2.03049
2.10572
2.1713
2.24179
2.31636
2.39491
2.47668
2.56233
2.64639
2.72441
2.85412
2.88197
2.68291
4.56967
4.14402
4.17665
4.20676
4.23407
4.26087
4.28845
4.31658
4.34482
4.37293
4.40116
4.42952
4.45801
4.48651
4.515
4.54343
4.57188
4.60015
4.62825
4.65604
4.68354
4.71059
4.73717
4.76302
4.78818
4.81231
4.83533
4.85676
4.87626
4.89324
4.90816
4.9227
4.94147
4.97002
5.01104
5.05994
5.11283
5.16971
5.23259
5.29955
5.3681
5.43327
5.49163
5.53622
5.56097
5.55585
5.50926
5.4106
5.25542
5.04316
4.78015
4.48342
4.1811
3.89666
3.62943
3.34564
3.02591
2.69264
2.36897
2.05525
1.74775
1.44819
1.16077
0.888827
0.634684
0.400163
0.186997
-0.00379735
-0.148558
-0.260403
-0.363533
-0.454066
-0.534893
-0.590397
-0.649688
-0.64128
-0.724372
-0.542018
-0.892946
-0.0235541
-1.83971
4.10958
4.07345
4.03715
4.00029
3.96301
3.92525
3.88695
3.84815
3.80874
3.76876
3.72808
3.68676
3.64466
3.60188
3.55823
3.5138
3.46845
3.42228
3.3751
3.32702
3.27785
3.22775
3.1765
3.12424
3.07077
3.01627
2.96053
2.90374
2.84569
2.78659
2.72627
2.66498
2.60254
2.53927
2.47502
2.41014
2.34457
2.2787
2.21254
2.14657
2.08086
2.01596
1.95203
1.8897
1.82919
1.7712
1.71603
1.66439
1.61669
1.57363
1.53566
1.50346
1.47748
1.45832
1.44631
1.44193
1.44532
1.45673
1.47608
1.50336
1.53826
1.58051
1.62954
1.68483
1.74564
1.81158
1.88185
1.94345
1.99847
2.0587
2.12361
2.19272
2.26568
2.34273
2.41774
2.49253
2.62056
2.62726
2.50001
4.26919
3.50569
3.53522
3.56243
3.58661
3.60995
3.63387
3.65834
3.68281
3.70695
3.73093
3.75494
3.77902
3.80302
3.82686
3.8505
3.87409
3.89749
3.9208
3.94386
3.96677
3.98935
4.01174
4.03375
4.05552
4.07677
4.09773
4.11807
4.13801
4.15722
4.17587
4.19361
4.21076
4.22765
4.24662
4.26982
4.29639
4.31988
4.33634
4.34588
4.35021
4.34811
4.3392
4.32108
4.29433
4.25793
4.21114
4.15121
4.0759
3.98567
3.88355
3.76916
3.63547
3.46812
3.2618
3.0261
2.77129
2.50299
2.2339
1.97417
1.72113
1.47131
1.22656
0.990387
0.765452
0.553671
0.35683
0.176615
0.0359277
-0.0755995
-0.180602
-0.275873
-0.363844
-0.429834
-0.500172
-0.508137
-0.602794
-0.445329
-0.800844
0.0251756
-1.77659
3.47475
3.44275
3.41069
3.3784
3.34588
3.3132
3.28022
3.24702
3.2135
3.17975
3.14559
3.11115
3.07629
3.04111
3.00544
2.96941
2.93286
2.89591
2.85841
2.82045
2.78186
2.74281
2.70313
2.66295
2.62209
2.58072
2.53864
2.49606
2.45276
2.40895
2.36444
2.31947
2.27383
2.2278
2.18116
2.13425
2.08688
2.03939
1.99166
1.94408
1.89657
1.84956
1.80304
1.75748
1.71295
1.66997
1.62865
1.58954
1.55287
1.51919
1.48879
1.46222
1.43982
1.42213
1.40945
1.40224
1.40075
1.40531
1.41602
1.43303
1.45629
1.48576
1.52121
1.56232
1.60878
1.66054
1.71658
1.76672
1.81219
1.86295
1.91844
1.97853
2.04305
2.11233
2.1796
2.25168
2.37699
2.36939
2.29824
3.96685
2.88722
2.91387
2.93794
2.95883
2.97875
2.99907
3.01986
3.04048
3.06059
3.08029
3.09982
3.11922
3.13838
3.15716
3.17551
3.19356
3.21126
3.22867
3.24566
3.26224
3.27832
3.29395
3.30903
3.32359
3.33744
3.35071
3.36314
3.37483
3.38553
3.39535
3.40395
3.4114
3.41721
3.42161
3.42495
3.42947
3.43682
3.44519
3.44837
3.44409
3.43352
3.41916
3.40026
3.3771
3.34907
3.3171
3.28075
3.23922
3.19021
3.13279
3.06841
2.99625
2.9069
2.78689
2.62997
2.44616
2.24689
2.03538
1.81991
1.6107
1.40747
1.20668
1.00865
0.816141
0.63167
0.457001
0.293937
0.163458
0.0576794
-0.0434875
-0.137591
-0.226725
-0.297354
-0.373031
-0.392205
-0.493389
-0.357269
-0.711981
0.0706501
-1.70237
2.85926
2.83052
2.80186
2.77311
2.74431
2.71555
2.68669
2.65785
2.62891
2.60001
2.57098
2.54196
2.51281
2.48366
2.45434
2.42502
2.39551
2.36596
2.33621
2.30639
2.27634
2.24621
2.21584
2.18538
2.15466
2.12383
2.09271
2.06149
2.02997
1.99834
1.96642
1.9344
1.90209
1.86972
1.83707
1.8044
1.77153
1.73871
1.70579
1.67305
1.64038
1.6081
1.57612
1.5448
1.51411
1.48444
1.45582
1.42863
1.40298
1.37929
1.35772
1.3387
1.32246
1.3094
1.2998
1.29403
1.29234
1.29506
1.30233
1.3144
1.33128
1.35313
1.37982
1.41128
1.44742
1.4883
1.53301
1.5734
1.6108
1.65302
1.69997
1.75144
1.80792
1.86948
1.92955
1.99904
2.11927
2.10284
2.07989
3.62983
2.2393
2.26306
2.28449
2.30281
2.31972
2.33667
2.35412
2.37151
2.38839
2.40464
2.42055
2.43621
2.45159
2.46654
2.481
2.49503
2.50863
2.52181
2.5345
2.54672
2.55837
2.56952
2.5801
2.59014
2.59947
2.60823
2.61622
2.62354
2.62998
2.63569
2.64039
2.64427
2.64699
2.64875
2.6492
2.64875
2.64795
2.64918
2.65317
2.65673
2.65402
2.64438
2.62936
2.6109
2.58857
2.563
2.53413
2.50248
2.46744
2.42762
2.38175
2.33188
2.27908
2.21926
2.14161
2.03828
1.91088
1.76536
1.60597
1.44207
1.28272
1.1269
0.969986
0.811615
0.654869
0.502867
0.358537
0.240708
0.143556
0.0498142
-0.038722
-0.124146
-0.194039
-0.269807
-0.294666
-0.397454
-0.277633
-0.62683
0.11471
-1.61876
2.21458
2.18943
2.16444
2.13956
2.11474
2.09014
2.06559
2.04129
2.01704
1.99307
1.96919
1.94558
1.92205
1.8988
1.87564
1.85278
1.83
1.80748
1.78506
1.76291
1.74087
1.71906
1.69735
1.67589
1.65452
1.6334
1.61235
1.59156
1.57085
1.55038
1.53
1.50985
1.48979
1.46997
1.45021
1.4307
1.41128
1.3921
1.37302
1.35422
1.33555
1.31721
1.29911
1.28143
1.26411
1.24738
1.23122
1.21588
1.20138
1.18799
1.17581
1.16514
1.15612
1.14906
1.14417
1.14175
1.142
1.14522
1.15158
1.1613
1.17451
1.19136
1.21186
1.23603
1.26407
1.29613
1.3311
1.3632
1.39347
1.42816
1.46715
1.51051
1.55893
1.61241
1.66513
1.73104
1.84403
1.82167
1.83776
3.26522
1.69185
1.71139
1.7294
1.74493
1.75871
1.77205
1.78584
1.79981
1.8134
1.82633
1.83883
1.85105
1.86307
1.87471
1.88596
1.8968
1.90722
1.91722
1.92678
1.93593
1.94461
1.95287
1.96066
1.96804
1.97491
1.98134
1.98719
1.99256
1.9973
2.00153
2.00507
2.00808
2.01033
2.01201
2.01287
2.01309
2.01244
2.01144
2.01104
2.01347
2.01783
2.01944
2.01349
2.00065
1.98262
1.9612
1.93683
1.91034
1.88234
1.8536
1.82272
1.78897
1.75268
1.71549
1.67475
1.6229
1.55159
1.45852
1.34678
1.22172
1.0929
0.968226
0.846995
0.725187
0.602291
0.480313
0.362172
0.263298
0.180331
0.0993755
0.0217045
-0.054696
-0.118506
-0.189155
-0.214317
-0.313892
-0.204897
-0.544125
0.16069
-1.52357
1.67145
1.65079
1.63028
1.60997
1.58976
1.56984
1.55001
1.53049
1.5111
1.49206
1.47314
1.4546
1.43622
1.41822
1.40041
1.38301
1.36579
1.34897
1.33236
1.31617
1.30019
1.28461
1.26925
1.25428
1.23954
1.22518
1.21103
1.19727
1.18375
1.17059
1.15766
1.14508
1.13275
1.12075
1.10899
1.09756
1.08638
1.07553
1.06492
1.05465
1.04463
1.03497
1.0256
1.01662
1.00798
0.999809
0.992093
0.984939
0.978369
0.972507
0.967406
0.963207
0.96003
0.958008
0.957316
0.958128
0.960629
0.965001
0.971431
0.98009
0.991128
1.00471
1.02087
1.03975
1.06165
1.08672
1.11362
1.13856
1.16254
1.19008
1.22132
1.25635
1.29622
1.34081
1.38517
1.44569
1.54896
1.52208
1.56554
2.87188
1.00884
1.02183
1.03454
1.04588
1.05547
1.06404
1.07296
1.08225
1.09147
1.10013
1.10846
1.11654
1.12457
1.13238
1.13998
1.14729
1.15439
1.16122
1.16783
1.17417
1.18026
1.18608
1.19165
1.19697
1.20202
1.20684
1.21133
1.21558
1.21946
1.22308
1.22629
1.22924
1.2317
1.23387
1.23549
1.23672
1.23728
1.23738
1.23681
1.23635
1.23709
1.24049
1.24352
1.24115
1.23069
1.2141
1.19333
1.17043
1.14707
1.12557
1.10762
1.09452
1.08645
1.08521
1.09415
1.11309
1.13429
1.14397
1.12916
1.08327
1.00897
0.915748
0.811001
0.697035
0.577158
0.457904
0.346277
0.256279
0.182118
0.111465
0.0448737
-0.0203067
-0.074281
-0.135299
-0.155344
-0.246628
-0.142685
-0.465639
0.204523
-1.4041
0.995167
0.981483
0.967883
0.954528
0.941266
0.928312
0.915466
0.902948
0.890582
0.878585
0.866765
0.855357
0.844181
0.833452
0.822995
0.813007
0.803322
0.794149
0.785326
0.777017
0.769089
0.761694
0.754714
0.74826
0.742246
0.736753
0.731712
0.727193
0.723143
0.719597
0.716515
0.713912
0.711774
0.710083
0.708824
0.707986
0.707547
0.707474
0.70775
0.70834
0.709214
0.710333
0.71167
0.713188
0.714875
0.716703
0.718659
0.720751
0.722966
0.72534
0.72789
0.730688
0.733789
0.737283
0.741281
0.74589
0.751258
0.757495
0.764748
0.773113
0.782721
0.793652
0.80598
0.819763
0.83549
0.853202
0.871422
0.888334
0.905477
0.925549
0.948937
0.975887
1.00768
1.04402
1.08077
1.13515
1.22799
1.19743
1.25258
2.43177
0.715314
0.721631
0.728146
0.734348
0.739282
0.743092
0.747121
0.751591
0.756184
0.760384
0.764379
0.768239
0.772142
0.775994
0.779826
0.783558
0.787268
0.790979
0.794688
0.798398
0.802082
0.805825
0.809541
0.813342
0.817116
0.821004
0.824871
0.82894
0.833006
0.837318
0.841675
0.846359
0.851148
0.856358
0.861753
0.867683
0.87393
0.880834
0.888282
0.89672
0.906302
0.918364
0.934172
0.953214
0.970541
0.982215
0.987921
0.98962
0.988441
0.98536
0.981101
0.976259
0.96991
0.959521
0.942642
0.9187
0.887596
0.848303
0.79732
0.728562
0.637902
0.533537
0.439504
0.371469
0.323376
0.278609
0.228292
0.180282
0.136365
0.0910942
0.0464946
0.000443326
-0.0381734
-0.0855452
-0.0970197
-0.177011
-0.0751584
-0.375271
0.255796
-1.22789
0.70895
0.702595
0.696255
0.690108
0.683925
0.677936
0.671912
0.666102
0.660282
0.654661
0.649022
0.643591
0.638184
0.632992
0.62783
0.622878
0.617988
0.613328
0.60873
0.604343
0.600047
0.595958
0.591968
0.588162
0.584444
0.580898
0.577446
0.574138
0.570914
0.567822
0.564802
0.561885
0.559039
0.556266
0.553558
0.550924
0.548368
0.545871
0.543453
0.541112
0.538878
0.536739
0.534746
0.532895
0.531245
0.529798
0.528608
0.527696
0.52712
0.526879
0.52705
0.527622
0.528683
0.530212
0.532352
0.535055
0.538498
0.542664
0.547745
0.553736
0.560837
0.569067
0.578517
0.589216
0.601597
0.615314
0.628366
0.640797
0.652917
0.666269
0.681217
0.698175
0.718664
0.742751
0.766893
0.808738
0.884841
0.850864
0.896406
1.91779
-0.134036
-0.137107
-0.139384
-0.140557
-0.142728
-0.146144
-0.149558
-0.15228
-0.154645
-0.157072
-0.159626
-0.162099
-0.164381
-0.16644
-0.1683
-0.169976
-0.171485
-0.172746
-0.1738
-0.17461
-0.175292
-0.175763
-0.176127
-0.17633
-0.176499
-0.176576
-0.176747
-0.176883
-0.177238
-0.1778
-0.178785
-0.18021
-0.182416
-0.185483
-0.189838
-0.195712
-0.203584
-0.213948
-0.227536
-0.244948
-0.267285
-0.295692
-0.33161
-0.376289
-0.43219
-0.505199
-0.601912
-0.719101
-0.840576
-0.943094
-1.00283
-0.998068
-0.910377
-0.727211
-0.442972
-0.0616915
0.398184
0.887625
1.32155
1.60002
1.65361
1.48361
1.16242
0.800557
0.501893
0.304374
0.184265
0.111432
0.0578672
0.0151672
-0.0185362
-0.0486104
-0.0690831
-0.0966191
-0.0925619
-0.150522
-0.0510989
-0.295282
0.239567
-0.922724
-0.130393
-0.126545
-0.122685
-0.118652
-0.114678
-0.110517
-0.106404
-0.102109
-0.09784
-0.0933874
-0.0889503
-0.0843091
-0.0796479
-0.0747605
-0.0698252
-0.0646365
-0.0593529
-0.0537866
-0.0480792
-0.0420953
-0.0358973
-0.029361
-0.022592
-0.0154961
-0.00811668
-0.000391646
0.00764874
0.0160497
0.0247747
0.0338469
0.04327
0.0530352
0.0631396
0.0735228
0.0842329
0.0951916
0.106412
0.117776
0.129315
0.140908
0.152564
0.164145
0.175657
0.186959
0.198048
0.208799
0.219219
0.229182
0.238734
0.247741
0.256322
0.264353
0.272026
0.279234
0.28622
0.292894
0.299504
0.305933
0.312301
0.31834
0.323951
0.328646
0.331972
0.333397
0.333154
0.330926
0.325115
0.319052
0.316362
0.315625
0.318713
0.326651
0.34157
0.362872
0.386411
0.424948
0.492039
0.466103
0.477136
1.26114
0.426435
0.410941
0.398206
0.389312
0.381028
0.371859
0.36261
0.354111
0.346555
0.339559
0.333043
0.326936
0.321485
0.316623
0.312477
0.308848
0.305899
0.303508
0.301878
0.300857
0.300624
0.301009
0.30226
0.304189
0.307073
0.310729
0.315431
0.321052
0.327883
0.335771
0.345099
0.355764
0.368147
0.382221
0.398458
0.4169
0.438211
0.462581
0.49085
0.523391
0.560986
0.603933
0.653981
0.715407
0.798687
0.919951
1.09581
1.33023
1.60868
1.90077
2.16801
2.3675
2.45587
2.39069
2.13507
1.66168
0.967303
0.0952242
-0.841318
-1.66371
-2.17115
-2.22547
-1.84396
-1.22788
-0.649819
-0.267607
-0.0710793
0.00470032
0.0393997
0.0612715
0.0717139
0.0702504
0.0658455
0.0506211
0.0536708
0.0139938
0.0720003
-0.0719131
0.236376
-0.376695
0.44074
0.454304
0.467235
0.479448
0.491089
0.502015
0.51237
0.521932
0.530923
0.539099
0.546654
0.553324
0.559323
0.564408
0.568762
0.572137
0.574719
0.57629
0.577023
0.576646
0.575414
0.573069
0.569787
0.565342
0.559939
0.553351
0.545774
0.537021
0.527243
0.516303
0.504383
0.491357
0.477396
0.462394
0.446582
0.42987
0.412493
0.394377
0.375805
0.356742
0.337483
0.317993
0.298623
0.279341
0.260515
0.242111
0.224501
0.207614
0.191792
0.176907
0.163239
0.15058
0.139138
0.128628
0.119202
0.110567
0.102923
0.0961189
0.0905489
0.0864079
0.0844864
0.0854268
0.0901532
0.0993964
0.113815
0.132162
0.15145
0.170674
0.184861
0.194849
0.1995
0.197917
0.190827
0.179162
0.163428
0.152459
0.15477
0.124887
0.119037
0.4357
)
;

boundaryField
{
    inlet
    {
        type            freestreamPressure;
        freestreamValue uniform 0;
        value           nonuniform List<scalar> 
134
(
5.73387
5.12483
4.37733
3.58164
2.83213
2.1091
1.4775
0.961925
0.552961
0.181977
0.0368714
0.0522502
0.0579115
0.0435702
0.0155215
-0.022333
-0.0683714
-0.121489
-0.180869
-0.246134
6.23987
-0.317462
-0.394731
-0.475352
-0.552712
-0.615491
-0.656517
-0.715527
-0.731529
-0.758963
-0.943463
-0.870955
-0.887333
-0.91604
-0.938542
-0.953439
-0.967265
-0.990161
-1.03767
-1.0871
6.6318
6.93186
7.02933
6.83988
6.25542
5.10043
3.15745
-1.21503
-1.19309
-1.15728
-1.13613
-1.12064
-1.10146
-1.07876
-1.05503
-1.03076
-1.00551
-0.979009
-0.951364
-0.922703
-0.893006
-0.862122
-0.829715
-0.79519
-0.757598
-0.716984
-0.691288
-0.667589
-0.639711
-0.608295
-0.572514
-0.527598
-0.461357
-0.346636
-0.141511
1.47707
2.75239
3.88351
4.80086
5.56891
6.21509
6.70238
7.02633
7.21956
7.30255
7.30454
7.25331
7.17122
7.07367
6.98263
6.9373
6.95527
6.97728
6.96083
6.91648
6.8568
6.78435
6.6971
6.59471
6.47867
6.35142
6.21748
6.08532
5.97877
5.92886
6.02723
6.02674
5.84345
5.64336
5.48731
5.34397
5.19058
5.03014
4.86847
4.7063
4.54196
4.3752
4.20573
4.03369
3.85823
3.67874
3.49373
3.3012
3.09902
2.87067
2.68212
2.49239
2.28085
2.05194
1.80495
1.52852
1.2056
0.792903
0.273982
)
;
    }
    outlet
    {
        type            freestreamPressure;
        freestreamValue uniform 0;
        value           nonuniform List<scalar> 
160
(
0.00681015
0.00703952
0.00656301
0.00725719
0.00635909
0.00746463
0.00621607
0.00766058
0.00608263
0.00784733
0.00593519
0.00802257
0.00578663
0.0081886
0.00565007
0.00834187
0.00552854
0.0084859
0.00541594
0.0086168
0.00531102
0.00873766
0.00521266
0.00884425
0.0051248
0.00894002
0.00504634
0.00902103
0.00497929
0.00909029
0.00492048
0.00914378
0.00487253
0.00918451
0.00483347
0.009209
0.00480652
0.00922003
0.00478925
0.00921329
0.00478451
0.00919283
0.00478958
0.00915458
0.00480839
0.00910134
0.00483794
0.00902954
0.00488263
0.00894247
0.00493954
0.00883652
0.00501302
0.00871483
0.005101
0.00857444
0.00520812
0.00841776
0.00533191
0.00824264
0.00547844
0.00805197
0.00564605
0.00784376
0.00584072
0.00762074
0.00606203
0.00738122
0.00631738
0.00712887
0.0066074
0.00686228
0.00694251
0.00658517
0.00732568
0.00629635
0.0077702
0.00600034
0.00828212
0.00569652
0.00887396
0.00538964
0.00954989
0.00507908
0.0103352
0.00477046
0.0112927
0.00446322
0.0125825
0.00416324
0.0144575
0.00386994
0.0171861
0.00358929
0.020851
0.0033201
0.0252577
0.00306789
0.029965
0.00283057
0.0343872
0.00261262
0.0378319
0.00241076
0.0395529
0.00222827
0.0387774
0.00206065
0.0348097
0.00191033
0.027146
0.00177261
0.0157735
0.00165073
0.00155772
0.00154228
-0.0134718
0.0014536
-0.0263818
0.00138784
-0.0341166
0.00135775
-0.0347243
0.00137372
-0.0286353
0.0014507
-0.0190203
0.00160061
-0.0100614
0.00183425
-0.00414652
0.00213181
-0.00110182
0.00244546
7.3846e-05
0.00275847
0.000612308
0.00299022
0.000951291
0.00315499
0.00111262
0.00323432
0.00108918
0.00321349
0.00102051
0.00310391
0.000784004
0.00292029
0.000831614
0.00267037
0.00021662
0.00249789
0.00111801
0.00254383
-0.00110582
0.0020621
0.00371621
0.00197287
-0.00563706
0.00724592
)
;
    }
    walls
    {
        type            zeroGradient;
    }
    frontAndBack
    {
        type            empty;
    }
}


// ************************************************************************* //
