/*--------------------------------*- C++ -*----------------------------------*\
| =========                 |                                                 |
| \\      /  F ield         | OpenFOAM: The Open Source CFD Toolbox           |
|  \\    /   O peration     | Version:  2412                                  |
|   \\  /    A nd           | Website:  www.openfoam.com                      |
|    \\/     M anipulation  |                                                 |
\*---------------------------------------------------------------------------*/
FoamFile
{
    version     2.0;
    format      ascii;
    arch        "LSB;label=32;scalar=64";
    class       volScalarField;
    location    "400";
    object      p;
}
// * * * * * * * * * * * * * * * * * * * * * * * * * * * * * * * * * * * * * //

dimensions      [0 2 -2 0 0 0 0];

internalField   nonuniform List<scalar> 
10720
(
142.866
94.0854
36.1856
-22.2774
-77.7045
-133.961
-183.746
-224.866
-258.788
-282.344
-296.081
-300.908
-296.845
-282.722
-258.106
-225.501
-195.516
-185.171
-198.813
-208.107
-206.752
-205.474
-204.89
-205.549
-206.454
-207.626
-209.112
-210.747
-212.446
-214.327
-216.707
-219.235
-221.946
-224.176
-224.856
-224.464
-219.996
-164.9
-207.24
189.834
231.813
273.932
310.897
338.37
352.535
355.362
348.694
330.667
305.187
277.342
249.963
223.923
199.855
178.148
157.997
139.198
121.149
103.508
85.656
67.5287
48.7438
29.3952
9.93616
-7.46153
-21.6251
-33.8386
-44.4423
-53.308
-60.5754
-66.5892
-71.6223
-75.9726
-79.9836
-84.1375
-89.0971
-95.7303
-105.804
-125.51
190.58
154.198
112.721
68.0141
21.7889
-25.426
-70.8562
-112.596
-149.648
-180.534
-204.686
-221.075
-228.047
-225.306
-213.25
-194.506
-178.308
-179.501
-199.228
-206.65
-205.696
-204.882
-204.366
-205.129
-206.054
-207.218
-208.713
-210.366
-212.084
-213.98
-216.372
-218.915
-221.649
-223.909
-224.663
-224.247
-220.441
-167.116
-210.57
222.799
252.882
281.953
308.46
329.221
341.625
345.147
339.571
325.137
304.695
281.25
256.844
232.572
209.223
187.292
166.595
147.001
128.173
109.809
91.461
72.9803
54.0935
34.8685
15.7694
-1.50642
-15.9067
-28.3013
-39.2315
-48.7684
-56.841
-63.5623
-69.1604
-73.9538
-78.3101
-82.7212
-87.8533
-94.566
-104.634
-123.487
192.625
160.253
123.141
81.8674
38.7777
-5.4756
-49.3726
-90.743
-128.084
-160.201
-185.47
-202.89
-212.166
-213.505
-207.463
-196.017
-184.278
-181.801
-194.048
-202.193
-204.661
-203.744
-203.781
-204.692
-205.689
-206.878
-208.393
-210.065
-211.799
-213.704
-216.104
-218.66
-221.418
-223.707
-224.56
-223.95
-220.645
-169.216
-214.155
221.279
248.263
274.169
297.405
315.374
326.635
330.659
326.955
315.768
298.851
278.265
255.85
232.876
210.238
188.534
167.887
148.225
129.331
110.931
92.6632
74.3172
55.6883
36.8151
18.1067
0.891396
-13.8112
-26.4931
-37.6178
-47.2387
-55.3161
-62.0326
-67.6773
-72.5741
-77.0651
-81.6052
-86.8319
-93.5747
-103.579
-121.316
196.29
169.27
137.975
103.273
66.7282
28.5272
-9.89375
-46.9992
-81.5451
-112.311
-138.095
-157.983
-171.873
-179.468
-181.109
-178.375
-174.803
-175.606
-184.278
-193.184
-199.497
-202.076
-202.877
-204
-205.248
-206.55
-208.099
-209.795
-211.551
-213.463
-215.864
-218.431
-221.214
-223.524
-224.515
-223.726
-220.934
-171.373
-217.279
220.15
242.513
264.268
284.141
299.782
310.16
314.572
312.399
303.856
290.128
272.735
253.17
232.527
211.635
191.094
171.157
151.862
133.121
114.753
96.4978
78.1733
59.641
40.9412
22.4492
5.24727
-9.71153
-22.6778
-34.0835
-44.025
-52.4923
-59.6393
-65.7031
-70.9623
-75.7412
-80.4857
-85.8309
-92.5923
-102.47
-119.103
192.524
168.719
141.015
110.128
77.5281
43.0513
7.89339
-26.6054
-59.4783
-89.6002
-115.862
-137.418
-153.633
-164.119
-168.918
-169.295
-168.182
-169.793
-177.054
-185.35
-191.546
-196.923
-201.026
-203.072
-204.533
-206.11
-207.786
-209.533
-211.317
-213.237
-215.638
-218.214
-221.021
-223.345
-224.486
-223.541
-221.316
-173.693
-219.88
213.584
233.216
252.409
270.011
283.993
293.683
298.351
297.377
290.949
279.857
265.213
248.19
229.695
210.473
191.113
171.95
153.127
134.661
116.462
98.3605
80.2085
61.9079
43.5025
25.3264
8.25644
-6.84793
-20.049
-31.7021
-41.8995
-50.6221
-57.9928
-64.2356
-69.6331
-74.5212
-79.3445
-84.729
-91.458
-101.173
-116.728
187.388
166.435
141.962
114.7
85.9577
55.3483
23.9431
-7.17659
-37.2849
-65.3931
-90.5807
-112.089
-129.283
-142.027
-150.397
-155.192
-158.317
-162.583
-170.305
-178.707
-184.753
-190.036
-196.433
-201.375
-203.597
-205.421
-207.379
-209.259
-211.096
-213.029
-215.425
-218.008
-220.841
-223.173
-224.469
-223.381
-221.746
-176.161
-221.982
205.951
223.216
240.242
255.994
268.652
277.761
282.574
282.491
277.697
268.742
256.461
241.792
225.454
208.079
190.203
172.165
154.161
136.276
118.493
100.718
82.8527
64.839
46.7333
28.8437
11.904
-3.31306
-16.7287
-28.6084
-39.0431
-48.02
-55.6511
-62.1529
-67.8003
-72.9191
-77.9341
-83.4492
-90.2102
-99.782
-114.328
180.743
161.982
140.02
115.546
89.8033
62.2427
33.8003
5.40397
-22.431
-48.8568
-73.1057
-94.5385
-112.589
-126.912
-137.476
-144.733
-150.154
-155.815
-163.528
-171.998
-178.765
-184.074
-190.338
-197.583
-202.117
-204.529
-206.773
-208.909
-210.86
-212.826
-215.227
-217.818
-220.678
-223.014
-224.463
-223.244
-222.195
-178.725
-223.521
197.391
212.837
228.172
242.452
254.041
262.638
267.509
268.084
264.553
257.314
247.013
234.398
220.036
204.436
188.063
171.228
154.145
136.949
119.681
102.313
84.7998
67.1238
49.3553
31.7789
15.0153
-0.242551
-13.8187
-25.892
-36.5443
-45.7661
-53.651
-60.3975
-66.2651
-71.5688
-76.7188
-82.3021
-89.0288
-98.3833
-111.899
173.586
156.666
136.829
114.743
91.5865
66.7143
40.9688
15.1477
-10.387
-34.9261
-57.8301
-78.584
-96.6708
-111.783
-123.921
-133.339
-140.988
-148.264
-156.449
-165.127
-172.735
-178.844
-184.813
-192.191
-199.125
-203.269
-205.976
-208.394
-210.563
-212.612
-215.029
-217.635
-220.528
-222.866
-224.469
-223.132
-222.646
-181.334
-224.376
188.631
202.569
216.5
229.552
240.251
248.381
253.238
254.301
251.741
245.873
237.212
226.368
213.786
199.87
185.005
169.455
153.428
137.079
120.484
103.664
86.6188
69.365
51.9885
34.7544
18.206
2.96615
-10.7236
-22.9595
-33.8058
-43.2524
-51.3751
-58.3551
-64.4391
-69.933
-75.2325
-80.9052
-87.6186
-96.766
-109.31
166.173
150.78
132.717
112.623
91.6229
69.0231
45.5748
21.9817
-1.51975
-24.3289
-45.9261
-65.9062
-83.8249
-99.3889
-112.531
-123.341
-132.446
-140.871
-149.563
-158.453
-166.606
-173.621
-179.971
-186.823
-194.509
-200.958
-204.914
-207.688
-210.128
-212.344
-214.822
-217.456
-220.391
-222.73
-224.479
-223.038
-223.075
-183.937
-224.498
179.884
192.576
205.334
217.349
227.287
234.985
239.778
241.199
239.389
234.616
227.306
217.968
206.954
194.58
181.157
166.893
151.973
136.551
120.719
104.532
88.0272
71.2522
54.3055
37.4406
21.1417
5.97282
-7.78341
-20.1494
-31.1659
-40.8198
-49.1706
-56.3803
-62.6808
-68.3655
-73.8124
-79.566
-86.2485
-95.1506
-106.743
158.749
144.655
128.11
109.722
90.5697
69.9325
48.4961
26.8849
5.24309
-15.9179
-36.1817
-55.2341
-72.6978
-88.3135
-102.008
-113.808
-124.068
-133.492
-142.769
-151.968
-160.517
-168.201
-175.235
-182.061
-189.378
-197.159
-203.161
-206.763
-209.518
-211.973
-214.573
-217.267
-220.257
-222.599
-224.493
-222.96
-223.46
-186.485
-223.98
171.327
182.958
194.717
205.842
215.115
222.41
227.109
228.782
227.551
223.655
217.456
209.39
199.741
188.757
176.682
163.674
149.884
135.448
120.461
104.995
89.1128
72.8848
56.4218
39.9662
23.9598
8.91955
-4.84863
-17.3045
-28.4605
-38.2976
-46.8586
-54.2852
-60.7927
-66.6605
-72.2485
-78.0767
-84.7194
-93.361
-104.033
151.432
138.455
123.215
106.294
88.7288
69.7866
50.0978
30.2218
10.2413
-9.41151
-28.4045
-46.5029
-63.389
-78.8452
-92.7744
-105.174
-116.204
-126.35
-136.114
-145.631
-154.548
-162.701
-170.336
-177.575
-184.656
-192.418
-200.177
-205.384
-208.693
-211.445
-214.247
-217.05
-220.118
-222.475
-224.5
-222.888
-223.777
-188.916
-222.908
163.036
173.758
184.651
195.002
203.687
210.606
215.185
217.031
216.249
213.057
207.771
200.776
192.306
182.556
171.719
159.907
147.231
133.802
119.707
105.023
89.8252
74.2005
58.2654
42.2532
26.5776
11.7163
-2.01381
-14.521
-25.7875
-35.7849
-44.5397
-52.1728
-58.8812
-64.9287
-70.6557
-76.5548
-83.1509
-91.5126
-101.303
144.3
132.293
118.189
102.545
86.3569
68.8918
50.735
32.3943
13.9011
-4.37103
-22.158
-39.2901
-55.5048
-70.6242
-84.5445
-97.2526
-108.793
-119.472
-129.643
-139.455
-148.713
-157.256
-165.305
-173.024
-180.32
-187.681
-195.979
-203.105
-207.555
-210.725
-213.795
-216.772
-219.957
-222.343
-224.497
-222.819
-224.012
-191.176
-221.379
155.057
164.988
175.124
184.791
192.95
199.516
203.959
205.917
205.48
202.854
198.321
192.226
184.769
176.107
166.392
155.696
144.095
131.671
118.494
104.636
90.1759
75.2065
59.8444
44.3156
29.0118
14.3809
0.74191
-11.7732
-23.1154
-33.2451
-42.172
-49.9959
-56.8939
-63.1127
-68.9717
-74.9338
-81.4723
-89.5378
-98.4775
137.394
126.238
113.131
98.6055
83.6209
67.4509
50.641
33.6578
16.4945
-0.526364
-17.1892
-33.3796
-48.8812
-63.5528
-77.2975
-90.0899
-101.914
-112.939
-123.414
-133.469
-143.008
-151.901
-160.263
-168.324
-176.019
-183.343
-191.285
-199.63
-205.803
-209.754
-213.177
-216.402
-219.749
-222.196
-224.467
-222.738
-224.15
-193.215
-219.469
147.406
156.646
166.109
175.167
182.849
189.085
193.382
195.403
195.232
193.061
189.149
183.811
177.223
169.513
160.804
151.135
140.552
129.11
116.857
103.85
90.164
75.8891
61.1394
46.1313
31.2385
16.8849
3.3874
-9.09208
-20.4755
-30.7087
-39.7856
-47.784
-54.8604
-61.2425
-67.2272
-73.2456
-79.7186
-87.4744
-95.6041
130.737
120.332
108.108
94.5705
80.6461
65.6186
49.9986
34.2213
18.2476
2.36236
-13.2589
-28.5441
-43.3175
-57.4687
-70.9167
-83.6254
-95.5562
-106.778
-117.456
-127.693
-137.447
-146.626
-155.269
-163.559
-171.575
-179.187
-186.794
-195.248
-203.081
-208.38
-212.343
-215.89
-219.462
-222.005
-224.398
-222.633
-224.181
-195.005
-217.245
140.087
148.715
157.58
166.088
173.336
179.261
183.405
185.454
185.484
183.681
180.283
175.582
169.737
162.857
155.042
146.31
136.679
126.181
114.838
102.691
89.8008
76.2514
62.1484
47.696
33.252
19.2215
5.91514
-6.48374
-17.8705
-28.1758
-37.3768
-45.5302
-52.7705
-59.3048
-65.4064
-71.4722
-77.8698
-85.305
-92.6611
124.338
114.602
103.164
90.5057
77.5208
63.5065
48.9448
34.2403
19.3347
4.48068
-10.1796
-24.6066
-38.658
-52.2518
-65.3211
-77.8228
-89.7196
-101.008
-111.792
-122.148
-132.051
-141.441
-150.325
-158.805
-167.012
-174.947
-182.608
-190.643
-199.275
-206.29
-211.211
-215.189
-219.055
-221.752
-224.26
-222.479
-224.089
-196.518
-214.748
133.097
141.177
149.503
157.516
164.363
169.994
173.983
176.031
176.213
174.707
171.735
167.57
162.362
156.205
149.183
141.298
132.547
122.941
112.48
101.185
89.1007
76.298
62.8692
49.0025
35.0417
21.3765
8.30853
-3.96492
-15.3166
-25.6608
-34.9588
-43.2459
-50.6341
-57.3085
-63.5172
-69.6213
-75.935
-83.0415
-89.6653
118.198
109.062
98.3291
86.4584
74.3111
61.2011
47.5844
33.8405
19.8956
5.97752
-7.79903
-21.4189
-34.7666
-47.7839
-60.4203
-72.6295
-84.3825
-95.6335
-106.436
-116.843
-126.837
-136.369
-145.434
-154.083
-162.416
-170.554
-178.469
-186.286
-194.797
-203.201
-209.568
-214.229
-218.463
-221.384
-224.034
-222.248
-223.86
-197.717
-212.029
126.427
134.014
141.852
149.413
155.891
161.243
165.077
167.103
167.397
166.13
163.512
159.8
155.137
149.608
143.286
136.161
128.218
119.446
109.829
99.3657
88.0849
76.0385
63.3029
50.0481
36.6029
23.3417
10.5567
-1.54713
-12.824
-23.1725
-32.5379
-40.9348
-48.4525
-55.2526
-61.5569
-67.6889
-73.9095
-80.6824
-86.6141
112.315
103.721
93.6228
82.462
71.0649
58.7668
45.9977
33.1167
20.039
6.97007
-5.99397
-18.857
-31.5272
-43.9651
-56.1359
-67.9953
-79.5215
-90.6507
-101.396
-111.789
-121.814
-131.428
-140.611
-149.389
-157.829
-166.068
-174.196
-182.12
-190.245
-199.133
-207.112
-212.881
-217.622
-220.846
-223.676
-221.901
-223.474
-198.552
-209.167
120.064
127.206
134.599
141.745
147.881
152.969
156.648
158.637
159.01
157.936
155.612
152.284
148.089
143.107
137.401
130.957
123.748
115.75
106.93
97.2702
86.7788
75.4889
63.4572
50.8338
37.9307
25.1086
12.6481
0.756727
-10.4054
-20.7224
-30.1241
-38.6053
-46.232
-53.1417
-59.5287
-65.6775
-71.7969
-78.2339
-83.5163
106.683
98.5801
89.0593
78.5391
67.8197
56.2525
44.2481
32.1454
19.8527
7.5576
-4.65886
-16.8167
-28.8406
-40.7084
-52.3975
-63.8694
-75.1079
-86.0474
-96.67
-106.991
-116.992
-126.63
-135.874
-144.732
-153.256
-161.558
-169.787
-177.909
-185.914
-194.551
-203.618
-210.886
-216.418
-220.054
-223.119
-221.401
-222.911
-198.96
-206.252
113.996
120.732
127.719
134.483
140.301
145.139
148.663
150.603
151.031
150.112
148.034
145.032
141.239
136.732
131.569
125.731
119.186
111.9
103.828
94.9337
85.209
74.6667
63.3425
51.3637
39.0247
26.6721
14.5737
2.93577
-8.07212
-18.3211
-27.7266
-36.2642
-43.9775
-50.9786
-57.4338
-63.5877
-69.5971
-75.6995
-80.3754
101.295
93.6399
84.6442
74.7081
64.6015
53.6976
42.3852
30.9878
19.4078
7.81913
-3.71018
-15.2109
-26.6227
-37.9352
-49.1381
-60.2004
-71.1079
-81.8054
-92.2519
-102.448
-112.374
-121.984
-131.239
-140.126
-148.694
-157.044
-165.304
-173.545
-181.66
-189.957
-199.226
-207.949
-214.67
-218.916
-222.274
-220.685
-222.124
-198.866
-203.336
108.209
114.574
121.188
127.599
133.119
137.721
141.092
142.974
143.436
142.642
140.769
138.045
134.6
130.506
125.821
120.523
114.577
107.942
100.563
92.3929
83.4048
73.5925
62.9705
51.6438
39.8868
28.0293
16.3265
4.97994
-5.83511
-15.9795
-25.3551
-33.9201
-41.6955
-48.7683
-55.2758
-61.4219
-67.314
-73.0854
-77.1989
96.1426
88.8981
80.3829
70.9795
61.4319
51.1305
40.448
29.692
18.7614
7.81887
-3.07663
-13.9659
-24.7983
-35.5751
-46.2962
-56.9374
-67.4868
-77.9033
-88.1307
-98.1583
-107.964
-117.498
-126.715
-135.587
-144.155
-152.525
-160.795
-169.057
-177.3
-185.509
-194.408
-203.928
-212.09
-217.269
-221.039
-219.681
-221.016
-198.228
-200.425
102.69
108.715
114.985
121.068
126.309
130.686
133.908
135.725
136.206
135.511
133.811
131.325
128.179
124.447
120.182
115.365
109.956
103.914
97.1756
89.6833
81.3961
72.2903
62.3596
51.6857
40.5211
29.1791
17.901
6.88081
-3.70442
-13.7076
-23.0194
-31.5811
-39.3926
-46.5155
-53.0578
-59.1829
-64.9499
-70.3972
-73.9927
91.2176
84.3503
76.277
67.3627
58.3252
48.5751
38.4675
28.2967
17.9605
7.61107
-2.70061
-13.0205
-23.3081
-33.5719
-43.8203
-54.0372
-64.2125
-74.3182
-84.2917
-94.1136
-103.758
-113.175
-122.31
-131.125
-139.652
-148.004
-156.265
-164.502
-172.777
-181.042
-189.591
-199.059
-208.418
-214.889
-219.271
-218.285
-219.466
-197.059
-197.418
97.4272
103.138
109.09
114.866
119.846
124.011
127.087
128.835
129.323
128.706
127.151
124.869
121.984
118.568
114.673
110.282
105.357
99.8519
93.7013
86.8394
79.2137
70.7856
61.5289
51.5016
40.9342
30.123
19.294
8.63155
-1.68904
-11.5157
-20.7293
-29.2562
-37.0763
-44.2263
-50.7848
-56.8749
-62.5102
-67.6425
-70.765
86.5113
79.9923
72.326
63.8623
55.294
46.0489
36.4686
26.8346
17.0442
7.24013
-2.53173
-12.3224
-22.0975
-31.8724
-41.6625
-51.4568
-61.2502
-71.0248
-80.7186
-90.3045
-99.7538
-109.015
-118.03
-126.749
-135.198
-143.49
-151.716
-159.909
-168.137
-176.427
-184.835
-193.824
-203.621
-211.482
-216.786
-216.37
-217.367
-195.401
-194.124
92.4084
97.8288
103.483
108.974
113.709
117.673
120.606
122.282
122.767
122.212
120.78
118.673
116.015
112.876
109.309
105.297
100.805
95.7857
90.172
83.8933
76.888
69.104
60.498
51.1058
41.1359
30.8657
20.505
10.2274
0.203441
-9.41257
-18.494
-26.9542
-34.7543
-41.9069
-48.4617
-54.5025
-59.9993
-64.8284
-67.5226
82.0152
75.8186
68.5294
60.4827
52.3453
43.5665
34.4715
25.3308
16.0427
6.74271
-2.52936
-11.8263
-21.1198
-30.4302
-39.7779
-49.1574
-58.5674
-67.9982
-77.3936
-86.7195
-95.9449
-105.018
-113.877
-122.465
-130.8
-138.997
-147.149
-155.278
-163.422
-171.649
-179.993
-188.575
-198.042
-206.854
-213.331
-213.761
-214.604
-193.22
-190.387
87.622
92.7732
98.1506
103.374
107.878
111.651
114.447
116.049
116.522
116.016
114.687
112.733
110.274
107.379
104.101
100.427
96.3222
91.7412
86.6163
80.8745
74.4475
67.2719
59.2896
50.5163
41.1381
31.4132
21.5356
11.6651
1.96654
-7.4066
-16.3228
-24.6844
-32.4348
-39.5645
-46.0949
-52.0716
-57.4247
-61.9637
-64.2746
77.7211
71.8241
64.8851
57.2252
49.4871
41.1385
32.4918
23.8069
14.9831
6.14865
-2.65927
-11.4959
-20.3367
-29.206
-38.1285
-47.1037
-56.1339
-65.2136
-74.2966
-83.3439
-92.3226
-101.18
-109.852
-118.277
-126.466
-134.535
-142.578
-150.612
-158.652
-166.752
-174.982
-183.316
-192.161
-201.094
-208.66
-210.241
-211.044
-190.421
-186.155
83.0577
87.9577
93.0769
98.0493
102.337
105.927
108.59
110.117
110.573
110.106
108.865
107.043
104.758
102.079
99.058
95.6849
91.9269
87.7411
83.0604
77.8108
71.9195
65.3152
57.9268
49.7516
40.9545
31.7742
22.3886
12.9442
3.59608
-5.50499
-14.2239
-22.4548
-30.1265
-37.2071
-43.6911
-49.5888
-54.7926
-59.0567
-61.0283
73.6209
68.0032
61.3907
54.0907
46.7229
38.774
30.5431
22.2801
13.8866
5.48456
-2.89148
-11.2976
-19.7132
-28.165
-36.6804
-45.2633
-53.9196
-62.6466
-71.4085
-80.1632
-88.8767
-97.4956
-105.955
-114.187
-122.2
-130.111
-138.011
-145.916
-153.827
-161.769
-169.814
-177.93
-186.253
-194.642
-202.691
-205.546
-206.533
-186.9
-181.358
78.7054
83.3711
88.248
92.9846
97.0668
100.484
103.019
104.472
104.907
104.469
103.303
101.596
99.4653
96.9775
94.1856
91.0808
87.634
83.8039
79.5258
74.7261
69.3293
63.2579
56.4313
48.8308
40.5999
31.9594
23.0702
14.0651
5.08875
-3.71302
-12.2054
-20.275
-27.838
-34.8428
-41.2587
-47.0619
-52.1125
-56.1175
-57.7932
69.7072
64.3507
58.0433
51.079
44.0564
36.4791
28.6348
20.7646
12.7711
4.77172
-3.20162
-11.2046
-19.22
-27.2764
-35.4028
-43.6066
-51.897
-60.2737
-68.7095
-77.1624
-85.5965
-93.9589
-102.183
-110.198
-118.008
-125.732
-133.459
-141.202
-148.953
-156.714
-164.529
-172.378
-180.29
-187.968
-195.684
-199.497
-200.904
-182.55
-175.89
74.5559
79.0021
83.6513
88.1653
92.054
95.3065
97.7191
99.0983
99.5096
99.0941
97.9929
96.3874
94.3928
92.0752
89.4873
86.6227
83.4547
79.9451
76.0318
71.6424
66.7003
61.1239
54.8255
47.7725
40.0905
31.9805
23.5878
15.031
6.44359
-2.03579
-10.2736
-18.1525
-25.5774
-32.4799
-38.8055
-44.4994
-49.3923
-53.1554
-54.5767
65.973
60.8611
54.8397
48.1897
41.4894
34.2595
26.7759
19.2716
11.6515
4.02831
-3.56852
-11.1936
-18.8322
-26.5136
-34.2691
-42.1076
-50.0415
-58.0721
-66.1807
-74.3258
-82.4701
-90.5609
-98.5312
-106.307
-113.892
-121.403
-128.93
-136.479
-144.038
-151.594
-159.154
-166.688
-174.199
-181.265
-188.158
-192.17
-194.021
-177.269
-169.628
70.6
74.8402
79.2753
83.5797
87.2851
90.3817
92.6761
93.9834
94.3687
93.9702
92.9249
91.4092
89.5359
87.3705
84.9656
82.3163
79.3993
76.1785
72.5952
68.5787
64.0534
58.9354
53.1313
46.5983
39.4437
31.8511
23.9503
15.8467
7.66113
-0.476035
-8.43485
-16.0951
-23.354
-30.1279
-36.341
-41.9111
-46.6431
-50.1811
-51.3885
62.411
57.5293
51.7762
45.4215
39.0232
32.1183
24.9728
17.8109
10.5402
3.26901
-3.97462
-11.2448
-18.5277
-25.8541
-33.2552
-40.7427
-48.3302
-56.0214
-63.8036
-71.6377
-79.4854
-87.2932
-94.9953
-102.515
-109.852
-117.128
-124.429
-131.759
-139.095
-146.416
-153.702
-160.893
-167.971
-174.496
-180.532
-183.996
-185.905
-170.953
-162.516
66.8296
70.8763
75.1097
79.2158
82.7479
85.6965
87.8774
89.1146
89.4728
89.0871
88.0907
86.655
84.8907
82.862
80.6214
78.1659
75.4742
72.514
69.2291
65.5517
61.4074
56.7125
51.3697
45.3269
38.6764
31.5852
24.1685
16.5182
8.74337
0.964615
-6.69292
-14.1098
-21.176
-27.7954
-33.8746
-39.3062
-43.8742
-47.2048
-48.2357
59.0149
54.3498
48.8494
42.7729
36.6581
30.0588
23.2308
16.3899
9.44727
2.50656
-4.40481
-11.3405
-18.2878
-25.2767
-32.3402
-39.4903
-46.7426
-54.102
-61.5607
-69.0826
-76.6289
-84.1463
-91.568
-98.8169
-105.892
-112.911
-119.964
-127.049
-134.136
-141.194
-148.185
-155.02
-161.643
-167.633
-172.919
-175.526
-176.858
-163.545
-154.577
63.2371
67.1014
71.1441
75.0628
78.4308
81.2385
83.3113
84.4805
84.811
84.435
83.4817
82.1178
80.4517
78.5466
76.4539
74.1732
71.6851
68.9599
65.9452
62.5758
58.7799
54.474
49.5592
43.9772
37.8059
31.1973
24.2536
17.0537
9.69435
2.2862
-5.05222
-12.2023
-19.0513
-25.4922
-31.4166
-36.6961
-41.0983
-44.2379
-45.1276
55.7784
51.3177
46.056
40.2418
34.3944
28.0828
21.5536
15.0155
8.38149
1.75235
-4.84617
-11.466
-18.0952
-24.7641
-31.5051
-38.3317
-45.2601
-52.2961
-59.4359
-66.647
-73.8898
-81.1106
-88.2437
-95.2103
-102.008
-108.755
-115.54
-122.357
-129.172
-135.942
-142.616
-149.083
-155.248
-160.697
-165.295
-167.108
-167.438
-155.176
-145.893
59.815
63.5068
67.3696
71.1108
74.3231
76.9972
78.9667
80.0704
80.3734
80.0046
79.0898
77.7909
76.2137
74.4209
72.4625
70.3398
68.0358
65.5231
62.7528
59.6633
56.185
52.2363
47.7181
42.567
36.8493
30.7031
24.2183
17.4619
10.519
3.49005
-3.51391
-10.3781
-16.9872
-23.2272
-28.9771
-34.0916
-38.3258
-41.2902
-42.0708
52.6954
48.4281
43.392
37.8262
32.231
26.1914
19.9446
13.6918
7.34952
1.01434
-5.28817
-11.6091
-17.9368
-24.301
-30.7342
-37.25
-43.8657
-50.588
-57.414
-64.3164
-71.2554
-78.1766
-85.0145
-91.6905
-98.1997
-104.66
-111.161
-117.693
-124.215
-130.677
-137.014
-143.101
-148.81
-153.727
-157.667
-158.811
-158.13
-146.244
-136.572
56.5564
60.0853
63.7774
67.3506
70.4151
72.9622
74.8331
75.8745
76.1505
75.7873
74.9071
73.6675
72.1717
70.4811
68.6449
66.6656
64.5285
62.2083
59.6597
56.8244
53.6359
50.0146
45.8625
41.1132
35.8233
30.1177
24.0753
17.7528
11.224
4.57885
-2.07973
-8.64116
-14.9907
-21.0094
-26.5669
-31.5044
-35.5692
-38.3735
-39.074
49.7604
45.6761
40.8541
35.5237
30.1675
24.3852
18.4056
12.4231
6.35658
0.299954
-5.72238
-11.7595
-17.8006
-23.8743
-30.0133
-36.2309
-42.5447
-48.962
-55.4809
-62.0785
-68.7147
-75.335
-81.8739
-88.2528
-94.466
-100.63
-106.833
-113.063
-119.276
-125.413
-131.398
-137.095
-142.353
-146.755
-150.071
-150.635
-149.114
-137.292
-126.805
53.4549
56.8293
60.3596
63.773
66.6974
69.1242
70.9014
71.8831
72.1329
71.7744
70.926
69.7413
68.3203
66.7231
64.9986
63.1502
61.1645
59.0194
56.6719
54.0676
51.1432
47.8218
44.0075
39.632
34.7434
29.4557
23.8379
17.9369
11.8165
5.55628
-0.748791
-6.9944
-13.0676
-18.847
-24.1956
-28.9455
-32.8399
-35.4976
-36.143
46.9675
43.0571
38.4383
33.3317
28.202
22.6644
16.9385
11.2123
5.40787
-0.384321
-6.1406
-11.908
-17.6761
-23.4731
-29.3301
-35.2612
-41.2835
-47.4048
-53.6241
-59.9212
-66.2573
-72.5771
-78.8152
-84.8936
-90.8051
-96.6646
-102.559
-108.476
-114.366
-120.165
-125.787
-131.088
-135.9
-139.811
-142.548
-142.6
-140.385
-128.745
-116.998
50.504
53.732
57.1086
60.3704
63.1616
65.4742
67.1625
68.0875
68.3126
67.9581
67.1392
66.0051
64.6533
63.1426
61.5206
59.7918
57.9445
55.9582
53.7938
51.3996
48.7161
45.6693
42.1658
38.1373
33.6246
28.7315
23.5189
18.0252
12.3046
6.4275
0.479804
-5.44041
-11.2237
-16.7483
-21.8739
-26.427
-30.1501
-32.6735
-33.2858
44.3117
40.5666
36.1413
31.2475
26.3336
21.0282
15.544
10.0618
4.50672
-1.03384
-6.53666
-12.047
-17.5546
-23.0869
-28.6742
-34.3297
-40.0708
-45.9055
-51.8324
-57.8349
-63.8737
-69.8945
-75.8317
-81.6078
-87.2149
-92.7653
-98.3445
-103.938
-109.495
-114.947
-120.2
-125.104
-129.477
-132.923
-135.131
-134.744
-131.938
-120.739
-107.781
47.6979
50.7867
54.0174
57.135
59.7998
62.004
63.6079
64.4792
64.681
64.3303
63.5393
62.4527
61.1654
59.7348
58.2075
56.5885
54.8676
53.0266
51.0287
48.8261
46.3622
43.5665
40.3489
36.6417
32.48
27.9587
23.1312
18.0288
12.6973
7.19805
1.60853
-3.97995
-9.46299
-14.7204
-19.611
-23.9591
-27.5109
-29.9107
-30.5076
41.7878
38.2001
33.9592
29.2685
24.56
19.4765
14.2225
8.97284
3.65549
-1.64492
-6.9059
-12.1707
-17.4294
-22.7082
-28.0364
-33.427
-38.8965
-44.4531
-50.0955
-55.8091
-61.5555
-67.28
-72.9179
-78.3921
-83.6936
-88.9328
-94.1928
-99.4584
-104.676
-109.775
-114.655
-119.165
-123.113
-126.12
-127.849
-127.1
-123.814
-113.228
-99.6158
45.0308
47.9872
51.0789
54.0596
56.6042
58.7056
60.2297
61.0506
61.2306
60.8838
60.1196
59.0777
57.851
56.4953
55.0555
53.5377
51.9329
50.2249
48.3789
46.351
44.0873
41.5217
38.5671
35.1569
31.3223
27.1499
22.6869
17.9587
13.0034
7.87421
2.64076
-2.61341
-7.78919
-12.7701
-17.4163
-21.5534
-24.9339
-27.2193
-27.8151
39.3907
35.9532
31.8884
27.3917
22.8796
18.0077
12.974
7.94674
2.85635
-2.21452
-7.24409
-12.274
-17.2944
-22.3302
-27.4095
-32.5449
-37.7523
-43.0393
-48.4046
-53.8358
-59.2949
-64.7273
-70.0687
-75.2427
-80.2402
-85.1683
-90.1079
-95.043
-99.9188
-104.662
-109.172
-113.294
-116.833
-119.43
-120.733
-119.696
-116.059
-106.153
-92.5302
42.4973
45.3275
48.2869
51.1373
53.5677
55.5716
57.0201
57.7936
57.9537
57.6115
56.8731
55.8739
54.7044
53.4185
52.0605
50.6362
49.1387
47.5521
45.8457
43.9769
41.8965
39.5412
36.8284
33.6932
30.1625
26.3168
22.1978
17.8255
13.232
8.46294
3.58019
-1.33998
-6.20472
-10.9026
-15.2977
-19.2191
-22.4288
-24.6074
-25.2127
37.1159
33.822
29.9255
25.6144
21.2898
16.6208
11.7978
6.9832
2.11057
-2.74044
-7.54823
-12.3529
-17.1445
-21.9469
-26.7869
-31.6766
-36.6307
-41.6567
-46.7528
-51.9081
-57.0855
-62.2303
-67.2793
-72.157
-76.8536
-81.4729
-86.0937
-90.699
-95.2338
-99.6245
-103.768
-107.513
-110.662
-112.88
-113.809
-112.551
-108.698
-99.4777
-86.3063
40.0923
42.8022
45.6353
48.3617
50.6835
52.5948
53.972
54.7013
54.8433
54.5062
53.793
52.8351
51.7199
50.5
49.2182
47.8811
46.4821
45.0079
43.4289
41.7063
39.7934
37.6309
35.1402
32.2588
29.0104
25.4699
21.6742
17.6395
13.392
8.97109
4.43127
-0.158142
-4.7114
-9.12311
-13.2628
-16.966
-20.0058
-22.0839
-22.7064
34.9586
31.802
28.0667
23.9334
19.7888
15.314
10.6931
6.08273
1.41897
-3.22097
-7.81611
-12.4046
-16.9763
-21.5542
-26.1639
-30.8162
-35.5258
-40.299
-45.1339
-50.0199
-54.9219
-59.7849
-64.5466
-69.1329
-73.5331
-77.8485
-82.1545
-86.4338
-90.6315
-94.6747
-98.4604
-101.842
-104.625
-106.497
-107.103
-105.68
-101.736
-93.1838
-80.7292
37.8105
40.4056
43.1181
45.7263
47.945
49.7687
51.0786
51.7667
51.8925
51.5613
50.873
49.9549
48.8917
47.7343
46.5241
45.2683
43.961
42.5901
41.1284
39.5396
37.7803
35.7945
33.5079
30.8608
27.8745
24.6185
21.1262
17.4101
13.4921
9.40575
5.19903
0.934152
-3.31005
-7.43515
-11.3177
-14.8016
-17.6729
-19.6553
-20.2991
32.9144
29.8893
26.3084
22.346
18.3737
14.0858
9.65892
5.24462
0.78164
-3.65548
-8.04614
-12.4266
-16.7868
-21.1487
-25.5362
-29.9599
-34.4329
-38.9614
-43.543
-48.1669
-52.7998
-57.3875
-61.8679
-66.1687
-70.2792
-74.297
-78.2944
-82.2541
-86.1218
-89.8261
-93.2659
-96.3001
-98.7408
-100.3
-100.635
-99.0961
-95.1625
-87.2576
-75.6532
35.647
38.1324
40.7299
43.2253
45.3461
47.0866
48.3332
48.983
49.0947
48.7704
48.1069
47.2276
46.2142
45.1162
43.9737
42.7939
41.5719
40.2967
38.9431
37.4772
35.8587
34.0352
31.9364
29.5056
26.7622
23.771
20.5623
17.1462
13.5405
9.77388
5.88839
1.93957
-2.00077
-5.84174
-9.46807
-12.7333
-15.4383
-17.3288
-17.9962
30.979
28.0798
24.6472
20.8489
17.0424
12.9338
8.6938
4.4683
0.198438
-4.04345
-8.23705
-12.4172
-16.5738
-20.7274
-24.9009
-29.1037
-33.3483
-37.64
-41.9759
-46.3452
-50.7161
-55.0351
-59.2412
-63.264
-67.0926
-70.8207
-74.5178
-78.1666
-81.7142
-85.091
-88.1995
-90.9053
-93.0298
-94.3099
-94.4207
-92.8103
-88.9636
-81.6852
-70.991
33.5973
35.9778
38.4652
40.8532
42.8807
44.5426
45.7296
46.344
46.4434
46.1269
45.4884
44.647
43.6818
42.6405
41.562
40.4537
39.3113
38.1248
36.871
35.5184
34.0293
32.3549
30.4291
28.1977
25.6793
22.9342
19.9904
16.8557
13.5448
10.0822
6.50452
2.86133
-0.782837
-4.3447
-7.71785
-10.7669
-13.3079
-15.1093
-15.7993
29.1479
26.3697
23.0795
19.439
15.7918
11.8561
7.7961
3.75221
-0.331309
-4.38496
-8.38881
-12.3759
-16.3362
-20.2889
-24.2557
-28.2453
-32.2693
-36.3318
-40.4297
-44.552
-48.6685
-52.7264
-56.666
-60.4187
-63.9741
-67.4223
-70.8293
-74.1779
-77.4173
-80.4805
-83.2743
-85.6727
-87.5077
-88.5408
-88.471
-86.8285
-83.1255
-76.4503
-66.6812
31.6568
33.9368
36.3191
38.6045
40.5432
42.1304
43.2615
43.8434
43.9326
43.6249
43.0116
42.2074
41.2888
40.302
39.2843
38.2433
37.1753
36.0715
34.9101
33.6619
32.292
30.7546
28.9878
26.9409
24.6307
22.1141
19.417
16.5455
13.5119
10.3369
7.05268
3.70273
0.345089
-2.94492
-6.07029
-8.90705
-11.2875
-13.0016
-13.7125
27.417
24.755
21.6018
18.1132
14.6196
10.8502
6.96385
3.09534
-0.808724
-4.68074
-8.5015
-12.3023
-16.073
-19.8319
-23.5994
-27.3831
-31.1937
-35.0347
-38.9025
-42.7856
-46.6554
-50.4601
-54.1417
-57.6335
-60.9259
-64.1048
-67.2332
-70.2941
-73.2391
-76.0044
-78.5023
-80.6153
-82.188
-83.0055
-82.7936
-81.1522
-77.6336
-71.5358
-62.6785
29.8209
32.0047
34.2862
36.4738
38.3279
39.8446
40.9232
41.4753
41.556
41.2582
40.6703
39.9028
39.0295
38.095
37.1354
36.1581
35.1601
34.1334
33.0576
31.9059
30.6457
29.2346
27.6144
25.7375
23.62
21.3154
18.8477
16.2219
13.448
10.544
7.53776
4.46754
1.38493
-1.64248
-4.52719
-7.15708
-9.38049
-11.0089
-11.7366
25.7824
23.232
20.2107
16.8685
13.5228
9.91401
6.19505
2.49564
-1.23485
-4.9315
-8.5754
-12.1964
-15.7842
-19.356
-22.9309
-26.5159
-30.1205
-33.7476
-37.393
-41.045
-44.6762
-48.2363
-51.6688
-54.9096
-57.9497
-60.8711
-63.7337
-66.521
-69.1869
-71.6718
-73.8936
-75.7442
-77.0812
-77.7128
-77.3926
-75.7798
-72.473
-66.9238
-58.9417
28.0854
30.177
32.362
34.4561
36.2298
37.6796
38.709
39.2338
39.3078
39.0211
38.4587
37.7275
36.8984
36.0144
35.1102
34.1934
33.2611
32.3064
31.3104
30.2481
29.0892
27.7944
26.3093
24.5894
22.6501
20.542
18.2872
15.89
13.3588
10.7089
7.96464
5.15952
2.33905
-0.436654
-3.08955
-5.51922
-7.58998
-9.13389
-9.87417
24.2401
21.7971
18.9027
15.7016
12.4987
9.04473
5.48755
1.95172
-1.61132
-5.13857
-8.61171
-12.0589
-15.4701
-18.8614
-22.2504
-25.6435
-29.0494
-32.47
-35.9008
-39.3298
-42.7309
-46.0553
-49.2482
-52.2486
-55.048
-57.7244
-60.3349
-62.8637
-65.2673
-67.4901
-69.4565
-71.0678
-72.1951
-72.6683
-72.2688
-70.7064
-67.6274
-62.5968
-55.4388
26.4461
28.4492
30.5418
32.5465
34.2436
35.6301
36.6134
37.1134
37.1824
36.9076
36.3712
35.6758
34.8899
34.0546
33.2036
32.3441
31.474
30.5867
29.6649
28.6854
27.6202
26.4327
25.0722
23.4973
21.7228
19.7964
17.739
15.5541
13.2488
10.8363
8.33778
5.78243
3.21021
0.674028
-1.75711
-3.99433
-5.91728
-7.37759
-8.12459
22.786
20.4464
17.6744
14.6095
11.5442
8.24004
4.83909
1.46115
-1.93987
-5.3034
-8.61146
-11.8908
-15.1315
-18.3484
-21.5583
-24.7663
-27.9805
-31.2022
-34.4261
-37.6404
-40.8203
-43.9182
-46.8815
-49.6524
-52.2231
-54.668
-57.0409
-59.3269
-61.4854
-63.4651
-65.1971
-66.5921
-67.5345
-67.8747
-67.4205
-65.9252
-63.081
-58.5369
-52.1423
24.899
26.817
28.8211
30.7403
32.3645
33.691
34.6311
35.1086
35.1742
34.9123
34.4022
33.7422
32.9984
32.2104
31.4103
30.6056
29.7941
28.97
28.1175
27.2149
26.2364
25.1479
23.9024
22.4613
20.8391
19.0808
17.2061
15.2177
13.1221
10.9306
8.66143
6.34016
4.00146
1.69167
-0.528831
-2.5823
-4.36291
-5.74076
-6.4893
21.4166
19.1765
16.5225
13.589
10.6566
7.49708
4.24722
1.02206
-2.22246
-5.42764
-8.57622
-11.6934
-14.7694
-17.8182
-20.8551
-23.8849
-26.9146
-29.9447
-32.9698
-35.9776
-38.9451
-41.8263
-44.5706
-47.1233
-49.4778
-51.7048
-53.8548
-55.9143
-57.8455
-59.6015
-61.12
-62.3208
-63.1016
-63.3316
-62.8434
-61.4271
-58.8174
-54.7272
-49.0328
23.4399
25.2764
27.1955
29.0331
30.5876
31.8573
32.7571
33.2142
33.278
33.0298
32.546
31.9212
31.2186
30.4764
29.7252
28.9725
28.2165
27.452
26.6641
25.833
24.9347
23.9377
22.7983
21.4809
19.9994
18.3964
16.6903
14.8837
12.9821
10.9954
8.93945
6.83632
4.71612
2.61892
0.597147
-1.28184
-2.92603
-4.22248
-4.96635
20.1281
17.9839
15.4436
12.6371
9.83301
6.81327
3.70949
0.631901
-2.46111
-5.51327
-8.50776
-11.4683
-14.3855
-17.2719
-20.1422
-23.0003
-25.8524
-28.6984
-31.5328
-34.3429
-37.107
-39.7812
-42.3171
-44.6634
-46.8145
-48.8373
-50.7798
-52.6291
-54.3508
-55.9024
-57.2278
-58.2559
-58.8967
-59.0366
-58.5309
-57.2017
-54.8211
-51.1509
-46.0934
22.0652
23.8232
25.6609
27.4203
28.9085
30.1244
30.9863
31.4251
31.4884
31.2547
30.7974
30.2073
29.545
28.8471
28.143
27.44
26.7365
26.0279
25.3005
24.5359
23.712
22.7995
21.7581
20.5548
19.2032
17.7435
16.193
14.554
12.8316
11.0341
9.17539
7.27467
5.35771
3.45898
1.62352
-0.0909012
-1.60496
-2.82145
-3.55574
18.9169
16.8651
14.4346
11.7505
9.07053
6.18582
3.22323
0.288436
-2.65818
-5.56234
-8.40798
-11.2174
-13.9811
-16.7113
-19.4212
-22.1142
-24.7956
-27.4651
-30.1167
-32.7378
-35.3077
-37.7849
-40.1234
-42.275
-44.2354
-46.0681
-47.8181
-49.4735
-51.0033
-52.3693
-53.5213
-54.3969
-54.9174
-54.9848
-54.4752
-53.2374
-51.0766
-47.793
-43.3107
20.771
22.4536
24.213
25.8976
27.3226
28.4874
29.314
29.7362
29.8003
29.5818
29.1511
28.5952
27.9723
27.3173
26.6585
26.0028
25.3491
24.6931
24.0223
23.3196
22.5646
21.7303
20.7793
19.6815
18.4497
17.1221
15.7148
14.2303
12.6725
11.0493
9.37254
7.65868
5.92978
4.21528
2.55351
0.993497
-0.397089
-1.53528
-2.25434
17.7794
15.8167
13.4921
10.9264
8.36619
5.61211
2.78602
-0.0108143
-2.81583
-5.57707
-8.27892
-10.9425
-13.5585
-16.1381
-18.6936
-21.228
-23.7459
-26.2463
-28.7231
-31.1639
-33.549
-35.8392
-37.9912
-39.9601
-41.7427
-43.3991
-44.9713
-46.4491
-47.8042
-49.0025
-49.9999
-50.7416
-51.1598
-51.1701
-50.6668
-49.5221
-47.5691
-44.6389
-40.6737
19.5536
21.1637
22.848
24.461
25.8255
26.942
27.7354
28.1429
28.2088
28.0059
27.6019
27.0797
26.4952
25.8819
25.2666
24.6561
24.0494
23.4431
22.8251
22.1801
21.4889
20.7269
19.8595
18.8588
17.7376
16.5315
15.256
13.9131
12.5067
11.0435
9.5338
7.99171
6.43603
4.89168
3.39095
1.97499
0.701017
-0.360888
-1.06085
16.7122
14.8354
12.613
10.1617
7.71719
5.08928
2.39521
-0.268159
-2.93649
-5.55974
-8.12283
-10.6457
-13.1193
-15.5541
-17.9615
-20.3437
-22.7048
-25.0436
-27.3537
-29.6231
-31.8328
-33.9462
-35.9225
-37.7205
-39.3379
-40.8314
-42.2407
-43.5563
-44.7531
-45.8011
-46.6614
-47.2865
-47.6182
-47.5845
-47.0955
-46.043
-44.2843
-41.6755
-38.173
18.4094
19.9499
21.5619
23.1063
24.4131
25.4838
26.2461
26.6403
26.7091
26.5223
26.1447
25.6558
25.1087
24.5356
23.962
23.3946
22.8327
22.2729
21.7045
21.113
20.4811
19.7859
18.9955
18.0845
17.0651
15.9708
14.8161
13.6032
12.3354
11.0186
9.66179
8.27701
6.88015
5.49214
4.13993
2.8577
1.69325
0.705252
0.0288926
15.712
13.918
11.7943
9.45335
7.12063
4.61473
2.04822
-0.486337
-3.02259
-5.51258
-7.9419
-10.3293
-12.6659
-14.9615
-17.2266
-19.4631
-21.6745
-23.859
-26.0105
-28.1172
-30.1608
-32.1075
-33.9192
-35.5577
-37.0223
-38.3662
-39.6265
-40.7949
-41.8492
-42.763
-43.5025
-44.0267
-44.2858
-44.2189
-43.7499
-42.7872
-41.2087
-38.8904
-35.801
17.3351
18.8084
20.3511
21.8296
23.0813
24.1084
24.8415
25.224
25.2964
25.1259
24.7747
24.3184
23.8077
23.2734
22.7399
22.2136
21.6939
21.178
20.6559
20.1143
19.5373
18.9038
18.1845
17.3561
16.4303
15.4386
14.3948
13.3007
12.1595
10.9763
9.75894
8.51763
7.26581
6.02084
4.80501
3.64629
2.58432
1.66757
1.01734
14.7755
13.0613
11.0328
8.79846
6.57375
4.18564
1.74237
-0.667713
-3.07647
-5.43794
-7.73834
-9.99529
-12.2003
-14.3623
-16.4911
-18.5882
-20.6566
-22.6944
-24.6953
-26.6478
-28.5348
-30.3248
-31.9825
-33.473
-34.7967
-36.0036
-37.1283
-38.1638
-39.0903
-39.885
-40.5185
-40.956
-41.155
-41.064
-40.619
-39.7421
-38.3291
-36.2727
-33.5503
16.3271
17.7357
19.2118
20.6272
21.8262
22.8118
23.5176
23.8895
23.9662
23.8122
23.487
23.0625
22.5873
22.0905
21.5954
21.1081
20.6284
20.1538
19.6749
19.1797
18.6535
18.077
17.4232
16.6708
15.8311
14.9336
13.9911
13.0055
11.9797
10.918
9.82747
8.71664
7.59666
6.482
5.39075
4.34563
3.37906
2.53047
1.90944
13.8994
12.2622
10.3256
8.19421
6.0737
3.79938
1.47509
-0.814887
-3.10063
-5.33823
-7.51449
-9.64603
-11.7246
-13.7586
-15.7571
-17.7211
-19.6533
-21.5516
-23.4097
-25.2167
-26.9562
-28.5995
-30.1137
-31.4672
-32.6614
-33.7434
-34.7452
-35.661
-36.4736
-37.163
-37.7042
-38.0674
-38.2169
-38.1094
-37.6906
-36.8952
-35.6333
-33.8115
-31.4149
15.3822
16.7286
18.1407
19.4955
20.6439
21.5901
22.2701
22.6325
22.714
22.5766
22.277
21.8837
21.4427
20.982
20.5236
20.0735
19.6316
19.1956
18.7572
18.3051
17.8259
17.302
16.7084
16.026
15.2653
14.454
13.6041
12.7174
11.7964
10.8451
9.86948
8.87675
7.8763
6.87981
5.90205
4.96096
4.08282
3.29928
2.70872
13.0807
11.5178
9.6698
7.6377
5.6178
3.45331
1.24379
-0.930271
-3.09749
-5.21576
-7.27263
-9.28367
-11.2411
-13.1525
-15.0264
-16.8636
-18.6662
-20.4322
-22.1554
-23.8252
-25.4264
-26.9326
-28.3134
-29.5406
-30.6163
-31.5847
-32.4756
-33.2841
-33.9954
-34.5923
-35.0533
-35.3534
-35.4626
-35.3444
-34.9534
-34.2342
-33.1094
-31.4975
-29.3892
14.4973
15.7837
17.1342
18.4309
19.5309
20.4395
21.0951
21.4489
21.5357
21.4147
21.1402
20.7771
20.3693
19.9433
19.5199
19.1051
18.6988
18.2992
17.8984
17.4864
17.0507
16.5751
16.0371
15.4188
14.7306
13.9981
13.2327
12.4358
11.6099
10.7586
9.88682
9.00083
8.10824
7.21866
6.34368
5.49752
4.70097
3.97897
3.42034
12.3165
10.825
9.06256
7.12624
5.20338
3.14485
1.04608
-1.01634
-3.06935
-5.07283
-7.01496
-8.91042
-10.7516
-12.5459
-14.3009
-16.0174
-17.6972
-19.338
-20.9338
-22.4748
-23.9464
-25.3248
-26.5822
-27.6931
-28.6607
-29.5262
-30.3173
-31.03
-31.6516
-32.1674
-32.5592
-32.806
-32.8825
-32.7584
-32.3957
-31.7473
-30.7464
-29.3215
-27.4682
13.6692
14.8979
16.1892
17.43
18.4835
19.3564
19.9888
20.3348
20.4269
20.3222
20.0723
19.7386
19.3627
18.9699
18.5799
18.1985
17.8258
17.4602
17.0945
16.7196
16.324
15.8931
15.406
14.8466
14.2247
13.5642
12.8756
12.1603
11.4205
10.6594
9.88134
9.09144
8.29599
7.50262
6.72062
5.96063
5.23912
4.57519
4.04874
11.6037
10.1812
8.50113
6.65719
4.82789
2.87146
0.879379
-1.07545
-3.01857
-4.9117
-6.74369
-8.52835
-10.2585
-11.9409
-13.5827
-15.1845
-16.7478
-18.2703
-19.7462
-21.1662
-22.5169
-23.7766
-24.9199
-25.9242
-26.7934
-27.566
-28.2676
-28.8951
-29.4375
-29.8826
-30.2148
-30.4167
-30.4672
-30.3411
-30.0063
-29.4232
-28.5339
-27.2753
-25.647
12.8949
14.0681
15.3025
16.4896
17.4985
18.3371
18.9475
19.2863
19.3839
19.2951
19.0692
18.7638
18.4186
18.0576
17.6993
17.3495
17.0083
16.6745
16.3415
16.001
15.6424
15.2525
14.8121
14.3067
13.7454
13.1505
12.5317
11.8903
11.2284
10.5486
9.85476
9.15116
8.44286
7.73603
7.03756
6.35568
5.70285
5.09328
4.59919
10.9397
9.58355
7.98288
6.22795
4.48877
2.6307
0.741385
-1.10999
-2.94743
-4.73459
-6.4609
-8.13945
-9.76339
-11.3391
-12.8732
-14.3662
-15.8193
-17.2302
-18.5935
-19.9005
-21.1385
-22.288
-23.3263
-24.2331
-25.013
-25.7018
-26.3235
-26.8753
-27.3481
-27.7316
-28.0128
-28.1771
-28.2071
-28.0818
-27.7744
-27.2511
-26.4619
-25.351
-23.9211
12.1718
13.2914
14.4711
15.6064
16.5725
17.3783
17.9676
18.2998
18.4027
18.3296
18.1269
17.8488
17.533
17.2022
16.874
16.554
16.2425
15.9383
15.6357
15.3269
15.0025
14.6502
14.2526
13.7966
13.2906
12.7554
12.1999
11.6254
11.0336
10.4269
9.80869
9.18238
8.55215
7.92265
7.29931
6.68788
6.09777
5.53892
5.07653
10.3218
9.02951
7.50523
5.83599
4.18356
2.42018
0.629706
-1.12214
-2.85807
-4.54352
-6.16861
-7.74567
-9.26825
-10.7424
-12.1742
-13.5641
-14.9131
-16.219
-17.4767
-18.6779
-19.8112
-20.8589
-21.8006
-22.6183
-23.3174
-23.9311
-24.4813
-24.9662
-25.378
-25.7081
-25.9457
-26.0787
-26.0928
-25.9705
-25.6895
-25.2208
-24.5213
-23.5413
-22.2861
11.4968
12.5649
13.692
14.7775
15.7023
16.4766
17.0457
17.3716
17.4797
17.4218
17.2416
16.9898
16.702
16.3999
16.1002
15.8082
15.5244
15.2479
14.9735
14.694
14.401
14.0832
13.7248
13.3139
12.8583
12.3774
11.8792
11.365
10.8363
10.2953
9.7447
9.1875
8.62691
8.06661
7.51046
6.96247
6.42925
5.91743
5.4861
9.74723
8.5164
7.06571
5.47888
3.90991
2.23756
0.542136
-1.11412
-2.7526
-4.34055
-5.86875
-7.34884
-8.77476
-10.1523
-11.487
-12.7793
-14.0301
-15.2374
-16.3961
-17.4989
-18.5349
-19.4887
-20.3417
-21.0784
-21.7044
-22.2507
-22.7374
-23.1632
-23.5216
-23.8055
-24.0061
-24.1132
-24.1151
-23.9975
-23.7415
-23.3226
-22.7032
-21.8392
-20.7378
10.8675
11.8859
12.9625
13.9999
14.8849
15.629
16.1784
16.4983
16.6113
16.5682
16.4098
16.1831
15.9219
15.647
15.3741
15.1084
14.8506
14.5999
14.3515
14.0991
13.8349
13.5487
13.2261
12.8563
12.4467
12.0149
11.5686
11.1087
10.6367
10.1545
9.66437
9.1688
8.67031
8.17162
7.67549
7.18434
6.7028
6.2344
5.83285
9.21362
8.04188
6.66186
5.15424
3.66545
2.08059
0.476438
-1.08806
-2.63307
-4.12762
-5.56313
-6.95062
-8.28449
-9.57016
-10.8129
-12.013
-13.1713
-14.2859
-15.3522
-16.3632
-17.3093
-18.1764
-18.9483
-19.6113
-20.1715
-20.6574
-21.0877
-21.4614
-21.7732
-22.0173
-22.1864
-22.2722
-22.2652
-22.1534
-21.9211
-21.5474
-20.9994
-20.2381
-19.2721
10.2811
11.2517
12.2797
13.2707
14.1175
14.8324
15.3627
15.6767
15.7941
15.7654
15.6279
15.4251
15.1892
14.94
14.6924
14.4514
14.2178
13.991
13.7667
13.5392
13.3014
13.0441
12.7542
12.4218
12.0539
11.6666
11.2671
10.8561
10.435
10.0053
9.56918
9.12849
8.68522
8.24135
7.79869
7.35851
6.92347
6.49499
6.12206
8.71861
7.60359
6.29151
4.85993
3.44809
1.94709
0.430539
-1.04602
-2.50146
-3.90658
-5.25347
-6.55255
-7.79877
-8.9973
-10.153
-11.266
-12.3373
-13.365
-14.345
-15.2708
-16.1335
-16.921
-17.6187
-18.2148
-18.7157
-19.1478
-19.5281
-19.856
-20.1272
-20.3371
-20.4795
-20.5479
-20.5344
-20.4293
-20.2193
-19.8865
-19.4023
-18.7319
-17.885
9.73542
10.66
11.6413
12.5873
13.3972
14.0839
14.5953
14.9037
15.0248
15.0102
14.8929
14.7127
14.5005
14.2755
14.0517
13.8338
13.6227
13.4181
13.2161
13.0115
12.7979
12.567
12.3068
12.0085
11.6784
11.3314
10.9741
10.607
10.2314
9.84873
9.46063
9.06871
8.67448
8.2793
7.8842
7.4894
7.09643
6.70445
6.35857
8.26012
7.1996
5.9526
4.59395
3.25587
1.83526
0.402611
-0.98982
-2.3595
-3.67916
-4.94142
-6.15617
-7.31904
-8.4349
-9.50812
-10.5389
-11.5284
-12.4748
-13.3742
-14.2209
-15.0067
-15.7211
-16.351
-16.8866
-17.3341
-17.7182
-18.0541
-18.3418
-18.5777
-18.7582
-18.8783
-18.9326
-18.9147
-18.8167
-18.6276
-18.3319
-17.9045
-17.3147
-16.5726
9.22819
10.1084
11.0448
11.9472
12.7214
13.3804
13.8731
14.176
14.3003
14.2995
14.2017
14.0426
13.8528
13.6506
13.4491
13.2528
13.0627
12.8785
12.697
12.5135
12.322
12.1152
11.8821
11.6147
11.3189
11.0083
10.6889
10.3613
10.0264
9.68556
9.34021
8.99161
8.64085
8.28882
7.93593
7.58173
7.22638
6.86781
6.54729
7.83565
6.82738
5.6428
4.35405
3.08658
1.743
0.390755
-0.921231
-2.20876
-3.44683
-4.62832
-5.76281
-6.84667
-7.88425
-8.87942
-9.83261
-10.745
-11.6152
-12.4395
-13.2128
-13.9277
-14.5749
-15.1432
-15.6239
-16.0236
-16.3648
-16.6616
-16.9139
-17.1192
-17.2745
-17.3758
-17.4188
-17.3983
-17.3078
-17.1381
-16.8759
-16.4993
-15.9809
-15.3313
8.75694
9.59464
10.4879
11.3478
12.0877
12.7194
13.1934
13.4907
13.6168
13.6305
13.5515
13.4121
13.2431
13.0625
12.8819
12.7057
12.535
12.3698
12.2071
12.0428
11.8716
11.6867
11.4783
11.239
10.9742
10.6964
10.4111
10.1188
9.8203
9.51677
9.20941
8.89922
8.58698
8.27317
7.95774
7.63958
7.31811
6.98979
6.69306
7.44256
6.48413
5.3591
4.13711
2.93729
1.66735
0.392209
-0.842621
-2.05115
-3.21141
-4.31522
-5.3729
-6.38216
-7.34597
-8.26734
-9.14727
-9.98735
-10.7862
-11.5406
-12.2457
-12.895
-13.4807
-13.9926
-14.4237
-14.7804
-15.0835
-15.3457
-15.5672
-15.746
-15.8798
-15.9654
-15.9994
-15.9776
-15.8949
-15.7432
-15.5114
-15.1802
-14.7251
-14.1569
8.31901
9.11607
9.96809
10.787
11.4941
12.099
12.5544
12.8457
12.9708
12.9994
12.9391
12.8179
12.6685
12.5082
12.3474
12.19
12.0373
11.8897
11.7444
11.5978
11.445
11.2801
11.0941
10.8802
10.6435
10.3953
10.1406
9.87986
9.61382
9.34344
9.06978
8.7936
8.51542
8.23541
7.95316
7.66705
7.37585
7.07495
6.80019
7.07933
6.16836
5.10003
3.94146
2.80604
1.606
0.404614
-0.756588
-1.88927
-2.9756
-4.00364
-4.98671
-5.9253
-6.81967
-7.67128
-8.48213
-9.25444
-9.98686
-10.6762
-11.3182
-11.9073
-12.4366
-12.8974
-13.2836
-13.6018
-13.8709
-14.1024
-14.2969
-14.4527
-14.5681
-14.6408
-14.6678
-14.6459
-14.5708
-14.4361
-14.2318
-13.9412
-13.5425
-13.0465
7.9129
8.67109
9.4837
10.2626
10.9385
11.5168
11.9543
12.2393
12.3596
12.4036
12.3615
12.2571
12.1259
11.9849
11.8426
11.7027
11.5669
11.4356
11.3064
11.1761
11.0403
10.8936
10.728
10.5373
10.326
10.1045
9.87728
9.64481
9.40771
9.16683
8.92306
8.67697
8.42891
8.17876
7.92585
7.66818
7.40399
7.12785
6.8732
6.74753
5.88218
4.8681
3.76979
2.69527
1.56132
0.42931
-0.662911
-1.72418
-2.73981
-3.69639
-4.60904
-5.481
-6.30898
-7.09358
-7.83863
-8.54686
-9.21669
-9.84498
-10.4284
-10.9617
-11.4393
-11.8536
-12.1994
-12.4832
-12.7222
-12.9269
-13.0978
-13.2338
-13.3338
-13.3957
-13.4174
-13.3963
-13.3289
-13.2097
-13.0305
-12.7762
-12.4278
-11.9951
7.53965
8.26027
9.03363
9.77282
10.4174
10.9676
11.388
11.6667
11.7823
11.8447
11.8187
11.7284
11.6142
11.4911
11.3659
11.2421
11.1218
11.0055
10.8911
10.7757
10.6555
10.5255
10.3785
10.2088
10.0205
9.82311
9.62063
9.41346
9.20218
8.98752
8.77022
8.55079
8.32932
8.10562
7.87866
7.64633
7.40624
7.15245
6.91602
6.44673
5.6253
4.66373
3.62291
2.60653
1.53529
0.469423
-0.559005
-1.5528
-2.50162
-3.39232
-4.24393
-5.05616
-5.81928
-6.53786
-7.21978
-7.86738
-8.4779
-9.04862
-9.57692
-10.0587
-10.4886
-10.8601
-11.1691
-11.4218
-11.6338
-11.8147
-11.965
-12.084
-12.171
-12.2243
-12.242
-12.2226
-12.1629
-12.0584
-11.902
-11.6808
-11.3774
-11.0019
7.19868
7.88233
8.61672
9.3149
9.92751
10.4464
10.8496
11.1179
11.2328
11.324
11.3119
11.231
11.1326
11.0272
10.918
10.8091
10.7031
10.6008
10.5001
10.3985
10.2924
10.1776
10.0474
9.8967
9.72911
9.55327
9.37283
9.18817
8.99977
8.80819
8.6142
8.41806
8.21997
8.01932
7.81529
7.6052
7.38663
7.15276
6.93284
6.21006
5.422
4.4983
3.50183
2.53158
1.51265
0.509194
-0.455366
-1.36928
-2.25427
-3.03169
-3.83528
-4.61939
-5.339
-6.01217
-6.65458
-7.26582
-7.8404
-8.37562
-8.86963
-9.31877
-9.71801
-10.0615
-10.3459
-10.5772
-10.7702
-10.9342
-11.0693
-11.1757
-11.2533
-11.2973
-11.3101
-11.29
-11.2338
-11.1376
-10.995
-10.7947
-10.5213
-10.1838
6.93069
7.58272
8.28369
8.93766
9.51078
9.97683
10.3329
10.5377
10.6362
10.8183
10.849
10.788
10.7133
10.6319
10.5422
10.4495
10.3583
10.2695
10.1817
10.0925
9.99904
9.89725
9.78118
9.64607
9.49513
9.33618
9.17275
9.0052
8.83397
8.65963
8.48282
8.30385
8.12276
7.93912
7.75178
7.55825
7.35561
7.13688
6.92964
6.01905
5.25758
4.36404
3.40274
2.47112
1.49897
0.55402
-0.345731
-1.17205
-1.99249
-2.62969
-3.40243
-4.18091
-4.87113
-5.51218
-6.13019
-6.72064
-7.27436
-7.78859
-8.26186
-8.69139
-9.07182
-9.39762
-9.66578
-9.88246
-10.062
-10.2138
-10.3372
-10.4339
-10.5044
-10.5385
-10.5456
-10.5232
-10.4675
-10.3747
-10.2397
-10.0519
-9.79687
-9.4841
6.71336
7.33808
8.00561
8.61361
9.13978
9.53924
9.82756
9.942
10.0108
10.3157
10.4126
10.3814
10.3358
10.2823
10.2148
10.1396
10.0633
9.98791
9.91243
9.83488
9.75287
9.66283
9.55925
9.43767
9.30085
9.15597
9.00643
8.85268
8.69516
8.53443
8.37108
8.20545
8.03756
7.86696
7.69257
7.51172
7.32155
7.11466
6.91784
5.83061
5.09619
4.23332
3.30799
2.41555
1.49089
0.603892
-0.231678
-0.974571
-1.73216
-2.23351
-2.97214
-3.74172
-4.40134
-5.00769
-5.5983
-6.16584
-6.69729
-7.18926
-7.64129
-8.05086
-8.41184
-8.71936
-8.97081
-9.17267
-9.33884
-9.47876
-9.59098
-9.67854
-9.74271
-9.76789
-9.77012
-9.74671
-9.69254
-9.60421
-9.47765
-9.30308
-9.06714
-8.78034
6.49812
7.09578
7.72938
8.29247
8.77325
9.10723
9.33227
9.36366
9.40284
9.81273
9.97724
9.976
9.95634
9.92933
9.88381
9.82615
9.76462
9.70246
9.63913
9.57314
9.50245
9.42405
9.33286
9.22474
9.10183
8.97083
8.83491
8.69469
8.55056
8.40315
8.25293
8.10029
7.94518
7.78721
7.62523
7.45665
7.27849
7.08319
6.89671
5.64556
4.93826
4.10647
3.21733
2.36426
1.4873
0.65713
-0.114777
-0.779239
-1.47147
-1.84976
-2.54849
-3.30155
-3.92993
-4.50074
-5.06125
-5.60351
-6.1111
-6.5799
-7.00998
-7.39873
-7.73989
-8.02901
-8.264
-8.45139
-8.60468
-8.73321
-8.83469
-8.91364
-8.97197
-8.98887
-8.9866
-8.96258
-8.91022
-8.82673
-8.70863
-8.54754
-8.33032
-8.06799
6.28619
6.85733
7.45685
7.9766
8.41376
8.68345
8.84973
8.80423
8.81278
9.30964
9.54225
9.57325
9.57783
9.57527
9.55106
9.51042
9.46353
9.41434
9.36317
9.30857
9.24924
9.18225
9.10341
9.00851
8.89946
8.78209
8.65961
8.53255
8.4015
8.26697
8.12952
7.98943
7.84669
7.70085
7.55079
7.39395
7.22726
7.04307
6.86653
5.46581
4.78547
3.98461
3.13146
2.31732
1.48753
0.712246
0.00268266
-0.589418
-1.21395
-1.48524
-2.13721
-2.86377
-3.45896
-3.99359
-4.52159
-5.03576
-5.51778
-5.96227
-6.36953
-6.73654
-7.05753
-7.32826
-7.54707
-7.72062
-7.86177
-7.97992
-8.07187
-8.14351
-8.19735
-8.20784
-8.20274
-8.17925
-8.13004
-8.05226
-7.94342
-7.79599
-7.59835
-7.3634
6.07981
6.62511
7.19074
7.66911
8.06423
8.26974
8.3818
8.26067
8.23652
8.80576
9.10532
9.17133
9.20066
9.22273
9.21939
9.19499
9.16129
9.12432
9.08464
9.0414
8.99317
8.93769
8.87097
8.78928
8.69392
8.59016
8.48094
8.36695
8.24875
8.12689
8.00193
7.8741
7.74335
7.60921
7.47057
7.32486
7.16913
6.99528
6.82846
5.29343
4.63929
3.86868
3.05072
2.27432
1.49042
0.767348
0.117849
-0.408666
-0.964105
-1.1455
-1.74317
-2.43148
-2.99008
-3.48788
-3.98119
-4.4645
-4.91882
-5.33783
-5.72098
-6.06562
-6.36609
-6.61843
-6.82114
-6.98072
-7.10951
-7.21688
-7.29889
-7.36254
-7.41103
-7.41474
-7.40634
-7.38298
-7.33652
-7.26443
-7.16485
-7.03071
-6.85041
-6.63324
5.88172
6.40218
6.9343
7.37354
7.72694
7.8674
7.92902
7.72823
7.6666
8.30063
8.66551
8.76604
8.82008
8.86856
8.88956
8.8837
8.86375
8.83783
8.80824
8.77491
8.73687
8.69216
8.63723
8.56836
8.4864
8.39579
8.2994
8.19792
8.09206
7.98237
7.86947
7.75356
7.63455
7.51191
7.38448
7.24963
7.10439
6.94059
6.78321
5.1306
4.50109
3.75878
2.97402
2.23334
1.49306
0.818941
0.226305
-0.241629
-0.727779
-0.836923
-1.37168
-2.00908
-2.5261
-2.98567
-3.44236
-3.892
-4.31609
-4.70737
-5.06519
-5.38649
-5.66636
-5.90092
-6.0893
-6.23763
-6.35742
-6.45768
-6.53407
-6.59435
-6.64228
-6.64426
-6.63695
-6.6176
-6.57712
-6.5131
-6.42443
-6.30607
-6.1498
-5.97214
5.69486
6.19166
6.69089
7.09283
7.40192
7.47307
7.48582
7.19449
7.08798
7.79283
8.22915
8.36334
8.43531
8.50436
8.54844
8.5652
8.56468
8.55482
8.53798
8.5157
8.48776
8.45357
8.40994
8.354
8.28564
8.20871
8.12515
8.03603
7.94169
7.84317
7.74084
7.63533
7.52644
7.41382
7.29633
7.17123
7.03548
6.88022
6.7287
4.97787
4.3705
3.65359
2.89865
2.19038
1.49022
0.861303
0.321861
-0.0940685
-0.511426
-0.566034
-1.0288
-1.60204
-2.07037
-2.48937
-2.90709
-3.31953
-3.71004
-4.07165
-4.40249
-4.6995
-4.95711
-5.17165
-5.34138
-5.47293
-5.57735
-5.6641
-5.728
-5.77783
-5.81762
-5.8113
-5.79929
-5.77877
-5.7407
-5.68217
-5.6028
-5.49557
-5.34848
-5.16173
5.52006
5.99431
6.46156
6.8281
7.08729
7.08453
7.04818
6.64578
6.47485
7.26574
7.79666
7.98279
8.0796
8.16057
8.21044
8.23282
8.24251
8.2467
8.24584
8.23874
8.22506
8.20396
8.17345
8.13106
8.07746
8.01581
7.94803
7.87444
7.79538
7.71133
7.62283
7.53011
7.43314
7.33147
7.224
7.10847
6.98189
6.83708
6.69494
4.83477
4.2478
3.55371
2.82509
2.14528
1.48054
0.891617
0.400039
0.0289814
-0.322223
-0.338617
-0.722213
-1.21587
-1.62757
-2.0024
-2.3771
-2.7476
-3.10043
-3.42936
-3.73239
-4.00618
-4.24646
-4.45
-4.61609
-4.74866
-4.85615
-4.94743
-5.01747
-5.07628
-5.12797
-5.13164
-5.13041
-5.12205
-5.09615
-5.05092
-4.98698
-4.90414
-4.80199
-4.70974
5.35638
5.80914
6.24671
6.58114
6.78776
6.71822
6.63747
6.08077
5.80501
6.68074
7.31624
7.58353
7.75171
7.88964
7.96822
7.99216
7.98869
7.97793
7.96754
7.95786
7.94754
7.9343
7.91483
7.88467
7.84195
7.78972
7.7313
7.66758
7.59914
7.5264
7.44991
7.36989
7.28616
7.19789
7.10344
6.99992
6.88316
6.74751
6.61358
4.70832
4.1397
3.4666
2.7612
2.10585
1.47069
0.914324
0.461167
0.124405
-0.167958
-0.161644
-0.457687
-0.856684
-1.20382
-1.52873
-1.85498
-2.17897
-2.48927
-2.77991
-3.04653
-3.2854
-3.48998
-3.6556
-3.7797
-3.87145
-3.94367
-4.00432
-4.0463
-4.07811
-4.10413
-4.08646
-4.06983
-4.05204
-4.02284
-3.97976
-3.92133
-3.83758
-3.70752
-3.50592
5.21178
5.64601
6.0581
6.3641
6.52016
6.40774
6.27952
5.49285
5.0807
6.0386
6.73095
7.02424
7.24562
7.47765
7.66986
7.79705
7.8677
7.8972
7.90113
7.89138
7.8761
7.85916
7.8417
7.8223
7.79763
7.76354
7.71828
7.66261
7.59825
7.52644
7.44844
7.36531
7.27821
7.18788
7.09409
6.99438
6.88184
6.74012
6.55826
4.61773
4.05758
3.39442
2.70228
2.06221
1.44789
0.916086
0.492344
0.181724
-0.058606
-0.0419722
-0.24097
-0.534539
-0.808708
-1.07303
-1.34073
-1.61091
-1.87842
-2.1381
-2.38738
-2.62269
-2.84228
-3.04286
-3.2215
-3.36939
-3.48802
-3.59049
-3.67523
-3.75699
-3.83989
-3.86665
-3.88485
-3.89928
-3.90067
-3.88622
-3.85995
-3.8337
-3.82834
-3.90985
5.11255
5.53558
5.92714
6.20019
6.2964
6.13521
5.87947
4.76901
4.29555
5.47529
6.26347
6.51726
6.62676
6.73586
6.85381
6.98163
7.11738
7.24737
7.35648
7.43646
7.4872
7.51124
7.51381
7.50527
7.50033
7.50162
7.50262
7.49869
7.48792
7.46963
7.44308
7.40659
7.35859
7.29759
7.22314
7.13723
7.04968
6.98803
7.02766
4.5636
3.98759
3.30545
2.59876
1.95211
1.34401
0.833223
0.442986
0.171582
-0.0046686
0.0183955
-0.0797191
-0.261214
-0.456053
-0.653063
-0.8486
-1.03953
-1.22191
-1.39196
-1.54563
-1.67672
-1.77577
-1.83466
-1.85408
-1.86023
-1.8713
-1.88487
-1.88447
-1.87194
-1.86638
-1.8257
-1.79224
-1.76831
-1.74227
-1.71033
-1.66906
-1.59532
-1.44538
-1.12808
5.06748
5.48939
5.86253
6.08736
6.08796
5.7923
5.19709
3.70942
3.295
4.96221
6.21269
6.85002
7.15725
7.2439
7.15081
6.95609
6.73898
6.5584
6.43734
6.37457
6.36076
6.38462
6.42917
6.45721
6.43265
6.37211
6.30453
6.23511
6.16384
6.09054
6.0179
5.94962
5.88832
5.83515
5.78679
5.73092
5.63147
5.41525
4.96834
4.48335
3.88008
3.16272
2.4241
1.75656
1.14636
0.656387
0.309218
0.097531
-0.000327233
0.0221573
0.0121033
-0.044675
-0.139017
-0.265854
-0.419832
-0.597912
-0.797732
-1.01856
-1.26119
-1.52889
-1.82248
-2.13163
-2.42768
-2.6614
-2.82867
-2.99414
-3.13172
-3.32574
-3.5952
-3.57191
-3.62116
-3.72156
-3.8002
-3.84954
-3.8931
-3.97026
-4.13838
-4.51491
5.00242
5.42443
5.77957
5.95404
5.85204
5.37043
4.33596
2.54215
1.75957
3.46293
5.0877
6.49627
7.73819
8.8286
9.68951
10.2964
10.6917
10.9032
10.9789
10.9657
10.9032
10.8202
10.7587
10.7892
10.9414
11.1086
11.2129
11.2694
11.2995
11.3069
11.2874
11.2391
11.1641
11.0673
10.9587
10.8579
10.8176
10.9112
11.3014
-169.061
-172.148
-174.951
-178.217
-180.555
-181.664
-181.726
-180.949
-179.442
-177.248
-174.399
-170.912
-166.775
-162.048
-156.844
-151.3
-145.569
-139.788
-134.022
-128.305
-122.695
-117.267
-112.05
-106.928
-101.72
-96.332
-90.8208
-85.4485
-80.6919
-77.0579
-74.8374
-73.8539
-73.3271
-72.4278
-70.8641
-68.7245
-66.2078
-63.5084
-60.7633
-58.0458
-55.3866
-52.7977
-50.283
-47.8443
-45.4804
-43.1913
-40.9739
-38.8282
-36.7519
-34.7457
-32.808
-30.9394
-29.1393
-27.408
-25.7448
-24.1494
-22.621
-21.1587
-19.7611
-18.427
-17.1548
-15.9427
-14.7889
-13.6907
-12.647
-11.6533
-10.7119
-9.93112
-9.25478
-8.5754
-7.8836
-7.20465
-6.48656
-5.86367
-5.0367
-4.67032
-3.36644
-3.99127
-0.92702
-4.81207
-160.552
-155.718
-151.014
-146.417
-141.792
-137.176
-132.528
-127.847
-123.209
-118.539
-113.928
-109.324
-104.779
-100.279
-95.8457
-91.4806
-87.1935
-82.9908
-78.8769
-74.8575
-70.9344
-67.1114
-63.3883
-59.7679
-56.2485
-52.8312
-49.514
-46.2974
-43.1791
-40.1593
-37.2364
-34.4107
-31.6802
-29.0462
-26.5075
-24.0655
-21.7194
-19.4709
-17.3195
-15.2672
-13.3135
-11.4602
-9.70672
-8.05443
-6.50219
-5.05087
-3.69865
-2.44551
-1.28874
-0.227455
0.741815
1.6211
2.4143
3.12457
3.75614
4.31297
4.79947
5.22004
5.57916
5.88127
6.13106
6.33304
6.4916
6.61116
6.69604
6.74995
6.77695
6.78231
6.77791
6.76405
6.74045
6.70797
6.66895
6.61876
6.59383
6.5327
6.41887
7.08878
4.66402
11.4326
-113.178
-113.298
-114.095
-115.795
-117.57
-119.018
-120.05
-120.575
-120.515
-119.809
-118.44
-116.436
-113.894
-110.886
-107.467
-103.686
-99.6062
-95.2842
-90.8196
-86.356
-82.0348
-77.9248
-74.0586
-70.4442
-67.0925
-63.9872
-61.0651
-58.2339
-55.4318
-52.7374
-50.4227
-48.841
-48.1253
-47.8718
-47.6681
-47.3729
-46.9264
-46.2973
-45.491
-44.5282
-43.4359
-42.2364
-40.9529
-39.6021
-38.2018
-36.7645
-35.3033
-33.8266
-32.345
-30.8652
-29.3951
-27.9404
-26.5073
-25.1004
-23.7242
-22.3821
-21.0772
-19.8117
-18.5873
-17.4055
-16.2671
-15.1724
-14.1213
-13.1132
-12.1483
-11.2236
-10.3422
-9.60587
-8.96661
-8.32427
-7.66621
-7.01976
-6.32949
-5.73534
-4.9315
-4.58632
-3.31503
-3.92621
-0.96348
-4.74357
-111.823
-109.448
-106.828
-104.08
-101.286
-98.4577
-95.6066
-92.742
-89.8586
-86.9661
-84.0688
-81.1653
-78.2667
-75.3696
-72.4851
-69.6118
-66.7583
-63.9243
-61.1179
-58.3402
-55.5979
-52.8915
-50.2271
-47.6059
-45.0328
-42.5075
-40.0345
-37.6136
-35.2475
-32.9357
-30.681
-28.4823
-26.3418
-24.259
-22.2361
-20.2729
-18.372
-16.5334
-14.76
-13.0522
-11.4132
-9.8436
-8.34627
-6.92174
-5.57261
-4.29905
-3.10309
-1.98419
-0.943523
0.020178
0.90682
1.71831
2.45558
3.1213
3.71741
4.24709
4.71321
5.11921
5.46852
5.7649
6.01198
6.21367
6.37404
6.49666
6.58549
6.64392
6.67582
6.68605
6.68622
6.67697
6.65822
6.63087
6.59668
6.55104
6.52622
6.47672
6.34789
7.01961
4.69168
11.1414
-52.211
-51.4633
-50.4046
-49.6054
-49.1512
-48.9521
-48.9199
-48.9835
-49.0594
-49.0787
-48.9708
-48.6902
-48.1831
-47.4161
-46.3528
-44.9858
-43.3264
-41.4166
-39.2968
-37.0232
-34.6769
-32.382
-30.2524
-28.374
-26.8213
-25.6506
-24.902
-24.5977
-24.7163
-25.1692
-25.8416
-26.7235
-27.9324
-29.3286
-30.5154
-31.405
-32.0789
-32.5736
-32.8908
-33.0334
-33.0034
-32.81
-32.4631
-31.978
-31.369
-30.6535
-29.8456
-28.9612
-28.0132
-27.0151
-25.9777
-24.9122
-23.8277
-22.7334
-21.6363
-20.5435
-19.4607
-18.3928
-17.344
-16.3179
-15.3173
-14.3444
-13.401
-12.4878
-11.6064
-10.7552
-9.93812
-9.25065
-8.65188
-8.04909
-7.4278
-6.81633
-6.15874
-5.59214
-4.82204
-4.48551
-3.27448
-3.83257
-1.0286
-4.61458
-52.0999
-51.5214
-50.9961
-50.4184
-49.8276
-49.2106
-48.5676
-47.8983
-47.1962
-46.467
-45.7016
-44.9054
-44.071
-43.2023
-42.2941
-41.3489
-40.3631
-39.339
-38.2737
-37.1702
-36.0262
-34.8453
-33.6259
-32.3728
-31.0859
-29.7699
-28.4261
-27.0601
-25.6737
-24.2729
-22.8603
-21.4421
-20.0209
-18.6029
-17.1909
-15.7908
-14.4056
-13.0407
-11.6991
-10.3861
-9.10457
-7.85959
-6.65375
-5.49172
-4.37574
-3.30999
-2.29614
-1.33755
-0.43513
0.408765
1.19393
1.91903
2.58479
3.19093
3.73905
4.23002
4.66595
5.04876
5.381
5.66523
5.9045
6.10186
6.26036
6.38327
6.47395
6.53535
6.57107
6.58531
6.58926
6.58415
6.57015
6.54734
6.51768
6.47687
6.45316
6.41353
6.28592
6.91665
4.75283
10.8121
-21.2758
-20.4705
-19.4076
-18.3523
-17.4369
-16.6972
-16.148
-15.7847
-15.5892
-15.527
-15.5633
-15.6563
-15.7687
-15.8604
-15.8998
-15.8561
-15.7079
-15.4346
-15.03
-14.4909
-13.8329
-13.0853
-12.3122
-11.5796
-10.9211
-10.3492
-9.88696
-9.57117
-9.46858
-9.67515
-10.2911
-11.3865
-13.0438
-15.2572
-17.5456
-19.4771
-21.0482
-22.3373
-23.384
-24.2131
-24.8418
-25.2822
-25.5458
-25.6443
-25.5911
-25.3997
-25.0839
-24.6581
-24.1358
-23.5299
-22.8534
-22.1177
-21.3345
-20.5136
-19.6647
-18.7961
-17.9153
-17.0291
-16.1433
-15.2631
-14.3927
-13.5358
-12.6954
-11.8736
-11.0733
-10.2936
-9.53987
-8.90085
-8.34082
-7.7755
-7.18951
-6.61144
-5.98538
-5.44645
-4.70726
-4.38576
-3.22066
-3.75568
-1.05057
-4.53245
-21.595
-21.7467
-21.9201
-22.0693
-22.2141
-22.3442
-22.4606
-22.5589
-22.6389
-22.6966
-22.7304
-22.7377
-22.7168
-22.6649
-22.5805
-22.4606
-22.305
-22.1105
-21.8772
-21.602
-21.2854
-20.9249
-20.5213
-20.0722
-19.5792
-19.0404
-18.4577
-17.83
-17.1601
-16.4479
-15.6969
-14.9082
-14.0862
-13.2329
-12.3536
-11.4513
-10.5317
-9.59831
-8.65734
-7.71252
-6.77012
-5.83405
-4.9103
-4.0026
-3.11672
-2.25596
-1.4255
-0.62801
0.132158
0.852984
1.53112
2.16538
2.75351
3.29532
3.78971
4.2373
4.63814
4.99357
5.30471
5.57352
5.80179
5.99183
6.14624
6.26743
6.35834
6.42147
6.46005
6.47732
6.48436
6.48263
6.47225
6.45358
6.42801
6.39221
6.37113
6.33988
6.21759
6.82019
4.75394
10.5746
-2.26053
-1.53776
-0.680103
0.181206
0.983323
1.69984
2.31191
2.8037
3.17055
3.41175
3.53579
3.55051
3.47326
3.3187
3.10976
2.86444
2.60727
2.35561
2.12951
1.93883
1.79358
1.68991
1.61565
1.53221
1.39579
1.17679
0.863512
0.443383
-0.0971698
-0.783276
-1.65852
-2.7791
-4.2184
-6.15287
-8.50094
-10.7591
-12.7051
-14.3853
-15.8363
-17.0763
-18.1186
-18.9718
-19.6455
-20.1488
-20.4936
-20.6904
-20.7515
-20.6881
-20.5114
-20.2334
-19.8652
-19.4184
-18.9036
-18.3315
-17.7114
-17.0529
-16.3637
-15.6519
-14.9241
-14.1866
-13.4447
-12.7031
-11.9661
-11.2364
-10.5182
-9.81155
-9.12255
-8.53315
-8.01303
-7.48608
-6.9362
-6.3927
-5.79905
-5.28954
-4.58063
-4.27922
-3.15223
-3.68174
-1.04655
-4.47108
-2.71078
-3.09437
-3.49684
-3.90252
-4.318
-4.73777
-5.16171
-5.58624
-6.01025
-6.42983
-6.84303
-7.24654
-7.63775
-8.01313
-8.36952
-8.70394
-9.01294
-9.2936
-9.54259
-9.75731
-9.93458
-10.0727
-10.1689
-10.2219
-10.2294
-10.1913
-10.1055
-9.97256
-9.79138
-9.56304
-9.28708
-8.96539
-8.59831
-8.18844
-7.73698
-7.24761
-6.72221
-6.16532
-5.57968
-4.97055
-4.34145
-3.69804
-3.04413
-2.38578
-1.72692
-1.0735
-0.4292
0.200347
0.811879
1.4005
1.96353
2.497
2.99912
3.46693
3.89954
4.29509
4.65359
4.97447
5.25841
5.50581
5.71807
5.89659
6.0429
6.1591
6.24745
6.30999
6.34949
6.3685
6.37729
6.37776
6.37018
6.3544
6.3322
6.30047
6.2828
6.25762
6.14123
6.72231
4.72237
10.3675
6.94557
7.41928
7.95695
8.48241
8.94992
9.34831
9.67357
9.92354
10.0935
10.1826
10.1883
10.1123
9.95589
9.72564
9.42729
9.07274
8.67215
8.24129
7.79286
7.34332
6.90378
6.48644
6.0949
5.72741
5.36208
4.97277
4.54157
4.06189
3.5193
2.89278
2.14849
1.24963
0.170319
-1.17796
-2.96991
-4.99555
-6.8718
-8.54057
-10.0448
-11.3993
-12.6058
-13.663
-14.5689
-15.3261
-15.9385
-16.4126
-16.7543
-16.9717
-17.0725
-17.0655
-16.9599
-16.7649
-16.4902
-16.1445
-15.7371
-15.2765
-14.7712
-14.2286
-13.6561
-13.0604
-12.4475
-11.8228
-11.1912
-10.5564
-9.92319
-9.29256
-8.67153
-8.13438
-7.65659
-7.17061
-6.65974
-6.15306
-5.5943
-5.11627
-4.44023
-4.1602
-3.07458
-3.59717
-1.03769
-4.39741
6.614
6.30042
5.96876
5.62278
5.26165
4.88597
4.49718
4.09563
3.68332
3.26087
2.83048
2.39318
1.95159
1.50725
1.06282
0.620313
0.1829
-0.246911
-0.666059
-1.07147
-1.45991
-1.82804
-2.17277
-2.49053
-2.77855
-3.03339
-3.25265
-3.43343
-3.57413
-3.67234
-3.72729
-3.73742
-3.70301
-3.62324
-3.49937
-3.33159
-3.12207
-2.87188
-2.58418
-2.26096
-1.90631
-1.52289
-1.11553
-0.687622
-0.244497
0.210243
0.67081
1.13374
1.59341
2.04647
2.48782
2.91462
3.32252
3.70932
4.07162
4.40807
4.71643
4.99614
5.24604
5.46652
5.65744
5.81946
5.95375
6.06142
6.14421
6.2036
6.24195
6.26107
6.27053
6.27209
6.26595
6.25247
6.23287
6.20472
6.1892
6.16789
6.05851
6.61241
4.68776
10.1416
11.6494
11.9609
12.3196
12.6776
12.9864
13.2255
13.3981
13.5077
13.5571
13.5463
13.4766
13.3466
13.1573
12.9081
12.602
12.2409
11.8313
11.3782
10.8915
10.3795
9.85377
9.32275
8.79659
8.27963
7.77257
7.26148
6.73014
6.17004
5.58185
4.9576
4.28058
3.51911
2.64679
1.64545
0.392088
-1.2165
-2.90436
-4.44074
-5.84163
-7.13909
-8.33732
-9.43141
-10.4156
-11.2858
-12.0405
-12.679
-13.2031
-13.6149
-13.9185
-14.1189
-14.2217
-14.2335
-14.161
-14.0115
-13.7921
-13.5106
-13.1741
-12.79
-12.365
-11.9058
-11.4186
-10.9091
-10.3826
-9.84315
-9.29623
-8.74341
-8.19227
-7.70941
-7.2759
-6.8328
-6.36284
-5.89512
-5.37357
-4.92861
-4.28822
-4.02972
-2.9895
-3.50217
-1.02598
-4.31122
11.414
11.1769
10.9234
10.6539
10.3677
10.0655
9.74752
9.41415
9.06612
8.70402
8.32863
7.94108
7.5425
7.13422
6.71757
6.29418
5.86596
5.43485
5.00279
4.57202
4.14498
3.7242
3.31239
2.91205
2.52626
2.15782
1.80983
1.48489
1.18619
0.916136
0.67775
0.472889
0.303954
0.172157
0.0792872
0.0255826
0.0119515
0.0375968
0.102514
0.204838
0.343575
0.515956
0.720017
0.952039
1.20956
1.48765
1.78372
2.09248
2.41088
2.7337
3.05782
3.37828
3.69221
3.99526
4.28509
4.5582
4.81295
5.04678
5.259
5.44802
5.61371
5.75595
5.87485
5.97113
6.04585
6.09994
6.13528
6.15328
6.16228
6.16402
6.15884
6.14659
6.12886
6.10331
6.0899
6.07078
5.97024
6.48997
4.65154
9.89984
13.6752
13.8652
14.0939
14.3422
14.5673
14.7328
14.829
14.8629
14.839
14.7614
14.6315
14.4524
14.2239
13.9479
13.624
13.255
12.8419
12.3896
11.9018
11.3861
10.8488
10.2991
9.74487
9.19454
8.65335
8.12279
7.59375
7.05492
6.50292
5.93949
5.35897
4.74418
4.06574
3.30507
2.43002
1.29657
-0.0982557
-1.49007
-2.76565
-3.9553
-5.07674
-6.12788
-7.1035
-7.99684
-8.80353
-9.52024
-10.1444
-10.6754
-11.1133
-11.4595
-11.7163
-11.8869
-11.9756
-11.987
-11.9264
-11.7995
-11.6122
-11.3705
-11.0806
-10.7485
-10.3801
-9.9808
-9.55598
-9.10997
-8.64841
-8.17321
-7.69251
-7.26484
-6.87643
-6.47713
-6.04953
-5.62186
-5.1391
-4.72835
-4.12558
-3.88944
-2.89659
-3.40016
-1.00694
-4.21948
13.5253
13.3647
13.1908
13.0018
12.798
12.579
12.3449
12.0955
11.8311
11.5516
11.2574
10.9489
10.6265
10.2909
9.9428
9.58316
9.21316
8.83396
8.44701
8.05385
7.65628
7.25622
6.85575
6.45702
6.06232
5.67422
5.2951
4.92763
4.57428
4.23787
3.92086
3.62603
3.35546
3.11183
2.89684
2.71271
2.5605
2.44177
2.3568
2.30632
2.28967
2.30667
2.35558
2.43559
2.54339
2.67788
2.83496
3.01268
3.20654
3.41405
3.63048
3.85312
4.07737
4.30059
4.51866
4.72926
4.92888
5.11596
5.28778
5.44346
5.58152
5.70131
5.80251
5.88518
5.94979
5.99679
6.0276
6.04318
6.05097
6.05216
6.04681
6.03537
6.0188
5.99557
5.98343
5.96505
5.87495
6.3565
4.60729
9.65372
14.3166
14.4229
14.5589
14.7236
14.8942
15.0392
15.1302
15.1564
15.1225
15.0348
14.8975
14.713
14.4838
14.2117
13.8981
13.5442
13.1519
12.7232
12.2616
11.771
11.2569
10.7255
10.1841
9.63977
9.10015
8.57045
8.05299
7.54138
7.02843
6.51325
5.99913
5.48042
4.94023
4.35274
3.70417
2.93624
1.92258
0.734776
-0.420128
-1.495
-2.51593
-3.49305
-4.42109
-5.29374
-6.10423
-6.84758
-7.51967
-8.11753
-8.63887
-9.08249
-9.44824
-9.73676
-9.94967
-10.0894
-10.159
-10.1623
-10.1034
-9.98711
-9.8182
-9.60204
-9.34357
-9.04781
-8.71973
-8.3637
-7.98524
-7.58646
-7.17562
-6.80318
-6.46027
-6.10533
-5.72072
-5.33404
-4.8913
-4.51574
-3.95208
-3.73931
-2.79472
-3.29131
-0.979671
-4.12497
14.2296
14.129
14.0177
13.8933
13.7562
13.6061
13.4425
13.2654
13.0745
12.87
12.6514
12.4192
12.1731
11.9135
11.6407
11.355
11.0569
10.7472
10.4264
10.0957
9.75597
9.40856
9.05482
8.69638
8.33487
7.97223
7.61052
7.25181
6.89838
6.55251
6.21674
5.89327
5.58464
5.29307
5.021
4.77031
4.54325
4.34125
4.16612
4.01872
3.90018
3.81051
3.75045
3.71838
3.7149
3.73738
3.78543
3.85576
3.94712
4.05564
4.17949
4.31455
4.45856
4.60742
4.7588
4.90884
5.05551
5.19542
5.32716
5.4482
5.55729
5.6531
5.7349
5.80213
5.85491
5.8932
5.91803
5.93027
5.93585
5.9356
5.92972
5.91812
5.90211
5.88021
5.86936
5.8505
5.77194
6.2127
4.55343
9.40592
14.1574
14.2051
14.2748
14.3713
14.4821
14.5951
14.6926
14.7508
14.7523
14.6958
14.5881
14.435
14.2392
14.0024
13.7265
13.4136
13.0651
12.6831
12.2696
11.8279
11.3616
10.8757
10.3755
9.86781
9.35893
8.85589
8.36372
7.88511
7.41559
6.9503
6.48983
6.03711
5.58547
5.11773
4.61284
4.05326
3.36183
2.45498
1.44058
0.463266
-0.46126
-1.35233
-2.21548
-3.04448
-3.83217
-4.57176
-5.25869
-5.88849
-6.45766
-6.96337
-7.40363
-7.77705
-8.08339
-8.32302
-8.49731
-8.60804
-8.65785
-8.64977
-8.58773
-8.47547
-8.31735
-8.11732
-7.88011
-7.60954
-7.31104
-6.98651
-6.6443
-6.32662
-6.02908
-5.71853
-5.37752
-5.03228
-4.63044
-4.29086
-3.76758
-3.57912
-2.68385
-3.17509
-0.944746
-4.02527
14.1158
14.0596
13.9951
13.9194
13.8333
13.7361
13.6277
13.5077
13.3761
13.2323
13.0766
12.9084
12.728
12.5351
12.3299
12.1123
11.8827
11.6411
11.3882
11.1241
10.8496
10.5653
10.2721
9.97086
9.66274
9.34896
9.03096
8.71024
8.38848
8.06753
7.74935
7.43595
7.12934
6.83185
6.54544
6.2724
6.01462
5.77423
5.55286
5.35231
5.17367
5.01867
4.88704
4.78067
4.69833
4.641
4.60679
4.59578
4.60535
4.63485
4.68117
4.74294
4.81668
4.90061
4.99108
5.08624
5.18245
5.27819
5.37042
5.45749
5.53725
5.60846
5.66963
5.72029
5.75993
5.78825
5.80602
5.8138
5.81648
5.81417
5.80669
5.79455
5.77841
5.7576
5.7471
5.72662
5.66005
6.05819
4.49044
9.15245
13.5305
13.5381
13.5628
13.6113
13.6723
13.7386
13.8085
13.8744
13.9184
13.9203
13.8711
13.773
13.633
13.4545
13.2395
12.989
12.7049
12.3887
12.0426
11.6683
11.2689
10.8476
10.409
9.95789
9.50026
9.04197
8.58942
8.14748
7.71893
7.30106
6.89091
6.48963
6.09858
5.71034
5.30779
4.87322
4.37872
3.74429
2.93216
2.05328
1.20436
0.390168
-0.402049
-1.17555
-1.92393
-2.64042
-3.31916
-3.95614
-4.54687
-5.08758
-5.57482
-6.0061
-6.37961
-6.69449
-6.95025
-7.14734
-7.28671
-7.37034
-7.40037
-7.37967
-7.31115
-7.19834
-7.04493
-6.85445
-6.63168
-6.37842
-6.10273
-5.83867
-5.58592
-5.31944
-5.02188
-4.71829
-4.35793
-4.0548
-3.57289
-3.40937
-2.56438
-3.05116
-0.903362
-3.92053
13.5207
13.497
13.4667
13.4274
13.3796
13.3227
13.2566
13.181
13.0956
13.0002
12.8946
12.7785
12.6517
12.5142
12.3658
12.2064
12.036
11.8546
11.6624
11.4596
11.2463
11.0229
10.7898
10.5477
10.2971
10.0388
9.77376
9.50288
9.22733
8.94837
8.6675
8.38613
8.10594
7.82862
7.55605
7.28999
7.03241
6.78509
6.54992
6.3285
6.12283
5.93361
5.76333
5.61184
5.48103
5.37014
5.28038
5.21035
5.16059
5.12912
5.11568
5.11775
5.13448
5.1629
5.20178
5.24773
5.29958
5.35429
5.41013
5.46461
5.51618
5.56274
5.60343
5.63693
5.66284
5.68035
5.69006
5.69276
5.6918
5.68665
5.67737
5.66391
5.6472
5.62657
5.61627
5.59352
5.5392
5.89326
4.41908
8.89285
12.634
12.6209
12.6199
12.6382
12.6671
12.6995
12.7355
12.7774
12.822
12.8572
12.8667
12.838
12.7668
12.6557
12.5099
12.3321
12.1234
11.8846
11.6169
11.3221
11.002
10.659
10.296
9.91661
9.52545
9.12748
8.72833
8.3333
7.94739
7.57289
7.20921
6.85435
6.50933
6.17357
5.83936
5.49096
5.11073
4.6614
4.07406
3.34426
2.56951
1.81528
1.08468
0.370312
-0.330359
-1.01228
-1.66934
-2.29633
-2.88938
-3.44399
-3.95639
-4.42317
-4.84184
-5.21016
-5.52673
-5.79054
-6.00166
-6.16041
-6.26797
-6.32566
-6.33576
-6.3005
-6.22314
-6.1062
-5.95409
-5.76809
-5.55599
-5.34377
-5.13459
-4.91117
-4.65665
-4.39438
-4.07557
-3.80909
-3.36916
-3.23102
-2.43714
-2.92053
-0.855709
-3.81012
12.643
12.6404
12.6332
12.6193
12.599
12.572
12.5379
12.4965
12.4474
12.3904
12.3251
12.2514
12.1689
12.0776
11.977
11.8671
11.7476
11.6186
11.4797
11.3312
11.1729
11.0051
10.8277
10.6412
10.4457
10.2419
10.03
9.81082
9.58498
9.35342
9.11704
8.87698
8.63436
8.39056
8.14696
7.90503
7.66638
7.43248
7.20505
6.98558
6.77559
6.57714
6.39109
6.21941
6.06229
5.92153
5.79678
5.68942
5.59853
5.52481
5.46677
5.42455
5.39611
5.38107
5.37663
5.38234
5.39553
5.41477
5.43773
5.46279
5.4877
5.51141
5.53204
5.54891
5.56084
5.56724
5.56849
5.56543
5.56039
5.55215
5.54024
5.52525
5.50742
5.48694
5.47605
5.45048
5.40835
5.71777
4.33864
8.62476
11.7569
11.7318
11.7146
11.7126
11.7191
11.728
11.7383
11.7523
11.7712
11.7933
11.8128
11.8201
11.8047
11.7585
11.6781
11.5656
11.4249
11.2582
11.0662
10.849
10.6077
10.3439
10.0595
9.75661
9.43839
9.1086
8.77156
8.43209
8.09502
7.7647
7.44365
7.13175
6.82758
6.53153
6.24204
5.95143
5.64543
5.30442
4.88769
4.34321
3.68459
2.99138
2.30975
1.64504
0.993413
0.352204
-0.274843
-0.881962
-1.46409
-2.01753
-2.53835
-3.02321
-3.46878
-3.8724
-4.23164
-4.54498
-4.8111
-5.02958
-5.20016
-5.32352
-5.40061
-5.43312
-5.42308
-5.37255
-5.28505
-5.16159
-5.00927
-4.84635
-4.67899
-4.49726
-4.28464
-4.06294
-3.78537
-3.55529
-3.15761
-3.04503
-2.30285
-2.78327
-0.802919
-3.69545
11.7759
11.7851
11.7909
11.7912
11.7867
11.7768
11.7615
11.7403
11.7133
11.6798
11.6401
11.5934
11.54
11.4792
11.4112
11.3354
11.252
11.1604
11.0608
10.9528
10.8366
10.7118
10.5788
10.4373
10.2877
10.1299
9.96435
9.7912
9.61103
9.42417
9.23139
9.03325
8.83063
8.62435
8.4155
8.20507
7.99433
7.78452
7.577
7.37319
7.1744
6.98197
6.79721
6.62125
6.45578
6.30146
6.15983
6.03091
5.91591
5.81435
5.72706
5.65296
5.59246
5.5436
5.50668
5.47971
5.46176
5.45102
5.44611
5.44499
5.44669
5.44923
5.45168
5.45254
5.45124
5.44659
5.43922
5.43027
5.42082
5.40895
5.39445
5.37736
5.35824
5.33717
5.32569
5.29723
5.26712
5.53194
4.24925
8.34874
10.8506
10.8201
10.7945
10.7808
10.7743
10.7697
10.7651
10.7623
10.7625
10.7659
10.7712
10.7767
10.7775
10.7671
10.7386
10.6864
10.6076
10.5038
10.378
10.2318
10.0652
9.87804
9.67105
9.44556
9.20333
8.94651
8.67815
8.40167
8.1213
7.841
7.56474
7.29463
7.03097
6.77243
6.51884
6.26801
6.01284
5.73994
5.42824
5.03926
4.53649
3.94026
3.31358
2.69147
2.08158
1.48282
0.892616
0.313338
-0.249398
-0.790963
-1.30812
-1.79746
-2.25572
-2.67959
-3.06654
-3.41413
-3.72061
-3.98438
-4.20474
-4.38118
-4.51413
-4.6041
-4.65256
-4.66061
-4.63129
-4.5648
-4.46781
-4.35107
-4.22329
-4.0812
-3.90897
-3.72658
-3.48941
-3.29514
-2.93953
-2.85242
-2.16224
-2.64046
-0.745339
-3.57527
10.8744
10.8903
10.9037
10.9132
10.9189
10.9208
10.9184
10.9118
10.9004
10.8843
10.8631
10.8368
10.8049
10.7674
10.7239
10.6744
10.6184
10.5561
10.487
10.4111
10.328
10.238
10.1406
10.0361
9.92416
9.80504
9.67861
9.54519
9.40476
9.25779
9.10444
8.94528
8.78063
8.61123
8.43763
8.26069
8.08115
7.90004
7.71827
7.53701
7.35735
7.18045
7.00755
6.83972
6.67809
6.52375
6.37761
6.24088
6.11404
5.99811
5.89295
5.79943
5.71656
5.64525
5.5842
5.53313
5.49086
5.45648
5.42842
5.40601
5.38751
5.37207
5.35801
5.34476
5.33097
5.31602
5.30041
5.28547
5.27155
5.25611
5.23839
5.21917
5.19832
5.17694
5.16419
5.13288
5.11431
5.33527
4.15023
8.06118
10.0108
9.97947
9.95087
9.93124
9.91764
9.90547
9.89242
9.87975
9.86868
9.85944
9.85122
9.84383
9.83672
9.82827
9.8145
9.79127
9.75472
9.70109
9.62775
9.53575
9.42732
9.30353
9.16364
9.00735
8.83492
8.64764
8.44691
8.23495
8.01433
7.78839
7.56041
7.33373
7.11013
6.88995
6.67178
6.45482
6.23653
6.01043
5.76367
5.47541
5.11235
4.64959
4.108
3.53729
2.96574
2.40324
1.85127
1.30723
0.772006
0.250351
-0.253797
-0.73728
-1.19672
-1.62889
-2.03074
-2.39972
-2.73335
-3.0298
-3.28745
-3.50546
-3.68324
-3.82078
-3.9186
-3.9774
-3.99914
-3.98372
-3.9369
-3.86277
-3.77178
-3.66693
-3.53301
-3.38816
-3.19012
-3.03064
-2.71662
-2.65438
-2.01652
-2.49171
-0.684608
-3.44991
10.0345
10.0516
10.0669
10.0792
10.0889
10.0956
10.0993
10.0996
10.0965
10.0897
10.0792
10.0646
10.0458
10.0227
9.99508
9.9627
9.92545
9.8831
9.83551
9.78247
9.72387
9.65949
9.58927
9.513
9.43067
9.34212
9.2474
9.1464
9.03926
8.92596
8.80675
8.68172
8.5512
8.41546
8.27499
8.13017
7.98166
7.83
7.67596
7.52028
7.36384
7.20753
7.05235
6.89928
6.74929
6.60342
6.46254
6.32759
6.19935
6.07853
5.96605
5.86191
5.76727
5.68156
5.60501
5.53711
5.47745
5.42509
5.37979
5.34022
5.30583
5.27515
5.24755
5.22179
5.1973
5.17307
5.14987
5.12935
5.11107
5.0917
5.07108
5.04938
5.02691
5.00455
4.99063
4.957
4.94935
5.12751
4.04227
7.76096
9.2039
9.17797
9.15282
9.13346
9.11921
9.10621
9.09209
9.07732
9.06327
9.05011
9.03723
9.02409
9.01073
8.99702
8.98233
8.96475
8.94194
8.91217
8.87397
8.8243
8.76071
8.6836
8.59478
8.49444
8.38141
8.25474
8.11458
7.96183
7.79785
7.62432
7.44365
7.25839
7.07115
6.88357
6.6959
6.50684
6.31526
6.11907
5.91284
5.68519
5.41724
5.08183
4.66148
4.17406
3.65834
3.138
2.6238
2.11782
1.61641
1.1198
0.633976
0.164068
-0.287049
-0.717084
-1.12324
-1.50243
-1.85197
-2.16949
-2.45329
-2.70182
-2.91413
-3.0894
-3.22782
-3.32911
-3.39476
-3.42385
-3.42185
-3.3862
-3.32888
-3.25835
-3.16028
-3.05086
-2.89021
-2.76402
-2.4907
-2.45224
-1.86707
-2.3382
-0.621782
-3.31715
9.22315
9.23762
9.25109
9.26272
9.27261
9.28062
9.28657
9.29041
9.2919
9.291
9.28745
9.28119
9.27193
9.25959
9.2439
9.22476
9.20189
9.17519
9.14437
9.10937
9.06988
9.02585
8.97699
8.92328
8.86445
8.80049
8.7312
8.65661
8.57654
8.4911
8.40019
8.30398
8.20245
8.0959
7.98441
7.86837
7.74802
7.62387
7.49629
7.3659
7.23323
7.09903
6.96393
6.82879
6.69437
6.56159
6.43128
6.30429
6.18139
6.06335
5.95076
5.84457
5.74496
5.65251
5.56721
5.48913
5.41797
5.35385
5.29601
5.24424
5.19749
5.15534
5.11662
5.08099
5.04748
5.01534
4.98556
4.95998
4.93738
4.91472
4.89081
4.86685
4.84249
4.81963
4.80405
4.76877
4.77116
4.90772
3.92566
7.44278
8.50677
8.48686
8.46606
8.44832
8.43454
8.42196
8.40786
8.39234
8.37663
8.36112
8.34519
8.32834
8.3104
8.29138
8.27111
8.24918
8.22472
8.1965
8.16366
8.1267
8.08551
8.0377
7.98065
7.91464
7.84106
7.75971
7.66867
7.56659
7.45342
7.33006
7.19768
7.05779
6.91208
6.76233
6.60963
6.4537
6.29285
6.12518
5.94855
5.75813
5.5443
5.2919
4.9809
4.60012
4.16441
3.70271
3.2317
2.76073
2.2945
1.8308
1.36988
0.918335
0.481557
0.0617508
-0.339655
-0.719781
-1.07549
-1.40427
-1.70412
-1.97346
-2.21067
-2.41481
-2.58513
-2.72108
-2.82331
-2.89062
-2.92752
-2.92611
-2.89907
-2.85968
-2.79456
-2.71804
-2.59277
-2.49775
-2.26431
-2.24723
-1.71647
-2.1783
-0.560181
-3.17547
8.52048
8.5305
8.5399
8.54797
8.55498
8.56071
8.56514
8.5681
8.56956
8.56932
8.56734
8.5634
8.55747
8.54929
8.53883
8.52583
8.51024
8.49179
8.47043
8.44589
8.4181
8.38678
8.3519
8.31315
8.27051
8.22371
8.17275
8.11735
8.05754
7.99312
7.92415
7.85046
7.77218
7.68922
7.60179
7.50987
7.41378
7.31361
7.20978
7.10248
6.99227
6.87946
6.7647
6.64844
6.53142
6.41422
6.29764
6.18234
6.06914
5.95868
5.85169
5.74867
5.65024
5.55677
5.46866
5.3861
5.30946
5.23852
5.17334
5.11345
5.05864
5.00813
4.96161
4.91852
4.87806
4.83962
4.80458
4.77452
4.7486
4.72246
4.69605
4.66996
4.64424
4.62033
4.60321
4.56739
4.57886
4.67423
3.80356
7.10175
7.97355
7.96312
7.95025
7.93818
7.92937
7.92202
7.91319
7.90263
7.8915
7.88035
7.86871
7.85607
7.84227
7.82738
7.81132
7.79389
7.77483
7.75386
7.7306
7.7048
7.67737
7.65041
7.62408
7.59381
7.55335
7.49971
7.43325
7.35363
7.25867
7.1464
7.01648
6.87114
6.71226
6.54341
6.36716
6.18669
6.00415
5.82104
5.63945
5.46241
5.29046
5.11931
4.93872
4.73013
4.47215
4.15151
3.76433
3.31341
2.83023
2.36441
1.93362
1.52089
1.11116
0.706042
0.314317
-0.0583994
-0.410198
-0.740079
-1.04634
-1.32686
-1.57983
-1.80365
-1.9974
-2.1598
-2.29124
-2.38993
-2.45968
-2.48781
-2.48727
-2.47537
-2.44
-2.39315
-2.30109
-2.23414
-2.04004
-2.04022
-1.56718
-2.01223
-0.50357
-3.02097
7.97817
7.98003
7.98165
7.98253
7.98283
7.98247
7.98132
7.97938
7.97647
7.97261
7.96756
7.96137
7.95377
7.9448
7.93419
7.92196
7.90782
7.89181
7.87362
7.85326
7.83044
7.80515
7.77711
7.74632
7.71247
7.67558
7.63532
7.59172
7.54452
7.49379
7.43922
7.3809
7.31859
7.25248
7.18236
7.10838
7.0305
6.94898
6.86381
6.77532
6.68361
6.58912
6.49208
6.39302
6.29225
6.1904
6.08789
5.98537
5.8834
5.78263
5.68363
5.58699
5.49319
5.40275
5.31612
5.23364
5.1556
5.08219
5.01339
4.94925
4.88953
4.83394
4.78215
4.73381
4.68825
4.64519
4.60592
4.57273
4.54349
4.51497
4.48618
4.45824
4.43073
4.40637
4.38749
4.3526
4.3725
4.42454
3.68028
6.73119
7.18632
7.18598
7.1811
7.17383
7.16877
7.16554
7.16089
7.15375
7.145
7.13555
7.12506
7.11296
7.09888
7.08279
7.06454
7.044
7.02072
6.99444
6.9647
6.93104
6.89277
6.84977
6.80362
6.7583
6.71688
6.6779
6.63613
6.58783
6.53366
6.47594
6.41415
6.34671
6.27133
6.18897
6.09974
6.00512
5.9053
5.80038
5.6886
5.56919
5.44158
5.30481
5.15214
4.96957
4.7386
4.44645
4.10306
3.7336
3.34965
2.95101
2.54795
2.15258
1.76589
1.38518
1.01265
0.652277
0.306549
-0.0230144
-0.334409
-0.625429
-0.893962
-1.13819
-1.35654
-1.54748
-1.71041
-1.84354
-1.94921
-2.00996
-2.03909
-2.05749
-2.05561
-2.04135
-1.98733
-1.94926
-1.80267
-1.81539
-1.41577
-1.82823
-0.4572
-2.85227
7.18127
7.17406
7.16704
7.15983
7.15253
7.14509
7.1374
7.12954
7.12128
7.11275
7.10372
7.09425
7.08413
7.07349
7.06199
7.04974
7.03651
7.02235
7.00696
6.99042
6.97242
6.95309
6.93204
6.90934
6.88469
6.85817
6.82941
6.79848
6.76504
6.72924
6.69069
6.64946
6.60529
6.55834
6.50824
6.45516
6.39887
6.33962
6.2772
6.21185
6.14345
6.07234
5.99855
5.92247
5.84414
5.7641
5.68247
5.59979
5.51635
5.43273
5.34926
5.26659
5.18501
5.10514
5.02735
4.95212
4.87968
4.81044
4.74452
4.68208
4.62316
4.56766
4.51546
4.46637
4.41996
4.37615
4.33671
4.30276
4.27331
4.2446
4.21629
4.18888
4.16305
4.14089
4.12209
4.0927
4.12457
4.12594
3.55072
6.2965
6.11633
6.12936
6.1368
6.13927
6.1429
6.14856
6.15315
6.15498
6.1547
6.15327
6.15064
6.14623
6.13963
6.13077
6.11949
6.10576
6.08916
6.06949
6.04634
6.01943
5.98842
5.95326
5.9142
5.87252
5.83085
5.7939
5.7668
5.75169
5.74562
5.74416
5.74579
5.75221
5.76314
5.7756
5.78495
5.78816
5.78264
5.76595
5.73423
5.68312
5.60655
5.50028
5.36044
5.18435
4.96871
4.71377
4.42788
4.12649
3.8215
3.50694
3.16595
2.80045
2.43325
2.0771
1.72876
1.38442
1.04597
0.717257
0.40143
0.100779
-0.182555
-0.446526
-0.689098
-0.908293
-1.10287
-1.27049
-1.4129
-1.50711
-1.56675
-1.61707
-1.64983
-1.67036
-1.65416
-1.65049
-1.54589
-1.58637
-1.23942
-1.65879
-0.374737
-2.73514
6.09922
6.08097
6.06329
6.04592
6.02898
6.0124
5.99617
5.98034
5.96475
5.94951
5.93445
5.91961
5.90489
5.89038
5.87582
5.86133
5.84676
5.83215
5.81733
5.80233
5.78692
5.77128
5.75508
5.73837
5.72095
5.7029
5.68395
5.66417
5.64323
5.62126
5.59794
5.57334
5.54719
5.51962
5.49022
5.45916
5.42613
5.39128
5.35428
5.31535
5.27418
5.23105
5.18571
5.13845
5.08912
5.03811
4.98527
4.93103
4.87539
4.81883
4.76137
4.70357
4.6455
4.58768
4.53032
4.47391
4.41863
4.3649
4.3129
4.26289
4.21497
4.16922
4.12571
4.08441
4.04487
4.00764
3.97419
3.94521
3.9195
3.89532
3.87148
3.84943
3.82913
3.81328
3.79872
3.77752
3.82618
3.79919
3.33706
5.95683
5.46255
5.49165
5.51425
5.52965
5.54515
5.56304
5.58037
5.59518
5.60764
5.61881
5.62881
5.63736
5.64393
5.64852
5.65085
5.65108
5.64883
5.64408
5.63653
5.62613
5.61254
5.59573
5.57535
5.55132
5.5232
5.4911
5.45548
5.41899
5.38583
5.35939
5.33823
5.3175
5.2936
5.26786
5.24227
5.21621
5.18705
5.15321
5.11438
5.07024
5.01966
4.96158
4.8928
4.81254
4.71953
4.60899
4.47005
4.28952
4.06119
3.79362
3.50053
3.189
2.86429
2.53736
2.21568
1.89715
1.57965
1.2657
0.959321
0.663277
0.379667
0.110553
-0.141831
-0.375181
-0.587858
-0.777135
-0.94413
-1.06215
-1.14421
-1.21857
-1.27787
-1.32628
-1.34071
-1.3662
-1.29724
-1.36381
-1.06233
-1.49395
-0.282829
-2.62333
5.43118
5.39947
5.36853
5.33817
5.30845
5.27944
5.25098
5.22318
5.19595
5.16936
5.14323
5.11771
5.09266
5.0682
5.04409
5.02056
4.99735
4.97464
4.95223
4.93022
4.90834
4.88688
4.86549
4.84438
4.82328
4.80232
4.78124
4.76025
4.73898
4.71766
4.69596
4.67406
4.65166
4.62898
4.60559
4.58179
4.5572
4.53204
4.50594
4.47919
4.45142
4.42291
4.39329
4.36285
4.33135
4.29905
4.26566
4.23151
4.1964
4.16071
4.12421
4.08731
4.04992
4.01236
3.97467
3.93717
3.89991
3.86324
3.82719
3.79202
3.75781
3.72466
3.69272
3.66199
3.63212
3.60367
3.57892
3.55612
3.53559
3.51633
3.49795
3.48117
3.4669
3.45747
3.44853
3.43685
3.5019
3.45858
3.09097
5.61097
4.83353
4.87419
4.90761
4.93217
4.956
4.98214
5.00805
5.03146
5.0524
5.07172
5.08971
5.10609
5.12049
5.13272
5.14259
5.15011
5.15508
5.15742
5.15696
5.15353
5.14684
5.13668
5.12277
5.10495
5.08287
5.05636
5.02504
4.98891
4.94852
4.90584
4.86476
4.82962
4.80092
4.77458
4.74647
4.71707
4.68912
4.66314
4.63691
4.60859
4.57682
4.54158
4.5008
4.45255
4.39408
4.32376
4.23763
4.12688
3.97914
3.78802
3.55878
3.30597
3.03821
2.75549
2.46269
2.17052
1.88249
1.59671
1.31348
1.0355
0.765667
0.506248
0.259335
0.0270996
-0.188652
-0.385077
-0.562715
-0.693194
-0.788073
-0.87671
-0.953169
-1.02025
-1.05698
-1.10403
-1.06407
-1.15062
-0.89036
-1.329
-0.191421
-2.49439
4.79042
4.74706
4.70454
4.66257
4.62143
4.58105
4.54147
4.50265
4.4647
4.4276
4.39133
4.35592
4.32139
4.28775
4.25494
4.22308
4.19203
4.16191
4.13262
4.10424
4.07664
4.04994
4.02401
3.99897
3.97464
3.95115
3.92828
3.90626
3.88476
3.86402
3.84376
3.82415
3.80492
3.78627
3.76784
3.74991
3.7321
3.71465
3.6972
3.68
3.66269
3.6455
3.62806
3.61065
3.59291
3.57512
3.5569
3.53853
3.5197
3.5007
3.48122
3.46155
3.44146
3.42118
3.40057
3.37986
3.3589
3.33796
3.31695
3.29604
3.27524
3.25464
3.23437
3.21448
3.19452
3.17545
3.15913
3.14293
3.1272
3.11327
3.09981
3.08839
3.07954
3.07629
3.0723
3.07128
3.14925
3.0971
2.81805
5.2061
4.09615
4.14841
4.19284
4.22677
4.25883
4.29302
4.32737
4.35954
4.38922
4.41708
4.44342
4.46808
4.49071
4.51122
4.52944
4.5454
4.55883
4.56965
4.57771
4.58295
4.58503
4.58381
4.57897
4.57046
4.55801
4.54168
4.5211
4.49611
4.46634
4.43187
4.39285
4.35073
4.30879
4.27169
4.241
4.21335
4.18403
4.15297
4.12304
4.09556
4.06827
4.03977
4.00831
3.9731
3.9317
3.88193
3.82149
3.74867
3.65857
3.54257
3.39211
3.20646
2.9943
2.76406
2.51748
2.2597
2.00226
1.74967
1.49908
1.24913
1.00216
0.761258
0.529045
0.307776
0.0993575
-0.0933239
-0.270426
-0.40349
-0.502503
-0.596547
-0.680988
-0.758022
-0.808357
-0.868896
-0.850176
-0.950039
-0.725173
-1.16408
-0.0984898
-2.35024
4.04231
3.98873
3.93623
3.88461
3.83403
3.78453
3.73608
3.68873
3.64248
3.59746
3.55359
3.51097
3.46952
3.42938
3.39046
3.35293
3.31663
3.28171
3.24807
3.21591
3.18504
3.15562
3.1275
3.10088
3.07557
3.05177
3.02923
3.00823
2.98847
2.97024
2.9532
2.93761
2.9232
2.91019
2.8982
2.88754
2.87787
2.86939
2.86175
2.85517
2.84925
2.84428
2.8398
2.83606
2.83262
2.82972
2.82698
2.82454
2.82201
2.81959
2.81689
2.8141
2.81089
2.80736
2.80328
2.79876
2.79358
2.78786
2.78147
2.7745
2.76687
2.75865
2.74996
2.74078
2.73074
2.7207
2.71267
2.70235
2.69167
2.68252
2.6742
2.66758
2.66415
2.66576
2.66707
2.67581
2.76301
2.70582
2.5059
4.74974
3.4209
3.4823
3.53571
3.57759
3.6166
3.65739
3.69855
3.73779
3.77454
3.80939
3.84261
3.87413
3.90354
3.93083
3.95593
3.97892
3.99942
4.01732
4.03236
4.04464
4.05383
4.05991
4.06252
4.06166
4.05704
4.04876
4.0365
4.02021
3.99946
3.97415
3.94393
3.90888
3.86903
3.82571
3.7819
3.74214
3.7082
3.67687
3.6432
3.60738
3.57238
3.53992
3.50834
3.47638
3.4423
3.40489
3.36168
3.31005
3.24803
3.17296
3.0781
2.95498
2.80005
2.61792
2.4167
2.20071
1.97468
1.74806
1.52622
1.30745
1.09042
0.876747
0.668973
0.469289
0.279297
0.101626
-0.0637224
-0.189716
-0.284554
-0.375662
-0.459739
-0.53842
-0.594143
-0.660513
-0.655361
-0.761978
-0.564426
-0.999065
0.000370655
-2.18806
3.35858
3.29681
3.23616
3.17658
3.11814
3.06097
3.00497
2.95029
2.89689
2.84492
2.79426
2.74511
2.69732
2.65113
2.60641
2.56334
2.52177
2.48192
2.44366
2.40721
2.37237
2.3394
2.3081
2.2787
2.25106
2.22535
2.20137
2.17942
2.15925
2.14112
2.12476
2.11044
2.09793
2.08745
2.07867
2.07191
2.06685
2.06371
2.06217
2.06247
2.06418
2.06761
2.07233
2.07851
2.08576
2.09422
2.10351
2.1137
2.12438
2.13562
2.14697
2.15851
2.16983
2.1809
2.19137
2.20127
2.21025
2.21831
2.2252
2.23098
2.23545
2.23866
2.24068
2.24144
2.24056
2.23904
2.23859
2.23421
2.2281
2.22385
2.21994
2.21798
2.21869
2.22484
2.22976
2.24642
2.33803
2.27875
2.1437
4.23935
2.61274
2.67916
2.73775
2.78436
2.82723
2.87148
2.91621
2.95925
2.99965
3.03805
3.07486
3.1101
3.14322
3.17418
3.20282
3.22936
3.25343
3.27498
3.29362
3.30946
3.32225
3.33211
3.33869
3.34197
3.3416
3.33765
3.32974
3.31798
3.30197
3.28169
3.2567
3.22703
3.19233
3.15277
3.10837
3.06027
3.01119
2.96553
2.92461
2.88503
2.84232
2.79746
2.75403
2.71374
2.67552
2.63877
2.60258
2.56591
2.52735
2.48625
2.44221
2.39198
2.32829
2.24333
2.13395
2.00186
1.84889
1.67823
1.4974
1.31153
1.12103
0.927732
0.736878
0.553489
0.380226
0.219118
0.06964
-0.0441562
-0.129623
-0.211752
-0.28846
-0.361448
-0.414894
-0.479635
-0.48
-0.586017
-0.40915
-0.830525
0.104205
-1.9878
2.54602
2.48016
2.41551
2.35206
2.28983
2.22904
2.16952
2.11153
2.05492
1.99994
1.94643
1.89469
1.84454
1.79626
1.74968
1.70507
1.66224
1.62151
1.5827
1.54606
1.51141
1.47906
1.44882
1.42092
1.39522
1.37194
1.35088
1.33234
1.31608
1.30236
1.29093
1.28204
1.27547
1.2714
1.26958
1.27025
1.27308
1.27827
1.2855
1.29498
1.3063
1.31964
1.33462
1.35133
1.3694
1.38889
1.40939
1.43092
1.45306
1.47579
1.49866
1.52166
1.54435
1.56666
1.58821
1.60892
1.62843
1.64669
1.66343
1.67861
1.69203
1.70368
1.71368
1.72178
1.7277
1.73239
1.73732
1.73658
1.7335
1.73177
1.73049
1.73055
1.73398
1.74211
1.74922
1.77069
1.86428
1.80398
1.71377
3.64608
1.9858
2.05391
2.11457
2.16348
2.20836
2.25421
2.30065
2.34558
2.388
2.42832
2.46721
2.50473
2.54035
2.57383
2.60508
2.63421
2.66112
2.68573
2.70773
2.72706
2.74362
2.75754
2.76859
2.77675
2.78172
2.78344
2.78165
2.77649
2.76768
2.75529
2.73908
2.71912
2.69518
2.66738
2.63559
2.60014
2.56127
2.52029
2.48006
2.44451
2.41381
2.38358
2.35021
2.31623
2.28538
2.25874
2.23411
2.20937
2.18163
2.14725
2.10233
2.04393
1.96925
1.87512
1.76048
1.62789
1.48107
1.32176
1.1545
0.993741
0.849308
0.71733
0.590048
0.464426
0.341702
0.22463
0.113446
0.0278609
-0.0361462
-0.0985336
-0.158295
-0.21698
-0.260253
-0.316065
-0.314585
-0.414549
-0.251008
-0.650403
0.215753
-1.7155
1.91755
1.85013
1.78388
1.71873
1.65477
1.59212
1.53073
1.4708
1.41229
1.35532
1.29985
1.24608
1.19397
1.14369
1.09516
1.04858
1.0039
0.961342
0.920771
0.882422
0.846194
0.812344
0.780769
0.751646
0.724892
0.700735
0.679058
0.660071
0.643654
0.630028
0.619007
0.610844
0.605334
0.602673
0.60266
0.605505
0.61096
0.619144
0.629802
0.643084
0.658634
0.676553
0.69648
0.718476
0.742126
0.767436
0.79396
0.821671
0.850097
0.879143
0.908357
0.937599
0.966435
0.994715
1.02208
1.04832
1.07315
1.09642
1.11793
1.13754
1.15511
1.17065
1.1843
1.19591
1.20533
1.21369
1.22216
1.2248
1.22458
1.22586
1.22681
1.22907
1.23321
1.24093
1.24531
1.26514
1.34998
1.29005
1.2152
2.92799
1.07962
1.14623
1.20467
1.25048
1.2907
1.33097
1.37166
1.41103
1.44728
1.48076
1.51195
1.54155
1.56885
1.59374
1.61566
1.635
1.65144
1.66529
1.67602
1.68375
1.68812
1.68938
1.68714
1.68156
1.67217
1.65899
1.6416
1.62009
1.59406
1.56351
1.52806
1.48761
1.44164
1.38986
1.33161
1.26643
1.19349
1.11181
1.02007
0.91732
0.80355
0.679109
0.540745
0.383789
0.212485
0.0469296
-0.085669
-0.161254
-0.163536
-0.0831858
0.0820995
0.327789
0.640834
0.993234
1.33467
1.60034
1.73469
1.71418
1.55506
1.30415
1.02589
0.779724
0.587529
0.43682
0.310854
0.202177
0.107858
0.0408828
-0.00528452
-0.0478271
-0.0872626
-0.126047
-0.151708
-0.189814
-0.179187
-0.259844
-0.114021
-0.448875
0.272419
-1.2443
1.0144
0.950679
0.888551
0.828091
0.769201
0.712176
0.656767
0.603433
0.551857
0.502448
0.454895
0.409672
0.366474
0.325721
0.287089
0.251029
0.217229
0.186129
0.157339
0.131317
0.107713
0.0869265
0.0686026
0.0531087
0.0400928
0.0298895
0.022161
0.0171913
0.0146436
0.0147813
0.0172227
0.0222272
0.0294048
0.0389532
0.0505022
0.0642191
0.0797376
0.0971472
0.116124
0.1367
0.158542
0.181674
0.20579
0.230862
0.25657
0.28288
0.309467
0.336275
0.362995
0.389523
0.415608
0.441073
0.465745
0.489404
0.511971
0.533204
0.553121
0.57156
0.588583
0.604082
0.618195
0.630935
0.64254
0.652602
0.660786
0.667482
0.672886
0.670938
0.665905
0.660172
0.653289
0.646302
0.642227
0.643023
0.644469
0.662037
0.741664
0.700641
0.61106
1.95747
0.26779
0.312985
0.355736
0.392183
0.424262
0.455129
0.486963
0.519239
0.550891
0.580942
0.609948
0.638067
0.665731
0.692364
0.718085
0.742546
0.766174
0.788717
0.81044
0.830972
0.850569
0.868938
0.88636
0.902615
0.917918
0.9321
0.945349
0.957593
0.969086
0.979847
0.990142
1.00015
1.01018
1.02053
1.03156
1.04361
1.05699
1.0722
1.09041
1.115
1.1533
1.21878
1.33072
1.50776
1.75404
2.04872
2.34987
2.60752
2.77465
2.81093
2.686
2.38094
1.8954
1.25433
0.520417
-0.207782
-0.809026
-1.1737
-1.24319
-1.05224
-0.728109
-0.423138
-0.21745
-0.10473
-0.045493
-0.012196
0.00420769
0.0106126
0.0148779
0.0142486
0.00954257
2.16058e-05
-0.00451986
-0.0220184
-0.0096735
-0.0602588
0.0293521
-0.163946
0.249865
-0.540332
0.221841
0.176418
0.131673
0.0874957
0.0442247
0.00167934
-0.0397859
-0.0803704
-0.119724
-0.158049
-0.19497
-0.230695
-0.264847
-0.29763
-0.328658
-0.358123
-0.385643
-0.41139
-0.435005
-0.456636
-0.475965
-0.493105
-0.507749
-0.520016
-0.529642
-0.536728
-0.541051
-0.542709
-0.54151
-0.53758
-0.530805
-0.521284
-0.508966
-0.493979
-0.476376
-0.456295
-0.433848
-0.409223
-0.382611
-0.354275
-0.32444
-0.293418
-0.261459
-0.22895
-0.196124
-0.163422
-0.131028
-0.0993989
-0.0686427
-0.0392009
-0.0110985
0.0152481
0.0399645
0.0626457
0.0835479
0.102268
0.119168
0.133845
0.14663
0.15711
0.165592
0.171892
0.176538
0.17972
0.182367
0.186291
0.193253
0.200957
0.207746
0.217942
0.229148
0.240374
0.249401
0.253984
0.248826
0.241253
0.253313
0.207426
0.143076
0.718304
)
;

boundaryField
{
    inlet
    {
        type            freestreamPressure;
        freestreamValue uniform 0;
        value           nonuniform List<scalar> 
134
(
4.43021
3.83409
3.12523
2.39536
1.73574
1.13277
0.648607
0.305553
0.0963751
-0.000323355
0.00868073
0.00474184
-0.0175044
-0.0544799
-0.104219
-0.164651
-0.234618
-0.313231
-0.400237
-0.495986
4.94313
-0.601797
-0.718013
-0.840563
-0.958093
-1.0511
-1.10786
-1.19369
-1.21183
-1.25044
-1.53315
-1.4159
-1.43614
-1.47668
-1.50858
-1.52884
-1.54681
-1.57818
-1.64586
-1.71847
5.36014
5.71107
5.88348
5.78268
5.30678
4.28457
2.51203
-1.91519
-1.88802
-1.83673
-1.80412
-1.77979
-1.75057
-1.71636
-1.67993
-1.64241
-1.60281
-1.5612
-1.51731
-1.47172
-1.42393
-1.37405
-1.32121
-1.26479
-1.20326
-1.13603
-1.08933
-1.04474
-0.993313
-0.935811
-0.871116
-0.79125
-0.6827
-0.495032
-0.214894
1.0692
2.10301
3.08799
3.94096
4.69255
5.35226
5.87295
6.23978
6.47856
6.60597
6.65119
6.64251
6.60407
6.55314
6.51526
6.53313
6.62482
6.72567
6.78849
6.82244
6.8404
6.84476
6.83284
6.80351
6.75807
6.69946
6.63372
6.57274
6.54845
6.60531
6.84207
6.92198
6.74608
6.54705
6.40363
6.27857
6.14207
5.99599
5.84724
5.69746
5.54422
5.38726
5.22515
5.05823
4.88429
4.70269
4.5102
4.30384
4.07957
3.81642
3.61088
3.40161
3.15656
2.88026
2.57118
2.21177
1.77653
1.18793
0.436064
)
;
    }
    outlet
    {
        type            freestreamPressure;
        freestreamValue uniform 0;
        value           nonuniform List<scalar> 
160
(
0.00291447
0.00241325
0.00340656
0.00191852
0.00387246
0.0014319
0.00427014
0.000952237
0.0046208
0.000483234
0.00495844
2.29476e-05
0.00530637
-0.000424751
0.00565872
-0.000862035
0.00600401
-0.00128511
0.00633167
-0.0016962
0.00664772
-0.00209125
0.00695374
-0.00247258
0.00725431
-0.00283615
0.00754316
-0.00318422
0.00782159
-0.0035127
0.0080858
-0.00382374
0.00834042
-0.0041133
0.00858263
-0.00438332
0.00881529
-0.00463004
0.0090344
-0.00485514
0.00924273
-0.00505531
0.0094371
-0.00523186
0.00962058
-0.00538161
0.00979075
-0.00550594
0.00994999
-0.00560212
0.0100965
-0.00567134
0.0102323
-0.00571133
0.0103566
-0.00572321
0.0104723
-0.00570506
0.0105795
-0.00565829
0.0106812
-0.00558178
0.0107793
-0.00547667
0.0108771
-0.00534249
0.0109779
-0.00518068
0.0110859
-0.00499184
0.0112048
-0.0047775
0.0113384
-0.00453887
0.011492
-0.004278
0.0116771
-0.00399689
0.0119269
-0.00369834
0.0123147
-0.00338471
0.0129775
-0.00305925
0.0141151
-0.00272456
0.0159241
-0.00238466
0.0184574
-0.00204191
0.0215201
-0.00170087
0.0247048
-0.00136338
0.0275076
-0.00103412
0.0294255
-0.000714138
0.0299908
-0.000407923
0.0288212
-0.000115655
0.0256574
0.000158435
0.0204677
0.000415722
0.0135384
0.000652088
0.00560076
0.000870244
-0.00222823
0.00106607
-0.00862896
0.00124335
-0.0124535
0.00139794
-0.0131221
0.00153329
-0.0110504
0.0016451
-0.0076141
0.00173653
-0.004413
0.00180565
-0.00226465
0.00185793
-0.0010894
0.00189536
-0.000472216
0.00192769
-0.0001258
0.0019741
4.44248e-05
0.00205346
0.000110612
0.00214087
0.000154511
0.00221812
0.000147752
0.00233304
9.89831e-05
0.00246011
6.86165e-07
0.0025892
-4.61625e-05
0.0026966
-0.000226219
0.0027581
-9.94064e-05
0.0027157
-0.000618549
0.00264747
0.000304375
0.00279632
-0.00167015
0.00231023
0.00264665
0.00160521
-0.00529101
0.00806214
)
;
    }
    walls
    {
        type            zeroGradient;
    }
    frontAndBack
    {
        type            empty;
    }
}


// ************************************************************************* //
