/*--------------------------------*- C++ -*----------------------------------*\
| =========                 |                                                 |
| \\      /  F ield         | OpenFOAM: The Open Source CFD Toolbox           |
|  \\    /   O peration     | Version:  2412                                  |
|   \\  /    A nd           | Website:  www.openfoam.com                      |
|    \\/     M anipulation  |                                                 |
\*---------------------------------------------------------------------------*/
FoamFile
{
    version     2.0;
    format      ascii;
    arch        "LSB;label=32;scalar=64";
    class       volScalarField;
    location    "200";
    object      p;
}
// * * * * * * * * * * * * * * * * * * * * * * * * * * * * * * * * * * * * * //

dimensions      [0 2 -2 0 0 0 0];

internalField   nonuniform List<scalar> 
10720
(
164.22
117.076
60.6369
2.00416
-55.1535
-113.422
-166.829
-213.349
-254.001
-286.28
-310.704
-327.404
-336.73
-339.253
-334.609
-321.355
-299.154
-268.244
-235.011
-213.962
-218.466
-236.544
-253.807
-264.318
-248.58
-190.624
-130.21
-131.727
-171.497
-190.02
-149.744
-91.9452
-73.2005
-53.9941
-3.36159
14.3819
-39.4284
-35.1166
-103.994
208.155
248.462
288.764
322.553
343.654
351.994
351.449
341.395
322.671
298.405
272.21
246.835
223.145
201.611
182.468
164.759
148.302
132.498
117.017
101.235
85.0933
68.2085
50.6994
33.061
17.5193
5.2005
-5.16468
-13.8291
-20.7575
-26.0876
-30.0972
-32.9337
-34.7822
-35.8326
-36.3039
-36.4881
-36.4735
-36.7514
-39.4553
198.227
161.786
119.849
74.3019
26.8077
-22.1653
-70.2089
-115.559
-157.26
-193.835
-224.613
-249.293
-267.55
-278.749
-282.034
-276.989
-263.68
-242.888
-220.135
-208.356
-218.076
-235.859
-253.44
-264.985
-251.615
-194.675
-132.791
-132.37
-172.543
-192.006
-151.086
-92.101
-72.8901
-54.4044
-4.41934
13.4243
-39.8296
-34.6706
-107.011
230.199
260.11
289.182
314.769
332.469
341.196
341.587
333.988
319.581
300.227
278.203
255.509
233.25
212.102
192.438
173.977
156.575
139.886
123.603
107.272
90.7386
73.7311
56.3355
39.0549
23.6323
11.1109
0.530217
-8.63657
-16.3596
-22.502
-27.1864
-30.5619
-32.8382
-34.2241
-34.951
-35.3129
-35.4
-35.7457
-37.5592
199.559
166.933
129.404
87.7653
43.7437
-2.14922
-48.3269
-92.8612
-134.454
-171.953
-204.191
-230.515
-250.149
-262.55
-267.711
-265.49
-256.094
-240.589
-222.808
-211.585
-217.358
-233.629
-251.868
-263.548
-252.095
-196.291
-132.156
-130.261
-173.942
-195.115
-153.176
-92.5857
-72.3934
-54.9727
-6.08327
12.0808
-40.4719
-34.1468
-108.919
228.312
255.03
280.35
302.225
317.633
326.142
327.815
322.653
311.357
295.151
275.735
254.85
233.728
213.156
193.627
175.181
157.701
140.947
124.635
108.392
92.0065
75.2758
58.252
41.3759
26.0111
13.1711
2.31273
-7.00901
-14.7686
-20.8968
-25.5881
-29.0392
-31.4457
-32.988
-33.8638
-34.341
-34.4947
-34.7962
-35.6333
199.042
171.122
138.899
103.214
65.2828
25.2142
-15.5584
-55.6356
-93.9515
-129.408
-160.945
-187.751
-209.082
-224.433
-233.675
-236.64
-233.413
-225.063
-214.789
-208.453
-212.951
-227.189
-244.763
-257.638
-248.628
-192.954
-128.158
-125.258
-175.577
-198.525
-155.593
-93.3058
-71.6996
-55.5587
-7.99116
10.5681
-41.2145
-33.5502
-109.564
223.666
246.512
268.36
287.467
301.318
309.699
312.44
309.325
300.837
287.848
271.628
253.55
234.652
215.681
197.159
179.28
162.042
145.331
128.954
112.644
96.2187
79.5392
62.6524
45.956
30.5606
17.4208
6.24915
-3.38533
-11.5162
-18.0901
-23.2495
-27.143
-29.922
-31.7544
-32.8364
-33.44
-33.6307
-33.8545
-33.775
193.863
169.028
140.271
108.369
74.4337
38.2238
0.985703
-36.0935
-72.2111
-106.306
-137.379
-164.601
-187.179
-204.511
-216.091
-221.728
-221.44
-216.288
-209.054
-204.56
-207.953
-219.454
-234.05
-245.656
-239.095
-186.392
-122.962
-119.749
-177.692
-202.016
-158.053
-93.9536
-70.7205
-56.1785
-10.0511
9.04717
-41.7913
-32.8512
-109.389
215.771
235.965
255.338
272.407
285.103
293.372
296.918
295.403
289.141
278.748
265.17
249.493
232.568
215.085
197.578
180.339
163.469
146.959
130.699
114.512
98.2443
81.7937
65.2043
48.8244
33.5511
20.2503
8.83511
-1.05036
-9.44062
-16.268
-21.6363
-25.6946
-28.6031
-30.5458
-31.7178
-32.3852
-32.5839
-32.7245
-31.7983
187.115
164.938
139.207
110.714
80.4575
48.0377
14.5308
-19.0917
-52.2017
-83.8807
-113.265
-139.592
-162.091
-180.109
-193.216
-201.287
-204.414
-203.427
-200.377
-198.758
-202.422
-211.999
-223.523
-231.757
-225.127
-178.325
-119.291
-116.786
-180.288
-205.29
-160.166
-94.2146
-69.3674
-56.7704
-12.1955
7.65913
-41.9873
-32.0525
-108.793
206.748
224.786
242.218
257.706
269.523
277.684
281.808
281.52
277.037
268.813
257.576
244.193
229.339
213.6
197.468
181.251
165.107
149.097
133.184
117.265
101.234
85.0284
68.7033
52.5759
37.3953
23.9425
12.282
2.148
-6.50217
-13.6075
-19.2563
-23.5965
-26.7844
-28.9867
-30.3792
-31.2078
-31.4819
-31.5647
-29.8997
179.489
159.424
136.122
110.341
83.0618
53.7053
23.2708
-7.42325
-37.9443
-67.4722
-95.277
-120.69
-142.984
-161.537
-175.877
-185.772
-191.231
-192.922
-192.529
-192.747
-196.545
-204.667
-213.863
-219.343
-211.884
-171.163
-118.9
-118.303
-183.314
-207.827
-161.544
-93.8154
-67.5626
-57.2326
-14.3238
6.58765
-41.6185
-31.1333
-107.889
197.3
213.622
229.503
243.728
254.824
262.85
267.388
268.034
264.949
258.48
249.2
237.806
224.83
210.747
195.991
180.852
165.517
150.099
134.622
119.048
103.32
87.4167
71.4048
55.5715
40.5452
27.0264
15.1859
4.84595
-4.03576
-11.4019
-17.3147
-21.9096
-25.3273
-27.7209
-29.2571
-30.1741
-30.4587
-30.4136
-28.0607
171.607
153.28
132.026
108.554
83.79
57.1277
29.4298
1.41858
-26.5928
-53.9134
-79.9171
-104.041
-125.636
-144.13
-159.048
-170.19
-177.581
-181.694
-183.784
-185.821
-190.022
-197.18
-204.7
-208.414
-201.004
-166.297
-121.638
-123.726
-186.368
-208.703
-161.425
-92.5614
-65.2074
-57.3781
-16.3109
6.06009
-40.5967
-30.1391
-106.802
187.871
202.791
217.396
230.576
241.056
248.927
253.75
255.107
253.124
248.078
240.435
230.773
219.511
207.025
193.682
179.732
165.363
150.712
135.838
120.752
105.443
89.9203
74.2667
58.7459
43.9034
30.3689
18.3859
7.86128
-1.23553
-8.84773
-15.0153
-19.8602
-23.5121
-26.1176
-27.8331
-28.8798
-29.2169
-29.082
-26.1212
163.685
146.86
127.335
105.806
83.1916
58.8084
33.481
7.82775
-17.9437
-43.2262
-67.502
-90.3091
-111.077
-129.295
-144.532
-156.539
-165.316
-171.18
-175.086
-178.515
-183.107
-189.572
-195.838
-198.314
-191.621
-162.965
-125.837
-130.147
-187.431
-206.689
-159.159
-90.3478
-62.2846
-57.0824
-18.0154
6.2999
-38.8348
-29.0341
-105.54
178.691
192.432
205.967
218.269
228.202
235.9
240.912
242.811
241.692
237.796
231.51
223.324
213.572
202.553
190.561
177.804
164.449
150.637
136.447
121.926
107.098
92.0067
76.7445
61.5604
46.9357
33.4397
21.3625
10.6868
1.40047
-6.44001
-12.8527
-17.9446
-21.8324
-24.6504
-26.5384
-27.7014
-28.0719
-27.8094
-24.3298
155.961
140.397
122.357
102.508
81.7207
59.3307
36.0695
12.5062
-11.233
-34.6181
-57.2224
-78.6697
-98.4669
-116.18
-131.417
-143.914
-153.677
-160.906
-166.287
-170.891
-175.9
-181.877
-187.213
-188.779
-182.844
-159.933
-129.792
-134.811
-184.346
-200.611
-154.441
-87.2101
-58.8065
-56.1616
-19.2641
7.47874
-36.327
-27.8859
-104.307
169.865
182.602
195.227
206.767
216.216
223.723
228.853
231.159
230.721
227.754
222.591
215.658
207.229
197.537
186.822
175.241
162.935
150.03
136.614
122.749
108.489
93.897
79.0786
64.2688
49.9034
36.5029
24.3837
13.5941
4.14587
-3.89968
-10.5431
-15.8709
-19.9872
-23.0121
-25.0736
-26.3562
-26.7708
-26.3949
-22.4537
148.5
134.029
117.278
98.8768
79.687
59.0148
37.5709
15.8454
-6.07296
-27.7269
-48.765
-68.8883
-87.6761
-104.759
-119.799
-132.524
-142.925
-151.127
-157.601
-163.114
-168.494
-174.129
-178.797
-179.833
-174.52
-156.569
-132.591
-136.862
-177.033
-190.229
-147.626
-83.5003
-55.152
-54.641
-19.889
9.71347
-33.0063
-26.6664
-103.127
161.446
173.322
185.145
196.022
205.034
212.346
217.53
220.139
220.237
218.022
213.787
207.913
200.629
192.121
182.582
172.126
160.858
148.886
136.29
123.141
109.506
95.4646
81.1284
66.7223
52.6507
39.3937
27.2808
16.4135
6.83131
-1.39857
-8.25826
-13.8139
-18.1555
-21.3888
-23.6261
-25.0304
-25.4892
-24.9915
-20.6781
141.336
127.835
112.214
95.084
77.2774
58.126
38.2723
18.1841
-2.1051
-22.1844
-41.7659
-60.616
-78.379
-94.7498
-109.434
-122.17
-132.933
-141.802
-149.081
-155.293
-160.992
-166.405
-170.609
-171.449
-166.771
-152.816
-134.118
-136.994
-167.589
-177.356
-139.236
-79.668
-51.85
-52.5673
-19.6964
13.0176
-28.8779
-25.4495
-102.226
153.462
164.572
175.69
185.976
194.594
201.704
206.896
209.726
210.244
208.639
205.171
200.19
193.893
186.432
177.962
168.562
158.302
147.268
135.524
123.137
110.181
96.7432
82.9338
68.9704
55.2333
42.1713
30.1171
19.2138
9.53061
1.14372
-5.91223
-11.6821
-16.2393
-19.6752
-22.0856
-23.6098
-24.1165
-23.5062
-18.8806
134.511
121.855
107.235
91.2269
74.6481
56.8279
38.3919
19.7528
0.926382
-17.728
-35.9679
-53.6154
-70.3708
-85.9837
-100.204
-112.793
-123.698
-132.975
-140.803
-147.522
-153.477
-158.761
-162.665
-163.532
-159.616
-148.772
-134.434
-135.964
-158.009
-164.215
-130.516
-76.2073
-49.3992
-50.1888
-18.5705
17.3233
-23.8707
-24.2168
-101.631
145.895
156.334
166.816
176.575
184.831
191.739
196.902
199.885
200.733
199.621
196.79
192.56
187.112
180.57
173.061
164.636
155.337
145.222
134.339
122.742
110.502
97.7049
84.4593
70.9724
57.6058
44.7834
32.8361
21.9382
12.1866
3.66917
-3.56313
-9.53341
-14.2982
-17.9336
-20.5173
-22.1643
-22.7236
-22.007
-17.1526
128.012
116.119
102.389
87.381
71.8862
55.2599
38.0762
20.7372
3.22176
-14.1415
-31.1512
-47.6718
-63.453
-78.2905
-91.9763
-104.298
-115.175
-124.653
-132.825
-139.888
-146.033
-151.257
-154.996
-156.008
-152.94
-144.566
-133.697
-134.174
-149.283
-152.216
-122.365
-73.2985
-47.75
-47.5002
-16.4244
22.4257
-18.0469
-23.0903
-101.544
138.736
148.572
158.484
167.765
175.687
182.39
187.497
190.583
191.687
190.975
188.671
185.076
180.355
174.616
167.965
160.431
152.033
142.805
132.775
121.98
110.48
98.3547
85.7067
72.7305
59.7715
47.2342
35.443
24.5941
14.8102
6.19266
-1.19222
-7.34555
-12.3064
-16.1332
-18.8867
-20.6537
-21.2688
-20.4592
-15.4365
121.842
110.629
97.7024
83.5914
69.071
53.5036
37.4503
21.2698
4.93754
-11.2541
-27.1359
-42.6077
-57.4586
-71.526
-84.6335
-96.598
-107.317
-116.829
-125.174
-132.448
-138.716
-143.914
-147.586
-148.808
-146.578
-140.197
-131.983
-131.653
-141.352
-141.495
-115.092
-70.9349
-46.6949
-44.458
-13.2873
28.0699
-11.4481
-22.0736
-101.96
131.969
141.261
150.656
159.497
167.105
173.605
178.635
181.784
183.084
182.697
180.831
177.77
173.673
168.634
162.745
156.019
148.456
140.071
130.87
120.872
110.123
98.6929
86.6694
74.2325
61.7137
49.5019
37.9124
27.1553
17.3758
8.68869
1.17639
-5.14138
-10.2851
-14.2961
-17.2164
-19.1056
-19.7835
-18.8975
-13.7858
115.985
105.395
93.1912
79.8908
66.2429
51.6369
36.5931
21.4625
6.1973
-8.93067
-23.7808
-38.28
-52.2496
-65.5612
-78.0689
-89.6152
-100.081
-109.501
-117.885
-125.253
-131.588
-136.779
-140.449
-141.912
-140.449
-135.685
-129.477
-128.522
-134.094
-132.007
-108.473
-68.8631
-45.7924
-40.8787
-9.15527
33.9579
-4.34163
-21.3034
-103.049
125.571
134.369
143.29
151.728
159.039
165.336
170.276
173.455
174.904
174.779
173.277
170.669
167.106
162.675
157.46
151.46
144.665
137.071
128.664
119.448
109.451
98.7263
87.3467
75.4752
63.4285
51.5806
40.2368
29.6147
19.8774
11.1542
3.54208
-2.91892
-8.2303
-12.4152
-15.4969
-17.506
-18.25
-17.3066
-12.164
110.432
100.403
88.8611
76.2989
63.444
49.7018
35.5776
21.3907
7.09507
-7.06562
-20.9707
-34.5669
-47.7063
-60.2857
-72.1871
-83.2746
-93.4211
-102.651
-110.965
-118.333
-124.679
-129.859
-133.56
-135.271
-134.482
-131.005
-126.283
-124.835
-127.265
-123.432
-102.413
-66.9193
-44.7407
-36.7522
-4.05633
39.8661
3.04677
-20.815
-104.81
119.522
127.868
136.355
144.415
151.446
157.544
162.379
165.564
167.123
167.21
166.011
163.784
160.68
156.779
152.157
146.809
140.714
133.853
126.2
117.741
108.485
98.4674
87.7437
76.4568
64.908
53.4581
42.4001
31.9543
22.297
13.5713
5.88779
-0.69355
-6.15568
-10.5031
-13.7405
-15.8701
-16.6888
-15.7125
-10.6132
105.165
95.655
84.7171
72.8274
60.6931
47.7412
34.4468
21.1233
7.707
-5.57102
-18.6079
-31.3699
-43.7294
-55.6079
-66.9074
-77.511
-87.2945
-96.2665
-104.428
-111.719
-118.027
-123.187
-126.932
-128.878
-128.667
-126.21
-122.584
-120.767
-120.868
-115.707
-96.7723
-64.9508
-43.3008
-32.1886
1.91073
45.616
10.3057
-20.8072
-107.457
113.8
121.731
129.814
137.525
144.286
150.187
154.912
158.081
159.72
159.977
159.03
157.128
154.417
150.976
146.876
142.109
136.647
130.463
123.518
115.782
107.248
97.9307
87.8675
77.1792
66.1506
55.1288
44.394
34.1644
24.6255
15.9323
8.20833
1.53152
-4.06227
-8.55875
-11.9439
-14.1921
-15.0893
-14.1046
-9.10334
100.171
91.1347
80.755
69.4854
58.0107
45.7778
33.2469
20.7033
8.09316
-4.37703
-16.6163
-28.6053
-40.2349
-51.4447
-62.1544
-72.2634
-81.655
-90.3229
-98.2686
-105.422
-111.646
-116.766
-120.549
-122.703
-122.974
-121.31
-118.477
-116.388
-114.797
-108.622
-91.5129
-62.9514
-41.5042
-27.3698
8.31064
51.0415
17.0933
-21.4202
-111.071
108.384
115.93
123.643
131.021
137.526
143.235
147.839
150.978
152.671
153.064
152.326
150.701
148.328
145.288
141.646
137.397
132.507
126.942
120.656
113.604
105.764
97.1336
87.7276
77.6465
67.1558
56.5873
46.2083
36.2315
26.8477
18.2211
10.4876
3.74076
-1.9642
-6.59543
-10.1197
-12.486
-13.4708
-12.5078
-7.67086
95.433
86.8398
76.9731
66.2734
55.4056
43.8354
31.9977
20.1769
8.30021
-3.4286
-14.9327
-26.2049
-37.1509
-47.7257
-57.8647
-67.4789
-76.4639
-84.7975
-92.4837
-99.4515
-105.555
-110.615
-114.422
-116.748
-117.408
-116.362
-114.108
-111.831
-109.079
-102.184
-86.5338
-60.8981
-39.4822
-22.5146
14.424
55.7788
22.8451
-22.9385
-115.852
103.254
110.445
117.808
124.877
131.134
136.653
141.136
144.232
145.958
146.459
145.896
144.504
142.423
139.731
136.494
132.704
128.328
123.327
117.649
111.24
104.062
96.0966
87.3387
77.8666
67.9251
57.8308
47.8365
38.147
28.9541
20.4294
12.7185
5.93
0.136094
-4.61269
-8.26612
-10.7471
-11.8252
-10.9107
-6.28787
90.9368
82.752
73.365
63.1951
52.8867
41.9247
30.7312
19.5641
8.36674
-2.67917
-13.506
-24.1127
-34.4214
-44.3957
-53.9856
-63.112
-71.6835
-79.6623
-87.0584
-93.8054
-99.7574
-104.732
-108.541
-110.997
-111.964
-111.389
-109.557
-107.153
-103.637
-96.2785
-81.8294
-58.7932
-37.4611
-17.9331
19.5898
59.2435
27.1077
-25.5237
-121.773
98.3944
105.252
112.291
119.062
125.085
130.42
134.776
137.818
139.562
140.145
139.729
138.536
136.708
134.319
131.437
128.054
124.139
119.651
114.532
108.72
102.168
94.8417
86.7174
77.8496
68.4633
58.8587
49.2731
39.9012
30.9324
22.5427
14.8856
8.0831
2.22284
-2.62652
-6.39821
-8.99191
-10.173
-9.33934
-4.98782
86.6695
78.8687
69.9246
60.2463
50.4571
40.0596
29.454
18.8996
8.32418
-2.09286
-12.2925
-22.2832
-31.9956
-41.4044
-50.4695
-59.1203
-67.278
-74.8934
-81.98
-88.4821
-94.2573
-99.1255
-102.912
-105.46
-106.657
-106.44
-104.926
-102.456
-98.4834
-90.9167
-77.4165
-56.635
-35.6489
-14.0788
23.2444
60.745
29.2982
-29.3968
-128.896
93.7858
100.334
107.063
113.558
119.352
124.505
128.736
131.716
133.463
134.112
133.816
132.793
131.182
129.059
126.49
123.469
119.966
115.94
111.332
106.074
100.11
93.3917
85.8796
77.6065
68.7767
59.6726
50.5154
41.4879
32.7744
24.5525
16.9817
10.1944
4.29328
-0.637349
-4.51396
-7.21661
-8.50566
-7.78184
-3.74432
82.6167
75.1719
66.6456
57.4275
48.1193
38.2441
28.1899
18.1924
8.1957
-1.63896
-11.2582
-20.6761
-29.8317
-38.7088
-47.2738
-55.4661
-63.2153
-70.4654
-77.2319
-83.4729
-89.0514
-93.7926
-97.5326
-100.134
-101.5
-101.548
-100.28
-97.7966
-93.5814
-86.0131
-73.3488
-54.4811
-34.1615
-11.3851
25.0425
59.8338
29.1029
-34.6181
-137.117
89.4136
95.6693
102.111
108.336
113.914
118.892
122.994
125.907
127.645
128.343
128.147
127.27
125.848
123.957
121.663
118.964
115.829
112.22
108.076
103.329
97.9126
91.7698
84.8453
77.153
68.8753
60.277
51.563
42.9016
34.471
26.4468
18.9924
12.2481
6.33051
1.33741
-2.63142
-5.43981
-6.84583
-6.26366
-2.58517
78.7667
71.6591
63.5211
54.7321
45.8738
36.4868
26.9383
17.466
8.00216
-1.29367
-10.3752
-19.2605
-27.8966
-36.2728
-44.364
-52.1154
-59.4671
-66.3547
-72.7982
-78.7682
-84.1372
-88.7347
-92.4069
-95.0292
-96.5101
-96.7566
-95.6867
-93.2445
-88.9528
-81.5544
-69.6654
-52.422
-33.0346
-10.0582
24.789
56.3616
26.2592
-41.2754
-146.389
85.2624
91.2443
97.4097
103.385
108.752
113.556
117.532
120.372
122.094
122.827
122.714
121.962
120.704
119.016
116.965
114.55
111.745
108.511
104.79
100.51
95.6018
89.9992
83.6347
76.5039
68.7693
60.677
52.4155
44.1393
36.0159
28.2178
20.91
14.2386
8.33006
3.29649
-0.749438
-3.65758
-5.18603
-4.77127
-1.48554
75.1065
68.3137
60.544
52.1589
43.7206
34.7873
25.716
16.7254
7.75903
-1.03628
-9.6186
-18.0081
-26.1598
-34.0665
-41.7095
-49.0399
-56.007
-62.5406
-68.6632
-74.358
-79.5089
-83.9499
-87.5358
-90.1501
-91.7071
-92.1014
-91.1991
-88.8463
-84.6
-77.4873
-66.3892
-50.5635
-32.2716
-9.91516
22.631
50.539
20.8741
-49.3199
-156.524
81.3197
87.0418
92.9498
98.6806
103.846
108.484
112.331
115.096
116.794
117.552
117.507
116.861
115.746
114.238
112.401
110.24
107.727
104.832
101.492
97.6393
93.2
88.1015
82.267
75.6762
68.4715
60.8814
53.0776
45.1996
37.404
29.8573
22.7226
16.1508
10.276
5.22183
1.11254
-1.89054
-3.54889
-3.32864
-0.467934
71.6268
65.1334
57.7074
49.7008
41.6567
33.1505
24.5203
15.984
7.47938
-0.850848
-8.96878
-16.8976
-24.5963
-32.0634
-39.2832
-46.2137
-52.8106
-59.0032
-64.8112
-70.2321
-75.1594
-79.4359
-82.9212
-85.5064
-87.1085
-87.616
-86.8634
-84.6427
-80.5442
-73.807
-63.526
-49.007
-31.9279
-10.8039
18.824
42.7048
13.1181
-58.6909
-167.363
77.572
83.0496
88.7083
94.2112
99.1807
103.652
107.376
110.064
111.733
112.506
112.517
111.963
110.972
109.621
107.976
106.038
103.789
101.195
98.2018
94.7373
90.7286
86.0984
80.762
74.6859
67.9947
60.8986
53.553
46.0824
38.6314
31.3584
24.4234
17.9783
12.1634
7.11081
2.95481
-0.135854
-1.92714
-1.9235
0.490075
68.3162
62.1029
55.0048
47.3558
39.6822
31.5739
23.361
15.2457
7.17275
-0.723928
-8.40987
-15.9094
-23.1861
-30.241
-37.063
-43.6148
-49.8577
-55.7238
-61.229
-66.3805
-71.0834
-75.19
-78.5655
-81.1058
-82.7317
-83.3307
-82.7208
-80.6697
-76.7991
-70.5023
-61.0722
-47.8286
-32.0472
-12.5729
13.7256
33.3259
3.42708
-69.1394
-178.694
74.0082
79.2524
84.6787
89.9575
94.7401
99.0544
102.652
105.261
106.896
107.677
107.735
107.259
106.378
105.167
103.689
101.952
99.9366
97.6158
94.9328
91.8216
88.2067
84.0098
79.1394
73.552
67.3545
60.7403
53.8489
46.7908
39.697
32.7161
26.0029
19.7088
13.9769
8.94584
4.75787
1.58576
-0.343073
-0.576171
1.37258
65.166
59.2208
52.429
45.1171
37.7917
30.0609
22.2358
14.5169
6.84726
-0.64499
-7.92847
-15.0282
-21.911
-28.5807
-35.029
-41.2234
-47.1299
-52.6859
-57.9023
-62.7918
-67.2735
-71.2089
-74.4698
-76.955
-78.5912
-79.269
-78.8011
-76.9515
-73.3761
-67.5803
-59.0254
-47.072
-32.6911
-15.1951
7.53129
22.8008
-7.76698
-80.3978
-190.273
70.6166
75.6411
80.8413
85.9118
90.5115
94.6693
98.1471
100.676
102.273
103.057
103.152
102.744
101.961
100.872
99.5443
97.9848
96.1799
94.1015
91.6997
88.9069
85.652
81.8543
77.4183
72.291
66.5649
60.4173
53.9728
47.3277
40.5996
33.9266
27.4561
21.3358
15.7107
10.7234
6.52037
3.27631
1.20941
0.725111
2.1994
62.1657
56.4723
49.9743
42.9818
35.986
28.6066
21.1495
13.8014
6.50881
-0.605768
-7.5135
-14.2403
-20.756
-27.0655
-33.1641
-39.0229
-44.6119
-49.8749
-54.8174
-59.4559
-63.7226
-67.49
-70.6351
-73.0619
-74.7018
-75.4532
-75.1333
-73.5129
-70.2864
-65.0412
-57.3836
-46.7489
-33.8628
-18.5793
0.489972
11.5458
-19.931
-92.0971
-201.776
67.3886
72.2022
77.1913
82.0556
86.482
90.4907
93.8467
96.2959
97.8529
98.6336
98.7599
98.4115
97.7126
96.7337
95.5384
94.1388
92.5217
90.6619
88.5113
86.0074
83.0804
79.6485
75.6148
70.9195
65.6412
59.9424
53.9345
47.6995
41.3418
34.9878
28.7762
22.85
17.3521
12.4272
8.22401
4.91605
2.70985
1.96376
2.96041
59.309
53.8571
47.6342
40.9439
34.258
27.2145
20.1007
13.101
6.16292
-0.598156
-7.15545
-13.5344
-19.7075
-25.6814
-31.4531
-36.9977
-42.2887
-47.276
-51.9609
-56.3617
-60.4232
-64.0285
-67.061
-69.4292
-71.0717
-71.8975
-71.7341
-70.3672
-67.5323
-62.8834
-56.1423
-46.8565
-35.5612
-22.6384
-7.23356
-0.117476
-32.5636
-103.865
-212.8
64.3136
68.9276
73.7107
78.3843
82.6401
86.5006
89.7415
92.1106
93.6258
94.3996
94.5506
94.2537
93.6296
92.7483
91.6719
90.4152
88.9662
87.3016
85.377
83.1344
80.5048
77.4074
73.7457
69.4538
64.5985
59.3288
53.7437
47.912
41.9255
35.8986
29.9601
24.2458
18.8955
14.0527
9.86624
6.5054
4.1631
3.15007
3.67317
56.5863
51.3617
45.4037
39.0003
32.6091
25.8782
19.091
12.4193
5.81256
-0.617832
-6.84717
-12.9016
-18.7553
-24.4163
-29.8833
-35.1346
-40.1473
-44.8769
-49.3208
-53.499
-57.3675
-60.8197
-63.746
-66.0603
-67.7087
-68.6136
-68.6181
-67.5264
-65.1162
-61.0999
-55.29
-47.3701
-37.7302
-27.2137
-15.4229
-11.8663
-45.17
-115.263
-222.93
61.3841
65.8065
70.397
74.8812
78.9752
82.6951
85.8189
88.1093
89.5814
90.3454
90.516
90.2638
89.7065
88.912
87.9423
86.8131
85.5147
84.0253
82.3048
80.2979
77.9365
75.1451
71.8257
67.9089
63.4513
58.5897
53.4113
47.9737
42.3558
36.66
31.0042
25.5164
20.3303
15.5865
11.4309
8.02725
5.55211
4.27184
4.33224
53.992
48.9862
43.2768
37.1455
31.0315
24.6012
18.119
11.7551
5.46086
-0.65949
-6.58258
-12.3339
-17.89
-23.2593
-28.4429
-33.4216
-38.1754
-42.6652
-46.8853
-50.8572
-54.5464
-57.857
-60.6861
-62.9542
-64.6154
-65.6069
-65.7904
-64.9923
-63.0308
-59.6757
-54.807
-48.2572
-40.3157
-32.165
-23.8917
-23.466
-57.307
-125.867
-231.682
58.5912
62.8322
67.2339
71.5427
75.4779
79.058
82.0715
84.2838
85.7115
86.463
86.6491
86.4359
85.9376
85.2208
84.3467
83.3322
82.1687
80.837
79.3002
77.5039
75.3871
72.8738
69.8688
66.2997
62.214
57.7379
52.9485
47.8925
42.6374
37.2734
31.9078
26.6583
21.652
17.0239
12.9152
9.48093
6.88055
5.33813
4.95276
51.5176
46.7182
41.2488
35.3764
29.5277
23.3766
17.1853
11.1129
5.11045
-0.719157
-6.35579
-11.8244
-17.103
-22.2015
-27.1217
-31.8474
-36.3612
-40.6293
-44.6435
-48.4256
-51.9509
-55.133
-57.8766
-60.1084
-61.7915
-62.8785
-63.2523
-62.7624
-61.2663
-58.5894
-54.6631
-49.4633
-43.2292
-37.3243
-32.4235
-34.7074
-68.6069
-135.25
-238.616
55.9287
59.9946
64.2202
68.3545
72.1392
75.5868
78.4888
80.6236
82.0072
82.7441
82.9423
82.7629
82.3171
81.6702
80.882
79.9706
78.9283
77.7385
76.366
74.7611
72.8643
70.604
67.887
64.6387
60.8996
56.7861
52.3667
47.6782
42.7772
37.7425
32.6701
27.6675
22.853
18.3544
14.3058
10.8522
8.13527
6.34064
5.53256
49.1587
44.5585
39.3145
33.6887
28.0891
22.2079
16.2891
10.4893
4.76379
-0.793342
-6.16189
-11.3664
-16.3868
-21.2336
-25.9099
-30.4015
-34.6942
-38.7583
-42.5839
-46.1936
-49.5707
-52.6387
-55.3095
-57.5167
-59.2321
-60.424
-60.9972
-60.8263
-59.804
-57.8114
-54.8197
-50.9291
-46.3813
-42.5598
-40.81
-45.43
-78.7632
-143.038
-243.252
53.3886
57.2886
61.3413
65.3143
68.9509
72.267
75.0637
77.1226
78.4613
79.1818
79.389
79.2388
78.8398
78.2558
77.5448
76.7263
75.7928
74.7305
73.506
72.0731
70.375
68.3453
65.8905
62.9374
59.5204
55.7469
51.6772
47.34
42.7821
38.0714
33.2926
28.5428
23.9303
19.5743
15.6
12.1405
9.31928
7.287
6.0836
46.9081
42.4958
37.4704
32.079
26.7188
21.0881
15.4294
9.88912
4.42163
-0.8797
-5.99714
-10.9552
-15.7352
-20.3482
-24.7985
-29.0743
-33.1634
-37.0408
-40.6952
-44.1496
-47.3948
-50.3637
-52.9756
-55.1702
-56.9282
-58.2336
-59.0135
-59.1677
-58.6204
-57.305
-55.2278
-52.5815
-49.66
-47.7353
-48.8179
-55.4925
-87.5871
-148.916
-245.208
50.9656
54.7054
58.5966
62.4087
65.9053
69.0964
71.7871
73.7717
75.0655
75.7685
75.9821
75.8576
75.5014
74.9719
74.333
73.5957
72.7623
71.8126
70.723
69.4429
67.9269
66.1037
63.889
61.2069
58.088
54.6316
50.891
46.888
42.6601
38.2653
33.7777
29.2832
24.8797
20.6764
16.7881
13.335
10.4232
8.17158
6.60548
44.7617
40.5314
35.7113
30.5436
25.4083
20.021
14.6061
9.30872
4.08629
-0.974851
-5.85724
-10.5853
-15.1415
-19.5378
-23.7791
-27.8561
-31.7588
-35.466
-38.9657
-42.2815
-45.411
-48.2958
-50.8624
-53.0565
-54.8669
-56.293
-57.2836
-57.7633
-57.6844
-57.027
-55.831
-54.3472
-52.956
-52.7387
-56.2131
-64.7597
-95.0067
-152.698
-244.155
48.6531
52.2406
55.9729
59.6366
62.9951
66.0625
68.6533
70.5647
71.8141
72.4983
72.7162
72.6146
72.2939
71.8181
71.238
70.5805
69.8311
68.9882
68.0146
66.8774
65.5209
63.8873
61.8902
59.4568
56.6129
53.4512
50.0191
46.3318
42.4194
38.3304
34.1288
29.8898
25.7004
21.6586
17.8682
14.4354
11.4497
9.00045
7.10642
42.7129
38.6548
34.0342
29.0797
24.1615
18.9995
13.8181
8.75231
3.75859
-1.07676
-5.73895
-10.2519
-14.5999
-18.7949
-22.8434
-26.7376
-30.4699
-34.0224
-37.3835
-40.5766
-43.6059
-46.4208
-48.9552
-51.1598
-53.0312
-54.5828
-55.7848
-56.5845
-56.9598
-56.929
-56.5665
-56.1486
-56.1506
-57.4567
-62.782
-73.0606
-101.105
-154.332
-239.942
46.4466
49.8867
53.4704
56.9858
60.214
63.1636
65.6539
67.4939
68.6992
69.3642
69.5846
69.5025
69.2159
68.7838
68.263
67.6707
67.0032
66.2502
65.3866
64.3733
63.1642
61.7006
59.9011
57.695
55.1043
52.2156
49.0712
45.6812
42.0685
38.2735
34.3505
30.3645
26.3912
22.5173
18.8346
15.4348
12.3926
9.76989
7.587
40.7588
36.8678
32.4346
27.6842
22.9697
18.0277
13.0653
8.21613
3.4407
-1.18247
-5.63848
-9.95065
-14.1047
-18.1131
-21.9835
-25.7097
-29.2863
-32.6989
-35.936
-39.0211
-41.9645
-44.723
-47.2369
-49.4618
-51.4004
-53.0797
-54.4892
-55.5977
-56.4049
-56.9591
-57.3676
-57.9103
-59.1344
-61.7819
-68.4132
-80.1682
-105.963
-153.947
-232.588
44.3397
47.6398
51.077
54.4553
57.5548
60.3883
62.7839
64.5541
65.7157
66.3606
66.5817
66.5164
66.2597
65.8686
65.3992
64.8677
64.2716
63.6018
62.835
61.9348
60.8576
59.5475
57.9276
55.929
53.5704
50.9341
48.0574
44.9457
41.6161
38.1017
34.4481
30.7102
26.9534
23.2524
19.6867
16.3337
13.2539
10.4843
8.0522
38.8935
35.1603
30.91
26.3543
21.8371
17.0988
12.3467
7.70496
3.1332
-1.29051
-5.55278
-9.67731
-13.6504
-17.4861
-21.1916
-24.7636
-28.1978
-31.484
-34.6101
-37.6009
-40.4709
-43.1851
-45.6882
-47.941
-49.9504
-51.7565
-53.3656
-54.7654
-55.975
-57.0637
-58.1671
-59.5579
-61.8106
-65.6021
-73.0906
-85.8683
-109.696
-151.831
-222.385
42.3289
45.4933
48.7934
52.0343
55.0124
57.7352
60.036
61.7379
62.8569
63.4814
63.7018
63.6512
63.4209
63.0669
62.6437
62.167
61.6352
61.0401
60.3603
59.5618
58.603
57.4319
55.9752
54.1644
52.0192
49.6152
46.9864
44.1342
41.0708
37.8227
34.4277
30.9315
27.3891
23.8636
20.4224
17.129
14.0304
11.142
8.5035
37.1142
33.5347
29.4564
25.0874
20.7554
16.217
11.6622
7.21497
2.83783
-1.39774
-5.4783
-9.42696
-13.2319
-16.9064
-20.46
-23.8897
-27.1943
-30.3654
-33.3929
-36.3005
-39.1087
-41.7876
-44.2884
-46.5738
-48.6552
-50.5828
-52.3793
-54.0477
-55.6228
-57.1887
-58.8998
-61.021
-64.1051
-68.8152
-76.8484
-90.0348
-112.312
-148.453
-209.911
40.4088
43.4439
46.6087
49.7225
52.5806
55.1945
57.4057
59.041
60.1176
60.7213
60.9398
60.9016
60.695
60.3745
59.9928
59.5655
59.0915
58.5634
57.9616
57.2545
56.4024
55.3571
54.0466
52.408
50.4571
48.2667
45.867
43.2557
40.4412
37.4444
34.296
31.0333
27.7016
24.3531
21.0432
17.8217
14.7238
11.7462
8.9427
35.4157
31.9817
28.0716
23.8808
19.7291
15.3755
11.0111
6.75062
2.55535
-1.50254
-5.4122
-9.19615
-12.8436
-16.3684
-19.7807
-23.0795
-26.2648
-29.3316
-32.2702
-35.1047
-37.8598
-40.5116
-43.0152
-45.3352
-47.4856
-49.5265
-51.4942
-53.4037
-55.3016
-57.2817
-59.507
-62.2342
-65.9633
-71.3447
-79.7021
-92.7116
-113.629
-144.291
-196.007
38.5762
41.486
44.524
47.5103
50.2549
52.7648
54.8863
56.4568
57.4919
58.0748
58.2903
58.2628
58.0775
57.787
57.4428
57.0598
56.6376
56.1699
55.6382
55.0129
54.257
53.3241
52.1468
50.6638
48.8905
46.8958
44.7065
42.3182
39.7356
36.9748
34.0604
31.022
27.8959
24.7239
21.5503
18.4124
15.3339
12.2975
9.37176
33.7958
30.5037
26.7517
22.7324
18.7501
14.5786
10.3933
6.30802
2.28764
-1.60262
-5.35107
-8.98026
-12.4801
-15.8653
-19.1462
-22.3237
-25.399
-28.3703
-31.2281
-33.9976
-36.7063
-39.3362
-41.845
-44.1987
-46.413
-48.5546
-50.6735
-52.7925
-54.966
-57.293
-59.9362
-63.1416
-67.3452
-73.1514
-81.6333
-94.0812
-113.424
-139.642
-181.654
36.8263
39.6167
42.5295
45.3975
48.0298
50.4374
52.4743
53.9813
54.9754
55.5371
55.7487
55.7301
55.5637
55.3003
54.9897
54.6466
54.2712
53.8574
53.3885
52.8364
52.1666
51.3352
50.2778
48.936
47.3246
45.5085
43.5118
41.3294
38.9622
36.4221
33.7284
30.9041
27.9771
24.9802
21.9469
18.9033
15.8627
12.7979
9.78843
32.2501
29.0921
25.4953
21.64
17.8228
13.8201
9.80789
5.89168
2.03528
-1.69586
-5.29191
-8.77499
-12.1364
-15.3903
-18.5487
-21.6128
-24.5865
-27.469
-30.2533
-32.9628
-35.6303
-38.2407
-40.7549
-43.1386
-45.4051
-47.6344
-49.8812
-52.175
-54.5736
-57.1779
-60.1434
-63.6993
-68.2212
-74.2356
-82.6357
-94.3456
-111.782
-134.516
-167.698
35.1564
37.8311
40.6263
43.3756
45.9017
48.2114
50.1638
51.6089
52.5628
53.1034
53.3101
53.2989
53.1492
52.9102
52.63
52.3228
51.9891
51.6236
51.211
50.7244
50.1318
49.3915
48.4422
47.2283
45.7639
44.1096
42.2902
40.2971
38.1291
35.7946
33.3082
30.687
27.952
25.1274
22.2373
19.2977
16.3125
13.2479
10.1938
30.7766
27.7496
24.2988
20.6014
16.9397
13.104
9.25502
5.49819
1.80004
-1.77996
-5.23146
-8.57648
-11.8068
-14.9376
-17.9804
-20.9385
-23.8163
-26.616
-29.331
-31.9855
-34.6137
-37.205
-39.7214
-42.1257
-44.4351
-46.7344
-49.0826
-51.5141
-54.0863
-56.8981
-60.0933
-63.8789
-68.5751
-74.6187
-82.7421
-93.6233
-109.006
-128.758
-154.658
33.5625
36.1266
38.8057
41.4445
43.8655
46.0793
47.9514
49.3361
50.2502
50.7692
50.9702
50.9649
50.8301
50.6128
50.3598
50.0847
49.7887
49.4664
49.1039
48.6759
48.1522
47.4936
46.6417
45.5438
44.2115
42.7056
41.0473
39.2282
37.2438
35.1002
32.8078
30.3786
27.8276
25.1716
22.4264
19.5991
16.6857
13.6474
10.5813
29.371
26.4684
23.1609
19.6148
16.1052
12.4244
8.73398
5.13167
1.58247
-1.85321
-5.16709
-8.38066
-11.4868
-14.5006
-17.4342
-20.2917
-23.0789
-25.7992
-28.4484
-31.0499
-33.6393
-36.2084
-38.7213
-41.1341
-43.477
-45.8227
-48.2469
-50.7768
-53.4708
-56.4222
-59.7601
-63.6647
-68.4051
-74.3353
-82.0283
-92.0105
-105.404
-122.363
-142.697
32.0422
34.4989
37.0686
39.5967
41.9182
44.04
45.8321
47.1579
48.0329
48.5304
48.7248
48.7241
48.6021
48.4043
48.1756
47.9295
47.6669
47.3831
47.0654
46.6896
46.2277
45.6422
44.878
43.8841
42.6724
41.3004
39.7897
38.1288
36.3137
34.3467
32.2351
29.9869
27.6115
25.1199
22.5203
19.8123
16.9853
13.9966
10.9522
28.0321
25.251
22.0785
18.6785
15.3123
11.7853
8.24502
4.78856
1.38427
-1.91337
-5.09586
-8.18387
-11.1716
-14.0736
-16.9031
-19.6643
-22.3646
-25.0078
-27.5926
-30.1413
-32.6896
-35.2326
-37.7284
-40.1473
-42.499
-44.8774
-47.3449
-49.9349
-52.7003
-55.7275
-59.1284
-63.0551
-67.7283
-73.4298
-80.5861
-89.6114
-101.175
-115.507
-131.646
30.5915
32.9455
35.4072
37.8321
40.0551
42.0866
43.8028
45.0709
45.9074
46.3832
46.5702
46.5728
46.4618
46.2811
46.0741
45.8536
45.621
45.3715
45.0936
44.7644
44.3575
43.8374
43.1518
42.2521
41.1491
39.8993
38.5216
37.006
35.3457
33.5418
31.5986
29.52
27.3119
24.9795
22.5252
19.942
17.214
14.2958
11.2982
26.7559
24.0902
21.0507
17.7909
14.5653
11.1811
7.78717
4.47289
1.2059
-1.95948
-5.01542
-7.98328
-10.8569
-13.6519
-16.3806
-19.049
-21.664
-24.2318
-26.7514
-29.2456
-31.7489
-34.2562
-36.7312
-39.1349
-41.4876
-43.8717
-46.3547
-48.9643
-51.7549
-54.8
-58.1934
-62.0587
-66.5728
-71.9559
-78.5113
-86.5513
-96.4508
-108.375
-121.151
29.2085
31.4627
33.8223
36.1437
38.2732
40.2181
41.8589
43.0708
43.8695
44.3236
44.5026
44.5071
44.4055
44.2398
44.0519
43.8542
43.6482
43.4292
43.1868
42.8988
42.5409
42.0792
41.4641
40.649
39.6446
38.505
37.2489
35.865
34.3465
32.6931
30.9058
28.9863
26.9368
24.7583
22.4479
19.9937
17.3753
14.5447
11.6219
25.5411
22.9884
20.0745
16.9501
13.8574
10.6158
7.36053
4.18131
1.04828
-1.98933
-4.92382
-7.77543
-10.5393
-13.2302
-15.8614
-18.4384
-20.9699
-23.4614
-25.9145
-28.3502
-30.8025
-33.2674
-35.7072
-38.0855
-40.4202
-42.7884
-45.2551
-47.8505
-50.6239
-53.634
-56.9592
-60.6956
-64.9793
-69.9782
-75.8981
-82.9545
-91.338
-101.1
-111.044
27.8896
30.048
32.3069
34.5316
36.5686
38.4288
39.9975
41.1544
41.9158
42.3481
42.5183
42.5237
42.4298
42.2773
42.1063
41.9286
41.746
41.554
41.3429
41.0916
40.7772
40.3675
39.8155
39.0766
38.1611
37.1214
35.9753
34.7114
33.3229
31.8075
30.1642
28.3936
26.4945
24.464
22.2954
19.9728
17.4725
14.7441
11.9134
24.3839
21.9388
19.1487
16.1548
13.193
10.084
6.96451
3.91766
0.911852
-2.00235
-4.8192
-7.55829
-10.2153
-12.8048
-15.3401
-17.827
-20.2745
-22.6887
-25.072
-27.4447
-29.8395
-32.2524
-34.6427
-36.9853
-39.2797
-41.6142
-44.035
-46.5888
-49.3005
-52.2345
-55.4395
-58.991
-62.9932
-67.5647
-72.8373
-78.9427
-85.9492
-93.8124
-101.373
26.6329
28.6982
30.8618
32.9897
34.9388
36.7174
38.2147
39.318
40.0428
40.4532
40.6142
40.6193
40.5319
40.3905
40.2342
40.0741
39.912
39.7438
39.5603
39.3414
39.0656
38.7022
38.2067
37.5361
36.7008
35.7515
34.7051
33.5508
32.2808
30.8909
29.3816
27.75
25.9928
24.1042
22.0747
19.8851
17.5093
14.8948
12.1775
23.2833
20.9438
18.2707
15.4033
12.5652
9.5891
6.59922
3.67806
0.797713
-1.99725
-4.69973
-7.32938
-9.88177
-12.3719
-14.8122
-17.2094
-19.5719
-21.9067
-24.2164
-26.5206
-28.8508
-31.1968
-33.5336
-35.8148
-38.0647
-40.3337
-42.6969
-45.1686
-47.7941
-50.6083
-53.6509
-56.9806
-60.6653
-64.7869
-69.4198
-74.6282
-80.3994
-86.6216
-92.2275
25.4353
27.4112
29.481
31.5181
33.3803
35.0791
36.5081
37.5588
38.2475
38.6359
38.787
38.791
38.7084
38.5766
38.433
38.2882
38.1441
37.9966
37.8374
37.6471
37.4054
37.0831
36.6378
36.0287
35.2658
34.3982
33.4423
32.3876
31.2247
29.9511
28.5651
27.0632
25.4396
23.6867
21.7928
19.7362
17.4894
14.9987
12.4029
22.2361
19.9968
17.4395
14.694
11.9781
9.12597
6.26329
3.46618
0.705368
-1.97338
-4.56453
-7.08684
-9.53688
-11.9284
-14.2745
-16.5811
-18.8575
-21.1098
-23.3417
-25.5716
-27.8258
-30.1014
-32.3625
-34.5807
-36.7573
-38.9556
-41.2288
-43.6035
-46.1078
-48.772
-51.6249
-54.7002
-58.0496
-61.7148
-65.73
-70.1113
-74.7903
-79.6165
-83.6369
24.2951
26.1842
28.165
30.1115
31.8911
33.5128
34.8742
35.8736
36.5267
36.8931
37.0339
37.0356
36.9569
36.833
36.7003
36.5687
36.4402
36.3107
36.1726
36.0073
35.7957
35.5098
35.1096
34.5555
33.8578
33.0641
32.1903
31.2257
30.1613
28.994
27.722
26.3401
24.8421
23.2185
21.4561
19.5315
17.4162
15.0554
12.5946
21.2411
19.1004
16.6524
14.0252
11.4252
8.69781
5.95662
3.27791
0.63553
-1.92993
-4.4121
-6.82935
-9.1781
-11.4722
-13.7238
-15.9393
-18.1273
-20.2941
-22.4435
-24.5917
-26.7647
-28.9551
-31.1346
-33.2722
-35.3657
-37.4722
-39.6419
-41.8963
-44.2581
-46.7504
-49.3877
-52.1976
-55.2002
-58.4164
-61.8498
-65.48
-69.2081
-72.8537
-75.6
23.2095
25.0152
26.9084
28.7698
30.4676
32.0144
33.3107
34.2598
34.8777
35.222
35.3518
35.3508
35.2744
35.1572
35.0337
34.9133
34.7983
34.6844
34.5646
34.4211
34.2359
33.9822
33.6219
33.1174
32.4785
31.7515
30.9521
30.0695
29.0949
28.0254
26.8578
25.5878
24.2075
22.7068
21.0713
19.2766
17.2937
15.0676
12.7434
20.2953
18.2483
15.9086
13.3954
10.9102
8.29921
5.67781
3.11662
0.587473
-1.8671
-4.24232
-6.55596
-8.8045
-11.0015
-13.1584
-15.2816
-17.379
-19.457
-21.5189
-23.5802
-25.6629
-27.7591
-29.8484
-31.8905
-33.8903
-35.8899
-37.9437
-40.0603
-42.2655
-44.5674
-46.9819
-49.512
-52.1705
-54.9572
-57.8498
-60.8113
-63.72
-66.3831
-68.1065
22.177
23.9016
25.7118
27.4881
29.1081
30.5823
31.8145
32.7146
33.2977
33.62
33.7386
33.7336
33.659
33.547
33.4311
33.3203
33.2166
33.116
33.0121
32.8874
32.7253
32.5
32.1753
31.7151
31.1293
30.4627
29.7305
28.9226
28.0302
27.05
25.9792
24.8128
23.5428
22.1581
20.6443
18.9763
17.1249
15.0346
12.8515
19.3977
17.4429
15.2054
12.8032
10.4267
7.93312
5.42666
2.97744
0.56138
-1.7846
-4.05482
-6.26601
-8.41539
-10.5153
-12.5772
-14.6066
-16.6115
-18.5973
-20.5677
-22.5365
-24.5183
-26.5179
-28.5003
-30.4451
-32.3328
-34.2221
-36.1421
-38.1162
-40.1487
-42.2564
-44.4357
-46.6891
-49.0144
-51.3933
-53.799
-56.1706
-58.384
-60.2367
-61.1605
21.1948
22.8413
24.5698
26.2662
27.8092
29.2129
30.3831
31.2352
31.7841
32.0844
32.1913
32.1822
32.1079
32.0001
31.8905
31.7876
31.6936
31.6043
31.5138
31.4054
31.2634
31.0631
30.77
30.3495
29.8115
29.1994
28.5284
27.7883
26.9708
26.0728
25.0911
24.0209
22.8536
21.5786
20.1813
18.6358
16.9139
14.9592
12.9157
18.5455
16.6783
14.5421
12.2469
9.97813
7.59411
5.20112
2.86368
0.55594
-1.68345
-3.84999
-5.96005
-8.0107
-10.0136
-11.9798
-13.9144
-15.8247
-17.7154
-19.5903
-21.4583
-23.3393
-25.2276
-27.1043
-28.9344
-30.7104
-32.473
-34.2592
-36.077
-37.9366
-39.8423
-41.7897
-43.7729
-45.7786
-47.7863
-49.7523
-51.615
-53.2441
-54.4426
-54.7476
20.2616
21.8321
23.483
25.0994
26.5691
27.9045
29.0139
29.8192
30.3345
30.6129
30.708
30.6937
30.6195
30.5145
30.4099
30.3135
30.2275
30.1477
30.0688
29.9743
29.8497
29.6712
29.4062
29.0213
28.5264
27.9636
27.3479
26.6696
25.9205
25.0977
24.1983
23.2171
22.1459
20.9743
19.6868
18.26
16.6633
14.8416
12.9386
17.7378
15.9567
13.9162
11.7248
9.5581
7.28507
5.00073
2.77002
0.57059
-1.56404
-3.62854
-5.63846
-7.59096
-9.49712
-11.3672
-13.2058
-15.0195
-16.8126
-18.5876
-20.3537
-22.1237
-23.9004
-25.6616
-27.3734
-29.028
-30.6622
-32.3073
-33.9686
-35.652
-37.3586
-39.0796
-40.8037
-42.5142
-44.1814
-45.7643
-47.1898
-48.3366
-49.0115
-48.8502
19.3746
20.872
22.4466
23.9878
25.3851
26.6541
27.7047
28.464
28.9461
29.2029
29.2861
29.2667
29.191
29.0882
28.9876
28.8965
28.817
28.7451
28.6758
28.5933
28.4837
28.3243
28.0841
27.7311
27.2751
26.757
26.1915
25.5692
24.8826
24.1288
23.3049
22.4061
21.4245
20.3491
19.1673
17.8528
16.3768
14.6856
12.9178
16.9715
15.2723
13.3266
11.2354
9.17019
7.00025
4.82342
2.69936
0.603556
-1.42812
-3.39179
-5.30264
-7.15745
-8.96704
-10.7405
-12.4824
-14.1981
-15.8914
-17.5646
-19.2227
-20.8825
-22.5412
-24.1821
-25.771
-27.3007
-28.8038
-30.3066
-31.8113
-33.3214
-34.8345
-36.3394
-37.8212
-39.2601
-40.6266
-41.8727
-42.9313
-43.6826
-43.9485
-43.4443
18.5326
19.9591
21.4613
22.9273
24.2557
25.4604
26.453
27.1677
27.6172
27.8527
27.9238
27.8983
27.8213
27.7195
27.6217
27.5347
27.4606
27.3952
27.3339
27.2615
27.1649
27.0221
26.8039
26.4794
26.0586
25.5809
25.0609
24.4897
23.8601
23.1692
22.4149
21.5924
20.6937
19.7099
18.6263
17.4177
16.057
14.4915
12.8573
16.246
14.6274
12.7709
10.7772
8.80764
6.74233
4.66853
2.64577
0.654017
-1.27659
-3.14116
-4.95384
-6.71192
-8.42506
-10.1021
-11.7466
-13.3634
-14.9558
-16.5245
-18.0754
-19.6186
-21.1583
-22.6758
-24.1398
-25.5431
-26.9152
-28.2763
-29.6276
-30.9694
-32.2983
-33.6001
-34.8591
-36.0537
-37.1528
-38.1131
-38.8645
-39.3006
-39.2511
-38.5032
17.7333
19.0914
20.5227
21.9181
23.1783
24.3207
25.257
25.9279
26.3452
26.5597
26.6189
26.5876
26.5077
26.4065
26.3107
26.2268
26.1569
26.0967
26.0421
25.9781
25.8926
25.7644
25.5655
25.2666
24.8776
24.4365
23.9578
23.433
22.8555
22.2225
21.532
20.7798
19.9585
19.0591
18.0669
16.9586
15.7088
14.2641
12.7554
15.5589
14.0164
12.2485
10.3484
8.47401
6.50554
4.53344
2.61225
0.719646
-1.11175
-2.87857
-4.59435
-6.25646
-7.87381
-9.45462
-11.0017
-12.5195
-14.0099
-15.4743
-16.9149
-18.3415
-19.7616
-21.1532
-22.4933
-23.7701
-25.0134
-26.2357
-27.4389
-28.6201
-29.7756
-30.8901
-31.9467
-32.9242
-33.793
-34.5103
-35.0118
-35.1978
-34.912
-34.0013
16.9755
18.2674
19.6314
20.9559
22.1515
23.2334
24.1146
24.743
25.1286
25.3225
25.37
25.3318
25.2495
25.1476
25.053
24.9713
24.9045
24.8485
24.7992
24.7422
24.6661
24.5505
24.3689
24.0929
23.7326
23.3247
22.8836
22.4011
21.8711
21.2909
20.6591
19.9717
19.2217
18.4004
17.4942
16.4808
15.3338
14.0045
12.6158
14.9093
13.4417
11.757
9.94775
8.16273
6.29278
4.41767
2.59265
0.799337
-0.934994
-2.60582
-4.2262
-5.79336
-7.31594
-8.80107
-10.2514
-11.6701
-13.0592
-14.4193
-15.7475
-17.061
-18.3574
-19.6298
-20.8422
-21.999
-23.1131
-24.2049
-25.2645
-26.2963
-27.2902
-28.2343
-29.1103
-29.8978
-30.5694
-31.0848
-31.3846
-31.3777
-30.9211
-29.9092
16.257
17.4852
18.783
20.0408
21.1727
22.1962
23.0237
23.6109
23.9652
24.1391
24.1748
24.1301
24.0438
23.9413
23.8472
23.7668
23.7022
23.6493
23.6042
23.553
23.4848
23.3802
23.2137
22.9584
22.6241
22.2464
21.8394
21.3954
20.9087
20.377
19.799
19.1709
18.4869
17.738
16.9116
15.9854
14.9382
13.7149
12.4401
14.2946
12.8978
11.2954
9.57338
7.8775
6.09806
4.31878
2.58986
0.890719
-0.74861
-2.3253
-3.8518
-5.32544
-6.75435
-8.14505
-9.49944
-10.8203
-12.1089
-13.3632
-14.5848
-15.7814
-16.9623
-18.1112
-19.205
-20.2394
-21.2345
-22.1978
-23.1258
-24.0166
-24.864
-25.6545
-26.371
-26.9946
-27.4995
-27.8498
-27.9894
-27.8377
-27.2621
-26.1992
15.5767
16.7431
17.9784
19.1693
20.2412
21.2077
21.9823
22.5298
22.8532
23.0081
23.0326
22.9802
22.8904
22.7862
22.6919
22.6122
22.5489
22.4981
22.4561
22.4095
22.348
22.2527
22.0997
21.863
21.5523
21.2021
20.8262
20.4172
19.9701
19.4825
18.9539
18.3806
17.7568
17.0749
16.322
15.4793
14.521
13.3988
12.2293
13.7141
12.3868
10.8612
9.2238
7.61116
5.92394
4.23587
2.59747
0.992642
-0.554129
-2.03888
-3.47338
-4.85534
-6.1923
-7.4901
-8.75006
-9.9743
-11.1635
-12.3165
-13.4293
-14.516
-15.582
-16.6129
-17.5893
-18.5086
-19.3884
-20.2328
-21.0371
-21.7994
-22.514
-23.1677
-23.7452
-24.2289
-24.595
-24.8115
-24.8276
-24.5705
-23.9189
-22.8431
14.9325
16.04
17.2144
18.3427
19.3557
20.2666
20.9893
21.498
21.79
21.9269
21.9407
21.8813
21.7866
21.6809
21.586
21.5062
21.4435
21.3939
21.354
21.3108
21.2547
21.1676
21.0264
20.8065
20.5174
20.1922
19.8447
19.4676
19.0565
18.6095
18.126
17.6027
17.0347
16.4142
15.7297
14.9621
14.0876
13.0597
11.988
13.1659
11.9037
10.4538
8.89689
7.36684
5.76382
4.16559
2.61765
1.10207
-0.354232
-1.7489
-3.09326
-4.3857
-5.63301
-6.84013
-8.00759
-9.13727
-10.2299
-11.2816
-12.293
-13.2713
-14.2264
-15.1438
-16.0083
-16.8186
-17.5901
-18.3237
-19.0144
-19.66
-20.2557
-20.7894
-21.2469
-21.6121
-21.8646
-21.9752
-21.8979
-21.5681
-20.875
-19.8144
14.3238
15.3748
16.4924
17.5583
18.5163
19.3725
20.0439
20.5143
20.773
20.8929
20.8971
20.8301
20.7318
20.6241
20.5284
20.4482
20.3853
20.3361
20.2973
20.2565
20.2046
20.1242
19.9936
19.7889
19.5195
19.2172
18.8954
18.5475
18.1694
17.7591
17.3167
16.8393
16.322
15.7579
15.1361
14.4378
13.6411
12.6994
11.721
12.6497
11.4507
10.0713
8.59168
7.13808
5.62031
4.1067
2.64358
1.21694
-0.151703
-1.45806
-2.71361
-3.9184
-5.07887
-6.19803
-7.27567
-8.31378
-9.31209
-10.2692
-11.1793
-12.0556
-12.9039
-13.7136
-14.4718
-15.1799
-15.8501
-16.4818
-17.0687
-17.6097
-18.0999
-18.5286
-18.8834
-19.1504
-19.3107
-19.3392
-19.1942
-18.8183
-18.1098
-17.0848
13.7492
14.7467
15.8085
16.8156
17.7202
18.5226
19.1448
19.5779
19.8005
19.904
19.899
19.8252
19.7224
19.6137
19.5175
19.4368
19.3736
19.3242
19.2858
19.2465
19.1978
19.1229
19.0014
18.8104
18.5591
18.2779
17.9799
17.6586
17.3105
16.9337
16.5287
16.0926
15.6217
15.1087
14.5439
13.9095
13.1838
12.3227
11.4295
12.1638
11.0243
9.71384
8.30743
6.92946
5.48812
4.05741
2.67769
1.33434
0.0502298
-1.16992
-2.33787
-3.45687
-4.53299
-5.56689
-6.55759
-7.50697
-8.41623
-9.28073
-10.0968
-10.876
-11.6236
-12.3329
-12.9917
-13.6052
-14.1819
-14.7207
-15.214
-15.6618
-16.0592
-16.3982
-16.6662
-16.8525
-16.9395
-16.9064
-16.7142
-16.3132
-15.6098
-14.6364
13.2079
14.1535
15.1625
16.11
16.9644
17.7133
18.2881
18.6864
18.8722
18.9621
18.9476
18.8648
18.7582
18.6478
18.5508
18.4694
18.4055
18.3557
18.3172
18.2787
18.2322
18.1618
18.048
17.8692
17.6344
17.3727
17.0967
16.8002
16.4799
16.1339
15.7631
15.3649
14.9359
14.4697
13.9569
13.3805
12.7203
11.9334
11.1183
11.709
10.6275
9.38076
8.04443
6.73559
5.3719
4.01821
2.71538
1.45419
0.251954
-0.886358
-1.9706
-3.00839
-4.00342
-4.95401
-5.85949
-6.72335
-7.54608
-8.3208
-9.04961
-9.73536
-10.3908
-11.003
-11.5722
-12.0944
-12.5882
-13.0399
-13.4518
-13.8147
-14.134
-14.3934
-14.591
-14.7095
-14.741
-14.6607
-14.4389
-14.0287
-13.3469
-12.4317
12.6994
13.5958
14.5518
15.4425
16.2468
16.9406
17.4692
17.8342
17.9827
18.0685
18.0445
17.951
17.8381
17.7276
17.6292
17.5469
17.4816
17.431
17.3918
17.3536
17.3082
17.2414
17.1339
16.966
16.7453
16.5013
16.2448
15.9711
15.6756
15.3583
15.0181
14.6546
14.263
13.8394
13.3731
12.8498
12.2488
11.5307
10.7862
11.2837
10.255
9.07082
7.80018
6.5594
5.26435
3.98685
2.75908
1.57469
0.451464
-0.606225
-1.61068
-2.57558
-3.49565
-4.36564
-5.18866
-5.97042
-6.70953
-7.40436
-8.04723
-8.65038
-9.21684
-9.74504
-10.2254
-10.6715
-11.0839
-11.4642
-11.7991
-12.0943
-12.3415
-12.5394
-12.6747
-12.7437
-12.7301
-12.6188
-12.3819
-11.9778
-11.3278
-10.4829
12.2244
13.0739
13.9802
14.8134
15.5705
16.2053
16.6908
17.0147
17.1185
17.2166
17.1876
17.0793
16.9638
16.8518
16.7556
16.672
16.6076
16.556
16.5177
16.479
16.436
16.3709
16.2702
16.1104
15.9043
15.6745
15.4374
15.1826
14.912
14.6186
14.3086
13.9742
13.6184
13.2304
12.8067
12.33
11.7838
11.1268
10.4472
10.9502
9.96219
8.82005
7.59799
6.40576
5.16863
3.95446
2.79233
1.69237
0.639989
-0.292965
-1.21125
-2.12681
-2.99732
-3.8103
-4.57513
-5.30194
-5.98913
-6.62607
-7.21655
-7.76073
-8.26537
-8.72862
-9.14648
-9.53033
-9.88454
-10.2073
-10.4862
-10.7268
-10.9228
-11.0673
-11.1562
-11.1841
-11.1363
-11.0022
-10.7503
-10.348
-9.72291
-8.9308
11.8513
12.6604
13.5225
14.2938
14.9942
15.5388
15.9465
16.1479
16.1849
16.3736
16.3904
16.2942
16.189
16.0944
16.0076
15.9328
15.8724
15.8269
15.7905
15.7566
15.7156
15.6565
15.561
15.4118
15.216
15.001
14.7771
14.5401
14.2861
14.0144
13.7247
13.4156
13.0841
12.7252
12.3325
11.8911
11.3833
10.771
10.137
10.683
9.7274
8.62094
7.43617
6.28547
5.09186
3.93578
2.83761
1.82059
0.828704
0.0297611
-0.808227
-1.68971
-2.52543
-3.29524
-4.01649
-4.70429
-5.35385
-5.95832
-6.50922
-7.01319
-7.47429
-7.88873
-8.25983
-8.59485
-8.90596
-9.18143
-9.41702
-9.6123
-9.7678
-9.86478
-9.91484
-9.90611
-9.83026
-9.66974
-9.40301
-8.99611
-8.38148
-7.62207
11.55
12.3224
13.1375
13.8417
14.4721
14.9053
15.2059
15.2424
15.22
15.5403
15.639
15.5742
15.4953
15.4227
15.3545
15.2926
15.2419
15.2041
15.1742
15.1459
15.1101
15.0564
14.9679
14.8275
14.6424
14.4387
14.2268
14.0029
13.7632
13.5072
13.2345
12.9438
12.6323
12.2954
11.9264
11.511
11.0333
10.4542
9.85614
10.4143
9.4935
8.42104
7.27487
6.1634
5.01888
3.91785
2.87837
1.94149
1.00408
0.333224
-0.429217
-1.27318
-2.07146
-2.79575
-3.4695
-4.11409
-4.72566
-5.28863
-5.80183
-6.26482
-6.68106
-7.04904
-7.37347
-7.6651
-7.93247
-8.16593
-8.3583
-8.51426
-8.63105
-8.68791
-8.70206
-8.66455
-8.56422
-8.38652
-8.11113
-7.70557
-7.11047
-6.38918
11.2452
11.9806
12.7467
13.386
13.9468
14.2706
14.4717
14.3546
14.2844
14.7131
14.8918
14.8611
14.8017
14.7507
14.699
14.649
14.6072
14.5769
14.5535
14.5309
14.5004
14.452
14.37
14.2375
14.0624
13.8687
13.6683
13.456
13.2302
12.9886
12.7328
12.4595
12.168
11.852
11.5068
11.1168
10.6681
10.1225
9.56206
10.1451
9.25841
8.22298
7.11492
6.04549
4.94385
3.89766
2.91645
2.05212
1.16303
0.608556
-0.0801644
-0.880779
-1.63748
-2.31442
-2.93867
-3.53597
-4.10289
-4.62799
-5.09826
-5.51949
-5.8898
-6.21352
-6.49256
-6.74436
-6.9691
-7.16415
-7.31577
-7.43693
-7.51836
-7.54092
-7.52364
-7.46313
-7.34328
-7.15506
-6.87564
-6.48049
-5.91008
-5.23356
10.9397
11.6381
12.3543
12.9308
13.4227
13.6404
13.7482
13.4903
13.3755
13.8953
14.152
14.1555
14.1162
14.0828
14.0453
14.0062
13.9707
13.9466
13.928
13.9116
13.8859
13.8441
13.7674
13.6437
13.476
13.2927
13.1005
12.9003
12.6853
12.4589
12.2167
11.9619
11.6877
11.3939
11.0701
10.7069
10.2856
9.77563
9.2493
9.87785
9.02655
8.02566
6.95574
5.92416
4.8688
3.87241
2.94215
2.14456
1.29986
0.846453
0.229485
-0.519027
-1.22941
-1.8579
-2.43035
-2.97777
-3.50075
-3.97889
-4.40883
-4.78411
-5.11045
-5.38777
-5.62513
-5.83401
-6.01962
-6.17454
-6.28993
-6.37539
-6.42629
-6.41651
-6.37362
-6.29164
-6.1589
-5.96315
-5.68686
-5.30514
-4.76426
-4.12928
10.6364
11.299
11.9656
12.4828
12.9065
13.0194
13.04
12.6481
12.4883
13.088
13.4192
13.4588
13.4382
13.4223
13.3999
13.3695
13.3403
13.3186
13.3045
13.291
13.2717
13.235
13.1663
13.0498
12.8919
12.716
12.5333
12.3413
12.1383
11.9228
11.6959
11.4557
11.2004
10.9254
10.6249
10.2858
9.89375
9.41511
8.92404
9.61672
8.79774
7.83194
6.79765
5.80489
4.78822
3.83879
2.95718
2.21665
1.4073
1.0364
0.49163
-0.196039
-0.853027
-1.43015
-1.94997
-2.44549
-2.917
-3.35294
-3.73524
-4.0679
-4.35031
-4.58725
-4.78636
-4.95884
-5.10915
-5.2309
-5.31492
-5.37208
-5.39804
-5.36399
-5.30156
-5.20566
-5.06468
-4.86761
-4.59863
-4.23531
-3.73065
-3.1536
10.3415
10.97
11.5876
12.0485
12.4021
12.4111
12.3485
11.8243
11.6126
12.2901
12.6956
12.769
12.7675
12.7685
12.7625
12.7435
12.7216
12.7035
12.6913
12.6796
12.6634
12.6316
12.5702
12.4626
12.3144
12.1473
11.9729
11.7892
11.5952
11.3905
11.1756
10.9494
10.71
10.4537
10.1736
9.85878
9.49293
9.04562
8.58432
9.36689
8.57939
7.64347
6.64233
5.68129
4.70381
3.79536
2.95389
2.26165
1.47875
1.17133
0.699621
0.0815818
-0.513832
-1.03521
-1.50072
-1.94275
-2.36573
-2.74932
-3.08615
-3.37128
-3.60821
-3.80081
-3.95647
-4.0874
-4.1991
-4.28524
-4.3369
-4.36446
-4.3648
-4.30862
-4.22885
-4.12173
-3.97684
-3.78372
-3.52722
-3.18687
-2.7159
-2.17058
10.0602
10.6551
11.2237
11.6293
11.9083
11.8097
11.6692
11.0035
10.7323
11.5026
11.9918
12.1007
12.1123
12.1249
12.1292
12.1205
12.1076
12.0971
12.0899
12.0817
12.0682
12.0403
11.985
11.8861
11.7488
11.5917
11.4272
11.252
11.0679
10.8724
10.6693
10.455
10.231
9.98988
9.72989
9.43504
9.09516
8.676
8.24585
9.1291
8.36895
7.46101
6.48672
5.55414
4.60436
3.72911
2.92129
2.26428
1.4985
1.23956
0.847379
0.310217
-0.215441
-0.677116
-1.08734
-1.47578
-1.84561
-2.18395
-2.47766
-2.72447
-2.92799
-3.08982
-3.21995
-3.32684
-3.41516
-3.47908
-3.51132
-3.52296
-3.51255
-3.44746
-3.36223
-3.25283
-3.1117
-2.92611
-2.68699
-2.3755
-1.96258
-1.51953
9.79133
10.3517
10.8706
11.2225
11.4191
11.2156
11.0003
10.1723
9.81424
10.7043
11.3071
11.4723
11.5122
11.5367
11.5402
11.525
11.5062
11.494
11.4877
11.4825
11.4718
11.4483
11.398
11.3075
11.1793
11.0332
10.8781
10.7139
10.5387
10.3544
10.1614
9.96057
9.7489
9.52461
9.2801
9.00531
8.68504
8.29238
7.88396
8.89773
8.16529
7.28052
6.32983
5.41611
4.48888
3.63425
2.84438
2.20985
1.45834
1.23116
0.923722
0.484117
0.035153
-0.365489
-0.719559
-1.04922
-1.35892
-1.63549
-1.87078
-2.06234
-2.2108
-2.31745
-2.39053
-2.44584
-2.4896
-2.51591
-2.51448
-2.49549
-2.4562
-2.37104
-2.27078
-2.1548
-2.0131
-1.83806
-1.61467
-1.3237
-0.918543
-0.428195
9.52972
10.0567
10.5307
10.8336
10.9481
10.6559
10.3728
9.32147
8.83107
9.85042
10.5776
10.8261
10.9386
11.0261
11.0669
11.0615
11.0333
11.0027
10.9776
10.957
10.9362
10.9075
10.8575
10.7719
10.6513
10.5132
10.3657
10.2084
10.04
9.86256
9.67633
9.4835
9.28177
9.06944
8.84019
8.58451
8.28492
7.9141
7.51517
8.68782
7.97602
7.11285
6.17957
5.28279
4.37186
3.5303
2.75235
2.13176
1.37643
1.13986
0.920104
0.591436
0.229946
-0.104063
-0.403455
-0.69097
-0.964714
-1.21277
-1.42283
-1.59653
-1.73375
-1.84252
-1.92754
-1.99418
-2.03909
-2.06583
-2.0677
-2.05975
-2.0385
-1.9719
-1.88766
-1.78894
-1.66705
-1.51619
-1.32802
-1.10001
-0.823325
-0.595844
9.29722
9.80082
10.2413
10.5018
10.5371
10.1856
9.80751
8.43327
7.77646
8.94057
9.74579
10.0097
10.1613
10.3233
10.4606
10.5514
10.6032
10.6254
10.6275
10.6143
10.5896
10.5514
10.4922
10.4037
10.2899
10.1638
10.0283
9.88152
9.72154
9.55053
9.36945
9.18023
8.98106
8.77206
8.54748
8.30019
8.01836
7.68034
7.33421
8.55177
7.84487
6.98191
6.05137
5.15662
4.25576
3.42009
2.65729
2.04117
1.24547
0.963257
0.840957
0.61967
0.339796
0.095381
-0.103868
-0.285044
-0.45851
-0.611306
-0.735004
-0.820894
-0.868168
-0.873259
-0.850993
-0.823314
-0.803695
-0.772207
-0.719882
-0.647344
-0.560317
-0.448398
-0.338826
-0.217893
-0.0805737
0.0784617
0.272495
0.534019
0.928349
1.49051
9.15687
9.64954
10.0648
10.2728
10.2117
9.76915
9.16309
7.34433
6.65856
8.18039
9.13659
9.37401
9.40674
9.42222
9.43882
9.46874
9.52199
9.59115
9.66138
9.71527
9.74546
9.74341
9.70254
9.61839
9.50603
9.38771
9.26907
9.14542
9.01209
8.86895
8.71528
8.55203
8.37633
8.18645
7.97636
7.73872
7.46129
7.13104
6.82293
8.49603
7.7644
6.86646
5.89702
4.96725
4.03665
3.1769
2.4055
1.75319
0.919071
0.659018
0.693015
0.597822
0.364019
0.116592
-0.0995891
-0.29461
-0.474464
-0.635265
-0.773497
-0.891778
-0.996563
-1.09308
-1.1804
-1.24271
-1.27659
-1.30074
-1.31719
-1.34466
-1.36091
-1.33713
-1.30209
-1.26213
-1.21496
-1.15452
-1.07836
-1.00815
-0.980485
-1.14309
9.10923
9.59173
9.96452
10.0841
9.86812
9.21225
8.10824
5.82543
5.28011
7.55294
9.14257
9.87448
10.1868
10.2434
10.0986
9.83681
9.54772
9.29494
9.11087
8.99354
8.93575
8.91947
8.92242
8.90054
8.82123
8.7018
8.5675
8.42344
8.27198
8.1151
7.95468
7.79469
7.63575
7.48108
7.32541
7.15997
6.9562
6.65889
6.21204
8.33598
7.58013
6.63722
5.61671
4.63183
3.64811
2.73794
1.92491
1.18961
0.372166
0.173666
0.339791
0.493519
0.553417
0.5704
0.569534
0.560276
0.550444
0.548248
0.565068
0.611045
0.696653
0.817256
0.956729
1.07511
1.17524
1.29722
1.4276
1.61669
1.84998
1.87986
2.02583
2.2417
2.44124
2.63151
2.861
3.1884
3.72003
4.55268
8.95096
9.40744
9.72068
9.74176
9.36973
8.45559
6.7896
4.18322
3.06398
5.49949
7.62232
9.30551
10.6915
11.8415
12.706
13.2711
13.6036
13.7307
13.7097
13.5846
13.3988
13.1768
12.9564
12.8049
12.7662
12.7435
12.658
12.5151
12.3364
12.1296
11.8932
11.6266
11.3296
11.0061
10.6598
10.2996
9.9581
9.66991
9.64195
-64.3408
-71.7679
-78.3932
-83.9241
-87.7051
-89.9739
-91.3769
-92.4134
-93.3377
-94.2729
-95.2698
-96.4687
-97.9705
-99.9424
-102.494
-105.798
-109.983
-115.229
-121.676
-129.436
-138.531
-148.923
-160.492
-173.049
-186.324
-199.984
-213.662
-227.037
-239.803
-251.597
-262.006
-270.65
-277.14
-281.143
-282.333
-280.498
-275.502
-267.373
-256.301
-242.678
-227.088
-210.264
-193.036
-176.096
-160.006
-145.059
-131.228
-118.423
-106.637
-95.8371
-85.9461
-76.8907
-68.6342
-61.123
-54.3079
-48.1326
-42.5468
-37.5012
-32.9517
-28.8556
-25.1712
-21.8628
-18.8963
-16.2365
-13.864
-11.7325
-9.8633
-8.37808
-7.11359
-5.92349
-4.81016
-3.74343
-2.8244
-1.86003
-1.30632
-0.153505
-0.537355
1.81187
-1.304
5.0858
-56.3117
-51.713
-47.2638
-43.0555
-38.8873
-34.8844
-30.9387
-27.1171
-23.4882
-19.9856
-16.7073
-13.6225
-10.7611
-8.14169
-5.75132
-3.62275
-1.72432
-0.0843229
1.33681
2.51873
3.50546
4.28765
4.90935
5.36775
5.704
5.92275
6.05982
6.12331
6.14236
6.12769
6.10148
6.07469
6.06179
6.07253
6.11415
6.19382
6.31233
6.47506
6.67781
6.92364
7.2036
7.51864
7.85636
8.21719
8.58643
8.96544
9.3386
9.70903
10.0593
10.3904
10.6896
10.9522
11.1765
11.3588
11.4972
11.5908
11.6391
11.6424
11.6017
11.517
11.394
11.2351
11.0411
10.8175
10.5684
10.2918
10.0069
9.73025
9.47381
9.21149
8.92863
8.62961
8.31607
8.00443
7.67317
7.30797
7.15507
6.70753
5.89608
9.62113
32.637
30.9704
28.0186
23.9391
19.0636
13.5397
7.43544
0.858712
-6.20314
-13.7696
-22.0156
-30.9994
-40.9684
-51.9653
-64.0823
-77.2648
-91.5967
-107.057
-123.667
-141.289
-159.78
-178.891
-198.339
-217.783
-236.835
-255.094
-272.16
-287.826
-301.924
-314.148
-324.104
-331.426
-335.783
-336.892
-334.512
-328.475
-318.707
-305.28
-288.467
-268.82
-247.192
-224.74
-202.723
-182.085
-163.214
-146.224
-130.945
-117.112
-104.603
-93.306
-83.1038
-73.9122
-65.6391
-58.2057
-51.5264
-45.5277
-40.1416
-35.3091
-30.9757
-27.0906
-23.6122
-20.4968
-17.7097
-15.2141
-12.991
-10.9947
-9.24203
-7.84449
-6.65376
-5.53645
-4.49164
-3.48644
-2.62636
-1.70927
-1.20022
-0.0876633
-0.485107
1.78963
-1.24137
5.03378
34.6041
36.017
36.7929
37.1913
37.2233
37.0065
36.5361
35.8982
35.0815
34.1397
33.0458
31.8655
30.5688
29.2158
27.7871
26.3312
24.8368
23.3432
21.8414
20.3616
18.8993
17.4782
16.0958
14.7697
13.5012
12.3038
11.181
10.1418
9.19254
8.33817
7.58623
6.93689
6.39712
5.96267
5.63899
5.41715
5.30062
5.27682
5.34693
5.49456
5.71828
5.99882
6.33438
6.70476
7.10877
7.52545
7.95602
8.38118
8.80043
9.19842
9.56781
9.90507
10.2038
10.4602
10.6714
10.8356
10.9521
11.0204
11.0409
11.0165
10.9474
10.8372
10.6907
10.5091
10.2982
10.0565
9.8065
9.55488
9.31668
9.07012
8.80139
8.51988
8.22073
7.92182
7.60126
7.24204
7.0775
6.67249
5.82976
9.36794
85.9242
81.3017
75.8429
69.8043
63.1132
55.7661
47.7812
39.1427
29.7687
19.5506
8.34745
-3.92102
-17.2999
-31.8312
-47.6469
-64.8003
-83.2251
-102.776
-123.291
-144.565
-166.35
-188.335
-210.182
-231.509
-251.948
-271.1
-288.618
-304.191
-317.688
-328.965
-337.815
-343.937
-347.107
-347.097
-343.748
-336.892
-326.44
-312.371
-294.86
-274.289
-251.392
-227.233
-203.221
-180.671
-160.242
-142.103
-126.12
-111.958
-99.3267
-88.0513
-78.0024
-69.0513
-61.0863
-53.9918
-47.666
-42.0225
-36.9862
-32.4915
-28.4784
-24.8958
-21.6938
-18.8331
-16.2774
-13.9901
-11.9529
-10.1223
-8.51747
-7.22435
-6.12221
-5.09489
-4.13305
-3.20488
-2.41388
-1.56116
-1.09427
-0.0499054
-0.432222
1.71791
-1.18379
4.90515
89.8697
91.4058
91.3187
89.8411
87.3413
84.0506
80.2411
76.1344
71.982
67.8314
63.7306
59.6463
55.6216
51.6467
47.7582
43.9527
40.2617
36.689
33.2567
29.9749
26.8578
23.9189
21.1634
18.6059
16.2441
14.0919
12.1397
10.3996
8.85707
7.52144
6.37444
5.42236
4.64396
4.04334
3.59755
3.30854
3.15254
3.1301
3.21681
3.4112
3.68785
4.04411
4.45474
4.9175
5.4075
5.92363
6.44334
6.96505
7.47229
7.95621
8.41251
8.83317
9.21277
9.54704
9.83262
10.0686
10.2528
10.3861
10.4687
10.5008
10.4865
10.4281
10.327
10.1887
10.017
9.8119
9.59688
9.37273
9.15357
8.92574
8.6759
8.40995
8.12705
7.84011
7.53653
7.19014
7.00714
6.61988
5.82076
9.01514
47.6769
42.4858
36.7991
30.7445
24.1984
17.0072
9.19213
0.6196
-8.67623
-18.8419
-29.8226
-41.7415
-54.5111
-68.1911
-82.6371
-97.8708
-113.823
-130.536
-147.86
-165.727
-183.944
-202.389
-220.798
-238.946
-256.467
-273.042
-288.257
-301.777
-313.256
-322.53
-329.396
-333.674
-335.113
-333.576
-328.915
-321.093
-310.061
-295.917
-278.826
-259.212
-237.64
-214.953
-192.199
-170.593
-150.862
-133.196
-117.627
-103.911
-91.7667
-81.0145
-71.5061
-63.1049
-55.6768
-49.0946
-43.2551
-38.0688
-33.4633
-29.367
-25.7224
-22.4734
-19.5796
-16.9966
-14.6909
-12.6278
-10.7908
-9.13939
-7.6886
-6.51528
-5.50969
-4.57419
-3.70047
-2.85602
-2.13968
-1.35696
-0.942164
0.0366779
-0.364197
1.71303
-1.17471
4.89255
51.9994
54.2519
55.4593
55.7759
55.3277
54.1731
52.4516
50.2538
47.7384
45.0061
42.1867
39.3483
36.5509
33.7741
31.0527
28.3683
25.7595
23.208
20.7534
18.3765
16.1179
13.9592
11.9403
10.0413
8.30047
6.69782
5.26673
3.98557
2.88333
1.93622
1.16708
0.549624
0.100691
-0.207584
-0.363924
-0.396802
-0.299055
-0.0987353
0.208277
0.594491
1.06195
1.58396
2.16127
2.76854
3.40655
4.05166
4.70218
5.34083
5.95829
6.54964
7.10627
7.62192
8.09156
8.5104
8.87711
9.18857
9.44606
9.64766
9.79493
9.89035
9.93378
9.92872
9.87934
9.78879
9.6611
9.49696
9.32067
9.1248
8.92918
8.72329
8.49333
8.24988
7.98748
7.71988
7.4306
7.10176
6.91053
6.52045
5.78812
8.66952
-16.855
-21.8086
-27.0949
-32.5952
-38.4581
-44.6516
-51.2703
-58.2369
-65.656
-73.4438
-81.7059
-90.3555
-99.4925
-109.02
-119.021
-129.393
-140.191
-151.311
-162.819
-174.638
-186.781
-199.099
-211.543
-223.922
-236.107
-247.811
-258.795
-268.695
-277.225
-284.075
-289.122
-292.172
-293.054
-291.508
-287.406
-280.584
-271.039
-258.771
-244.001
-227.021
-208.387
-188.763
-169.069
-150.327
-133.195
-117.713
-103.915
-91.7201
-80.9309
-71.3889
-62.9651
-55.5365
-48.9711
-43.162
-38.0123
-33.4513
-29.4004
-25.8031
-22.601
-19.7545
-17.2139
-14.9466
-12.9216
-11.1075
-9.49088
-8.03204
-6.75855
-5.7136
-4.81044
-3.9763
-3.1963
-2.43782
-1.80105
-1.09234
-0.738534
0.176226
-0.263656
1.76559
-1.16231
4.95017
-12.9464
-10.0699
-7.77105
-5.85439
-4.35863
-3.19702
-2.38833
-1.87257
-1.69188
-1.79724
-2.16135
-2.62524
-3.1317
-3.61158
-4.10069
-4.55212
-5.00712
-5.4169
-5.8244
-6.17959
-6.52514
-6.81162
-7.07956
-7.28254
-7.45802
-7.56177
-7.6292
-7.61926
-7.56338
-7.42548
-7.23499
-6.96068
-6.63022
-6.21871
-5.75315
-5.21383
-4.6272
-3.9788
-3.294
-2.5619
-1.80639
-1.01972
-0.224405
0.586472
1.39247
2.19617
2.98199
3.74331
4.47547
5.17096
5.82379
6.429
6.9813
7.47918
7.91851
8.30128
8.62375
8.88941
9.09774
9.24939
9.34786
9.39569
9.39522
9.35142
9.2676
9.14413
9.00633
8.8396
8.66576
8.48243
8.27604
8.05319
7.81186
7.562
7.29198
6.98055
6.79011
6.39175
5.72018
8.35515
-69.556
-73.1065
-76.8429
-80.7913
-84.8984
-89.2416
-93.7521
-98.5231
-103.482
-108.743
-114.222
-120.021
-126.03
-132.31
-138.709
-145.235
-151.732
-158.225
-164.623
-171.006
-177.389
-183.91
-190.552
-197.286
-203.95
-210.423
-216.507
-222.05
-226.808
-230.579
-233.115
-234.314
-233.995
-232.038
-228.246
-222.564
-214.887
-205.286
-193.812
-180.739
-166.38
-151.276
-136.048
-121.523
-108.277
-96.1932
-85.2332
-75.4517
-66.7712
-59.0606
-52.2327
-46.18
-40.8148
-36.0461
-31.8157
-28.0494
-24.7012
-21.7143
-19.0582
-16.6795
-14.5567
-12.6552
-10.9512
-9.41954
-8.05064
-6.81262
-5.72457
-4.82613
-4.0389
-3.3105
-2.63119
-1.96871
-1.41724
-0.788032
-0.499714
0.346201
-0.134814
1.83436
-1.1183
5.00947
-66.7774
-64.2175
-61.6833
-59.1808
-56.6877
-54.2747
-51.9269
-49.7115
-47.6091
-45.6892
-43.9587
-42.4103
-40.9069
-39.4319
-37.9433
-36.4831
-35.01
-33.5716
-32.1215
-30.709
-29.2875
-27.9063
-26.5183
-25.1711
-23.8202
-22.5099
-21.1982
-19.9248
-18.651
-17.4121
-16.1729
-14.9637
-13.7532
-12.5684
-11.3823
-10.2188
-9.05618
-7.91641
-6.78167
-5.67217
-4.57364
-3.50497
-2.45356
-1.43547
-0.44216
0.514626
1.43376
2.31282
3.14782
3.93434
4.66957
5.34845
5.97048
6.53129
7.03326
7.47135
7.85044
8.16794
8.42702
8.62859
8.77418
8.86726
8.91154
8.91038
8.86683
8.78173
8.68039
8.54069
8.38893
8.22745
8.04104
7.8402
7.61902
7.38875
7.13264
6.83752
6.65077
6.246
5.62649
8.04478
-95.483
-97.7153
-100.185
-102.801
-105.57
-108.441
-111.509
-114.694
-118.072
-121.551
-125.181
-128.823
-132.449
-135.841
-138.909
-141.503
-143.69
-145.545
-147.295
-149.106
-151.115
-153.278
-155.53
-157.786
-160.029
-162.201
-164.238
-166.01
-167.391
-168.217
-168.374
-167.736
-166.285
-163.912
-160.548
-156.05
-150.417
-143.596
-135.713
-126.848
-117.283
-107.278
-97.272
-87.711
-79.0382
-71.0078
-63.4737
-56.5958
-50.426
-44.9044
-39.9595
-35.5437
-31.5848
-28.0473
-24.8718
-22.032
-19.4797
-17.2008
-15.1449
-13.3034
-11.6434
-10.1482
-8.79922
-7.57837
-6.48181
-5.47708
-4.60455
-3.86037
-3.19316
-2.58432
-2.01624
-1.45387
-0.994625
-0.451971
-0.233734
0.533974
0.0136753
1.90888
-1.05661
5.05228
-93.565
-91.448
-89.228
-86.869
-84.4351
-81.9316
-79.4168
-76.8701
-74.3222
-71.7649
-69.2683
-66.801
-64.3521
-61.8743
-59.4054
-56.917
-54.4511
-51.9766
-49.5354
-47.0956
-44.7001
-42.3159
-39.9853
-37.6757
-35.4281
-33.2109
-31.0622
-28.9517
-26.914
-24.9201
-23.0002
-21.1272
-19.3264
-17.5725
-15.8875
-14.2485
-12.6751
-11.1471
-9.6821
-8.26325
-6.90665
-5.59755
-4.34948
-3.15077
-2.0109
-0.925776
0.103183
1.07683
1.99227
2.85023
3.6466
4.38302
5.05553
5.6675
6.21352
6.69873
7.11951
7.48115
7.78178
8.02268
8.20839
8.34265
8.42598
8.46356
8.45723
8.4082
8.34116
8.22844
8.09741
7.95698
7.79289
7.61204
7.41087
7.19727
6.95875
6.68019
6.49777
6.0886
5.52131
7.72716
-96.5342
-97.9332
-99.5193
-101.309
-103.161
-105.075
-107.045
-109.08
-111.099
-113.096
-114.983
-116.735
-118.234
-119.459
-120.36
-121.024
-121.529
-122.007
-122.469
-122.796
-122.714
-121.971
-120.504
-118.457
-116.145
-113.894
-111.937
-110.328
-108.97
-107.657
-106.151
-104.288
-101.994
-99.2813
-96.1037
-92.4859
-88.3845
-83.8755
-78.9532
-73.7718
-68.3905
-63.0374
-57.8427
-53.0585
-48.8349
-44.8462
-40.7971
-36.8772
-33.2939
-30.0127
-27.0323
-24.3099
-21.839
-19.5784
-17.5265
-15.6501
-13.9558
-12.4036
-10.9994
-9.713
-8.5457
-7.47717
-6.50469
-5.61232
-4.80225
-4.05505
-3.39526
-2.81884
-2.28578
-1.79842
-1.34526
-0.89491
-0.533781
-0.0845056
0.0585941
0.743283
0.180171
1.9923
-0.986371
5.09825
-95.1935
-93.5594
-91.8418
-90.0081
-88.0866
-86.0671
-83.9621
-81.7572
-79.4843
-77.1619
-74.8217
-72.4459
-70.0362
-67.5893
-65.1155
-62.6176
-60.1025
-57.5775
-55.0445
-52.5147
-49.9856
-47.4727
-44.97
-42.4961
-40.0426
-37.631
-35.2513
-32.9264
-30.6445
-28.4285
-26.2653
-24.1762
-22.1456
-20.1926
-18.3009
-16.487
-14.7347
-13.0581
-11.4426
-9.9012
-8.4201
-7.01137
-5.663
-4.38486
-3.16966
-2.02108
-0.934647
0.0862438
1.04542
1.93876
2.77044
3.53645
4.24185
4.88097
5.45961
5.97314
6.42761
6.81961
7.15044
7.42383
7.64532
7.81234
7.93143
8.00347
8.03132
8.01601
7.98201
7.89453
7.78546
7.6671
7.52327
7.36402
7.18288
6.98896
6.76497
6.50375
6.32582
5.91296
5.40277
7.39318
-79.35
-79.8849
-80.5241
-81.3607
-82.2544
-83.1444
-84.0588
-84.9858
-85.8784
-86.6949
-87.4095
-87.9972
-88.4133
-88.6204
-88.5744
-88.2671
-87.6719
-86.786
-85.5532
-83.9401
-81.9199
-79.6159
-77.2139
-74.9118
-72.6523
-70.1886
-67.1997
-63.6148
-59.6524
-55.7271
-52.1579
-49.0503
-46.2886
-43.6594
-41.0411
-38.3541
-35.6355
-32.8956
-30.273
-27.791
-25.6048
-23.731
-22.2669
-21.2524
-20.6427
-20.0865
-19.085
-17.8335
-16.5816
-15.3871
-14.2276
-13.1269
-12.0618
-11.0532
-10.0824
-9.17708
-8.30967
-7.50344
-6.73314
-6.01735
-5.34004
-4.71117
-4.11865
-3.56256
-3.04789
-2.55148
-2.12656
-1.72018
-1.31804
-0.959996
-0.630852
-0.291161
-0.0327594
0.31829
0.382436
0.976033
0.366267
2.09261
-0.909444
5.15108
-78.6761
-77.7333
-76.7138
-75.6067
-74.387
-73.0898
-71.6832
-70.2164
-68.6678
-67.0826
-65.4236
-63.7207
-61.9444
-60.1295
-58.2513
-56.3415
-54.3812
-52.3984
-50.3781
-48.3433
-46.2841
-44.2181
-42.1392
-40.0597
-37.9787
-35.9046
-33.8409
-31.7924
-29.7674
-27.7678
-25.8052
-23.8784
-21.9999
-20.1658
-18.3889
-16.662
-14.997
-13.385
-11.8375
-10.3439
-8.91512
-7.54068
-6.23151
-4.97871
-3.79005
-2.65876
-1.59114
-0.581307
0.364762
1.25303
2.078
2.84604
3.55068
4.19858
4.78401
5.31329
5.7816
6.19067
6.54178
6.84245
7.08625
7.28426
7.43031
7.53255
7.59068
7.60595
7.60219
7.54077
7.45182
7.35471
7.2331
7.09436
6.93383
6.75716
6.55065
6.30772
6.13624
5.72041
5.2722
7.05806
-54.7867
-54.7278
-54.6675
-54.7337
-54.8095
-54.8308
-54.8411
-54.8437
-54.8175
-54.712
-54.5225
-54.2241
-53.8177
-53.2607
-52.5428
-51.6153
-50.4713
-49.0598
-47.3712
-45.3491
-43.001
-40.3105
-37.3423
-34.1153
-30.6987
-27.1694
-23.7557
-20.6565
-17.8708
-15.0962
-12.044
-8.70604
-5.36051
-2.30639
0.30769
2.47019
4.26555
5.70036
6.80958
7.49407
7.72669
7.428
6.55239
5.1669
3.3585
1.50364
0.142424
-0.70282
-1.35392
-1.86018
-2.26154
-2.54416
-2.73921
-2.83273
-2.86884
-2.83252
-2.76425
-2.641
-2.49384
-2.31368
-2.12512
-1.91488
-1.69978
-1.47152
-1.24644
-1.01509
-0.809065
-0.575362
-0.312144
-0.0830219
0.12603
0.346696
0.500146
0.749707
0.730793
1.23249
0.571847
2.20639
-0.82149
5.21405
-54.6303
-54.2289
-53.8056
-53.2857
-52.7262
-52.0857
-51.4142
-50.6718
-49.9047
-49.0668
-48.2
-47.2599
-46.2897
-45.248
-44.1762
-43.0379
-41.8719
-40.6455
-39.3949
-38.093
-36.7714
-35.4068
-34.026
-32.6111
-31.1834
-29.7294
-28.2656
-26.7846
-25.2987
-23.8054
-22.3139
-20.8266
-19.349
-17.8874
-16.4439
-15.0268
-13.6351
-12.2784
-10.9524
-9.6669
-8.41536
-7.20949
-6.041
-4.92159
-3.84326
-2.81567
-1.83208
-0.901018
-0.0158312
0.815414
1.59955
2.32822
3.00859
3.63307
4.20864
4.72841
5.19528
5.60732
5.97269
6.28175
6.54864
6.76184
6.93151
7.05712
7.14087
7.18281
7.20731
7.16827
7.09957
7.02385
6.92237
6.80461
6.66388
6.50683
6.31546
6.09105
5.92642
5.50943
5.12464
6.71572
-29.9362
-29.4827
-29.0137
-28.6335
-28.2309
-27.7478
-27.2227
-26.6835
-26.1145
-25.4952
-24.8039
-24.0436
-23.1955
-22.2587
-21.1979
-20.0065
-18.6415
-17.0973
-15.3272
-13.328
-11.0559
-8.51811
-5.68567
-2.58327
0.790957
4.36602
8.04928
11.6825
15.1194
18.1893
20.7402
22.7635
24.4838
26.1785
27.9174
29.5325
30.7994
31.6019
31.8749
31.6363
30.8621
29.4903
27.5489
25.0214
22.0462
18.8367
15.963
13.6041
11.6137
9.84712
8.29389
6.9119
5.72489
4.69601
3.83879
3.09779
2.49577
1.99399
1.5952
1.26808
1.02099
0.829662
0.698204
0.60896
0.553194
0.543337
0.523841
0.589349
0.721143
0.822317
0.90411
1.01029
1.05784
1.20422
1.10152
1.50465
0.791577
2.33166
-0.725841
5.2767
-30.1736
-30.2686
-30.3349
-30.3724
-30.3619
-30.3315
-30.2506
-30.1508
-29.9988
-29.8257
-29.5981
-29.3468
-29.0401
-28.7075
-28.3182
-27.9008
-27.4275
-26.9254
-26.3692
-25.7847
-25.1504
-24.4896
-23.7829
-23.0509
-22.2779
-21.481
-20.6469
-19.7895
-18.8999
-17.9887
-17.0515
-16.0958
-15.1213
-14.1334
-13.1356
-12.1309
-11.1253
-10.1195
-9.12083
-8.12832
-7.15125
-6.18577
-5.24418
-4.32005
-3.42503
-2.55266
-1.71381
-0.901905
-0.127848
0.615273
1.31661
1.98338
2.60544
3.19
3.72786
4.2236
4.67168
5.08016
5.43759
5.75742
6.02599
6.25412
6.43673
6.5823
6.68532
6.75051
6.79969
6.7817
6.73145
6.67466
6.59414
6.49635
6.37592
6.23624
6.06183
5.85684
5.70033
5.28497
4.96446
6.37635
-9.94176
-9.25343
-8.57253
-7.97762
-7.35295
-6.64576
-5.89122
-5.12165
-4.33452
-3.51399
-2.64829
-1.73422
-0.7663
0.262677
1.36591
2.5574
3.85492
5.27676
6.84217
8.57118
10.4829
12.5942
14.9214
17.4721
20.2537
23.2482
26.433
29.7384
33.0877
36.3278
39.2853
41.7612
43.6535
44.9389
45.7293
46.2024
46.5209
46.6588
46.5162
45.9515
44.8755
43.2747
41.1067
38.3818
35.1205
31.5169
27.9286
24.7185
21.8637
19.3028
16.9697
14.8676
12.9573
11.2624
9.73473
8.41073
7.25068
6.25209
5.37851
4.63448
3.99268
3.45917
3.00486
2.63434
2.32273
2.07632
1.85393
1.759
1.75957
1.73433
1.69864
1.68769
1.63013
1.67209
1.48289
1.78917
1.02218
2.46153
-0.623782
5.34101
-10.4549
-10.8761
-11.281
-11.6707
-12.0307
-12.3789
-12.6942
-12.9969
-13.2651
-13.5197
-13.7383
-13.9415
-14.1073
-14.2552
-14.3628
-14.4491
-14.4929
-14.512
-14.4863
-14.4332
-14.3348
-14.2078
-14.0357
-13.8342
-13.5892
-13.3148
-12.9985
-12.6524
-12.2666
-11.8509
-11.3983
-10.9163
-10.401
-9.85788
-9.28677
-8.69053
-8.07296
-7.43415
-6.7806
-6.11125
-5.43187
-4.74668
-4.05585
-3.3677
-2.67913
-2.00028
-1.32692
-0.670826
-0.0260054
0.595235
1.19947
1.77426
2.32674
2.84491
3.33539
3.78844
4.21224
4.59448
4.94633
5.25354
5.52604
5.75549
5.95102
6.10673
6.2275
6.31099
6.38151
6.3823
6.34792
6.31
6.24838
6.17056
6.06942
5.94912
5.79093
5.6053
5.4565
5.04582
4.78848
6.02833
4.82921
5.61158
6.36134
7.01117
7.67937
8.40728
9.17707
9.9513
10.7385
11.5404
12.3745
13.2349
14.1344
15.0685
16.0537
17.0892
18.1937
19.3684
20.634
21.9939
23.4694
25.0643
26.7997
28.68
30.7198
32.919
35.2774
37.7819
40.4015
43.0899
45.7577
48.2946
50.5382
52.3292
53.5319
54.1503
54.2733
54.0441
53.5372
52.7785
51.709
50.2591
48.3351
45.8801
42.9237
39.5454
35.989
32.526
29.307
26.3242
23.5853
21.056
18.7446
16.5989
14.6658
12.9197
11.3679
9.97956
8.75635
7.66957
6.72405
5.89241
5.1756
4.55395
4.01446
3.56476
3.15086
2.905
2.78424
2.64312
2.49014
2.36874
2.2079
2.14673
1.87333
2.07819
1.25717
2.59524
-0.519666
5.40049
4.1583
3.55082
2.94015
2.3455
1.75567
1.18234
0.616776
0.0699507
-0.467114
-0.983415
-1.48835
-1.97076
-2.44016
-2.88523
-3.31532
-3.7189
-4.1049
-4.46146
-4.79715
-5.10046
-5.37943
-5.62283
-5.83841
-6.01622
-6.16348
-6.27115
-6.34599
-6.3808
-6.38127
-6.34175
-6.26697
-6.15332
-6.00389
-5.81736
-5.59553
-5.33928
-5.04896
-4.72848
-4.37682
-4.00105
-3.59768
-3.17421
-2.72708
-2.26303
-1.78455
-1.2942
-0.799062
-0.297411
0.201042
0.699882
1.18703
1.66852
2.13081
2.58143
3.00721
3.41619
3.79549
4.1544
4.4787
4.777
5.03888
5.27265
5.4685
5.63651
5.76616
5.86672
5.95472
5.97146
5.95173
5.93024
5.88715
5.82796
5.74684
5.64414
5.50361
5.33824
5.19793
4.79555
4.60106
5.68291
13.8471
14.6577
15.4125
16.0678
16.7159
17.4134
18.1312
18.8578
19.5807
20.3207
21.0715
21.8494
22.6431
23.4693
24.3179
25.2075
26.128
27.0991
28.1115
29.1862
30.3143
31.5182
32.7893
34.1501
35.5915
37.1344
38.7688
40.507
42.3334
44.243
46.2046
48.1786
50.099
51.8698
53.3702
54.4648
55.0642
55.1498
54.803
54.1169
53.1606
51.9267
50.3787
48.4531
46.1129
43.3698
40.3148
37.1375
33.9991
30.9964
28.1473
25.4765
22.9604
20.6436
18.5026
16.543
14.7438
13.1147
11.6374
10.3204
9.13739
8.08899
7.15318
6.33046
5.60239
4.97112
4.38954
4.00878
3.77724
3.52825
3.269
3.04096
2.78072
2.6184
2.25999
2.36781
1.49365
2.7259
-0.413712
5.45719
13.1196
12.4248
11.7331
11.0454
10.3643
9.68775
9.01943
8.35763
7.70617
7.06338
6.4333
5.81421
5.21008
4.6189
4.04474
3.48544
2.94501
2.42117
1.91803
1.43348
0.971874
0.531296
0.116106
-0.275202
-0.638183
-0.974047
-1.27888
-1.5534
-1.7943
-2.002
-2.17445
-2.31146
-2.41219
-2.47598
-2.50372
-2.49372
-2.44859
-2.36576
-2.24964
-2.09717
-1.91514
-1.6995
-1.45916
-1.18825
-0.896365
-0.57832
-0.242649
0.109961
0.475489
0.848312
1.2292
1.60823
1.98997
2.36044
2.72735
3.07746
3.41834
3.7365
4.03945
4.31521
4.57152
4.79598
4.99715
5.16554
5.30731
5.41743
5.52332
5.5516
5.5456
5.53842
5.51186
5.47096
5.4082
5.3246
5.20118
5.05629
4.92414
4.53353
4.39915
5.32937
19.1621
19.9295
20.6463
21.2627
21.8723
22.5098
23.168
23.82
24.4736
25.1266
25.7941
26.4681
27.1609
27.8633
28.5898
29.33
30.0985
30.8842
31.7029
32.5432
33.4219
34.3275
35.2778
36.2606
37.2942
38.366
39.493
40.6614
41.8847
43.1469
44.4516
45.7746
47.1025
48.3939
49.6032
50.6568
51.4685
51.9456
52.0259
51.7089
51.0479
50.1108
48.9341
47.5157
45.8224
43.8237
41.5156
38.9607
36.2642
33.538
30.8621
28.2617
25.789
23.4536
21.2752
19.2437
17.3615
15.6125
14.0094
12.5397
11.2087
9.99951
8.90989
7.93234
7.04998
6.26941
5.54544
5.04651
4.71935
4.37344
4.01559
3.68805
3.33416
3.07554
2.63848
2.6479
1.72316
2.8509
-0.30966
5.50312
18.4205
17.6978
16.9737
16.2536
15.5344
14.8201
14.108
13.4016
12.6987
12.0027
11.312
10.6301
9.95596
9.2927
8.64001
8.00066
7.37464
6.76419
6.16967
5.59279
5.03419
4.49502
3.97634
3.47899
3.00453
2.55341
2.12776
1.72778
1.35611
1.01242
0.699802
0.417408
0.168736
-0.0480656
-0.229027
-0.377075
-0.487818
-0.565519
-0.605277
-0.612702
-0.582628
-0.522299
-0.426291
-0.303985
-0.148777
0.0285321
0.23602
0.461963
0.713133
0.979672
1.26159
1.55601
1.85324
2.15822
2.4593
2.76161
3.05409
3.34149
3.61224
3.87298
4.11112
4.33293
4.52712
4.70269
4.84611
4.97193
5.08514
5.12858
5.13113
5.1377
5.12594
5.10148
5.05747
4.99077
4.8853
4.76134
4.63809
4.26323
4.18708
4.97872
20.8667
21.6142
22.3007
22.895
23.4725
24.0783
24.695
25.3126
25.923
26.5385
27.1552
27.7822
28.4117
29.0539
29.7009
30.3634
31.0316
31.717
32.4084
33.1185
33.835
34.5721
35.3161
36.0827
36.8567
37.6544
38.4588
39.2866
40.1192
40.9711
41.8215
42.6805
43.5244
44.3535
45.1364
45.8595
46.4786
46.9566
47.231
47.254
46.9886
46.4439
45.6541
44.6602
43.4765
42.0901
40.4797
38.6282
36.5612
34.3307
32.0164
29.695
27.4145
25.2112
23.1053
21.1184
19.2513
17.5082
15.8718
14.3438
12.9203
11.6144
10.4226
9.33562
8.33832
7.43934
6.59752
6.00216
5.58914
5.16032
4.71327
4.29631
3.85639
3.50738
2.99399
2.9112
1.94157
2.96025
-0.208072
5.53618
20.1386
19.4204
18.7082
18.0005
17.2985
16.6013
15.9103
15.224
14.5444
13.8698
13.2024
12.5405
11.8867
11.2394
10.6014
9.97179
9.35305
8.74509
8.15
7.56838
7.00148
6.45068
5.91645
5.40078
4.90321
4.42647
3.96932
3.53518
3.12215
2.73436
2.36927
2.03179
1.71892
1.43614
1.17978
0.955917
0.760118
0.59882
0.46645
0.369726
0.301998
0.27009
0.265997
0.296853
0.35318
0.442414
0.553419
0.694326
0.85355
1.03886
1.24085
1.46014
1.69342
1.93609
2.18646
2.44086
2.6969
2.94828
3.19696
3.4337
3.66199
3.8709
4.06688
4.23891
4.39368
4.52218
4.65101
4.69965
4.71366
4.7304
4.73209
4.72316
4.6959
4.64655
4.55843
4.45515
4.34028
3.98578
3.96236
4.61994
21.5174
22.2267
22.878
23.4353
23.9782
24.5369
25.1083
25.6713
26.2316
26.7855
27.3438
27.8984
28.4584
29.0152
29.5793
30.1415
30.7119
31.2802
31.857
32.4315
33.0145
33.5942
34.1825
34.7669
35.3592
35.9461
36.5397
37.1251
37.714
38.2899
38.8633
39.4156
39.9554
40.4615
40.9392
41.3645
41.7379
42.0323
42.24
42.3259
42.2696
42.033
41.6066
40.9881
40.2009
39.2567
38.1573
36.8866
35.4274
33.7798
31.9675
30.0459
28.0742
26.1071
24.1797
22.3149
20.5328
18.8405
17.2389
15.7166
14.2768
12.9273
11.6727
10.514
9.43725
8.45189
7.52263
6.84398
6.36424
5.86284
5.34166
4.84375
4.32748
3.8956
3.31684
3.1437
2.13805
3.04619
-0.110918
5.54463
20.8088
20.1057
19.4066
18.7122
18.0222
17.3384
16.6595
15.9876
15.3212
14.662
14.0087
13.3628
12.7234
12.0914
11.4667
10.8499
10.2418
9.64252
9.05375
8.47556
7.91036
7.35766
6.82074
6.29852
5.79493
5.30798
4.84215
4.39471
3.97059
3.56611
3.18665
2.82801
2.49609
2.18608
1.90448
1.64608
1.41786
1.21412
1.04216
0.895507
0.781616
0.693203
0.637881
0.607326
0.609152
0.634514
0.690878
0.767966
0.872894
0.995317
1.14289
1.30527
1.48917
1.68317
1.89301
2.10809
2.3306
2.55516
2.77892
3.00059
3.21279
3.41841
3.60674
3.78582
3.93966
4.08043
4.2135
4.27424
4.2942
4.32149
4.33441
4.34063
4.32813
4.29417
4.22306
4.14045
4.03347
3.70441
3.7298
4.26199
20.6857
21.3603
21.9734
22.5024
23.0117
23.5398
24.0724
24.6017
25.12
25.6366
26.1472
26.6581
27.1625
27.6679
28.1677
28.6696
29.1659
29.6647
30.1571
30.6517
31.1387
31.6273
32.1071
32.5874
33.0569
33.5255
33.9808
34.4329
34.8676
35.2954
35.7003
36.0926
36.4547
36.7968
37.1001
37.3751
37.6042
37.797
37.9361
38.0277
38.048
37.9847
37.7969
37.4585
36.9384
36.2397
35.374
34.3703
33.2474
32.0155
30.682
29.2519
27.744
26.1789
24.581
22.9644
21.3405
19.7266
18.1498
16.6469
15.2417
13.9267
12.676
11.4787
10.3414
9.29401
8.29988
7.56477
7.02808
6.47221
5.88554
5.32023
4.73695
4.23271
3.59546
3.33683
2.31117
3.09637
-0.0134267
5.5209
20.013
19.3418
18.6782
18.0181
17.365
16.7171
16.0763
15.4416
14.8143
14.1941
13.5814
12.9763
12.3789
11.7898
11.208
10.635
10.0693
9.51299
8.96428
8.42586
7.89596
7.37804
6.87006
6.3763
5.8946
5.42975
4.97917
4.54817
4.13376
3.74133
3.36707
3.0167
2.6859
2.38047
2.09553
1.83708
1.60012
1.39077
1.20366
1.045
0.909138
0.802165
0.718349
0.663391
0.631255
0.627445
0.645777
0.691195
0.757216
0.847523
0.956221
1.08649
1.23197
1.39517
1.5698
1.7572
1.95269
2.15493
2.36109
2.56612
2.77127
2.96636
3.15732
3.3333
3.49479
3.63929
3.78361
3.8494
3.87891
3.9132
3.93965
3.95575
3.9578
3.93681
3.88499
3.81959
3.71909
3.42132
3.49031
3.89372
19.0892
19.715
20.285
20.7732
21.2393
21.7196
22.2044
22.6851
23.1554
23.6217
24.0808
24.5372
24.9853
25.4305
25.867
26.3014
26.7267
27.1495
27.5618
27.9712
28.3691
28.7636
29.1448
29.5221
29.8846
30.2414
30.5813
30.914
31.2269
31.5301
31.81
32.0772
32.3164
32.5386
32.7273
32.8948
33.0241
33.1288
33.1932
33.2329
33.2325
33.2053
33.1304
33.0053
32.7919
32.4692
32
31.3788
30.6108
29.7243
28.7497
27.7094
26.6155
25.4624
24.2447
22.9535
21.5935
20.1756
18.7316
17.3071
15.9442
14.6588
13.4319
12.2427
11.0901
10.0009
8.96252
8.1724
7.59017
6.9846
6.34497
5.71355
5.07405
4.49733
3.81965
3.46794
2.45146
3.08942
0.0879857
5.45615
18.4668
17.8471
17.2337
16.6244
16.0212
15.4238
14.8325
14.248
13.6701
13.1
12.5371
11.9827
11.436
10.8986
10.3692
9.84961
9.33828
8.83712
8.34412
7.8616
7.38725
6.92396
6.46896
6.02582
5.59178
5.17106
4.76064
4.36544
3.98229
3.61666
3.26482
2.93272
2.61629
2.32157
2.04389
1.78956
1.55345
1.34198
1.14956
0.982602
0.835295
0.713912
0.612736
0.537848
0.483082
0.454638
0.446179
0.463644
0.500049
0.560931
0.639146
0.739803
0.855433
0.990709
1.13792
1.30113
1.47298
1.6564
1.84477
2.03957
2.23389
2.42838
2.61729
2.79885
2.96632
3.1251
3.27736
3.35836
3.3969
3.4466
3.48424
3.51775
3.53451
3.53406
3.50161
3.46082
3.36757
3.11733
3.23439
3.50296
17.3812
17.9478
18.4642
18.9047
19.3228
19.751
20.1824
20.6087
21.025
21.4362
21.8406
22.241
22.6331
23.0204
23.3986
23.772
24.1351
24.4921
24.8374
25.1761
25.5022
25.8209
26.1258
26.4231
26.7053
26.9788
27.2351
27.4813
27.7081
27.9231
28.116
28.2952
28.4491
28.5862
28.6932
28.7798
28.8312
28.8584
28.8461
28.8087
28.7347
28.6443
28.5317
28.4183
28.2949
28.1657
27.9985
27.7703
27.4401
26.9914
26.4137
25.7198
24.9233
24.0373
23.0697
22.0279
20.9253
19.7835
18.6234
17.4501
16.2554
15.0413
13.8392
12.6793
11.561
10.4855
9.4263
8.60792
7.99327
7.35533
6.67092
5.99359
5.30633
4.68087
3.96128
3.5513
2.52041
3.08641
0.108919
5.48343
16.8144
16.2497
15.6891
15.1321
14.579
14.0308
13.4868
12.9487
12.4152
11.8887
11.3674
10.854
10.3466
9.84833
9.35671
8.87503
8.40075
7.93718
7.48142
7.03681
6.6001
6.17498
5.7577
5.35205
4.95441
4.56871
4.19135
3.82663
3.47107
3.12935
2.7981
2.48232
2.17886
1.8929
1.62102
1.36869
1.13228
0.917291
0.7197
0.545158
0.38889
0.256687
0.143684
0.0555696
-0.0126938
-0.0558814
-0.0791704
-0.0776131
-0.056782
-0.0122038
0.0502374
0.134908
0.235662
0.356599
0.491534
0.64395
0.807193
0.984173
1.16812
1.36153
1.55726
1.7567
1.95354
2.14671
2.32901
2.50396
2.67887
2.77282
2.83158
2.89576
2.95536
3.00668
3.04866
3.06702
3.06401
3.05258
2.97791
2.7762
2.9558
3.14491
14.914
15.4303
15.9025
16.3048
16.685
17.0729
17.4646
17.8519
18.2312
18.606
18.9759
19.3422
19.7013
20.0552
20.4003
20.7397
21.069
21.3917
21.7035
22.0086
22.3017
22.5878
22.8609
23.1265
23.3774
23.6201
23.8465
24.0632
24.2617
24.4492
24.6165
24.7714
24.9036
25.0215
25.1141
25.1902
25.2379
25.2674
25.2658
25.2451
25.1938
25.1268
25.0339
24.933
24.8155
24.692
24.5455
24.3702
24.1381
23.8322
23.4321
22.9382
22.3606
21.7199
21.0351
20.3173
19.564
18.7648
17.9057
16.9745
15.968
14.9
13.8066
12.7309
11.6854
10.6649
9.63072
8.81327
8.19169
7.54052
6.84208
6.13925
5.43049
4.77115
4.02898
3.58001
2.53944
3.0632
0.0955637
5.50399
14.3932
13.8741
13.3576
12.8447
12.3346
11.8296
11.3277
10.8316
10.3393
9.85367
9.37238
8.89853
8.42996
7.96973
7.51548
7.0706
6.63266
6.20501
5.78527
5.37656
4.97636
4.58806
4.20886
3.84193
3.4844
3.13938
2.80397
2.48152
2.16882
1.86959
1.58063
1.30597
1.04249
0.794618
0.559001
0.340688
0.136078
-0.0495517
-0.220028
-0.369863
-0.503403
-0.61515
-0.709726
-0.78155
-0.835355
-0.865711
-0.877886
-0.866487
-0.836846
-0.784045
-0.714105
-0.622302
-0.514558
-0.386943
-0.245203
-0.0862083
0.0842204
0.2686
0.460963
0.663007
0.868757
1.07883
1.28825
1.49487
1.69187
1.88721
2.0763
2.19092
2.26164
2.34504
2.41921
2.49326
2.55227
2.59519
2.61666
2.63434
2.58124
2.42584
2.66331
2.80734
12.365
12.8491
13.2897
13.6631
14.0167
14.3767
14.7405
15.0989
15.4497
15.7952
16.1365
16.4736
16.8048
17.1303
17.4483
17.7599
18.0631
18.3591
18.6458
18.9248
19.1933
19.454
19.7034
19.9445
20.1728
20.3925
20.5983
20.7944
20.975
21.1452
21.2984
21.4402
21.5629
21.6732
21.7627
21.839
21.8922
21.9315
21.9463
21.9466
21.9217
21.8829
21.8189
21.7414
21.6398
21.523
21.3778
21.2082
20.9986
20.7464
20.4387
20.0768
19.6598
19.1977
18.6985
18.1718
17.6165
17.0268
16.3852
15.6781
14.9015
14.0657
13.1819
12.2595
11.3143
10.3735
9.41643
8.644
8.04806
7.43495
6.76179
6.07509
5.37369
4.71779
3.97849
3.51509
2.48928
2.98177
0.0527348
5.47062
11.8817
11.4016
10.9254
10.4535
9.98521
9.52244
9.06325
8.61008
8.16091
7.71842
7.28029
6.84942
6.42356
6.00566
5.59336
5.18997
4.79293
4.40566
4.02567
3.65635
3.2952
2.94568
2.60517
2.27711
1.95865
1.65323
1.35783
1.07598
0.804424
0.546693
0.299562
0.0665822
-0.155365
-0.362586
-0.558209
-0.738099
-0.905396
-1.05574
-1.19231
-1.31054
-1.41374
-1.49727
-1.56499
-1.612
-1.64218
-1.65091
-1.64239
-1.61242
-1.56527
-1.49717
-1.41255
-1.30819
-1.18852
-1.05077
-0.899354
-0.731961
-0.553265
-0.361261
-0.161251
0.048477
0.261927
0.480689
0.699418
0.916346
1.12531
1.33045
1.53359
1.6553
1.73997
1.83202
1.92241
2.00717
2.08417
2.14123
2.18406
2.22596
2.19334
2.08309
2.3618
2.47362
10.0358
10.4824
10.8907
11.2377
11.5659
11.8989
12.2362
12.5682
12.8934
13.212
13.5263
13.8358
14.14
14.4381
14.7296
15.0149
15.2931
15.5643
15.8269
16.0821
16.3276
16.5651
16.7918
17.0104
17.217
17.4153
17.6005
17.7768
17.9388
18.0915
18.2284
18.3556
18.4655
18.565
18.6458
18.7154
18.7651
18.8029
18.8196
18.824
18.8064
18.7762
18.7235
18.6573
18.5669
18.4609
18.3286
18.1753
17.9909
17.7789
17.5318
17.2525
16.9368
16.5863
16.1984
15.7755
15.3192
14.838
14.3343
13.8058
13.2419
12.6356
11.9782
11.2574
10.4649
9.63193
8.78218
8.07595
7.54
7.00661
6.39463
5.74375
5.08202
4.45879
3.75708
3.3117
2.32748
2.81669
-0.0450016
5.37542
9.5891
9.14602
8.70582
8.27014
7.83726
7.41022
6.98622
6.56869
6.15468
5.74792
5.34516
4.95018
4.55975
4.17773
3.80099
3.43332
3.07162
2.71961
2.37454
2.04005
1.71346
1.39824
1.0919
0.797919
0.513734
0.242705
-0.0178057
-0.264288
-0.499629
-0.720407
-0.929661
-1.12388
-1.30621
-1.4732
-1.62809
-1.76714
-1.89356
-2.00362
-2.10042
-2.18014
-2.24587
-2.29367
-2.32683
-2.34156
-2.34107
-2.32175
-2.28692
-2.23322
-2.16422
-2.07676
-1.97446
-1.85453
-1.72086
-1.57109
-1.4089
-1.23262
-1.04615
-0.848211
-0.642929
-0.429634
-0.212801
0.00789423
0.228542
0.446363
0.656563
0.864991
1.06769
1.19674
1.28452
1.38506
1.47875
1.57314
1.65565
1.72368
1.78161
1.8413
1.8239
1.75167
2.05703
2.14347
7.64465
8.04728
8.41958
8.73761
9.03612
9.33707
9.64267
9.94447
10.2403
10.5294
10.8144
11.0945
11.37
11.6393
11.9028
12.1602
12.4112
12.6552
12.8917
13.1212
13.3421
13.5555
13.7595
13.956
14.142
14.3201
14.4866
14.6447
14.7902
14.927
15.0499
15.1637
15.2627
15.3523
15.4258
15.4893
15.5357
15.5715
15.5889
15.5953
15.5824
15.5581
15.5137
15.457
15.379
15.2877
15.174
15.0438
14.8893
14.7155
14.5158
14.2937
14.0444
13.7698
13.4658
13.133
12.7704
12.3844
11.9844
11.5818
11.1725
10.7431
10.274
9.74725
9.14114
8.45253
7.7162
7.08945
6.65349
6.23681
5.72432
5.15623
4.56802
4.01283
3.37664
2.9764
2.06092
2.56606
-0.201806
5.21318
7.24
6.83943
6.44103
6.04751
5.65611
5.27066
4.88757
4.51105
4.13743
3.77108
3.40812
3.05311
2.70213
2.35971
2.02213
1.69374
1.37091
1.05795
0.751497
0.455715
0.167264
-0.109683
-0.378261
-0.634445
-0.881182
-1.1147
-1.33784
-1.54676
-1.74437
-1.92712
-2.09788
-2.2532
-2.39591
-2.52294
-2.63708
-2.73525
-2.82025
-2.88917
-2.94461
-2.98372
-3.00911
-3.01788
-3.01252
-2.99034
-2.95389
-2.90067
-2.83302
-2.74897
-2.65092
-2.53741
-2.41095
-2.27038
-2.11813
-1.95352
-1.77891
-1.59387
-1.40096
-1.19981
-0.99323
-0.781165
-0.567009
-0.350393
-0.134972
0.0776571
0.282496
0.486039
0.683654
0.80728
0.895022
0.991011
1.08623
1.17862
1.26504
1.33676
1.40488
1.47421
1.46553
1.42844
1.74625
1.81382
5.5436
5.89792
6.2289
6.51265
6.77731
7.04213
7.31213
7.57991
7.84298
8.09943
8.35182
8.59916
8.8417
9.07807
9.30856
9.53263
9.75014
9.96127
10.1656
10.3636
10.5543
10.7388
10.9153
11.0851
11.2461
11.4
11.5439
11.6804
11.8057
11.9233
12.0287
12.1259
12.21
12.2857
12.3474
12.4002
12.4379
12.4664
12.4789
12.4818
12.4679
12.4438
12.4021
12.3499
12.2798
12.1988
12.0992
11.9875
11.8571
11.713
11.5493
11.3699
11.1706
10.9535
10.7157
10.4589
10.1824
9.88888
9.58234
9.27581
8.98088
8.69884
8.41474
8.10531
7.73511
7.26138
6.65904
6.14677
5.79033
5.38484
4.88489
4.34793
3.81449
3.33068
2.78305
2.46312
1.64471
2.19711
-0.438356
4.9045
5.18605
4.83326
4.48146
4.13496
3.78983
3.45113
3.11417
2.78417
2.45658
2.1366
1.81959
1.51078
1.2057
0.90942
0.617538
0.334924
0.0575165
-0.209965
-0.471442
-0.722511
-0.966669
-1.1997
-1.42483
-1.63832
-1.84284
-2.03501
-2.21725
-2.38642
-2.54461
-2.68905
-2.82165
-2.93989
-3.04546
-3.13623
-3.21384
-3.27634
-3.32544
-3.35936
-3.37979
-3.38499
-3.37686
-3.35364
-3.31724
-3.2659
-3.20171
-3.12308
-3.03214
-2.92742
-2.81136
-2.68255
-2.54359
-2.39337
-2.23433
-2.06575
-1.89005
-1.70699
-1.51862
-1.32531
-1.12898
-0.93038
-0.731482
-0.532749
-0.335894
-0.143756
0.0414202
0.22389
0.399561
0.507924
0.583682
0.671338
0.756354
0.844269
0.924274
0.994269
1.06434
1.13319
1.13108
1.11023
1.42838
1.48806
2.83546
3.13358
3.41177
3.64862
3.86948
4.08833
4.31274
4.53473
4.7544
4.96761
5.17906
5.38573
5.59003
5.78852
5.9834
6.1719
6.35577
6.53334
6.70587
6.87221
7.03284
7.18758
7.33594
7.47824
7.61307
7.74187
7.86236
7.97681
8.082
8.18114
8.2702
8.35302
8.42491
8.49044
8.54433
8.59174
8.62696
8.65538
8.67121
8.68015
8.67616
8.6648
8.64015
8.60782
8.56241
8.50894
8.4422
8.36686
8.27877
8.1813
8.07125
7.95075
7.8182
7.67432
7.51862
7.35156
7.1741
6.98723
6.79167
6.58928
6.38759
6.19059
5.98201
5.73515
5.43264
5.06448
4.55819
4.22611
4.09189
3.85104
3.56193
3.27379
2.94431
2.59636
2.15508
1.91627
1.20541
1.79258
-0.680195
4.41478
2.5406
2.25121
1.96387
1.68149
1.40119
1.12648
0.854106
0.587696
0.324188
0.0671324
-0.186469
-0.433159
-0.675661
-0.910687
-1.14087
-1.36305
-1.57955
-1.7874
-1.98884
-2.18103
-2.36594
-2.54085
-2.70761
-2.86374
-3.0108
-3.14646
-3.2722
-3.38578
-3.48862
-3.5786
-3.65714
-3.72212
-3.77506
-3.81393
-3.84034
-3.85246
-3.85203
-3.83734
-3.81021
-3.76914
-3.71608
-3.64961
-3.57181
-3.48141
-3.38036
-3.26764
-3.14543
-3.01284
-2.87185
-2.7221
-2.56534
-2.4019
-2.23309
-2.05991
-1.88287
-1.7038
-1.52262
-1.34147
-1.16003
-0.980425
-0.802502
-0.627654
-0.45603
-0.290343
-0.132083
0.024043
0.171349
0.257327
0.317104
0.386967
0.457083
0.528368
0.59453
0.654324
0.715227
0.783729
0.779425
0.7757
1.07618
1.14843
2.79419
3.02897
3.2421
3.4207
3.58374
3.74411
3.90661
4.06751
4.22414
4.37509
4.52189
4.6647
4.80353
4.93785
5.06736
5.19228
5.3121
5.42763
5.53759
5.64305
5.74225
5.83684
5.92444
6.00726
6.08237
6.15275
6.21514
6.27283
6.32215
6.36675
6.40252
6.43321
6.45482
6.47097
6.47781
6.47894
6.47081
6.4566
6.43327
6.40373
6.36548
6.32105
6.26806
6.20869
6.1413
6.06766
5.98586
5.89753
5.80121
5.69714
5.58407
5.46106
5.32712
5.17999
5.0197
4.84503
4.66097
4.47487
4.30506
4.17355
4.11547
4.18259
4.42567
4.81248
5.17291
5.28824
4.87274
4.39389
3.86454
3.03455
2.24742
1.74157
1.44979
1.26105
1.00813
0.93642
0.434122
1.05124
-0.952814
3.19673
2.56696
2.34556
2.12588
1.91192
1.69916
1.49264
1.28737
1.0888
0.891799
0.701763
0.513779
0.333141
0.15504
-0.0154698
-0.182855
-0.342293
-0.498084
-0.645691
-0.789044
-0.92387
-1.05397
-1.1754
-1.29143
-1.39848
-1.49965
-1.59176
-1.67742
-1.75383
-1.82333
-1.88361
-1.93661
-1.98036
-2.01647
-2.04344
-2.06259
-2.07282
-2.07519
-2.06894
-2.05494
-2.03286
-2.00335
-1.96626
-1.92218
-1.8711
-1.8135
-1.74961
-1.6797
-1.60431
-1.52349
-1.43825
-1.34822
-1.25514
-1.15781
-1.05887
-0.956538
-0.854085
-0.749392
-0.646023
-0.542102
-0.441096
-0.341559
-0.246102
-0.153445
-0.0669598
0.0150853
0.0966174
0.175666
0.21208
0.23362
0.265657
0.303783
0.348104
0.395043
0.437367
0.487236
0.537414
0.527106
0.498777
0.719909
0.79236
-2.24833
-2.17339
-2.0932
-2.0162
-1.95032
-1.892
-1.83288
-1.77209
-1.71144
-1.65378
-1.59743
-1.54276
-1.48811
-1.43518
-1.38258
-1.33181
-1.28099
-1.23182
-1.18241
-1.1349
-1.08698
-1.041
-0.994413
-0.949863
-0.904514
-0.861262
-0.816927
-0.774759
-0.731334
-0.689927
-0.647202
-0.606649
-0.564614
-0.524706
-0.483221
-0.443794
-0.402815
-0.363942
-0.323557
-0.285568
-0.246303
-0.209552
-0.172076
-0.138034
-0.104164
-0.0743407
-0.0457741
-0.0220183
-5.87415e-05
0.0174003
0.0345579
0.0508326
0.0736249
0.105632
0.158775
0.239394
0.359902
0.518631
0.70741
0.890345
0.9975
0.897322
0.435498
-0.457682
-1.64524
-2.72741
-3.29835
-2.97799
-1.96885
-0.754554
0.313792
0.96444
1.11922
0.999519
0.771979
0.698206
0.358243
0.707201
-0.565341
1.69863
-2.33434
-2.42066
-2.50815
-2.59533
-2.68236
-2.76874
-2.85402
-2.93813
-3.02062
-3.10171
-3.1804
-3.25725
-3.3311
-3.40281
-3.47074
-3.53605
-3.59685
-3.65459
-3.70704
-3.75581
-3.79865
-3.83717
-3.86893
-3.89564
-3.91489
-3.92823
-3.93348
-3.93199
-3.9217
-3.90388
-3.87687
-3.84159
-3.79667
-3.74294
-3.67951
-3.60708
-3.52502
-3.4343
-3.33445
-3.22687
-3.11104
-2.98898
-2.85988
-2.72653
-2.58764
-2.44691
-2.30238
-2.15841
-2.01253
-1.86951
-1.72665
-1.58907
-1.45317
-1.3245
-1.1987
-1.08153
-0.967667
-0.862652
-0.76092
-0.666975
-0.575716
-0.489899
-0.405875
-0.326616
-0.250414
-0.174742
-0.106585
-0.0819355
-0.0700592
-0.0505036
-0.034972
-0.021874
-0.0152058
-0.0129257
-0.00580581
0.0146957
0.0241703
0.0359044
0.160579
0.269644
)
;

boundaryField
{
    inlet
    {
        type            freestreamPressure;
        freestreamValue uniform 0;
        value           nonuniform List<scalar> 
134
(
8.19395
7.45098
6.52414
5.52101
4.55291
3.58596
2.69129
1.89212
1.16934
0.365825
0.0643097
0.125736
0.182438
0.20437
0.210434
0.209916
0.206313
0.202506
0.201511
0.207506
8.79845
0.224203
0.255433
0.299468
0.350376
0.393498
0.42573
0.478413
0.509141
0.558115
0.731234
0.685558
0.738323
0.816441
0.888454
0.956947
1.03954
1.15745
1.34899
1.57005
9.24716
9.55507
9.57579
9.2101
8.31154
6.67394
4.11196
1.83962
1.81923
1.77129
1.76529
1.78459
1.80443
1.81829
1.83325
1.85061
1.87153
1.89226
1.91348
1.93287
1.95116
1.9655
1.97515
1.97598
1.96526
1.94011
1.94766
1.95281
1.93891
1.90328
1.84424
1.73387
1.56007
1.13
0.599917
1.92616
3.45509
4.78617
5.8404
6.7081
7.42807
7.96928
8.32296
8.53104
8.61039
8.59699
8.51827
8.40153
8.26216
8.12376
8.02863
8.00439
7.99036
7.93698
7.8477
7.73604
7.60679
7.45906
7.29239
7.10661
6.90424
6.68762
6.46218
6.2485
6.06827
6.05143
6.03929
5.8811
5.66029
5.44391
5.24706
5.05267
4.85365
4.64429
4.43416
4.21943
4.00653
3.78814
3.57135
3.34941
3.12927
2.90397
2.67917
2.44785
2.20234
1.97737
1.76525
1.55552
1.34802
1.1408
0.935998
0.722441
0.498506
0.169669
)
;
    }
    outlet
    {
        type            freestreamPressure;
        freestreamValue uniform 0;
        value           nonuniform List<scalar> 
160
(
-0.0592211
-0.0612271
-0.0574501
-0.0632218
-0.0555105
-0.0652222
-0.0536234
-0.0671894
-0.0520193
-0.0691266
-0.0506073
-0.0710214
-0.0491596
-0.0728614
-0.0476507
-0.0746456
-0.0461308
-0.0763629
-0.0446797
-0.0780196
-0.0432529
-0.0795907
-0.0418607
-0.0810916
-0.0404584
-0.0824941
-0.039093
-0.083821
-0.0377277
-0.0850328
-0.036404
-0.0861596
-0.035071
-0.0871568
-0.0337755
-0.0880613
-0.0324663
-0.0888211
-0.031203
-0.0894772
-0.0299224
-0.0899778
-0.0286892
-0.0903633
-0.0274343
-0.0905788
-0.0262307
-0.0906669
-0.0250007
-0.0905743
-0.0238248
-0.0903394
-0.0226149
-0.0899154
-0.021462
-0.0893361
-0.0202711
-0.0885584
-0.0191335
-0.0876138
-0.0179568
-0.0864692
-0.0168385
-0.0851485
-0.0156769
-0.0836253
-0.0145731
-0.081922
-0.0134238
-0.0800227
-0.0123308
-0.0779469
-0.0111932
-0.0756854
-0.0101137
-0.0732625
-0.00899082
-0.0706725
-0.00793435
-0.0679487
-0.00684115
-0.0650836
-0.0058177
-0.0621231
-0.00477272
-0.0590525
-0.00382347
-0.0559322
-0.00287772
-0.0527375
-0.00204488
-0.0495457
-0.00124591
-0.0463177
-0.000581503
-0.043142
3.39183e-05
-0.0399687
0.000523392
-0.0368928
0.00100659
-0.0338591
0.00146705
-0.0309675
0.00211731
-0.0281449
0.00303621
-0.0254974
0.00456925
-0.022938
0.00690336
-0.0205744
0.0104039
-0.0183025
0.01503
-0.0162243
0.0205517
-0.0142323
0.0259405
-0.0124084
0.0291938
-0.0106556
0.0264368
-0.00902285
0.0128048
-0.00744186
-0.0143095
-0.00596537
-0.0506477
-0.00456058
-0.0830137
-0.00318103
-0.0985704
-0.00195107
-0.0869586
-0.00150409
-0.0562009
-0.00128491
-0.0211559
-0.00093347
0.00845605
-0.000654916
0.0257182
-0.000421068
0.0292636
-0.000300533
0.0256183
-0.000256395
0.0193554
-0.000128578
0.0172153
0.000227126
0.00858706
0.000391188
0.0170094
0.000597516
-0.0127933
0.00271624
0.0420571
0.00456046
)
;
    }
    walls
    {
        type            zeroGradient;
    }
    frontAndBack
    {
        type            empty;
    }
}


// ************************************************************************* //
