/*--------------------------------*- C++ -*----------------------------------*\
| =========                 |                                                 |
| \\      /  F ield         | OpenFOAM: The Open Source CFD Toolbox           |
|  \\    /   O peration     | Version:  2412                                  |
|   \\  /    A nd           | Website:  www.openfoam.com                      |
|    \\/     M anipulation  |                                                 |
\*---------------------------------------------------------------------------*/
FoamFile
{
    version     2.0;
    format      ascii;
    arch        "LSB;label=32;scalar=64";
    class       volScalarField;
    location    "100";
    object      p;
}
// * * * * * * * * * * * * * * * * * * * * * * * * * * * * * * * * * * * * * //

dimensions      [0 2 -2 0 0 0 0];

internalField   nonuniform List<scalar> 
10720
(
70.8885
7.59555
-67.6968
-144.686
-219.212
-296.525
-367.881
-430.812
-487.536
-534.76
-573.664
-605.123
-629.371
-647.106
-659.113
-665.018
-665.53
-659.303
-647.325
-628.691
-605.007
-576.924
-547.825
-517.937
-483.549
-443.424
-401.276
-361.28
-325.098
-291.202
-257.894
-224.672
-191.435
-157.885
-123.719
-88.0074
-50.4727
-6.37106
35.2462
131.347
185.325
239.47
287.561
324.405
345.036
351.161
346.682
330.426
305.62
277.61
249.76
223.315
199.057
177.412
157.57
139.35
122.151
105.635
89.1875
72.7679
56.0217
39.0789
22.4295
8.22882
-2.41286
-10.7535
-17.079
-21.2675
-23.4517
-23.8721
-22.6592
-19.8991
-15.5973
-9.73565
-1.89313
8.59204
25.3962
53.0752
133.51
85.6965
31.0016
-28.4743
-90.9548
-156.189
-221.019
-283.323
-342.186
-395.808
-443.591
-485.163
-520.385
-549.375
-572.068
-588.159
-597.52
-599.915
-596.053
-585.773
-570.216
-550.18
-527.964
-503.226
-473.002
-436.576
-397.073
-358.571
-323.079
-289.563
-256.549
-223.548
-190.472
-157.077
-123.068
-87.5028
-50.0951
-6.02361
34.8764
175.683
214.888
252.714
287.45
315.271
332.925
339.817
336.533
323.658
303.943
280.607
256.041
231.609
208.23
186.455
166.125
147.138
129.17
111.93
94.9806
78.1952
61.3301
44.4868
28.1639
14.0485
3.15287
-5.401
-12.1287
-17.0479
-20.0351
-21.1337
-20.4575
-18.1221
-14.159
-8.55937
-0.912591
9.42444
26.1427
52.7708
138.789
96.0958
46.9842
-8.02075
-66.3617
-127.574
-190.007
-251.227
-309.677
-364.154
-413.313
-456.59
-493.649
-524.152
-547.78
-564.755
-575.226
-579.183
-576.844
-568.261
-554.168
-535.384
-513.591
-489.07
-460.202
-426.242
-389.265
-352.741
-318.602
-286.121
-253.977
-221.675
-189.137
-156.132
-122.386
-87.0014
-49.7312
-5.79695
34.8271
176.463
211.811
245.709
276.308
300.457
316.355
323.664
322.353
312.803
296.839
276.687
254.42
231.512
208.992
187.539
167.323
148.304
130.288
113.02
96.152
79.4974
62.8811
46.3757
30.4226
16.3471
5.13527
-3.7105
-10.6269
-15.6215
-18.6082
-19.7133
-19.1032
-16.8939
-13.0892
-7.64466
-0.131998
10.1013
26.6637
52.2992
145.81
109.794
67.9648
21.2125
-28.776
-82.0838
-137.141
-192.274
-246.244
-297.83
-345.855
-389.533
-428.237
-461.474
-488.837
-510.24
-525.813
-535.158
-538.209
-534.977
-525.927
-511.74
-493.622
-472.035
-446.022
-415.024
-380.781
-346.366
-313.635
-282.171
-250.87
-219.279
-187.333
-154.818
-121.465
-86.3969
-49.3702
-5.71206
34.7322
177.512
207.129
235.884
262.274
283.422
298.104
305.783
306.1
299.346
286.805
270.136
251.003
230.663
210.071
189.911
170.496
151.903
134.075
116.854
100.004
83.3674
66.8364
50.4859
34.7231
20.632
9.13958
-0.00948569
-7.22614
-12.5642
-15.9739
-17.536
-17.3604
-15.5182
-12.001
-6.7663
0.599018
10.7241
27.0897
51.7705
143.571
111.606
74.3131
32.437
-12.4179
-60.7411
-111.224
-162.409
-213.374
-262.944
-309.98
-353.628
-393.11
-427.78
-457.117
-480.816
-498.613
-510.194
-515.427
-514.412
-507.543
-495.483
-479.224
-459.306
-435.125
-406.222
-374.003
-341.12
-309.354
-278.562
-247.851
-216.809
-185.365
-153.309
-120.367
-85.6686
-48.9817
-5.7332
34.3973
171.756
197.958
223.519
247.068
266.091
279.868
287.807
289.412
284.924
275.227
261.551
245.209
227.237
208.492
189.649
171.104
153.048
135.536
118.507
101.821
85.3571
69.0508
52.981
37.513
23.529
11.8695
2.46835
-5.00989
-10.6174
-14.2906
-16.0717
-16.0679
-14.3624
-10.9657
-5.84007
1.42187
11.4359
27.5554
51.2257
139.417
111.03
77.8025
40.5185
0.633503
-42.5889
-87.9659
-134.329
-181.014
-226.982
-271.273
-313.102
-351.667
-386.267
-416.319
-441.362
-460.981
-475.019
-483.242
-485.619
-482.323
-473.802
-460.75
-443.617
-422.034
-395.708
-365.859
-334.838
-304.369
-274.529
-244.605
-214.223
-183.327
-151.745
-119.224
-84.9196
-48.6244
-5.89713
33.7981
164.489
187.748
210.634
231.895
249.255
262.301
270.397
272.972
270.249
262.868
251.769
237.999
222.39
205.668
188.45
171.139
153.979
137.101
120.521
104.178
88.0064
71.9822
56.1987
40.9958
27.1159
15.3193
5.68314
-2.03952
-7.90095
-11.841
-13.8991
-14.1748
-12.7444
-9.60797
-4.71242
2.35295
12.1869
27.9964
50.6291
133.343
107.721
77.6701
43.9498
7.9763
-31.1732
-72.4452
-114.83
-157.897
-200.734
-242.528
-282.593
-320.142
-354.464
-384.937
-410.996
-432.166
-448.089
-458.432
-463.027
-461.977
-455.677
-444.7
-429.489
-409.897
-385.748
-358.029
-328.753
-299.531
-270.604
-241.431
-211.685
-181.322
-150.191
-118.071
-84.1616
-48.3138
-6.21066
32.9179
156.012
177.004
197.8
217.242
233.275
245.698
253.86
257.159
255.807
250.292
241.347
229.816
216.358
201.57
185.986
169.981
153.821
137.685
121.654
105.737
89.9232
74.2323
58.7732
43.8628
30.1335
18.2702
8.45034
0.513511
-5.58523
-9.78917
-12.1164
-12.6494
-11.4488
-8.51184
-3.78194
3.14245
12.8336
28.3285
49.9487
126.567
103.265
75.9097
45.2482
12.6498
-22.8992
-60.4417
-99.0978
-138.59
-178.152
-217.088
-254.831
-290.671
-323.933
-353.988
-380.241
-402.144
-419.255
-431.271
-437.982
-439.342
-435.589
-427.101
-414.214
-396.891
-375.052
-349.537
-322.091
-294.22
-266.301
-237.961
-208.925
-179.162
-148.542
-116.866
-83.3754
-48.0123
-6.61624
31.7701
147.224
166.337
185.399
203.328
218.272
230.146
238.296
242.132
241.84
237.816
230.654
221.047
209.522
196.558
182.605
167.987
152.962
137.732
122.414
107.069
91.7331
76.4637
61.3859
46.7991
33.2604
21.3892
11.4315
3.30991
-3.00407
-7.45198
-10.0346
-10.8208
-9.86333
-7.15421
-2.63062
4.10257
13.5934
28.6925
49.2662
119.444
98.0809
72.9873
44.8935
15.1383
-17.3413
-51.6727
-87.0658
-123.375
-159.931
-196.162
-231.614
-265.654
-297.667
-327.056
-353.214
-375.561
-393.62
-406.98
-415.372
-418.609
-416.844
-410.354
-399.426
-384.098
-364.359
-340.905
-315.227
-288.706
-261.817
-234.33
-206.028
-176.89
-146.81
-115.609
-82.5687
-47.7061
-7.07787
30.4234
138.425
155.977
173.589
190.242
204.263
215.64
223.721
227.951
228.476
225.644
219.95
211.974
202.143
190.842
178.439
165.201
151.359
137.112
122.596
107.908
93.1233
78.3315
63.6727
49.4359
36.121
24.2928
14.2412
5.96359
-0.545845
-5.22509
-8.05922
-9.09799
-8.3812
-5.89411
-1.569
4.97995
14.2708
28.9577
48.5133
112.294
92.5874
69.4371
43.5598
16.2534
-13.5538
-45.0543
-77.5325
-110.931
-144.667
-178.273
-211.389
-243.462
-273.961
-302.327
-327.969
-350.312
-368.845
-383.115
-392.833
-397.73
-397.837
-393.309
-384.351
-371.025
-353.357
-331.935
-308.036
-282.913
-257.106
-230.515
-202.983
-174.505
-144.993
-114.297
-81.7432
-47.3985
-7.60586
28.9439
129.843
146.064
162.437
177.996
191.218
202.131
210.108
214.614
215.771
213.892
209.402
202.798
194.437
184.628
173.669
161.77
149.127
135.921
122.29
108.348
94.1986
79.9547
65.7702
51.9245
38.8775
27.1497
17.0575
8.66224
1.98624
-2.90233
-5.97175
-7.25427
-6.77849
-4.52137
-0.409952
5.9306
14.9873
29.2044
47.7269
105.277
86.9997
65.5333
41.5754
16.3963
-11.0829
-40.0997
-70.0022
-100.786
-131.945
-163.1
-193.973
-224.087
-252.982
-280.162
-305.074
-327.157
-345.895
-360.797
-371.54
-377.785
-379.454
-376.621
-369.432
-357.952
-342.226
-322.743
-300.584
-276.87
-252.178
-226.517
-199.788
-172
-143.09
-112.931
-80.901
-47.1055
-8.21112
27.3513
121.586
136.661
151.958
166.566
179.081
189.561
197.402
202.096
203.739
202.623
199.119
193.667
186.571
178.081
168.441
157.81
146.343
134.194
121.492
108.356
94.9034
81.263
67.5966
54.1761
41.4343
29.8556
19.7702
11.2923
4.4749
-0.604509
-3.89859
-5.41956
-5.183
-3.15549
0.740158
6.86564
15.6741
29.3936
46.8993
98.4891
81.4667
61.4778
39.2057
15.8873
-9.54098
-36.36
-63.9651
-92.3952
-121.201
-150.072
-178.801
-206.98
-234.225
-260.093
-284.079
-305.658
-324.321
-339.563
-351.032
-358.367
-361.384
-360.082
-354.541
-344.813
-330.938
-313.32
-292.868
-270.577
-247.032
-222.336
-196.442
-169.378
-141.101
-111.512
-80.0437
-46.8398
-8.89501
25.6563
113.717
127.792
142.143
155.908
167.79
177.86
185.546
190.357
192.372
191.866
189.172
184.684
178.669
171.335
162.884
153.431
143.094
131.995
120.246
107.958
95.2537
82.2687
69.1657
56.2105
43.8151
32.4361
22.4087
13.8894
6.96223
1.71665
-1.78402
-3.53233
-3.53121
-1.73607
1.93464
7.82778
16.3615
29.5436
46.0374
91.9917
76.0754
57.3957
36.6156
14.9423
-8.6703
-33.5362
-59.0887
-85.4011
-112.073
-138.839
-165.555
-191.873
-217.472
-241.974
-264.924
-285.836
-304.221
-319.581
-331.534
-339.714
-343.846
-343.869
-339.808
-331.693
-319.552
-303.708
-284.915
-264.045
-241.673
-217.971
-192.944
-166.637
-139.026
-110.041
-79.1725
-46.6048
-9.65741
23.8656
106.26
119.455
132.959
145.971
157.279
166.964
174.479
179.35
181.647
181.63
179.6
175.919
170.826
164.501
157.109
148.735
139.462
129.384
118.587
107.171
95.2495
82.9582
70.4573
58.004
45.9933
34.8596
24.9383
16.4177
9.41168
4.02416
0.333917
-1.63152
-1.86153
-0.29886
3.14209
8.79176
17.0316
29.6477
45.1436
85.8118
70.8827
53.3722
33.9247
13.7158
-8.2755
-31.3974
-55.1104
-79.5145
-104.245
-129.079
-153.916
-178.463
-202.454
-225.572
-247.414
-267.533
-285.474
-300.753
-312.97
-321.77
-326.813
-327.979
-325.246
-318.616
-308.096
-293.933
-276.746
-257.287
-236.106
-213.424
-189.293
-163.773
-136.862
-108.517
-78.2865
-46.3978
-10.4951
21.9828
99.2221
111.629
124.372
136.705
147.49
156.806
164.139
169.029
171.537
171.911
170.428
167.421
163.113
157.662
151.208
143.811
135.528
126.425
116.564
106.022
94.9046
83.3365
71.471
59.5538
47.9649
37.121
27.3534
18.8736
11.823
6.32091
2.46176
0.292847
-0.161552
1.16889
4.37391
9.76609
17.6897
29.7115
44.223
79.961
65.9196
49.462
31.2135
12.3185
-8.22008
-29.7729
-51.8318
-74.5105
-97.4743
-120.535
-143.63
-166.509
-188.958
-210.705
-231.402
-250.647
-268.02
-283.064
-295.37
-304.59
-310.352
-312.481
-310.916
-305.633
-296.612
-284.03
-268.386
-250.318
-230.338
-208.698
-185.489
-160.787
-134.611
-106.941
-77.3873
-46.2175
-11.4047
20.0123
92.5983
104.294
116.347
128.063
138.363
147.326
154.472
159.348
162.01
162.695
161.661
159.219
155.579
150.884
145.256
138.739
131.365
123.179
114.22
104.543
94.2352
83.4094
72.2053
60.8533
49.7195
39.206
29.637
21.2397
14.1789
8.59064
4.58425
2.22641
1.55558
2.65535
5.61985
10.7426
18.3303
29.7354
43.2799
74.4397
61.2046
45.7006
28.5388
10.8278
-8.39652
-28.5323
-49.0968
-70.2108
-91.5661
-113.005
-134.489
-155.806
-176.783
-197.196
-216.74
-235.061
-251.775
-266.457
-278.702
-288.168
-294.478
-297.404
-296.853
-292.778
-285.135
-274.032
-259.863
-243.157
-224.379
-203.798
-181.535
-157.681
-132.27
-105.311
-76.4742
-46.0638
-12.3782
17.9636
86.3758
97.4263
108.849
120
129.847
138.473
145.427
150.263
153.033
153.966
153.303
151.334
148.263
144.22
139.317
133.584
127.039
119.706
111.604
102.768
93.2642
83.1879
72.6624
61.9003
51.2526
41.1067
31.7785
23.5048
16.4696
10.825
6.69507
4.16491
3.28766
4.15929
6.87911
11.7205
18.9529
29.7224
42.3193
69.2437
56.7429
42.1087
25.9382
9.3021
-8.72935
-27.58
-46.7867
-66.4785
-86.3696
-106.321
-126.316
-146.176
-165.762
-184.889
-203.296
-220.669
-236.664
-250.886
-262.95
-272.514
-279.217
-282.784
-283.098
-280.096
-273.705
-263.976
-251.205
-235.823
-218.242
-198.732
-177.434
-154.454
-129.841
-103.628
-75.5483
-45.9366
-13.4092
15.8473
80.5383
90.9996
101.845
112.47
121.896
130.198
136.956
141.734
144.575
145.704
145.345
143.774
141.187
137.708
133.439
128.402
122.607
116.061
108.765
100.735
92.0183
82.6889
72.8508
62.6965
52.56
42.8149
33.7666
25.6559
18.6821
13.0117
8.78325
6.09879
5.02672
5.67412
8.14625
12.6957
19.5554
29.6755
41.346
64.3629
52.5357
38.7011
23.4366
7.78286
-9.16113
-26.8389
-44.8103
-63.2042
-81.756
-100.343
-118.967
-137.472
-155.752
-173.652
-190.948
-207.369
-222.605
-236.296
-248.08
-257.618
-264.575
-268.643
-269.685
-267.621
-262.359
-253.897
-242.443
-228.341
-211.942
-193.508
-173.192
-151.11
-127.325
-101.893
-74.6076
-45.8341
-14.4888
13.6764
75.0668
84.987
95.2978
105.437
114.464
122.456
129.017
133.721
136.605
137.887
137.779
136.543
134.369
131.376
127.661
123.242
118.12
112.292
105.746
98.4818
90.5254
81.9311
72.7814
63.2462
53.6413
44.3254
35.5921
27.682
20.8049
15.14
10.8391
8.01994
6.76626
7.19462
9.41701
13.6653
20.1363
29.5978
40.3661
59.7846
48.5788
35.4808
21.0523
6.29838
-9.64806
-26.2526
-43.0922
-60.3005
-77.6255
-94.9601
-112.318
-129.568
-146.622
-163.357
-179.582
-195.061
-209.519
-222.63
-234.057
-243.469
-250.56
-255.002
-256.642
-255.389
-251.134
-243.83
-233.611
-220.735
-205.497
-188.137
-168.815
-147.652
-124.724
-100.107
-73.6528
-45.7549
-15.6098
11.4614
69.9429
79.3625
89.1789
98.8611
107.512
115.208
121.571
126.189
129.093
130.493
130.592
129.638
127.817
125.245
122.013
118.139
113.62
108.445
102.591
96.0455
88.8156
80.9357
72.4669
63.5562
54.4983
45.6351
37.2477
29.5729
22.8266
17.1985
12.852
9.91902
8.49833
8.71437
10.6864
14.6255
20.6945
29.4927
39.3848
55.4958
44.8664
32.45
18.7939
4.86963
-10.1589
-25.7759
-41.5785
-57.6979
-73.8967
-90.0784
-106.269
-122.352
-138.26
-153.897
-169.096
-183.654
-197.331
-209.83
-220.843
-230.048
-237.169
-241.873
-243.992
-243.429
-240.064
-233.812
-224.739
-213.031
-198.924
-182.632
-164.311
-144.085
-122.04
-98.2687
-72.6819
-45.695
-16.7628
9.21338
65.1471
74.1028
83.4573
92.7118
101.006
108.415
114.584
119.106
122.011
123.503
123.772
123.056
121.537
119.328
116.518
113.125
109.143
104.558
99.339
93.4617
86.9191
79.7271
71.9253
63.6374
55.1351
46.7428
38.7277
31.3197
24.7368
19.1763
14.8114
11.7866
10.2148
10.2266
11.9491
15.5729
21.2287
29.3636
38.4076
51.482
41.3883
29.6068
16.668
3.51102
-10.6696
-25.3763
-40.223
-55.3404
-70.5025
-85.6237
-100.736
-115.738
-130.579
-145.18
-159.402
-173.07
-185.971
-197.84
-208.396
-217.332
-224.397
-229.264
-231.756
-231.77
-229.182
-223.876
-215.861
-205.258
-192.246
-177.008
-159.689
-140.414
-119.275
-96.3809
-71.6943
-45.6514
-17.9393
6.94467
60.6618
69.1836
78.1063
86.9571
94.9126
102.047
108.022
112.444
115.335
116.894
117.303
116.789
115.529
113.635
111.194
108.224
104.72
100.665
96.0246
90.7646
84.8667
78.3304
71.1758
63.5021
55.5583
47.6498
40.0285
32.9151
26.526
21.0629
16.7067
13.6129
11.9068
11.7243
13.1994
16.5038
21.7381
29.2144
37.44
47.7295
38.1363
26.9461
14.6762
2.23155
-11.1624
-25.0262
-38.9908
-53.1815
-67.3878
-81.53
-95.6463
-109.646
-123.493
-137.124
-150.42
-163.231
-175.372
-186.605
-196.675
-205.296
-212.231
-217.178
-219.945
-220.434
-218.517
-214.054
-207.01
-197.444
-185.485
-171.28
-154.961
-136.646
-116.434
-94.4436
-70.6879
-45.6185
-19.128
4.66947
56.4676
64.5832
73.0991
81.5706
89.2035
96.0737
101.859
106.174
109.039
110.647
111.171
110.828
109.791
108.171
106.052
103.455
100.376
96.7958
92.6789
87.9858
82.6879
76.7711
70.2376
63.1644
55.7766
48.3596
41.1487
34.3534
28.1856
22.8483
18.5278
15.388
13.5655
13.1998
14.4315
17.4144
22.2218
29.0483
36.4876
44.2238
35.0987
24.4631
12.8187
1.03646
-11.6254
-24.7068
-37.8531
-51.1879
-64.509
-77.7463
-90.9401
-104.011
-116.931
-129.654
-142.076
-154.069
-165.472
-176.072
-185.639
-193.909
-200.659
-205.612
-208.573
-209.442
-208.095
-204.379
-198.216
-189.619
-178.665
-165.469
-150.141
-132.791
-113.521
-92.4592
-69.6614
-45.5919
-20.3202
2.40074
52.5468
60.2811
68.4147
76.5261
83.8524
90.4684
96.0657
100.272
103.101
104.743
105.361
105.163
104.319
102.937
101.1
98.8315
96.1284
92.9733
89.3291
85.1533
80.4104
75.0745
69.1327
62.6412
55.8013
48.8778
42.0889
35.6308
29.7085
24.5235
20.2645
17.1019
15.1817
14.6454
15.6394
18.3011
22.6794
28.869
35.5553
40.9513
32.2662
22.1508
11.093
-0.0704873
-12.0492
-24.4022
-36.7889
-49.3285
-61.8309
-74.2298
-86.5691
-98.777
-110.835
-122.707
-134.306
-145.523
-156.212
-166.19
-175.247
-183.142
-189.661
-194.561
-197.642
-198.808
-197.94
-194.877
-189.511
-181.811
-171.812
-159.592
-145.24
-128.857
-110.541
-90.4283
-68.6121
-45.5643
-21.5035
0.15355
48.8835
56.2585
64.0311
71.8026
78.8351
85.2049
90.6189
94.7133
97.5011
99.1638
99.8588
99.7839
99.106
97.9317
96.3424
94.3634
91.994
89.2179
85.999
82.2933
78.0602
73.2653
67.8827
61.9497
55.645
49.2117
42.8511
36.7453
31.0892
26.08
21.9074
18.745
16.7457
16.0529
16.8166
19.1598
23.1102
28.6796
34.6483
37.8982
29.6276
20.0023
9.49533
-1.08752
-12.4283
-24.1007
-35.7792
-47.5804
-59.3219
-70.9431
-82.4888
-93.8959
-105.152
-116.23
-127.055
-137.535
-147.541
-156.912
-165.459
-172.963
-179.22
-184.016
-187.155
-188.543
-188.072
-185.577
-180.924
-174.05
-164.95
-153.67
-140.277
-124.856
-107.501
-88.3538
-67.5378
-45.5301
-22.6676
-2.05852
45.462
52.4982
59.9297
67.3763
74.1282
80.2613
85.4959
89.4784
92.2185
93.8919
94.6493
94.6798
94.1464
93.1536
91.7815
90.0579
87.9838
85.5455
82.7079
79.4275
75.6605
71.366
66.5081
61.1078
55.321
49.3707
43.44
37.6964
32.3234
27.5116
23.4479
20.3077
18.2488
17.4142
17.9569
19.9869
23.5139
28.4832
33.7707
35.0523
27.1734
18.0098
8.02173
-2.01662
-12.7583
-23.7944
-34.8123
-45.9246
-56.958
-67.8566
-78.665
-89.327
-99.8369
-110.172
-120.272
-130.055
-139.411
-148.194
-156.237
-163.341
-169.314
-173.967
-177.11
-178.657
-178.508
-176.499
-172.481
-166.362
-158.105
-147.726
-135.266
-120.797
-104.407
-86.2363
-66.4362
-45.4803
-23.8004
-4.22141
42.2679
48.9837
56.0907
63.2284
69.7115
75.6161
80.6758
84.5468
87.235
88.9111
89.7189
89.8395
89.4316
88.5978
87.417
85.9185
84.1061
81.9681
79.4723
76.5754
73.2326
69.3985
65.0296
60.1328
54.8439
49.3648
43.8612
38.4854
33.4084
28.8119
24.878
21.7813
19.6817
18.7214
19.0539
20.7784
23.8899
28.2825
32.9265
32.4015
24.8922
16.1661
6.66728
-2.85799
-13.0378
-23.4769
-33.8763
-44.3458
-54.7187
-64.9447
-75.0674
-85.0369
-94.8507
-104.494
-113.913
-123.039
-131.776
-139.995
-147.545
-154.246
-159.919
-164.398
-167.502
-169.152
-169.261
-167.666
-164.208
-158.774
-151.303
-141.78
-130.227
-116.695
-101.267
-84.0806
-65.3047
-45.4087
-24.8928
-6.32194
39.2869
45.6991
52.4983
59.3407
65.5663
71.2515
76.1401
79.8998
82.5332
84.2055
85.0538
85.2514
84.9528
84.2588
83.2467
81.9475
80.3671
78.4964
76.3054
73.7532
70.7948
67.3825
63.4669
59.0436
54.2292
49.2058
44.1221
39.1157
34.3436
29.9769
26.1911
23.1576
21.036
19.9667
20.1015
21.5307
24.2379
28.0796
32.1187
29.934
22.7757
14.4627
5.42723
-3.61543
-13.2651
-23.1436
-32.9645
-42.8318
-52.5884
-62.187
-71.6716
-80.9953
-90.1612
-99.1575
-107.939
-116.447
-124.598
-132.276
-139.347
-145.649
-151.013
-155.295
-158.325
-160.032
-160.34
-159.092
-156.126
-151.311
-144.567
-135.856
-125.175
-112.563
-98.0881
-81.8872
-64.1407
-45.308
-25.9325
-8.34733
36.5059
42.6305
49.1364
55.697
61.6756
67.1488
71.8713
75.5207
78.0971
79.7603
80.641
80.9047
80.7021
80.1309
79.2679
78.1448
76.77
75.1366
73.2177
70.9746
68.3634
65.3359
61.8383
57.857
53.4916
48.9055
44.2313
39.5914
35.1291
31.0036
27.3817
24.4292
22.3035
21.1424
21.0935
22.24
24.557
27.8766
31.35
27.6388
20.8131
12.8924
4.29566
-4.29064
-13.4419
-22.7922
-32.0691
-41.3728
-50.5531
-59.5654
-68.4546
-77.1773
-85.7381
-94.1308
-102.316
-110.244
-117.84
-125.003
-131.611
-137.52
-142.573
-146.642
-149.571
-151.297
-151.753
-150.795
-148.255
-143.997
-137.923
-129.974
-120.131
-108.413
-94.8805
-79.6607
-62.9423
-45.169
-26.9107
-10.2859
33.9131
39.764
45.9906
52.2808
58.0229
63.292
67.853
71.3933
73.9113
75.5612
76.4674
76.7879
76.6694
76.2072
75.4756
74.5087
73.3162
71.8937
70.2172
68.2508
65.9527
63.2743
60.1602
56.5893
52.6461
48.4765
44.1981
39.9187
35.7673
31.8907
28.4454
25.5901
23.4772
22.2417
22.0242
22.9028
24.8471
27.6745
30.6219
25.5056
18.9962
11.4478
3.26706
-4.88825
-13.5673
-22.4204
-31.1862
-39.9604
-48.6006
-57.0653
-65.3982
-73.5598
-81.5569
-89.3859
-97.0135
-104.397
-111.47
-118.143
-124.308
-129.834
-134.576
-138.421
-141.228
-142.941
-143.505
-142.782
-140.612
-136.851
-131.39
-124.156
-115.111
-104.26
-91.6514
-77.4043
-61.7068
-44.9857
-27.8164
-12.1261
31.4966
37.0869
43.0465
49.079
54.5936
59.6653
64.07
67.503
69.9619
71.5949
72.5208
72.8905
72.8454
72.4798
71.8652
71.0368
70.0063
68.7707
67.3099
65.5909
63.5739
61.2113
58.4476
55.256
51.7073
47.9317
44.0326
40.1041
36.2614
32.638
29.3793
26.6348
24.5508
23.2576
22.888
23.5156
25.1071
27.4743
29.9353
23.5244
17.3157
10.1216
2.33578
-5.41085
-13.6446
-22.0281
-30.312
-38.5891
-46.723
-54.6748
-62.4877
-70.1254
-77.5958
-84.8984
-92.0045
-98.8772
-105.458
-111.668
-117.409
-122.564
-127.001
-130.616
-133.286
-134.961
-135.595
-135.064
-133.211
-129.892
-124.991
-118.422
-110.134
-100.119
-88.412
-75.1218
-60.4334
-44.7512
-28.6419
-13.8589
29.2455
34.5876
40.2925
46.0772
51.3736
56.2554
60.5076
63.8361
66.2355
67.849
68.7895
69.2013
69.2215
68.9412
68.4306
67.7252
66.8384
65.7691
64.5002
63.0019
61.2367
59.1592
56.7141
53.8709
50.6891
47.2838
43.7454
40.1557
36.6161
33.247
30.1818
27.5597
25.5192
24.1848
23.6801
24.0753
25.3361
27.276
29.29
21.6861
15.7638
8.90656
1.49627
-5.86368
-13.6748
-21.6148
-29.4454
-37.2544
-44.9126
-52.384
-59.71
-66.8579
-73.8362
-80.6472
-87.2658
-93.6599
-99.7785
-105.55
-110.889
-115.687
-119.825
-123.209
-125.732
-127.349
-128.024
-127.646
-126.064
-123.136
-118.743
-112.79
-105.218
-96.0022
-85.1705
-72.8173
-59.1208
-44.459
-29.3787
-15.4753
27.1496
32.2551
37.716
43.2634
48.35
53.0484
57.1533
60.3793
62.719
64.311
65.2623
65.7107
65.7883
65.5837
65.1656
64.5697
63.8105
62.8891
61.7908
60.4887
58.9488
57.1277
54.9716
52.4474
49.6044
46.5448
43.3473
40.0817
36.837
33.7203
30.8526
28.3622
26.378
25.018
24.396
24.5788
25.5331
27.0795
28.6855
19.9813
14.3318
7.79605
0.742835
-6.24938
-13.6609
-21.1811
-28.5829
-35.9516
-43.1627
-50.1835
-57.0538
-63.7436
-70.2625
-76.6138
-82.7765
-88.7225
-94.4071
-99.7663
-104.722
-109.179
-113.029
-116.184
-118.553
-120.097
-120.79
-120.531
-119.178
-116.596
-112.662
-107.279
-100.378
-91.9254
-81.9372
-70.4961
-57.7681
-44.1044
-30.0203
-16.9677
25.1992
30.0788
35.3065
40.6257
45.5108
50.0326
53.9946
57.1202
59.4009
60.9697
61.9283
62.4079
62.5363
62.3995
62.0636
61.5652
60.9194
60.1291
59.1824
58.0552
56.7163
55.1252
53.2301
50.9966
48.4654
45.7267
42.8489
39.8913
36.9307
34.0618
31.393
29.0409
27.1243
25.7534
25.0321
25.0235
25.6968
26.8839
28.1199
18.402
13.013
6.78333
0.0703285
-6.57318
-13.6049
-20.7277
-27.7253
-34.6778
-41.4684
-48.066
-54.5091
-60.77
-66.8594
-72.7816
-78.5183
-84.0452
-89.3231
-94.294
-98.8888
-103.021
-106.592
-109.523
-111.735
-113.196
-113.888
-113.72
-112.561
-110.282
-106.762
-101.903
-95.6293
-87.9003
-78.7214
-68.1625
-56.3759
-43.682
-30.5601
-18.33
23.3852
28.049
33.053
38.1538
42.8448
47.1961
51.0196
54.0475
56.2697
57.8139
58.7769
59.2833
59.4566
59.38
59.1178
58.7061
58.1611
57.4875
56.6751
55.7033
54.5435
53.1582
51.4981
49.5284
47.2829
44.8407
42.2609
39.5935
36.9045
34.2762
31.805
29.5957
27.7563
26.3881
25.5853
25.407
25.826
26.6879
27.591
16.9402
11.7995
5.8623
-0.526778
-6.83819
-13.5102
-20.2564
-26.8711
-33.4318
-39.8262
-46.0261
-52.0686
-57.9281
-63.6155
-69.1363
-74.4748
-79.6098
-84.5065
-89.1133
-93.3676
-97.1911
-100.496
-103.21
-105.265
-106.636
-107.312
-107.212
-106.217
-104.203
-101.056
-96.6764
-90.9867
-83.94
-75.5329
-65.8224
-54.9451
-43.1901
-30.9949
-19.5577
21.699
26.1563
30.9464
35.8368
40.3413
44.5283
48.2176
51.1503
53.3146
54.8331
55.7981
56.3275
56.5406
56.5179
56.3213
55.9867
55.5316
54.9612
54.2682
53.4342
52.4338
51.2322
49.7832
48.0522
46.067
43.8972
41.5935
39.1978
36.7661
34.3695
32.0925
30.0282
28.2734
26.9205
26.0533
25.7274
25.9192
26.4899
27.0958
15.5882
10.6851
5.02672
-1.05335
-7.04948
-13.3787
-19.768
-26.021
-32.2114
-38.2325
-44.0585
-49.7249
-55.2081
-60.5196
-65.6654
-70.6318
-75.4004
-79.9405
-84.2057
-88.1399
-91.6723
-94.7238
-97.2283
-99.1289
-100.406
-101.055
-101.006
-100.147
-98.3651
-95.5515
-91.6102
-86.4619
-80.0556
-72.3802
-63.4809
-53.4769
-42.6262
-31.3206
-20.6473
20.1325
24.3923
28.977
33.666
37.9906
42.0189
45.5783
48.4182
50.5254
52.0176
52.9825
53.5315
53.7796
53.8049
53.6667
53.4013
53.0257
52.5472
51.9597
51.2481
50.3889
49.351
48.0911
46.5755
44.8266
42.9058
40.8566
38.7135
36.5237
34.3481
32.2599
30.3407
28.6764
27.3496
26.4348
25.9831
25.9749
26.2876
26.6308
14.339
9.66271
4.27098
-1.51459
-7.20991
-13.2145
-19.265
-25.175
-31.0157
-36.685
-42.1589
-47.4723
-52.6027
-57.5621
-62.3572
-66.9762
-71.4026
-75.6094
-79.5549
-83.189
-86.4472
-89.2584
-91.5631
-93.3138
-94.4958
-95.1096
-95.0946
-94.3505
-92.7717
-90.2571
-86.7145
-82.0658
-76.2575
-69.2725
-61.144
-51.9742
-41.9895
-31.536
-21.5973
18.6782
22.7489
27.1369
31.6316
35.7835
39.6587
43.0921
45.8416
47.8926
49.3579
50.3205
50.8862
51.1655
51.2334
51.1476
50.9433
50.6387
50.2415
49.7477
49.1441
48.4104
47.518
46.4268
45.1047
43.5695
41.8754
40.0594
38.1498
36.1858
34.2191
32.3126
30.5369
28.9671
27.6762
26.7293
26.1732
25.992
26.0789
26.1921
13.186
8.72685
3.58943
-1.91479
-7.32446
-13.0194
-18.7485
-24.3342
-29.8436
-35.1811
-40.324
-45.3056
-50.1053
-54.7352
-59.2025
-63.4964
-67.6035
-71.4991
-75.1459
-78.4986
-81.4998
-84.0845
-86.1997
-87.8059
-88.8929
-89.4667
-89.4745
-88.8258
-87.4244
-85.177
-81.9964
-77.8071
-72.5549
-66.2171
-58.8171
-50.4399
-41.2807
-31.6403
-22.4066
17.3287
21.2185
25.4173
29.7258
33.7111
37.4384
40.75
43.4115
45.4071
46.845
47.8036
48.3831
48.6898
48.7957
48.7565
48.6069
48.3652
48.04
47.6291
47.1211
46.4983
45.7348
44.7941
43.6453
42.3028
40.814
39.2106
37.5154
35.7609
33.9903
32.257
30.6214
29.1484
27.9015
26.937
26.2969
25.9689
25.8611
25.7754
12.1227
7.87084
2.97708
-2.25877
-7.39584
-12.7968
-18.2207
-23.4985
-28.6954
-33.7197
-38.5507
-43.2205
-47.71
-52.0316
-56.1921
-60.1828
-63.9917
-67.5969
-70.9649
-74.0549
-76.815
-79.1872
-81.1235
-82.5917
-83.5862
-84.1169
-84.1383
-83.5694
-82.3231
-80.3143
-77.4615
-73.6934
-68.9557
-63.222
-56.5067
-48.878
-40.5017
-31.635
-23.0767
16.0773
19.7937
23.8112
27.94
31.7653
35.35
38.5433
41.1191
43.0603
44.4704
45.4235
46.0144
46.3448
46.4846
46.4869
46.3858
46.2
45.9385
45.6007
45.1771
44.6522
44.0029
43.1959
42.2019
41.0324
39.7288
38.3183
36.819
35.2574
33.6695
32.1
30.5999
29.2245
28.0282
27.0591
26.3544
25.9046
25.6317
25.3763
11.1433
7.09003
2.42871
-2.55071
-7.42853
-12.5491
-17.6831
-22.6697
-27.5705
-32.2992
-36.8363
-41.2131
-45.4117
-49.4443
-53.3183
-57.0258
-60.5566
-63.8911
-66.9992
-69.8442
-72.3792
-74.5525
-76.321
-77.6587
-78.564
-79.0501
-79.0782
-78.5761
-77.4658
-75.6699
-73.1136
-69.7299
-65.4662
-60.2935
-54.2179
-47.2925
-39.6553
-31.5219
-23.6092
14.9176
18.4679
22.3112
26.2677
29.9383
33.3852
36.4642
38.9565
40.8442
42.2259
43.1721
43.772
44.1232
44.2929
44.332
44.274
44.1377
43.9325
43.6591
43.3098
42.8712
42.3228
41.6342
40.778
39.7633
38.6262
37.3899
36.0686
34.6837
33.2647
31.8488
30.4786
29.2002
28.0597
27.0976
26.3461
25.7981
25.3879
24.9902
10.242
6.37846
1.93982
-2.79488
-7.42514
-12.2797
-17.138
-21.8481
-26.469
-30.9186
-35.1791
-39.2803
-43.2059
-46.968
-50.574
-54.0171
-57.2886
-60.371
-63.2372
-65.854
-68.1796
-70.1673
-71.7791
-72.994
-73.8145
-74.2561
-74.2859
-73.8399
-72.8489
-71.2429
-68.9542
-65.9206
-62.0919
-57.4375
-51.9567
-45.6888
-38.7457
-31.3051
-24.0078
13.8436
17.2345
20.911
24.7012
28.223
31.5369
34.5049
36.9159
38.7509
40.1042
41.042
41.6488
42.0178
42.2138
42.2855
42.2656
42.1729
42.0174
41.8007
41.5167
41.154
40.6944
40.1103
39.3767
38.4999
37.5119
36.4322
35.2718
34.0478
32.7842
31.5114
30.2643
29.0813
28.0004
27.0552
26.2732
25.6489
25.1272
24.6125
9.41342
5.73184
1.5058
-2.99501
-7.38977
-11.9903
-16.5869
-21.0354
-25.3912
-29.5771
-33.577
-37.4191
-41.0886
-44.5973
-47.9529
-51.1494
-54.1792
-57.0269
-59.6682
-62.073
-64.2039
-66.019
-67.485
-68.5855
-69.3261
-69.7242
-69.7523
-69.3537
-68.4674
-67.0311
-64.9835
-62.2678
-58.8367
-54.6589
-49.7282
-44.0717
-37.7776
-30.9888
-24.2767
12.8495
16.0877
19.6036
23.2343
26.6125
29.7977
32.6583
34.9901
36.7733
38.0977
39.026
39.6376
40.0218
40.2407
40.341
40.3547
40.3004
40.1886
40.0216
39.7948
39.4986
39.117
38.6252
37.9998
37.2459
36.3909
35.4513
34.4358
33.3576
32.2359
31.0954
29.9645
28.8741
27.8552
26.9355
26.1374
25.4567
24.8473
24.239
8.65257
5.14483
1.12265
-3.15501
-7.32458
-11.6842
-16.032
-20.2318
-24.337
-28.2741
-32.0282
-35.6268
-39.056
-42.3275
-45.449
-48.4155
-51.2204
-53.85
-56.2822
-58.4905
-60.4407
-62.0961
-63.4268
-64.4213
-65.087
-65.4433
-65.4676
-65.1096
-64.3155
-63.0306
-61.2
-58.7723
-55.7033
-51.9621
-47.5379
-42.4469
-36.7568
-30.5792
-24.4218
11.9299
15.0217
18.3836
21.8604
25.1003
28.1614
30.9177
33.1721
34.9043
36.1998
37.1173
37.7317
38.1286
38.3673
38.4927
38.5358
38.5153
38.4416
38.318
38.1413
37.9033
37.5899
37.1792
36.6496
36.0044
35.2675
34.453
33.5673
32.6205
31.6279
30.609
29.5865
28.5853
27.6299
26.7425
25.941
25.2217
24.5462
23.8656
7.95471
4.61369
0.786135
-3.27815
-7.23372
-11.3631
-15.4746
-19.439
-23.3067
-27.0088
-30.5315
-33.901
-37.105
-40.1544
-43.0573
-45.8092
-48.4048
-50.8316
-53.0702
-55.0962
-56.8793
-58.387
-59.5931
-60.4895
-61.0859
-61.403
-61.4219
-61.0988
-60.3864
-59.2367
-57.6012
-55.4337
-52.6934
-49.3502
-45.39
-40.8199
-35.6894
-30.0825
-24.4491
11.0799
14.0314
17.2451
20.5739
23.6803
26.6213
29.2765
31.4557
33.1376
34.4037
35.3094
35.9249
36.3321
36.5878
36.7349
36.8037
36.8125
36.772
36.6863
36.5531
36.3657
36.1121
35.7725
35.327
34.7778
34.1456
33.4423
32.6724
31.8436
30.9676
30.0599
29.1382
28.222
27.3304
26.4808
25.6866
24.9446
24.2221
23.4884
7.31528
4.1337
0.492627
-3.36793
-7.11897
-11.0298
-14.9167
-18.6574
-22.3008
-25.7809
-29.0854
-32.2397
-35.2322
-38.074
-40.7728
-43.3248
-45.7258
-47.9644
-50.0233
-51.8807
-53.5097
-54.8812
-55.9725
-56.7787
-57.3115
-57.5921
-57.6051
-57.3123
-56.6724
-55.6435
-54.1833
-52.2503
-49.8075
-46.8259
-43.289
-39.1965
-34.5822
-29.5062
-24.3663
10.2947
13.1115
16.1829
19.3691
22.3469
25.1719
27.7288
29.8345
31.4669
32.7035
33.5963
34.2112
34.6265
34.8964
35.0622
35.1532
35.1875
35.1757
35.1228
35.0274
34.884
34.6823
34.4046
34.033
33.5683
33.0286
32.4237
31.7568
31.0333
30.2623
29.4557
28.6272
27.7915
26.9631
26.1553
25.3775
24.6264
23.8741
23.1044
6.73016
3.70147
0.238517
-3.42731
-6.98379
-10.6858
-14.3594
-17.8885
-21.3192
-24.5896
-27.6888
-30.6407
-33.435
-36.0824
-38.5907
-40.9567
-43.1767
-45.2408
-47.1334
-48.8352
-50.322
-51.5684
-52.5544
-53.2782
-53.7527
-53.9998
-54.0069
-53.7406
-53.1652
-52.2445
-50.9415
-49.2196
-47.0451
-44.3909
-41.2386
-37.5821
-33.4418
-28.8578
-24.1806
9.56984
12.2574
15.1919
18.241
21.0946
23.8071
26.269
28.3029
29.8864
31.0933
31.9722
32.585
33.0061
33.288
33.4695
33.5796
33.6358
33.6488
33.6241
33.5612
33.4559
33.299
33.0754
32.7683
32.3778
31.9194
31.4013
30.8255
30.1958
29.5189
28.8039
28.0609
27.301
26.5346
25.7713
25.0172
24.2687
23.5014
22.7107
6.19531
3.31281
0.020541
-3.45937
-6.82988
-10.334
-13.8046
-17.1326
-20.3622
-23.4349
-26.3405
-29.1022
-31.7107
-34.1764
-36.5068
-38.6995
-40.7515
-42.654
-44.393
-45.9514
-47.3073
-48.4387
-49.3286
-49.9771
-50.3989
-50.6155
-50.6168
-50.3739
-49.8562
-49.0324
-47.8705
-46.338
-44.4051
-42.0462
-39.2421
-35.9819
-32.2754
-28.1455
-23.9009
8.90111
11.4646
14.2677
17.1845
19.9183
22.5223
24.8915
26.8553
28.3907
29.5676
30.4316
31.0407
31.466
31.7574
31.9522
32.0783
32.1532
32.1874
32.1868
32.1518
32.0792
31.9611
31.7842
31.5333
31.2076
30.8205
30.3788
29.8834
29.3368
28.744
28.1115
27.4468
26.7576
26.0514
25.3343
24.6098
23.8736
23.1038
22.3052
5.70711
2.96478
-0.164477
-3.46676
-6.66042
-9.97538
-13.2534
-16.3912
-19.4302
-22.316
-25.0394
-27.6225
-30.0568
-32.3526
-34.5171
-36.5487
-38.4447
-40.1976
-41.7947
-43.2208
-44.4567
-45.483
-46.2851
-46.8654
-47.2394
-47.4284
-47.4246
-47.2026
-46.7366
-45.9996
-44.964
-43.6015
-41.8854
-39.7922
-37.3022
-34.4011
-31.0898
-27.3775
-23.535
8.28449
10.729
13.4055
16.1951
18.8133
21.3121
23.5914
25.4868
26.9746
28.1213
28.9696
29.5734
30.001
30.2998
30.5055
30.6452
30.7357
30.7879
30.8079
30.7967
30.7519
30.6671
30.5304
30.3283
30.0591
29.7342
29.3593
28.9346
28.4615
27.9435
27.3851
26.7917
26.1684
25.5199
24.8499
24.1594
23.4433
22.6815
21.8861
5.26196
2.65363
-0.319412
-3.45211
-6.47678
-9.61235
-12.7073
-15.6643
-18.5234
-21.2328
-23.7845
-26.1997
-28.4708
-30.6077
-32.6177
-34.4993
-36.2508
-37.8652
-39.3314
-40.636
-41.7619
-42.692
-43.4144
-43.9331
-44.2639
-44.4284
-44.4199
-44.2169
-43.7973
-43.1382
-42.2156
-41.0052
-39.4834
-37.6285
-35.4208
-32.8439
-29.8915
-26.5617
-23.0923
7.7163
10.0466
12.6015
15.2684
17.7751
20.1721
22.364
24.1923
25.6332
26.7495
27.5811
28.1785
28.6066
28.9109
29.1253
29.2761
29.3798
29.447
29.4843
29.4932
29.472
29.4156
29.3135
29.1535
28.9332
28.6624
28.3458
27.9831
27.5747
27.1229
26.631
26.1023
25.54
24.9466
24.3236
23.6702
22.9804
22.2354
21.4525
4.85663
2.37681
-0.447086
-3.41779
-6.28177
-9.24598
-12.1671
-14.9531
-17.6417
-20.1847
-22.5748
-24.8323
-26.9503
-28.9389
-30.8048
-32.5471
-34.1644
-35.6509
-36.9965
-38.1894
-39.2147
-40.0573
-40.7074
-41.1704
-41.4628
-41.6052
-41.5929
-41.407
-41.0292
-40.4399
-39.6184
-38.544
-37.1959
-35.5541
-33.5998
-31.3145
-28.6869
-25.7063
-22.581
7.19296
9.41366
11.8515
14.4005
16.7994
19.0979
21.2048
22.9676
24.362
25.4477
26.2618
26.8515
27.2785
27.5865
27.8076
27.9673
28.0818
28.1616
28.2132
28.2389
28.2377
28.2053
28.1328
28.0088
27.8309
27.607
27.3411
27.0324
26.6808
26.2877
25.8551
25.3849
24.8788
24.3376
23.761
23.1466
22.4877
21.7664
21.0037
4.48799
2.13099
-0.54997
-3.36609
-6.07656
-8.87828
-11.6341
-14.2577
-16.7854
-19.1713
-21.4092
-23.5186
-25.4934
-27.3431
-29.0748
-30.6876
-32.1808
-33.549
-34.7837
-35.8742
-36.8074
-37.5703
-38.1551
-38.5681
-38.8261
-38.9491
-38.9336
-38.7636
-38.4233
-37.8965
-37.1656
-36.2125
-35.0193
-33.5678
-31.8398
-29.8162
-27.4817
-24.8187
-22.0104
6.71129
8.82671
11.1522
13.5872
15.8823
18.0854
20.1096
21.8083
23.1568
24.2118
25.0075
25.5883
26.0128
26.3227
26.5488
26.7154
26.8385
26.9285
26.992
27.0317
27.0471
27.0349
26.9875
26.8944
26.7528
26.5694
26.3474
26.0857
25.7838
25.4424
25.0626
24.6452
24.1906
23.6985
23.167
22.5927
21.9682
21.2759
20.5396
4.15317
1.91395
-0.630634
-3.29905
-5.86356
-8.51012
-11.1092
-13.5792
-15.9543
-18.192
-20.2867
-22.257
-24.0977
-25.8178
-27.4243
-28.9168
-30.295
-31.5541
-32.6867
-33.6834
-34.5325
-35.2231
-35.7489
-36.1172
-36.3447
-36.4507
-36.4327
-36.2771
-35.9707
-35.4999
-34.8498
-34.005
-32.9497
-31.6677
-30.1417
-28.3522
-26.2812
-23.9065
-21.3881
6.26805
8.28253
10.4999
12.8254
15.02
17.1308
19.0746
20.7105
22.0137
23.0376
23.8143
24.385
24.8057
25.116
25.3453
25.5171
25.647
25.7451
25.8182
25.8693
25.8986
25.9033
25.8769
25.81
25.6996
25.5509
25.3668
25.1459
24.8873
24.5914
24.2584
23.8885
23.481
23.0347
22.5469
22.0128
21.4248
20.7655
20.0604
3.84939
1.72274
-0.691165
-3.2187
-5.6438
-8.14328
-10.5933
-12.9174
-15.1485
-17.2464
-19.2062
-21.046
-22.7609
-24.3601
-25.8501
-27.231
-28.5025
-29.661
-30.6997
-31.6104
-32.3829
-33.0079
-33.4807
-33.8089
-34.0094
-34.1007
-34.0809
-33.9386
-33.6628
-33.2422
-32.6643
-31.9157
-30.9831
-29.8517
-28.5054
-26.9249
-25.0904
-22.9762
-20.7229
5.86046
7.778
9.8915
12.1113
14.2091
16.2303
18.0959
19.6703
20.9287
21.9215
22.6785
23.2382
23.6537
23.9631
24.194
24.3695
24.5044
24.6088
24.6895
24.7498
24.7903
24.809
24.8003
24.7556
24.6717
24.5528
24.4012
24.2155
23.9947
23.7385
23.447
23.1196
22.7551
22.3515
21.9052
21.411
20.8606
20.2371
19.5668
3.57421
1.55545
-0.733775
-3.12677
-5.41935
-7.77836
-10.087
-12.2732
-14.3679
-16.3337
-18.1667
-19.8839
-21.4812
-22.9673
-24.3488
-25.6259
-26.7989
-27.8646
-28.817
-29.649
-30.3517
-30.9173
-31.3423
-31.6349
-31.8115
-31.8901
-31.8691
-31.7392
-31.4911
-31.1154
-30.6018
-29.9389
-29.1151
-28.1174
-26.9308
-25.5365
-23.9135
-22.0342
-20.0219
5.48575
7.31028
9.32379
11.442
13.446
15.3806
17.17
18.6843
19.8984
20.8599
21.5967
22.1444
22.5537
22.8607
23.0921
23.2696
23.4081
23.5171
23.6037
23.6713
23.7209
23.751
23.7568
23.7309
23.6694
23.5759
23.4522
23.2969
23.1088
22.8875
22.6325
22.3431
22.0175
21.6533
21.2464
20.7911
20.2787
19.6927
19.0595
3.32521
1.40956
-0.76027
-3.02497
-5.19101
-7.4169
-9.59117
-11.6463
-13.6123
-15.4536
-17.1671
-18.7692
-20.2562
-21.6368
-22.9173
-24.0982
-25.18
-26.1599
-27.033
-27.793
-28.4323
-28.9441
-29.3262
-29.587
-29.7428
-29.8103
-29.7889
-29.6704
-29.4473
-29.112
-28.6556
-28.0688
-27.3415
-26.4623
-25.4172
-24.1883
-22.7542
-21.0861
-19.2926
5.14143
6.87666
8.79418
10.8142
12.7278
14.5784
16.2936
17.749
18.9193
19.8495
20.5655
21.1005
21.5025
21.8062
22.0366
22.2151
22.3557
22.468
22.5589
22.6321
22.6888
22.728
22.7459
22.7355
22.693
22.6211
22.5213
22.3921
22.2323
22.0413
21.8186
21.563
21.2727
20.9447
20.5747
20.1568
19.6821
19.1343
18.5399
3.10027
1.28342
-0.772516
-2.9147
-4.9605
-7.05935
-9.10618
-11.0375
-12.8814
-14.6052
-16.2063
-17.7003
-19.0841
-20.3662
-21.5525
-22.6441
-23.6414
-24.5424
-25.3426
-26.0368
-26.6182
-27.0814
-27.4251
-27.6576
-27.7951
-27.8532
-27.8319
-27.724
-27.5236
-27.2244
-26.819
-26.2998
-25.658
-24.8835
-23.9638
-22.8816
-21.6158
-20.1373
-18.5415
4.82509
6.4746
8.29968
10.2253
12.0514
13.8205
15.4635
16.8612
17.9881
18.887
19.5819
20.1035
20.4974
20.7966
21.0251
21.2033
21.345
21.4593
21.5532
21.6304
21.6926
21.7391
21.7667
21.7692
21.7426
21.6889
21.6094
21.5026
21.3673
21.2028
21.0085
20.783
20.5243
20.2295
19.894
19.5117
19.0738
18.5642
18.0092
2.89721
1.17477
-0.77211
-2.79748
-4.72848
-6.70692
-8.63261
-10.4463
-12.175
-13.788
-15.2832
-16.6756
-17.9628
-19.1527
-20.2515
-21.2601
-22.1793
-23.0074
-23.7408
-24.3747
-24.9036
-25.3228
-25.6319
-25.8394
-25.9608
-26.0109
-25.99
-25.8921
-25.7123
-25.4455
-25.0857
-24.6264
-24.0602
-23.3784
-22.5694
-21.6171
-20.501
-19.192
-17.7747
4.53452
6.10172
7.83805
9.67243
11.414
13.1041
14.6766
16.0179
17.1019
17.9695
18.643
19.1506
19.5357
19.8295
20.0552
20.2322
20.3738
20.4891
20.5849
20.6649
20.7311
20.7832
20.8186
20.8316
20.8182
20.7798
20.7176
20.6301
20.5159
20.3745
20.2051
20.0063
19.7761
19.5115
19.2079
18.8592
18.4567
17.9849
17.4691
2.71415
1.08218
-0.760708
-2.67458
-4.49649
-6.35999
-8.17078
-9.87325
-11.4928
-13.001
-14.3965
-15.6936
-16.8902
-17.9941
-19.0113
-19.9428
-20.7897
-21.5506
-22.2225
-22.8014
-23.2824
-23.6619
-23.94
-24.1253
-24.2326
-24.276
-24.2559
-24.1672
-24.0061
-23.7684
-23.4492
-23.0431
-22.5439
-21.9438
-21.2326
-20.3952
-19.412
-18.2546
-16.9976
4.26756
5.75579
7.40669
9.15335
10.8131
12.4265
13.9304
15.2163
16.2578
17.0943
17.7462
18.2392
18.6147
18.9025
19.1245
19.2994
19.4402
19.5555
19.6522
19.734
19.8031
19.8594
19.9008
19.9223
19.9198
19.8943
19.8467
19.7755
19.6796
19.5583
19.4108
19.2357
19.0311
18.7939
18.5198
18.2026
17.834
17.3986
16.9212
2.5492
1.00361
-0.739697
-2.5473
-4.26506
-6.01962
-7.72116
-9.3179
-10.8343
-12.2437
-13.5453
-14.7527
-15.8643
-16.8879
-17.8289
-18.6888
-19.4687
-20.1677
-20.7831
-21.3116
-21.7491
-22.0927
-22.3431
-22.5087
-22.6037
-22.6414
-22.6223
-22.5423
-22.3981
-22.1865
-21.9035
-21.5447
-21.1047
-20.5769
-19.952
-19.2163
-18.3508
-17.3284
-16.2152
4.02233
5.43476
7.00367
8.66553
10.2463
11.7854
13.2222
14.4539
15.4532
16.2586
16.8889
17.3671
17.7324
18.0135
18.231
18.4032
18.5423
18.657
18.7537
18.8364
18.9073
18.9666
19.0128
19.0411
19.0475
19.0326
18.9972
18.94
18.8599
18.756
18.6278
18.4738
18.2921
18.0799
17.8328
17.545
17.2082
16.8077
16.3674
2.4008
0.937882
-0.71053
-2.41675
-4.03556
-5.6861
-7.28394
-8.78066
-10.1991
-11.5151
-12.7281
-13.8512
-14.8833
-15.8316
-16.7017
-17.495
-18.2128
-18.8546
-19.4181
-19.9004
-20.2984
-20.6095
-20.835
-20.9831
-21.0674
-21.1003
-21.0826
-21.0104
-20.8817
-20.6935
-20.4429
-20.126
-19.7385
-19.2745
-18.7258
-18.0797
-17.3185
-16.4163
-15.4318
3.79699
5.13674
6.62679
8.2071
9.7114
11.1785
12.5499
13.7283
14.6856
15.4603
16.0689
16.5319
16.8865
17.1602
17.3727
17.5415
17.6784
17.7917
17.8878
17.9708
18.0427
18.1041
18.1538
18.1875
18.2012
18.1951
18.1699
18.1245
18.0578
17.9692
17.8578
17.7226
17.5615
17.3719
17.1496
16.889
16.5822
16.2148
15.8099
2.26737
0.88333
-0.674333
-2.28397
-3.80834
-5.36035
-6.85953
-8.26112
-9.58696
-10.8146
-11.944
-12.9876
-13.9449
-14.8229
-15.6268
-16.358
-17.0183
-17.6072
-18.1229
-18.5632
-18.925
-19.2068
-19.41
-19.5426
-19.6175
-19.6465
-19.6301
-19.5655
-19.4506
-19.2836
-19.0618
-18.7822
-18.4411
-18.0336
-17.5522
-16.9852
-16.3163
-15.5209
-14.6513
3.59
4.86
6.27446
7.77593
9.20647
10.6037
11.9113
13.0376
13.9529
14.6971
15.2842
15.7317
16.0751
16.3409
16.5479
16.7127
16.8468
16.9582
17.0532
17.1357
17.208
17.2708
17.3231
17.361
17.3806
17.3818
17.3652
17.3297
17.2745
17.199
17.1025
16.9838
16.8413
16.6722
16.4726
16.2372
15.9582
15.622
15.2506
2.14762
0.839023
-0.632298
-2.1498
-3.5845
-5.04244
-6.44795
-7.75951
-8.99729
-10.1414
-11.1917
-12.1603
-13.0474
-13.8596
-14.6015
-15.2749
-15.8816
-16.4216
-16.8934
-17.295
-17.624
-17.8793
-18.0625
-18.1814
-18.2482
-18.2738
-18.259
-18.2013
-18.0991
-17.951
-17.755
-17.5085
-17.2086
-16.8509
-16.4288
-15.9318
-15.3446
-14.6441
-13.8771
3.39988
4.60307
5.9449
7.37055
8.72971
10.059
11.3041
12.3794
13.2529
13.9674
14.5333
14.9647
15.2962
15.5537
15.7547
15.9151
16.046
16.155
16.2484
16.33
16.402
16.4655
16.5197
16.5609
16.5853
16.5926
16.5832
16.5562
16.5109
16.4467
16.3631
16.2591
16.1331
15.9825
15.8038
15.5916
15.3386
15.0316
14.6918
2.04008
0.803349
-0.58556
-2.01536
-3.36457
-4.73326
-6.0496
-7.27548
-8.42964
-9.49466
-10.4699
-11.3677
-12.1891
-12.9396
-13.6234
-14.2426
-14.7995
-15.2942
-15.7254
-16.0915
-16.3907
-16.622
-16.7873
-16.894
-16.9538
-16.9767
-16.9636
-16.9123
-16.8216
-16.6906
-16.5176
-16.3006
-16.0371
-15.7235
-15.3539
-14.9187
-14.4037
-13.7877
-13.1121
3.22524
4.36466
5.63725
6.98964
8.28
9.54324
10.7269
11.7517
12.5828
13.2691
13.8144
14.2292
14.5483
14.797
14.9917
15.1474
15.2746
15.3809
15.4722
15.5523
15.6237
15.6873
15.7426
15.7864
15.8148
15.8272
15.8239
15.8043
15.7674
15.7131
15.6408
15.5498
15.4385
15.3047
15.1449
14.9541
14.7253
14.4457
14.1354
1.94354
0.775064
-0.535673
-1.88213
-3.15011
-4.4338
-5.66532
-6.80979
-7.884
-8.87421
-9.77724
-10.6075
-11.3675
-12.0603
-12.6894
-13.2579
-13.7685
-14.2213
-14.615
-14.9485
-15.2204
-15.4301
-15.5793
-15.6753
-15.7289
-15.7495
-15.7381
-15.6927
-15.6125
-15.4969
-15.3445
-15.1538
-14.9227
-14.648
-14.3247
-13.9441
-13.4933
-12.9522
-12.3582
3.06479
4.14358
5.35012
6.6325
7.8567
9.05577
10.1791
11.1538
11.9395
12.5988
13.1249
13.5229
13.8292
14.0689
14.2572
14.4079
14.5313
14.6345
14.7235
14.8019
14.8721
14.9352
14.9912
15.0368
15.0684
15.0851
15.0872
15.0739
15.0446
14.9989
14.9366
14.857
14.7588
14.6401
14.4975
14.3263
14.1199
13.8658
13.5832
1.85711
0.75333
-0.483085
-1.75055
-2.94134
-4.14481
-5.29562
-6.36273
-7.36089
-8.28067
-9.11292
-9.87784
-10.5802
-11.219
-11.7964
-12.3172
-12.7846
-13.1985
-13.5578
-13.8615
-14.1086
-14.2987
-14.4338
-14.5204
-14.5688
-14.5876
-14.5779
-14.538
-14.4674
-14.3657
-14.2318
-14.0645
-13.8622
-13.6221
-13.3398
-13.0076
-12.6135
-12.1392
-11.6181
2.91757
3.93851
5.08227
6.29709
7.45789
8.59481
9.65992
10.5853
11.3217
11.9552
12.4628
12.8436
13.1367
13.3674
13.5492
13.6948
13.8142
13.9144
14.0008
14.0773
14.146
14.2085
14.2645
14.3115
14.3456
14.366
14.3728
14.3651
14.3425
14.3046
14.2513
14.1819
14.0955
13.9903
13.8633
13.71
13.5241
13.2938
13.0373
1.78093
0.739089
-0.426447
-1.61866
-2.73632
-3.86333
-4.93806
-5.93244
-6.85874
-7.71141
-8.47619
-9.18084
-9.82981
-10.4165
-10.9438
-11.4192
-11.846
-12.2234
-12.5502
-12.8261
-13.0503
-13.2227
-13.3451
-13.4236
-13.4675
-13.485
-13.4769
-13.4422
-13.3801
-13.2909
-13.1735
-13.0272
-12.8506
-12.6412
-12.3953
-12.1059
-11.7622
-11.3475
-10.8912
2.78305
3.74847
4.83092
5.97985
7.0785
8.15377
9.1627
10.0406
10.732
11.3435
11.8314
12.1925
12.4716
12.6929
12.8675
13.0075
13.1226
13.2194
13.3032
13.3776
13.4448
13.5062
13.562
13.6099
13.6459
13.6693
13.68
13.6774
13.6608
13.63
13.5849
13.5248
13.449
13.3559
13.243
13.106
12.9391
12.7308
12.4986
1.71436
0.731687
-0.365429
-1.48572
-2.53306
-3.58698
-4.58865
-5.51423
-6.37257
-7.16104
-7.86098
-8.51648
-9.11971
-9.65445
-10.1313
-10.5632
-10.9519
-11.2948
-11.591
-11.8408
-12.0437
-12.1997
-12.3105
-12.382
-12.4225
-12.4392
-12.4332
-12.4032
-12.3492
-12.2713
-12.1689
-12.0414
-11.8877
-11.7059
-11.4923
-11.241
-10.9422
-10.5807
-10.183
2.66069
3.57246
4.59506
5.6783
6.71508
7.72737
8.68024
9.50806
10.1624
10.7657
11.2331
11.5696
11.8333
12.0455
12.2129
12.3469
12.4573
12.5507
12.6319
12.7042
12.7698
12.83
12.8854
12.9335
12.9709
12.9966
13.0106
13.0123
13.0012
12.9769
12.9392
12.8876
12.8214
12.7393
12.6389
12.5166
12.3669
12.179
11.9697
1.66399
0.727545
-0.317075
-1.3774
-2.36331
-3.34824
-4.27237
-5.11778
-5.8846
-6.59035
-7.17406
-7.80978
-8.41398
-8.92611
-9.37787
-9.79271
-10.1685
-10.4992
-10.7843
-11.0249
-11.2205
-11.371
-11.4781
-11.5471
-11.5866
-11.6039
-11.6
-11.5733
-11.5248
-11.4549
-11.3609
-11.2453
-11.107
-10.9436
-10.752
-10.5267
-10.2589
-9.93474
-9.57853
2.56699
3.43515
4.40983
5.43287
6.4077
7.34576
8.21583
8.94152
9.51282
10.1833
10.6694
10.9991
11.2628
11.4792
11.6491
11.784
11.8951
11.9895
12.0717
12.1451
12.2119
12.2736
12.3306
12.3809
12.4209
12.4494
12.4665
12.4719
12.4651
12.4458
12.4137
12.3684
12.3089
12.2344
12.1426
12.0298
11.8913
11.717
11.5232
1.62493
0.726545
-0.273447
-1.28186
-2.21119
-3.12866
-3.97326
-4.73028
-5.39122
-5.99922
-6.43398
-7.07915
-7.71574
-8.22531
-8.66902
-9.08399
-9.46313
-9.79638
-10.0835
-10.326
-10.5235
-10.6756
-10.7844
-10.8551
-10.8963
-10.9155
-10.9142
-10.8902
-10.8458
-10.7818
-10.6915
-10.583
-10.4547
-10.3037
-10.1266
-9.91888
-9.67242
-9.37404
-9.04669
2.49172
3.32293
4.25377
5.21907
6.1298
6.98387
7.75307
8.35431
8.82355
9.59791
10.1316
10.4691
10.7423
10.9714
11.1505
11.2914
11.407
11.5053
11.591
11.6676
11.7376
11.8025
11.8629
11.9168
11.9605
11.9924
12.0126
12.0212
12.0179
12.0024
11.9746
11.9338
11.8793
11.81
11.7241
11.6179
11.4867
11.3208
11.137
1.58717
0.727417
-0.227557
-1.18364
-2.05655
-2.90654
-3.67358
-4.34461
-4.90584
-5.41958
-5.7161
-6.36026
-7.02138
-7.52643
-7.95883
-8.36977
-8.74922
-9.08303
-9.3704
-9.61366
-9.81245
-9.96576
-10.0761
-10.1484
-10.1916
-10.213
-10.2147
-10.1939
-10.1542
-10.0968
-10.0108
-9.90979
-9.79218
-9.65374
-9.49147
-9.30145
-9.0762
-8.80331
-8.50555
2.41692
3.21087
4.09712
5.00485
5.85255
6.62275
7.29512
7.7789
8.14865
9.00559
9.5879
9.93366
10.2132
10.4526
10.6404
10.7867
10.9063
11.0077
11.0965
11.176
11.2489
11.3169
11.3807
11.4383
11.4856
11.5206
11.5438
11.5554
11.5553
11.5436
11.52
11.4839
11.4347
11.371
11.2911
11.1916
11.0678
10.9102
10.7357
1.55065
0.72966
-0.179923
-1.0839
-1.90074
-2.68431
-3.37618
-3.96354
-4.4322
-4.8518
-5.02592
-5.6567
-6.3306
-6.82962
-7.24912
-7.65211
-8.02842
-8.36038
-8.64646
-8.8892
-9.08835
-9.24258
-9.35416
-9.42789
-9.47304
-9.49677
-9.50156
-9.48406
-9.44899
-9.39788
-9.31597
-9.22173
-9.11399
-8.98745
-8.83935
-8.66638
-8.46171
-8.21304
-7.94079
2.34305
3.09991
3.94148
4.79216
5.57836
6.26494
6.84501
7.21545
7.49156
8.40718
9.03679
9.39408
9.67777
9.92487
10.1201
10.2715
10.3944
10.4987
10.5899
10.672
10.7475
10.8184
10.8854
10.9467
10.9976
11.0358
11.0617
11.0759
11.0786
11.0702
11.0505
11.0193
10.9755
10.918
10.8446
10.7523
10.6362
10.487
10.3212
1.51569
0.733217
-0.131318
-0.983881
-1.74586
-2.4643
-3.08408
-3.59061
-3.97381
-4.29813
-4.36701
-4.97209
-5.64491
-6.13483
-6.54028
-6.93212
-7.3018
-7.62958
-7.91255
-8.15358
-8.35223
-8.50716
-8.61981
-8.69537
-8.74298
-8.76998
-8.77919
-8.7667
-8.73819
-8.69524
-8.61956
-8.53395
-8.4373
-8.32364
-8.19019
-8.03429
-7.84984
-7.6261
-7.38604
2.27084
2.99111
3.78819
4.58318
5.30935
5.91219
6.4048
6.66216
6.85105
7.80329
8.47626
8.84862
9.13686
9.39017
9.59158
9.74697
9.87245
9.97892
10.0725
10.157
10.2352
10.309
10.3795
10.4446
10.4994
10.5411
10.5699
10.5866
10.5918
10.586
10.5695
10.5423
10.5035
10.4518
10.3852
10.3004
10.1927
10.0529
9.89684
1.48245
0.737596
-0.0828604
-0.885275
-1.59402
-2.24962
-2.80081
-3.22967
-3.53435
-3.76175
-3.7418
-4.309
-4.96586
-5.44221
-5.8324
-6.21041
-6.57016
-6.89121
-7.16941
-7.40738
-7.60488
-7.75997
-7.87341
-7.95003
-7.9985
-8.02667
-8.03786
-8.02767
-8.00258
-7.96423
-7.89157
-7.81142
-7.72291
-7.61965
-7.49923
-7.35944
-7.19401
-6.99067
-6.76333
2.20126
2.88597
3.63922
4.38007
5.04735
5.56636
5.976
6.1171
6.22324
7.19437
7.90502
8.29439
8.58844
8.84902
9.05781
9.21756
9.34456
9.45152
9.54585
9.63178
9.71214
9.78884
9.86285
9.93218
9.99145
10.0374
10.0701
10.0903
10.0988
10.0963
10.0834
10.0602
10.0261
9.97999
9.91987
9.84236
9.74283
9.61185
9.46351
1.45127
0.742007
-0.0366258
-0.791193
-1.44892
-2.04411
-2.53003
-2.88436
-3.1163
-3.2451
-3.15181
-3.6692
-4.29525
-4.7525
-5.12542
-5.48683
-5.83358
-6.14543
-6.41698
-6.65053
-6.84615
-7.00182
-7.11838
-7.20042
-7.25614
-7.29269
-7.3137
-7.31439
-7.30177
-7.2772
-7.21638
-7.14911
-7.07471
-6.98611
-6.88097
-6.75808
-6.61372
-6.44159
-6.27004
2.13568
2.78665
3.49716
4.18606
4.7938
5.22701
5.55645
5.5742
5.59907
6.57941
7.32481
7.73089
8.02848
8.29445
8.51279
8.68175
8.81486
8.9243
9.01888
9.10434
9.18476
9.26255
9.33908
9.41203
9.47558
9.5256
9.56201
9.58552
9.59716
9.59775
9.5884
9.56948
9.54098
9.50179
9.45011
9.38246
9.29436
9.17764
9.04878
1.42213
0.745277
0.00486191
-0.70545
-1.3151
-1.85305
-2.27604
-2.5575
-2.72115
-2.75044
-2.59758
-3.05379
-3.63466
-4.06622
-4.41882
-4.76064
-5.09127
-5.39155
-5.65478
-5.88204
-6.07278
-6.2242
-6.33557
-6.41004
-6.45673
-6.48522
-6.4996
-6.49476
-6.47803
-6.45013
-6.38639
-6.31941
-6.24892
-6.16782
-6.07409
-5.96612
-5.83657
-5.66881
-5.45944
2.07508
2.69465
3.36473
4.00434
4.55053
4.8954
5.14541
5.02662
4.96361
5.95008
6.73643
7.16755
7.46969
7.73255
7.94877
8.12052
8.26109
8.37989
8.48251
8.57349
8.65722
8.73755
8.81694
8.89437
8.96427
9.02165
9.06517
9.09509
9.11177
9.11597
9.10861
9.09051
9.06212
9.0233
8.97292
8.9081
8.82355
8.70681
8.56414
1.39508
0.747815
0.0419149
-0.628727
-1.19496
-1.68085
-2.04457
-2.25675
-2.35692
-2.28501
-2.07995
-2.46366
-2.98609
-3.38414
-3.71208
-4.03031
-4.34065
-4.62657
-4.88189
-5.10744
-5.30308
-5.46687
-5.59898
-5.70252
-5.78124
-5.83945
-5.88273
-5.90682
-5.92138
-5.9265
-5.8912
-5.84979
-5.80254
-5.74166
-5.66567
-5.57592
-5.47521
-5.36892
-5.3069
2.01889
2.6093
3.24194
3.83724
4.32218
4.58484
4.7599
4.47721
4.30294
5.28642
6.11642
6.59204
6.92823
7.20964
7.42439
7.57954
7.69932
7.80264
7.89787
7.98772
8.07371
8.15774
8.24146
8.3236
8.39897
8.46396
8.51822
8.56206
8.59542
8.61862
8.63191
8.63542
8.62881
8.61118
8.58099
8.53602
8.47546
8.40001
8.3421
1.37097
0.750953
0.0765852
-0.558751
-1.08739
-1.52945
-1.84211
-1.9963
-2.04082
-1.86026
-1.5994
-1.9012
-2.35266
-2.7066
-3.00467
-3.29616
-3.58015
-3.84079
-4.07134
-4.27151
-4.43958
-4.57038
-4.65905
-4.70635
-4.72829
-4.74165
-4.74844
-4.74103
-4.72472
-4.69896
-4.64138
-4.58684
-4.53432
-4.47657
-4.41093
-4.33393
-4.23107
-4.07086
-3.8084
1.96798
2.53167
3.13091
3.68756
4.1165
4.31747
4.4211
3.92437
3.61502
4.58523
5.42651
5.9207
6.2979
6.64563
6.93417
7.14632
7.29277
7.3933
7.46755
7.5303
7.59092
7.65531
7.72661
7.80199
7.87112
7.92627
7.96606
7.9911
8.00245
8.00138
7.98929
7.9681
7.9397
7.90546
7.86504
7.814
7.73911
7.60822
7.38735
1.35172
0.749539
0.0976167
-0.509652
-1.00638
-1.40915
-1.67339
-1.77651
-1.76146
-1.45873
-1.14669
-1.37171
-1.7405
-2.03376
-2.29178
-2.55757
-2.83067
-3.09752
-3.35101
-3.58992
-3.81467
-4.02641
-4.22572
-4.40832
-4.55576
-4.66193
-4.74591
-4.81155
-4.87772
-4.9423
-4.95353
-4.94572
-4.93178
-4.90632
-4.86655
-4.81747
-4.7778
-4.78194
-4.93254
1.93159
2.47716
3.05036
3.57058
3.94074
4.08161
4.06361
3.29078
2.88571
3.90583
4.7596
5.21355
5.51494
5.78696
6.04891
6.30409
6.54962
6.77269
6.96221
7.11577
7.2378
7.3364
7.42307
7.51493
7.62498
7.74426
7.85838
7.9624
8.05479
8.13467
8.20026
8.24915
8.2794
8.29002
8.28238
8.26236
8.25014
8.29047
8.48244
1.33699
0.726736
0.0717245
-0.525789
-0.997774
-1.35435
-1.54868
-1.56931
-1.4427
-1.004
-0.691556
-0.869422
-1.16164
-1.38169
-1.56073
-1.73122
-1.89696
-2.05248
-2.19306
-2.31413
-2.40653
-2.45566
-2.45052
-2.39738
-2.34515
-2.32138
-2.31038
-2.28666
-2.24643
-2.21801
-2.15897
-2.10841
-2.07237
-2.03903
-2.00256
-1.95685
-1.86889
-1.67736
-1.2481
1.924
2.4715
3.03373
3.51578
3.8043
3.82125
3.52147
2.43001
2.02557
3.23005
4.29785
4.96877
5.37433
5.57361
5.59398
5.50512
5.38159
5.28424
5.23803
5.24487
5.2961
5.38312
5.48998
5.57953
5.61283
5.60799
5.59631
5.5822
5.56459
5.54319
5.52127
5.50308
5.49172
5.48795
5.48757
5.47427
5.40101
5.17155
4.63071
1.32141
0.682309
0.00164544
-0.606356
-1.06524
-1.3757
-1.48729
-1.39478
-1.1045
-0.530284
-0.223519
-0.353735
-0.597503
-0.836593
-1.08323
-1.34314
-1.61725
-1.90592
-2.21192
-2.54103
-2.90182
-3.29873
-3.71363
-4.10086
-4.37791
-4.54347
-4.70282
-4.82516
-5.03469
-5.34779
-5.24844
-5.2494
-5.32841
-5.38393
-5.40134
-5.41209
-5.47012
-5.65217
-6.11717
1.93348
2.49812
3.06418
3.51596
3.71972
3.5706
2.8961
1.52642
0.916198
2.01426
3.22169
4.40262
5.54284
6.62023
7.53092
8.2227
8.71228
9.01683
9.17957
9.24955
9.26904
9.27222
9.30829
9.45724
9.75163
10.0768
10.3415
10.5551
10.7371
10.8917
11.0132
11.0984
11.1489
11.1704
11.1769
11.1964
11.3008
11.6002
12.2847
114.599
113.093
111.224
108.939
105.94
102.057
97.2135
91.5454
85.4484
79.3519
73.4818
67.8644
62.4551
57.2268
52.1769
47.3165
42.6523
38.186
33.9145
29.8338
25.9385
22.2247
18.6872
15.3216
12.1238
9.0896
6.21478
3.49457
0.92572
-1.49456
-3.76748
-5.89337
-7.87247
-9.70429
-11.388
-12.9235
-14.3104
-15.5494
-16.641
-17.5875
-18.3907
-19.0547
-19.5834
-19.9819
-20.2559
-20.4124
-20.458
-20.4008
-20.2484
-20.0097
-19.6924
-19.3058
-18.8575
-18.3562
-17.8093
-17.2243
-16.6081
-15.9671
-15.3072
-14.6336
-13.9512
-13.2644
-12.5772
-11.8922
-11.2135
-10.5405
-9.88103
-9.31372
-8.80731
-8.29242
-7.7466
-7.22255
-6.60284
-6.1679
-5.30709
-5.29533
-3.61409
-5.06465
-0.975168
-6.47455
114.177
110.546
106.55
102.333
97.9996
93.65
89.365
85.2018
81.1433
77.2208
73.4345
69.7962
66.3136
62.9928
59.8387
56.8542
54.0405
51.3974
48.9229
46.6132
44.4638
42.4686
40.6211
38.9137
37.3389
35.8885
34.5546
33.329
32.2043
31.1725
30.2268
29.3599
28.5651
27.8357
27.1654
26.5478
25.977
25.4468
24.9513
24.4847
24.0415
23.6162
23.2039
22.7997
22.3994
21.9992
21.5958
21.1866
20.7692
20.3421
19.904
19.4545
18.9931
18.5199
18.0353
17.5401
17.0351
16.5216
16.0011
15.4753
14.9459
14.4149
13.884
13.3554
12.8314
12.3132
11.8041
11.3713
10.9941
10.6014
10.1951
9.77989
9.35212
8.95588
8.45219
8.31011
7.20772
8.63313
4.26455
12.5904
47.569
47.2087
46.9323
46.7108
46.5098
46.3532
46.2084
45.9729
45.5405
44.8673
43.9481
42.7668
41.3255
39.6543
37.7904
35.7633
33.5975
31.3142
28.9361
26.4861
23.9873
21.4615
18.9287
16.406
13.9092
11.4515
9.04634
6.70617
4.44227
2.26341
0.177075
-1.81028
-3.69395
-5.4693
-7.13245
-8.68013
-10.1095
-11.4181
-12.6045
-13.6671
-14.606
-15.4215
-16.1153
-16.6888
-17.1457
-17.4895
-17.725
-17.8572
-17.8923
-17.8365
-17.697
-17.4806
-17.195
-16.8472
-16.4448
-15.9946
-15.5037
-14.9782
-14.4243
-13.8475
-13.2533
-12.6462
-12.031
-11.4109
-10.7905
-10.1699
-9.55671
-9.02567
-8.55005
-8.06593
-7.54707
-7.05193
-6.45414
-6.04804
-5.20595
-5.21249
-3.57026
-4.98038
-1.04171
-6.35291
47.7356
47.8678
48.273
48.6271
48.9064
49.0753
49.12
49.0332
48.8115
48.4662
47.9977
47.4156
46.7274
45.9431
45.0732
44.1297
43.1243
42.07
40.9795
39.8661
38.7416
37.618
36.5056
35.4144
34.3521
33.3258
32.3405
31.4004
30.5078
29.6643
28.8699
28.1242
27.4253
26.7715
26.1599
25.5877
25.0513
24.5475
24.0723
23.622
23.1926
22.7802
22.3809
21.9908
21.6064
21.2244
20.8416
20.4554
20.0636
19.6643
19.2562
18.8383
18.4099
17.9707
17.5207
17.0604
16.5901
16.1108
15.6235
15.1294
14.6301
14.127
13.6223
13.118
12.6168
12.1201
11.6316
11.2155
10.8519
10.4719
10.0776
9.67479
9.25811
8.87477
8.38016
8.24961
7.16758
8.54966
4.34583
12.3061
26.1559
25.839
25.5009
25.1599
24.783
24.3653
23.9148
23.4343
22.9246
22.3965
21.8698
21.3539
20.8474
20.3402
19.8106
19.2335
18.5889
17.8635
17.0489
16.1414
15.1401
14.0474
12.8667
11.6046
10.2688
8.86919
7.41662
5.92295
4.40125
2.86516
1.32812
-0.19633
-1.696
-3.15906
-4.57455
-5.93262
-7.22425
-8.44157
-9.57758
-10.6265
-11.5835
-12.4452
-13.2087
-13.8724
-14.4357
-14.8995
-15.2648
-15.5344
-15.7111
-15.7996
-15.8039
-15.73
-15.5832
-15.37
-15.0963
-14.7687
-14.3932
-13.9761
-13.523
-13.0397
-12.5313
-12.0029
-11.4595
-10.9047
-10.3434
-9.77637
-9.21102
-8.71778
-8.27433
-7.82203
-7.33262
-6.86658
-6.2968
-5.91238
-5.10835
-5.10463
-3.5524
-4.85014
-1.15561
-6.14321
26.3331
26.462
26.6074
26.7444
26.9105
27.0994
27.315
27.5508
27.8039
28.067
28.332
28.5914
28.8372
29.0614
29.2571
29.4166
29.5346
29.6052
29.6252
29.5917
29.504
29.3619
29.1675
28.9234
28.6345
28.305
27.9412
27.549
27.1349
26.7047
26.2646
25.8197
25.3748
24.9335
24.4991
24.0738
23.6591
23.2558
22.864
22.4832
22.1125
21.7504
21.3953
21.0452
20.6978
20.3511
20.0028
19.6508
19.2934
18.929
18.5562
18.1742
17.7821
17.3795
16.9663
16.5426
16.1089
15.6655
15.2131
14.7526
14.2851
13.8121
13.3353
12.8571
12.3803
11.9064
11.4396
11.0413
10.6924
10.327
9.94669
9.55811
9.15507
8.78443
8.30556
8.17283
7.14429
8.42091
4.47968
11.965
25.3846
25.1906
24.9768
24.7518
24.5006
24.2023
23.841
23.4012
22.8676
22.2369
21.5311
20.7859
20.0231
19.2438
18.4382
17.5995
16.7307
15.8393
14.9304
14.0057
13.0643
12.1034
11.1197
10.1097
9.07078
8.00088
6.89985
5.76823
4.60886
3.42538
2.22315
1.00869
-0.210579
-1.42638
-2.62949
-3.81066
-4.96047
-6.06989
-7.13033
-8.13379
-9.07325
-9.94242
-10.7361
-11.4497
-12.0802
-12.6254
-13.0842
-13.4564
-13.7433
-13.9461
-14.0682
-14.1125
-14.0836
-13.9859
-13.8249
-13.6057
-13.334
-13.0151
-12.6546
-12.2577
-11.8297
-11.3757
-10.9006
-10.4083
-9.90395
-9.38887
-8.8703
-8.41423
-8.0014
-7.57915
-7.11799
-6.6798
-6.1372
-5.77457
-5.00481
-5.00004
-3.51569
-4.74528
-1.21024
-5.99652
25.5284
25.6475
25.7454
25.8241
25.8844
25.9241
25.947
25.9535
25.9464
25.9271
25.8975
25.8605
25.8167
25.7687
25.7167
25.6621
25.6044
25.5441
25.4793
25.4096
25.3324
25.2463
25.1486
25.0376
24.9107
24.7671
24.6048
24.4238
24.2237
24.0055
23.7701
23.5195
23.2553
22.9803
22.6963
22.406
22.1113
21.814
21.5154
21.2168
20.9186
20.621
20.3237
20.0261
19.7273
19.426
19.1209
18.8106
18.4938
18.1693
17.8359
17.4927
17.1391
16.7746
16.3992
16.0129
15.6159
15.2086
14.7913
14.3648
13.9296
13.4871
13.0389
12.5872
12.1349
11.6839
11.2384
10.857
10.5222
10.1708
9.8045
9.43032
9.04139
8.68363
8.21951
8.08935
7.09837
8.31595
4.53008
11.7368
22.3146
22.096
21.8647
21.6438
21.4407
21.252
21.0627
20.856
20.6189
20.3361
19.9949
19.593
19.1324
18.6085
18.0185
17.3668
16.6619
15.9118
15.122
14.2955
13.4338
12.5379
11.6092
10.6497
9.66215
8.64971
7.6158
6.56395
5.49742
4.41944
3.33284
2.24124
1.14813
0.0580273
-1.024
-2.09221
-3.14058
-4.16268
-5.15194
-6.10171
-7.00551
-7.85717
-8.65084
-9.38132
-10.0442
-10.6359
-11.1536
-11.5958
-11.9611
-12.2499
-12.4628
-12.6021
-12.6697
-12.6697
-12.6052
-12.4812
-12.3017
-12.0718
-11.7961
-11.4798
-11.1276
-10.7444
-10.3352
-9.90369
-9.45525
-8.99145
-8.51961
-8.10061
-7.7183
-7.32606
-6.89337
-6.48314
-5.96763
-5.62847
-4.88949
-4.89299
-3.45964
-4.65298
-1.22705
-5.88538
22.4729
22.5893
22.7023
22.8149
22.9236
23.027
23.1244
23.2128
23.2915
23.3579
23.4115
23.4501
23.4734
23.4802
23.4707
23.4444
23.4023
23.3446
23.2729
23.1876
23.0907
22.9829
22.8661
22.7407
22.6082
22.4689
22.3236
22.1721
22.0149
21.8513
21.6818
21.5056
21.3231
21.1338
20.9383
20.7365
20.5289
20.3158
20.0978
19.8752
19.6484
19.4174
19.1824
18.9429
18.6987
18.449
18.1929
17.9297
17.6582
17.3775
17.0868
16.785
16.4719
16.1472
15.8107
15.4625
15.1028
14.7319
14.3502
13.9579
13.5558
13.1447
12.726
12.3017
11.8748
11.4471
11.0232
10.6586
10.3376
10.0002
9.64814
9.28849
8.91419
8.56985
8.12025
7.99601
7.03405
8.21616
4.53302
11.5487
18.0932
17.876
17.6396
17.4027
17.1741
16.966
16.7828
16.6143
16.4427
16.25
16.0198
15.7425
15.419
15.0536
14.6471
14.2076
13.7465
13.2673
12.7636
12.2269
11.6523
11.0372
10.3809
9.68283
8.94405
8.16658
7.35389
6.50941
5.63725
4.74101
3.82485
2.89292
1.94997
1.00072
0.0506178
-0.89533
-1.83162
-2.75307
-3.65397
-4.52883
-5.37179
-6.17727
-6.93969
-7.65377
-8.31494
-8.91872
-9.46192
-9.94099
-10.3542
-10.6998
-10.9776
-11.1874
-11.3309
-11.4094
-11.4258
-11.3829
-11.2844
-11.1339
-10.9357
-10.6938
-10.4129
-10.0974
-9.75182
-9.3799
-8.98677
-8.57425
-8.14935
-7.76798
-7.41692
-7.05548
-6.65238
-6.27101
-5.78385
-5.46917
-4.76165
-4.7751
-3.39355
-4.5523
-1.23779
-5.76498
18.2405
18.3349
18.4183
18.4986
18.5796
18.664
18.7511
18.8412
18.9335
19.0279
19.1232
19.2188
19.3133
19.4056
19.4941
19.5778
19.6547
19.7238
19.7833
19.8325
19.8699
19.8953
19.9077
19.9072
19.8934
19.8672
19.8283
19.7779
19.7163
19.6446
19.563
19.4725
19.3735
19.2666
19.1519
19.03
18.9007
18.7645
18.6211
18.4709
18.3137
18.1495
17.9782
17.7995
17.6131
17.4186
17.2153
17.0027
16.7798
16.546
16.3004
16.0426
15.7721
15.4889
15.1926
14.8837
14.5621
14.2284
13.8827
13.5256
13.1573
12.7787
12.3908
11.9953
11.5951
11.192
10.7907
10.4435
10.1368
9.81397
9.47657
9.13189
8.77291
8.44243
8.0087
7.88969
6.96068
8.10025
4.5305
11.3397
15.0481
14.8791
14.6938
14.5002
14.2981
14.0956
13.9025
13.7252
13.5603
13.3969
13.2172
13.0026
12.7407
12.4356
12.1003
11.7444
11.3715
10.9849
10.583
10.16
9.70972
9.23026
8.72187
8.18574
7.62169
7.03007
6.41081
5.7648
5.09235
4.39457
3.67236
2.92828
2.16488
1.38615
0.595878
-0.201313
-1.00115
-1.7986
-2.58875
-3.36603
-4.12513
-4.86041
-5.56656
-6.23837
-6.87089
-7.45995
-8.00074
-8.49015
-8.9246
-9.30217
-9.62072
-9.87972
-10.0785
-10.2179
-10.2987
-10.3233
-10.2935
-10.2124
-10.0829
-9.90879
-9.69373
-9.44162
-9.15666
-8.84215
-8.50297
-8.14093
-7.76292
-7.41933
-7.0998
-6.76963
-6.39692
-6.0449
-5.5872
-5.29726
-4.62301
-4.64529
-3.32042
-4.43974
-1.24632
-5.62963
15.167
15.2521
15.3299
15.4024
15.474
15.5462
15.6194
15.6938
15.7698
15.8476
15.9274
16.0093
16.0934
16.1796
16.268
16.3581
16.4496
16.5417
16.634
16.7253
16.8149
16.9015
16.9842
17.0616
17.1327
17.1964
17.2517
17.2978
17.3341
17.3599
17.375
17.3791
17.3723
17.3546
17.3263
17.2873
17.2381
17.1788
17.1096
17.0305
16.9418
16.8434
16.7352
16.6171
16.489
16.3503
16.2009
16.0399
15.8669
15.6811
15.4821
15.2695
15.0429
14.8022
14.5472
14.2782
13.9955
13.6992
13.3901
13.0683
12.7346
12.3893
12.0332
11.6678
11.2957
10.9186
10.5411
10.2123
9.92066
9.61303
9.29082
8.96144
8.61818
8.30175
7.88519
7.76957
6.879
7.96655
4.52415
11.1124
12.6548
12.5349
12.4054
12.27
12.1269
11.977
11.8253
11.6745
11.5288
11.3878
11.2489
11.1016
10.9326
10.7286
10.4895
10.2227
9.93493
9.62413
9.28669
8.92176
8.53154
8.11669
7.67815
7.21672
6.73437
6.23191
5.71032
5.16933
4.60936
4.02996
3.43196
2.81592
2.18371
1.53672
0.87743
0.207741
-0.469257
-1.15065
-1.8323
-2.51012
-3.17931
-3.8353
-4.47331
-5.08851
-5.67662
-6.23258
-6.75256
-7.2322
-7.66836
-8.05761
-8.39785
-8.68669
-8.9233
-9.10664
-9.2372
-9.31517
-9.34219
-9.31963
-9.25006
-9.13584
-8.98033
-8.78647
-8.55806
-8.29787
-8.0104
-7.69743
-7.36525
-7.05912
-6.77107
-6.47203
-6.12995
-5.80757
-5.38003
-5.11484
-4.47505
-4.50559
-3.23955
-4.31961
-1.24671
-5.48921
12.7434
12.8172
12.8942
12.9716
13.0515
13.1337
13.2179
13.3037
13.3913
13.4799
13.57
13.6609
13.753
13.8459
13.9399
14.0346
14.1303
14.2266
14.3235
14.4208
14.5184
14.6157
14.7124
14.808
14.902
14.9936
15.082
15.1667
15.2465
15.3209
15.3889
15.4497
15.5025
15.5468
15.5819
15.6074
15.6228
15.6279
15.6222
15.6057
15.5782
15.5395
15.4894
15.4279
15.3545
15.2691
15.1712
15.0602
14.9355
14.797
14.644
14.4762
14.2932
14.0949
13.881
13.652
13.4077
13.1489
12.8759
12.5896
12.2904
11.9785
11.6548
11.3204
10.9775
10.6275
10.2749
9.96559
9.68989
9.39806
9.09159
8.77775
8.45038
8.14775
7.74932
7.6356
6.78644
7.8192
4.50453
10.8817
10.5774
10.4759
10.3677
10.2591
10.1466
10.0312
9.91261
9.79212
9.6692
9.54581
9.42203
9.29824
9.16999
9.03025
8.86923
8.68245
8.47066
8.23694
7.97913
7.69337
7.37907
7.04215
6.68675
6.31384
5.92189
5.51116
5.08182
4.63479
4.16956
3.6866
3.186
2.6694
2.13766
1.59247
1.03476
0.466346
-0.111223
-0.695217
-1.28296
-1.87093
-2.45583
-3.03405
-3.60187
-4.15564
-4.69098
-5.20424
-5.69108
-6.14803
-6.57105
-6.95723
-7.3032
-7.60682
-7.86581
-8.07906
-8.24523
-8.36439
-8.43637
-8.46232
-8.44322
-8.38124
-8.27836
-8.13723
-7.96067
-7.75115
-7.51258
-7.24643
-6.95882
-6.68932
-6.43223
-6.16411
-5.8529
-5.56015
-5.16329
-4.92277
-4.31839
-4.35724
-3.14998
-4.19387
-1.23668
-5.34807
10.6553
10.7232
10.7949
10.8688
10.9466
11.0282
11.1134
11.2023
11.2944
11.3898
11.488
11.5889
11.6921
11.7975
11.9046
12.0134
12.1235
12.2347
12.3468
12.4597
12.5729
12.6862
12.7994
12.9122
13.0241
13.1348
13.2438
13.3506
13.4548
13.5557
13.6528
13.7454
13.8329
13.9145
13.9896
14.0574
14.1173
14.1684
14.2104
14.2424
14.2639
14.2745
14.2738
14.261
14.236
14.1981
14.1468
14.0816
14.0021
13.9078
13.7984
13.6732
13.532
13.3746
13.2007
13.0103
12.8038
12.5813
12.3439
12.0922
11.8267
11.5479
11.2564
10.9532
10.6401
10.3182
9.9917
9.70287
9.4439
9.16877
8.87869
8.58073
8.26937
7.98027
7.60054
7.48762
6.68107
7.65935
4.46922
10.6488
8.82569
8.73045
8.62853
8.52637
8.42226
8.31515
8.20554
8.09261
7.97632
7.85649
7.73448
7.61071
7.48585
7.35813
7.2242
7.07769
6.91378
6.72991
6.52772
6.30729
6.06707
5.80531
5.52594
5.23343
4.92942
4.61146
4.27834
3.92921
3.56459
3.18375
2.78688
2.3737
1.94497
1.50089
1.04262
0.571032
0.0882013
-0.403823
-0.90224
-1.40451
-1.90793
-2.40985
-2.90746
-3.39738
-3.87656
-4.34128
-4.7882
-5.21343
-5.61372
-5.98543
-6.32589
-6.63196
-6.90162
-7.13233
-7.32287
-7.47171
-7.57864
-7.64319
-7.6663
-7.64857
-7.59187
-7.49745
-7.36794
-7.20494
-7.01198
-6.79032
-6.5452
-6.31121
-6.08448
-5.84678
-5.56631
-5.30321
-4.93741
-4.72143
-4.15305
-4.20051
-3.05137
-4.06203
-1.21692
-5.20483
8.89976
8.96461
9.03213
9.10142
9.17416
9.25026
9.33005
9.4136
9.50103
9.59235
9.68759
9.78667
9.88949
9.99586
10.1056
10.2186
10.3345
10.453
10.5739
10.6969
10.8218
10.9481
11.0756
11.2038
11.3325
11.4611
11.5893
11.7165
11.8423
11.9662
12.0874
12.2056
12.3201
12.4302
12.5352
12.6346
12.7275
12.8132
12.891
12.9601
13.0199
13.0697
13.1086
13.1361
13.1514
13.154
13.143
13.1183
13.0789
13.0247
12.9549
12.8691
12.7668
12.6477
12.5114
12.3581
12.1874
12.0002
11.7971
11.5786
11.3458
11.099
10.8391
10.5668
10.2836
9.99018
9.69057
9.42308
9.18187
8.92435
8.65155
8.37004
8.07498
7.79912
7.43854
7.32564
6.56238
7.48599
4.42025
10.41
7.43868
7.3511
7.25532
7.15705
7.05448
6.94699
6.83536
6.71989
6.60011
6.47626
6.34914
6.22009
6.08984
5.95888
5.82656
5.69135
5.54957
5.3975
5.23227
5.0542
4.86447
4.66327
4.44799
4.21882
3.97868
3.73043
3.47277
3.20396
2.92241
2.62805
2.31999
1.99773
1.66025
1.30764
0.940118
0.558952
0.165517
-0.238223
-0.650507
-1.06954
-1.49362
-1.92087
-2.34893
-2.77537
-3.1972
-3.61147
-4.01458
-4.40348
-4.77462
-5.12523
-5.45199
-5.75235
-6.02317
-6.26239
-6.46749
-6.63718
-6.76974
-6.86489
-6.92203
-6.94177
-6.92439
-6.8712
-6.78355
-6.66296
-6.51209
-6.33183
-6.12716
-5.92715
-5.72975
-5.52167
-5.27159
-5.03766
-4.70301
-4.5113
-3.97934
-4.03558
-2.94383
-3.92286
-1.18813
-5.05715
7.50835
7.57106
7.63674
7.70407
7.77421
7.84686
7.92244
8.00088
8.08253
8.16739
8.25581
8.34777
8.44357
8.54312
8.64665
8.75398
8.86523
8.9801
9.09863
9.22047
9.34554
9.47339
9.6039
9.73658
9.87121
10.0072
10.1444
10.282
10.4199
10.5573
10.6937
10.8285
10.9611
11.0909
11.2171
11.339
11.4558
11.5668
11.6712
11.7681
11.8568
11.9364
12.0062
12.0653
12.113
12.1485
12.1713
12.1806
12.1759
12.1564
12.1216
12.0709
12.0038
11.9196
11.8183
11.6992
11.5627
11.4089
11.2382
11.0515
10.8498
10.6338
10.4043
10.1622
9.90838
9.64335
9.37088
9.12554
8.90286
8.66396
8.40943
8.14516
7.86688
7.60433
7.26323
7.14972
6.43024
7.29836
4.35881
10.1623
6.33832
6.25802
6.17287
6.08687
5.9961
5.89775
5.7925
5.68169
5.56575
5.44475
5.31961
5.19154
5.06185
4.93128
4.8003
4.66896
4.53678
4.40233
4.26306
4.11688
3.96307
3.80277
3.63635
3.46218
3.27743
3.0829
2.88075
2.67135
2.45197
2.22046
1.97532
1.71632
1.44304
1.15593
0.855785
0.544064
0.222016
-0.109187
-0.448937
-0.796629
-1.15163
-1.51284
-1.87872
-2.24712
-2.61562
-2.98121
-3.34122
-3.69258
-4.0328
-4.35871
-4.66774
-4.95658
-5.22282
-5.46337
-5.67634
-5.85905
-6.01031
-6.12849
-6.21317
-6.2634
-6.27966
-6.26187
-6.21144
-6.12875
-6.01628
-5.87447
-5.70757
-5.53982
-5.37051
-5.19092
-4.97033
-4.76487
-4.46117
-4.29334
-3.79787
-3.86304
-2.82806
-3.77628
-1.15062
-4.90447
6.40474
6.467
6.53287
6.60059
6.67123
6.74413
6.8198
6.89775
6.97843
7.06145
7.14732
7.23571
7.32715
7.4214
7.51896
7.61965
7.72388
7.83144
7.94267
8.05732
8.17558
8.29712
8.42204
8.5499
8.68069
8.81389
8.94936
9.08655
9.22522
9.3647
9.50469
9.64445
9.7836
9.9213
10.0571
10.1901
10.3198
10.445
10.5653
10.6796
10.7871
10.8869
10.9781
11.06
11.1316
11.1923
11.2412
11.2777
11.301
11.3105
11.3053
11.2848
11.2484
11.1955
11.1254
11.038
10.9329
10.81
10.6699
10.5132
10.341
10.1544
9.95394
9.74049
9.51503
9.27772
9.03229
8.80941
8.60591
8.38649
8.15122
7.90508
7.64436
7.39543
7.07432
6.95999
6.28484
7.09649
4.28533
9.90561
5.47245
5.40305
5.33179
5.26159
5.18875
5.10891
5.02094
4.92524
4.8225
4.71316
4.59855
4.48
4.35878
4.23547
4.11086
3.98564
3.86085
3.73695
3.61402
3.49064
3.36524
3.23647
3.10481
2.97073
2.83306
2.68796
2.53321
2.36906
2.19554
2.00991
1.80951
1.59338
1.36288
1.11994
0.866705
0.604673
0.334786
0.0571341
-0.228604
-0.522796
-0.825396
-1.13566
-1.45229
-1.77333
-2.09659
-2.41998
-2.74123
-3.05838
-3.36882
-3.67028
-3.95974
-4.23484
-4.49239
-4.73026
-4.94531
-5.13581
-5.29947
-5.43509
-5.54081
-5.61607
-5.65998
-5.67275
-5.65442
-5.60555
-5.5276
-5.42094
-5.28915
-5.15168
-5.00889
-4.85635
-4.66416
-4.48611
-4.21285
-4.06834
-3.60938
-3.68353
-2.70489
-3.62272
-1.10527
-4.74708
5.53245
5.59069
5.65217
5.71626
5.78326
5.85333
5.92629
6.00238
6.0813
6.16326
6.24794
6.3355
6.42564
6.51856
6.61403
6.71227
6.81311
6.91679
7.02319
7.13256
7.24475
7.35996
7.47799
7.59899
7.72267
7.84909
7.97785
8.10895
8.24187
8.37652
8.51225
8.64889
8.78571
8.92244
9.05825
9.19277
9.3251
9.45481
9.58088
9.70279
9.81937
9.92998
10.0334
10.1291
10.2162
10.2938
10.3613
10.4176
10.4622
10.4941
10.5127
10.517
10.5065
10.4802
10.4377
10.3782
10.3013
10.2068
10.0949
9.96636
9.82206
9.66291
9.48967
9.30318
9.10443
8.89368
8.6745
8.474
8.28991
8.09055
7.8753
7.64816
7.40582
7.17135
6.8709
6.756
6.12582
6.88057
4.1999
9.63821
4.92375
4.86485
4.80445
4.74531
4.6843
4.61784
4.54414
4.46406
4.37749
4.28448
4.18486
4.08009
3.97068
3.85748
3.74057
3.62138
3.50129
3.38242
3.26577
3.15213
3.04068
2.93007
2.81856
2.70581
2.59196
2.47632
2.35511
2.22369
2.0798
1.92327
1.75312
1.5686
1.37087
1.16296
0.947741
0.726427
0.498657
0.263142
0.0186786
-0.23548
-0.499008
-0.770956
-1.04957
-1.3332
-1.62001
-1.90868
-2.19756
-2.48504
-2.76922
-3.04777
-3.31853
-3.5787
-3.82616
-4.05777
-4.27169
-4.46536
-4.63717
-4.78465
-4.90659
-5.00118
-5.06802
-5.10601
-5.11549
-5.09589
-5.04878
-4.97381
-4.87426
-4.76476
-4.64689
-4.51971
-4.35456
-4.20264
-3.95901
-3.83706
-3.41428
-3.49736
-2.57487
-3.46262
-1.05302
-4.58477
4.97659
5.02841
5.08244
5.13819
5.19617
5.25642
5.31922
5.38468
5.45304
5.52433
5.59873
5.67616
5.75675
5.84032
5.92696
6.01645
6.10889
6.20406
6.30212
6.40283
6.50638
6.61255
6.72157
6.83314
6.94747
7.06423
7.18357
7.30507
7.42884
7.55435
7.68161
7.81003
7.93955
8.06946
8.1996
8.32917
8.45792
8.58495
8.70993
8.83186
8.95023
9.0639
9.17234
9.2745
9.36981
9.45724
9.53613
9.60556
9.66477
9.71297
9.74927
9.77294
9.78298
9.77872
9.75923
9.72372
9.67159
9.60244
9.51635
9.41378
9.29531
9.16162
9.01348
8.85187
8.67799
8.492
8.29791
8.11903
7.95411
7.77481
7.57989
7.37236
7.14929
6.93015
6.65137
6.53677
5.95247
6.65024
4.1033
9.35799
4.50585
4.45522
4.40407
4.35406
4.30299
4.24695
4.18479
4.11821
4.04939
3.978
3.90229
3.82022
3.73105
3.63469
3.53195
3.42417
3.31353
3.20233
3.09265
2.98568
2.88181
2.78049
2.68021
2.57897
2.47536
2.36907
2.25966
2.14435
2.01845
1.87927
1.72778
1.56636
1.39683
1.22123
1.04122
0.857068
0.66681
0.467961
0.258414
0.0378192
-0.193164
-0.432714
-0.679202
-0.930828
-1.18665
-1.44543
-1.70638
-1.96788
-2.22852
-2.48614
-2.73868
-2.98403
-3.21951
-3.44335
-3.65312
-3.8471
-4.02263
-4.17807
-4.31114
-4.42078
-4.5054
-4.56437
-4.59686
-4.60268
-4.58237
-4.53582
-4.46523
-4.38148
-4.28648
-4.18304
-4.04334
-3.91601
-3.7008
-3.6002
-3.21314
-3.30456
-2.43841
-3.29565
-0.995063
-4.41631
4.5522
4.59857
4.64674
4.69667
4.74828
4.80186
4.8573
4.91503
4.97487
5.03734
5.1022
5.16997
5.24035
5.31382
5.38997
5.46924
5.55118
5.63614
5.72368
5.81412
5.90703
6.00276
6.10087
6.20171
6.30486
6.41065
6.51863
6.62908
6.7415
6.85612
6.97237
7.0904
7.2096
7.33003
7.45098
7.57244
7.69359
7.8143
7.93365
8.05137
8.16649
8.27858
8.38669
8.49033
8.58844
8.68041
8.76524
8.84231
8.9107
8.96973
9.01851
9.05616
9.08191
9.09478
9.09383
9.07822
9.04718
9.00025
8.93723
8.8581
8.76305
8.65256
8.52738
8.3887
8.23746
8.07457
7.90351
7.7451
7.59839
7.43854
7.26368
7.0759
6.87258
6.66988
6.41377
6.30074
5.76366
6.40439
3.9965
9.0599
4.17487
4.1318
4.08696
4.04256
3.99761
3.94939
3.89614
3.83986
3.78289
3.72607
3.66726
3.60355
3.53197
3.45138
3.36205
3.26606
3.16593
3.06431
2.96315
2.86374
2.76662
2.67162
2.57815
2.4848
2.38954
2.29031
2.18625
2.07708
1.96187
1.83798
1.70428
1.56318
1.41888
1.27314
1.12545
0.973478
0.814594
0.645679
0.465181
0.272887
0.0705862
-0.139902
-0.356597
-0.57874
-0.805587
-1.03698
-1.27187
-1.50931
-1.74744
-1.98469
-2.21901
-2.44846
-2.67124
-2.88536
-3.08907
-3.27993
-3.45611
-3.61518
-3.75574
-3.87576
-3.97426
-4.04954
-4.10119
-4.12824
-4.13132
-4.10943
-4.06487
-4.00417
-3.93032
-3.84858
-3.7327
-3.62816
-3.43986
-3.35898
-3.00682
-3.10517
-2.2962
-3.12085
-0.932592
-4.23914
4.21446
4.25423
4.29596
4.33945
4.3849
4.43203
4.481
4.5316
4.58406
4.63822
4.69446
4.7526
4.81316
4.8759
4.94136
5.00926
5.08011
5.1535
5.22991
5.30887
5.39082
5.47521
5.56248
5.65208
5.74443
5.83897
5.93612
6.03532
6.13694
6.2404
6.346
6.45314
6.56206
6.67211
6.78344
6.89535
7.0079
7.12034
7.23254
7.34369
7.4535
7.5611
7.66612
7.76762
7.8651
7.95763
8.04465
8.12524
8.19875
8.26429
8.32111
8.36838
8.40528
8.43087
8.44426
8.44457
8.43104
8.40304
8.35996
8.30137
8.22716
8.1376
8.03352
7.91564
7.78546
7.64319
7.49344
7.35355
7.22364
7.08195
6.92621
6.75778
6.57435
6.38874
6.15629
6.04625
5.55843
6.14074
3.88191
8.73873
3.90738
3.86961
3.83012
3.7907
3.75212
3.71176
3.6675
3.61973
3.57043
3.52011
3.46765
3.41092
3.34836
3.27906
3.2032
3.12179
3.03658
2.94957
2.86233
2.77579
2.69007
2.60524
2.52092
2.43663
2.35102
2.26208
2.16711
2.06495
1.95628
1.84309
1.72595
1.60502
1.48169
1.35846
1.2342
1.1049
0.965897
0.815378
0.653079
0.480723
0.300108
0.113567
-0.0779934
-0.274068
-0.475272
-0.681507
-0.892562
-1.10708
-1.32379
-1.54083
-1.75683
-1.97
-2.17901
-2.38202
-2.5772
-2.76259
-2.93601
-3.09577
-3.23987
-3.36694
-3.47507
-3.5631
-3.62996
-3.67482
-3.69753
-3.6972
-3.67525
-3.6354
-3.5805
-3.51865
-3.42462
-3.34096
-3.17815
-3.11459
-2.79717
-2.89914
-2.15033
-2.93579
-0.868731
-4.0489
3.94163
3.97627
4.01237
4.05016
4.08945
4.13051
4.17294
4.21709
4.26247
4.30955
4.35782
4.40785
4.4592
4.51253
4.56742
4.62463
4.68374
4.74548
4.80941
4.87622
4.9454
5.01755
5.09211
5.16963
5.24951
5.33223
5.4172
5.50484
5.59459
5.6868
5.78089
5.87717
5.97505
6.07477
6.1757
6.27799
6.38102
6.48481
6.58867
6.69249
6.7955
6.89739
6.99736
7.09497
7.18941
7.28018
7.3665
7.4478
7.52326
7.59218
7.65374
7.70715
7.75159
7.78627
7.81045
7.8232
7.82387
7.81144
7.78508
7.74415
7.68832
7.61778
7.5328
7.43444
7.3231
7.20004
7.06928
6.94614
6.83123
6.70595
6.56781
6.41777
6.25372
6.0858
5.87758
5.77141
5.3366
5.85522
3.76538
8.38339
3.71801
3.6864
3.65206
3.61777
3.58535
3.5529
3.51686
3.47653
3.43289
3.38716
3.33913
3.2881
3.23323
3.17427
3.11119
3.04383
2.97133
2.89229
2.80601
2.71338
2.61663
2.51797
2.41956
2.32341
2.23201
2.14747
2.07107
2.00103
1.93348
1.86363
1.78763
1.70105
1.60047
1.48604
1.36439
1.24114
1.11533
0.980529
0.833235
0.674676
0.509373
0.340352
0.168743
-0.0065459
-0.186593
-0.372098
-0.562533
-0.756961
-0.95386
-1.1521
-1.35026
-1.54727
-1.74174
-1.93232
-2.11722
-2.29473
-2.46309
-2.62047
-2.76528
-2.89569
-3.01024
-3.10735
-3.18608
-3.24504
-3.28405
-3.3018
-3.29951
-3.27766
-3.23983
-3.19543
-3.12157
-3.05629
-2.9181
-2.86831
-2.58702
-2.68615
-2.0045
-2.7384
-0.809046
-3.8414
3.74526
3.77184
3.79942
3.82783
3.85783
3.88914
3.92243
3.95728
3.99427
4.03285
4.0735
4.11562
4.15971
4.20519
4.25257
4.30136
4.35215
4.40451
4.45907
4.51545
4.57425
4.63509
4.69853
4.76415
4.83243
4.90292
4.97601
5.05123
5.12895
5.20872
5.29078
5.37467
5.46063
5.54824
5.63761
5.72828
5.82034
5.91333
6.00718
6.10135
6.19561
6.28935
6.3822
6.47349
6.56271
6.64919
6.73234
6.81148
6.88604
6.95524
7.0184
7.07476
7.12351
7.16408
7.19574
7.21767
7.22897
7.22866
7.21567
7.18939
7.14951
7.0956
7.02809
6.94701
6.85327
6.74745
6.63388
6.52542
6.42367
6.31266
6.19027
6.05698
5.91154
5.76081
5.57741
5.47446
5.09963
5.54235
3.65516
7.98612
3.50309
3.47903
3.45039
3.41927
3.38987
3.36267
3.33406
3.30208
3.26624
3.22775
3.18677
3.14372
3.09815
3.05029
3.00006
2.94863
2.89699
2.84598
2.7943
2.7398
2.68064
2.61743
2.55199
2.48609
2.42043
2.35488
2.28955
2.22427
2.15838
2.08907
2.01288
1.92804
1.83617
1.73829
1.63302
1.51741
1.39156
1.25691
1.11522
0.96776
0.81676
0.663445
0.508023
0.349147
0.185721
0.017091
-0.156163
-0.333161
-0.512643
-0.693767
-0.875644
-1.05757
-1.2385
-1.41737
-1.59271
-1.76313
-1.92708
-2.08309
-2.22949
-2.36467
-2.48703
-2.59508
-2.6875
-2.76291
-2.82052
-2.85915
-2.87912
-2.87786
-2.85971
-2.8348
-2.78511
-2.73924
-2.63263
-2.59366
-2.36166
-2.44635
-1.85638
-2.514
-0.761016
-3.61071
3.52325
3.54254
3.56226
3.58204
3.60243
3.62319
3.64495
3.66752
3.6915
3.7167
3.74365
3.77203
3.8023
3.83412
3.86783
3.90305
3.94018
3.97887
4.01948
4.06176
4.10608
4.15228
4.2007
4.25114
4.30397
4.35899
4.41646
4.47614
4.53826
4.60261
4.66928
4.73801
4.80895
4.88186
4.95675
5.03336
5.11173
5.19165
5.27299
5.35545
5.43883
5.52271
5.60683
5.6907
5.77381
5.85563
5.93553
6.01287
6.08708
6.15748
6.22342
6.28429
6.33932
6.38799
6.42959
6.46329
6.48801
6.50294
6.50699
6.49957
6.47997
6.44781
6.40269
6.3447
6.27403
6.19147
6.10021
6.01066
5.92534
5.83204
5.72879
5.61639
5.49367
5.36468
5.21368
5.11334
4.82299
5.15776
3.55383
7.50033
3.19899
3.19268
3.18123
3.16523
3.15007
3.13773
3.12588
3.11256
3.09677
3.07866
3.05756
3.03357
3.00697
2.97907
2.95013
2.92074
2.89131
2.86385
2.83993
2.82019
2.80254
2.7839
2.76132
2.73432
2.70302
2.66741
2.62633
2.57848
2.5229
2.45979
2.38957
2.3123
2.22793
2.13727
2.0403
1.93433
1.81619
1.68666
1.55092
1.41343
1.27548
1.13606
0.993612
0.846403
0.693391
0.534394
0.370393
0.202701
0.0325766
-0.139234
-0.312306
-0.486222
-0.660255
-0.833493
-1.00481
-1.17302
-1.33689
-1.4951
-1.64617
-1.78864
-1.92094
-2.04161
-2.14921
-2.24225
-2.31973
-2.38016
-2.42375
-2.44418
-2.44646
-2.44302
-2.41773
-2.39557
-2.31772
-2.30077
-2.10546
-2.20307
-1.6687
-2.31119
-0.659904
-3.45188
3.20267
3.2065
3.21146
3.21715
3.22377
3.23094
3.23897
3.24756
3.2571
3.26742
3.27896
3.29153
3.30565
3.32111
3.3383
3.35697
3.37752
3.39963
3.42366
3.44928
3.47684
3.5062
3.53763
3.57096
3.60659
3.6444
3.68471
3.72741
3.77272
3.82058
3.87109
3.92413
3.9798
4.03801
4.09865
4.16166
4.22698
4.29455
4.36419
4.43585
4.50927
4.58432
4.66067
4.73804
4.816
4.89421
4.97201
5.04894
5.12438
5.1978
5.26847
5.33597
5.39953
5.45865
5.5126
5.56064
5.60171
5.63503
5.65948
5.67436
5.67876
5.67209
5.65367
5.62327
5.58062
5.52613
5.46263
5.39596
5.33068
5.25845
5.17813
5.08994
4.99386
4.89155
4.77489
4.69197
4.4684
4.76865
3.32035
7.18185
2.88997
2.90535
2.91545
2.9194
2.92212
2.92622
2.92999
2.93209
2.93172
2.9293
2.9238
2.91484
2.90238
2.88846
2.87385
2.85861
2.8407
2.81951
2.79506
2.76917
2.7425
2.71564
2.68737
2.65725
2.6246
2.59113
2.55787
2.526
2.49479
2.46311
2.42877
2.39003
2.34392
2.28685
2.21578
2.13123
2.03571
1.93196
1.82219
1.70922
1.5948
1.47813
1.35641
1.22746
1.09029
0.94556
0.794737
0.639584
0.481249
0.320446
0.157356
-0.00761451
-0.17389
-0.340502
-0.50656
-0.670922
-0.832536
-0.990158
-1.1425
-1.28815
-1.42571
-1.55371
-1.67075
-1.7753
-1.86628
-1.94215
-2.00289
-2.03984
-2.05784
-2.07135
-2.06551
-2.06302
-2.0093
-2.01229
-1.84818
-1.96108
-1.47282
-2.1134
-0.54349
-3.30251
2.87449
2.86027
2.84836
2.8384
2.83047
2.82431
2.81984
2.81681
2.81519
2.81481
2.81566
2.81774
2.82115
2.82593
2.83219
2.84006
2.8496
2.86091
2.87405
2.889
2.90575
2.92442
2.94494
2.96741
2.99182
3.01828
3.0468
3.07761
3.11062
3.14609
3.18396
3.2244
3.26733
3.31295
3.36099
3.41168
3.46478
3.52043
3.57836
3.63876
3.70127
3.76603
3.83256
3.90091
3.97061
4.04158
4.11313
4.18509
4.25677
4.32794
4.39776
4.46602
4.53195
4.59518
4.65499
4.71081
4.76163
4.80679
4.84508
4.87576
4.89781
4.91053
4.91311
4.90507
4.88566
4.85506
4.81521
4.76879
4.72085
4.66756
4.60712
4.54084
4.46827
4.39103
4.30559
4.24247
4.07946
4.3656
3.04809
6.87121
2.65905
2.68352
2.70243
2.71475
2.7249
2.73512
2.74362
2.7493
2.75232
2.75406
2.75394
2.7508
2.74363
2.73406
2.72398
2.71438
2.70324
2.68813
2.66759
2.64285
2.61597
2.58915
2.56326
2.53881
2.51491
2.49038
2.46377
2.43547
2.4066
2.3786
2.35121
2.32337
2.29257
2.25662
2.21221
2.15665
2.08899
2.01191
1.92791
1.83846
1.74374
1.64422
1.53862
1.42544
1.30367
1.1745
1.03966
0.901176
0.759831
0.616005
0.469366
0.3201
0.168407
0.0151738
-0.13891
-0.292672
-0.445208
-0.595259
-0.741744
-0.883309
-1.01869
-1.14646
-1.26529
-1.37367
-1.47052
-1.55429
-1.62482
-1.67194
-1.70031
-1.7251
-1.73331
-1.74522
-1.71089
-1.72939
-1.59315
-1.71753
-1.27508
-1.90928
-0.42522
-3.13084
2.63268
2.60653
2.58179
2.55824
2.53648
2.51633
2.49812
2.48162
2.46706
2.45416
2.44302
2.43342
2.42545
2.41897
2.41407
2.41076
2.40912
2.40924
2.41122
2.41513
2.42101
2.42898
2.439
2.4512
2.46547
2.48195
2.5005
2.52136
2.54434
2.56972
2.59733
2.62745
2.65991
2.69501
2.73244
2.7726
2.81511
2.86033
2.90785
2.95802
3.01037
3.06523
3.12201
3.18099
3.24153
3.30384
3.36717
3.43159
3.49638
3.56153
3.62625
3.69051
3.75363
3.81543
3.87523
3.93266
3.98676
4.03698
4.08215
4.12158
4.15425
4.17949
4.19641
4.20434
4.20218
4.1897
4.16879
4.13859
4.10548
4.06771
4.02444
3.97632
3.9241
3.86848
3.81082
3.76621
3.65973
3.93215
2.75424
6.48482
2.24615
2.27342
2.2959
2.3125
2.32778
2.34353
2.35772
2.36862
2.37695
2.38507
2.39366
2.40111
2.40499
2.40531
2.40415
2.40388
2.40397
2.40185
2.39453
2.3818
2.36544
2.3487
2.33325
2.3197
2.30688
2.29372
2.27772
2.25753
2.23304
2.2073
2.18288
2.16194
2.14324
2.1248
2.10318
2.07578
2.03881
1.99031
1.93003
1.86005
1.78081
1.69271
1.59574
1.4912
1.37956
1.26268
1.14211
1.01981
0.895964
0.77056
0.642493
0.511569
0.377534
0.241285
0.103433
-0.0347584
-0.172545
-0.308817
-0.442805
-0.573305
-0.699256
-0.819322
-0.932367
-1.03698
-1.13215
-1.21632
-1.28922
-1.34022
-1.37351
-1.40421
-1.42095
-1.44205
-1.42187
-1.45125
-1.33849
-1.47101
-1.07182
-1.69671
-0.300066
-2.93635
2.21699
2.1879
2.15972
2.1323
2.10604
2.08097
2.05743
2.03541
2.0152
1.99679
1.98032
1.96568
1.95294
1.94195
1.93275
1.92521
1.91932
1.91503
1.91239
1.91145
1.91223
1.91483
1.91927
1.92571
1.93411
1.94467
1.95721
1.97201
1.98884
2.008
2.02919
2.05278
2.07846
2.10664
2.13691
2.16977
2.20482
2.24253
2.28244
2.32503
2.36976
2.41712
2.46646
2.51819
2.57156
2.62691
2.68349
2.74147
2.80004
2.85937
2.91869
2.97811
3.03703
3.0954
3.15264
3.20856
3.26227
3.31339
3.3609
3.40423
3.44244
3.47493
3.50073
3.5191
3.52879
3.52965
3.52285
3.50594
3.48454
3.45989
3.43033
3.39756
3.36169
3.32449
3.28924
3.26079
3.20349
3.46118
2.42043
6.02921
1.83602
1.8672
1.89405
1.91483
1.93419
1.95457
1.97415
1.99039
2.00341
2.01645
2.03197
2.0493
2.06468
2.07551
2.082
2.08708
2.09236
2.09738
2.0994
2.09703
2.09047
2.08254
2.07534
2.07008
2.06503
2.05828
2.04717
2.03114
2.00996
1.98654
1.96381
1.94568
1.93246
1.92344
1.91465
1.90311
1.88487
1.85766
1.81799
1.76544
1.70012
1.62385
1.53699
1.44222
1.34195
1.23945
1.13579
1.03213
0.927579
0.821492
0.71216
0.599396
0.482993
0.364313
0.244158
0.12387
0.00391418
-0.114833
-0.231949
-0.346392
-0.457407
-0.563838
-0.664865
-0.759275
-0.846185
-0.924169
-0.992886
-1.04222
-1.07563
-1.10738
-1.12764
-1.15291
-1.1417
-1.1774
-1.08328
-1.2207
-0.860366
-1.47367
-0.161984
-2.7161
1.80422
1.77271
1.74185
1.71159
1.68202
1.65323
1.62529
1.5984
1.57269
1.54841
1.52561
1.50459
1.48535
1.46813
1.45284
1.43966
1.42837
1.41914
1.41174
1.40634
1.40266
1.40096
1.40095
1.40296
1.40676
1.41269
1.42044
1.43047
1.44243
1.45675
1.473
1.49165
1.51227
1.53531
1.56024
1.58765
1.61701
1.64889
1.68276
1.71925
1.75773
1.79887
1.84199
1.8876
1.93497
1.98451
2.03543
2.08798
2.14131
2.19562
2.25008
2.30491
2.35945
2.41377
2.46731
2.52008
2.57131
2.62079
2.66769
2.71166
2.75181
2.78765
2.81825
2.84289
2.86029
2.87035
2.87401
2.86696
2.85512
2.84055
2.82244
2.80162
2.77914
2.75604
2.73822
2.72217
2.70584
2.94663
2.03167
5.50357
1.51517
1.55161
1.5821
1.60402
1.62259
1.6429
1.66467
1.68511
1.70175
1.71672
1.73285
1.75152
1.76921
1.78234
1.78874
1.79107
1.79222
1.79491
1.79787
1.79983
1.79879
1.79575
1.79123
1.78669
1.78065
1.7719
1.75752
1.73771
1.71324
1.6884
1.66599
1.6495
1.63838
1.63199
1.62647
1.61947
1.6072
1.5887
1.56177
1.52586
1.47907
1.42251
1.35671
1.28438
1.20759
1.1298
1.05167
0.97325
0.892309
0.807587
0.717416
0.622297
0.522868
0.421256
0.318654
0.216535
0.115149
0.0151962
-0.0831352
-0.178988
-0.271882
-0.360958
-0.445726
-0.525272
-0.598948
-0.665532
-0.724844
-0.767931
-0.797568
-0.82641
-0.846035
-0.871243
-0.864614
-0.902498
-0.82263
-0.961593
-0.635892
-1.23244
-0.00713169
-2.44198
1.47925
1.44391
1.4091
1.37499
1.34124
1.30827
1.2756
1.24378
1.21234
1.18194
1.1521
1.12361
1.09602
1.07016
1.04556
1.02304
1.00209
0.983512
0.966707
0.952387
0.939878
0.929901
0.921753
0.916095
0.912274
0.910976
0.911542
0.914722
0.919878
0.927738
0.937636
0.950302
0.965076
0.982612
1.00218
1.02449
1.04877
1.07572
1.1046
1.13616
1.16964
1.20576
1.24378
1.28432
1.32664
1.37118
1.41711
1.46473
1.51317
1.56261
1.61218
1.66205
1.71155
1.76081
1.8093
1.85712
1.90372
1.94905
1.99249
2.03385
2.07242
2.1078
2.13926
2.16607
2.18705
2.20221
2.21219
2.212
2.20692
2.20037
2.19064
2.17938
2.16626
2.15365
2.14735
2.13887
2.15221
2.37327
1.56292
4.85921
1.32254
1.36613
1.40241
1.4278
1.44849
1.47129
1.49771
1.52442
1.54669
1.56447
1.58055
1.59815
1.61561
1.62964
1.63654
1.63754
1.63551
1.63494
1.63652
1.63985
1.64183
1.64134
1.63668
1.62833
1.6151
1.59715
1.57316
1.54457
1.51284
1.48281
1.45758
1.4398
1.42704
1.41641
1.40298
1.38482
1.35966
1.328
1.28937
1.24519
1.19502
1.14008
1.08099
1.02039
0.959498
0.900557
0.843737
0.788471
0.731451
0.67035
0.60329
0.531072
0.454982
0.377424
0.299638
0.22274
0.146657
0.0717413
-0.00198043
-0.0738055
-0.143414
-0.210166
-0.273786
-0.333596
-0.389153
-0.439548
-0.4848
-0.517933
-0.540464
-0.563066
-0.578408
-0.600057
-0.593992
-0.630759
-0.560717
-0.697859
-0.401901
-0.971381
0.15937
-2.08031
1.27941
1.23717
1.19572
1.15534
1.11553
1.07684
1.03864
1.00156
0.964942
0.929425
0.894349
0.860457
0.827125
0.79514
0.763897
0.734257
0.705682
0.679086
0.653862
0.630908
0.609626
0.590868
0.573971
0.559667
0.547284
0.537542
0.529751
0.524602
0.521454
0.521008
0.522622
0.527009
0.533563
0.542921
0.554478
0.56884
0.585378
0.604609
0.625928
0.649883
0.675847
0.704338
0.734745
0.767549
0.802094
0.838746
0.876737
0.916323
0.956663
0.997856
1.03908
1.08043
1.12121
1.16158
1.2011
1.2399
1.27762
1.3144
1.34984
1.38391
1.41611
1.44618
1.47359
1.49775
1.51769
1.53362
1.54591
1.54945
1.54849
1.54642
1.54226
1.53649
1.52962
1.52372
1.52509
1.51968
1.55125
1.74859
1.02094
4.03961
0.185506
0.230218
0.269743
0.298962
0.320097
0.340493
0.365319
0.393633
0.419309
0.438626
0.452504
0.465178
0.478534
0.491438
0.500812
0.505742
0.507712
0.510138
0.514949
0.522322
0.530024
0.535809
0.537355
0.533875
0.524839
0.511052
0.493454
0.474451
0.456479
0.44278
0.435128
0.433488
0.433799
0.431041
0.421501
0.40723
0.394192
0.391194
0.405212
0.440609
0.49578
0.563177
0.628783
0.678486
0.702754
0.700257
0.67591
0.638116
0.593219
0.544188
0.491118
0.434737
0.376351
0.318249
0.261657
0.207335
0.154912
0.104384
0.0555631
0.00882223
-0.0357765
-0.0779051
-0.117491
-0.15415
-0.187781
-0.217936
-0.24505
-0.264568
-0.277217
-0.29083
-0.299254
-0.314419
-0.306283
-0.338442
-0.277557
-0.402872
-0.151085
-0.639792
0.292835
-1.45583
0.142995
0.102806
0.0648667
0.029253
-0.0042842
-0.0354759
-0.0646845
-0.0915782
-0.116568
-0.139313
-0.160191
-0.178824
-0.1956
-0.21017
-0.22289
-0.233371
-0.241933
-0.248182
-0.252418
-0.254213
-0.253791
-0.25073
-0.245322
-0.23721
-0.226716
-0.213559
-0.198154
-0.180286
-0.160444
-0.138451
-0.114839
-0.0894122
-0.062716
-0.0345703
-0.00547785
0.0247623
0.0556385
0.0873428
0.119429
0.152133
0.185042
0.218444
0.251966
0.2859
0.319841
0.354046
0.388026
0.421925
0.455177
0.48781
0.519281
0.549595
0.578357
0.605679
0.631438
0.655829
0.678882
0.700841
0.721742
0.741695
0.760636
0.778502
0.795124
0.810004
0.822572
0.833098
0.841982
0.844278
0.843551
0.843014
0.841079
0.838697
0.834853
0.831215
0.831871
0.818189
0.838902
1.00319
0.356497
2.77916
0.312351
0.340138
0.368971
0.396396
0.419127
0.437833
0.457431
0.479604
0.502261
0.52087
0.535002
0.546957
0.561171
0.578678
0.598899
0.618907
0.637796
0.654746
0.670705
0.685064
0.697726
0.707083
0.712893
0.714282
0.712211
0.707084
0.701009
0.695308
0.69257
0.694225
0.702647
0.718674
0.742809
0.772251
0.802348
0.825668
0.834711
0.820643
0.775414
0.691987
0.569232
0.414968
0.248624
0.0967501
-0.0154104
-0.0748638
-0.0867397
-0.0700597
-0.0456342
-0.0258788
-0.0138744
-0.00748456
-0.00395611
-0.0015307
6.97999e-05
0.000438764
-0.00118314
-0.00515715
-0.0114915
-0.0196094
-0.0288073
-0.038276
-0.0475283
-0.0562303
-0.0643982
-0.0718907
-0.079264
-0.0849043
-0.0869778
-0.0904659
-0.0907184
-0.0971569
-0.0879212
-0.109024
-0.0665359
-0.148516
0.00787062
-0.27482
0.251785
-0.630631
0.282716
0.253184
0.223913
0.194929
0.166685
0.138934
0.112176
0.0859385
0.0607826
0.0361529
0.0126581
-0.0103498
-0.032188
-0.0535217
-0.0736128
-0.0931642
-0.111387
-0.128984
-0.145163
-0.160644
-0.174536
-0.187457
-0.198578
-0.208448
-0.216227
-0.222385
-0.226211
-0.22811
-0.227537
-0.224885
-0.219808
-0.212663
-0.203321
-0.192148
-0.179205
-0.164801
-0.149148
-0.132536
-0.115248
-0.0974664
-0.0794529
-0.0612816
-0.0431298
-0.0249885
-0.00697224
0.0109462
0.0286696
0.0461515
0.0632499
0.079828
0.0957297
0.110744
0.124804
0.137743
0.149645
0.160425
0.170315
0.179316
0.187678
0.195415
0.202731
0.209588
0.216072
0.221916
0.227061
0.231946
0.237093
0.239791
0.239537
0.238927
0.237006
0.234434
0.231515
0.230938
0.237537
0.238614
0.260252
0.348425
0.00495493
1.16314
)
;

boundaryField
{
    inlet
    {
        type            freestreamPressure;
        freestreamValue uniform 0;
        value           nonuniform List<scalar> 
134
(
1.31576
0.679391
0.0016384
-0.603763
-1.06068
-1.36982
-1.48093
-1.38881
-1.09978
-0.528015
-0.0972153
-0.153908
-0.260113
-0.364436
-0.472225
-0.585997
-0.706192
-0.833003
-0.96766
-1.11272
1.92521
-1.27195
-1.44729
-1.63077
-1.80222
-1.92524
-1.98289
-2.08575
-2.08268
-2.11703
-2.52109
-2.31504
-2.31633
-2.35204
-2.37733
-2.38575
-2.39122
-2.41761
-2.49897
-2.59837
2.48744
3.05108
3.50092
3.70381
3.55533
2.88371
1.51989
-2.8639
-2.81004
-2.71717
-2.65223
-2.60305
-2.54979
-2.48992
-2.42782
-2.36541
-2.30208
-2.23678
-2.16927
-2.09967
-2.02789
-1.95338
-1.875
-1.79081
-1.699
-1.59688
-1.52654
-1.46038
-1.38432
-1.29815
-1.20057
-1.07917
-0.919069
-0.642971
-0.278367
0.517459
1.13686
1.81707
2.48145
3.12226
3.72734
4.23839
4.62621
4.9003
5.07036
5.16071
5.19893
5.20877
5.20939
5.22839
5.31069
5.4746
5.65579
5.80302
5.92163
6.02253
6.10813
6.17518
6.22189
6.24925
6.26042
6.26316
6.27322
6.33087
6.49768
6.8806
7.05193
6.89299
6.70228
6.57472
6.46957
6.35272
6.22557
6.09649
5.9662
5.83256
5.69394
5.55027
5.40063
5.24382
5.07702
4.89731
4.69846
4.47614
4.20419
4.02608
3.85246
3.63643
3.38165
3.08762
2.72696
2.26787
1.56087
0.6537
)
;
    }
    outlet
    {
        type            freestreamPressure;
        freestreamValue uniform 0;
        value           nonuniform List<scalar> 
160
(
0.00101909
0.000916419
0.0011158
0.000814355
0.00121402
0.000713256
0.00130554
0.000613413
0.00138115
0.000516431
0.00144436
0.000421547
0.00151074
0.000330511
0.00158408
0.000241767
0.00165679
0.000157224
0.00171492
7.50292e-05
0.00175862
-2.7737e-06
0.00179591
-7.83571e-05
0.00184062
-0.000149463
0.00189507
-0.000218318
0.00195698
-0.000282509
0.0020171
-0.000344382
0.00207304
-0.000401389
0.00212241
-0.000455865
0.00216822
-0.000505275
0.00220836
-0.000552014
0.00224251
-0.000593246
0.00226578
-0.000631006
0.00227783
-0.000662698
0.00227649
-0.000690135
0.00226547
-0.000710708
0.00224679
-0.000725988
0.0022275
-0.000733802
0.00221147
-0.00073551
0.00220543
-0.000729501
0.00221153
-0.000717098
0.00223459
-0.000697313
0.00227565
-0.000671344
0.00233736
-0.000638868
0.00241541
-0.000601103
0.00250165
-0.000558277
0.00257837
-0.000511399
0.00262402
-0.000461136
0.00260789
-0.000408392
0.00249646
-0.000354021
0.00225619
-0.000298569
0.00187428
-0.000242795
0.00137476
-0.000186899
0.000828253
-0.000131377
0.000330476
-7.61726e-05
-3.31567e-05
-2.15922e-05
-0.000223647
3.2476e-05
-0.000261881
8.57771e-05
-0.00021058
0.000138209
-0.000135553
0.000189391
-7.52788e-05
0.000238961
-3.90928e-05
0.000286504
-2.02516e-05
0.000331447
-1.01802e-05
0.000373638
-3.37964e-06
0.000412624
1.06365e-06
0.000448699
1.93201e-06
0.000481643
-3.15563e-06
0.000512171
-1.53846e-05
0.000540314
-3.4853e-05
0.000566842
-5.98031e-05
0.00059182
-8.80726e-05
0.00061589
-0.000117177
0.000638962
-0.000145651
0.000661334
-0.000172503
0.000682231
-0.000197819
0.000701497
-0.000221201
0.000720489
-0.00024437
0.000740881
-0.000262315
0.000753633
-0.000269293
0.000756622
-0.000280702
0.000759138
-0.000282465
0.000758018
-0.000303185
0.000755414
-0.00027614
0.000752319
-0.000342272
0.000757533
-0.000212058
0.000787369
-0.00046711
0.000801207
2.55519e-05
0.000885196
-0.00085005
0.00120224
0.000881247
1.79431e-05
-0.00179843
0.00391138
)
;
    }
    walls
    {
        type            zeroGradient;
    }
    frontAndBack
    {
        type            empty;
    }
}


// ************************************************************************* //
