/*--------------------------------*- C++ -*----------------------------------*\
| =========                 |                                                 |
| \\      /  F ield         | OpenFOAM: The Open Source CFD Toolbox           |
|  \\    /   O peration     | Version:  2412                                  |
|   \\  /    A nd           | Website:  www.openfoam.com                      |
|    \\/     M anipulation  |                                                 |
\*---------------------------------------------------------------------------*/
FoamFile
{
    version     2.0;
    format      ascii;
    arch        "LSB;label=32;scalar=64";
    class       volScalarField;
    location    "450";
    object      p;
}
// * * * * * * * * * * * * * * * * * * * * * * * * * * * * * * * * * * * * * //

dimensions      [0 2 -2 0 0 0 0];

internalField   nonuniform List<scalar> 
10720
(
181.703
230.723
276.51
313.224
337.724
348.257
349.019
340.457
319.988
291.464
257.776
220.281
180.406
139.637
99.2716
60.4301
23.7013
-9.72059
-39.4768
-64.4266
-84.3154
-98.1912
-106.672
-110.085
-110.345
-110.699
-111.056
-109.107
-104.627
-98.3503
-90.6266
-81.5206
-71.0264
-59.1024
-45.6636
-30.1153
-11.7037
14.0981
50.7862
125.564
64.6502
-12.4298
-99.1315
-189.947
-282.947
-370.04
-438.181
-479.039
-500.001
-504.243
-493.84
-475.581
-453.852
-430.869
-410.835
-394.362
-382.314
-374.359
-369.874
-366.777
-361.763
-349.12
-329.163
-309.333
-291.926
-275.278
-257.55
-238.45
-218.092
-196.554
-173.916
-150.291
-125.575
-99.553
-71.4058
-40.2032
-1.23669
45.5568
212.729
247.943
280.189
307.371
326.827
337.235
338.81
331.157
314.41
290.679
261.657
228.473
192.366
154.665
116.601
79.2584
43.4617
10.2624
-19.6968
-45.4461
-66.4983
-82.1335
-92.6516
-98.3454
-100.752
-102.421
-103.466
-102.487
-99.3378
-94.2997
-87.52
-79.1052
-69.1327
-57.6095
-44.4745
-29.1533
-10.9173
14.7768
50.3504
174.249
129.712
76.1862
14.4401
-52.9314
-123.764
-193.208
-254.79
-304.97
-343.405
-368.361
-380.262
-383.966
-382.782
-378.49
-373.527
-368.742
-365.111
-362.857
-361.868
-360.518
-355.639
-343.086
-324.358
-305.625
-288.755
-272.397
-254.967
-236.194
-216.165
-194.934
-172.555
-149.131
-124.589
-98.73
-70.733
-39.6702
-0.767944
45.145
209.889
241.266
269.851
293.719
310.821
320.732
323.17
317.574
304.127
283.917
258.113
227.816
194.201
158.495
121.908
85.5428
50.3681
17.376
-12.6277
-38.7686
-60.4333
-77.0132
-88.5285
-95.2891
-98.5942
-100.58
-101.654
-100.749
-97.6157
-92.5371
-85.7678
-77.4662
-67.6944
-56.4075
-43.4947
-28.3588
-10.2657
15.2309
49.7432
175.939
137.086
90.5823
35.7019
-24.8821
-89.4763
-154.995
-216.695
-269.889
-311.028
-339.46
-356.633
-365.209
-367.534
-365.557
-361.385
-356.57
-352.303
-349.155
-347.061
-344.705
-339.744
-329.169
-313.601
-297.15
-281.672
-266.365
-249.938
-232.091
-212.881
-192.358
-170.576
-147.64
-123.484
-97.9053
-70.1032
-39.1846
-0.463213
44.761
206.211
232.445
256.751
277.392
292.522
301.932
305.048
301.234
290.587
273.767
251.586
224.923
194.768
162.167
128.213
93.9675
60.411
28.5112
-0.857049
-26.8429
-48.7584
-66.018
-78.5097
-86.5196
-91.1202
-94.0568
-95.8605
-95.7452
-93.4206
-89.1358
-83.1124
-75.4488
-66.1723
-55.2456
-42.5822
-27.6203
-9.66209
15.5819
49.058
177.953
145.764
106.945
61.1758
10.5536
-44.0901
-100.331
-154.217
-202.246
-242.237
-273.502
-296.778
-312.871
-323.008
-328.499
-330.823
-331.356
-331.175
-330.915
-330.642
-329.556
-326.015
-317.831
-304.863
-290.104
-275.597
-260.991
-245.233
-228.019
-209.419
-189.487
-168.258
-145.811
-122.068
-96.8288
-69.3116
-38.6453
-0.264504
44.2003
197.326
220.348
241.844
260.164
273.769
282.683
286.257
283.874
275.552
261.646
242.676
219.281
192.279
162.553
131.072
98.8347
66.8139
35.9683
7.21005
-18.6159
-40.7637
-58.6539
-72.0746
-81.2372
-86.9732
-90.6622
-92.9216
-93.2212
-91.2786
-87.3041
-81.5157
-74.0269
-64.8942
-54.1056
-41.5819
-26.7653
-8.97026
15.9474
48.3021
172.516
144.456
110.561
70.3887
25.9063
-22.5649
-73.2287
-122.846
-168.631
-208.781
-242.23
-268.516
-287.834
-301.147
-309.635
-314.598
-317.27
-318.647
-319.368
-319.584
-318.76
-315.626
-308.454
-296.957
-283.445
-269.813
-255.896
-240.793
-224.188
-206.143
-186.717
-165.95
-143.913
-120.54
-95.6286
-68.4121
-38.0515
-0.130276
43.3651
187.341
207.609
226.711
243.085
255.422
263.841
267.658
266.361
259.883
248.416
232.283
211.929
188.004
161.228
132.428
102.506
72.3893
42.9995
15.2466
-10.0198
-32.0356
-50.2046
-64.2345
-74.2432
-80.8746
-85.2464
-88.0091
-88.8286
-87.4323
-83.9823
-78.6874
-71.6589
-62.9499
-52.5398
-40.3374
-25.7897
-8.23904
16.2781
47.4594
165.542
141.026
111.331
76.058
37.0393
-5.72477
-50.8071
-95.3876
-137.158
-174.702
-206.943
-233.359
-254.294
-270.331
-282.153
-290.545
-296.362
-300.367
-303.113
-304.785
-305.033
-302.914
-297.176
-287.552
-275.688
-263.229
-250.205
-235.905
-220.034
-202.648
-183.815
-163.571
-141.983
-118.994
-94.4177
-67.5105
-37.4903
-0.11275
42.2382
176.606
194.7
211.871
226.637
237.9
245.822
249.739
249.242
244.218
234.759
221.056
203.401
182.287
158.285
132.082
104.476
76.3129
48.468
21.8302
-2.76033
-24.5314
-42.8694
-57.4175
-68.2024
-75.7048
-80.8068
-84.1071
-85.4274
-84.5201
-81.5116
-76.6059
-69.9181
-61.5027
-51.3414
-39.3455
-24.9778
-7.61589
16.5002
46.52
157.154
135.383
108.97
77.512
42.7482
4.48023
-36.1654
-76.7054
-115.195
-150.555
-181.852
-208.522
-230.615
-248.323
-262.057
-272.386
-280.02
-285.587
-289.573
-292.171
-293.159
-291.849
-287.311
-279.238
-268.759
-257.263
-244.957
-231.317
-216.073
-199.27
-180.976
-161.224
-140.071
-117.461
-93.2115
-66.6092
-36.9474
-0.18848
40.8632
165.854
182.124
197.658
211.056
221.382
228.814
232.729
232.808
228.919
221.096
209.446
194.153
175.582
154.17
130.478
105.187
79.0544
52.8931
27.5487
3.83579
-17.4747
-35.7554
-50.6
-61.9471
-70.1346
-75.8451
-79.6168
-81.3916
-80.9646
-78.4243
-73.9578
-67.6759
-59.629
-49.7963
-38.0886
-23.9828
-6.89048
16.7238
45.5378
148.373
128.891
105.221
76.973
45.793
11.3668
-25.3864
-62.2346
-97.501
-130.341
-159.934
-185.712
-207.655
-225.93
-240.815
-252.678
-261.972
-269.127
-274.489
-278.208
-280.136
-279.767
-276.412
-269.791
-260.702
-250.296
-238.871
-226.043
-211.562
-195.457
-177.796
-158.615
-137.961
-115.786
-91.9165
-65.6654
-36.3944
-0.316842
39.3416
155.329
170.066
184.202
196.425
205.923
212.878
216.723
217.208
214.204
207.71
197.785
184.533
168.218
149.171
127.834
104.778
80.6679
56.2366
32.2719
9.55296
-11.1628
-29.242
-44.2415
-56.0218
-64.7975
-71.0822
-75.3357
-77.5715
-77.6209
-75.537
-71.4896
-65.5885
-57.8836
-48.355
-36.9144
-23.0568
-6.23247
16.8555
44.4785
139.5
121.922
100.538
74.9712
46.788
15.5904
-17.8518
-51.5214
-83.9298
-114.422
-142.296
-167.024
-188.594
-207.094
-222.652
-235.485
-245.886
-254.149
-260.534
-265.148
-267.885
-268.373
-266.096
-260.799
-253.014
-243.655
-233.058
-220.972
-207.184
-191.719
-174.646
-156.002
-135.831
-114.084
-90.5981
-64.7167
-35.8576
-0.51271
37.7357
145.208
158.63
171.553
182.752
191.511
198.011
201.742
202.508
200.192
194.776
186.292
174.792
160.464
143.55
124.393
103.465
81.3314
58.6445
36.1246
14.5076
-5.47897
-23.2043
-38.1967
-50.2512
-59.4767
-66.2449
-70.9294
-73.5859
-74.0842
-72.4483
-68.8267
-63.3242
-55.9865
-46.7915
-35.65
-22.0769
-5.56381
16.9332
43.3521
130.792
114.836
95.4023
72.1259
46.5006
18.0816
-12.4857
-43.3433
-73.1585
-101.413
-127.501
-150.933
-171.717
-189.913
-205.595
-218.912
-230.039
-239.15
-246.399
-251.839
-255.372
-256.708
-255.449
-251.371
-244.824
-236.517
-226.792
-215.501
-202.466
-187.7
-171.27
-153.214
-133.568
-112.287
-89.2191
-63.744
-35.338
-0.787889
36.0489
135.567
147.85
159.712
170.012
178.103
184.171
187.765
188.722
186.939
182.399
175.119
165.117
152.524
137.515
120.352
101.414
81.1762
60.2093
39.1623
18.715
-0.443231
-17.6925
-32.5446
-44.7403
-54.3003
-61.4781
-66.5614
-69.6185
-70.5495
-69.3513
-66.149
-61.0401
-54.0671
-45.2058
-34.3681
-21.0917
-4.91264
16.9507
42.1656
122.372
107.809
90.0545
68.7525
45.329
19.3109
-8.74816
-37.1322
-64.6301
-90.8262
-115.189
-137.277
-157.126
-174.795
-190.324
-203.811
-215.354
-225.03
-232.92
-239.029
-243.256
-245.362
-245.033
-242.063
-236.664
-229.373
-220.504
-209.989
-197.69
-183.611
-167.817
-150.346
-131.232
-110.431
-87.7997
-62.7582
-34.8454
-1.14772
34.2779
126.442
137.727
148.656
158.158
165.646
171.307
174.747
175.826
174.46
170.635
164.362
155.637
144.555
131.238
115.879
98.7832
80.3415
61.0444
41.4674
22.2308
3.9798
-12.6866
-27.2741
-39.4824
-49.2594
-56.7607
-62.1918
-65.6136
-66.9492
-66.1731
-63.3851
-58.6727
-52.0731
-43.5594
-33.0438
-20.0887
-4.27628
16.9067
40.9219
114.315
100.963
84.6692
65.0903
43.5823
19.6629
-6.18797
-32.3796
-57.7945
-82.0959
-104.815
-125.55
-144.358
-161.308
-176.43
-189.796
-201.468
-211.463
-219.797
-226.435
-231.261
-234.064
-234.583
-232.622
-228.295
-221.992
-213.986
-204.263
-192.718
-179.349
-164.215
-147.355
-128.797
-108.5
-86.3343
-61.7598
-34.3811
-1.59247
32.426
117.841
128.247
138.345
147.134
154.076
159.36
162.636
163.786
162.748
159.509
154.079
146.446
136.676
124.852
111.116
95.709
78.9477
61.2485
43.115
25.1052
7.81485
-8.18435
-22.4021
-34.5084
-44.3937
-52.1345
-57.8614
-61.6132
-63.3259
-62.9546
-60.5716
-56.2524
-50.0285
-41.8694
-31.6882
-19.0744
-3.6573
16.8042
39.6262
106.657
94.3661
79.3555
61.2905
41.4662
19.3919
-4.50587
-28.742
-52.2853
-74.855
-96.0342
-115.452
-133.188
-149.322
-163.887
-176.95
-188.548
-198.659
-207.261
-214.285
-219.602
-223.015
-224.289
-223.237
-219.894
-214.529
-207.366
-198.422
-187.623
-174.965
-160.496
-144.257
-126.271
-106.5
-84.8249
-60.7496
-33.9444
-2.11907
30.4997
109.757
119.383
128.737
136.885
143.33
148.264
151.374
152.56
151.779
149.023
144.302
137.601
128.969
118.461
106.178
92.3062
77.1033
60.9168
44.1824
27.396
11.1002
-4.16668
-17.9255
-29.8277
-39.7197
-47.6163
-53.5815
-57.6231
-59.6802
-59.6925
-57.7034
-53.7739
-47.9285
-40.1327
-30.3004
-18.0497
-3.0579
16.6458
38.2849
99.4096
88.059
74.1818
57.4607
39.1248
18.6886
-3.46725
-25.9549
-47.8104
-68.8009
-88.5448
-106.702
-123.366
-138.632
-152.538
-165.153
-176.506
-186.562
-195.273
-202.545
-208.24
-212.166
-214.104
-213.863
-211.419
-206.943
-200.604
-192.435
-182.384
-170.442
-156.651
-141.048
-123.653
-104.43
-83.2722
-59.7299
-33.537
-2.72082
28.508
102.175
111.101
119.787
127.355
133.35
137.96
140.903
142.102
141.523
139.164
135.043
129.142
121.497
112.146
101.157
88.6759
74.9079
60.1404
44.7452
29.1586
13.8716
-0.61543
-13.8427
-25.4519
-35.2586
-43.23
-49.3736
-53.6625
-56.0295
-56.4016
-54.7921
-51.2462
-45.7798
-38.354
-28.8838
-17.0172
-2.47951
16.4338
36.9047
92.5741
82.0597
69.1943
53.6719
36.6634
17.6898
-2.90582
-23.8192
-44.1501
-63.6962
-82.1104
-99.0755
-114.697
-129.08
-142.268
-154.343
-165.333
-175.201
-183.888
-191.287
-197.251
-201.592
-204.098
-204.574
-202.942
-199.295
-193.749
-186.337
-177.024
-165.798
-152.69
-137.732
-120.944
-102.291
-81.6774
-58.7016
-33.1601
-3.39285
26.4618
95.0705
103.368
111.451
118.494
124.078
128.387
131.169
132.361
131.942
129.915
126.303
121.088
114.301
105.966
96.1293
84.9024
72.447
58.9996
44.8745
30.4521
16.1715
2.49339
-10.1456
-21.3872
-31.0265
-38.9962
-45.257
-49.7475
-52.3868
-53.0918
-51.8452
-48.6744
-43.5862
-36.5364
-27.441
-15.9793
-1.92391
16.1722
35.4922
86.1425
76.3769
64.4178
49.9725
34.1544
16.495
-2.69509
-22.1855
-41.1322
-59.3578
-76.5426
-92.388
-107.007
-120.513
-132.959
-144.435
-154.978
-164.553
-173.103
-180.519
-186.649
-191.307
-194.287
-195.383
-194.478
-191.597
-186.808
-180.135
-171.549
-161.035
-148.614
-134.313
-118.148
-100.085
-80.042
-57.6661
-32.8143
-4.1282
24.3698
88.4212
96.1496
103.687
110.252
115.459
119.491
122.119
123.291
122.998
121.249
118.07
113.448
107.408
99.9665
91.1533
81.0531
69.793
57.5656
44.6357
31.3315
18.0421
5.18752
-6.82171
-17.6339
-27.0338
-34.9305
-41.2488
-45.8936
-48.7667
-49.7752
-48.872
-46.066
-41.3532
-34.684
-25.9755
-14.9385
-1.3918
15.8649
34.0544
80.1011
71.01
59.868
46.3958
31.65
15.1786
-2.7379
-20.938
-38.6233
-55.6402
-71.6881
-86.4863
-100.153
-112.806
-124.505
-135.351
-145.39
-154.598
-162.923
-170.26
-176.462
-181.344
-184.706
-186.331
-186.068
-183.887
-179.812
-173.85
-165.974
-156.165
-144.432
-130.795
-115.266
-97.8138
-78.3677
-56.6246
-32.499
-4.92036
22.2407
82.2021
89.4141
96.4542
102.584
107.445
111.223
113.702
114.846
114.654
113.139
110.331
106.222
100.835
94.1786
86.2737
77.1842
67.0086
55.9038
44.0905
31.8508
19.5261
7.49706
-3.8543
-14.1893
-23.289
-31.0488
-37.3664
-42.1174
-45.1843
-46.4646
-45.883
-43.4291
-39.087
-32.8016
-24.491
-13.8973
-0.884072
15.5169
32.5995
74.4336
65.953
55.5516
42.9626
29.1891
13.7952
-2.9617
-19.9841
-36.5184
-52.4248
-67.4219
-81.2438
-94.0114
-105.845
-116.809
-127.014
-136.517
-145.305
-153.336
-160.516
-166.705
-171.724
-175.378
-177.444
-177.74
-176.191
-172.781
-167.499
-160.314
-151.198
-140.15
-127.183
-112.302
-95.4798
-76.6565
-55.5775
-32.2135
-5.76138
20.0859
76.3879
83.1293
89.7161
95.4474
99.992
103.534
105.873
106.983
106.872
105.555
103.068
99.4043
94.5875
88.6239
81.5258
73.3416
64.1477
54.071
43.2948
32.06
20.6653
9.45291
-1.22573
-11.0476
-19.7966
-27.3627
-33.6247
-38.4343
-41.6544
-43.1728
-42.8889
-40.7722
-36.7944
-30.8944
-22.9913
-12.8582
-0.400988
15.1332
31.1351
69.1222
61.1967
51.4698
39.6854
26.7983
12.3869
-3.30998
-19.2546
-34.7326
-49.6167
-63.6418
-76.5556
-88.4786
-99.5319
-109.784
-119.352
-128.304
-136.637
-144.325
-151.284
-157.388
-162.466
-166.329
-168.752
-169.525
-168.538
-165.742
-161.105
-154.585
-146.147
-135.779
-123.484
-109.262
-93.0864
-74.91
-54.5259
-31.9557
-6.64347
17.9159
70.9547
77.2665
83.4381
88.8036
93.0577
96.3813
98.5878
99.6621
99.6156
98.4683
96.2578
92.9838
88.6681
83.3163
76.9349
69.5614
61.2542
52.1155
42.2979
32.0064
21.5004
11.086
1.08444
-8.19961
-16.5579
-23.8809
-30.0368
-34.8587
-38.1915
-39.9133
-39.9014
-38.1052
-34.483
-28.9683
-21.4808
-11.8238
0.0575254
14.7192
29.6692
64.1491
56.7305
47.62
36.5718
24.495
10.9844
-3.73996
-18.6938
-33.1997
-47.1409
-60.2668
-72.3354
-83.4657
-93.7805
-103.35
-112.296
-120.694
-128.555
-135.865
-142.556
-148.514
-153.581
-157.576
-160.276
-161.451
-160.958
-158.721
-154.687
-148.804
-141.026
-131.329
-119.705
-106.15
-90.6374
-73.131
-53.4699
-31.7232
-7.55783
15.741
65.8803
71.7975
77.5874
82.6171
86.6041
89.7259
91.809
92.8452
92.8511
91.8494
89.8805
86.9476
83.0731
78.2622
72.5183
65.8704
58.3631
50.0792
41.1449
31.7338
22.0709
12.4288
3.09963
-5.6325
-13.5705
-20.6095
-26.614
-31.4042
-34.81
-36.6995
-36.9325
-35.4379
-32.1611
-27.0296
-19.9642
-10.7965
0.492146
14.2811
28.2103
59.4963
52.5423
43.9969
33.6252
22.2926
9.6092
-4.21902
-18.26
-31.8691
-44.9375
-57.2288
-68.5119
-78.902
-88.521
-97.4405
-105.785
-113.638
-121.02
-127.929
-134.316
-140.08
-145.078
-149.137
-152.04
-153.542
-153.476
-151.742
-148.269
-142.99
-135.85
-126.811
-115.856
-102.973
-88.1369
-71.3217
-52.4096
-31.5128
-8.49507
13.5727
61.142
66.6963
72.1345
76.8551
80.5963
83.5317
85.4995
86.497
86.5452
85.6698
83.9126
81.2802
77.7956
73.4643
68.2884
62.2902
55.5043
47.9974
39.8737
31.2805
22.4127
13.5119
4.84258
-3.33218
-10.8292
-17.5516
-23.3649
-28.0826
-31.523
-33.5446
-33.9947
-32.7813
-29.8375
-25.0854
-18.4464
-9.77888
0.903588
13.8251
26.7667
55.146
48.619
40.5939
30.8457
20.1988
8.27853
-4.72205
-17.9178
-30.6966
-42.9562
-54.4728
-65.0245
-74.7232
-83.6881
-91.992
-99.7615
-107.084
-113.989
-120.49
-126.548
-132.08
-136.958
-141.022
-144.061
-145.822
-146.118
-144.831
-141.872
-137.163
-130.635
-122.239
-111.946
-99.7377
-85.5898
-69.4846
-51.3448
-31.3209
-9.44618
11.4228
56.7187
61.939
67.0522
71.4878
75.0028
77.7653
79.6258
80.5851
80.6685
79.9026
78.3318
75.9653
72.8265
68.9219
64.2526
58.8367
52.7009
45.8988
38.5175
30.6814
22.5595
14.3654
6.33713
-1.28322
-8.32693
-14.7074
-20.296
-24.9041
-28.3431
-30.4621
-31.1002
-30.1462
-27.5215
-23.1428
-16.9326
-8.77319
1.29306
13.3568
25.3463
51.0815
44.9478
37.4025
28.2312
18.218
7.00371
-5.22926
-17.641
-29.648
-41.1567
-51.952
-61.8223
-70.8761
-79.2293
-86.9531
-94.1751
-100.987
-107.426
-113.516
-119.23
-124.503
-129.221
-133.239
-136.353
-138.311
-138.907
-138.011
-135.521
-131.343
-125.399
-117.627
-107.987
-96.4529
-83.0016
-67.6225
-50.2751
-31.1425
-10.4014
9.30237
52.591
57.5026
62.3154
66.4877
69.7937
72.3966
74.1569
75.0792
75.1916
74.5225
73.1166
70.9861
68.1547
64.6307
60.4144
55.5209
49.9709
43.8084
37.1057
29.9686
22.5427
15.0178
7.60677
0.531414
-6.05393
-12.075
-17.4117
-21.8778
-25.2817
-27.4646
-28.2614
-27.5442
-25.223
-21.21
-15.4281
-7.78198
1.66217
12.8827
23.9572
47.2857
41.5162
34.4149
25.7782
16.352
5.7934
-5.72606
-17.4077
-28.6977
-39.5067
-49.6299
-58.8648
-67.3164
-75.0967
-82.276
-88.9811
-95.3047
-101.292
-106.975
-112.34
-117.333
-121.86
-125.79
-128.927
-131.024
-131.864
-131.305
-129.235
-125.55
-120.158
-112.989
-103.99
-93.1275
-80.3779
-65.7385
-49.1997
-30.9727
-11.3509
7.22306
48.7409
53.366
57.9008
61.829
64.9417
67.3973
69.0642
69.9509
70.0881
69.5044
68.2454
66.3253
63.7688
60.5849
56.7743
52.3502
47.3285
41.7459
35.6625
29.1686
22.3902
15.4949
8.67422
2.12981
-3.99867
-9.64954
-14.7134
-19.0097
-22.3478
-24.5636
-25.4903
-24.9864
-22.9518
-19.2945
-13.9384
-6.80721
2.0125
12.4089
22.6069
43.7434
38.3108
31.6218
23.4823
14.6017
4.65346
-6.20134
-17.2029
-27.8236
-37.9792
-47.475
-56.1173
-64.0066
-71.2507
-77.9192
-84.1378
-89.9992
-95.5536
-100.839
-105.853
-110.558
-114.87
-118.676
-121.791
-123.977
-125.007
-124.733
-123.037
-119.804
-114.933
-108.34
-99.967
-89.771
-77.726
-63.835
-48.1178
-30.806
-12.2851
5.19631
45.1507
49.51
53.7867
57.4889
60.4225
62.7416
64.3218
65.1749
65.3331
64.8253
63.6977
61.9661
59.6557
56.7768
53.3306
49.3285
44.7839
39.7269
34.2082
28.3049
22.1266
15.8214
9.56115
3.52915
-2.14983
-7.42569
-12.2017
-16.3052
-19.55
-21.7698
-22.7988
-22.4842
-20.7181
-17.4048
-12.4689
-5.85153
2.34624
11.9411
21.3023
40.4393
35.3199
29.014
21.3379
12.9656
3.58655
-6.64679
-17.0126
-27.0078
-36.5526
-45.4615
-53.55
-60.9145
-67.6585
-73.8495
-79.6105
-85.0354
-90.1765
-95.0777
-99.7472
-104.157
-108.239
-111.894
-114.951
-117.179
-118.351
-118.315
-116.947
-114.125
-109.74
-103.699
-95.9328
-86.3932
-75.0518
-61.9159
-47.0281
-30.6367
-13.1941
3.23318
41.8043
45.9166
49.9528
53.4454
56.2131
58.4055
59.9055
60.7268
60.903
60.4632
59.4538
57.8918
55.8027
53.1981
50.0796
46.4578
42.344
37.7637
32.7595
27.3977
21.774
16.0198
10.2888
4.74705
-0.49366
-5.39576
-9.87412
-13.7672
-16.8951
-19.0929
-20.1973
-20.0486
-18.5317
-15.5489
-11.0258
-4.91687
2.66505
11.4841
20.0498
37.3592
32.5313
26.5828
19.3388
11.4416
2.59448
-7.05722
-16.8271
-26.2365
-35.2093
-43.5686
-51.139
-58.0126
-64.2891
-70.0343
-75.3673
-80.381
-85.1309
-89.6642
-93.9977
-98.1124
-101.954
-105.439
-108.407
-110.639
-111.911
-112.068
-110.984
-108.533
-104.598
-99.0803
-91.9009
-83.0052
-72.3627
-59.9843
-45.9296
-30.4586
-14.0696
1.34364
38.6862
42.5684
46.3807
49.6782
52.2923
54.3671
55.7929
56.5846
56.7763
56.398
55.4952
54.0863
52.1969
49.8393
47.0164
43.7378
40.0136
35.8655
31.3301
26.4642
21.3519
16.11
10.876
5.80075
0.982809
-3.5506
-7.72701
-11.3965
-14.3885
-16.541
-17.6959
-17.6896
-16.4027
-13.735
-9.61408
-4.00557
2.97057
11.0434
18.8546
34.4897
29.9338
24.3189
17.4794
10.0265
1.67746
-7.42842
-16.6392
-25.4985
-33.9346
-41.7791
-48.8643
-55.2791
-61.1184
-66.4471
-71.3802
-76.009
-80.39
-84.5738
-88.5824
-92.4066
-96.0044
-99.3031
-102.159
-104.362
-105.695
-106.005
-105.164
-103.045
-99.5255
-94.501
-87.8853
-79.618
-69.6667
-58.0429
-44.8213
-30.2663
-14.9014
-0.462822
35.7824
39.4497
43.0531
46.1692
48.6406
50.6064
51.9631
52.727
52.9329
52.6101
51.8038
50.5337
48.8249
46.6909
44.1349
41.1668
37.7954
34.0394
29.9306
25.5186
20.8771
16.1098
11.3407
6.70586
2.29259
-1.88133
-5.75572
-9.19307
-12.0337
-14.1213
-15.3038
-15.4174
-14.3401
-11.9713
-8.23948
-3.11962
3.26539
10.6228
17.7218
31.8181
27.5162
22.2135
15.7532
8.71665
0.835318
-7.75806
-16.4428
-24.7853
-32.7171
-40.078
-46.7088
-52.6946
-58.1263
-63.0657
-67.6252
-71.8936
-75.9282
-79.7811
-83.4792
-87.0207
-90.3737
-93.4775
-96.2025
-98.3507
-99.7129
-100.138
-99.5027
-97.6776
-94.539
-89.9766
-83.9003
-76.2433
-66.971
-56.0962
-43.7019
-30.0527
-15.6824
-2.17764
33.0794
36.5458
39.9539
42.901
45.2396
47.1041
48.3969
49.1349
49.3534
49.0815
48.3631
47.2189
45.6742
43.7425
41.4284
38.7414
35.6897
32.2898
28.5694
24.5722
20.3631
16.0351
11.6989
7.47812
3.44961
-0.377426
-3.9536
-7.15467
-9.83252
-11.8385
-13.0282
-13.2405
-12.3528
-10.2649
-6.90726
-2.26106
3.55041
10.2264
16.6551
29.3322
25.2683
20.258
14.1536
7.50791
0.0663078
-8.0448
-16.2342
-24.0901
-31.5474
-38.4539
-44.6584
-50.2421
-55.293
-59.8699
-64.0812
-68.0135
-71.7232
-75.2644
-78.6675
-81.9362
-85.0475
-87.9522
-90.5339
-92.6053
-93.9692
-94.4789
-94.0135
-92.4469
-89.6545
-85.5235
-79.9593
-72.8922
-64.2838
-54.1473
-42.5703
-29.8133
-16.4043
-3.79346
30.5645
33.8428
37.0683
39.8577
42.0726
43.8429
45.0765
45.7904
46.0206
45.795
45.1571
44.1276
42.732
40.9843
38.8896
36.4577
33.696
30.6196
27.253
23.6349
19.8226
15.8995
11.9655
8.13171
4.46637
0.971665
-2.31378
-5.27821
-7.78561
-9.6967
-10.8757
-11.1669
-10.449
-8.62336
-5.62231
-1.43204
3.82724
9.857
15.6572
27.0209
23.1798
18.4442
12.6743
6.39622
-0.63162
-8.28791
-16.0108
-23.4081
-30.4185
-36.8971
-42.7013
-47.9086
-52.6033
-56.8423
-60.7294
-64.3486
-67.7554
-71.0043
-74.1282
-77.1361
-80.0119
-82.7167
-85.1464
-87.1248
-88.4676
-89.0339
-88.7075
-87.3661
-84.8868
-81.1559
-76.0764
-69.5755
-61.6132
-52.2
-41.4259
-29.5425
-17.0608
-5.30362
28.2258
31.3279
34.3822
37.0243
39.1241
40.8067
41.9852
42.6771
42.9178
42.7348
42.1704
41.246
39.9864
38.4061
36.5109
34.3106
31.8126
29.0304
25.9861
22.714
19.2653
15.7149
12.1528
8.67968
5.35522
2.17596
-0.828591
-3.55907
-5.89203
-7.69826
-8.85126
-9.20317
-8.63568
-7.05284
-4.38935
-0.634647
4.0969
9.51681
14.7298
24.8734
21.2415
16.7638
11.3089
5.37692
-1.26087
-8.48809
-15.7707
-22.7353
-29.3244
-35.4003
-40.8284
-45.6831
-50.0447
-53.9684
-57.5537
-60.8813
-64.0062
-66.9821
-69.8435
-72.6033
-75.252
-77.7589
-80.0318
-81.9058
-83.2094
-83.8089
-83.5938
-82.4473
-80.2496
-76.8877
-72.2643
-66.3045
-58.9665
-50.2585
-40.2683
-29.2354
-17.6454
-6.70246
26.0522
28.9889
31.8827
34.3871
36.3793
37.9801
39.1076
39.7789
40.0295
39.8858
39.3891
38.5608
37.4256
35.9979
34.2844
32.2949
30.0367
27.5223
24.7715
21.8153
18.6994
15.4913
12.2724
9.1336
6.12748
3.24573
0.510025
-1.99212
-4.14953
-5.84402
-6.95833
-7.35466
-6.91905
-5.55918
-3.21267
0.129425
4.35992
9.20742
13.8738
22.8794
19.4442
15.2092
10.0511
4.44539
-1.82431
-8.64659
-15.5128
-22.069
-28.2607
-33.9573
-39.0317
-43.5555
-47.606
-51.2357
-54.5403
-57.5972
-60.4597
-63.1813
-65.797
-68.3227
-70.7543
-73.0679
-75.1822
-76.9438
-78.1938
-78.8071
-78.6797
-77.7005
-75.7546
-72.7315
-68.5351
-63.0898
-56.3517
-48.3264
-39.0973
-28.889
-18.1537
-7.98584
24.0333
26.8145
29.5575
31.9329
33.8245
35.3493
36.4292
37.0816
37.3411
37.2338
36.7994
36.0595
35.0381
33.7499
32.2022
30.4049
28.3649
26.0942
23.6109
20.9428
18.1315
15.2375
12.3343
9.50454
6.79406
4.19107
1.71046
-0.571324
-2.55489
-4.13346
-5.1991
-5.62542
-5.30403
-4.14731
-2.096
0.857968
4.61673
8.92957
13.0888
21.0294
17.7792
13.773
8.89481
3.59703
-2.32509
-8.76425
-15.2371
-21.4073
-27.2236
-32.5622
-37.3041
-41.5176
-45.2771
-48.6329
-51.6768
-54.4822
-57.1016
-59.5868
-61.9734
-64.2792
-66.5044
-68.6315
-70.5884
-72.2334
-73.4196
-74.0304
-73.9697
-73.1332
-71.4117
-68.6987
-64.9001
-59.9409
-53.7761
-46.408
-37.9139
-28.4998
-18.5815
-9.1512
22.159
24.7941
27.3953
29.6497
31.4474
32.901
33.9367
34.5715
34.8396
34.7658
34.3888
33.7303
32.8132
31.6528
30.2564
28.6342
26.7932
24.7446
22.5051
20.1
17.5666
14.9602
12.347
9.80171
7.36475
5.02141
2.78097
0.709797
-1.10401
-2.56475
-3.57432
-4.01815
-3.79456
-2.82133
-1.04264
1.54938
4.86691
8.68303
12.3737
19.3143
16.2384
12.4479
7.83415
2.82725
-2.76628
-8.84311
-14.9437
-20.749
-26.2104
-31.2118
-35.6406
-39.5633
-43.0507
-46.1515
-48.9526
-51.5252
-53.9194
-56.1853
-58.359
-60.4593
-62.4899
-64.4383
-66.2411
-67.7679
-68.8829
-69.4789
-69.4672
-68.7516
-67.2292
-64.7986
-61.3689
-56.867
-51.2469
-44.5074
-36.7181
-28.0662
-18.9263
-10.1963
20.4202
22.9177
25.3855
27.5262
29.2358
30.623
31.6175
32.236
32.5119
32.4692
32.1455
31.5616
30.7404
29.6969
28.4391
26.9769
25.3172
23.471
21.4538
19.2884
17.009
14.6653
12.3177
10.0337
7.84857
5.74584
3.72998
1.85828
0.20828
-1.13509
-2.08348
-2.53418
-2.39321
-1.58426
-0.0553034
2.20193
5.10989
8.46719
11.7263
17.7256
14.8141
11.2272
6.86322
2.1313
-3.15137
-8.88522
-14.6332
-20.0934
-25.2197
-29.9028
-34.0372
-37.6869
-40.9199
-43.7831
-46.3591
-48.716
-50.9019
-52.9652
-54.9414
-56.8503
-58.6983
-60.477
-62.1309
-63.5395
-64.5792
-65.1509
-65.174
-64.5603
-63.2138
-61.0392
-57.9504
-53.8758
-48.7702
-42.6287
-35.5118
-27.5865
-19.1867
-11.1208
18.8081
21.176
23.5182
25.552
27.1789
28.5039
29.46
30.0632
30.3464
30.3326
30.0578
29.543
28.8099
27.8737
26.7426
25.4265
23.9324
22.2708
20.4561
18.5093
16.4614
14.3578
12.2529
10.2079
8.2539
6.37293
4.56568
2.88132
1.38763
0.159303
-0.724761
-1.1735
-1.10131
-0.43819
0.864034
2.81406
5.34491
8.28055
11.1438
16.2551
13.4988
10.1042
5.97656
1.50475
-3.48358
-8.89261
-14.307
-19.4404
-24.25
-28.6327
-32.4901
-35.8839
-38.8791
-41.5209
-43.8881
-46.0453
-48.0389
-49.9152
-51.7089
-53.4404
-55.1181
-56.7368
-58.248
-59.5409
-60.5027
-61.0434
-61.0897
-60.5614
-59.3699
-57.4271
-54.6515
-50.9748
-46.3523
-40.7759
-34.2967
-27.0611
-19.3617
-11.925
17.3146
19.5601
21.7838
23.717
25.2664
26.533
27.4531
28.0419
28.3319
28.3449
28.1154
27.6642
27.0122
26.1745
25.1595
23.977
22.634
21.1408
19.5106
17.763
15.9261
14.0412
12.1577
10.3309
8.58808
6.91053
5.2959
3.78617
2.44023
1.32318
0.504793
0.0649858
0.0808532
0.615799
1.71388
3.38439
5.57059
8.12115
10.6228
14.8954
12.2855
9.07279
5.1688
0.943194
-3.76652
-8.86766
-13.966
-18.7903
-23.3005
-27.3998
-30.9964
-34.1501
-36.9232
-39.3589
-41.5326
-43.5053
-45.3214
-47.0255
-48.651
-50.2188
-51.7381
-53.2069
-54.5827
-55.7639
-56.6476
-57.1524
-57.2126
-56.7556
-55.7007
-53.9669
-51.4779
-48.1697
-43.9985
-38.953
-33.0751
-26.4907
-19.4526
-12.611
15.9318
18.0619
20.1735
22.0121
23.4886
24.7001
25.5865
26.1619
26.4581
26.4959
26.3083
25.9157
25.3384
24.5911
23.6824
22.622
21.4172
20.0774
18.6154
17.0492
15.4044
13.7186
12.0366
10.4084
8.85787
7.36609
5.92835
4.58023
3.37264
2.36188
1.60906
1.18366
1.15422
1.57751
2.49346
3.91186
5.78549
7.98638
10.1591
13.639
11.1677
8.12695
4.4348
0.44233
-4.00328
-8.8128
-13.6117
-18.1434
-22.3708
-26.2026
-29.5541
-32.4826
-35.0481
-37.2922
-39.2864
-41.0888
-42.7417
-44.2875
-45.7584
-47.1752
-48.548
-49.8774
-51.1255
-52.1998
-53.0067
-53.4728
-53.5398
-53.1423
-52.2076
-50.6616
-48.4344
-45.4657
-41.7135
-37.1639
-31.8498
-25.8771
-19.461
-13.1812
14.6525
16.6734
18.6793
20.4286
21.8363
22.9961
23.8507
24.4135
24.7153
24.776
24.6271
24.2885
23.7799
23.1157
22.3044
21.3558
20.277
19.0772
17.7683
16.367
14.897
13.3922
11.8933
10.4453
9.06931
7.74646
6.47026
5.27076
4.19163
3.2813
2.59271
2.18583
2.12076
2.44775
3.20266
4.39555
5.98797
7.87337
9.7481
12.4792
10.1389
7.26109
3.76952
-0.0019986
-4.19746
-8.7305
-13.2457
-17.5006
-21.4605
-25.0402
-28.1611
-30.8787
-33.2504
-35.3164
-37.1444
-38.7898
-40.2925
-41.6929
-43.0221
-44.3002
-45.5383
-46.7384
-47.867
-48.8401
-49.5726
-49.999
-50.0672
-49.7195
-48.8904
-47.5129
-45.5236
-42.8665
-39.5014
-35.4124
-30.6237
-25.2229
-19.3898
-13.6396
13.4699
15.3874
17.2934
18.9583
20.3012
21.4122
22.2368
22.7875
23.0944
23.1762
23.063
22.7742
22.3287
21.7407
21.0188
20.1723
19.2085
18.1363
16.9668
15.7157
14.4042
13.0637
11.7307
10.4459
9.22792
8.05805
6.92865
5.86498
4.90427
4.08787
3.46127
3.07572
2.98337
3.22819
3.84198
4.8349
6.17631
7.77885
9.3851
11.4097
9.19347
6.46975
3.16838
-0.393838
-4.35208
-8.62312
-12.8696
-16.8626
-20.57
-23.9119
-26.8162
-29.336
-31.5269
-33.4275
-35.1018
-36.6024
-37.9673
-39.2348
-40.4342
-41.5854
-42.6998
-43.7803
-44.7981
-45.6763
-46.3376
-46.7242
-46.7899
-46.4837
-45.7474
-44.5211
-42.7472
-40.3747
-37.3653
-33.7017
-29.4003
-24.5314
-19.2429
-13.9906
12.3773
14.1971
16.0084
17.5936
18.8752
19.9402
20.7363
21.2756
21.5869
21.688
21.6077
21.3647
20.9773
20.4592
19.819
19.066
18.2071
17.2511
16.2085
15.0936
13.9261
12.7344
11.5515
10.4142
9.33857
8.30672
7.31009
6.36985
5.51756
4.78825
4.22066
3.85825
3.74575
3.9212
4.4125
5.22963
6.34879
7.69944
9.06492
10.4242
8.3255
5.74797
2.6268
-0.736991
-4.47042
-8.49314
-12.4851
-16.2304
-19.6992
-22.8172
-25.5179
-27.8529
-29.8752
-31.6221
-33.1544
-34.5218
-35.7603
-36.9061
-37.9871
-39.0224
-40.0236
-40.9946
-41.9098
-42.6996
-43.2938
-43.6414
-43.7021
-43.4307
-42.7761
-41.6848
-40.1056
-37.9919
-35.3079
-32.0351
-28.1831
-23.8066
-19.0248
-14.2394
11.3688
13.096
14.8176
16.3274
17.551
18.5723
19.3416
19.8696
20.1847
20.3036
20.2534
20.0526
19.7185
19.2644
18.6991
18.0314
17.2682
16.418
15.4907
14.4994
13.4624
12.4052
11.3578
10.3533
9.4057
8.49791
7.62088
6.79219
6.03852
5.38929
4.87726
4.53893
4.41231
4.52986
4.91582
5.57985
6.50379
7.63164
8.78246
9.51725
7.52978
5.09077
2.14049
-1.03523
-4.55558
-8.34293
-12.0938
-15.6049
-18.8485
-21.7558
-24.2653
-26.4274
-28.2926
-29.8971
-31.2983
-32.5432
-33.666
-34.7007
-35.6739
-36.6037
-37.5016
-38.3723
-39.1933
-39.9014
-40.4329
-40.7432
-40.7971
-40.5551
-39.9724
-39.002
-37.598
-35.7188
-33.3309
-30.4154
-26.9758
-23.053
-18.7408
-14.3923
10.4386
12.0779
13.7146
15.1529
16.3216
17.3015
18.0451
18.5623
18.8805
19.0155
18.9929
18.8308
18.5455
18.1501
17.6532
17.0633
16.3874
15.6334
14.8107
13.9315
13.0124
12.0767
11.1515
10.2663
9.43342
8.63674
7.86696
7.13858
6.47406
5.89797
5.43771
5.12372
4.98794
5.05782
5.35412
5.88594
6.63982
7.57201
8.53258
8.68325
6.8013
4.49359
1.70542
-1.29196
-4.61025
-8.17457
-11.6974
-14.9871
-18.0184
-20.7272
-23.0576
-25.058
-26.7771
-28.2495
-29.5299
-30.6624
-31.6793
-32.6128
-33.4879
-34.3219
-35.126
-35.9055
-36.6403
-37.2731
-37.7467
-38.0218
-38.0681
-37.8512
-37.3319
-36.4692
-35.2227
-33.555
-31.4355
-28.845
-25.7819
-22.2754
-18.3968
-14.4556
9.58126
11.1373
12.6934
14.0638
15.1804
16.121
16.84
17.3466
17.6674
17.8167
17.8194
17.6927
17.4521
17.1104
16.6759
16.157
15.5605
14.8938
14.1659
13.3881
12.5756
11.7494
10.934
10.1557
9.42538
8.72787
8.05389
7.41533
6.83098
6.32122
5.9088
5.61888
5.47803
5.50917
5.72993
6.14865
6.75562
7.51726
8.31028
7.9172
6.1353
3.95213
1.31772
-1.5106
-4.63746
-7.99047
-11.2974
-14.3781
-17.2092
-19.7315
-21.8939
-23.7434
-25.3266
-26.6768
-27.8459
-28.8754
-29.7956
-30.6371
-31.4231
-32.1703
-32.8895
-33.5859
-34.2422
-34.8064
-35.2267
-35.4693
-35.5076
-35.3122
-34.849
-34.0823
-32.9769
-31.4995
-29.6223
-27.3259
-24.6051
-21.4785
-17.9989
-14.4364
8.79175
10.2688
11.7482
13.0543
14.1214
15.0244
15.7198
16.2161
16.5386
16.701
16.7266
16.6321
16.4324
16.1397
15.7621
15.3078
14.7834
14.196
13.5539
12.8677
12.1513
11.4236
10.7066
10.0239
9.38501
8.77574
8.18701
7.62851
7.11589
6.66592
6.29737
6.03085
5.88821
5.8884
6.04617
6.36904
6.85022
7.46428
8.11076
7.21432
5.52731
3.46231
0.973704
-1.69429
-4.63962
-7.79262
-10.8955
-13.7787
-16.4213
-18.7683
-20.7736
-22.4823
-23.9392
-25.1765
-26.2432
-27.1783
-28.0105
-28.7683
-29.4738
-30.1424
-30.7848
-31.4062
-31.9912
-32.4929
-32.8649
-33.0774
-33.108
-32.9311
-32.5176
-31.8365
-30.8573
-29.5505
-27.891
-25.8597
-23.4486
-20.6677
-17.5537
-14.3419
8.0653
9.46727
10.874
12.1189
13.1388
14.0059
14.6787
15.1646
15.4882
15.6621
15.7085
15.6433
15.4809
15.2327
14.907
14.5114
14.0523
13.5367
12.9722
12.3687
11.7387
11.0994
10.4705
9.87311
9.31545
8.78444
8.27128
7.78387
7.33513
6.9388
6.6102
6.36608
6.22426
6.20019
6.30607
6.54849
6.92286
7.41029
7.92952
6.57008
4.97313
3.02022
0.669967
-1.84603
-4.61946
-7.58298
-10.4929
-13.1899
-15.6551
-17.8376
-19.6958
-21.2734
-22.6133
-23.7463
-24.7188
-25.5676
-26.3196
-27.0016
-27.6341
-28.232
-28.8051
-29.3588
-29.8795
-30.3247
-30.6528
-30.8381
-30.8613
-30.7007
-30.3313
-29.7265
-28.8598
-27.7055
-26.241
-24.4479
-22.3156
-19.8477
-17.0675
-14.1794
7.39742
8.72807
10.0656
11.2522
12.2272
13.0601
13.711
14.1866
14.5105
14.6945
14.7595
14.721
14.5923
14.3847
14.106
13.7637
13.3639
12.9131
12.4186
11.8895
11.3371
10.777
10.2268
9.70526
9.2196
8.75778
8.31143
7.88689
7.49482
7.14635
6.85394
6.63105
6.49204
6.44941
6.51306
6.68865
6.97318
7.3528
7.76242
5.98028
4.46878
2.62228
0.403284
-1.96869
-4.57922
-7.36353
-10.0912
-12.6126
-14.9108
-16.9392
-18.6599
-20.1155
-21.3468
-22.3837
-23.2698
-24.0397
-24.7189
-25.3322
-25.8989
-26.433
-26.9439
-27.4367
-27.8995
-28.2938
-28.5825
-28.7432
-28.7597
-28.6136
-28.2833
-27.7464
-26.9799
-25.9616
-24.6711
-23.091
-21.2091
-19.0235
-16.5469
-13.9565
6.78388
8.04675
9.31844
10.4496
11.3817
12.1817
12.8114
13.2766
13.6002
13.793
13.8747
13.8601
13.762
13.5911
13.355
13.0609
12.7146
12.3223
11.8909
11.4286
10.9459
10.4565
9.97644
9.5222
9.10017
8.69936
8.31186
7.94276
7.60075
7.29484
7.03502
6.83205
6.69738
6.64095
6.67072
6.7914
7.00108
7.28973
7.6057
5.44092
4.01057
2.26507
0.170503
-2.06489
-4.5212
-7.13598
-9.69139
-12.0474
-14.1888
-16.0727
-17.6651
-19.0072
-20.1382
-21.0865
-21.8933
-22.5913
-23.2043
-23.7555
-24.2631
-24.7399
-25.1948
-25.633
-26.0438
-26.3925
-26.6459
-26.7848
-26.7954
-26.662
-26.3668
-25.8902
-25.2128
-24.3153
-23.1797
-21.7895
-20.1316
-18.1997
-15.9982
-13.6805
6.22075
7.41915
8.62815
9.70639
10.5975
11.3659
11.975
12.4298
12.7524
12.9526
13.049
13.056
12.9855
12.8478
12.6501
12.3995
12.1015
11.7619
11.3871
10.9848
10.5643
10.1381
9.72026
9.32563
8.9597
8.61253
8.27675
7.95635
7.65843
7.3902
7.15963
6.97521
6.84597
6.77973
6.78274
6.85883
7.00677
7.21936
7.45604
4.9483
3.59499
1.94532
-0.0311576
-2.13713
-4.44741
-6.90184
-9.29481
-11.495
-13.4892
-15.2378
-16.7107
-17.9474
-18.9855
-19.8523
-20.5866
-21.2191
-21.7721
-22.2673
-22.7216
-23.147
-23.5518
-23.9412
-24.3054
-24.6134
-24.8354
-24.9549
-24.9603
-24.8386
-24.5745
-24.1516
-23.5533
-22.7631
-21.7649
-20.5433
-19.085
-17.3806
-15.4274
-13.3586
5.70433
6.84139
7.99067
9.0184
9.87028
10.6083
11.1973
11.6416
11.9624
12.1687
12.2782
12.3044
12.2586
12.1507
11.9878
11.7763
11.5217
11.2294
10.9054
10.5567
10.1917
9.8217
9.45914
9.11715
8.80058
8.50047
8.20998
7.93225
7.67305
7.43807
7.23364
7.06638
6.94334
6.87054
6.85282
6.89317
6.99074
7.14036
7.31055
4.49889
3.21876
1.66007
-0.204415
-2.18779
-4.35983
-6.66272
-8.90242
-10.9562
-12.8121
-14.4342
-15.7957
-16.9347
-17.887
-18.6789
-19.3469
-19.9198
-20.4185
-20.8632
-21.2696
-21.6489
-22.0091
-22.3548
-22.6775
-22.9492
-23.1434
-23.2458
-23.2469
-23.1358
-22.8995
-22.5243
-21.9962
-21.3008
-20.4242
-19.3523
-18.0713
-16.5698
-14.8403
-12.9978
5.23115
6.30983
7.40217
8.38164
9.19593
9.90458
10.474
10.9077
11.226
11.4373
11.558
11.6012
11.5776
11.4964
11.3646
11.1882
10.9726
10.7227
10.4442
10.1433
9.82774
9.50759
9.19392
8.89831
8.62505
8.3661
8.11519
7.87476
7.64945
7.44374
7.2626
7.11114
6.99476
6.91807
6.88466
6.89678
6.95375
7.05179
7.16681
4.08945
2.87879
1.40646
-0.351772
-2.21899
-4.26028
-6.42
-8.51518
-10.4311
-12.1575
-13.6615
-14.9193
-15.9677
-16.8409
-17.5641
-18.1715
-18.6902
-19.1397
-19.539
-19.9025
-20.2407
-20.5609
-20.8678
-21.1535
-21.393
-21.5626
-21.6502
-21.6477
-21.5462
-21.3348
-21.002
-20.536
-19.9245
-19.1554
-18.2156
-17.0917
-15.7709
-14.242
-12.6047
4.79798
5.82104
6.85908
7.7924
8.57062
9.25092
9.80106
10.224
10.5392
10.7543
10.8846
10.9428
10.9388
10.8815
10.7775
10.6326
10.4518
10.2398
10.0018
9.74348
9.47188
9.1959
8.92536
8.67053
8.43518
8.21217
7.99577
7.78786
7.59216
7.41216
7.25171
7.11472
7.00527
6.92678
6.88185
6.87208
6.89677
6.95306
7.02282
3.71688
2.57224
1.18189
-0.475615
-2.23282
-4.15037
-6.17488
-8.13389
-9.92038
-11.5253
-12.9191
-14.0806
-15.0451
-15.8454
-16.5055
-17.0576
-17.5271
-17.9323
-18.2906
-18.6157
-18.9171
-19.2019
-19.4741
-19.7271
-19.9381
-20.0861
-20.1607
-20.1554
-20.0627
-19.8736
-19.5785
-19.1674
-18.63
-17.9555
-17.1323
-16.1473
-14.987
-13.6375
-12.1854
4.40176
5.37185
6.35806
7.24722
7.99077
8.64364
9.17492
9.58697
9.89834
10.116
10.2545
10.3257
10.3391
10.303
10.2237
10.1069
9.95707
9.77885
9.57687
9.35642
9.12374
8.88677
8.65424
8.43517
8.23294
8.04123
7.85486
7.67525
7.50536
7.34789
7.20579
7.08201
6.97958
6.90095
6.84793
6.82151
6.82094
6.84388
6.87701
3.37831
2.29641
0.983886
-0.578108
-2.23112
-4.03168
-5.92851
-7.75931
-9.4242
-10.9156
-12.2064
-13.2784
-14.1654
-14.8986
-15.5009
-16.0026
-16.4275
-16.7926
-17.1142
-17.4049
-17.6736
-17.9267
-18.1682
-18.3921
-18.5779
-18.707
-18.7705
-18.763
-18.6784
-18.5093
-18.2476
-17.8851
-17.4129
-16.8218
-16.1012
-15.2387
-14.2205
-13.0312
-11.7456
4.03969
4.95929
5.896
6.74286
7.45308
8.07935
8.59206
8.99302
9.29995
9.51921
9.66436
9.74682
9.77532
9.75795
9.70067
9.60872
9.48649
9.33822
9.16822
8.98129
8.78301
8.58043
8.38129
8.19353
8.02016
7.85567
7.69538
7.54034
7.39292
7.25517
7.12932
7.01756
6.92208
6.84459
6.78624
6.74754
6.72755
6.72429
6.72821
3.07109
2.04879
0.810147
-0.66129
-2.21566
-3.90561
-5.68193
-7.39201
-8.94279
-10.3278
-11.5228
-12.5117
-13.3271
-13.9985
-14.5479
-15.0038
-15.3882
-15.7172
-16.0059
-16.2658
-16.5053
-16.7303
-16.9446
-17.1427
-17.3064
-17.4189
-17.4728
-17.4638
-17.3867
-17.2355
-17.0035
-16.6838
-16.2691
-15.7513
-15.1208
-14.3662
-13.4736
-12.4267
-11.2906
3.70911
4.58058
5.47001
6.2763
6.95442
7.55489
8.04931
8.439
8.74086
8.96068
9.11115
9.20313
9.24481
9.24385
9.20592
9.13599
9.03816
8.91642
8.77469
8.61737
8.44941
8.27709
8.10722
7.9468
7.79855
7.65767
7.51999
7.38627
7.25838
7.13786
7.02639
6.92555
6.83687
6.76148
6.70001
6.65256
6.61803
6.59454
6.5756
2.79271
1.82705
0.658546
-0.727052
-2.18803
-3.77344
-5.43605
-7.03253
-8.4762
-9.76184
-10.8675
-11.7795
-12.5287
-13.1434
-13.6444
-14.0585
-14.4063
-14.7027
-14.9618
-15.1943
-15.4078
-15.608
-15.7981
-15.9735
-16.1176
-16.2158
-16.2615
-16.2513
-16.1812
-16.0461
-15.8405
-15.5586
-15.1945
-14.741
-14.1896
-13.5298
-12.7479
-11.8275
-10.8252
3.40756
4.23314
5.07739
5.84474
6.49192
7.06731
7.54368
7.92192
8.21813
8.43755
8.59204
8.69197
8.74495
8.75827
8.73731
8.68673
8.61043
8.51207
8.39529
8.26402
8.12273
7.97696
7.8327
7.69611
7.56968
7.44926
7.33116
7.21592
7.10498
6.99952
6.90075
6.8098
6.72769
6.6551
6.59227
6.53892
6.49384
6.4551
6.41867
2.54084
1.629
0.527081
-0.777136
-2.14971
-3.63634
-5.19168
-6.68128
-8.02451
-9.21723
-10.2398
-11.0804
-11.7685
-12.3311
-12.7879
-13.164
-13.4787
-13.7458
-13.9784
-14.1864
-14.3768
-14.5549
-14.7237
-14.879
-15.006
-15.0916
-15.1304
-15.1196
-15.0558
-14.9352
-14.753
-14.5046
-14.1849
-13.7878
-13.3058
-12.7292
-12.0448
-11.2364
-10.3533
3.13275
3.91456
4.7156
5.4456
6.06291
6.61389
7.07244
7.43903
7.729
7.94711
8.10445
8.21083
8.27339
8.29903
8.29284
8.25919
8.20176
8.12395
8.02908
7.9207
7.8028
7.68026
7.55836
7.44252
7.33501
7.2323
7.13114
7.03189
6.93568
6.84336
6.75582
6.67382
6.598
6.5287
6.46584
6.40889
6.35649
6.30663
6.25719
2.31332
1.45264
0.413904
-0.813197
-2.1021
-3.49538
-4.9495
-6.33861
-7.5876
-8.69351
-9.63882
-10.4133
-11.0451
-11.5598
-11.9762
-12.3178
-12.6026
-12.8433
-13.0522
-13.2383
-13.4082
-13.5666
-13.7166
-13.8542
-13.9662
-14.041
-14.0739
-14.0627
-14.005
-13.8972
-13.7358
-13.517
-13.2363
-12.8887
-12.4675
-11.9637
-11.3651
-10.6557
-9.87884
2.88254
3.6226
4.38232
5.07643
5.6649
6.1921
6.63301
6.98777
7.27095
7.48691
7.64596
7.7574
7.82794
7.8641
7.87065
7.85173
7.81078
7.75094
7.67526
7.58693
7.48949
7.38724
7.28482
7.18701
7.0959
7.0085
6.92198
6.83657
6.75314
6.6723
6.59468
6.52078
6.45093
6.38524
6.32339
6.26465
6.20751
6.14988
6.09114
2.10813
1.29603
0.317292
-0.836733
-2.04646
-3.35154
-4.71016
-6.00476
-7.16535
-8.19016
-9.06364
-9.77689
-10.3568
-10.8276
-11.2072
-11.5174
-11.775
-11.992
-12.1796
-12.3462
-12.4979
-12.639
-12.7722
-12.8943
-12.9932
-13.0585
-13.0865
-13.0754
-13.0231
-12.927
-12.7841
-12.5913
-12.3449
-12.0407
-11.6727
-11.2328
-10.7095
-10.0876
-9.40491
2.65496
3.35519
4.07539
4.735
5.29559
5.7996
6.22304
6.56579
6.84165
7.05466
7.21433
7.32953
7.40659
7.45161
7.46906
7.46286
7.43621
7.39203
7.33309
7.26225
7.18267
7.09811
7.01265
6.93049
6.85357
6.77941
6.70554
6.6321
6.55978
6.48898
6.42013
6.35354
6.28934
6.22744
6.16736
6.10822
6.04842
5.98572
5.9207
1.9234
1.15746
0.235628
-0.849168
-1.98398
-3.20576
-4.47426
-5.67999
-6.75752
-7.70653
-8.5133
-9.16998
-9.70208
-10.1326
-10.4784
-10.7601
-10.9932
-11.1889
-11.3575
-11.5067
-11.6421
-11.7678
-11.8864
-11.9947
-12.0821
-12.1394
-12.1632
-12.1523
-12.1052
-12.0195
-11.8931
-11.7233
-11.5071
-11.2409
-10.9194
-10.5354
-10.0782
-9.53337
-8.93421
2.44819
3.11044
3.79282
4.41923
4.95286
5.43422
5.84035
6.1709
6.43892
6.64824
6.8075
6.92524
7.00748
7.05984
7.08652
7.09117
7.07687
7.04626
7.00187
6.94627
6.88224
6.81309
6.74237
6.67379
6.60913
6.54641
6.48349
6.42043
6.35775
6.29574
6.23466
6.17469
6.1158
6.05778
6.00003
5.94156
5.8807
5.8151
5.74624
1.75741
1.03533
0.16749
-0.851735
-1.91568
-3.0588
-4.24225
-5.36446
-6.36381
-7.24197
-7.98686
-8.59122
-9.07919
-9.47267
-9.78777
-10.0436
-10.2545
-10.431
-10.5824
-10.7161
-10.8372
-10.9493
-11.0549
-11.1512
-11.2285
-11.2788
-11.2991
-11.2887
-11.2463
-11.1701
-11.0583
-10.9088
-10.7192
-10.4863
-10.2056
-9.87052
-9.47126
-8.99434
-8.46906
2.2606
2.8866
3.5328
4.12721
4.63473
5.09394
5.48286
5.80104
6.06071
6.26567
6.42353
6.54271
6.62896
6.68729
6.72159
6.73542
6.73167
6.71278
6.68097
6.6386
6.58809
6.53233
6.47442
6.41761
6.3636
6.31077
6.25732
6.20327
6.14899
6.09468
6.04051
5.98653
5.93263
5.87848
5.82345
5.76646
5.70579
5.639
5.56824
1.60862
0.928207
0.111602
-0.84552
-1.8424
-2.9112
-4.01435
-5.05812
-5.98386
-6.79588
-7.48345
-8.03938
-8.48659
-8.84605
-9.13305
-9.36531
-9.55618
-9.71534
-9.85154
-9.9714
-10.0797
-10.1797
-10.2738
-10.3595
-10.428
-10.4723
-10.4898
-10.4801
-10.442
-10.3744
-10.2756
-10.1441
-9.97779
-9.77412
-9.52912
-9.2369
-8.88846
-8.4713
-8.01131
2.0905
2.6819
3.29354
3.85714
4.3394
4.77689
5.14871
5.4543
5.70509
5.90506
6.06051
6.18019
6.26948
6.33251
6.37296
6.39444
6.39967
6.3908
6.36984
6.33891
6.30014
6.256
6.20922
6.16263
6.11783
6.07358
6.02835
5.98213
5.93521
5.88769
5.83967
5.79114
5.7419
5.6916
5.63954
5.58461
5.52508
5.45842
5.38729
1.47544
0.834569
0.0664964
-0.831779
-1.76516
-2.76371
-3.79083
-4.76082
-5.61691
-6.36757
-7.00238
-7.51341
-7.92279
-8.25091
-8.5122
-8.72301
-8.89571
-9.03927
-9.16175
-9.26925
-9.36613
-9.45552
-9.53945
-9.61578
-9.67672
-9.71579
-9.73104
-9.72203
-9.68808
-9.62813
-9.541
-9.42541
-9.27972
-9.10173
-8.88801
-8.63329
-8.3294
-7.96483
-7.56248
1.93619
2.49473
3.07338
3.60741
4.0652
4.4815
4.83634
5.12913
5.37053
5.56501
5.71671
5.83588
5.92741
5.99397
6.03919
6.06695
6.07978
6.07949
6.06788
6.04685
6.01827
5.98425
5.94715
5.90945
5.87265
5.83584
5.79777
5.75839
5.71791
5.6764
5.63389
5.59032
5.54546
5.49891
5.44998
5.39755
5.33987
5.27436
5.20408
1.35619
0.752758
0.0305985
-0.812143
-1.68553
-2.61777
-3.57287
-4.47306
-5.26158
-5.95538
-6.54226
-7.01185
-7.38609
-7.68533
-7.92314
-8.11445
-8.27066
-8.40013
-8.51029
-8.60675
-8.69347
-8.77337
-8.84833
-8.91645
-8.9707
-9.00534
-9.01873
-9.01059
-8.98043
-8.92746
-8.85075
-8.7493
-8.6218
-8.46639
-8.2801
-8.05827
-7.79347
-7.47516
-7.1237
1.7966
2.3239
2.87104
3.37662
3.81076
4.20635
4.54434
4.82416
5.05579
5.24451
5.39075
5.50834
5.60136
5.67027
5.71893
5.75171
5.7709
5.7779
5.77431
5.76186
5.74216
5.71701
5.68841
5.65851
5.62874
5.59846
5.56667
5.53332
5.49854
5.46238
5.42483
5.3858
5.34503
5.30213
5.25642
5.20677
5.15145
5.08786
5.01934
1.24984
0.681848
0.00292362
-0.787441
-1.60432
-2.47422
-3.36166
-4.19611
-4.91756
-5.55806
-6.10153
-6.53281
-6.87438
-7.14709
-7.36351
-7.53713
-7.67843
-7.79522
-7.89433
-7.98092
-8.05861
-8.1301
-8.19714
-8.25805
-8.30645
-8.33735
-8.34929
-8.3421
-8.31551
-8.26889
-8.20157
-8.11269
-8.00127
-7.86575
-7.70354
-7.51054
-7.28006
-7.00246
-6.69588
1.67167
2.16904
2.68575
3.16369
3.57467
3.94965
4.2709
4.53734
4.75896
4.9411
5.08084
5.1974
5.29139
5.36105
5.41172
5.44843
5.47279
5.48578
5.48891
5.48382
5.4718
5.45436
5.43319
5.41012
5.38651
5.36201
5.33579
5.3078
5.27812
5.24679
5.21376
5.17892
5.14203
5.10268
5.06022
5.01355
4.96098
4.89987
4.83382
1.15663
0.622291
-0.0153104
-0.755936
-1.51933
-2.33036
-3.15455
-3.92811
-4.58778
-5.17942
-5.68221
-6.07655
-6.38709
-6.63508
-6.83172
-6.989
-7.11666
-7.22188
-7.31103
-7.38875
-7.45837
-7.52238
-7.58245
-7.63701
-7.68032
-7.70805
-7.71885
-7.71272
-7.68943
-7.64864
-7.58976
-7.51212
-7.41502
-7.29707
-7.15612
-6.9885
-6.78821
-6.54647
-6.27943
1.5606
2.02919
2.51634
2.96729
3.35531
3.70941
4.01353
4.26581
4.47719
4.65114
4.78311
4.90195
4.99764
5.06583
5.11687
5.15676
5.18548
5.20336
5.21211
5.21329
5.20795
5.19721
5.18249
5.16539
5.14719
5.12773
5.10643
5.08317
5.05803
5.03106
5.00213
4.97116
4.93792
4.90202
4.86279
4.8192
4.76963
4.71139
4.64832
1.07585
0.573677
-0.0241417
-0.716981
-1.42888
-2.18334
-2.94714
-3.6625
-4.26874
-4.82251
-5.28738
-5.6437
-5.92382
-6.14883
-6.32711
-6.46911
-6.58401
-6.67858
-6.75862
-6.82828
-6.89062
-6.94789
-7.00166
-7.05057
-7.08951
-7.11457
-7.1246
-7.11964
-7.09956
-7.06412
-7.01285
-6.94534
-6.86096
-6.75856
-6.63633
-6.49104
-6.31729
-6.10723
-5.87509
1.47516
1.92089
2.38403
2.81018
3.17506
3.50482
3.78448
4.01206
4.19999
4.3493
4.4567
4.59303
4.70811
4.78402
4.84256
4.89243
4.93096
4.95767
4.97479
4.98406
4.98635
4.98261
4.97411
4.96241
4.9488
4.93346
4.91603
4.89638
4.8747
4.85097
4.82467
4.79626
4.76551
4.73193
4.69486
4.65329
4.60568
4.54927
4.48815
1.01372
0.536586
-0.0313006
-0.685125
-1.3517
-2.0517
-2.74555
-3.37874
-3.89443
-4.45995
-4.9163
-5.25043
-5.51401
-5.72885
-5.89896
-6.03359
-6.1421
-6.23143
-6.30693
-6.37258
-6.43131
-6.48528
-6.53601
-6.58226
-6.61931
-6.64336
-6.65344
-6.64974
-6.63227
-6.60079
-6.55503
-6.49467
-6.41912
-6.32762
-6.21844
-6.0887
-5.93355
-5.74582
-5.53851
1.40738
1.83403
2.27583
2.67874
3.02
3.32279
3.57352
3.76969
3.92508
4.03813
4.10775
4.274
4.4201
4.51066
4.58194
4.64647
4.69881
4.7375
4.76532
4.7843
4.79523
4.79897
4.79681
4.79031
4.78094
4.76923
4.75513
4.73838
4.71948
4.6983
4.67361
4.64687
4.61778
4.58566
4.54982
4.50932
4.46265
4.40693
4.34654
0.964992
0.508213
-0.0343623
-0.654022
-1.27814
-1.92262
-2.54043
-3.08495
-3.49592
-4.0967
-4.56404
-4.88692
-5.14269
-5.35514
-5.52368
-5.65617
-5.7626
-5.85017
-5.92414
-5.98842
-6.04589
-6.0988
-6.14864
-6.19429
-6.23121
-6.25559
-6.26648
-6.26426
-6.24898
-6.22048
-6.17865
-6.12323
-6.05387
-5.96995
-5.86996
-5.7513
-5.6095
-5.43773
-5.24797
1.34148
1.74895
2.16937
2.54919
2.86715
3.1434
3.36617
3.53198
3.65637
3.73455
3.76909
3.95763
4.13091
4.23508
4.31744
4.39499
4.46026
4.51044
4.54859
4.57703
4.59652
4.60769
4.61184
4.61051
4.60536
4.59732
4.58657
4.57279
4.55671
4.53809
4.51505
4.49
4.46264
4.43208
4.39763
4.35842
4.31302
4.25845
4.19958
0.91839
0.482236
-0.0346341
-0.619728
-1.20173
-1.79106
-2.33614
-2.79827
-3.10975
-3.7322
-4.21008
-4.52212
-4.76806
-4.97651
-5.14288
-5.27292
-5.37698
-5.46254
-5.53489
-5.59773
-5.65388
-5.70566
-5.75467
-5.79986
-5.83681
-5.8617
-5.87377
-5.87339
-5.86066
-5.83562
-5.79813
-5.74807
-5.68528
-5.60915
-5.51838
-5.41069
-5.28196
-5.12597
-4.95503
1.27781
1.66618
2.06531
2.42244
2.71752
2.96782
3.16366
3.29999
3.39502
3.43851
3.44119
3.6446
3.84028
3.95722
4.04945
4.13835
4.21547
4.27656
4.32464
4.36231
4.39027
4.40894
4.4195
4.42342
4.42249
4.41807
4.41066
4.39985
4.38673
4.3708
4.3496
4.32639
4.30087
4.2719
4.23878
4.20077
4.15645
4.10269
4.04415
0.874095
0.458577
-0.032471
-0.582966
-1.12356
-1.6582
-2.13459
-2.51781
-2.74042
-3.36762
-3.85318
-4.15642
-4.3916
-4.59435
-4.75771
-4.88506
-4.98649
-5.06982
-5.1403
-5.20156
-5.25628
-5.30676
-5.35466
-5.39906
-5.4356
-5.46047
-5.47311
-5.4739
-5.46308
-5.44075
-5.40687
-5.36149
-5.30459
-5.23569
-5.15368
-5.0566
-4.94054
-4.79929
-4.64269
1.21694
1.58646
1.96456
2.29956
2.57231
2.79733
2.96728
3.07469
3.14167
3.1495
3.12341
3.33476
3.54758
3.6761
3.77742
3.87643
3.96446
4.03596
4.0936
4.1402
4.17644
4.20262
4.21974
4.22921
4.23286
4.23235
4.22837
4.22051
4.21021
4.1968
4.17746
4.15627
4.13297
4.10629
4.07548
4.03981
3.99796
3.9471
3.89334
0.832487
0.437457
-0.027956
-0.544164
-1.04449
-1.52524
-1.93735
-2.24359
-2.38968
-3.00542
-3.49307
-3.78923
-4.01365
-4.20928
-4.36865
-4.49292
-4.59142
-4.67226
-4.74078
-4.80055
-4.85416
-4.90385
-4.9512
-4.99563
-5.03292
-5.05929
-5.07414
-5.07788
-5.0708
-5.05294
-5.02435
-4.98514
-4.93525
-4.8743
-4.80137
-4.71461
-4.61091
-4.48545
-4.3514
1.15942
1.51057
1.86818
2.18171
2.43274
2.63326
2.77838
2.8572
2.89706
2.8671
2.81441
3.02753
3.25223
3.39064
3.50019
3.60837
3.70678
3.78865
3.85598
3.91157
3.95606
3.98955
4.01287
4.02758
4.03582
4.03965
4.03986
4.03582
4.02904
4.01851
4.001
3.98122
3.95889
3.93266
3.90198
3.86632
3.82425
3.77188
3.71264
0.793824
0.4188
-0.0214144
-0.504162
-0.965593
-1.39375
-1.74606
-1.97653
-2.05781
-2.64755
-3.13
-3.42001
-3.63435
-3.82183
-3.97627
-4.09716
-4.1927
-4.27071
-4.33649
-4.39352
-4.4445
-4.49178
-4.53708
-4.5797
-4.61522
-4.64011
-4.65398
-4.65745
-4.65089
-4.63441
-4.60824
-4.57262
-4.52765
-4.47314
-4.40844
-4.33178
-4.23961
-4.12513
-3.99326
1.1059
1.43965
1.77771
2.0706
2.30029
2.47684
2.59743
2.64706
2.65993
2.58934
2.51133
2.72127
2.95367
3.10009
3.21635
3.33213
3.43996
3.53213
3.6098
3.6755
3.72965
3.77187
3.80243
3.82239
3.83413
3.8407
3.84365
3.84267
3.83966
3.8332
3.8202
3.80572
3.78936
3.76947
3.74521
3.71592
3.68087
3.63862
3.5987
0.75818
0.402147
-0.013867
-0.464521
-0.88847
-1.26533
-1.56174
-1.71714
-1.74398
-2.29541
-2.76464
-3.04829
-3.25347
-3.43221
-3.58058
-3.69727
-3.79005
-3.86681
-3.93278
-3.99085
-4.04312
-4.09149
-4.13794
-4.18244
-4.22163
-4.25166
-4.27144
-4.28143
-4.28199
-4.2732
-4.25525
-4.22822
-4.19212
-4.14667
-4.09128
-4.02478
-3.94576
-3.85281
-3.76414
1.05703
1.37484
1.6948
1.96815
2.17686
2.32968
2.42448
2.44259
2.42779
2.3134
2.20925
2.41222
2.6502
2.80426
2.92672
3.04863
3.16371
3.26405
3.35049
3.42549
3.48943
3.54187
3.58307
3.61351
3.63409
3.64694
3.65365
3.65405
3.65049
3.6421
3.62548
3.6058
3.58338
3.55723
3.52709
3.49228
3.45036
3.39435
3.32163
0.725587
0.386878
-0.00669745
-0.427378
-0.815212
-1.14192
-1.38538
-1.46608
-1.4464
-1.94943
-2.39758
-2.67346
-2.87017
-3.04052
-3.18276
-3.29394
-3.37959
-3.44729
-3.50346
-3.55248
-3.59728
-3.64001
-3.68198
-3.72166
-3.75431
-3.77713
-3.79058
-3.79535
-3.79175
-3.77996
-3.76042
-3.73357
-3.69978
-3.65914
-3.6111
-3.55385
-3.48247
-3.38643
-3.25856
1.01316
1.31637
1.6198
1.87533
2.0645
2.19506
2.26312
2.24871
2.20643
2.04149
1.90368
2.09495
2.33617
2.49812
2.62986
2.76189
2.88704
2.99648
3.0909
3.17279
3.24218
3.29804
3.34091
3.37356
3.40031
3.42438
3.44571
3.46368
3.47984
3.48822
3.49039
3.49102
3.48863
3.48111
3.46779
3.44895
3.42718
3.40731
3.41176
0.69662
0.373605
0.000447492
-0.39324
-0.747258
-1.02728
-1.22191
-1.22659
-1.16306
-1.60933
-2.02905
-2.29519
-2.48332
-2.64396
-2.78053
-2.89358
-2.98854
-3.06989
-3.14009
-3.20074
-3.25383
-3.30176
-3.34765
-3.39376
-3.43874
-3.47762
-3.50769
-3.52926
-3.54269
-3.54813
-3.54549
-3.53464
-3.51542
-3.48765
-3.45128
-3.40667
-3.3567
-3.3084
-3.29383
0.974664
1.26436
1.5528
1.79253
1.96487
2.07678
2.12056
2.07934
2.01128
1.7791
1.59229
1.76933
2.00652
2.1667
2.30308
2.4479
2.59149
2.72201
2.83826
2.94199
3.03261
3.10709
3.16101
3.19094
3.2004
3.1992
3.19275
3.18085
3.16724
3.15316
3.13198
3.10502
3.07756
3.05074
3.02326
2.99182
2.94803
2.87212
2.74202
0.672078
0.363656
0.00914714
-0.360867
-0.685062
-0.927177
-1.07974
-1.00285
-0.892458
-1.27544
-1.6576
-1.91226
-2.09593
-2.24679
-2.36282
-2.44328
-2.49687
-2.53596
-2.5701
-2.60421
-2.64009
-2.67825
-2.71804
-2.75459
-2.78065
-2.79598
-2.80389
-2.80523
-2.80012
-2.78897
-2.77251
-2.75166
-2.72718
-2.69936
-2.66735
-2.62779
-2.57042
-2.47399
-2.30656
0.943342
1.22373
1.50068
1.72645
1.8826
1.97495
1.99226
1.92584
1.82102
1.49702
1.26032
1.44143
1.67903
1.82361
1.93911
2.06712
2.20275
2.33501
2.46133
2.58253
2.6991
2.81277
2.92647
3.04
3.14085
3.22203
3.287
3.34477
3.39865
3.42623
3.45052
3.47118
3.48262
3.48408
3.4772
3.46669
3.46662
3.50466
3.63339
0.650374
0.352455
0.0122089
-0.338035
-0.635231
-0.844915
-0.950445
-0.782387
-0.631511
-0.950857
-1.28158
-1.51395
-1.69635
-1.86597
-2.02621
-2.17266
-2.3013
-2.40733
-2.49021
-2.55344
-2.60233
-2.64241
-2.68099
-2.7277
-2.787
-2.84911
-2.90431
-2.95148
-2.99114
-3.02346
-3.04772
-3.06298
-3.06878
-3.0652
-3.05376
-3.03853
-3.0324
-3.06039
-3.18075
0.922893
1.20533
1.47961
1.69429
1.83021
1.88977
1.85891
1.73734
1.54414
1.10777
0.862946
1.08671
1.37737
1.56173
1.69365
1.81368
1.92634
2.02824
2.11847
2.19513
2.25074
2.27236
2.25102
2.19347
2.13975
2.11357
2.09944
2.08402
2.06941
2.05295
2.02657
2.00132
1.98969
1.98405
1.97766
1.96422
1.92206
1.80246
1.54384
0.626659
0.326338
-0.0121736
-0.350239
-0.618912
-0.781604
-0.797988
-0.528937
-0.371476
-0.636328
-0.913459
-1.11082
-1.24154
-1.31421
-1.33495
-1.32406
-1.3036
-1.29259
-1.29814
-1.31953
-1.35275
-1.39423
-1.43784
-1.46954
-1.47583
-1.46582
-1.45261
-1.43759
-1.42015
-1.4
-1.37873
-1.35807
-1.3392
-1.3223
-1.30547
-1.28186
-1.23023
-1.11119
-0.855005
0.913887
1.20805
1.4885
1.6978
1.81427
1.83484
1.74245
1.53791
1.21189
0.664152
0.382631
0.588419
0.912946
1.20409
1.48067
1.75342
2.02483
2.29586
2.57032
2.85398
3.15366
3.4698
3.78307
4.05388
4.22296
4.29466
4.37302
4.4184
4.50904
4.74762
4.6397
4.59785
4.61567
4.61919
4.59885
4.58126
4.60272
4.72451
5.00222
0.603041
0.287919
-0.0619399
-0.39853
-0.642579
-0.747261
-0.641643
-0.277938
-0.111689
-0.295461
-0.538308
-0.812966
-1.11051
-1.41963
-1.7032
-1.93416
-2.1075
-2.22216
-2.28952
-2.32525
-2.34352
-2.35627
-2.38056
-2.44437
-2.56052
-2.69185
-2.80677
-2.90663
-2.99723
-3.0792
-3.15005
-3.20783
-3.25245
-3.2853
-3.3114
-3.34174
-3.40588
-3.55005
-3.85691
125.981
122.021
117.594
112.771
107.669
102.437
97.2177
92.0954
87.0856
82.2059
77.468
72.8819
68.4589
64.2084
60.1376
56.2527
52.5574
49.0537
45.7419
42.6207
39.6866
36.9355
34.3616
31.9586
29.7196
27.6371
25.7035
23.9112
22.2534
20.7226
19.3122
18.0158
16.8272
15.7406
14.7501
13.8502
13.0353
12.2998
11.6381
11.0447
10.5138
10.0397
9.61684
9.23966
8.90265
8.60053
8.32829
8.08117
7.85476
7.645
7.44827
7.26134
7.08143
6.90617
6.73359
6.56212
6.39056
6.21804
6.04398
5.86808
5.69023
5.51051
5.32916
5.14652
4.96307
4.77936
4.59614
4.4376
4.29663
4.15136
3.99587
3.85034
3.66353
3.56832
3.26158
3.41337
2.64391
3.71018
1.37909
5.21568
126.372
123.579
120.13
116.236
111.523
105.932
99.7059
93.2884
87.0363
81.0469
75.2825
69.7164
64.3544
59.2093
54.2878
49.5898
45.1127
40.8528
36.8051
32.9636
29.3221
25.8741
22.6131
19.532
16.6236
13.8812
11.2982
8.86944
6.59046
4.45789
2.46919
0.621911
-1.08605
-2.65631
-4.09061
-5.3909
-6.55936
-7.59866
-8.51181
-9.3025
-9.97487
-10.5336
-10.9841
-11.3321
-11.5838
-11.7459
-11.8253
-11.8292
-11.7646
-11.6389
-11.459
-11.2321
-10.9646
-10.663
-10.333
-9.98018
-9.60955
-9.22561
-8.83239
-8.43342
-8.03183
-7.63023
-7.23091
-6.83569
-6.44622
-6.06346
-5.68879
-5.37418
-5.09795
-4.82182
-4.51899
-4.25009
-3.88683
-3.70225
-3.152
-3.28985
-2.17481
-3.25859
-0.694
-3.99116
47.0221
46.888
47.1024
47.2791
47.4021
47.4251
47.3206
47.0703
46.6699
46.1241
45.4376
44.617
43.6709
42.6087
41.4413
40.1804
38.8393
37.4322
35.9727
34.4756
32.9554
31.4259
29.9001
28.3902
26.9074
25.4612
24.0597
22.7096
21.4165
20.1842
19.0155
17.9123
16.8755
15.9049
15.0001
14.1599
13.3827
12.6664
12.0087
11.4067
10.8575
10.3576
9.90362
9.49185
9.1184
8.7794
8.47097
8.18926
7.93057
7.69133
7.46825
7.25827
7.05862
6.86687
6.6809
6.49893
6.3195
6.14144
5.96389
5.78622
5.60806
5.42921
5.2497
5.06967
4.88943
4.70933
4.53005
4.37512
4.2375
4.09596
3.94403
3.80244
3.61974
3.52698
3.2292
3.3731
2.63571
3.64989
1.42747
5.10631
47.1723
47.0772
47.1295
47.296
47.4791
47.6615
47.7714
47.7117
47.4315
46.9022
46.095
45.0085
43.666
42.0955
40.3269
38.3895
36.3122
34.123
31.8497
29.518
27.1518
24.773
22.4011
20.0539
17.7474
15.4963
13.3124
11.2055
9.18308
7.25115
5.41459
3.67681
2.04052
0.507921
-0.919343
-2.24017
-3.4539
-4.56041
-5.55994
-6.45347
-7.24246
-7.9289
-8.51561
-9.00585
-9.40353
-9.71312
-9.93963
-10.0884
-10.1652
-10.1758
-10.1265
-10.0233
-9.87234
-9.67951
-9.45057
-9.19096
-8.90578
-8.59979
-8.27732
-7.9423
-7.59826
-7.24829
-6.89512
-6.54103
-6.1881
-5.83779
-5.49164
-5.19922
-4.94067
-4.68255
-4.39491
-4.14334
-3.7921
-3.62369
-3.08548
-3.22956
-2.14636
-3.19078
-0.735909
-3.88193
23.7287
23.7141
23.7095
23.6843
23.683
23.698
23.7325
23.7835
23.849
23.9226
23.9963
24.0623
24.1123
24.1382
24.1319
24.0858
23.9934
23.849
23.6479
23.3869
23.0647
22.6809
22.2373
21.7371
21.1847
20.5859
19.9475
19.277
18.5823
17.8715
17.1525
16.433
15.7199
15.0196
14.3376
13.6785
13.0463
12.4439
11.8733
11.3361
10.8327
10.3632
9.92699
9.52297
9.14959
8.80492
8.48681
8.19286
7.92054
7.66728
7.43054
7.20782
6.99677
6.79521
6.60117
6.41291
6.22892
6.04794
5.86896
5.69118
5.51404
5.33717
5.16043
4.98381
4.80747
4.63161
4.45685
4.30603
4.17223
4.03476
3.88708
3.74926
3.57262
3.47984
3.19708
3.32354
2.63459
3.5711
1.49198
4.94959
23.6803
23.4821
23.2585
23.0293
22.7786
22.5206
22.2631
22.0024
21.7437
21.5026
21.2835
21.0809
20.8828
20.6684
20.4168
20.1099
19.7323
19.2717
18.7187
18.0678
17.3169
16.4671
15.523
14.4919
13.383
12.2073
10.9769
9.70525
8.40614
7.09329
5.78018
4.47929
3.20214
1.95942
0.760518
-0.386281
-1.47379
-2.49601
-3.44786
-4.3254
-5.12568
-5.84659
-6.48713
-7.04712
-7.52724
-7.92904
-8.25476
-8.50739
-8.69048
-8.80807
-8.86465
-8.86499
-8.81405
-8.71689
-8.57861
-8.40419
-8.19846
-7.96605
-7.71131
-7.43827
-7.15066
-6.85183
-6.54482
-6.23223
-5.91645
-5.59943
-5.28269
-5.01332
-4.77344
-4.53384
-4.26321
-4.02806
-3.69372
-3.53511
-3.02264
-3.15313
-2.13319
-3.09722
-0.798782
-3.75064
23.7799
23.8076
23.8038
23.7728
23.716
23.628
23.5129
23.3707
23.2038
23.0133
22.8013
22.5701
22.3218
22.0584
21.7818
21.4932
21.1937
20.884
20.5639
20.2331
19.8909
19.536
19.1672
18.7831
18.3824
17.9644
17.5285
17.0748
16.6042
16.1181
15.6187
15.1087
14.5916
14.0708
13.5503
13.0339
12.5254
12.0284
11.5459
11.0808
10.635
10.2103
9.80778
9.42792
9.07078
8.73592
8.42255
8.12949
7.8553
7.59836
7.35688
7.12903
6.91295
6.70686
6.50902
6.31788
6.13201
5.95017
5.77131
5.59458
5.41931
5.24504
5.07149
4.89852
4.7262
4.55461
4.38431
4.2374
4.10707
3.97327
3.82949
3.6953
3.52382
3.43255
3.16014
3.27827
2.61768
3.51329
1.51267
4.84858
23.716
23.6005
23.456
23.2859
23.075
22.8095
22.4792
22.0746
21.5948
21.0574
20.4868
19.8951
19.2861
18.6621
18.0266
17.3829
16.7333
16.0773
15.4135
14.7392
14.0511
13.3451
12.617
11.8629
11.0795
10.2643
9.41615
8.53552
7.62431
6.68603
5.72581
4.74983
3.76522
2.78005
1.80254
0.841097
-0.0960465
-1.00113
-1.8669
-2.68684
-3.45535
-4.16754
-4.81956
-5.40854
-5.9325
-6.39042
-6.78208
-7.10825
-7.37037
-7.5706
-7.7117
-7.79691
-7.82994
-7.8148
-7.75564
-7.6568
-7.52261
-7.35733
-7.1651
-6.94989
-6.71543
-6.46516
-6.20232
-5.92969
-5.64993
-5.36536
-5.07751
-4.83061
-4.60859
-4.38664
-4.13235
-3.91318
-3.59462
-3.44731
-2.95559
-3.08238
-2.10547
-3.02537
-0.821548
-3.66577
20.7224
20.7377
20.7514
20.761
20.7615
20.7515
20.7301
20.6947
20.6436
20.5746
20.4861
20.3765
20.2443
20.0887
19.9089
19.7047
19.4764
19.2242
18.9494
18.6531
18.337
18.0027
17.6521
17.287
16.9093
16.5207
16.1228
15.7169
15.3042
14.886
14.4633
14.0373
13.6091
13.18
12.7516
12.3255
11.9033
11.4871
11.0787
10.6799
10.2926
9.91813
9.5579
9.21291
8.88381
8.57092
8.27425
7.99348
7.72798
7.4769
7.23916
7.01358
6.79881
6.59352
6.39635
6.20599
6.02121
5.84089
5.66405
5.48985
5.31763
5.14686
4.97721
4.80846
4.64059
4.4736
4.30803
4.16517
4.0384
3.90833
3.76851
3.63809
3.47151
3.38264
3.11853
3.23257
2.59176
3.46203
1.51257
4.77292
20.6699
20.5669
20.4576
20.3514
20.24
20.1159
19.9744
19.8092
19.61
19.3675
19.0809
18.7531
18.3834
17.9699
17.512
17.0102
16.466
15.8816
15.2597
14.6035
13.9164
13.2019
12.4634
11.7041
10.9266
10.1334
9.32645
8.50745
7.67791
6.83936
5.99365
5.14281
4.28932
3.43644
2.58789
1.748
0.921583
0.113767
-0.67007
-1.42458
-2.14456
-2.82505
-3.46156
-4.05026
-4.5879
-5.07194
-5.5006
-5.87293
-6.18873
-6.44848
-6.65337
-6.80519
-6.90632
-6.95956
-6.96803
-6.93521
-6.86474
-6.7603
-6.62563
-6.46442
-6.28024
-6.07646
-5.85632
-5.62274
-5.37844
-5.12608
-4.8671
-4.6427
-4.43859
-4.23435
-3.99652
-3.79368
-3.49051
-3.35628
-2.88216
-3.01222
-2.06631
-2.96246
-0.822879
-3.59677
15.9415
15.945
15.9534
15.9586
15.962
15.9639
15.9641
15.9621
15.9573
15.9491
15.9368
15.9192
15.8952
15.8636
15.823
15.7718
15.7086
15.6318
15.5399
15.4316
15.3058
15.1616
14.9984
14.8159
14.6142
14.3939
14.1556
13.9006
13.6302
13.3459
13.0494
12.7424
12.4269
12.1044
11.777
11.4462
11.1138
10.7815
10.4509
10.1236
9.80122
9.48504
9.17639
8.87642
8.58607
8.30604
8.03685
7.77872
7.53166
7.29543
7.06958
6.8535
6.64639
6.4474
6.25557
6.06994
5.88955
5.71349
5.54092
5.37112
5.20346
5.03745
4.87272
4.70905
4.54637
4.38462
4.22435
4.086
3.96322
3.83728
3.70186
3.57553
3.41431
3.3279
3.07292
3.18194
2.56353
3.40398
1.51251
4.68798
15.9019
15.8061
15.7048
15.6093
15.5112
15.4068
15.2945
15.1727
15.0387
14.8883
14.7179
14.5284
14.3214
14.0965
13.8518
13.5845
13.2916
12.9708
12.6198
12.2367
11.8199
11.3687
10.8828
10.3626
9.80933
9.22477
8.61121
7.9714
7.30842
6.62555
5.92634
5.21428
4.49286
3.76581
3.03679
2.30959
1.58813
0.876435
0.178714
-0.500774
-1.15773
-1.78782
-2.3869
-2.95108
-3.47678
-3.96085
-4.40064
-4.79412
-5.13988
-5.4371
-5.68566
-5.88603
-6.03927
-6.14701
-6.21127
-6.23451
-6.21952
-6.16927
-6.0869
-5.97563
-5.83871
-5.67928
-5.50042
-5.30504
-5.09584
-4.87564
-4.64576
-4.44424
-4.25856
-4.0726
-3.85198
-3.66606
-3.37917
-3.25848
-2.80303
-2.93635
-2.02304
-2.8937
-0.822613
-3.51858
12.712
12.7255
12.7428
12.7565
12.7694
12.7808
12.7904
12.798
12.8033
12.8062
12.8065
12.8037
12.7978
12.7882
12.7748
12.7569
12.7342
12.7061
12.6719
12.6307
12.582
12.5245
12.4575
12.3798
12.2905
12.1889
12.074
11.9454
11.8026
11.6456
11.4745
11.2898
11.0922
10.8828
10.6626
10.433
10.1956
9.95179
9.7033
9.45171
9.19857
8.94538
8.69356
8.44444
8.19916
7.95874
7.72401
7.4956
7.27395
7.05931
6.85171
6.65102
6.45695
6.26906
6.0868
5.90958
5.73674
5.56762
5.40159
5.23807
5.07655
4.91659
4.75788
4.6002
4.44349
4.28766
4.13327
3.99991
3.88152
3.76007
3.62945
3.50748
3.35212
3.26811
3.02327
3.12603
2.53289
3.33889
1.51205
4.59267
12.6762
12.6
12.5181
12.4394
12.357
12.269
12.1749
12.0724
11.959
11.8321
11.6886
11.5271
11.3499
11.1599
10.958
10.7442
10.5175
10.2768
10.0211
9.74935
9.46025
9.15234
8.82416
8.47435
8.10167
7.70506
7.28381
6.8377
6.36692
5.87222
5.35496
4.81697
4.26055
3.68853
3.10409
2.5107
1.91208
1.31215
0.714952
0.124598
-0.454758
-1.01895
-1.56388
-2.08564
-2.58047
-3.04488
-3.47575
-3.87034
-4.22643
-4.54226
-4.81668
-5.04905
-5.23933
-5.388
-5.49607
-5.56498
-5.59659
-5.59309
-5.55688
-5.49062
-5.39707
-5.27901
-5.13924
-4.98053
-4.8054
-4.61679
-4.41579
-4.23722
-4.0702
-3.90276
-3.69986
-3.53114
-3.2614
-3.15421
-2.71902
-2.85438
-1.97682
-2.81828
-0.821294
-3.43265
10.6933
10.7132
10.736
10.7567
10.7776
10.7975
10.8164
10.8341
10.8503
10.8646
10.8768
10.8865
10.8934
10.897
10.8971
10.8933
10.8852
10.8724
10.8546
10.8315
10.8027
10.7679
10.7267
10.6787
10.6236
10.561
10.4904
10.4115
10.3237
10.2267
10.1201
10.0037
9.87731
9.74103
9.59499
9.43956
9.27528
9.10287
8.92322
8.73734
8.54631
8.35129
8.15348
7.95404
7.75408
7.55467
7.35674
7.16109
6.96841
6.77922
6.59388
6.41259
6.23541
6.06226
5.89295
5.72717
5.56459
5.40478
5.24732
5.09182
4.9379
4.78523
4.63357
4.48275
4.33274
4.18344
4.03545
3.90748
3.7938
3.67712
3.5516
3.43419
3.28504
3.20347
2.96922
3.06546
2.4981
3.2695
1.50623
4.49535
10.6596
10.5985
10.532
10.4674
10.3998
10.3284
10.2538
10.1747
10.0887
9.99371
9.8873
9.76629
9.62917
9.47732
9.31276
9.13634
8.94793
8.74674
8.5321
8.30364
8.06103
7.8039
7.53185
7.24453
6.94157
6.62253
6.28701
5.93467
5.56518
5.17837
4.77433
4.35333
3.91594
3.4632
2.99649
2.51761
2.0288
1.53265
1.03213
0.530477
0.0311428
-0.46222
-0.945896
-1.41618
-1.86939
-2.30199
-2.71064
-3.09227
-3.44416
-3.76397
-4.04979
-4.30019
-4.51424
-4.69153
-4.8321
-4.93651
-5.00574
-5.04115
-5.04443
-5.01757
-4.96277
-4.88235
-4.77874
-4.65443
-4.51172
-4.35353
-4.18065
-4.02465
-3.8761
-3.72705
-3.54199
-3.39042
-3.1383
-3.04451
-2.63037
-2.76758
-1.92633
-2.73925
-0.814501
-3.3454
9.07039
9.08985
9.11188
9.13298
9.15472
9.17623
9.19773
9.21897
9.23983
9.2601
9.27957
9.29802
9.31519
9.33079
9.34448
9.35593
9.36477
9.37059
9.37298
9.37152
9.36578
9.35533
9.33976
9.31866
9.29167
9.25845
9.21867
9.17207
9.1184
9.05744
8.98902
8.91297
8.82922
8.73767
8.63834
8.53129
8.41664
8.29464
8.16563
8.03006
7.88846
7.74149
7.58986
7.43437
7.27582
7.11504
6.95283
6.78995
6.62709
6.46485
6.30372
6.1441
5.98625
5.83033
5.6764
5.5244
5.37422
5.22567
5.07854
4.93259
4.7876
4.64337
4.49973
4.3566
4.21399
4.07181
3.93074
3.80852
3.69985
3.58821
3.46808
3.35544
3.21277
3.13375
2.91036
3.00017
2.45842
3.19634
1.49407
4.39815
9.04057
8.98974
8.934
8.87921
8.8221
8.7618
8.69934
8.63471
8.5666
8.49338
8.41348
8.32483
8.22486
8.11223
7.98775
7.85285
7.70813
7.55333
7.38755
7.20987
7.01965
6.8164
6.5996
6.36878
6.12361
5.86381
5.58921
5.29972
4.99535
4.67623
4.34261
3.99482
3.6333
3.25871
2.87186
2.4738
2.06581
1.64945
1.22657
0.799338
0.370149
-0.058282
-0.483063
-0.901165
-1.30941
-1.70462
-2.08363
-2.44344
-2.78118
-3.09426
-3.38037
-3.63757
-3.86433
-4.05953
-4.22251
-4.35305
-4.45135
-4.51802
-4.55406
-4.56079
-4.5398
-4.49292
-4.42211
-4.32955
-4.21718
-4.08785
-3.94198
-3.80786
-3.6774
-3.54637
-3.37907
-3.24448
-3.01021
-2.92972
-2.53701
-2.67637
-1.87092
-2.65749
-0.801336
-3.25798
7.68621
7.70419
7.72448
7.74434
7.76496
7.78575
7.8069
7.82824
7.84971
7.8712
7.89262
7.91383
7.9347
7.95505
7.97472
7.99349
8.01113
8.0274
8.04201
8.05465
8.06499
8.07266
8.07728
8.07845
8.07573
8.06872
8.057
8.04016
8.0178
7.98957
7.95516
7.91429
7.86677
7.81242
7.75115
7.68292
7.60774
7.52571
7.43697
7.34176
7.24035
7.13309
7.02041
6.90277
6.78073
6.65484
6.52569
6.39388
6.25998
6.12456
5.9881
5.85103
5.71374
5.57649
5.43949
5.30287
5.16667
5.0309
4.89549
4.76038
4.62548
4.4907
4.35598
4.22131
4.08676
3.95229
3.81863
3.70256
3.59921
3.49289
3.37844
3.27078
3.1349
3.05856
2.8463
2.92975
2.41371
3.11876
1.47656
4.29933
7.66023
7.61761
7.57095
7.52471
7.47609
7.42432
7.37045
7.31494
7.25745
7.19701
7.13237
7.06227
6.98496
6.8984
6.80151
6.69499
6.58007
6.45739
6.32687
6.18778
6.03928
5.88079
5.7118
5.53176
5.34012
5.13638
4.92008
4.69085
4.44841
4.19259
3.92339
3.64092
3.34542
3.03734
2.71728
2.38604
2.04458
1.69407
1.33587
0.971558
0.602943
0.232036
-0.138943
-0.507608
-0.871398
-1.22764
-1.57359
-1.90652
-2.22372
-2.52262
-2.80081
-3.0561
-3.28662
-3.4908
-3.66745
-3.81576
-3.9353
-4.02606
-4.08835
-4.1229
-4.13071
-4.11308
-4.07148
-4.00773
-3.92334
-3.82102
-3.70079
-3.58765
-3.47472
-3.36123
-3.21148
-3.09356
-2.87727
-2.80993
-2.43892
-2.58062
-1.81066
-2.57246
-0.782828
-3.16908
6.56528
6.58224
6.60114
6.61992
6.63948
6.65942
6.67986
6.70069
6.72189
6.74339
6.76512
6.787
6.80894
6.83084
6.85258
6.87403
6.89504
6.91545
6.93507
6.95372
6.97119
6.98722
7.00158
7.01397
7.02411
7.03166
7.03631
7.03771
7.03546
7.02921
7.01859
7.00324
6.98283
6.95705
6.92561
6.8883
6.84494
6.79543
6.73972
6.67784
6.60987
6.53595
6.4563
6.37119
6.28095
6.18593
6.08654
5.98322
5.87639
5.76651
5.65402
5.53931
5.42275
5.30467
5.18533
5.06497
4.94373
4.82174
4.69907
4.57577
4.45185
4.32735
4.2023
4.07676
3.95088
3.82465
3.69887
3.5893
3.49157
3.39083
3.28235
3.1799
3.05107
2.97756
2.77671
2.85386
2.3638
3.03627
1.45416
4.19746
6.54234
6.50646
6.46738
6.42855
6.3875
6.34327
6.29678
6.24863
6.19892
6.14743
6.09341
6.03582
5.97352
5.90502
5.82858
5.74326
5.6496
5.54869
5.44126
5.32732
5.20627
5.07743
4.94036
4.79469
4.64002
4.47593
4.30199
4.11783
3.92306
3.71738
3.50055
3.27241
3.03288
2.78203
2.52009
2.24743
1.9646
1.67234
1.3716
1.0635
0.74939
0.430813
0.109501
-0.212648
-0.533555
-0.851
-1.16265
-1.46612
-1.75898
-2.03883
-2.30332
-2.55024
-2.77757
-2.9835
-3.16651
-3.32536
-3.45917
-3.5674
-3.64983
-3.70663
-3.73826
-3.7455
-3.72937
-3.69123
-3.6322
-3.55478
-3.45852
-3.36525
-3.26912
-3.17251
-3.03991
-2.93823
-2.73988
-2.68541
-2.33629
-2.48036
-1.74576
-2.48381
-0.759713
-3.07793
5.66057
5.67637
5.69379
5.71131
5.7296
5.74838
5.76775
5.78764
5.80805
5.82892
5.85023
5.87192
5.89393
5.91619
5.93864
5.96117
5.98368
6.00605
6.02815
6.04984
6.07096
6.09133
6.11075
6.12904
6.14596
6.16127
6.17475
6.18611
6.19508
6.20136
6.20467
6.20469
6.20112
6.19365
6.18197
6.1658
6.14488
6.11897
6.08787
6.05144
6.00958
5.96223
5.90941
5.85118
5.78768
5.71908
5.6456
5.5675
5.48508
5.39864
5.30852
5.21505
5.11854
5.01929
4.9176
4.81369
4.70779
4.60009
4.49072
4.37983
4.26752
4.1539
4.03909
3.92321
3.80647
3.68892
3.5714
3.46864
3.37678
3.28188
3.17959
3.08256
2.96101
2.89049
2.70127
2.77226
2.30841
2.94866
1.42681
4.09223
5.64026
5.60983
5.57676
5.54385
5.50917
5.4717
5.43185
5.39015
5.34686
5.30218
5.25599
5.20766
5.1563
5.10094
5.04028
4.97277
4.89756
4.81501
4.72612
4.63159
4.53148
4.42522
4.31221
4.19207
4.06451
3.92921
3.78584
3.63409
3.47365
3.30425
3.12566
2.9377
2.74021
2.53312
2.31648
2.09039
1.8551
1.61099
1.35861
1.09867
0.832039
0.559816
0.283261
0.00380864
-0.276908
-0.557108
-0.834865
-1.10816
-1.37486
-1.63283
-1.8799
-2.11394
-2.33295
-2.53503
-2.7185
-2.88187
-3.02393
-3.14375
-3.24072
-3.31451
-3.36515
-3.39293
-3.3984
-3.38257
-3.34606
-3.29116
-3.21696
-3.14224
-3.06197
-2.98139
-2.86534
-2.77929
-2.59865
-2.55665
-2.22945
-2.37583
-1.67647
-2.39158
-0.732307
-2.98426
4.90984
4.92426
4.94005
4.95606
4.97282
4.99013
5.00805
5.02656
5.04565
5.06532
5.08553
5.10627
5.12749
5.14917
5.17126
5.19368
5.21639
5.2393
5.26232
5.28535
5.30827
5.33096
5.35327
5.37503
5.39608
5.41624
5.43528
5.45301
5.46919
5.48357
5.4959
5.50592
5.51337
5.51798
5.51947
5.51757
5.51201
5.50255
5.48894
5.47097
5.44843
5.42119
5.3891
5.35209
5.31013
5.26323
5.21145
5.15487
5.09366
5.02797
4.95801
4.884
4.80618
4.72478
4.64005
4.55221
4.46148
4.36806
4.27215
4.17391
4.07351
3.97111
3.86688
3.76102
3.65377
3.54521
3.43625
3.34055
3.25476
3.16588
3.06999
2.97855
2.86446
2.79708
2.61968
2.68467
2.24726
2.85573
1.39458
3.98343
4.89192
4.86596
4.83775
4.80958
4.78001
4.74821
4.71433
4.67847
4.6408
4.60166
4.56131
4.51966
4.4762
4.43017
4.38075
4.3268
4.26695
4.20037
4.12737
4.04882
3.9654
3.87719
3.7837
3.68437
3.57884
3.46686
3.34816
3.22245
3.08942
2.94884
2.80046
2.64411
2.47959
2.30683
2.12577
1.93643
1.73894
1.5335
1.32042
1.10014
0.873243
0.640458
0.40267
0.160916
-0.0835877
-0.329469
-0.575206
-0.819142
-1.05951
-1.29446
-1.52207
-1.7404
-1.94756
-2.14169
-2.32108
-2.48411
-2.6294
-2.75578
-2.86229
-2.9483
-3.01342
-3.05757
-3.08086
-3.08394
-3.06702
-3.0321
-2.97786
-2.92016
-2.85465
-2.78907
-2.68881
-2.61758
-2.45425
-2.42418
-2.11878
-2.26728
-1.603
-2.29578
-0.701041
-2.88777
4.27736
4.2904
4.3046
4.31908
4.33427
4.35
4.36635
4.3833
4.40087
4.41902
4.43778
4.45713
4.47705
4.49752
4.51851
4.54001
4.56196
4.58431
4.60702
4.63
4.6532
4.67651
4.69984
4.72307
4.74607
4.76872
4.79083
4.81226
4.83281
4.85228
4.87045
4.8871
4.902
4.91489
4.92553
4.93366
4.93902
4.94136
4.94042
4.93596
4.92777
4.91563
4.89935
4.87878
4.85378
4.82425
4.79014
4.75141
4.70809
4.66021
4.60785
4.55114
4.49019
4.42517
4.35625
4.2836
4.20741
4.12787
4.04516
3.95946
3.87096
3.77986
3.68635
3.59066
3.49307
3.3937
3.29349
3.205
3.12543
3.04271
2.95335
2.86765
2.76115
2.69706
2.5316
2.59079
2.18007
2.75712
1.35757
3.87016
4.26159
4.23934
4.21518
4.19097
4.16557
4.13834
4.10943
4.07885
4.0464
4.01221
3.97667
3.94003
3.90226
3.86293
3.82142
3.777
3.72866
3.67519
3.61581
3.55073
3.48076
3.40658
3.32829
3.24546
3.15757
3.0643
2.96544
2.86075
2.74998
2.63288
2.50922
2.37878
2.24138
2.09687
1.94515
1.78617
1.61995
1.44657
1.26621
1.07914
0.885736
0.6865
0.482054
0.273143
0.0606666
-0.15433
-0.370669
-0.587037
-0.802
-1.01401
-1.22142
-1.42254
-1.61565
-1.79902
-1.97098
-2.12995
-2.27444
-2.40315
-2.51495
-2.60893
-2.68442
-2.74103
-2.77851
-2.79718
-2.79686
-2.77931
-2.74278
-2.70044
-2.64846
-2.5967
-2.51129
-2.45397
-2.30737
-2.28857
-2.00471
-2.15499
-1.52571
-2.19622
-0.666529
-2.78756
3.74168
3.75341
3.76613
3.77917
3.79285
3.80707
3.82188
3.83727
3.85327
3.86986
3.88706
3.90487
3.92328
3.94228
3.96186
3.98202
4.00272
4.02393
4.04563
4.06777
4.0903
4.11316
4.13628
4.15959
4.18299
4.20638
4.22964
4.25266
4.27528
4.29735
4.31871
4.33915
4.3585
4.37654
4.39305
4.40779
4.42054
4.43104
4.43904
4.4443
4.44658
4.44564
4.44126
4.43323
4.42138
4.40552
4.38552
4.36127
4.33269
4.29972
4.26235
4.22058
4.17447
4.12406
4.06946
4.01078
3.94815
3.88171
3.81161
3.73803
3.66114
3.58115
3.49825
3.4127
3.32479
3.23465
3.14326
3.06205
2.98876
2.91229
2.82954
2.74966
2.65082
2.59017
2.43676
2.49027
2.10666
2.65226
1.31612
3.75112
3.7278
3.70866
3.6879
3.66703
3.64514
3.62169
3.59682
3.57061
3.54288
3.51341
3.48231
3.44993
3.41654
3.38216
3.34643
3.30883
3.26872
3.22522
3.17719
3.12392
3.06554
3.00281
2.93639
2.86642
2.7925
2.71416
2.63113
2.54322
2.45024
2.35195
2.24817
2.13868
2.02329
1.90184
1.77421
1.64029
1.50004
1.35344
1.20059
1.0416
0.876705
0.706235
0.530608
0.350357
0.166135
-0.0212729
-0.210963
-0.401909
-0.592956
-0.782841
-0.970192
-1.15356
-1.33143
-1.50227
-1.66452
-1.81665
-1.95722
-2.08488
-2.19838
-2.29668
-2.3789
-2.4444
-2.49267
-2.52375
-2.53713
-2.5343
-2.51317
-2.48444
-2.44464
-2.40544
-2.33381
-2.28934
-2.15874
-2.15036
-1.8878
-2.03918
-1.44532
-2.09266
-0.629905
-2.682
3.28524
3.29574
3.30711
3.3188
3.33107
3.34386
3.3572
3.37109
3.38556
3.40061
3.41625
3.43248
3.44931
3.46675
3.48479
3.50341
3.52263
3.54241
3.56275
3.58361
3.60497
3.62678
3.649
3.67158
3.69446
3.71755
3.74078
3.76405
3.78724
3.81026
3.83295
3.85518
3.8768
3.89762
3.91746
3.93612
3.9534
3.96909
3.98295
3.99475
4.00426
4.01123
4.01544
4.01665
4.01464
4.00922
4.00019
3.98737
3.97062
3.94982
3.92487
3.8957
3.86227
3.82457
3.78261
3.73643
3.68611
3.63172
3.57338
3.51122
3.4454
3.37608
3.30348
3.22784
3.14943
3.06841
2.98576
2.91181
2.84478
2.77455
2.69843
2.62442
2.53326
2.47612
2.33486
2.38267
2.02694
2.54033
1.27064
3.62438
3.27302
3.25649
3.23858
3.22052
3.20161
3.18135
3.15985
3.13718
3.1133
3.08805
3.06121
3.03282
3.0032
2.97264
2.94118
2.90854
2.87428
2.83786
2.79849
2.75519
2.70725
2.65476
2.59841
2.53884
2.47616
2.40999
2.33989
2.26563
2.18707
2.10406
2.0164
1.92391
1.82639
1.72372
1.61574
1.50234
1.38345
1.25901
1.12904
0.993577
0.852752
0.706758
0.555872
0.400455
0.240969
0.0779926
-0.0877962
-0.255607
-0.424531
-0.593552
-0.761547
-0.927298
-1.08951
-1.24684
-1.3979
-1.54127
-1.67559
-1.79953
-1.91184
-2.01139
-2.09717
-2.1684
-2.22437
-2.26488
-2.28914
-2.29845
-2.29039
-2.27344
-2.24442
-2.21641
-2.15738
-2.12456
-2.00918
-2.01013
-1.7687
-1.91981
-1.36273
-1.98382
-0.592787
-2.5687
2.89177
2.90117
2.91132
2.92179
2.93278
2.94425
2.95624
2.96874
2.98179
2.99538
3.00953
3.02425
3.03954
3.05542
3.0719
3.08895
3.10661
3.12484
3.14365
3.16302
3.18294
3.20338
3.22431
3.2457
3.26751
3.28967
3.31214
3.33484
3.35768
3.38059
3.40347
3.42618
3.44862
3.47064
3.49208
3.5128
3.53261
3.55133
3.56875
3.58467
3.59887
3.61113
3.62123
3.62894
3.63402
3.63626
3.63544
3.63136
3.62383
3.61268
3.59775
3.57892
3.55607
3.52912
3.49803
3.46279
3.42337
3.37981
3.33216
3.28053
3.22501
3.16575
3.10293
3.03677
2.96755
2.89539
2.82126
2.75444
2.69358
2.62952
2.55994
2.49177
2.40828
2.35457
2.22579
2.2673
1.94129
2.41959
1.22242
3.48683
2.881
2.86668
2.85117
2.83551
2.81911
2.80157
2.78294
2.76327
2.74252
2.72066
2.69758
2.67305
2.64701
2.61978
2.59171
2.56286
2.533
2.50175
2.46861
2.43282
2.39349
2.3501
2.30277
2.25209
2.19867
2.14262
2.08348
2.02076
1.95427
1.88394
1.80967
1.73129
1.64861
1.56149
1.4698
1.37342
1.27227
1.16628
1.05541
0.939679
0.819136
0.693897
0.564136
0.430094
0.292095
0.150557
0.00598179
-0.141034
-0.289786
-0.439471
-0.589183
-0.737925
-0.884605
-1.02808
-1.16713
-1.30049
-1.42692
-1.54516
-1.65397
-1.75227
-1.83897
-1.91319
-1.97407
-2.02129
-2.05383
-2.07277
-2.0755
-2.06854
-2.04889
-2.03059
-1.98299
-1.96037
-1.85965
-1.86811
-1.64876
-1.79615
-1.28025
-1.86751
-0.559758
-2.44281
2.55523
2.56356
2.57252
2.58179
2.59153
2.6017
2.61234
2.62345
2.63505
2.64716
2.65978
2.67292
2.68661
2.70085
2.71564
2.731
2.74693
2.76343
2.7805
2.79814
2.81633
2.83507
2.85435
2.87413
2.89438
2.91508
2.93619
2.95766
2.97941
3.00139
3.02354
3.04574
3.06791
3.08994
3.11169
3.13306
3.15388
3.174
3.19325
3.21146
3.22841
3.24391
3.25777
3.26974
3.27964
3.28723
3.29228
3.2946
3.29395
3.29016
3.28305
3.27239
3.25807
3.23997
3.21796
3.19197
3.16194
3.12784
3.08967
3.04748
3.00133
2.95131
2.89759
2.84031
2.77975
2.71605
2.65009
2.59013
2.53527
2.47721
2.41401
2.35151
2.27574
2.22502
2.10957
2.14301
1.8503
2.28816
1.17367
3.3361
2.54578
2.5334
2.52
2.50645
2.49225
2.47709
2.46099
2.44396
2.42602
2.4072
2.38751
2.36662
2.34349
2.31701
2.28714
2.25489
2.22157
2.18845
2.15688
2.12796
2.10144
2.07513
2.04557
2.00949
1.96546
1.9151
1.86167
1.80687
1.75013
1.6903
1.6268
1.55961
1.48877
1.41422
1.33583
1.25342
1.1669
1.0762
0.981263
0.882064
0.778612
0.670963
0.559219
0.443535
0.324136
0.201311
0.0754353
-0.053048
-0.183602
-0.315594
-0.448309
-0.580944
-0.712587
-0.842283
-0.969001
-1.09163
-1.20905
-1.32013
-1.4237
-1.51872
-1.60412
-1.67897
-1.74232
-1.79376
-1.83214
-1.85834
-1.86966
-1.87082
-1.85917
-1.84896
-1.81178
-1.79738
-1.71145
-1.72412
-1.52984
-1.66669
-1.20095
-1.7404
-0.535378
-2.29996
2.16757
2.1747
2.18233
2.19024
2.19856
2.20727
2.21639
2.22593
2.23592
2.24637
2.25728
2.26867
2.28057
2.29296
2.30589
2.31935
2.33334
2.34789
2.36298
2.37864
2.39486
2.41163
2.42896
2.44685
2.46524
2.48416
2.50359
2.52347
2.54377
2.56446
2.58549
2.60679
2.6283
2.64992
2.67157
2.69319
2.71464
2.73578
2.75649
2.77664
2.79605
2.81453
2.83194
2.84806
2.86272
2.87567
2.88671
2.89565
2.90223
2.90628
2.90755
2.90582
2.90094
2.89272
2.88099
2.8656
2.84643
2.82341
2.79645
2.76555
2.7307
2.69194
2.64938
2.60313
2.55338
2.50032
2.44467
2.39346
2.34629
2.29591
2.24108
2.18577
2.12046
2.07305
1.97619
1.99813
1.75018
2.13669
1.12547
3.16594
2.15962
2.14941
2.13831
2.12703
2.11526
2.10273
2.08941
2.07536
2.06052
2.04479
2.02814
2.01062
1.99237
1.97343
1.95337
1.93188
1.90928
1.88605
1.86216
1.83729
1.81114
1.78324
1.75281
1.71944
1.68349
1.64501
1.60363
1.55944
1.51284
1.46388
1.41231
1.35788
1.30044
1.2399
1.17618
1.10915
1.03872
0.964805
0.887343
0.806263
0.721546
0.633195
0.541243
0.445769
0.346893
0.244786
0.139688
0.0318952
-0.0782343
-0.190244
-0.303622
-0.417769
-0.531988
-0.645518
-0.757556
-0.867176
-0.973408
-1.0753
-1.17179
-1.26188
-1.34456
-1.41889
-1.48391
-1.53902
-1.58308
-1.6165
-1.63704
-1.64653
-1.6442
-1.64183
-1.61811
-1.60992
-1.5456
-1.55571
-1.40113
-1.51083
-1.12381
-1.58216
-0.528
-2.12243
1.78118
1.78698
1.79317
1.79961
1.80639
1.81351
1.82096
1.82878
1.83698
1.84559
1.85458
1.86399
1.87384
1.88414
1.89491
1.90615
1.91786
1.93008
1.94281
1.95607
1.96986
1.98417
1.99904
2.01445
2.03039
2.04689
2.06391
2.08145
2.0995
2.11803
2.13702
2.15645
2.17626
2.19641
2.21682
2.23746
2.25825
2.27908
2.29988
2.32053
2.34091
2.36087
2.38027
2.399
2.41685
2.43363
2.44916
2.46325
2.47568
2.48622
2.49466
2.50081
2.50443
2.50529
2.50322
2.49801
2.4895
2.47752
2.46196
2.44272
2.41973
2.39298
2.36251
2.32836
2.29066
2.24956
2.20571
2.16463
2.12636
2.08512
2.03995
1.99389
1.93959
1.89978
1.81841
1.84072
1.62244
1.98936
1.04202
3.03373
1.77483
1.76686
1.75821
1.74938
1.74019
1.73041
1.72003
1.70908
1.69752
1.68525
1.67228
1.65877
1.6451
1.63178
1.619
1.60622
1.59235
1.57651
1.55826
1.53731
1.51348
1.4871
1.45911
1.43031
1.40111
1.3714
1.34029
1.30667
1.27032
1.2318
1.19148
1.14915
1.10451
1.05741
1.00776
0.95548
0.900502
0.842735
0.782093
0.7185
0.651908
0.582282
0.50961
0.433904
0.355196
0.27358
0.189164
0.102125
0.0126669
-0.0789205
-0.172297
-0.267066
-0.362742
-0.458766
-0.554533
-0.649354
-0.742444
-0.833015
-0.920183
-1.00306
-1.08072
-1.1523
-1.21682
-1.27363
-1.32154
-1.36077
-1.38905
-1.40646
-1.41227
-1.41862
-1.40597
-1.40801
-1.35876
-1.37837
-1.24561
-1.35907
-1.00664
-1.45534
-0.457267
-2.03577
1.47335
1.47814
1.48325
1.48858
1.4942
1.50007
1.50624
1.51272
1.51952
1.52665
1.53411
1.54193
1.55013
1.5587
1.56767
1.57705
1.58684
1.59707
1.60775
1.61889
1.63049
1.64257
1.65515
1.66821
1.68177
1.69584
1.71039
1.72546
1.74102
1.75706
1.77359
1.79057
1.80799
1.82582
1.84402
1.86254
1.88135
1.90039
1.91959
1.93886
1.95815
1.97733
1.99627
2.01492
2.03309
2.05065
2.06743
2.0833
2.09805
2.11148
2.12339
2.13363
2.14195
2.14811
2.15197
2.15326
2.15182
2.14747
2.14004
2.12939
2.1154
2.09802
2.0772
2.05295
2.02533
1.99444
1.96086
1.92876
1.89851
1.8656
1.82931
1.79195
1.74791
1.71579
1.64857
1.67315
1.48104
1.83545
0.943386
2.89995
1.46819
1.46185
1.45499
1.44796
1.44063
1.43283
1.42457
1.41585
1.40663
1.39691
1.38661
1.37571
1.36419
1.35209
1.33943
1.32629
1.31256
1.2978
1.28167
1.26438
1.24646
1.22819
1.20959
1.19036
1.16994
1.14764
1.12321
1.0968
1.06841
1.03804
1.00592
0.972261
0.936929
0.899718
0.860461
0.819077
0.775515
0.729714
0.681594
0.631086
0.578131
0.522679
0.464702
0.404177
0.341107
0.27553
0.207493
0.13709
0.0644511
-0.0102619
-0.08681
-0.164938
-0.244314
-0.324535
-0.405165
-0.485688
-0.565507
-0.644
-0.720459
-0.794146
-0.864289
-0.930106
-0.990708
-1.0455
-1.09331
-1.13429
-1.16621
-1.18811
-1.19904
-1.2112
-1.20645
-1.21617
-1.17852
-1.20659
-1.09078
-1.21115
-0.884037
-1.33693
-0.37583
-1.96517
1.2099
1.21382
1.218
1.22237
1.22696
1.23179
1.23684
1.24216
1.24775
1.25362
1.25976
1.26622
1.27299
1.28007
1.28749
1.29527
1.30339
1.3119
1.32079
1.33008
1.33977
1.34988
1.36043
1.3714
1.38282
1.3947
1.40703
1.41981
1.43305
1.44676
1.46092
1.47553
1.49056
1.50602
1.52187
1.53808
1.55463
1.57148
1.58859
1.60588
1.62333
1.64083
1.65831
1.67569
1.69286
1.7097
1.7261
1.74193
1.75702
1.77122
1.78436
1.7963
1.80681
1.81571
1.82284
1.82796
1.8309
1.83149
1.82954
1.82491
1.81743
1.80703
1.79364
1.7772
1.75775
1.73532
1.7104
1.68606
1.66283
1.63732
1.60902
1.57963
1.54504
1.52016
1.46646
1.49286
1.3273
1.66722
0.834364
2.7417
1.20571
1.20066
1.19519
1.18959
1.18372
1.17751
1.17092
1.16396
1.15661
1.14885
1.14066
1.132
1.12284
1.11317
1.10298
1.09227
1.08112
1.06956
1.05737
1.04415
1.02973
1.01449
0.998912
0.983148
0.96701
0.950068
0.931723
0.911617
0.889804
0.86634
0.841151
0.814349
0.786187
0.75672
0.725746
0.69308
0.658637
0.622367
0.584228
0.544164
0.502115
0.458029
0.411863
0.363589
0.313196
0.260683
0.206075
0.149413
0.0907785
0.0302675
-0.0319666
-0.095748
-0.160853
-0.226999
-0.293868
-0.361083
-0.428194
-0.494729
-0.560138
-0.623826
-0.685162
-0.743505
-0.79808
-0.848387
-0.893339
-0.933082
-0.965499
-0.989113
-1.00274
-1.01817
-1.01878
-1.03354
-1.00515
-1.03898
-0.938735
-1.06292
-0.76219
-1.21355
-0.297637
-1.87311
0.976937
0.980064
0.983399
0.986881
0.990548
0.994404
0.998449
1.0027
1.00718
1.01188
1.01681
1.02199
1.02743
1.03312
1.03909
1.04536
1.05192
1.0588
1.06599
1.07352
1.08138
1.0896
1.09819
1.10714
1.11648
1.12622
1.13634
1.14687
1.1578
1.16915
1.18091
1.19308
1.20565
1.21863
1.23198
1.24571
1.25979
1.2742
1.2889
1.30384
1.31902
1.33437
1.34981
1.36529
1.38073
1.39605
1.41115
1.42592
1.44025
1.45401
1.46705
1.47925
1.49044
1.50045
1.50913
1.51628
1.52175
1.52537
1.52697
1.5264
1.52351
1.51819
1.51037
1.49996
1.48698
1.47142
1.45368
1.43591
1.41873
1.39968
1.37841
1.35617
1.33009
1.31186
1.2706
1.29842
1.15824
1.48239
0.709278
2.55615
0.973621
0.969661
0.96539
0.961004
0.956415
0.951544
0.946385
0.940941
0.93519
0.92912
0.922713
0.915947
0.908795
0.901237
0.893255
0.884837
0.87599
0.866734
0.857128
0.847126
0.836416
0.82465
0.811889
0.798617
0.785199
0.771657
0.757703
0.742844
0.72662
0.70891
0.689764
0.669136
0.647082
0.623867
0.599618
0.574201
0.547435
0.519208
0.48947
0.458194
0.425336
0.390849
0.354692
0.316824
0.277225
0.235881
0.192794
0.14798
0.101478
0.0533451
0.00367337
-0.0474185
-0.0997859
-0.15323
-0.207527
-0.262409
-0.317542
-0.372571
-0.427081
-0.480609
-0.53265
-0.582702
-0.630104
-0.674465
-0.714827
-0.751347
-0.782078
-0.805388
-0.81989
-0.836643
-0.840548
-0.858258
-0.836932
-0.874439
-0.787643
-0.913599
-0.637824
-1.08416
-0.216637
-1.76501
0.770721
0.773147
0.775726
0.778422
0.781265
0.784256
0.787393
0.790694
0.794165
0.797809
0.801639
0.80566
0.809877
0.8143
0.81895
0.823828
0.828931
0.834279
0.839889
0.845757
0.851892
0.858315
0.865032
0.872043
0.879363
0.887001
0.894956
0.903244
0.911865
0.920829
0.930143
0.939793
0.949789
0.960139
0.970823
0.98184
0.993181
1.00482
1.01676
1.02896
1.0414
1.05405
1.06687
1.07979
1.09278
1.10579
1.11872
1.13149
1.14405
1.15626
1.16803
1.17925
1.18978
1.1995
1.20827
1.21594
1.22236
1.22738
1.23087
1.23268
1.23268
1.23076
1.22684
1.22084
1.21274
1.20255
1.19055
1.17818
1.16604
1.15245
1.13719
1.12117
1.10249
1.09009
1.05981
1.08839
0.971173
1.2788
0.562839
2.3384
0.768155
0.765123
0.761854
0.758487
0.754966
0.75123
0.747274
0.743096
0.738684
0.734028
0.729113
0.723918
0.718434
0.712637
0.706513
0.700044
0.693216
0.686024
0.67849
0.670663
0.662565
0.654026
0.644685
0.63436
0.623335
0.612096
0.600839
0.589438
0.577523
0.564642
0.550539
0.535192
0.518587
0.500755
0.481908
0.462239
0.441709
0.420144
0.397423
0.373507
0.348375
0.321993
0.294326
0.265326
0.234966
0.203229
0.170105
0.135594
0.0997078
0.062479
0.0239576
-0.0157831
-0.0566517
-0.0985169
-0.141225
-0.184589
-0.228379
-0.272328
-0.316134
-0.359459
-0.401907
-0.443098
-0.482504
-0.519832
-0.554266
-0.586003
-0.613291
-0.634656
-0.648495
-0.664917
-0.670269
-0.689053
-0.672684
-0.711959
-0.636203
-0.762315
-0.508645
-0.948097
-0.127155
-1.64445
0.57099
0.572793
0.574707
0.576714
0.578833
0.581062
0.583405
0.585876
0.588472
0.591202
0.594073
0.597092
0.600264
0.6036
0.607108
0.610787
0.614646
0.618697
0.62295
0.627404
0.632071
0.636963
0.64208
0.647435
0.65304
0.65889
0.664992
0.67136
0.677996
0.684905
0.692091
0.69955
0.707289
0.715313
0.723608
0.73217
0.740999
0.750083
0.759414
0.768976
0.778744
0.788698
0.798813
0.809046
0.819374
0.829755
0.840117
0.850426
0.860619
0.87061
0.880333
0.889702
0.898617
0.906991
0.914718
0.921687
0.927779
0.932867
0.936857
0.939637
0.941085
0.941109
0.939639
0.936619
0.932005
0.925793
0.918225
0.910145
0.90209
0.892993
0.882754
0.871988
0.859527
0.852027
0.831037
0.859342
0.761409
1.05052
0.388161
2.06409
0.569094
0.566878
0.564489
0.562026
0.559449
0.556719
0.553833
0.550786
0.54757
0.544177
0.540596
0.536814
0.532827
0.528621
0.524184
0.519499
0.514548
0.509324
0.503828
0.498077
0.492094
0.485924
0.479532
0.472645
0.464938
0.45648
0.447692
0.438949
0.430303
0.421535
0.412264
0.402159
0.391095
0.379011
0.36588
0.35188
0.337229
0.3219
0.305708
0.288526
0.270326
0.251119
0.230917
0.209693
0.187423
0.164092
0.139689
0.114218
0.087685
0.0601138
0.0315344
0.00199641
-0.0284379
-0.0596867
-0.0916427
-0.124184
-0.15715
-0.190365
-0.22361
-0.256656
-0.289213
-0.321014
-0.351667
-0.380973
-0.408264
-0.433796
-0.456037
-0.473939
-0.485707
-0.500264
-0.505329
-0.523396
-0.509931
-0.549019
-0.48182
-0.605925
-0.371506
-0.800574
-0.0261202
-1.49461
0.405877
0.407064
0.408328
0.409646
0.411034
0.412491
0.414024
0.415638
0.417323
0.419094
0.420956
0.422905
0.424952
0.427104
0.429357
0.431712
0.434184
0.436775
0.439483
0.442318
0.445289
0.448396
0.451643
0.455039
0.458588
0.462288
0.466155
0.470191
0.474396
0.478778
0.483339
0.488084
0.493016
0.498135
0.503442
0.508944
0.514629
0.520497
0.526555
0.532786
0.539181
0.54573
0.552413
0.55921
0.566117
0.573092
0.580094
0.58711
0.594093
0.600982
0.607734
0.614294
0.620603
0.626589
0.632176
0.637305
0.641881
0.645811
0.649034
0.651473
0.65303
0.653644
0.653275
0.651873
0.649398
0.64584
0.641405
0.636584
0.631638
0.625996
0.619632
0.612939
0.605283
0.601359
0.587514
0.614149
0.531308
0.798146
0.19269
1.7087
0.404615
0.403114
0.401496
0.399833
0.39809
0.396239
0.394276
0.3922
0.39001
0.387698
0.385251
0.382661
0.379924
0.377036
0.373983
0.370753
0.367332
0.363715
0.35989
0.355847
0.351598
0.347168
0.342605
0.337912
0.332912
0.327285
0.320893
0.314029
0.307101
0.300237
0.293231
0.285745
0.27752
0.268516
0.258776
0.248313
0.237308
0.226052
0.214611
0.202815
0.190457
0.177435
0.163736
0.149368
0.134323
0.118581
0.102122
0.0849361
0.0670222
0.0483843
0.0290368
0.00900634
-0.0116716
-0.0329477
-0.0547556
-0.0770142
-0.0996231
-0.122467
-0.145403
-0.168281
-0.190908
-0.213112
-0.234617
-0.255327
-0.274718
-0.29311
-0.309192
-0.322568
-0.331181
-0.342664
-0.346014
-0.361901
-0.349429
-0.38674
-0.325341
-0.445752
-0.226595
-0.640114
0.0868044
-1.29786
0.168305
0.169283
0.170327
0.171418
0.172566
0.173777
0.175055
0.176399
0.177808
0.17929
0.180849
0.182486
0.184209
0.186018
0.187913
0.189897
0.19198
0.194161
0.196437
0.198819
0.201311
0.203908
0.206619
0.209441
0.212372
0.21542
0.218585
0.221861
0.225253
0.228757
0.232368
0.23609
0.239914
0.243835
0.247855
0.251968
0.256156
0.260419
0.26475
0.269133
0.27357
0.278045
0.28253
0.287024
0.291529
0.296012
0.300451
0.304848
0.309172
0.313403
0.317519
0.321495
0.325308
0.328922
0.332293
0.335403
0.338206
0.340653
0.342723
0.344377
0.345569
0.34627
0.346473
0.346141
0.345245
0.343793
0.341921
0.339701
0.337421
0.334796
0.331827
0.328748
0.325278
0.324559
0.316435
0.34045
0.268486
0.491414
-0.0181085
1.14417
0.167311
0.166184
0.164963
0.163695
0.162366
0.160959
0.159461
0.157875
0.156204
0.154437
0.152565
0.150578
0.148472
0.146243
0.143878
0.141367
0.138698
0.135865
0.132851
0.129641
0.126231
0.122618
0.118793
0.114704
0.110273
0.105431
0.100207
0.0951675
0.091933
0.0928684
0.0997407
0.112527
0.129139
0.145909
0.158837
0.165082
0.163911
0.156782
0.146527
0.135708
0.125415
0.115544
0.105679
0.0955979
0.0852915
0.0748153
0.0641965
0.0534266
0.0424942
0.0313912
0.020113
0.00865925
-0.00296951
-0.0147646
-0.0267136
-0.0387936
-0.0509701
-0.0632048
-0.0754372
-0.0876061
-0.0996191
-0.11141
-0.122819
-0.133851
-0.144129
-0.154038
-0.162511
-0.170004
-0.174283
-0.18146
-0.181731
-0.193853
-0.180922
-0.213806
-0.158137
-0.266575
-0.0730391
-0.432834
0.182726
-0.937422
0.141302
0.141026
0.140733
0.140418
0.140079
0.139719
0.139336
0.138929
0.138492
0.138025
0.137529
0.137003
0.136446
0.135853
0.135224
0.134559
0.133858
0.133118
0.132338
0.13152
0.130663
0.129767
0.128834
0.127863
0.126856
0.125818
0.124747
0.123649
0.122531
0.121393
0.120241
0.119084
0.117924
0.11677
0.115634
0.114516
0.11343
0.112383
0.111377
0.110424
0.109537
0.108717
0.10796
0.10728
0.106683
0.106157
0.105706
0.105331
0.105016
0.104757
0.104546
0.104373
0.104229
0.104102
0.103975
0.103844
0.103693
0.103502
0.103256
0.102932
0.102515
0.101992
0.101369
0.100637
0.0997911
0.098843
0.0979179
0.0973909
0.0964911
0.0953501
0.0940299
0.0925981
0.0908884
0.0900453
0.0849305
0.0980133
0.0585426
0.179552
-0.0758393
0.461741
0.141554
0.141801
0.142075
0.142368
0.142677
0.143003
0.143345
0.143712
0.144105
0.144523
0.144971
0.145453
0.145975
0.146539
0.147153
0.147823
0.148559
0.149376
0.150285
0.151291
0.152367
0.153452
0.154531
0.155803
0.157898
0.161883
0.168721
0.178052
0.187027
0.190469
0.182801
0.160668
0.124793
0.0804734
0.0363905
0.00165117
-0.018051
-0.0229927
-0.01854
-0.0111977
-0.00498438
-0.00079203
0.00206466
0.00428868
0.00608898
0.00738998
0.00810628
0.00823216
0.00780524
0.00686899
0.00546433
0.00363335
0.00142249
-0.00111867
-0.00394015
-0.00699224
-0.0102248
-0.0135946
-0.0170531
-0.020562
-0.0240705
-0.0275626
-0.0309573
-0.0343217
-0.0374307
-0.040655
-0.0432252
-0.0461268
-0.0469496
-0.0501524
-0.0482442
-0.0558475
-0.0448407
-0.0682504
-0.0278998
-0.102248
0.0259036
-0.195728
0.173275
-0.448777
)
;

boundaryField
{
    inlet
    {
        type            freestreamPressure;
        freestreamValue uniform 0;
        value           nonuniform List<scalar> 
134
(
0.912148
1.20575
1.48567
1.69457
1.81081
1.83135
1.73914
1.53498
1.20958
0.662888
0.207923
0.319685
0.495868
0.653812
0.80375
0.951516
1.09846
1.24512
1.39354
1.54688
0.601894
1.70883
1.87964
2.04887
2.1951
2.28628
2.30896
2.38129
2.35105
2.34601
2.71548
2.50999
2.48711
2.49651
2.49819
2.48696
2.47724
2.4886
2.55426
2.61406
0.287371
-0.0618221
-0.397771
-0.641357
-0.745839
-0.640422
-0.277409
2.81928
2.76018
2.6755
2.62092
2.58004
2.53414
2.48263
2.43003
2.3775
2.32409
2.26903
2.21216
2.15336
2.09215
2.02783
1.95935
1.88504
1.80361
1.71168
1.64027
1.56803
1.48258
1.38237
1.26475
1.11655
0.924462
0.619143
0.249936
-0.0509934
-0.134949
-0.24598
-0.37167
-0.507947
-0.649632
-0.779708
-0.885754
-0.965436
-1.01824
-1.04938
-1.06601
-1.07465
-1.08077
-1.09222
-1.12185
-1.17555
-1.23625
-1.28945
-1.33574
-1.37778
-1.41587
-1.44884
-1.47579
-1.49669
-1.51216
-1.52452
-1.53883
-1.56873
-1.63556
-1.7773
-1.83939
-1.78912
-1.72868
-1.68965
-1.65794
-1.62199
-1.58248
-1.54235
-1.50215
-1.46126
-1.41932
-1.37622
-1.33181
-1.28568
-1.23707
-1.18487
-1.12686
-1.06101
-0.979158
-0.939219
-0.906678
-0.864217
-0.814339
-0.75869
-0.689519
-0.598689
-0.432364
-0.206939
)
;
    }
    outlet
    {
        type            freestreamPressure;
        freestreamValue uniform 0;
        value           nonuniform List<scalar> 
160
(
0.000193227
0.000193561
0.000192861
0.000193888
0.000192473
0.000194249
0.000192056
0.000194636
0.000191608
0.000195043
0.00019113
0.000195473
0.000190623
0.000195924
0.000190083
0.000196407
0.000189504
0.000196925
0.000188885
0.000197476
0.000188228
0.000198066
0.000187532
0.0001987
0.000186793
0.000199388
0.000186007
0.000200132
0.000185174
0.00020094
0.000184293
0.000201823
0.000183364
0.000202794
0.000182385
0.000203871
0.000181351
0.000205071
0.000180268
0.000206407
0.000179135
0.000207847
0.000177949
0.000209308
0.000176715
0.000210742
0.000175432
0.000212369
0.000174102
0.000214982
0.000172733
0.000220011
0.000171321
0.000228834
0.000169875
0.000241158
0.000168405
0.000253394
0.000166911
0.000258712
0.0001654
0.000249382
0.000163886
0.000220274
0.000162373
0.000171759
0.000160872
0.000110931
0.000159399
5.01036e-05
0.000157957
2.26574e-06
0.000156563
-2.4663e-05
0.000155228
-3.12903e-05
0.000153956
-2.51608e-05
0.000152762
-1.51752e-05
0.000151667
-6.75204e-06
0.000150671
-1.07292e-06
0.000149769
2.79699e-06
0.000148983
5.80955e-06
0.000148322
8.24725e-06
0.00014777
1.0008e-05
0.000147332
1.09766e-05
0.000147013
1.11457e-05
0.00014679
1.05665e-05
0.000146661
9.29818e-06
0.000146614
7.39628e-06
0.000146637
4.91781e-06
0.000146718
1.9254e-06
0.000146845
-1.51429e-06
0.000146993
-5.33436e-06
0.000147156
-9.46859e-06
0.000147317
-1.38505e-05
0.000147445
-1.84233e-05
0.000147521
-2.31233e-05
0.000147512
-2.79009e-05
0.000147399
-3.26901e-05
0.000147163
-3.74715e-05
0.000146811
-4.21393e-05
0.00014633
-4.67855e-05
0.000145712
-5.11113e-05
0.000144974
-5.56158e-05
0.000144298
-5.92703e-05
0.000144144
-6.33654e-05
0.00014338
-6.46518e-05
0.000142311
-6.91576e-05
0.000141023
-6.68098e-05
0.000139624
-7.73258e-05
0.000137864
-6.26496e-05
0.000137464
-9.47398e-05
0.000130685
-3.96082e-05
0.000151662
-0.000141259
9.20997e-05
3.8018e-05
0.000279231
-0.000262771
-0.000126302
0.000274621
0.000689226
-0.000546279
)
;
    }
    walls
    {
        type            zeroGradient;
    }
    frontAndBack
    {
        type            empty;
    }
}


// ************************************************************************* //
