/*--------------------------------*- C++ -*----------------------------------*\
| =========                 |                                                 |
| \\      /  F ield         | OpenFOAM: The Open Source CFD Toolbox           |
|  \\    /   O peration     | Version:  2412                                  |
|   \\  /    A nd           | Website:  www.openfoam.com                      |
|    \\/     M anipulation  |                                                 |
\*---------------------------------------------------------------------------*/
FoamFile
{
    version     2.0;
    format      ascii;
    arch        "LSB;label=32;scalar=64";
    class       volScalarField;
    location    "250";
    object      p;
}
// * * * * * * * * * * * * * * * * * * * * * * * * * * * * * * * * * * * * * //

dimensions      [0 2 -2 0 0 0 0];

internalField   nonuniform List<scalar> 
10720
(
-22.6579
-93.6699
-177.556
-261.13
-339.427
-419.689
-491.761
-553.232
-607.355
-650.643
-684.73
-710.573
-729.141
-741.685
-748.306
-748.425
-742.825
-730.332
-712.242
-688.106
-660.582
-631.626
-604.897
-575.611
-535.392
-485.751
-435.421
-390.817
-351.742
-314.954
-278.602
-242.431
-206.459
-170.335
-133.658
-95.3587
-55.4747
-8.4605
31.6522
47.6037
111.287
178.046
239.476
290.865
327.915
347.021
351.439
345.285
327.758
303.506
277.79
252.504
228.388
206.125
185.397
166.157
147.898
130.322
112.892
95.5528
77.9756
60.2658
42.8691
27.7787
16.0827
6.63378
-0.874287
-6.25711
-9.56943
-11.0755
-10.9212
-9.18395
-5.86551
-0.944147
5.98003
15.5618
31.319
57.79
72.9061
19.1819
-41.4281
-106.313
-173.454
-242.606
-310.222
-374.159
-433.645
-486.85
-533.317
-573.019
-606.034
-632.283
-651.669
-663.596
-668.738
-666.942
-659.116
-645.444
-627.907
-608.237
-588.414
-564.041
-527.999
-481.39
-432.87
-389.083
-350.347
-313.758
-277.547
-241.483
-205.616
-169.613
-133.072
-94.899
-55.1209
-8.12181
31.3673
120.976
166.515
211.524
254.353
291.344
319.717
336.381
341.691
336.752
322.534
302.654
280.394
257.407
234.625
212.781
192.028
172.408
153.683
135.621
117.856
100.275
82.6574
65.0925
48.0376
33.061
21.1346
11.5092
3.73085
-2.23891
-6.29392
-8.45248
-8.8152
-7.48536
-4.49119
0.179181
6.91552
16.3548
32.0232
57.4898
84.3408
36.1392
-18.5132
-79.1736
-142.493
-207.85
-273.625
-337.143
-396.777
-451.439
-499.8
-541.44
-575.865
-602.907
-622.925
-636.169
-642.803
-642.782
-636.592
-624.639
-608.281
-589.04
-568.508
-544.291
-511.141
-468.93
-424.281
-383.01
-345.814
-310.358
-275.072
-239.741
-204.397
-168.737
-132.415
-94.4028
-54.7509
-7.87053
31.4035
127.551
169.152
210.129
248.461
280.935
305.833
321.25
327.315
324.464
313.576
297.097
277.397
256.156
234.51
213.275
192.837
173.321
154.636
136.602
118.939
101.494
84.1127
66.862
50.1515
35.2176
23.0083
13.1102
5.13485
-0.935678
-5.01116
-7.17037
-7.57726
-6.3496
-3.49339
1.03746
7.65098
16.9929
32.5123
56.9952
102.768
62.3467
15.9037
-35.4642
-89.6971
-146.775
-205.027
-262.669
-318.36
-370.898
-419.108
-462.236
-499.679
-531.161
-556.499
-575.886
-588.963
-595.5
-595.648
-589.759
-578.749
-563.802
-546.046
-524.087
-494.259
-456.236
-415.163
-376.192
-340.393
-306.008
-271.674
-237.162
-202.496
-167.392
-131.506
-93.8164
-54.3913
-7.77483
31.4213
138.782
173.12
207.27
239.82
267.776
289.779
304.293
310.982
309.941
301.924
288.664
271.98
253.302
233.696
213.948
194.517
175.624
157.308
139.48
121.964
104.641
87.4229
70.3854
53.9105
39.016
26.5937
16.4488
8.22503
1.87075
-2.55324
-5.11311
-5.91435
-5.03012
-2.44813
1.88014
8.34992
17.5846
32.9115
56.4393
106.417
70.4745
28.9841
-17.2081
-66.0948
-118.13
-171.935
-225.897
-279.002
-330.058
-377.881
-421.629
-460.558
-494.091
-521.842
-543.616
-558.968
-567.879
-570.388
-566.907
-558.169
-545.208
-528.911
-508.381
-480.845
-445.821
-407.362
-370.073
-335.289
-301.711
-268.141
-234.332
-200.292
-165.74
-130.336
-93.0774
-54.011
-7.81599
31.233
138.515
168.957
199.336
228.318
253.267
273.242
287.071
294.224
294.659
289.027
278.554
264.621
248.376
230.764
212.535
194.186
176.02
158.181
140.672
123.412
106.324
89.3672
72.6275
56.4552
41.6873
29.1345
18.7727
10.3165
3.71898
-0.952938
-3.72829
-4.70272
-3.95312
-1.48564
2.74112
9.11568
18.2462
33.3376
55.8656
107.819
75.9911
39.0769
-1.98691
-45.4377
-92.0176
-140.451
-189.454
-238.29
-285.879
-331.227
-373.538
-412.026
-446.028
-475.054
-498.723
-516.764
-528.996
-535.316
-535.891
-531.165
-521.849
-508.528
-490.58
-465.962
-434.231
-398.67
-363.4
-329.929
-297.339
-264.598
-231.49
-198.05
-164.034
-129.111
-92.3001
-53.6553
-8.02591
30.8127
136.255
163.137
190.171
216.163
238.68
257.04
270.28
277.739
279.311
275.574
267.432
255.952
242.043
226.501
210.002
193.021
175.891
158.815
141.872
125.054
108.336
91.723
75.3168
59.4483
44.8289
32.1943
21.65
12.9929
6.18033
1.27581
-1.73944
-2.95717
-2.45068
-0.21683
3.79989
9.99226
18.9519
33.7439
55.246
105.835
77.1213
43.7376
6.5768
-32.6569
-74.9313
-119.117
-164.091
-209.366
-253.99
-297.106
-338.006
-375.906
-410.109
-440.047
-465.228
-485.226
-499.663
-508.321
-511.27
-508.869
-501.697
-490.216
-474.06
-451.783
-422.954
-390.11
-356.812
-324.643
-293.029
-261.116
-228.707
-195.845
-162.327
-127.867
-91.5265
-53.3774
-8.43186
30.1315
131.52
155.733
180.219
203.874
224.461
241.532
254.242
261.862
264.31
262.071
255.848
246.48
234.683
221.107
206.332
190.783
174.788
158.59
142.318
126.029
109.753
93.5356
77.499
61.9576
47.5257
34.8705
24.1877
15.3544
8.33889
3.20331
-0.0562899
-1.51064
-1.2207
0.823716
4.68174
10.7384
19.5588
34.0449
54.5466
102.49
76.4245
46.0651
12.3044
-23.2343
-61.6391
-101.872
-142.955
-184.574
-225.92
-266.254
-304.991
-341.413
-374.846
-404.691
-430.401
-451.456
-467.523
-478.337
-483.828
-484.149
-479.64
-470.568
-456.672
-436.936
-411.013
-380.889
-349.639
-318.882
-288.345
-257.352
-225.727
-193.521
-160.557
-126.584
-90.724
-53.1366
-8.98459
29.1603
125.846
147.822
170.179
191.891
210.88
226.872
239.082
246.761
249.866
248.8
244.135
236.554
226.624
214.87
201.773
187.694
172.937
157.75
142.294
126.668
110.947
95.214
79.6084
64.4323
50.2337
37.6198
26.8481
17.8726
10.6803
5.33517
1.85054
0.170755
0.242155
2.08051
5.7502
11.6305
20.2615
34.3675
53.8399
98.1663
74.2985
46.4722
15.5558
-16.8802
-51.9842
-88.8171
-126.497
-164.853
-203.181
-240.868
-277.443
-312.26
-344.697
-374.17
-400.105
-421.954
-439.293
-451.765
-459.152
-461.477
-458.971
-451.81
-439.83
-422.328
-399.023
-371.445
-342.203
-312.882
-283.456
-253.407
-222.594
-191.076
-158.703
-125.252
-89.8952
-52.8884
-9.59934
27.9358
119.588
139.719
160.305
180.388
198.026
213.093
224.831
232.498
236.082
235.933
232.53
226.442
218.132
208.02
196.498
183.86
170.37
156.262
141.705
126.828
111.738
96.55
81.4186
66.6392
52.7098
40.1884
29.3721
20.2842
12.9353
7.39441
3.68967
1.78413
1.63529
3.26816
6.75191
12.4577
20.8957
34.6016
53.0705
93.3681
71.3843
45.741
17.2884
-12.4612
-44.678
-78.4885
-113.096
-148.431
-183.877
-218.931
-253.219
-286.173
-317.251
-345.901
-371.547
-393.638
-411.7
-425.366
-434.351
-438.531
-437.994
-432.796
-422.801
-407.517
-386.732
-361.633
-334.413
-306.587
-278.323
-249.263
-219.299
-188.501
-156.751
-123.858
-89.043
-52.6229
-10.2578
26.5419
113.137
131.695
150.771
169.457
185.934
200.181
211.474
219.074
223.001
223.565
221.179
216.33
209.408
200.751
190.677
179.416
167.188
154.197
140.606
126.556
112.176
97.6006
82.999
68.6591
55.0441
42.672
31.8641
22.7027
15.2268
9.51272
5.60413
3.48309
3.11771
4.54158
7.82897
13.341
21.5562
34.81
52.2653
88.3359
67.9778
44.2249
17.9074
-9.50915
-39.2051
-70.3593
-102.246
-134.854
-167.649
-200.224
-232.291
-263.354
-292.945
-320.565
-345.672
-367.718
-386.218
-400.741
-410.965
-416.626
-417.716
-414.222
-406.023
-392.777
-374.321
-351.567
-326.332
-300.025
-272.961
-244.924
-215.842
-185.8
-154.707
-122.405
-88.1713
-52.3549
-10.9806
25.0201
106.677
123.883
141.651
159.122
174.59
188.101
198.962
206.462
210.626
211.743
210.174
206.352
200.61
193.226
184.459
174.487
163.48
151.608
139.018
125.847
112.235
98.3277
84.3019
70.439
57.1785
45.0058
34.2546
25.0565
17.4804
11.6132
7.51366
5.18347
4.60359
5.81769
8.90524
14.2152
22.1921
34.9647
51.4215
83.247
64.3133
42.2203
17.779
-7.59184
-35.0638
-63.859
-93.3071
-123.447
-153.804
-184.045
-213.956
-243.114
-271.124
-297.538
-321.856
-343.561
-362.163
-377.203
-388.345
-395.232
-397.757
-395.836
-389.344
-378.029
-361.763
-341.241
-317.957
-293.193
-267.368
-240.389
-212.227
-182.975
-152.573
-120.896
-87.2844
-52.1057
-11.7784
23.3765
100.341
116.367
132.988
149.385
163.964
176.804
187.248
194.622
198.94
200.483
199.573
196.597
191.852
185.573
177.974
169.185
159.336
148.561
136.981
124.724
111.925
98.7348
85.3293
71.9839
59.1196
47.1965
36.5528
27.3591
19.715
13.7197
9.44743
6.91964
6.1309
7.13429
10.0151
15.1084
22.8232
35.0776
50.5438
78.2121
60.5348
39.9121
17.1317
-6.43136
-31.9305
-58.6262
-85.8904
-113.801
-141.936
-170.014
-197.885
-225.187
-251.592
-276.714
-300.099
-321.264
-339.735
-355.038
-366.821
-374.673
-378.39
-377.845
-372.901
-363.362
-349.124
-330.704
-309.318
-286.105
-261.548
-235.659
-208.45
-180.023
-150.348
-119.331
-86.3811
-51.8849
-12.6492
21.6212
94.201
109.19
124.789
140.231
154.014
166.239
176.283
183.507
187.919
189.786
189.404
187.126
183.223
177.897
171.327
163.611
154.843
145.122
134.543
123.211
111.254
98.8165
86.0691
73.2786
60.8498
49.2223
38.7344
29.5863
21.9061
15.8081
11.3815
8.66738
7.67547
8.46837
11.138
16.0035
23.4372
35.1452
49.6353
73.3018
56.7438
37.4347
16.1373
-5.81446
-29.552
-54.3697
-79.6713
-105.568
-131.675
-157.754
-183.706
-209.224
-234.036
-257.819
-280.168
-300.633
-318.771
-334.108
-346.281
-354.866
-359.572
-360.23
-356.692
-348.792
-336.432
-319.99
-300.438
-278.773
-255.506
-230.736
-204.509
-176.942
-148.028
-117.709
-85.4601
-51.6921
-13.5907
19.7654
88.3034
102.367
117.055
131.634
144.697
156.353
166.013
173.072
177.528
179.641
179.683
177.98
174.783
170.275
164.609
157.857
150.083
141.36
131.752
121.342
110.24
98.5796
86.5214
74.3193
62.3628
51.0749
40.79
31.7294
24.0477
17.8749
13.3153
10.4289
9.24188
9.82559
12.2791
16.9045
24.0364
35.1715
48.7004
68.5596
53.008
34.8806
14.9174
-5.59036
-27.747
-50.8734
-74.4084
-98.4786
-122.733
-146.972
-171.133
-194.959
-218.228
-240.664
-261.915
-281.575
-299.229
-314.425
-326.781
-335.889
-341.386
-343.07
-340.782
-334.371
-323.734
-309.138
-291.347
-271.214
-249.251
-225.621
-200.407
-173.731
-145.615
-116.03
-84.5216
-51.5226
-14.5993
17.8161
82.6737
95.9047
109.767
123.565
135.97
147.097
156.391
163.272
167.735
170.03
170.411
169.18
166.578
162.771
157.892
151.999
145.133
137.339
128.658
119.15
108.903
98.0341
86.6881
75.1021
63.6507
52.7426
42.7051
33.7738
26.1257
19.907
15.2368
12.1937
10.8206
11.1975
13.4312
17.8052
24.6166
35.1571
47.7435
64.0119
49.3729
32.3154
13.5604
-5.64534
-26.3726
-47.9699
-69.9063
-92.318
-114.882
-137.43
-159.929
-182.159
-203.942
-225.051
-245.177
-263.959
-281.016
-295.922
-308.289
-317.733
-323.845
-326.39
-325.2
-320.129
-311.068
-298.186
-282.075
-263.447
-242.794
-220.322
-196.144
-170.391
-143.107
-114.293
-83.5656
-51.3757
-15.667
15.7793
77.3226
89.8003
102.912
115.995
127.794
138.427
147.369
154.065
158.505
160.931
161.582
160.742
158.639
155.429
151.236
146.102
140.056
133.119
125.314
116.676
107.271
97.1945
86.5742
75.6267
64.7102
54.218
44.4692
35.708
28.1292
21.8947
17.1382
13.9558
12.4073
12.5811
14.592
18.704
25.1767
35.1049
46.7692
59.6753
45.8668
29.7838
12.1303
-5.89494
-25.3234
-45.5339
-66.0171
-86.9184
-107.94
-128.934
-149.89
-170.624
-190.994
-210.812
-229.812
-247.676
-264.057
-278.557
-290.797
-300.413
-306.979
-310.23
-309.986
-306.108
-298.474
-287.176
-272.655
-255.495
-236.147
-214.846
-191.725
-166.924
-140.505
-112.498
-82.5919
-51.25
-16.7855
13.6641
72.2524
84.0444
96.4658
108.893
120.131
130.298
138.905
145.412
149.805
152.323
153.187
152.666
150.983
148.285
144.686
140.222
134.91
128.759
121.77
113.96
105.372
96.0809
86.1909
75.897
65.5387
55.4944
46.0723
37.5199
30.0461
23.8268
19.0094
15.7064
13.9948
13.9705
15.7565
19.5969
25.7146
35.0174
45.782
55.5567
42.5083
27.3208
10.6727
-6.27322
-24.5192
-43.4633
-62.6229
-82.1448
-101.753
-121.318
-140.849
-160.186
-179.221
-197.797
-215.687
-232.614
-248.263
-262.271
-274.272
-283.921
-290.799
-294.611
-295.172
-292.343
-285.994
-276.148
-263.123
-247.382
-229.328
-209.202
-187.154
-163.331
-137.809
-110.646
-81.5993
-51.1448
-17.9464
11.4832
67.4599
78.6229
90.4089
102.23
112.946
122.674
130.958
137.273
141.603
144.18
145.213
144.956
143.625
141.364
138.279
134.403
129.746
124.306
118.072
111.042
103.239
94.7151
85.552
75.9198
66.1376
56.5677
47.5061
39.1993
31.8654
25.6925
20.8406
17.4372
15.576
15.36
16.9201
20.4806
26.2288
34.8977
44.7875
51.6571
39.3092
24.945
9.22393
-6.73491
-23.8955
-41.6809
-59.6277
-77.8883
-96.2001
-114.451
-132.663
-150.7
-168.477
-185.868
-202.677
-218.666
-233.553
-247.006
-258.683
-268.247
-275.313
-279.554
-280.784
-278.867
-273.663
-265.142
-253.514
-239.137
-222.353
-203.401
-182.439
-159.615
-135.021
-108.737
-80.5871
-51.058
-19.141
9.24915
62.9389
73.5217
84.7201
95.9779
106.204
115.519
123.492
129.615
133.869
136.479
137.642
137.602
136.569
134.68
132.04
128.68
124.604
119.806
114.264
107.961
100.904
93.1213
84.6728
75.704
66.5106
57.4365
48.7645
40.7368
33.5764
27.4808
22.6214
19.1391
17.1431
16.7433
18.0778
21.3514
26.7177
34.7488
43.7906
47.9749
36.2751
22.6723
7.80676
-7.24225
-23.4054
-40.1245
-56.9596
-74.0613
-91.1818
-108.221
-125.213
-142.039
-158.635
-174.902
-190.671
-205.735
-219.846
-232.703
-243.987
-253.375
-260.519
-265.073
-266.847
-265.71
-261.519
-254.196
-243.865
-230.787
-215.244
-197.458
-177.589
-155.783
-132.143
-106.77
-79.5538
-50.9862
-20.3604
6.97519
58.6802
68.7261
79.3785
90.1106
99.8776
108.8
116.475
122.406
126.573
129.196
130.461
130.599
129.816
128.247
125.992
123.082
119.521
115.299
110.387
104.757
98.3995
91.3264
83.574
75.2628
66.6637
58.1011
49.8432
42.1245
35.1692
29.1815
24.3416
20.8026
18.688
18.1135
19.2241
22.2056
27.1801
34.574
42.7966
44.5052
33.4074
20.5121
6.43999
-7.76891
-23.0103
-38.747
-54.5577
-70.5921
-86.6151
-102.538
-118.401
-134.104
-149.595
-164.798
-179.571
-193.734
-207.067
-219.301
-230.142
-239.282
-246.41
-251.172
-253.377
-252.9
-249.594
-243.348
-234.212
-222.363
-208.023
-191.389
-172.613
-151.839
-129.178
-104.748
-78.4975
-50.9249
-21.5948
4.67565
54.6751
64.2208
74.3634
84.6028
93.9375
102.488
109.876
115.618
119.692
122.311
123.652
123.937
123.365
122.069
120.146
117.63
114.525
110.817
106.475
101.462
95.7583
89.3578
82.2769
74.6108
66.6053
58.5643
50.7398
43.3562
36.6352
30.7844
25.9911
22.4183
20.202
19.4636
20.3533
23.0395
27.615
34.3769
41.8105
41.2421
30.7054
18.4687
5.13548
-8.29385
-22.6816
-37.5088
-52.3737
-67.4211
-82.4316
-97.3228
-112.143
-126.801
-141.261
-155.464
-169.287
-182.578
-195.144
-206.741
-217.105
-225.942
-232.975
-237.855
-240.389
-240.459
-237.92
-232.634
-224.592
-213.897
-200.714
-185.21
-167.523
-147.791
-126.129
-102.67
-77.4166
-50.8694
-22.8333
2.3655
50.9118
59.9906
69.6553
79.4316
88.3583
96.5565
103.668
109.223
113.199
115.801
117.2
117.604
117.21
116.149
114.515
112.343
109.639
106.389
102.56
98.1106
93.0112
87.2426
80.8029
73.764
66.3462
58.8316
51.4545
44.4276
37.9669
32.2804
27.56
23.9764
21.6763
20.786
21.4594
23.8492
28.0213
34.1604
40.8376
38.1784
28.1657
16.5453
3.90201
-8.80365
-22.3966
-36.3802
-50.3684
-64.5038
-78.576
-92.5132
-106.365
-120.053
-133.551
-146.814
-159.739
-172.192
-184.008
-194.968
-204.832
-213.325
-220.198
-225.119
-227.893
-228.407
-226.523
-222.085
-215.037
-205.42
-193.344
-178.942
-162.334
-143.649
-123.002
-100.539
-76.3086
-50.8139
-24.0663
0.0587618
47.3788
56.0216
65.2371
74.5761
83.1176
90.9805
97.8256
103.198
107.071
109.647
111.086
111.589
111.346
110.486
109.102
107.231
104.88
102.037
98.6678
94.7304
90.1871
85.0078
79.1756
72.7412
65.8994
58.9098
51.9892
45.3357
39.158
33.6611
29.0388
25.4673
23.1019
22.073
22.5364
24.6306
28.3983
33.9279
39.8825
35.306
25.7845
14.7417
2.74451
-9.28545
-22.1381
-35.3366
-48.5109
-61.7991
-75.0035
-88.0562
-101.011
-113.796
-126.396
-138.778
-150.853
-162.509
-173.597
-183.925
-193.277
-201.398
-208.059
-212.956
-215.891
-216.757
-215.427
-211.734
-205.583
-196.965
-185.94
-172.604
-157.059
-139.421
-119.802
-98.3546
-75.1716
-50.7519
-25.2822
-2.22909
44.0658
52.2984
61.0912
70.0178
78.1942
85.7367
92.3255
97.518
101.288
103.83
105.297
105.879
105.764
105.078
103.91
102.302
100.262
97.7801
94.8228
91.3474
87.3122
82.6791
77.4183
71.5613
65.2791
58.8082
52.3473
46.0801
40.204
34.9191
30.4188
26.8818
24.4695
23.3166
23.5779
25.38
28.7452
33.6824
38.9499
32.6161
23.5568
13.0569
1.66574
-9.73154
-21.8928
-34.3583
-46.7744
-59.2759
-71.6736
-83.9052
-96.0259
-107.973
-119.737
-131.293
-142.568
-153.465
-163.853
-173.563
-182.398
-190.129
-196.539
-201.357
-204.384
-205.522
-204.653
-201.608
-196.261
-188.563
-178.529
-166.22
-151.717
-135.119
-116.535
-96.1203
-74.0023
-50.6767
-26.47
-4.4832
40.9614
48.8083
57.2018
65.7374
73.5669
80.8038
87.1465
92.1643
95.8298
98.331
99.8145
100.462
100.456
99.919
98.9408
97.5627
95.7965
93.6334
91.0431
87.9836
84.4106
80.28
75.5527
70.2437
64.5002
58.5374
52.535
46.6615
41.1019
36.0487
31.6918
28.2109
25.7705
24.5088
24.5775
26.0934
29.0614
33.4267
38.0437
30.1005
21.4769
11.4882
0.666843
-10.1371
-21.6506
-33.431
-45.1397
-56.9078
-68.5546
-80.0234
-91.3686
-102.535
-113.52
-124.304
-134.826
-145.003
-154.722
-163.831
-172.154
-179.482
-185.614
-190.309
-193.371
-194.71
-194.219
-191.73
-187.099
-180.242
-171.136
-159.812
-146.324
-130.756
-113.209
-93.8369
-72.7993
-50.5801
-27.6184
-6.68866
38.0549
45.5374
53.5531
61.7174
69.2171
76.1627
82.2679
87.1161
90.6773
93.1337
94.6253
95.3255
95.4122
95.0044
94.1908
93.014
91.4884
89.6077
87.3443
84.6578
81.5033
77.8328
73.6003
68.8068
63.5788
58.1091
52.5595
47.0825
41.8501
37.0447
32.8509
29.4463
26.9966
25.6417
25.529
26.7669
29.3463
33.1632
37.1674
27.751
19.5382
10.0326
-0.252059
-10.4983
-21.4037
-32.5423
-43.5895
-54.673
-65.6195
-76.3781
-87.0018
-97.4419
-107.699
-117.762
-127.577
-137.075
-146.155
-154.683
-162.504
-169.425
-175.259
-179.796
-182.844
-184.322
-184.137
-182.124
-178.125
-172.031
-163.791
-153.404
-140.9
-126.344
-109.83
-91.5088
-71.5591
-50.4552
-28.7179
-8.83125
35.3354
42.4733
50.1312
57.9432
65.1281
71.7959
77.6726
82.3554
85.8131
88.2216
89.7143
90.457
90.6221
90.3265
89.657
88.6569
87.3433
85.7121
83.739
81.386
78.6087
75.3577
71.5816
67.2707
62.5315
57.5362
52.4292
47.3477
42.449
37.9042
33.8901
30.5805
28.1395
26.7075
26.4263
27.3968
29.5993
32.8937
36.324
25.5589
17.7351
8.68544
-1.09167
-10.8132
-21.1467
-31.6824
-42.111
-52.5537
-62.8468
-72.9429
-82.8951
-92.6577
-102.237
-111.626
-120.778
-129.634
-138.108
-146.08
-153.409
-159.924
-165.449
-169.802
-172.797
-174.361
-174.417
-172.806
-169.362
-163.959
-156.52
-147.019
-135.462
-121.898
-106.407
-89.1374
-70.2801
-50.295
-29.757
-10.8976
32.7927
39.6044
46.9232
54.3994
61.2843
67.6865
73.3432
77.8655
81.2208
83.5792
85.0678
85.8443
86.0768
85.8784
85.3348
84.49
83.3628
81.9522
80.2367
78.1811
75.7427
72.8725
69.5155
65.6528
61.374
56.8319
52.1542
47.4626
42.9
38.6249
34.8048
31.6067
29.1918
27.6991
27.2635
27.9794
29.8196
32.6202
35.5156
23.516
16.0607
7.44298
-1.85418
-11.081
-20.876
-30.8447
-40.6924
-50.5352
-60.2176
-69.6945
-79.02
-88.1518
-97.0982
-105.856
-114.388
-122.641
-130.541
-137.981
-144.835
-150.949
-156.159
-160.308
-163.218
-164.826
-165.067
-163.792
-160.832
-156.049
-149.348
-140.68
-130.031
-117.431
-102.951
-86.7271
-68.9597
-50.0899
-30.7266
-12.8741
30.4174
36.9196
43.9158
51.072
57.6708
63.8185
69.2639
73.6303
76.885
79.1919
80.6718
81.4752
81.7652
81.652
81.2182
80.5099
79.5471
78.3313
76.8441
75.0535
72.9193
70.393
67.4184
63.9701
60.1223
56.0097
51.7447
47.4344
43.2066
39.2067
35.5913
32.5197
30.1469
28.6096
28.0349
28.5111
30.0066
32.3436
34.7437
21.6145
14.5086
6.30067
-2.54218
-11.3015
-20.5881
-30.0231
-39.3246
-48.6047
-57.7148
-66.6136
-75.3535
-83.8963
-92.2523
-100.421
-108.371
-116.059
-123.416
-130.35
-136.747
-142.469
-147.364
-151.295
-154.096
-155.712
-156.09
-155.093
-152.552
-148.323
-142.298
-134.41
-124.627
-112.961
-99.4703
-84.2818
-67.5961
-49.8344
-31.6161
-14.7482
28.2
34.4079
41.0972
47.9486
54.2739
60.1778
65.4199
69.6353
72.7914
75.0457
76.5136
77.3382
77.677
77.6381
77.3013
76.7132
75.8955
74.8515
73.5663
72.0114
70.1489
67.9323
65.3056
62.2385
58.7916
55.0835
51.2122
47.2708
43.373
39.6506
36.248
33.3148
30.9991
29.4329
28.7352
28.9888
30.1595
32.0646
34.0088
19.8465
13.0725
5.25356
-3.15829
-11.4756
-20.282
-29.2136
-38.0014
-46.7528
-55.3268
-63.6841
-71.8766
-79.8694
-87.6737
-95.2926
-102.699
-109.854
-116.701
-123.154
-129.114
-134.456
-139.039
-142.743
-145.418
-147.013
-147.488
-146.717
-144.537
-140.801
-135.393
-128.23
-119.267
-108.501
-95.9755
-81.8055
-66.1884
-49.5213
-32.4177
-16.5099
26.1315
32.0597
38.4563
45.0168
51.0806
56.7508
61.797
65.867
68.9266
71.1281
72.5808
73.4216
73.8025
73.8283
73.5768
73.0947
72.4051
71.5128
70.4065
69.0607
67.4408
65.5023
63.1905
60.472
57.3962
54.0666
50.568
46.9809
43.4051
39.9588
36.7738
33.9891
31.7438
30.1639
29.36
29.4092
30.2772
31.7834
33.3108
18.2046
11.7462
4.297
-3.7058
-11.6046
-19.9567
-28.4131
-36.7172
-44.9718
-53.0421
-60.8924
-68.5726
-76.0511
-83.3398
-90.4447
-97.3418
-103.999
-110.365
-116.364
-121.908
-126.882
-131.16
-134.634
-137.168
-138.72
-139.258
-138.669
-136.799
-133.5
-128.651
-122.161
-113.972
-104.067
-92.4766
-79.3033
-64.736
-49.1446
-33.1236
-18.1503
24.2034
29.8654
35.9829
42.2649
48.0788
53.5248
58.3827
62.312
65.2773
67.4261
68.8617
69.7148
70.1317
70.214
70.0376
69.6491
69.0723
68.3144
67.3663
66.2058
64.8017
63.1122
61.0848
58.6841
55.9496
52.9718
49.8236
46.5738
43.3095
40.1351
37.1698
34.5408
32.3773
30.7982
29.905
29.7697
30.3589
31.4996
32.6488
16.6815
10.5234
3.42614
-4.188
-11.69
-19.612
-27.6192
-35.4667
-43.2535
-50.8508
-58.2259
-65.4264
-72.4239
-79.2314
-85.8555
-92.2766
-98.4668
-104.381
-109.952
-115.1
-119.722
-123.704
-126.947
-129.334
-130.825
-131.398
-130.955
-129.347
-126.433
-122.09
-116.221
-108.758
-99.6727
-88.9842
-76.7805
-63.2381
-48.6994
-33.727
-19.6607
22.4076
27.8159
33.6667
39.6827
45.2572
50.4883
55.165
58.9579
61.8319
63.9282
65.345
66.2065
66.6541
66.7863
66.676
66.3702
65.8933
65.2537
64.4456
63.4493
62.2369
60.7699
58.9982
56.8858
54.464
51.8112
48.9904
46.0595
43.0935
40.1842
37.4377
34.9693
32.8974
31.3325
30.367
30.0676
30.4033
31.2124
32.0211
15.2702
9.39825
2.63617
-4.60833
-11.7338
-19.2483
-26.8304
-34.2472
-41.5927
-48.7453
-55.6741
-62.4252
-68.9725
-75.3298
-81.5052
-87.4813
-93.2346
-98.7253
-103.893
-108.666
-112.953
-116.649
-119.665
-121.898
-123.316
-123.903
-123.573
-122.188
-119.613
-115.726
-110.427
-103.642
-95.3333
-85.509
-74.2428
-61.6964
-48.1812
-34.2223
-21.035
20.7364
25.9025
31.4987
37.2602
42.6053
47.6301
52.1322
55.7936
58.5786
60.6228
62.0194
62.8865
63.3602
63.536
63.4844
63.2517
62.8628
62.3281
61.6433
60.7923
59.7501
58.4811
56.9386
55.0869
52.9503
50.5967
48.0795
45.4477
42.7653
40.1119
37.5809
35.2757
33.303
31.7645
30.7435
30.301
30.4094
30.9206
31.4255
13.9643
8.36501
1.92238
-4.97037
-11.7383
-18.8663
-26.0461
-33.0557
-39.9856
-46.7194
-53.2289
-59.5588
-65.6848
-71.621
-77.3764
-82.9366
-88.2811
-93.3747
-98.164
-102.584
-106.552
-109.974
-112.768
-114.847
-116.182
-116.766
-116.522
-115.326
-113.048
-109.57
-104.793
-98.6392
-91.062
-82.0613
-71.6962
-60.1118
-47.588
-34.606
-22.2681
19.1821
24.1171
29.4699
34.9876
40.1129
44.9396
49.2738
52.8082
55.5066
57.4992
58.8749
59.7448
60.2409
60.4551
60.4552
60.2869
59.976
59.5338
58.9579
58.2352
57.3434
56.2507
54.9132
53.2961
51.4185
49.3384
47.1015
44.7485
42.3334
39.9247
37.6039
35.462
33.5945
32.0932
31.0327
30.4683
30.3758
30.6226
30.8588
12.7572
7.41818
1.28009
-5.27764
-11.7057
-18.4669
-25.2653
-31.8901
-38.4279
-44.7672
-50.8828
-56.8173
-62.5484
-68.0909
-73.454
-78.6256
-83.5877
-88.3097
-92.7438
-96.8312
-100.497
-103.658
-106.238
-108.164
-109.41
-109.978
-109.8
-108.762
-106.743
-103.632
-99.332
-93.762
-86.8714
-78.651
-69.1473
-58.4867
-46.9184
-34.8748
-23.3564
17.738
22.4522
27.572
32.8563
37.7708
42.4072
46.5795
49.9911
52.6055
54.5474
55.9013
56.7721
57.2869
57.5344
57.5802
57.469
57.2271
56.8664
56.3866
55.7771
55.0183
54.0817
52.9271
51.5209
49.8772
48.0462
46.0664
43.9714
41.8066
39.63
37.5118
35.5315
33.7731
32.3187
31.2339
30.5684
30.3014
30.3164
30.3177
11.6429
6.5524
0.704804
-5.53378
-11.6386
-18.0516
-24.4885
-30.7494
-36.9165
-42.8842
-48.6291
-54.1927
-59.5537
-64.7276
-69.7239
-74.5325
-79.1376
-83.5122
-87.6134
-91.389
-94.7709
-97.6831
-100.059
-101.834
-102.99
-103.531
-103.401
-102.496
-100.704
-97.9215
-94.054
-89.0223
-82.7723
-75.2877
-66.6022
-56.8243
-46.1714
-35.0276
-24.2981
16.3973
20.9004
25.7972
30.8578
35.5701
40.0234
44.04
47.333
49.8657
51.7577
53.089
53.9588
54.4895
54.7662
54.8521
54.7914
54.6102
54.3214
53.9263
53.4164
52.775
51.9766
50.9845
49.767
48.334
46.7287
44.9835
43.126
41.1937
39.2354
37.3109
35.4887
33.8417
32.442
31.3471
30.6006
30.1852
30
29.7984
10.6157
5.76257
0.192183
-5.74205
-11.5396
-17.6215
-23.7158
-29.6319
-35.4487
-41.0663
-46.4627
-51.6778
-56.6922
-61.5209
-66.1745
-70.6437
-74.9155
-78.9656
-82.7558
-86.2388
-89.3539
-92.0317
-94.2127
-95.8428
-96.9061
-97.4139
-97.3178
-96.5243
-94.9312
-92.4418
-88.9671
-84.4301
-78.7751
-71.98
-64.0678
-55.1286
-45.3487
-35.064
-25.0925
15.1535
19.4549
24.1379
28.9841
33.5023
37.7798
41.6461
44.8246
47.2779
49.1209
50.4289
51.2961
51.8397
52.1418
52.2631
52.247
52.1194
51.8938
51.5732
51.1508
50.6129
49.9365
49.0886
48.0392
46.7954
45.3938
43.8616
42.2213
40.5037
38.7492
37.0083
35.339
33.804
32.4655
31.3733
30.5649
30.0263
29.6711
29.2968
9.67013
5.04359
-0.26194
-5.90595
-11.4111
-17.1782
-22.9474
-28.5371
-34.0232
-39.3104
-44.3788
-49.2664
-53.9556
-58.4617
-62.7947
-66.9471
-70.9077
-74.6551
-78.1549
-81.3644
-84.2292
-86.6868
-88.6835
-90.1741
-91.1469
-91.6173
-91.544
-90.8441
-89.4245
-87.1965
-84.0771
-79.9931
-74.8885
-68.7366
-61.5508
-53.4037
-44.4525
-34.9858
-25.7408
14.0008
18.109
22.5873
27.2276
31.5596
35.6679
39.3894
42.457
44.8334
46.6282
47.9126
48.7756
49.3296
49.6537
49.806
49.829
49.7486
49.5786
49.3234
48.978
48.5309
47.9619
47.2416
46.3418
45.267
44.0483
42.7086
41.2659
39.7451
38.1795
36.6111
35.0885
33.6646
32.3923
31.3143
30.4619
29.8239
29.3273
28.8087
8.80083
4.39094
-0.661732
-6.02885
-11.2555
-16.7234
-22.1838
-27.4646
-32.6378
-37.6134
-42.3727
-46.9528
-51.3373
-55.5412
-59.5747
-63.4314
-67.1019
-70.567
-73.7959
-76.7504
-79.3812
-81.6325
-83.456
-84.8141
-85.6991
-86.1291
-86.0705
-85.4492
-84.1814
-82.1867
-79.3883
-75.7174
-71.1194
-65.5647
-59.0577
-51.655
-43.4864
-34.7957
-26.2453
12.9333
16.8567
21.1387
25.5817
29.7346
33.6802
37.262
40.2224
42.524
44.2712
45.5316
46.3891
46.9511
47.2941
47.4735
47.5309
47.4919
47.3708
47.1727
46.8948
46.5272
46.0527
45.4449
44.6776
43.7533
42.6984
41.5318
40.2678
38.9265
37.5349
36.1273
34.7441
33.4291
32.2267
31.1727
30.2927
29.5778
28.9664
28.3298
8.00283
3.80005
-1.01099
-6.11395
-11.0756
-16.2588
-21.426
-26.4141
-31.2913
-35.9729
-40.4415
-44.7326
-48.8312
-52.7521
-56.5057
-60.0864
-63.4864
-66.6887
-69.6655
-72.3824
-74.7953
-76.8538
-78.5153
-79.7484
-80.5492
-80.9382
-80.8881
-80.3328
-79.1982
-77.4112
-74.9022
-71.6073
-67.474
-62.4707
-56.5948
-49.8882
-42.4549
-34.4978
-26.6096
11.9456
15.692
19.786
24.0394
28.0203
31.8092
35.2562
38.1129
40.3417
42.0423
43.2783
44.1289
44.697
45.0559
45.2588
45.3462
45.3434
45.265
45.117
44.898
44.6
44.2082
43.6991
43.0491
42.2585
41.3495
40.3378
39.2347
38.0561
36.8236
35.565
34.3131
33.1038
31.9736
30.9519
30.0592
29.2878
28.5865
27.8561
7.27135
3.26668
-1.31348
-6.16433
-10.8734
-15.786
-20.6747
-25.3854
-29.983
-34.3869
-38.5817
-42.6011
-46.4317
-50.0877
-53.5797
-56.9031
-60.051
-63.0086
-65.751
-68.2471
-70.4573
-72.3365
-73.8471
-74.9633
-75.6844
-76.0327
-75.9864
-75.4871
-74.4693
-72.8675
-70.6192
-67.6654
-63.9567
-59.4604
-54.1682
-48.1091
-41.3637
-34.0972
-26.8388
11.0326
14.6095
18.523
22.5944
26.41
30.0479
33.3649
36.1213
38.2791
39.9337
41.1451
41.9875
42.5598
42.9319
43.1551
43.2686
43.2974
43.2562
43.1518
42.984
42.7467
42.4272
42.0048
41.4579
40.7856
40.006
39.1324
38.1735
37.1416
36.0538
34.9323
33.8032
32.6956
31.6385
30.656
29.7635
28.9543
28.1855
27.3835
6.60198
2.78667
-1.57267
-6.18303
-10.6513
-15.3065
-19.931
-24.3787
-28.7115
-32.8534
-36.7902
-40.5545
-44.1336
-47.5418
-50.7895
-53.8729
-56.7863
-59.5165
-62.041
-64.3324
-66.3544
-68.0674
-69.4378
-70.4453
-71.0915
-71.4004
-71.3548
-70.9035
-69.9884
-68.5518
-66.5378
-63.8928
-60.5705
-56.5385
-51.7838
-46.3238
-40.2188
-33.6004
-26.9388
10.1894
13.6038
17.3442
21.2409
24.8975
28.39
31.5814
34.2403
36.3292
37.9386
39.1249
39.958
40.5326
40.9156
41.1561
41.2921
41.3483
41.3393
41.2728
41.1495
40.9649
40.7083
40.3616
39.9053
39.3372
38.6722
37.9211
37.0907
36.1904
35.2335
34.2372
33.2223
32.2115
31.2277
30.2896
29.4085
28.578
27.7621
26.9086
5.99038
2.35626
-1.79207
-6.17278
-10.4118
-14.822
-19.1954
-23.3937
-27.4763
-31.3709
-35.0648
-38.5892
-41.9326
-45.1089
-48.1284
-50.988
-53.6833
-56.2022
-58.5249
-60.6262
-62.4743
-64.0336
-65.2746
-66.1815
-66.7582
-67.0295
-66.9824
-66.5724
-65.7481
-64.459
-62.6553
-60.2892
-57.3176
-53.7089
-49.4466
-44.5386
-39.0273
-33.0143
-26.9165
9.41129
12.6701
16.2444
19.9731
23.4767
26.8291
29.8991
32.4638
34.4853
36.05
37.211
38.0339
38.609
39.0006
39.2556
39.4109
39.4907
39.5095
39.4756
39.3909
39.2518
39.0498
38.7691
38.392
37.9153
37.3512
36.7085
35.9922
35.2094
34.3702
33.4879
32.5783
31.659
30.7475
29.8578
28.9976
28.1602
27.3151
26.4279
5.43252
1.97177
-1.97488
-6.13633
-10.157
-14.3339
-18.4689
-22.431
-26.2767
-29.9379
-33.403
-36.7019
-39.8244
-42.7838
-45.5904
-48.2416
-50.734
-53.0568
-55.1922
-57.118
-58.8055
-60.223
-61.3448
-62.159
-62.6715
-62.9078
-62.8582
-62.4839
-61.7402
-60.5826
-58.9679
-56.8529
-54.1986
-50.9745
-47.1614
-42.7597
-37.7965
-32.3469
-26.7797
8.69398
11.8035
15.2184
18.7858
22.1423
25.3596
28.3123
30.7854
32.7411
34.2618
35.3972
36.2087
36.7827
37.1809
37.4478
37.6195
37.7195
37.7621
37.7563
37.7046
37.605
37.4501
37.2266
36.9185
36.5218
36.0463
35.4989
34.8834
34.2051
33.4713
32.6919
31.8791
31.0456
30.2046
29.3661
28.5343
27.7023
26.8438
25.9387
4.92456
1.62971
-2.12409
-6.07625
-9.88879
-13.8437
-17.7522
-21.4904
-25.1121
-28.553
-31.8026
-34.8897
-37.805
-40.5616
-43.1696
-45.6268
-47.9307
-50.0716
-52.0339
-53.7975
-55.3369
-56.624
-57.6365
-58.3658
-58.8196
-59.0236
-58.9708
-58.6279
-57.9557
-56.9158
-55.4703
-53.5813
-51.2132
-48.3372
-44.9325
-40.9932
-36.5334
-31.6064
-26.5369
8.03326
10.9999
14.2616
17.674
20.8888
23.9757
26.8149
29.1992
31.0908
32.568
33.6774
34.4766
35.0481
35.4508
35.7273
35.9127
36.0296
36.0926
36.1108
36.0874
36.0215
35.9071
35.733
35.4849
35.158
34.7598
34.296
33.7694
33.1834
32.5435
31.8569
31.1323
30.3789
29.606
28.8201
28.0228
27.2065
26.348
25.4387
4.4629
1.3268
-2.24266
-5.99498
-9.60915
-13.353
-17.0463
-20.5723
-23.9821
-27.215
-30.2618
-33.1499
-35.8711
-38.4381
-40.8606
-43.1373
-45.2661
-47.2387
-49.0409
-50.6551
-52.0582
-53.2256
-54.138
-54.7899
-55.1903
-55.3648
-55.309
-54.9937
-54.3853
-53.4507
-52.157
-50.4707
-48.3602
-45.7983
-42.7634
-39.2448
-35.246
-30.8014
-26.1968
7.42528
10.2548
13.3696
16.6329
19.7112
22.6724
25.4018
27.6998
29.5287
30.963
32.046
32.832
33.3995
33.8049
34.0889
34.2854
34.4167
34.4968
34.5352
34.5358
34.4987
34.4191
34.2875
34.0911
33.8248
33.494
33.1032
32.6544
32.1499
31.5934
30.9899
30.3453
29.6662
28.9585
28.2258
27.4674
26.6751
25.8278
24.9262
4.04413
1.05995
-2.33324
-5.89483
-9.31998
-12.863
-16.352
-19.6769
-22.8861
-25.9227
-28.7786
-31.4798
-34.0191
-36.4089
-38.6585
-40.7674
-42.7337
-44.5505
-46.2049
-47.6814
-48.9593
-50.0172
-50.8385
-51.4202
-51.7722
-51.9201
-51.8613
-51.5708
-51.0196
-50.1792
-49.0214
-47.517
-45.6376
-43.3582
-40.6571
-37.5197
-33.9413
-29.9406
-25.7688
6.86633
9.56441
12.538
15.6579
18.605
21.4448
24.0679
26.282
28.0495
29.4413
30.4978
31.2695
31.8317
32.2382
32.5278
32.7332
32.8761
32.9705
33.0259
33.0469
33.0341
32.984
32.8887
32.737
32.523
32.2506
31.9234
31.5426
31.1096
30.6267
30.0974
29.5253
28.9146
28.2687
27.5889
26.8726
26.1107
25.284
24.3998
3.66505
0.826217
-2.39843
-5.7779
-9.02295
-12.3748
-15.6699
-18.8041
-21.8237
-24.6751
-27.3512
-29.877
-32.2459
-34.4701
-36.5586
-38.5113
-40.3271
-41.9996
-43.5178
-44.8676
-46.0309
-46.9887
-47.7272
-48.2452
-48.5538
-48.678
-48.6167
-48.3485
-47.8487
-47.0928
-46.0566
-44.7149
-43.0428
-41.0169
-38.616
-35.823
-32.6265
-29.0327
-25.262
6.3529
8.92495
11.763
14.7451
17.5655
20.2882
22.8083
24.9408
26.6483
27.998
29.0276
29.7844
30.34
30.746
31.0393
31.2516
31.4039
31.51
31.5795
31.6175
31.6251
31.6
31.5357
31.4221
31.2531
31.0313
30.7592
30.4375
30.067
29.6491
29.1856
28.6789
28.131
27.5433
26.9153
26.2429
25.5165
24.7176
23.8589
3.32259
0.622886
-2.44061
-5.64629
-8.71972
-11.8897
-15.0005
-17.954
-20.7944
-23.4712
-25.978
-28.339
-30.5483
-32.6178
-34.5563
-36.3639
-38.0401
-39.5794
-40.972
-42.2054
-43.2639
-44.1305
-44.7938
-45.2545
-45.5243
-45.6274
-45.5642
-45.3164
-44.8628
-44.1827
-43.2554
-42.0592
-40.5723
-38.7733
-36.6418
-34.1589
-31.3082
-28.0863
-24.6859
5.88173
8.33293
11.0407
13.8902
16.5887
19.1982
21.6185
23.6717
25.3204
26.6284
27.6309
28.3719
28.9198
29.3238
29.6192
29.8365
29.9962
30.1117
30.1928
30.2447
30.2694
30.2652
30.2271
30.146
30.0157
29.8373
29.6126
29.3423
29.0264
28.6655
28.2604
27.8123
27.3216
26.7884
26.2107
25.5831
24.8955
24.1302
23.3033
3.01393
0.447345
-2.46205
-5.50185
-8.41176
-11.4087
-14.3445
-17.1269
-19.7978
-22.3098
-24.6574
-26.8637
-28.9236
-30.8484
-32.6471
-34.32
-35.867
-37.2833
-38.5603
-39.687
-40.6495
-41.4332
-42.0286
-42.4376
-42.6729
-42.7577
-42.6933
-42.4641
-42.0522
-41.4401
-40.6103
-39.5441
-38.2225
-36.6262
-34.7356
-32.5311
-29.9928
-27.1093
-24.0497
5.44977
7.78501
10.3677
13.0896
15.6707
18.1708
20.4944
22.4702
24.0614
25.3281
26.3032
27.0277
27.5668
27.9676
28.2636
28.4842
28.6493
28.7723
28.8626
28.9259
28.9646
28.978
28.9619
28.9083
28.8108
28.6696
28.4859
28.2599
27.9914
27.6803
27.3269
26.9311
26.4926
26.0101
25.4805
24.8977
24.2511
23.5234
22.7333
2.73638
0.297219
-2.46494
-5.34636
-8.10045
-10.9328
-13.7025
-16.3227
-18.8333
-21.1897
-23.3875
-25.4486
-27.3687
-29.1586
-30.8271
-32.3749
-33.8022
-35.105
-36.2757
-37.3047
-38.1796
-38.888
-39.422
-39.7848
-39.9896
-40.0584
-39.9934
-39.7814
-39.4073
-38.8563
-38.1136
-37.1636
-35.9893
-34.5738
-32.8983
-30.9431
-28.6858
-26.1096
-23.3623
5.05406
7.2781
9.74072
12.3398
14.8075
17.202
19.4319
21.3324
22.8671
24.0929
25.0404
25.7478
26.2771
26.6734
26.9686
27.1911
27.3601
27.4886
27.5862
27.6587
27.7088
27.7365
27.7387
27.7083
27.6388
27.5292
27.3805
27.1927
26.9653
26.6978
26.3898
26.0408
25.6495
25.2138
24.73
24.1913
23.5867
22.8994
22.1496
2.48742
0.170194
-2.45116
-5.18144
-7.78712
-10.4628
-13.0748
-15.5414
-17.9004
-20.1102
-22.167
-24.0918
-25.8809
-27.5449
-29.0923
-30.5239
-31.8405
-33.0385
-34.1116
-35.051
-35.8461
-36.4862
-36.965
-37.2866
-37.4643
-37.5195
-37.4545
-37.2585
-36.9186
-36.4225
-35.7579
-34.9113
-33.8684
-32.6137
-31.1299
-29.3974
-27.3926
-25.0943
-22.6324
4.69191
6.80928
9.1565
11.6374
13.996
16.2883
18.4272
20.2544
21.7337
22.919
23.8387
24.5283
25.047
25.4377
25.7309
25.9539
26.1253
26.2578
26.3609
26.4406
26.4998
26.5392
26.5565
26.5454
26.4994
26.4168
26.298
26.1429
25.951
25.7215
25.4534
25.1459
24.7972
24.4047
23.964
23.4681
22.9058
22.2606
21.5532
2.26471
0.0641601
-2.4226
-5.00866
-7.47291
-9.99966
-12.462
-14.7829
-16.9986
-19.0701
-20.9942
-22.7911
-24.4576
-26.004
-27.4386
-28.7625
-29.9766
-31.0782
-32.0615
-32.919
-33.6416
-34.2198
-34.649
-34.9338
-35.0878
-35.1312
-35.0669
-34.8857
-34.5769
-34.1303
-33.5355
-32.7812
-31.855
-30.7433
-29.4301
-27.8963
-26.1175
-24.0701
-21.8679
4.36075
6.37576
8.61216
10.9794
13.2325
15.4261
17.4767
19.2325
20.6575
21.8026
22.6943
23.3657
23.873
24.2572
24.5473
24.7695
24.9422
25.0772
25.1843
25.2693
25.3358
25.3845
25.4141
25.4191
25.3928
25.3329
25.2395
25.1125
24.9511
24.7545
24.5215
24.2509
23.9405
23.5876
23.1872
22.7324
22.2118
21.6092
20.9457
2.06602
-0.0228638
-2.38099
-4.82942
-7.15893
-9.54397
-11.8641
-14.047
-16.1273
-18.0682
-19.8675
-21.5444
-23.0961
-24.5328
-25.8625
-27.0864
-28.2058
-29.2185
-30.1193
-30.902
-31.5585
-32.0808
-32.4654
-32.7177
-32.8509
-32.8844
-32.8213
-32.6539
-32.3735
-31.9713
-31.439
-30.767
-29.9446
-28.96
-27.7982
-26.4412
-24.8646
-23.0429
-21.0764
4.05816
5.97501
8.10493
10.3627
12.5143
14.6124
16.5772
18.2634
19.635
20.7404
21.6041
22.2567
22.7519
23.1287
23.4147
23.6353
23.8079
23.9443
24.054
24.1429
24.2148
24.2709
24.3105
24.3286
24.3187
24.2778
24.206
24.1028
23.9678
23.7997
23.5974
23.3594
23.0835
22.7666
22.4038
21.988
21.508
20.9479
20.3287
1.8893
-0.0927331
-2.32792
-4.64498
-6.84613
-9.09642
-11.2815
-13.3337
-15.2858
-17.1036
-18.7855
-20.3496
-21.7939
-23.1282
-24.3602
-25.4914
-26.5232
-27.4539
-28.2792
-28.9935
-29.5899
-30.0617
-30.4064
-30.6297
-30.7449
-30.7701
-30.7087
-30.5544
-30.2996
-29.9376
-29.4611
-28.8625
-28.1324
-27.2604
-26.2331
-25.0333
-23.637
-22.0181
-20.2649
3.78192
5.60457
7.63223
9.78468
11.8382
13.8439
15.7255
17.3438
18.663
19.729
20.5647
21.1982
21.6808
22.0494
22.3305
22.5484
22.72
22.8567
22.9679
23.0595
23.1353
23.1971
23.2445
23.2733
23.2768
23.2519
23.1982
23.1154
23.0029
22.8595
22.684
22.4749
22.2299
21.9457
21.6177
21.2386
20.7976
20.2792
19.7039
1.73263
-0.147194
-2.26488
-4.45659
-6.53547
-8.65752
-10.7144
-12.6427
-14.4736
-16.1753
-17.7464
-19.2047
-20.5485
-21.7872
-22.9282
-23.9734
-24.9243
-25.7794
-26.5353
-27.1872
-27.729
-28.1553
-28.4643
-28.662
-28.7615
-28.7798
-28.7206
-28.5784
-28.3473
-28.0214
-27.595
-27.0617
-26.4136
-25.6416
-24.7334
-23.6731
-22.4375
-21.0003
-19.4396
3.52992
5.26221
7.19164
9.24266
11.2015
13.1179
14.9186
16.4707
17.7384
18.7655
19.5731
20.1874
20.6567
21.0165
21.2919
21.5064
21.6762
21.8123
21.924
22.0172
22.0957
22.1617
22.2151
22.2525
22.2671
22.2554
22.2168
22.1513
22.058
21.936
21.784
21.6003
21.3828
21.1284
20.8323
20.4877
20.0838
19.6058
19.0734
1.59421
-0.187843
-2.19326
-4.2654
-6.22777
-8.22782
-10.1629
-11.9738
-13.69
-15.2819
-16.7489
-18.1078
-19.3574
-20.5068
-21.5632
-22.5285
-23.4044
-24.19
-24.8823
-25.4771
-25.9695
-26.3546
-26.6317
-26.8069
-26.8928
-26.9056
-26.8488
-26.7181
-26.5085
-26.2152
-25.8337
-25.3586
-24.7834
-24.1
-23.2975
-22.3609
-21.2682
-19.9936
-18.6063
3.30018
4.94579
6.78089
8.7343
10.6018
12.4317
14.1538
15.6413
16.8582
17.8469
18.6267
19.2215
19.6771
20.0276
20.2967
20.5071
20.6743
20.8091
20.9204
21.0142
21.0945
21.1633
21.2214
21.2655
21.289
21.2882
21.2624
21.2114
21.1346
21.031
20.8994
20.7382
20.5453
20.3177
20.0509
19.7382
19.3695
18.93
18.4392
1.47233
-0.216207
-2.11434
-4.07241
-5.92378
-7.80776
-9.62713
-11.3266
-12.9343
-14.4226
-15.7915
-17.0569
-18.2181
-19.2841
-20.2616
-21.1528
-21.9594
-22.6809
-23.3148
-23.8576
-24.305
-24.6531
-24.9017
-25.057
-25.1313
-25.1396
-25.0856
-24.9657
-24.7757
-24.5119
-24.1707
-23.7476
-23.2372
-22.6324
-21.9234
-21.0965
-20.1309
-19.0015
-17.7699
3.09088
4.65339
6.3979
8.25732
10.0366
11.7828
13.4284
14.8528
16.0198
16.9706
17.7229
18.298
18.7397
19.0803
19.3426
19.5483
19.7123
19.8452
19.9555
20.0491
20.1302
20.2009
20.2623
20.3116
20.3423
20.3504
20.3352
20.2965
20.2337
20.146
20.0322
19.8908
19.7198
19.5164
19.2763
18.9932
18.6572
18.2545
17.8033
1.36544
-0.233705
-2.02936
-3.87862
-5.62423
-7.39774
-9.10715
-10.701
-12.2057
-13.5961
-14.8724
-16.05
-17.1284
-18.1164
-19.0204
-19.8426
-20.5851
-21.2475
-21.8278
-22.323
-22.7296
-23.0443
-23.2676
-23.4054
-23.4698
-23.4746
-23.4236
-23.3138
-23.1419
-22.9048
-22.5998
-22.2231
-21.7703
-21.2352
-20.609
-19.8794
-19.0266
-18.0269
-16.9348
2.90029
4.38311
6.0407
7.80961
9.50379
11.169
12.7402
14.103
15.2204
16.134
16.8591
17.4146
17.842
18.1724
18.4275
18.628
18.7884
18.9188
19.0275
19.1204
19.2015
19.2733
19.337
19.3901
19.4265
19.4418
19.4354
19.407
19.3562
19.2822
19.1839
19.0599
18.9084
18.7268
18.5109
18.255
17.9497
17.5814
17.1679
1.27212
-0.241599
-1.93939
-3.68486
-5.32973
-6.99815
-8.603
-10.0966
-11.5038
-12.8015
-13.9904
-15.085
-16.0857
-17.0008
-17.8362
-18.5943
-19.2773
-19.8852
-20.4162
-20.868
-21.2376
-21.5223
-21.7229
-21.8455
-21.9013
-21.9036
-21.8558
-21.7556
-21.6002
-21.3874
-21.1149
-20.7798
-20.3782
-19.9049
-19.3522
-18.7087
-17.9561
-17.072
-16.1049
2.72685
4.13325
5.70742
7.38915
9.00117
10.588
12.0866
13.3893
14.4577
15.3347
16.0333
16.5691
16.9819
17.3018
17.5494
17.7444
17.9007
18.0282
18.1349
18.2265
18.3071
18.3793
18.4444
18.5004
18.5411
18.5623
18.563
18.5434
18.5028
18.4406
18.3558
18.2471
18.113
17.9509
17.7571
17.5261
17.2491
16.9131
16.5349
1.19104
-0.241006
-1.84541
-3.49185
-5.04072
-6.60907
-8.11449
-9.5129
-10.8275
-12.0376
-13.1438
-14.1602
-15.088
-15.9347
-16.7059
-17.4043
-18.032
-18.5895
-19.0753
-19.4874
-19.8233
-20.081
-20.2615
-20.3707
-20.4195
-20.42
-20.3755
-20.2844
-20.1443
-19.9535
-19.7103
-19.4124
-19.0565
-18.6382
-18.1506
-17.5834
-16.9198
-16.1386
-15.2833
2.56913
3.90224
5.39632
6.99399
8.52663
10.0373
11.4652
12.7093
13.729
14.5708
15.2435
15.7594
16.1574
16.4666
16.7064
16.8956
17.0476
17.1719
17.2762
17.3662
17.4458
17.5177
17.5836
17.6415
17.6856
17.7114
17.7181
17.7058
17.6739
17.6219
17.5488
17.4537
17.335
17.1905
17.0167
16.8084
16.5575
16.2515
15.9065
1.12084
-0.233161
-1.74848
-3.30045
-4.75788
-6.23081
-7.64155
-8.94952
-10.176
-11.3031
-12.3309
-13.2736
-14.1331
-14.9158
-15.6269
-16.2693
-16.8457
-17.3565
-17.8005
-18.1763
-18.4816
-18.715
-18.8776
-18.9752
-19.018
-19.0173
-18.9764
-18.8939
-18.768
-18.5973
-18.3806
-18.116
-17.8009
-17.4316
-17.0018
-16.5024
-15.9177
-15.2282
-14.4727
2.42565
3.68864
5.10608
6.62266
8.07864
9.51545
10.8739
12.0606
13.0317
13.8401
14.4879
14.9838
15.3666
15.6649
15.8968
16.0801
16.2275
16.3483
16.4499
16.538
16.6162
16.6875
16.7535
16.8127
16.8593
16.8888
16.9004
16.8942
16.8698
16.8266
16.7639
16.6808
16.5758
16.4471
16.2913
16.1038
15.8768
15.5987
15.2844
1.06017
-0.219623
-1.65012
-3.1122
-4.48237
-5.86456
-7.18493
-8.40661
-9.54875
-10.5975
-11.5498
-12.4224
-13.2183
-13.9413
-14.5957
-15.1857
-15.7143
-16.1819
-16.5875
-16.9299
-17.2074
-17.4188
-17.5655
-17.653
-17.6909
-17.6897
-17.6524
-17.5781
-17.4653
-17.313
-17.1204
-16.8859
-16.6073
-16.2816
-15.9032
-15.4639
-14.9494
-14.3417
-13.6754
2.29505
3.49117
4.83542
6.27425
7.6566
9.02187
10.3125
11.4423
12.3618
13.1389
13.7637
14.2396
14.6072
14.8947
15.1188
15.2961
15.4389
15.556
15.6548
15.7407
15.8173
15.8876
15.9534
16.0132
16.0616
16.0941
16.1098
16.1087
16.0907
16.0552
16.0016
15.9291
15.8364
15.7218
15.5824
15.4138
15.2087
14.9562
14.6706
1.00807
-0.20116
-1.55103
-2.92769
-4.21496
-5.51099
-6.74521
-7.88477
-8.94634
-9.92127
-10.7994
-11.6041
-12.3407
-13.0079
-13.6087
-14.1493
-14.6335
-15.0612
-15.4314
-15.7432
-15.9955
-16.1872
-16.32
-16.3989
-16.4328
-16.4316
-16.3982
-16.3317
-16.2312
-16.0958
-15.925
-15.7176
-15.4719
-15.1851
-14.8526
-14.4668
-14.0147
-13.4798
-12.8933
2.17623
3.30849
4.58302
5.94709
7.25888
8.55506
9.78047
10.8544
11.7181
12.4654
13.0687
13.5245
13.8768
14.1538
14.3702
14.5415
14.6797
14.7932
14.8892
14.9727
15.0476
15.1167
15.1819
15.2422
15.2919
15.3268
15.3458
15.3492
15.3368
15.3081
15.2626
15.1995
15.1178
15.016
14.8914
14.7399
14.555
14.326
14.067
0.964627
-0.176964
-1.44959
-2.74474
-3.9531
-5.16713
-6.3199
-7.38189
-8.36737
-9.27183
-10.0789
-10.8211
-11.5028
-12.1162
-12.6651
-13.1587
-13.6011
-13.9912
-14.3281
-14.6117
-14.8408
-15.0149
-15.1354
-15.2068
-15.2377
-15.2369
-15.2075
-15.1487
-15.0596
-14.9399
-14.7891
-14.6063
-14.3902
-14.1384
-13.8468
-13.5088
-13.1125
-12.6426
-12.1273
2.06869
3.13955
4.34609
5.63722
6.88015
8.10828
9.27086
10.291
11.1041
11.8256
12.4061
12.8396
13.1759
13.4423
13.6508
13.8157
13.949
14.0587
14.1517
14.2329
14.3059
14.3737
14.4382
14.4985
14.5491
14.586
14.608
14.6153
14.6078
14.5852
14.5469
14.4923
14.4206
14.3302
14.2191
14.0833
13.9168
13.7094
13.4747
0.929356
-0.147299
-1.34525
-2.56221
-3.69461
-4.82972
-5.90421
-6.89285
-7.80622
-8.64313
-9.38186
-10.0741
-10.709
-11.2679
-11.7643
-12.2131
-12.6161
-12.9704
-13.2757
-13.5326
-13.7404
-13.8982
-14.0075
-14.0727
-14.1013
-14.1016
-14.0764
-14.025
-13.9469
-13.8419
-13.7095
-13.5491
-13.3597
-13.1394
-12.8844
-12.589
-12.2424
-11.8308
-11.3794
1.97186
2.98327
4.12327
5.34203
6.51631
7.67511
8.7749
9.73868
10.5121
11.2228
11.7791
12.1849
12.5043
12.7606
12.9611
13.1194
13.2475
13.3534
13.4433
13.5219
13.593
13.6592
13.7228
13.7828
13.8342
13.8726
13.8971
13.9078
13.9047
13.8875
13.8556
13.8088
13.746
13.6662
13.5672
13.4456
13.2959
13.1084
12.8962
0.9029
-0.122939
-1.26305
-2.41406
-3.47892
-4.53833
-5.52758
-6.42811
-7.24153
-7.98817
-8.60086
-9.2786
-9.91958
-10.4562
-10.928
-11.3614
-11.7528
-12.0957
-12.3904
-12.6387
-12.8399
-12.9931
-13.0994
-13.1633
-13.1922
-13.1946
-13.1735
-13.128
-13.0582
-12.9645
-12.8435
-12.6981
-12.5274
-12.3289
-12.0993
-11.8334
-11.5216
-11.1512
-10.7452
1.89774
2.86123
3.94881
5.10243
6.20946
7.2887
8.29723
9.15073
9.83259
10.6149
11.1883
11.5852
11.9042
12.1651
12.3683
12.5278
12.6568
12.7637
12.8545
12.9341
13.0061
13.0735
13.1385
13.2004
13.254
13.295
13.3222
13.3361
13.3365
13.3232
13.2959
13.2543
13.1976
13.1248
13.0339
12.9218
12.7833
12.6091
12.4121
0.882554
-0.101474
-1.19235
-2.28576
-3.28788
-4.27203
-5.17288
-5.97502
-6.67094
-7.30816
-7.75547
-8.45271
-9.13562
-9.67223
-10.1385
-10.5758
-10.9738
-11.3215
-11.6199
-11.8717
-12.0762
-12.2326
-12.3419
-12.4087
-12.4406
-12.4465
-12.4299
-12.3892
-12.326
-12.2412
-12.1265
-11.9909
-11.833
-11.6495
-11.4372
-11.1918
-10.9045
-10.5629
-10.1887
1.83784
2.76124
3.80169
4.89401
5.93238
6.92259
7.82148
8.54298
9.10946
10.0033
10.6243
11.0273
11.3564
11.631
11.8444
12.0106
12.1448
12.2561
12.3507
12.4336
12.5086
12.579
12.6472
12.7125
12.7698
12.8141
12.8445
12.8614
12.8648
12.8547
12.8308
12.7927
12.74
12.6718
12.5863
12.4805
12.3494
12.1839
11.9968
0.864022
-0.0777714
-1.11893
-2.15432
-3.09377
-4.00291
-4.81744
-5.52356
-6.10874
-6.63951
-6.93297
-7.63665
-8.35247
-8.88681
-9.34367
-9.78047
-10.1822
-10.5328
-10.8334
-11.0876
-11.295
-11.4542
-11.5667
-11.6363
-11.6715
-11.6811
-11.6693
-11.6341
-11.5782
-11.503
-11.3956
-11.2705
-11.1263
-10.9584
-10.7639
-10.5392
-10.2763
-9.96368
-9.62382
1.77913
2.66222
3.65492
4.68571
5.65648
6.55753
7.35089
7.94839
8.40157
9.38373
10.054
10.4636
10.7991
11.0852
11.3083
11.481
11.6201
11.7354
11.8336
11.9195
11.9975
12.0708
12.1421
12.2109
12.2718
12.3194
12.3531
12.3732
12.3798
12.373
12.3526
12.3183
12.2698
12.2063
12.1262
12.0267
11.9031
11.7465
11.5696
0.847128
-0.0524129
-1.0437
-2.02135
-2.89867
-3.73364
-4.46449
-5.07686
-5.55876
-5.98192
-6.13894
-6.83405
-7.56946
-8.10006
-8.54568
-8.97759
-9.3796
-9.7312
-10.0326
-10.2881
-10.4976
-10.6595
-10.7749
-10.8475
-10.8859
-10.8991
-10.8919
-10.8616
-10.8125
-10.7463
-10.6452
-10.5298
-10.3982
-10.245
-10.0675
-9.86275
-9.62357
-9.33816
-9.02533
1.72181
2.56483
3.50956
4.4793
5.38387
6.19574
6.88886
7.36686
7.71358
8.75712
9.47546
9.89506
10.2345
10.5294
10.7614
10.9404
11.0842
11.2034
11.3048
11.3938
11.4745
11.5505
11.6249
11.6971
11.7615
11.8126
11.8496
11.873
11.883
11.8797
11.863
11.8327
11.7888
11.7303
11.656
11.563
11.447
11.2993
11.1324
0.832015
-0.0256616
-0.967408
-1.88812
-2.70444
-3.46671
-4.11695
-4.63805
-5.02409
-5.33712
-5.37672
-6.04857
-6.78791
-7.31156
-7.74452
-8.16782
-8.56648
-8.91695
-9.21776
-9.47352
-9.68444
-9.84874
-9.96726
-10.0436
-10.0868
-10.1056
-10.1055
-10.083
-10.0437
-9.98941
-9.89846
-9.79566
-9.67934
-9.54284
-9.38352
-9.19927
-8.9841
-8.72864
-8.45767
1.66644
2.46987
3.36685
4.27653
5.11665
5.83925
6.43767
6.79638
7.04459
8.12445
8.88656
9.32018
9.66375
9.96572
10.2051
10.3894
10.5371
10.66
10.765
10.8571
10.9408
11.0198
11.0972
11.173
11.2412
11.296
11.3366
11.3635
11.3771
11.3773
11.3644
11.3382
11.2988
11.2455
11.177
11.091
10.983
10.8449
10.6891
0.818654
0.00193374
-0.891366
-1.75644
-2.51354
-3.20522
-3.77848
-4.21129
-4.50856
-4.70809
-4.64821
-5.28247
-6.009
-6.52099
-6.93995
-7.35141
-7.74306
-8.09003
-8.38904
-8.64439
-8.85633
-9.02276
-9.14358
-9.22207
-9.26679
-9.28744
-9.28982
-9.27013
-9.23515
-9.18669
-9.10031
-9.0051
-8.89946
-8.77615
-8.63283
-8.46778
-8.27428
-8.03949
-7.77355
1.61368
2.37859
3.22837
4.0798
4.85689
5.49013
5.99921
6.23504
6.3906
7.48641
8.28594
8.7358
9.08476
9.39456
9.64234
9.83217
9.9827
10.1076
10.2147
10.3094
10.3959
10.4778
10.5586
10.6382
10.7104
10.7695
10.8145
10.846
10.8643
10.8694
10.8615
10.8405
10.8063
10.7584
10.6958
10.6161
10.5154
10.385
10.236
0.806975
0.0291124
-0.817939
-1.62969
-2.3296
-2.95319
-3.45273
-3.80011
-4.01438
-4.09688
-3.95433
-4.53709
-5.23413
-5.7285
-6.1313
-6.52773
-6.90886
-7.24961
-7.5451
-7.79916
-8.01248
-8.18309
-8.31119
-8.40022
-8.45782
-8.49236
-8.50991
-8.5065
-8.48985
-8.46157
-8.3933
-8.3172
-8.23172
-8.12854
-8.00532
-7.86162
-7.69497
-7.50228
-7.31868
1.56471
2.29309
3.09707
3.89261
4.60653
5.14842
5.57127
5.6765
5.74211
6.84223
7.67547
8.14143
8.4932
8.80864
9.06684
9.26699
9.42483
9.55369
9.66278
9.7586
9.84624
9.9299
10.0132
10.0959
10.1716
10.2341
10.2825
10.3176
10.3398
10.3495
10.3469
10.3322
10.3054
10.2659
10.2128
10.1437
10.0551
9.94031
9.8142
0.796689
0.0542885
-0.750229
-1.5122
-2.1576
-2.71574
-3.14324
-3.40606
-3.54118
-3.50449
-3.29436
-3.81275
-4.46445
-4.93399
-5.31708
-5.69507
-6.06248
-6.39483
-6.68518
-6.93559
-7.14582
-7.31256
-7.43421
-7.51259
-7.5574
-7.58064
-7.58854
-7.57656
-7.55266
-7.51779
-7.44466
-7.3684
-7.2875
-7.19367
-7.08449
-6.95839
-6.80621
-6.60764
-6.34864
1.5204
2.21508
2.97591
3.71887
4.36769
4.8152
5.15278
5.11367
5.08336
6.18304
7.05597
7.54704
7.90265
8.21416
8.46996
8.67318
8.83955
8.97957
9.09918
9.2032
9.29675
9.38492
9.47234
9.55994
9.64189
9.71126
9.7661
9.80685
9.83369
9.84673
9.84624
9.83255
9.80607
9.76698
9.71485
9.64779
9.56122
9.44291
9.29505
0.787568
0.0775642
-0.688282
-1.4052
-2.0005
-2.49808
-2.8561
-3.03659
-3.09685
-2.93867
-2.66784
-3.10877
-3.70102
-4.1376
-4.49602
-4.85041
-5.19885
-5.52033
-5.80852
-6.06492
-6.28931
-6.47971
-6.63627
-6.76125
-6.85592
-6.92437
-6.97516
-7.00538
-7.02669
-7.03922
-7.00659
-6.96635
-6.9183
-6.85315
-6.76948
-6.66999
-6.56148
-6.45746
-6.42504
1.47989
2.14336
2.86443
3.56003
4.1442
4.50338
4.76099
4.54961
4.40012
5.4878
6.40228
6.93933
7.3306
7.66138
7.91495
8.09947
8.24274
8.36603
8.47873
8.58373
8.68272
8.77815
8.87314
8.96793
9.05699
9.13512
9.20172
9.25757
9.30279
9.33728
9.36078
9.37282
9.3727
9.35944
9.33186
9.28885
9.23142
9.16394
9.12068
0.780015
0.100184
-0.630137
-1.30672
-1.85833
-2.30457
-2.6018
-2.71272
-2.7071
-2.41642
-2.07563
-2.42715
-2.94579
-3.33835
-3.66812
-3.99607
-4.31666
-4.60983
-4.86926
-5.09525
-5.2851
-5.43164
-5.52818
-5.57471
-5.59162
-5.60025
-5.60242
-5.58935
-5.56575
-5.53152
-5.46582
-5.40488
-5.34619
-5.28157
-5.20773
-5.11976
-4.99741
-4.79804
-4.45136
1.44304
2.07759
2.76275
3.41695
3.94192
4.2349
4.41876
3.9844
3.69096
4.7537
5.67391
6.2283
6.66224
7.06416
7.39802
7.64441
7.81566
7.93429
8.0228
8.09792
8.17029
8.24661
8.33112
8.42146
8.50553
8.57322
8.62283
8.65567
8.67336
8.67733
8.66905
8.65043
8.62349
8.58975
8.54908
8.49707
8.4193
8.27967
8.03431
0.774521
0.115063
-0.589087
-1.23261
-1.74639
-2.14633
-2.38599
-2.43727
-2.36133
-1.91716
-1.50766
-1.77678
-2.20599
-2.53226
-2.82203
-3.13044
-3.45137
-3.76622
-4.06771
-4.35569
-4.63098
-4.89567
-5.15046
-5.38811
-5.5805
-5.71862
-5.82942
-5.92005
-6.01408
-6.1078
-6.1368
-6.1405
-6.13725
-6.1209
-6.08785
-6.04613
-6.02534
-6.07826
-6.34283
1.4184
2.03324
2.69071
3.30658
3.77077
4.00141
4.06275
3.3398
2.94163
4.04318
4.96965
5.47801
5.82692
6.14461
6.44994
6.74589
7.02868
7.28393
7.50014
7.67552
7.81606
7.9314
8.03552
8.14836
8.28375
8.42947
8.56849
8.69566
8.80968
8.90966
8.99357
9.05862
9.10265
9.12465
9.12674
9.117
9.12081
9.19375
9.44577
0.768996
0.101491
-0.603413
-1.23174
-1.71243
-2.05418
-2.20733
-2.15921
-1.94493
-1.32972
-0.92094
-1.15066
-1.50313
-1.7461
-1.93683
-2.12232
-2.30545
-2.47825
-2.63549
-2.77179
-2.87472
-2.92446
-2.9066
-2.8299
-2.75882
-2.72749
-2.71272
-2.6822
-2.62715
-2.58806
-2.52134
-2.46324
-2.42137
-2.3832
-2.3417
-2.28817
-2.17688
-1.9256
-1.35042
1.42126
2.04
2.68873
3.26823
3.65083
3.75548
3.52721
2.46543
2.05828
3.33232
4.47498
5.21028
5.66681
5.90085
5.93969
5.85875
5.73901
5.64593
5.60657
5.62272
5.68555
5.78607
5.90795
6.01127
6.05322
6.05275
6.04423
6.03264
6.01676
5.99624
5.97478
5.95723
5.94704
5.94511
5.94655
5.93325
5.852
5.59498
4.98767
0.75958
0.0604941
-0.669953
-1.30426
-1.76239
-2.04187
-2.08855
-1.89763
-1.47298
-0.691233
-0.295721
-0.477752
-0.799183
-1.10273
-1.40963
-1.73054
-2.06822
-2.42433
-2.80381
-3.21566
-3.67222
-4.17965
-4.71403
-5.21457
-5.57378
-5.79184
-6.00605
-6.17622
-6.4606
-6.87441
-6.75311
-6.77251
-6.89785
-6.98988
-7.03314
-7.07477
-7.19023
-7.48631
-8.1671
1.4412
2.08206
2.74026
3.29436
3.5942
3.5293
2.911
1.54763
0.923426
2.0595
3.32855
4.58901
5.81886
6.98832
7.98273
8.74348
9.2876
9.63261
9.8256
9.91925
9.95947
9.98333
10.045
10.2314
10.5761
10.9525
11.262
11.5162
11.7367
11.9275
12.0819
12.1962
12.2727
12.3181
12.3482
12.3957
12.5424
12.9131
13.7105
116.301
115.17
113.733
111.91
109.43
106.077
101.66
96.1312
89.7696
83.1093
76.5936
70.383
64.4593
58.7752
53.3095
48.0644
43.0469
38.2592
33.6985
29.3591
25.2329
21.3129
17.5915
14.0614
10.7159
7.54901
4.55565
1.73087
-0.929172
-3.42874
-5.77048
-7.95552
-9.98489
-11.8583
-13.5755
-15.1363
-16.5409
-17.7898
-18.8843
-19.8264
-20.6189
-21.2655
-21.771
-22.1408
-22.3813
-22.4998
-22.5039
-22.4018
-22.2023
-21.9143
-21.5469
-21.1088
-20.6092
-20.0564
-19.4587
-18.8237
-18.1588
-17.4705
-16.7648
-16.0473
-15.3228
-14.5953
-13.8688
-13.1462
-12.4305
-11.7234
-11.0282
-10.4339
-9.90377
-9.36965
-8.78951
-8.26311
-7.57033
-7.20059
-6.14233
-6.42708
-4.18181
-6.53645
-0.985499
-8.6419
115.863
112.4
108.484
104.383
100.182
95.9729
91.8265
87.7951
83.8652
80.0631
76.3913
72.8601
69.477
66.2479
63.1774
60.2681
57.5211
54.9364
52.5121
50.2446
48.1295
46.1611
44.333
42.638
41.0687
39.6174
38.2761
37.0373
35.8931
34.8364
33.86
32.9571
32.1209
31.345
30.6231
29.9491
29.3169
28.7206
28.1545
27.6131
27.0911
26.5834
26.0853
25.5926
25.1013
24.6081
24.1102
23.6051
23.0911
22.5668
22.0317
21.4854
20.9282
20.3605
19.7835
19.1982
18.6062
18.0092
17.4089
16.8073
16.2062
15.6074
15.0128
14.4242
13.8436
13.2722
12.7132
12.2426
11.8363
11.4186
10.9906
10.5579
10.1097
9.7102
9.16466
9.08731
7.82148
9.62244
4.57574
14.0493
49.5255
48.9987
48.5413
48.1199
47.7185
47.3774
47.0922
46.7865
46.3349
45.6442
44.699
43.4994
42.0361
40.3221
38.3873
36.2644
33.9837
31.5738
29.0614
26.4731
23.8337
21.1673
18.4952
15.837
13.2101
10.6292
8.10698
5.65488
3.28446
1.00553
-1.17351
-3.24556
-5.20553
-7.0486
-8.77073
-10.3688
-11.8402
-13.1827
-14.3949
-15.4761
-16.4262
-17.2461
-17.9377
-18.5032
-18.9465
-19.2719
-19.4845
-19.5902
-19.5954
-19.5073
-19.3334
-19.0811
-18.7583
-18.3728
-17.9322
-17.444
-16.9153
-16.3529
-15.7628
-15.1511
-14.523
-13.8832
-13.236
-12.585
-11.9339
-11.2848
-10.6415
-10.088
-9.59169
-9.09238
-8.54194
-8.04927
-7.38043
-7.04293
-6.00861
-6.30714
-4.12559
-6.40382
-1.08411
-8.44937
49.8566
50.091
50.5551
50.9786
51.3163
51.5399
51.6364
51.6006
51.4296
51.1338
50.7151
50.1817
49.5418
48.8043
47.9802
47.0805
46.1172
45.1022
44.0486
42.9688
41.8748
40.7776
39.6878
38.6148
37.5665
36.5494
35.5688
34.6286
33.7311
32.8777
32.0687
31.3033
30.5801
29.897
29.2514
28.6403
28.0604
27.5083
26.9803
26.4726
25.9816
25.5034
25.0345
24.5714
24.1109
23.65
23.1861
22.7169
22.2406
21.7556
21.261
20.7562
20.241
19.7156
19.1806
18.6367
18.0852
17.5275
16.9649
16.3993
15.8322
15.2656
14.7012
14.1408
13.5864
13.0392
12.5027
12.0501
11.6588
11.2559
10.842
10.4236
9.98826
9.60329
9.06892
9.00355
7.76448
9.50895
4.66626
13.7167
28.9437
28.616
28.2692
27.9087
27.4962
27.0231
26.4923
25.9066
25.2701
24.5911
23.8946
23.2085
22.5324
21.8509
21.1444
20.3937
19.5838
18.7024
17.7397
16.6894
15.5482
14.3167
12.998
11.5984
10.127
8.59442
7.01361
5.39785
3.76098
2.11647
0.4779
-1.14105
-2.72787
-4.27047
-5.75768
-7.17964
-8.52741
-9.79321
-10.9703
-12.053
-13.0369
-13.9187
-14.6961
-15.3677
-15.9336
-16.3947
-16.7531
-17.0115
-17.1739
-17.2448
-17.2294
-17.1335
-16.9632
-16.725
-16.4254
-16.0712
-15.6688
-15.2247
-14.7449
-14.2352
-13.7011
-13.1475
-12.5791
-12
-11.414
-10.8241
-10.2337
-9.72262
-9.26144
-8.79738
-8.27942
-7.81861
-7.18237
-6.86475
-5.88109
-6.15276
-4.10187
-6.21091
-1.23514
-8.15107
29.1313
29.2574
29.3963
29.5293
29.6865
29.8691
30.0789
30.3111
30.5612
30.8228
31.087
31.3468
31.5937
31.8199
32.018
32.181
32.3028
32.3782
32.4033
32.3755
32.2934
32.1572
31.9683
31.7295
31.4447
31.1185
30.7565
30.3644
29.9481
29.5136
29.0663
28.6113
28.1527
27.6945
27.2393
26.7893
26.3458
25.9095
25.4803
25.0578
24.641
24.2286
23.819
23.4105
23.0012
22.5892
22.1728
21.7503
21.3202
20.8813
20.4328
19.9739
19.5043
19.0242
18.5338
18.0337
17.5249
17.0084
16.4856
15.9579
15.427
14.8944
14.3622
13.8319
13.3056
12.7845
12.2722
11.8391
11.4643
11.0777
10.6795
10.2767
9.85645
9.48515
8.96951
8.90009
7.72549
9.34388
4.8081
13.3331
27.9734
27.7777
27.5656
27.3402
27.0803
26.7649
26.3763
25.895
25.3013
24.5845
23.7554
22.8547
21.9181
20.9568
19.9729
18.9681
17.946
16.9101
15.8609
14.7978
13.7188
12.6216
11.5035
10.3619
9.195
8.00153
6.78173
5.53672
4.26938
2.98351
1.68455
0.379411
-0.924346
-2.2182
-3.49295
-4.73938
-5.94815
-7.11034
-8.21738
-9.26138
-10.2354
-11.1334
-11.9504
-12.6823
-13.3261
-13.8801
-14.3435
-14.7166
-15.0008
-15.1983
-15.3123
-15.3465
-15.3054
-15.1941
-15.0178
-14.7822
-14.4931
-14.1562
-13.7773
-13.3618
-12.9153
-12.4426
-11.9487
-11.4377
-10.9139
-10.3806
-9.8413
-9.3709
-8.94272
-8.51142
-8.02396
-7.59335
-6.98708
-6.69135
-5.74825
-6.01208
-4.05016
-6.06485
-1.29809
-7.95662
28.115
28.2255
28.3123
28.376
28.4209
28.4468
28.457
28.4517
28.4341
28.4052
28.3674
28.3229
28.2732
28.22
28.1643
28.1068
28.0477
27.9866
27.9223
27.8537
27.7786
27.695
27.6006
27.493
27.37
27.2299
27.0711
26.8928
26.6947
26.4771
26.2408
25.9872
25.7179
25.435
25.1404
24.8361
24.524
24.2055
23.8819
23.5541
23.2225
22.8872
22.548
22.2043
21.8555
21.5006
21.1386
20.7685
20.3893
20.0002
19.6003
19.1893
18.7668
18.3328
17.8875
17.4313
16.9651
16.4898
16.0065
15.5166
15.0215
14.5229
14.0226
13.5221
13.0237
12.5285
12.0402
11.6261
11.267
10.8959
10.513
10.1252
9.71955
9.36179
8.8622
8.79508
7.66328
9.21417
4.85167
13.0884
24.0429
23.8364
23.6276
23.4272
23.2254
23.0121
22.7786
22.5169
22.2165
21.8634
21.4429
20.9506
20.3965
19.7877
19.1242
18.4055
17.6321
16.8065
15.9318
15.0117
14.05
13.0506
12.0179
10.9559
9.86871
8.75985
7.63282
6.49075
5.33694
4.17454
3.00687
1.83788
0.671542
-0.487546
-1.63415
-2.76266
-3.86694
-4.94057
-5.97684
-6.96909
-7.91089
-8.79613
-9.61916
-10.3749
-11.0591
-11.6684
-12.2002
-12.6531
-13.0263
-13.3201
-13.5359
-13.6755
-13.7418
-13.7383
-13.6688
-13.538
-13.3504
-13.1112
-12.8254
-12.498
-12.1342
-11.7388
-11.3166
-10.8718
-10.4089
-9.93136
-9.44274
-9.01271
-8.61735
-8.21866
-7.76177
-7.36173
-6.78457
-6.5138
-5.60495
-5.87467
-3.97637
-5.93999
-1.31352
-7.81195
24.1957
24.3178
24.4442
24.5679
24.6866
24.8006
24.9086
25.0084
25.0991
25.1785
25.2455
25.2989
25.3376
25.361
25.3688
25.3608
25.3374
25.2992
25.2469
25.1815
25.1041
25.0159
24.9179
24.8111
24.6962
24.5738
24.444
24.3068
24.1622
24.0097
23.8491
23.6798
23.5015
23.3139
23.117
22.9107
22.6953
22.4708
22.2375
21.9957
21.7456
21.4872
21.2204
20.9451
20.661
20.3675
20.0641
19.7503
19.4254
19.0889
18.7403
18.3791
18.0052
17.6186
17.2194
16.808
16.3852
15.9517
15.5086
15.0571
14.5987
14.1347
13.667
13.1972
12.7274
12.2588
11.7952
11.4005
11.0575
10.7023
10.335
9.96267
9.57197
9.22807
8.74412
8.68277
7.58328
9.09447
4.8433
12.8887
19.1893
19.0066
18.819
18.6386
18.4571
18.2698
18.072
17.8577
17.6219
17.3589
17.0616
16.724
16.3469
15.9374
15.4987
15.0308
14.532
13.9993
13.4304
12.8234
12.1769
11.49
10.7623
9.99428
9.18721
8.34304
7.46447
6.55465
5.61744
4.65695
3.67762
2.68428
1.68174
0.675045
-0.330541
-1.32972
-2.31699
-3.28679
-4.23329
-5.15076
-6.03341
-6.87561
-7.67185
-8.41691
-9.10614
-9.73529
-10.3008
-10.7998
-11.2303
-11.5909
-11.8814
-12.102
-12.2539
-12.3391
-12.36
-12.3199
-12.2223
-12.0712
-11.8708
-11.6256
-11.3401
-11.0187
-10.666
-10.2862
-9.88344
-9.4617
-9.02412
-8.63505
-8.27346
-7.90843
-7.48351
-7.11507
-6.56872
-6.32369
-5.45121
-5.72656
-3.89523
-5.80371
-1.32635
-7.65026
19.3167
19.4148
19.5204
19.6259
19.7341
19.8461
19.9615
20.0799
20.2011
20.3241
20.4486
20.5734
20.6974
20.8196
20.9385
21.0528
21.1609
21.2613
21.3526
21.4336
21.503
21.5599
21.6035
21.6333
21.6491
21.6508
21.6387
21.613
21.5743
21.523
21.4596
21.3844
21.298
21.2006
21.0922
20.9732
20.8435
20.7031
20.5519
20.3899
20.217
20.033
19.8378
19.6312
19.4128
19.1825
18.9398
18.6844
18.416
18.134
17.8382
17.5285
17.2046
16.8667
16.5148
16.1494
15.7711
15.3805
14.9788
14.5669
14.1462
13.7182
13.2845
12.8467
12.4069
11.9664
11.5289
11.1549
10.829
10.491
10.1405
9.78455
9.41003
9.08058
8.61427
8.55731
7.49494
8.95742
4.83169
12.6617
15.8942
15.7438
15.5866
15.4327
15.2765
15.1159
14.9496
14.7729
14.5806
14.3676
14.1288
13.8577
13.5507
13.21
12.8425
12.4521
12.0406
11.6083
11.1544
10.6775
10.1768
9.65147
9.10027
8.52219
7.9164
7.28233
6.61971
5.92869
5.21001
4.46492
3.69525
2.90357
2.09287
1.26677
0.429404
-0.414716
-1.26068
-2.10338
-2.93739
-3.7572
-4.55727
-5.33206
-6.07613
-6.78411
-7.45106
-8.07232
-8.64359
-9.16121
-9.62205
-10.0237
-10.3644
-10.6433
-10.86
-11.015
-11.1096
-11.1456
-11.1252
-11.0514
-10.9276
-10.7571
-10.544
-10.2921
-10.0055
-9.68818
-9.34405
-8.9771
-8.59016
-8.24213
-7.91467
-7.58366
-7.19159
-6.85516
-6.34118
-6.12158
-5.28862
-5.56675
-3.80901
-5.6537
-1.33776
-7.4684
16.0037
16.0944
16.1902
16.2862
16.3854
16.4873
16.5919
16.699
16.8087
16.9209
17.0355
17.1523
17.2712
17.392
17.5143
17.6379
17.7622
17.8866
18.0104
18.1328
18.2528
18.3693
18.4811
18.587
18.6859
18.7764
18.8574
18.928
18.9871
19.034
19.0682
19.0892
19.0969
19.091
19.0715
19.0385
18.992
18.9321
18.8589
18.7723
18.6723
18.5589
18.432
18.2914
18.137
17.9684
17.7855
17.588
17.3757
17.1482
16.9055
16.6473
16.3737
16.0846
15.7804
15.4613
15.1278
14.7807
14.4209
14.0493
13.6672
13.276
12.8772
12.4725
12.0638
11.6524
11.2422
10.89
10.5823
10.2622
9.92952
9.59095
9.23373
8.91919
8.47254
8.4179
7.3988
8.80151
4.81791
12.413
13.6577
13.5307
13.3961
13.2627
13.1269
12.9879
12.8462
12.7003
12.5464
12.3804
12.1983
11.9953
11.7658
11.5059
11.2166
10.9024
10.5659
10.2088
9.83189
9.43452
9.01596
8.5759
8.11416
7.63056
7.12499
6.59742
6.04788
5.47651
4.88366
4.26976
3.63553
2.98206
2.31068
1.62316
0.921792
0.209244
-0.511293
-1.23623
-1.96151
-2.68274
-3.3953
-4.09437
-4.77497
-5.43209
-6.06085
-6.65653
-7.21459
-7.73091
-8.20176
-8.62397
-8.99489
-9.31249
-9.57545
-9.78303
-9.93525
-10.0327
-10.0767
-10.0689
-10.0117
-9.90764
-9.75992
-9.57176
-9.34665
-9.08814
-8.79985
-8.48568
-8.14801
-7.84028
-7.54655
-7.24916
-6.89003
-6.58538
-6.10454
-5.90994
-5.11794
-5.39818
-3.715
-5.49671
-1.3379
-7.28233
13.7545
13.8388
13.9279
14.0187
14.113
14.21
14.3099
14.4125
14.5178
14.6254
14.7354
14.8474
14.9613
15.0768
15.1938
15.3119
15.4308
15.5504
15.6702
15.79
15.9093
16.0278
16.145
16.2603
16.3731
16.4827
16.5884
16.6892
16.7843
16.8726
16.9533
17.0254
17.0879
17.1399
17.1808
17.2099
17.2264
17.23
17.2203
17.1968
17.1593
17.1075
17.0412
16.9601
16.8639
16.7525
16.6255
16.4827
16.3239
16.1489
15.9574
15.7494
15.5248
15.2837
15.0263
14.7528
14.4638
14.1598
13.8417
13.5104
13.167
12.8128
12.4494
12.0782
11.7012
11.3196
10.9375
10.6078
10.3188
10.0174
9.70314
9.38255
9.04343
8.74406
8.31849
8.26493
7.29223
8.63207
4.79097
12.1614
11.8265
11.7186
11.6028
11.4867
11.3675
11.2447
11.1198
10.9929
10.8626
10.7261
10.5802
10.4218
10.2471
10.0514
9.83146
9.58747
9.32234
9.03807
8.73584
8.41648
8.07935
7.7233
7.34765
6.952
6.53606
6.0996
5.6426
5.16516
4.66763
4.15049
3.6144
3.06032
2.48932
1.90273
1.30221
0.689632
0.067213
-0.562502
-1.19663
-1.83194
-2.46492
-3.09178
-3.70847
-4.31072
-4.89424
-5.45466
-5.9877
-6.48925
-6.95538
-7.38258
-7.76769
-8.10799
-8.40139
-8.64627
-8.84167
-8.98723
-9.08313
-9.13019
-9.12972
-9.08349
-8.99375
-8.86305
-8.69423
-8.49039
-8.2546
-7.99065
-7.70034
-7.4317
-7.17095
-6.90649
-6.58009
-6.30675
-5.85942
-5.68946
-4.93901
-5.22168
-3.6118
-5.33465
-1.3246
-7.09673
11.9098
11.9839
12.0631
12.1444
12.2294
12.3173
12.4086
12.503
12.6007
12.7015
12.8054
12.9123
13.022
13.1344
13.2493
13.3664
13.4855
13.6062
13.7282
13.8512
13.9747
14.0983
14.2215
14.344
14.4651
14.5845
14.7014
14.8155
14.9261
15.0326
15.1342
15.2302
15.32
15.4027
15.4774
15.5433
15.5996
15.6455
15.6802
15.703
15.7132
15.7101
15.6932
15.6619
15.6157
15.5543
15.4771
15.3838
15.274
15.1475
15.0041
14.8434
14.6656
14.4704
14.2581
14.0289
13.7831
13.5214
13.2443
12.9527
12.6477
12.3305
12.0024
11.6649
11.3199
10.9687
10.615
10.3083
10.0385
9.75622
9.46099
9.15886
8.83854
8.55459
8.15125
8.09805
7.17358
8.45043
4.74836
11.9091
10.2819
10.1905
10.0923
9.99263
9.88879
9.78044
9.66931
9.55627
9.44126
9.32326
9.20015
9.0693
8.92811
8.77345
8.60151
8.40935
8.1968
7.96606
7.71894
7.45665
7.18022
6.88925
6.58264
6.25961
5.91969
5.56247
5.18758
4.79475
4.38386
3.95494
3.5082
3.04412
2.56332
2.06668
1.55539
1.03085
0.494737
-0.0509798
-0.604045
-1.16193
-1.72183
-2.28071
-2.83527
-3.38197
-3.91714
-4.437
-4.93765
-5.41528
-5.8661
-6.28654
-6.67329
-7.02327
-7.33392
-7.60301
-7.82888
-8.01035
-8.1468
-8.23817
-8.28488
-8.2879
-8.24866
-8.16895
-8.05095
-7.8972
-7.71022
-7.49352
-7.24834
-7.01725
-6.78852
-6.55611
-6.26206
-6.01943
-5.6058
-5.46006
-4.75162
-5.03685
-3.49944
-5.16631
-1.30016
-6.90897
10.3535
10.4183
10.4878
10.5594
10.6344
10.7123
10.7934
10.8777
10.9653
11.0561
11.1503
11.2477
11.3483
11.4522
11.5593
11.6694
11.7824
11.8982
12.0165
12.1372
12.2599
12.3843
12.51
12.6366
12.7636
12.8905
13.0168
13.1419
13.2651
13.3859
13.5035
13.6173
13.7266
13.8307
13.9288
14.0201
14.1039
14.1794
14.2457
14.3021
14.3477
14.3817
14.4034
14.4121
14.4069
14.3874
14.3528
14.3026
14.2362
14.1533
14.0535
13.9365
13.802
13.6499
13.4802
13.2932
13.0889
12.8678
12.6306
12.3778
12.1105
11.8297
11.5367
11.2329
10.92
10.5992
10.2744
9.99104
9.74079
9.47803
9.20228
8.9191
8.61818
8.34994
7.96986
7.91654
7.04206
8.25544
4.6922
11.651
9.01536
8.93751
8.85396
8.76912
8.68009
8.58562
8.48726
8.3864
8.28357
8.17879
8.07144
7.95985
7.84184
7.71522
7.5773
7.42478
7.25487
7.06709
6.86306
6.64439
6.41237
6.16809
5.91145
5.64151
5.35753
5.05914
4.74605
4.41795
4.07461
3.71586
3.34165
2.9521
2.54741
2.12798
1.69446
1.24769
0.788728
0.318933
-0.160065
-0.646375
-1.13785
-1.63208
-2.12639
-2.61785
-3.10339
-3.57973
-4.04345
-4.4911
-4.91918
-5.32428
-5.70309
-6.05248
-6.36959
-6.65188
-6.8972
-7.10381
-7.27043
-7.39629
-7.4811
-7.52504
-7.52879
-7.49347
-7.42055
-7.312
-7.16973
-6.99693
-6.7942
-6.59883
-6.40088
-6.19937
-5.93697
-5.72423
-5.3442
-5.22207
-4.55595
-4.84359
-3.37824
-4.99087
-1.26606
-6.71678
9.07747
9.13469
9.19586
9.25911
9.32541
9.39448
9.46655
9.54161
9.61974
9.70099
9.78541
9.87304
9.96388
10.0579
10.1552
10.2557
10.3594
10.4661
10.5758
10.6883
10.8036
10.9215
11.0416
11.1638
11.2877
11.4129
11.5392
11.6659
11.7926
11.9187
12.0436
12.1667
12.2873
12.4045
12.5177
12.6261
12.7289
12.8252
12.9142
12.9951
13.0671
13.1292
13.1806
13.2206
13.2482
13.2628
13.2634
13.2496
13.2205
13.1755
13.1143
13.0362
12.941
12.8284
12.6982
12.5504
12.3852
12.2028
12.0036
11.7882
11.5574
11.3122
11.0536
10.783
10.5019
10.2116
9.91575
9.65592
9.42545
9.18252
8.92663
8.66277
8.38175
8.1295
7.77357
7.71983
6.89702
8.04621
4.62376
11.3841
7.9681
7.90145
7.8299
7.75706
7.68084
7.59977
7.51408
7.42475
7.33276
7.23874
7.14293
7.0449
6.94343
6.83669
6.72283
6.59955
6.46393
6.31334
6.14698
5.96599
5.7718
5.56561
5.34854
5.12068
4.88119
4.62934
4.36477
4.08727
3.79662
3.49262
3.17515
2.84422
2.49989
2.14234
1.77194
1.38918
0.994723
0.589454
0.174473
-0.248886
-0.67907
-1.11428
-1.55245
-1.99126
-2.4282
-2.86056
-3.28543
-3.69977
-4.10047
-4.48436
-4.84834
-5.18933
-5.50445
-5.79098
-6.04651
-6.26893
-6.45652
-6.60795
-6.72234
-6.79924
-6.83868
-6.84111
-6.80737
-6.73886
-6.63687
-6.50424
-6.34089
-6.17904
-6.01029
-5.83821
-5.60645
-5.42247
-5.07564
-4.97628
-4.35248
-4.64223
-3.2485
-4.80835
-1.22271
-6.52013
8.02214
8.0726
8.12642
8.18225
8.24081
8.30194
8.36583
8.4325
8.50204
8.57452
8.64999
8.72852
8.81014
8.8949
8.9828
9.07388
9.16812
9.26549
9.36596
9.46946
9.57592
9.6852
9.79719
9.9117
10.0285
10.1474
10.2681
10.3903
10.5136
10.6376
10.7618
10.8857
11.0087
11.1303
11.2496
11.3661
11.4789
11.5872
11.6902
11.787
11.8769
11.9588
12.0318
12.0952
12.1479
12.1891
12.218
12.2338
12.2356
12.2227
12.1946
12.1505
12.0899
12.0126
11.9181
11.8063
11.6771
11.5307
11.3673
11.1874
10.9915
10.7804
10.5551
10.3169
10.0671
9.80691
9.53974
9.30342
9.09277
8.86979
8.63393
8.38962
8.12886
7.89284
7.56171
7.50743
6.73778
7.82234
4.5431
11.1071
7.08192
7.02461
6.96311
6.90033
6.83455
6.76479
6.69118
6.61357
6.53219
6.44793
6.36164
6.27365
6.18375
6.09102
5.99399
5.89105
5.78023
5.65899
5.52484
5.37675
5.21548
5.04227
4.85824
4.66452
4.46136
4.24805
4.02383
3.78833
3.54138
3.28276
3.01231
2.72992
2.43557
2.12929
1.81129
1.48186
1.14143
0.790592
0.430113
0.0609433
-0.31578
-0.698727
-1.08633
-1.47679
-1.86812
-2.25814
-2.64441
-3.02439
-3.39536
-3.75455
-4.09909
-4.42612
-4.73287
-5.01662
-5.27486
-5.5053
-5.7059
-5.875
-6.01124
-6.1137
-6.18184
-6.21557
-6.21514
-6.18141
-6.11505
-6.01856
-5.8912
-5.76037
-5.61899
-5.47459
-5.27212
-5.11552
-4.80113
-4.72351
-4.14175
-4.43318
-3.11055
-4.61893
-1.17108
-6.31912
7.12896
7.17332
7.22054
7.26965
7.32121
7.37512
7.43153
7.49049
7.55209
7.61641
7.68353
7.7535
7.82639
7.90226
7.98115
8.06311
8.14815
8.23629
8.32754
8.42188
8.51927
8.61965
8.72293
8.82901
8.93776
9.04899
9.16251
9.27809
9.39545
9.51427
9.63417
9.75477
9.87561
9.99617
10.1159
10.2342
10.3505
10.4639
10.5738
10.6793
10.7797
10.874
10.9614
11.0409
11.1116
11.1726
11.2231
11.262
11.2885
11.3018
11.3012
11.2858
11.2551
11.2085
11.1456
11.0659
10.9694
10.8559
10.7256
10.5787
10.4155
10.2369
10.0435
9.83646
9.617
9.38614
9.14718
8.93407
8.74309
8.53997
8.32417
8.09947
7.85914
7.63951
7.33366
7.2789
6.56361
7.58341
4.45031
10.8183
6.32242
6.27297
6.21993
6.16571
6.10886
6.04843
5.98472
5.91789
5.84743
5.77315
5.69579
5.61631
5.5352
5.45239
5.36725
5.27858
5.18496
5.08474
4.97567
4.85545
4.72285
4.5783
4.42288
4.25765
4.0837
3.90147
3.71038
3.50967
3.29899
3.07814
2.84697
2.60534
2.35312
2.09026
1.81682
1.53293
1.23884
0.934917
0.621679
0.299793
-0.0299241
-0.366485
-0.708701
-1.05519
-1.40437
-1.75451
-2.10361
-2.44958
-2.7901
-3.12277
-3.44506
-3.75439
-4.04817
-4.32381
-4.57884
-4.81091
-5.01787
-5.1978
-5.34907
-5.47036
-5.56073
-5.61962
-5.64678
-5.64258
-5.60717
-5.54263
-5.44766
-5.34511
-5.22903
-5.11032
-4.93553
-4.80469
-4.52171
-4.46456
-3.92428
-4.21673
-2.96475
-4.42238
-1.11216
-6.11256
6.36341
6.40235
6.44376
6.48689
6.53221
6.57965
6.62934
6.68135
6.73576
6.79264
6.85209
6.91415
6.97892
7.04647
7.11684
7.19009
7.26628
7.34544
7.42761
7.51279
7.60099
7.69219
7.78637
7.88346
7.98338
8.08604
8.1913
8.29899
8.40891
8.52084
8.63448
8.74951
8.86558
8.98228
9.09916
9.21569
9.33133
9.44547
9.55745
9.66658
9.77209
9.87319
9.96903
10.0588
10.1415
10.2163
10.2823
10.3384
10.3839
10.4178
10.4392
10.4474
10.4416
10.4211
10.3854
10.3339
10.2663
10.1823
10.082
9.9653
9.83256
9.6842
9.52087
9.34342
9.15299
8.95043
8.73887
8.54846
8.37679
8.19328
7.99733
7.79218
7.57228
7.36915
7.08879
7.03376
6.37384
7.32859
4.34594
10.5146
5.66582
5.62304
5.57716
5.53021
5.481
5.42869
5.37335
5.31519
5.25422
5.19005
5.12225
5.05121
4.97787
4.90288
4.82638
4.74794
4.6666
4.58109
4.49005
4.39153
4.28334
4.16412
4.034
3.89388
3.74478
3.58777
3.42344
3.25134
3.07077
2.88134
2.68287
2.47525
2.25835
2.03203
1.79628
1.55112
1.29667
1.03313
0.760843
0.480235
0.191887
-0.103497
-0.405031
-0.711661
-1.02217
-1.33518
-1.64909
-1.96216
-2.27248
-2.578
-2.87652
-3.16577
-3.4434
-3.70703
-3.95432
-4.18296
-4.39078
-4.57577
-4.73612
-4.87028
-4.97699
-5.05533
-5.10463
-5.1249
-5.11575
-5.07892
-5.01258
-4.93542
-4.84236
-4.74718
-4.59825
-4.4913
-4.23846
-4.20027
-3.7009
-3.9931
-2.812
-4.21804
-1.0478
-5.89846
5.70158
5.73575
5.77206
5.80994
5.84976
5.89148
5.93522
5.98104
6.02903
6.07925
6.1318
6.18674
6.24415
6.30409
6.36664
6.43187
6.49982
6.57056
6.64413
6.72057
6.7999
6.88213
6.96728
7.05531
7.14619
7.23988
7.33628
7.4353
7.5368
7.64063
7.74656
7.85437
7.96379
8.07449
8.1861
8.29821
8.41036
8.52204
8.63267
8.74166
8.84835
8.95199
9.05185
9.14714
9.237
9.32056
9.39695
9.46523
9.5245
9.57384
9.61236
9.63919
9.65352
9.65456
9.64162
9.61412
9.57155
9.51354
9.43985
9.3504
9.24528
9.12477
8.9893
8.8396
8.67659
8.50101
8.31571
8.14723
7.99433
7.82996
7.65351
7.46764
7.26797
7.08136
6.82655
6.77156
6.16807
7.05672
4.2314
10.1908
5.09347
5.05634
5.01653
4.97574
4.93301
4.88761
4.83956
4.78892
4.73564
4.67974
4.62106
4.55911
4.49383
4.42599
4.35642
4.28543
4.21276
4.13767
4.05909
3.97585
3.8863
3.78846
3.68093
3.56357
3.43709
3.30239
3.16053
3.01215
2.85689
2.69401
2.52313
2.34416
2.15701
1.96158
1.75776
1.54551
1.32486
1.09593
0.858905
0.614086
0.361857
0.102719
-0.162683
-0.433551
-0.708965
-0.987839
-1.26891
-1.55077
-1.83184
-2.11041
-2.38461
-2.65247
-2.91191
-3.1608
-3.39696
-3.61823
-3.8225
-4.00776
-4.17214
-4.31394
-4.43171
-4.52426
-4.59062
-4.6305
-4.64305
-4.62967
-4.58816
-4.53336
-4.46093
-4.38692
-4.26184
-4.17671
-3.95255
-3.93145
-3.47253
-3.76222
-2.65365
-4.00475
-0.980013
-5.67325
5.1247
5.15469
5.18654
5.2198
5.25477
5.29144
5.32992
5.37026
5.41253
5.45682
5.5032
5.55173
5.60251
5.65558
5.71103
5.76893
5.82935
5.89232
5.95793
6.02621
6.09721
6.17096
6.24747
6.32677
6.40884
6.49366
6.58119
6.67137
6.76413
6.85936
6.95689
7.05656
7.1582
7.26153
7.36628
7.47212
7.57868
7.68555
7.79224
7.89825
8.00301
8.10588
8.20621
8.30328
8.39631
8.48451
8.56705
8.64305
8.71162
8.77188
8.82291
8.86385
8.89383
8.91201
8.91766
8.91006
8.88862
8.85283
8.80234
8.73689
8.65643
8.56103
8.45103
8.3269
8.1894
8.03915
7.87875
7.73118
7.59627
7.45039
7.29285
7.12582
6.94602
6.77583
6.54639
6.49163
5.94612
6.76537
4.10941
9.84057
4.58746
4.55517
4.52056
4.48507
4.4479
4.40842
4.36665
4.32262
4.27619
4.22726
4.1759
4.12209
4.06542
4.00547
3.94268
3.87799
3.81195
3.74448
3.67497
3.60257
3.52621
3.44442
3.35533
3.25763
3.15125
3.03688
2.9152
2.78709
2.65326
2.51336
2.36653
2.21233
2.05074
1.88176
1.70535
1.52139
1.32985
1.13078
0.924282
0.710563
0.489882
0.262594
0.0291688
-0.209796
-0.453596
-0.701391
-0.952189
-1.20486
-1.45811
-1.71056
-1.96062
-2.20661
-2.44673
-2.67907
-2.90171
-3.11267
-3.30996
-3.49163
-3.65581
-3.80081
-3.92502
-4.02711
-4.1059
-4.16082
-4.19074
-4.19671
-4.17619
-4.14069
-4.08646
-4.03114
-3.92778
-3.86204
-3.6654
-3.65835
-3.2409
-3.52316
-2.49268
-3.7785
-0.913571
-5.43086
4.61477
4.64111
4.66907
4.6983
4.72904
4.76129
4.79515
4.83066
4.86791
4.90696
4.94787
4.99073
5.0356
5.08255
5.13165
5.18296
5.23656
5.2925
5.35085
5.41167
5.475
5.54087
5.60935
5.68044
5.75416
5.83051
5.90949
5.99107
6.07519
6.1618
6.25079
6.34204
6.43542
6.53074
6.62779
6.7263
6.82601
6.92655
7.02756
7.12861
7.22923
7.32887
7.42697
7.52289
7.61597
7.70548
7.79065
7.87068
7.94475
8.012
8.07155
8.12255
8.1641
8.1954
8.21563
8.22401
8.21991
8.2027
8.17188
8.12714
8.06826
7.99513
7.90793
7.807
7.69288
7.56607
7.42887
7.30103
7.1832
7.05493
6.91551
6.76671
6.60622
6.45223
6.24799
6.19286
5.70901
6.45008
3.98742
9.45149
4.14518
4.11716
4.08713
4.05632
4.02406
3.98982
3.95361
3.91543
3.87517
3.83275
3.78818
3.74157
3.69283
3.64105
3.58445
3.52177
3.45349
3.38126
3.30673
3.23127
3.15617
3.08289
3.0122
2.94274
2.8709
2.79203
2.70153
2.59634
2.47756
2.35028
2.21894
2.08413
1.94412
1.79746
1.64376
1.48321
1.31602
1.14225
0.961893
0.775
0.581727
0.382315
0.1771
-0.0334743
-0.248905
-0.468524
-0.691577
-0.917175
-1.14426
-1.37172
-1.59824
-1.82238
-2.04263
-2.25735
-2.46483
-2.66328
-2.85088
-3.02583
-3.18631
-3.33067
-3.45729
-3.56475
-3.65173
-3.71743
-3.76054
-3.78186
-3.7786
-3.75924
-3.72077
-3.68139
-3.59786
-3.54823
-3.37886
-3.3808
-3.00857
-3.27361
-2.33325
-3.5353
-0.855686
-5.16502
4.16897
4.19198
4.21638
4.24191
4.26877
4.29697
4.32658
4.35765
4.39026
4.42447
4.46034
4.49794
4.53733
4.57858
4.62176
4.66693
4.71415
4.76351
4.81504
4.86882
4.92489
4.98332
5.04413
5.10738
5.17309
5.24129
5.31195
5.38508
5.46069
5.53875
5.61916
5.70185
5.78672
5.87368
5.96253
6.05305
6.14506
6.2383
6.33246
6.42716
6.52204
6.61662
6.71044
6.80298
6.89362
6.98175
7.06668
7.14767
7.22399
7.29482
7.35937
7.41682
7.46625
7.50688
7.53794
7.55856
7.56807
7.56585
7.55121
7.52381
7.48331
7.42942
7.36218
7.28182
7.18869
7.08315
6.9672
6.85765
6.75576
6.64401
6.52173
6.39034
6.24837
6.11002
5.9311
5.87332
5.45887
6.1043
3.87486
9.01464
3.61729
3.59399
3.56894
3.54318
3.51623
3.48767
3.45746
3.42561
3.39204
3.35662
3.31922
3.27968
3.23799
3.19435
3.14913
3.10224
3.05295
3.00078
2.9463
2.89044
2.83348
2.77483
2.7135
2.64871
2.57924
2.50348
2.42082
2.33219
2.23824
2.13822
2.0316
1.91925
1.80191
1.67955
1.55174
1.41821
1.27883
1.13359
0.982486
0.82559
0.66296
0.494714
0.32104
0.142225
-0.0414078
-0.229388
-0.42119
-0.616173
-0.813562
-1.0125
-1.21198
-1.41087
-1.60795
-1.80189
-1.99121
-2.17438
-2.34981
-2.51585
-2.67083
-2.81313
-2.94114
-3.05338
-3.14843
-3.22526
-3.28243
-3.3202
-3.33609
-3.33417
-3.31408
-3.2913
-3.23243
-3.19735
-3.06503
-3.06809
-2.76094
-2.98816
-2.17459
-3.25455
-0.816324
-4.86758
3.63723
3.65659
3.6771
3.69857
3.72118
3.74492
3.76986
3.79608
3.82359
3.85248
3.88281
3.91462
3.94796
3.98294
4.01958
4.05794
4.09811
4.14014
4.18409
4.23001
4.27796
4.32803
4.38024
4.43462
4.49124
4.55013
4.61131
4.67478
4.74058
4.80872
4.87914
4.95178
5.02664
5.10368
5.18271
5.26361
5.34626
5.43051
5.51611
5.60278
5.69023
5.77809
5.86605
5.95367
6.04042
6.12584
6.20933
6.29023
6.36795
6.44173
6.51086
6.5746
6.63207
6.6825
6.72519
6.75925
6.7839
6.79851
6.80235
6.7949
6.77571
6.74438
6.70078
6.64491
6.57691
6.49706
6.40689
6.31966
6.2374
6.14605
6.04511
5.93547
5.81693
5.69804
5.55303
5.48879
5.17298
5.67947
3.77757
8.478
3.07314
3.05477
3.03502
3.01469
2.99344
2.97091
2.94708
2.92196
2.89549
2.86757
2.83807
2.8069
2.77418
2.7402
2.70552
2.67083
2.63644
2.60171
2.56511
2.52517
2.48122
2.43304
2.38018
2.32224
2.25937
2.19252
2.12262
2.05015
1.97536
1.89762
1.8152
1.72682
1.63285
1.53446
1.43199
1.32511
1.21338
1.09664
0.974827
0.847985
0.716104
0.579243
0.437445
0.290857
0.139668
-0.0158672
-0.175393
-0.338514
-0.504707
-0.673357
-0.843754
-1.0151
-1.18643
-1.35672
-1.52482
-1.68946
-1.84931
-2.00294
-2.14887
-2.28562
-2.41162
-2.52546
-2.62565
-2.71102
-2.78
-2.83252
-2.86602
-2.88135
-2.87845
-2.87379
-2.83699
-2.82228
-2.71877
-2.74005
-2.47394
-2.7067
-1.96036
-3.01207
-0.699736
-4.67862
3.089
3.10448
3.12087
3.13805
3.15616
3.17518
3.19519
3.21624
3.23834
3.26159
3.28601
3.31164
3.33856
3.36683
3.39647
3.42755
3.46015
3.4943
3.5301
3.56755
3.60673
3.64774
3.69059
3.73531
3.78199
3.83066
3.88139
3.93419
3.98908
4.0461
4.10525
4.16651
4.22992
4.29545
4.36301
4.43253
4.50397
4.57722
4.65211
4.72849
4.80615
4.88486
4.96438
5.04434
5.12443
5.20427
5.28337
5.3612
5.43731
5.51106
5.58182
5.64898
5.71176
5.76944
5.82135
5.86667
5.90462
5.93452
5.95561
5.96727
5.96896
5.96019
5.94065
5.9101
5.86852
5.81602
5.75379
5.69106
5.63046
5.56198
5.4851
5.40042
5.30832
5.21445
5.10329
5.05047
4.80698
5.26397
3.52993
8.14041
2.61451
2.59982
2.58403
2.56776
2.55075
2.53272
2.51362
2.49349
2.47229
2.44993
2.42634
2.40144
2.37518
2.34748
2.31827
2.28754
2.2553
2.22168
2.18674
2.15003
2.11078
2.06867
2.02434
1.97881
1.93251
1.88523
1.83628
1.78455
1.72864
1.66767
1.60189
1.53173
1.45704
1.37779
1.29454
1.20774
1.11728
1.02279
0.924056
0.820999
0.713614
0.601941
0.485978
0.365792
0.241467
0.113144
-0.0189543
-0.154581
-0.293378
-0.434937
-0.578749
-0.724247
-0.870716
-1.01738
-1.16335
-1.30765
-1.44917
-1.58677
-1.7192
-1.84514
-1.96325
-2.0722
-2.17058
-2.25725
-2.33064
-2.39052
-2.43431
-2.4608
-2.46978
-2.47813
-2.45798
-2.45928
-2.37883
-2.41645
-2.18353
-2.42642
-1.73321
-2.77597
-0.56056
-4.5016
2.62731
2.63985
2.65312
2.66705
2.68171
2.69715
2.7134
2.73046
2.74843
2.76733
2.78716
2.808
2.82991
2.85293
2.87707
2.90243
2.92903
2.95693
2.98621
3.01686
3.04895
3.08257
3.11774
3.15452
3.19297
3.23311
3.275
3.3187
3.36421
3.41158
3.46085
3.51199
3.56507
3.62008
3.67697
3.73573
3.79634
3.8587
3.92275
3.9884
4.05551
4.12392
4.19345
4.26385
4.33494
4.40639
4.47783
4.5489
4.6192
4.68829
4.75558
4.8206
4.88274
4.94133
4.99579
5.0454
5.08945
5.12729
5.15819
5.18152
5.19676
5.2033
5.20074
5.18877
5.16719
5.13602
5.09617
5.05355
5.01108
4.96208
4.90603
4.84342
4.77499
4.70453
4.62415
4.58551
4.40619
4.83719
3.24068
7.81235
2.19952
2.18774
2.1751
2.16206
2.1484
2.13393
2.11862
2.10246
2.08545
2.06751
2.04857
2.0286
2.00754
1.98533
1.96188
1.93718
1.91114
1.88376
1.85509
1.82523
1.79423
1.76163
1.72672
1.68931
1.65003
1.60982
1.56904
1.52731
1.48383
1.43745
1.38707
1.33243
1.27384
1.21141
1.14493
1.07467
1.00122
0.924797
0.845121
0.761892
0.67497
0.584356
0.49007
0.392154
0.290644
0.185611
0.0771815
-0.0344871
-0.149158
-0.266561
-0.386321
-0.508052
-0.631228
-0.755257
-0.879497
-1.00316
-1.1254
-1.2453
-1.36184
-1.47395
-1.58044
-1.6802
-1.77197
-1.85472
-1.92695
-1.98843
-2.03661
-2.06912
-2.08551
-2.1023
-2.09423
-2.10694
-2.04538
-2.09486
-1.8925
-2.14038
-1.50139
-2.5269
-0.417764
-4.28856
2.20983
2.21995
2.23067
2.24191
2.25377
2.26626
2.27939
2.2932
2.30774
2.32304
2.33912
2.35603
2.37381
2.39249
2.41211
2.43273
2.45438
2.4771
2.50095
2.52595
2.55216
2.57963
2.60841
2.63854
2.67008
2.70304
2.73748
2.77347
2.811
2.85013
2.89091
2.93332
2.97742
3.02322
3.07068
3.11985
3.17068
3.22314
3.2772
3.33279
3.38984
3.44822
3.50782
3.56849
3.63005
3.69231
3.75498
3.81779
3.88043
3.94256
4.00373
4.06356
4.12157
4.17719
4.22996
4.27926
4.32446
4.36503
4.4003
4.42968
4.45265
4.46865
4.47724
4.4781
4.47093
4.45567
4.43301
4.40634
4.37854
4.34561
4.30709
4.26346
4.21566
4.16638
4.1137
4.0892
3.97051
4.37516
2.92906
7.39452
1.81424
1.80498
1.79505
1.78478
1.77403
1.76264
1.7506
1.73789
1.72451
1.71039
1.6955
1.67979
1.66322
1.64574
1.6273
1.60786
1.58737
1.56576
1.54302
1.51913
1.49414
1.46815
1.44114
1.41258
1.38182
1.34879
1.31426
1.27906
1.24348
1.20705
1.16891
1.12796
1.08348
1.03548
0.98411
0.929287
0.871077
0.809988
0.746445
0.680354
0.611394
0.539371
0.464226
0.385994
0.304706
0.2204
0.13314
0.0430137
-0.0498315
-0.145209
-0.242875
-0.342544
-0.443853
-0.546364
-0.649592
-0.752953
-0.855791
-0.957392
-1.05694
-1.15358
-1.24634
-1.33429
-1.41635
-1.49164
-1.55882
-1.61767
-1.66581
-1.70036
-1.72058
-1.7421
-1.74217
-1.76246
-1.71578
-1.7734
-1.59778
-1.84706
-1.2597
-2.26253
-0.263295
-4.04073
1.82238
1.83038
1.83886
1.84776
1.85714
1.86702
1.87743
1.88837
1.89989
1.91203
1.92479
1.93823
1.95235
1.9672
1.98281
1.99923
2.01647
2.03458
2.05359
2.07356
2.09453
2.1165
2.13955
2.1637
2.189
2.2155
2.2432
2.27219
2.30248
2.33411
2.36712
2.40151
2.43735
2.47464
2.51337
2.55357
2.59526
2.6384
2.68298
2.72897
2.77629
2.82492
2.87476
2.9257
2.97762
3.03037
3.08379
3.13765
3.19169
3.24569
3.29932
3.35224
3.40411
3.45446
3.50291
3.54899
3.59216
3.63195
3.66783
3.69927
3.72579
3.74691
3.76218
3.77131
3.77401
3.77017
3.76028
3.74584
3.72958
3.70954
3.68537
3.65757
3.62715
3.5963
3.56735
3.55587
3.49107
3.86818
2.57206
6.8958
1.46052
1.4534
1.44575
1.43783
1.42954
1.42077
1.41149
1.40169
1.39137
1.38048
1.36899
1.35687
1.34408
1.33058
1.31635
1.30135
1.28553
1.26882
1.2512
1.23266
1.21314
1.19267
1.17131
1.14917
1.12607
1.10147
1.0748
1.04618
1.01647
0.986408
0.956074
0.924884
0.891939
0.856389
0.817844
0.776374
0.731996
0.684672
0.634769
0.582818
0.52893
0.472859
0.414364
0.353376
0.289912
0.224011
0.155708
0.0850306
0.0120499
-0.0631133
-0.140315
-0.219341
-0.299963
-0.381866
-0.464703
-0.548056
-0.63143
-0.714285
-0.796007
-0.875926
-0.953286
-1.02733
-1.09718
-1.16214
-1.22103
-1.27375
-1.31812
-1.3513
-1.37221
-1.39514
-1.39979
-1.42414
-1.38838
-1.45069
-1.29749
-1.54523
-1.00385
-1.9806
-0.0880851
-3.75441
1.46679
1.47295
1.47948
1.48633
1.49356
1.50117
1.50918
1.51761
1.52648
1.53583
1.54567
1.55602
1.5669
1.57835
1.59039
1.60306
1.61636
1.63033
1.64502
1.66044
1.67663
1.69363
1.71145
1.73014
1.74974
1.77027
1.79175
1.81425
1.83778
1.86238
1.88808
1.91489
1.94288
1.97204
2.00236
2.03391
2.06669
2.10068
2.13589
2.17231
2.20989
2.24863
2.28848
2.32934
2.37114
2.4138
2.45721
2.5012
2.54559
2.59023
2.63484
2.6792
2.72306
2.76604
2.80784
2.84813
2.88646
2.92244
2.95563
2.98566
3.01207
3.03446
3.05247
3.06582
3.07425
3.07766
3.07639
3.07069
3.06291
3.05252
3.0393
3.02386
3.00717
2.99128
2.98119
2.98019
2.96068
3.30903
2.15162
6.31548
1.09482
1.08959
1.08397
1.07814
1.07204
1.0656
1.05878
1.05159
1.04401
1.03601
1.02758
1.01868
1.00931
0.99942
0.989001
0.978017
0.966433
0.954218
0.941339
0.927769
0.913465
0.898421
0.882641
0.866151
0.849036
0.831347
0.812822
0.792853
0.771036
0.747767
0.723956
0.70018
0.676313
0.651775
0.625777
0.597728
0.56746
0.534902
0.499919
0.462696
0.423709
0.383152
0.340791
0.296326
0.24966
0.200867
0.15006
0.0973186
0.0427076
-0.0137026
-0.0718052
-0.131451
-0.19246
-0.254614
-0.317661
-0.381302
-0.445185
-0.508916
-0.572052
-0.634113
-0.694536
-0.75276
-0.808121
-0.860109
-0.907773
-0.951104
-0.988224
-1.01685
-1.03548
-1.05674
-1.06257
-1.08756
-1.05889
-1.12237
-0.987074
-1.22965
-0.729179
-1.6713
0.110559
-3.3883
1.09945
1.10401
1.10885
1.11393
1.11928
1.12494
1.1309
1.13718
1.14379
1.15076
1.15809
1.16582
1.17396
1.18253
1.19156
1.20105
1.21103
1.22154
1.23259
1.24421
1.2564
1.26922
1.2827
1.29683
1.31166
1.32721
1.3435
1.36058
1.37846
1.39716
1.41671
1.43713
1.45845
1.48068
1.50383
1.52793
1.55298
1.57897
1.60591
1.63383
1.66265
1.69239
1.72301
1.75445
1.78668
1.81962
1.85321
1.88734
1.92189
1.95672
1.99168
2.02661
2.06131
2.09554
2.12907
2.16166
2.19298
2.22277
2.25068
2.27643
2.29967
2.32007
2.33743
2.35144
2.36191
2.36881
2.37232
2.37198
2.36978
2.36596
2.36045
2.3539
2.34704
2.34192
2.34455
2.34852
2.36197
2.6784
1.63752
5.59361
0.797144
0.79359
0.789775
0.785824
0.781684
0.777295
0.772647
0.767749
0.762577
0.757101
0.751327
0.745233
0.738791
0.731995
0.724828
0.717249
0.709245
0.700805
0.691894
0.682479
0.67254
0.662051
0.650992
0.639359
0.627181
0.614494
0.601367
0.587784
0.573335
0.557388
0.539791
0.521207
0.502472
0.483776
0.464607
0.444194
0.421928
0.39771
0.371732
0.344046
0.314792
0.284526
0.25374
0.222375
0.190056
0.156478
0.12154
0.0852805
0.0477676
0.00904524
-0.0308393
-0.0718216
-0.113802
-0.156655
-0.200217
-0.24431
-0.288695
-0.333114
-0.377263
-0.42083
-0.463421
-0.504662
-0.544087
-0.581381
-0.615811
-0.647502
-0.674892
-0.696694
-0.710798
-0.727951
-0.732159
-0.754984
-0.729901
-0.791712
-0.669551
-0.903612
-0.438671
-1.33094
0.325325
-2.89392
0.800252
0.803265
0.80647
0.80983
0.813368
0.817092
0.821005
0.825127
0.829471
0.834037
0.838829
0.843867
0.84917
0.854748
0.860607
0.866753
0.873212
0.880008
0.887138
0.894616
0.902458
0.910693
0.919345
0.928405
0.937899
0.947851
0.95828
0.969199
0.980631
0.9926
1.00511
1.01819
1.03186
1.04612
1.061
1.07652
1.0927
1.10952
1.127
1.14516
1.16398
1.18344
1.20356
1.2243
1.24565
1.26755
1.28997
1.31286
1.33613
1.3597
1.38347
1.40734
1.43116
1.4548
1.47811
1.50089
1.52294
1.54409
1.56411
1.58281
1.59993
1.61527
1.6287
1.63998
1.64902
1.65582
1.66051
1.66261
1.66302
1.66241
1.66083
1.65895
1.6573
1.65825
1.668
1.67221
1.70527
1.98705
1.04215
4.66599
0.332205
0.329879
0.327357
0.324729
0.321974
0.319057
0.31597
0.312709
0.309263
0.305615
0.301762
0.29769
0.293377
0.288811
0.283987
0.278874
0.273451
0.267705
0.261609
0.255134
0.248255
0.240938
0.23315
0.224857
0.216037
0.206646
0.196602
0.185777
0.174006
0.161151
0.147237
0.133154
0.121608
0.116772
0.122263
0.13901
0.164383
0.192706
0.216827
0.230491
0.230438
0.217306
0.195123
0.169243
0.143433
0.118774
0.0947773
0.0707815
0.0465194
0.0220306
-0.00257642
-0.0272473
-0.0519658
-0.0767162
-0.101454
-0.126134
-0.150679
-0.175005
-0.198993
-0.222528
-0.245435
-0.267561
-0.288676
-0.308679
-0.327089
-0.344191
-0.358732
-0.370792
-0.377862
-0.388357
-0.388247
-0.406015
-0.381971
-0.437351
-0.329473
-0.53802
-0.136399
-0.890653
0.476173
-2.02075
0.334291
0.336374
0.338595
0.340931
0.343402
0.346006
0.348744
0.351645
0.354715
0.357948
0.361348
0.364932
0.368718
0.372706
0.376901
0.381312
0.385959
0.390857
0.395993
0.401386
0.407056
0.413009
0.419249
0.425784
0.432625
0.43978
0.447262
0.455069
0.463209
0.4717
0.48053
0.489713
0.49924
0.509111
0.519328
0.529894
0.540806
0.55204
0.563608
0.575495
0.587673
0.600136
0.612884
0.62589
0.639123
0.652577
0.666206
0.679982
0.693874
0.707826
0.721807
0.735744
0.749586
0.763257
0.776702
0.789827
0.80255
0.814822
0.826509
0.837516
0.84772
0.857012
0.865332
0.872512
0.878522
0.883353
0.887087
0.889096
0.890439
0.891617
0.892802
0.894408
0.896124
0.899052
0.907465
0.898861
0.916485
1.14839
0.30676
3.20557
0.286686
0.286706
0.286745
0.286785
0.286814
0.286841
0.286866
0.286887
0.286901
0.286917
0.28694
0.286965
0.286994
0.287029
0.287083
0.28716
0.287266
0.287411
0.287608
0.287877
0.288243
0.288728
0.289351
0.290085
0.290863
0.291613
0.292446
0.293979
0.297613
0.305417
0.319196
0.338518
0.35879
0.371196
0.365412
0.333779
0.274814
0.194876
0.107455
0.0295233
-0.0246324
-0.0495436
-0.0505134
-0.0392508
-0.0263983
-0.017144
-0.0118428
-0.00901791
-0.0075511
-0.00715562
-0.00790588
-0.00984344
-0.0128724
-0.0168515
-0.021626
-0.0270626
-0.0330233
-0.0393776
-0.0459876
-0.052738
-0.0595035
-0.0661946
-0.0726791
-0.078964
-0.0847859
-0.090524
-0.0953853
-0.100484
-0.102385
-0.107233
-0.104581
-0.116036
-0.0976333
-0.136803
-0.0636633
-0.200128
0.0485733
-0.383506
0.386309
-0.86858
0.286638
0.286549
0.286449
0.286328
0.286192
0.286041
0.285862
0.285661
0.285439
0.285188
0.284905
0.284588
0.284239
0.283852
0.283424
0.282951
0.282433
0.281872
0.281254
0.280585
0.279868
0.279092
0.278258
0.277368
0.276425
0.275424
0.274376
0.273275
0.272129
0.270948
0.269736
0.268501
0.267246
0.265991
0.264746
0.26352
0.262329
0.261183
0.260112
0.259116
0.258207
0.257398
0.256712
0.256147
0.255715
0.255426
0.255278
0.255273
0.255414
0.255703
0.256148
0.256722
0.257421
0.258206
0.259051
0.259898
0.260711
0.26147
0.262112
0.26262
0.262985
0.263206
0.263301
0.263255
0.263173
0.263057
0.263101
0.264466
0.263997
0.262397
0.259741
0.256495
0.253121
0.252487
0.260823
0.263979
0.286867
0.415614
-0.0249052
1.358
)
;

boundaryField
{
    inlet
    {
        type            freestreamPressure;
        freestreamValue uniform 0;
        value           nonuniform List<scalar> 
134
(
0.756331
0.0602353
-0.667087
-1.29868
-1.75486
-2.03314
-2.07961
-1.88952
-1.46668
-0.688276
-0.128639
-0.207929
-0.348085
-0.480721
-0.61511
-0.755933
-0.904448
-1.06142
-1.22906
-1.41134
1.43503
-1.61373
-1.83895
-2.07642
-2.29921
-2.45972
-2.53718
-2.67396
-2.67703
-2.72908
-3.25349
-2.99235
-3.00254
-3.05967
-3.10198
-3.12261
-3.1425
-3.19525
-3.32858
-3.49056
2.07315
2.72853
3.28027
3.57883
3.5142
2.89854
1.54101
-3.84525
-3.7598
-3.62719
-3.54089
-3.47678
-3.4051
-3.32445
-3.24192
-3.15959
-3.0763
-2.99102
-2.90374
-2.81449
-2.72274
-2.62759
-2.52746
-2.41963
-2.30131
-2.16884
-2.08467
-2.00578
-1.91077
-1.80021
-1.67243
-1.50905
-1.2885
-0.899416
-0.386388
0.521536
1.16236
1.87722
2.58622
3.27725
3.9338
4.49159
4.91783
5.22224
5.41472
5.52176
5.57299
5.59417
5.60611
5.63916
5.74205
5.93372
6.14314
6.31498
6.45584
6.57783
6.68322
6.7682
6.83084
6.87231
6.89637
6.91197
6.93723
7.01803
7.22409
7.66936
7.85865
7.67278
7.45838
7.32159
7.21
7.08303
6.94397
6.80328
6.66217
6.5178
6.36854
6.21366
6.05224
5.88245
5.70151
5.50578
5.28837
5.04425
4.74431
4.55586
4.37286
4.13972
3.86139
3.53742
3.13418
2.61555
1.79772
0.762166
)
;
    }
    outlet
    {
        type            freestreamPressure;
        freestreamValue uniform 0;
        value           nonuniform List<scalar> 
160
(
0.000736993
0.000736931
0.000736979
0.00073677
0.000737011
0.000736584
0.000737038
0.00073635
0.000737037
0.000736084
0.000737023
0.000735782
0.000737
0.000735413
0.00073696
0.000734996
0.000736899
0.000734528
0.000736837
0.000733994
0.000736783
0.000733385
0.000736731
0.000732695
0.000736679
0.000731933
0.000736637
0.00073108
0.000736636
0.000730132
0.000736684
0.000729079
0.000736797
0.00072792
0.000737
0.000726662
0.000737322
0.000725272
0.000737815
0.000723761
0.000738542
0.000722142
0.000739562
0.000720387
0.00074094
0.000718498
0.000742628
0.000716484
0.000744461
0.000714349
0.000746225
0.000712087
0.000748073
0.000709722
0.000751359
0.000707246
0.000759438
0.000704676
0.000777509
0.000702044
0.000810406
0.000699356
0.000857683
0.00069664
0.000908704
0.000693906
0.000942034
0.000691201
0.000931344
0.000688562
0.000855407
0.00068601
0.000707826
0.00068359
0.000503389
0.000681334
0.000277542
0.000679319
7.60354e-05
0.000677556
-6.31516e-05
0.000676073
-0.000126416
0.000674918
-0.000128404
0.000674151
-9.95492e-05
0.000673776
-6.68922e-05
0.000673831
-4.34386e-05
0.000674353
-3.00128e-05
0.000675342
-2.28583e-05
0.000676817
-1.91426e-05
0.000678797
-1.81419e-05
0.000681301
-2.00468e-05
0.000684359
-2.49649e-05
0.000687917
-3.26561e-05
0.000691982
-4.27665e-05
0.000696464
-5.49096e-05
0.000701309
-6.87548e-05
0.000706382
-8.39619e-05
0.0007116
-0.00010021
0.000716924
-0.000117163
0.000722204
-0.000134542
0.000727405
-0.000152043
0.000732516
-0.000169454
0.000737554
-0.000186455
0.000742584
-0.000203077
0.000747579
-0.000218671
0.000752851
-0.000234201
0.000758446
-0.000247688
0.000764943
-0.000261777
0.000774758
-0.000267693
0.000778717
-0.000281208
0.00077996
-0.000275821
0.000778673
-0.000306617
0.000776253
-0.000260841
0.000774129
-0.000363847
0.000781156
-0.000173884
0.000817162
-0.000531098
0.00083981
0.000138796
0.000926952
-0.000982683
0.00136327
0.00122782
-8.6821e-05
-0.00192587
0.00429772
)
;
    }
    walls
    {
        type            zeroGradient;
    }
    frontAndBack
    {
        type            empty;
    }
}


// ************************************************************************* //
