/*--------------------------------*- C++ -*----------------------------------*\
| =========                 |                                                 |
| \\      /  F ield         | OpenFOAM: The Open Source CFD Toolbox           |
|  \\    /   O peration     | Version:  2412                                  |
|   \\  /    A nd           | Website:  www.openfoam.com                      |
|    \\/     M anipulation  |                                                 |
\*---------------------------------------------------------------------------*/
FoamFile
{
    version     2.0;
    format      ascii;
    arch        "LSB;label=32;scalar=64";
    class       volScalarField;
    location    "350";
    object      p;
}
// * * * * * * * * * * * * * * * * * * * * * * * * * * * * * * * * * * * * * //

dimensions      [0 2 -2 0 0 0 0];

internalField   nonuniform List<scalar> 
10720
(
186.702
141.707
87.5562
31.3241
-23.7486
-80.5945
-132.634
-177.686
-216.752
-247.037
-268.636
-281.813
-286.78
-283.525
-270.846
-247.81
-217.472
-189.131
-180.225
-191.605
-198.329
-196.43
-195.267
-194.669
-194.957
-194.963
-194.792
-194.41
-193.552
-192.061
-190.224
-188.482
-186.176
-182.036
-176.101
-168.007
-163.671
-128.813
-158.319
228.568
265.549
301.204
330.239
347.839
353.665
350.401
335.942
311.852
282.856
252.854
224.351
198.103
174.502
153.664
134.505
116.777
99.8081
83.2223
66.3578
49.1709
31.271
12.7762
-5.81657
-22.2111
-35.2134
-46.185
-55.4566
-62.9423
-68.8138
-73.3834
-76.9031
-79.6344
-81.8524
-83.9385
-86.2793
-89.3675
-93.3833
-101.296
218.365
184.673
145.567
102.633
57.4437
10.4675
-35.7589
-79.3649
-119.311
-153.919
-182.547
-204.676
-219.423
-225.405
-222.187
-209.857
-191.173
-174.744
-175.699
-191.755
-197.039
-195.593
-194.745
-194.236
-194.601
-194.605
-194.43
-194.073
-193.25
-191.786
-189.97
-188.256
-185.99
-181.881
-176.008
-167.878
-163.965
-130.289
-161.32
247.675
274.541
299.836
321.508
336.061
342.286
339.82
328.29
309.455
286.003
260.43
234.664
209.769
186.387
164.821
144.709
125.85
107.842
90.3322
72.8305
55.1853
37.1153
18.7024
0.45027
-15.8496
-29.1136
-40.3059
-50.0087
-58.2704
-65.0015
-70.303
-74.4007
-77.5862
-80.1591
-82.5092
-85.0322
-88.2104
-92.3077
-99.7984
216.917
187.063
152.244
113.025
71.3201
27.6445
-16.5143
-59.1275
-98.7507
-134.143
-163.993
-187.234
-203.047
-211.103
-211.383
-204.381
-192.056
-179.365
-176.514
-187.097
-193.768
-194.589
-193.813
-193.748
-194.257
-194.306
-194.151
-193.829
-193.048
-191.607
-189.802
-188.099
-185.869
-181.78
-175.989
-167.701
-164.072
-131.534
-164.361
242.864
266.668
288.807
307.553
320.316
326.488
325.437
316.779
301.623
281.632
258.744
234.76
210.911
187.983
166.428
146.225
127.2
109.065
91.4877
74.0585
56.5517
38.7548
20.7164
2.87757
-13.3616
-26.9508
-38.4413
-48.3305
-56.6588
-63.3826
-68.6819
-72.8393
-76.1455
-78.8697
-81.3647
-83.9995
-87.2334
-91.3264
-98.3033
214.89
189.812
160.359
127.253
91.836
54.1846
15.6529
-22.3033
-58.5224
-91.8092
-120.983
-145.099
-163.34
-175.586
-181.516
-181.496
-177.11
-171.948
-171.638
-179.069
-186.445
-190.756
-192.52
-192.92
-193.702
-193.953
-193.886
-193.608
-192.871
-191.458
-189.668
-187.975
-185.782
-181.704
-176.012
-167.559
-164.191
-132.715
-166.886
236.694
256.665
275.495
291.736
303.146
309.274
309.377
303.016
291.01
274.513
254.996
233.923
212.347
191.025
170.452
150.774
131.94
113.798
96.1129
78.5847
61.0086
43.2377
25.3189
7.65289
-8.62301
-22.5268
-34.3513
-44.567
-53.2666
-60.4328
-66.2091
-70.8231
-74.519
-77.5494
-80.2613
-83.0281
-86.3036
-90.3525
-96.8055
207.927
185.854
159.821
130.45
98.9839
65.1889
30.1966
-4.74928
-38.7521
-70.7054
-99.5226
-124.293
-144.217
-158.675
-167.37
-170.359
-168.95
-166.217
-166.679
-172.787
-179.432
-184.195
-188.686
-191.519
-192.817
-193.369
-193.528
-193.356
-192.683
-191.306
-189.538
-187.861
-185.714
-181.644
-176.049
-167.427
-164.334
-133.927
-168.901
227.149
244.664
261.283
275.72
286.13
292.194
293.163
288.617
279.126
265.494
248.824
230.286
210.761
190.948
171.371
152.287
133.766
115.768
98.1514
80.7061
63.2559
45.6901
28.0538
10.6984
-5.46065
-19.5383
-31.6252
-42.1106
-51.0852
-58.5201
-64.5273
-69.3232
-73.1574
-76.298
-79.0942
-81.9138
-85.1895
-89.1794
-95.115
199.894
180.413
157.381
131.424
103.672
73.695
42.4989
11.0933
-19.8523
-49.3739
-76.5566
-100.597
-120.72
-136.333
-147.318
-153.78
-156.593
-157.808
-160.531
-166.889
-173.596
-178.198
-182.895
-188.167
-191.386
-192.492
-192.96
-193.013
-192.457
-191.134
-189.401
-187.752
-185.663
-181.6
-176.091
-167.291
-164.463
-135.161
-170.445
216.901
232.371
247.187
260.196
269.814
275.783
277.372
274.211
266.707
255.451
241.294
225.177
207.804
189.774
171.578
153.502
135.682
118.155
100.856
83.6555
66.4248
49.0925
31.7134
14.6081
-1.46118
-15.6996
-28.0464
-38.7964
-48.0419
-55.7622
-62.0586
-67.14
-71.2496
-74.6463
-77.6601
-80.6393
-83.9917
-87.9601
-93.4526
191.066
173.606
152.933
129.641
104.813
77.8819
49.7313
21.2254
-7.16277
-34.6034
-60.3311
-83.6643
-103.893
-120.48
-133.108
-141.765
-147.041
-150.541
-154.556
-160.892
-167.817
-173.008
-177.47
-183.099
-188.501
-191.168
-192.141
-192.491
-192.147
-190.923
-189.242
-187.636
-185.621
-181.569
-176.134
-167.143
-164.554
-136.382
-171.508
206.34
220.211
233.6
245.463
254.426
260.268
262.302
260.196
254.26
244.938
232.903
218.912
203.519
187.214
170.43
153.445
136.427
119.474
102.588
85.708
68.7612
51.7149
34.6352
17.8133
1.88874
-12.4291
-24.9738
-35.949
-45.4405
-53.4318
-60.0052
-65.3505
-69.6971
-73.2936
-76.4569
-79.5247
-82.8851
-86.7702
-91.7909
182.104
166.33
147.642
126.612
104.279
80.0001
54.5711
28.7367
2.83019
-22.452
-46.4691
-68.6646
-88.422
-105.232
-118.817
-129.177
-136.671
-142.397
-147.928
-154.628
-161.805
-167.82
-172.712
-177.928
-184.021
-188.778
-190.967
-191.733
-191.677
-190.628
-189.04
-187.5
-185.578
-181.545
-176.167
-166.979
-164.59
-137.556
-172.059
195.938
208.49
220.699
231.613
240.01
245.702
248.047
246.745
242.044
234.292
224.036
211.902
198.321
183.684
168.356
152.579
136.53
120.332
104.033
87.625
71.0816
54.405
37.674
21.1572
5.40973
-8.93286
-21.6337
-32.8086
-42.5273
-50.7738
-57.6127
-63.2153
-67.7998
-71.6078
-74.943
-78.1312
-81.5351
-85.3708
-89.9631
173.229
158.86
141.832
122.695
102.448
80.4138
57.3057
33.7825
10.0628
-13.2597
-35.6614
-56.7004
-75.8461
-92.6572
-106.84
-118.342
-127.33
-134.591
-141.284
-148.439
-155.819
-162.429
-168.041
-173.285
-179.025
-184.96
-189.042
-190.677
-190.986
-190.196
-188.76
-187.325
-185.52
-181.518
-176.185
-166.79
-164.551
-138.65
-172.049
185.861
197.318
208.54
218.645
226.54
232.068
234.625
233.939
230.211
223.734
214.962
204.42
192.45
179.356
165.437
150.887
135.87
120.517
104.898
89.0456
72.9751
56.72
40.3714
24.1832
8.64523
-5.66919
-18.479
-29.8216
-39.7443
-48.229
-55.324
-61.1811
-66.0047
-70.0256
-73.5322
-76.8347
-80.2696
-84.0294
-88.2173
164.599
151.425
135.816
118.298
99.8355
79.7337
58.6472
37.1628
15.4159
-6.08545
-26.9182
-46.7352
-65.0876
-81.6045
-96.005
-108.222
-118.336
-126.844
-134.566
-142.273
-149.939
-156.951
-163.189
-168.874
-174.4
-180.292
-185.922
-189.088
-190.013
-189.559
-188.364
-187.083
-185.428
-181.475
-176.173
-166.567
-164.42
-139.629
-171.512
176.208
186.737
197.114
206.52
213.964
219.315
222.013
221.795
218.839
213.398
205.859
196.675
186.121
174.433
161.849
148.516
134.572
120.139
105.294
90.0938
74.5835
58.8202
42.9076
27.086
11.7994
-2.42958
-15.2943
-26.7661
-36.8633
-45.5636
-52.8987
-58.9993
-64.0543
-68.2829
-71.9573
-75.3728
-78.8382
-82.5259
-86.3213
156.287
144.141
129.754
113.63
96.7007
78.2679
58.9356
39.2321
19.2367
-0.617014
-19.9892
-38.6142
-56.1163
-72.1862
-86.5761
-99.1854
-110.041
-119.434
-127.944
-136.151
-144.139
-151.505
-158.182
-164.376
-170.115
-175.66
-181.71
-186.578
-188.638
-188.667
-187.797
-186.74
-185.276
-181.398
-176.12
-166.299
-164.172
-140.456
-170.509
167.015
176.743
186.383
195.179
202.216
207.383
210.163
210.302
207.96
203.363
196.85
188.821
179.5
169.072
157.726
145.565
132.692
119.211
105.197
90.7153
75.8288
60.6131
45.1784
29.7549
14.7554
0.660835
-12.2101
-23.774
-34.0188
-42.9135
-50.4742
-56.81
-62.0926
-66.5279
-70.3716
-73.9018
-77.3992
-81.0085
-84.4483
148.327
137.077
123.755
108.845
93.2467
76.2673
58.4702
40.3359
21.8989
3.53516
-14.4815
-31.9532
-48.5694
-64.0789
-78.2652
-91.0095
-102.322
-112.344
-121.469
-130.115
-138.412
-146.12
-153.142
-159.708
-165.838
-171.388
-177.108
-182.964
-186.594
-187.448
-187.007
-186.257
-185.029
-181.265
-176.005
-165.974
-163.796
-141.09
-169.112
158.288
167.319
176.31
184.565
191.229
196.207
199.025
199.436
197.582
193.676
188.017
180.967
172.715
163.406
153.192
142.136
130.309
117.791
104.644
90.9327
76.728
62.1145
47.2032
32.2171
17.5451
3.6363
-9.18785
-20.8012
-31.1598
-40.222
-47.9879
-54.5447
-60.0454
-64.6813
-68.6903
-72.3322
-75.8586
-79.3875
-82.4869
140.734
130.269
117.884
104.039
89.6053
73.9005
57.4517
40.7022
23.6515
6.62692
-10.1462
-26.5273
-42.2602
-57.1443
-70.999
-83.695
-95.2311
-105.653
-115.218
-124.219
-132.784
-140.791
-148.129
-154.955
-161.406
-167.257
-172.721
-178.588
-183.61
-185.757
-185.94
-185.577
-184.647
-181.039
-175.809
-165.575
-163.276
-141.497
-167.377
150.017
158.436
166.85
174.617
180.938
185.727
188.55
189.161
187.699
184.359
179.414
173.194
165.865
157.546
148.352
138.322
127.496
115.929
103.664
90.755
77.2731
63.3033
48.9556
34.4434
20.1371
6.46032
-6.26742
-17.888
-28.3274
-37.5301
-45.4807
-52.2444
-57.9544
-62.7858
-66.9577
-70.7104
-74.266
-77.7129
-80.5028
133.505
123.737
112.182
99.2789
85.8716
71.2918
56.0337
40.5109
24.6952
8.87676
-6.75974
-22.1175
-36.9876
-51.211
-64.6426
-77.1544
-88.7323
-99.3745
-109.228
-118.495
-127.279
-135.524
-143.142
-150.195
-156.843
-163.024
-168.594
-174.078
-179.687
-183.353
-184.523
-184.652
-184.078
-180.681
-175.5
-165.082
-162.608
-141.658
-165.357
142.185
150.059
157.957
165.282
171.284
175.885
178.685
179.446
178.295
175.421
171.074
165.56
159.027
151.575
143.298
134.21
124.327
113.681
102.294
90.2037
77.4728
64.1812
50.433
36.4302
22.5272
9.12823
-3.45339
-15.0367
-25.5201
-34.8329
-42.9438
-49.8967
-55.8036
-60.822
-65.1514
-69.0114
-72.5944
-75.9587
-78.4611
126.631
117.485
106.671
94.6072
82.111
68.5291
54.3291
39.8967
25.1857
10.455
-4.14417
-18.5495
-32.5906
-46.1452
-59.0953
-71.3251
-82.8073
-93.5208
-103.533
-112.975
-121.922
-130.344
-138.182
-145.447
-152.24
-158.632
-164.486
-169.824
-175.259
-180.068
-182.585
-183.416
-183.257
-180.131
-175.039
-164.47
-161.782
-141.556
-163.086
134.771
142.155
149.588
156.509
162.213
166.628
169.386
170.253
169.352
166.862
163.016
158.102
152.257
145.565
138.106
129.876
120.872
111.103
100.573
89.3019
77.3373
64.7492
51.6303
38.1679
24.7028
11.624
-0.764384
-12.2661
-22.7561
-32.1472
-40.3929
-47.5157
-53.6059
-58.8021
-63.2834
-67.2474
-70.8568
-74.1393
-76.3816
120.098
111.512
101.363
90.053
78.3697
65.6792
52.4243
38.9661
25.246
11.4969
-2.15714
-15.6801
-28.9324
-41.8222
-54.2571
-66.136
-77.42
-88.0864
-98.146
-107.678
-116.727
-125.273
-133.268
-140.707
-147.638
-154.145
-160.237
-165.733
-170.846
-176.004
-179.917
-181.763
-182.116
-179.327
-174.366
-163.703
-160.792
-141.168
-160.611
127.752
134.694
141.702
148.253
153.676
157.91
160.611
161.551
160.848
158.676
155.253
150.849
145.597
139.571
132.838
125.385
117.192
108.25
98.5451
88.0798
76.8844
65.0138
52.546
39.6518
26.658
13.9386
1.78831
-9.58785
-20.0455
-29.4814
-37.8337
-45.1043
-51.3617
-56.7243
-61.3498
-65.413
-69.0472
-72.2495
-74.2559
113.891
105.811
96.2635
85.6341
74.6806
62.7909
50.3831
37.7998
24.9711
12.1086
-0.683544
-13.3894
-25.8964
-38.1369
-50.041
-61.5229
-72.5357
-83.0621
-93.077
-102.62
-111.711
-120.328
-128.424
-135.984
-143.038
-149.635
-155.85
-161.584
-166.663
-171.595
-176.402
-179.508
-180.563
-178.19
-173.414
-162.742
-159.615
-140.468
-158
121.104
127.645
134.265
140.471
145.632
149.688
152.32
153.307
152.761
150.852
147.785
143.819
139.081
133.637
127.548
120.793
113.342
105.172
96.2533
86.5705
76.1362
64.9878
53.1853
40.8809
28.3863
16.0622
4.19212
-7.01568
-17.4016
-26.8476
-35.2767
-42.6713
-49.0779
-54.5938
-59.3547
-63.5118
-67.1692
-70.294
-72.0905
107.995
100.375
91.3748
81.3611
71.0675
59.8995
48.2564
36.4606
24.4374
12.3793
0.374841
-11.5775
-23.3842
-34.9991
-46.3694
-57.4248
-68.1159
-78.4297
-88.3244
-97.8093
-106.884
-115.519
-123.667
-131.299
-138.438
-145.121
-151.398
-157.284
-162.551
-167.253
-172.206
-176.463
-178.474
-176.643
-172.108
-161.537
-158.203
-139.449
-155.344
114.804
120.979
127.243
133.13
138.042
141.925
144.48
145.492
145.07
143.379
140.615
137.024
132.73
127.796
122.277
116.148
109.372
101.917
93.7389
84.807
75.1165
64.686
53.5559
41.8572
29.8854
17.9883
6.43679
-4.56145
-14.8364
-24.2567
-32.7314
-40.2242
-46.7598
-52.414
-57.2998
-61.5443
-65.2229
-68.2738
-69.885
102.393
95.1938
86.6929
77.2414
67.5457
57.0332
46.0819
35.0001
23.7063
12.3796
1.09487
-10.1613
-21.3125
-32.3278
-43.1704
-53.7836
-64.1193
-74.1674
-83.882
-93.2503
-102.255
-110.859
-119.01
-126.67
-133.852
-140.599
-146.927
-152.872
-158.334
-163.076
-167.734
-172.572
-175.674
-174.592
-170.381
-160.041
-156.496
-138.121
-152.675
108.832
114.67
120.606
126.194
130.871
134.586
137.057
138.078
137.754
136.244
133.736
130.468
126.56
122.073
117.059
111.491
105.327
98.5287
91.0423
82.8238
73.8517
64.126
53.6669
42.5844
31.1555
19.7124
8.514
-2.23606
-12.3616
-21.7203
-30.2081
-37.7715
-44.4141
-50.1899
-55.1887
-59.513
-63.2104
-66.1921
-67.6425
97.069
90.2573
82.2146
73.277
64.1274
54.211
43.89
33.456
22.8262
12.1665
1.54207
-9.07101
-19.6082
-30.0522
-40.3798
-50.545
-60.5053
-70.2506
-79.7384
-88.9403
-97.8276
-106.354
-114.465
-122.11
-129.295
-136.071
-142.444
-148.41
-153.967
-158.892
-163.325
-168.056
-172.031
-171.931
-168.175
-158.21
-154.456
-136.518
-149.949
103.167
108.695
114.326
119.636
124.089
127.641
130.025
131.041
130.792
129.433
127.144
124.156
120.584
116.49
111.922
106.854
101.244
95.0462
88.2014
80.6545
72.3695
63.3295
53.5342
43.0717
32.1984
21.2317
10.4169
-0.0493161
-9.98827
-19.2494
-27.7172
-35.3222
-42.0481
-47.9269
-53.0251
-57.4208
-61.1344
-64.0517
-65.3652
92.0092
85.5545
77.9341
69.4693
60.8194
51.4488
41.7027
31.8608
21.837
11.7877
1.76889
-8.2491
-18.2135
-28.1162
-37.9449
-47.664
-57.2382
-66.6545
-75.8789
-84.874
-93.6025
-102.011
-110.04
-117.632
-124.784
-131.551
-137.945
-143.929
-149.502
-154.571
-159.014
-163.315
-167.578
-168.538
-165.446
-156.015
-152.059
-134.653
-147.093
97.7916
103.033
108.38
113.428
117.67
121.064
123.357
124.359
124.166
122.933
120.832
118.086
114.808
111.059
106.887
102.266
97.1546
91.5046
85.2515
78.332
70.6988
62.3193
53.1745
43.329
33.0191
22.5461
12.1409
1.99083
-7.7263
-16.8546
-25.2689
-32.8855
-39.6693
-45.6309
-50.8138
-55.2712
-58.9978
-61.8565
-63.0562
87.1996
81.0753
73.845
65.8169
57.6269
48.7573
39.5393
30.2388
20.7715
11.2819
1.82109
-7.6468
-17.0761
-26.4672
-35.8168
-45.0966
-54.2803
-63.3515
-72.2858
-81.042
-89.5771
-97.8323
-105.742
-113.244
-120.33
-127.053
-133.435
-139.425
-144.988
-150.101
-154.647
-158.646
-162.598
-164.353
-162.146
-153.445
-149.302
-132.516
-144.08
92.6892
97.6636
102.745
107.547
111.588
114.831
117.032
118.01
117.86
116.731
114.792
112.256
109.236
105.792
101.971
97.7504
93.0871
87.9342
82.2238
75.8875
68.868
61.1194
52.6052
43.3685
33.625
23.6581
13.6836
3.87804
-5.5847
-14.5462
-22.8736
-30.4711
-37.2862
-43.309
-48.5602
-53.0687
-56.8049
-59.6106
-60.7184
82.6268
76.8095
69.9415
62.3182
54.5519
46.1448
37.4126
28.611
19.6544
10.681
1.73496
-7.22208
-16.1515
-25.0601
-33.9511
-42.8033
-51.5974
-60.3157
-68.9417
-77.4346
-85.7473
-93.8176
-101.576
-108.955
-115.943
-122.593
-128.927
-134.901
-140.448
-145.539
-150.134
-154.049
-157.486
-159.475
-158.226
-150.493
-146.211
-130.101
-140.895
87.8437
92.5697
97.4016
101.972
105.823
108.919
111.028
111.975
111.856
110.815
109.015
106.663
103.87
100.696
97.1875
93.3234
89.0637
84.3611
79.1469
73.3496
66.9046
59.7543
51.847
43.2062
34.026
24.5722
15.0449
5.60775
-3.57098
-12.3331
-20.5411
-28.0886
-34.9073
-40.9682
-46.2702
-50.8182
-54.5597
-57.3185
-58.3555
78.2789
72.7475
66.2169
58.97
51.5964
43.6171
35.3342
26.9922
18.5079
10.0104
1.54096
-6.94159
-15.4038
-23.8569
-32.3103
-40.7485
-49.1584
-57.5207
-65.8264
-74.0374
-82.1056
-89.9647
-97.5435
-104.77
-111.631
-118.179
-124.437
-130.361
-135.879
-140.927
-145.49
-149.394
-152.494
-154.217
-153.683
-147.131
-142.829
-127.441
-137.524
83.2409
87.7342
92.3325
96.685
100.355
103.308
105.325
106.238
106.139
105.172
103.493
101.302
98.7101
95.7751
92.5449
89.0004
85.1034
80.8082
76.0468
70.7455
64.8348
58.2483
50.9212
42.8585
34.234
25.2949
16.226
7.17766
-1.69092
-10.2241
-18.2809
-25.7474
-32.542
-38.6172
-43.9508
-48.5259
-52.268
-54.9855
-55.9713
74.1441
68.8802
62.6649
55.7688
48.7605
41.1785
33.3121
25.3965
17.3488
9.29255
1.26546
-6.77499
-14.8001
-22.8245
-30.8612
-38.9002
-46.9336
-54.9421
-62.921
-70.8374
-78.6434
-86.2705
-93.6456
-100.694
-107.4
-113.821
-119.975
-125.821
-131.285
-136.281
-140.768
-144.618
-147.59
-148.942
-148.648
-143.317
-139.201
-124.597
-133.933
78.8676
83.1426
87.5215
91.6676
95.1654
97.9809
99.9066
100.781
100.697
99.7913
98.2165
96.1682
93.7545
91.0329
88.0511
84.7927
81.2217
77.2947
72.9449
68.0986
62.6828
56.6242
49.8479
42.3428
34.2618
25.8353
17.2313
8.58688
0.0509595
-8.22549
-16.1017
-23.4571
-30.199
-36.2637
-41.6095
-46.198
-49.9354
-52.617
-53.5699
70.2121
65.199
59.279
52.711
46.0432
38.8315
31.3528
23.8329
16.1914
8.5453
0.9297
-6.69825
-14.3136
-21.9339
-29.5746
-37.2299
-44.8963
-52.5565
-60.2067
-67.8207
-75.3512
-82.7298
-89.8813
-96.7297
-103.258
-109.525
-115.553
-121.292
-126.674
-131.605
-136.005
-139.749
-142.653
-143.835
-143.402
-139.026
-135.328
-121.647
-130.112
74.7116
78.7814
82.953
86.904
90.2374
92.9208
94.7568
95.5918
95.5143
94.6608
93.1778
91.2558
89.0008
86.4697
83.7104
80.7084
77.4309
73.8365
69.8609
65.4308
60.4714
54.9048
48.6482
41.676
34.1238
26.2031
18.0663
9.8366
1.65191
-6.34381
-14.0113
-21.2266
-27.8876
-33.9168
-39.2544
-43.8422
-47.5689
-50.2194
-51.1557
66.4731
61.6956
56.0531
49.7926
43.4436
36.5777
29.4608
22.3104
15.047
7.78344
0.551761
-6.69049
-13.9217
-21.1603
-28.4251
-35.7128
-43.0232
-50.342
-57.6654
-64.9729
-72.2188
-79.3355
-86.2478
-92.8778
-99.2077
-105.3
-111.177
-116.789
-122.062
-126.905
-131.215
-134.837
-137.637
-138.827
-138.237
-134.347
-131.176
-118.625
-126.092
70.7615
74.638
78.6144
82.3801
85.5567
88.1136
89.8615
90.6547
90.5799
89.7703
88.3682
86.5586
84.4455
82.0854
79.5259
76.7548
73.7417
70.448
66.8116
62.7611
58.2213
53.1117
47.3427
40.8784
33.8361
26.4103
18.7384
10.9302
3.11119
-4.58294
-12.0167
-19.0641
-25.6169
-31.5855
-36.8938
-41.4664
-45.1754
-47.7989
-48.7334
62.9177
58.3625
52.9807
47.0097
40.9594
34.4179
27.64
20.8344
13.925
7.01892
0.146511
-6.73464
-13.6043
-20.4832
-27.3905
-34.3264
-41.2929
-48.279
-55.2794
-62.2789
-69.235
-76.0808
-82.7416
-89.1378
-95.2529
-101.151
-106.857
-112.32
-117.463
-122.193
-126.402
-129.91
-132.576
-133.799
-133.261
-129.513
-126.71
-115.489
-121.926
67.0069
70.7015
74.4929
78.083
81.11
83.5451
85.2073
85.9578
85.8819
85.1098
83.7794
82.0705
80.0853
77.8791
75.4996
72.9363
70.1616
67.1393
63.8107
60.1059
55.9509
51.2641
45.9515
39.9674
33.4138
26.4692
19.2565
11.872
4.42909
-2.94612
-10.1233
-16.9779
-23.3961
-29.2789
-34.5371
-39.0788
-42.763
-45.3629
-46.3083
59.5374
55.1918
50.0563
44.3582
38.5892
32.352
25.8923
19.4107
12.8328
6.26174
-0.273489
-6.8152
-13.3449
-19.8831
-26.4514
-33.051
-39.6862
-46.3489
-53.0321
-59.7249
-66.3882
-72.9576
-79.3575
-85.5094
-91.3958
-97.0835
-102.6
-107.895
-112.888
-117.486
-121.578
-124.977
-127.516
-128.719
-128.368
-124.769
-121.99
-112.12
-117.633
63.4385
66.9608
70.5772
73.9999
76.8845
79.2029
80.7818
81.4893
81.4096
80.6696
79.4032
77.785
75.9152
73.8484
71.6311
69.2557
66.6964
63.9198
60.87
57.48
53.6775
49.3804
44.4925
38.9607
32.8731
26.3931
19.6305
12.6686
5.6083
-1.4344
-8.33612
-14.9742
-21.2332
-27.0062
-32.1931
-36.6886
-40.3401
-42.9183
-43.8852
56.3243
52.1768
47.274
41.8339
36.3298
30.38
24.2199
18.0426
11.7768
5.52095
-0.697529
-6.91963
-13.1283
-19.3448
-25.5906
-31.8691
-38.1857
-44.5346
-50.9081
-57.2979
-63.6687
-69.9578
-76.0911
-81.9895
-87.6364
-93.1012
-98.4131
-103.522
-108.349
-112.798
-116.756
-120.044
-122.476
-123.624
-123.436
-120.19
-117.212
-108.396
-113.148
60.047
63.4061
66.8563
70.1204
72.8689
75.0751
76.5738
77.2384
77.1528
76.4406
75.2317
73.6959
71.9307
69.9904
67.9205
65.7151
63.3509
60.7965
57.9994
54.8959
51.4154
47.4768
42.9831
37.8755
32.2299
26.1962
19.8717
13.3272
6.65227
-0.0479869
-6.6579
-13.0594
-19.1362
-24.7767
-29.8719
-34.3054
-37.9157
-40.4729
-41.4701
53.2704
49.3109
44.6287
39.4328
34.1791
28.5004
22.6232
16.7333
10.7613
4.8023
-1.1172
-7.03778
-12.9432
-18.8546
-24.7939
-30.7655
-36.776
-42.8217
-48.8932
-54.9849
-61.0651
-67.0731
-72.936
-78.5754
-83.9752
-89.2061
-94.301
-99.2103
-103.856
-108.142
-111.954
-115.12
-117.46
-118.558
-118.445
-115.656
-112.593
-104.299
-108.323
56.8242
60.0286
63.321
66.4338
69.0525
71.1514
72.5721
73.195
73.1022
72.4143
71.2574
69.7967
68.1272
66.302
64.3662
62.3151
60.1277
57.7747
55.2071
52.3641
49.1775
45.5682
41.4392
36.7278
31.5
25.8924
19.9913
13.8567
7.56639
1.21483
-5.09102
-11.2381
-17.112
-22.5987
-27.5824
-31.9382
-35.4985
-38.0346
-39.0683
50.369
46.5878
42.1148
37.1507
32.134
26.7124
21.1027
15.4839
9.78982
4.11145
-1.52584
-7.16105
-12.7792
-18.4009
-24.0486
-29.7271
-35.4437
-41.1962
-46.9746
-52.7745
-58.5675
-64.2956
-69.8866
-75.2635
-80.4109
-85.4009
-90.2687
-94.9665
-99.4185
-103.53
-107.185
-110.221
-112.469
-113.536
-113.442
-111.042
-108.154
-99.9914
-103.005
53.7621
56.8199
59.9617
62.9306
65.4254
67.4213
68.7674
69.3496
69.2485
68.5822
67.4729
66.0813
64.4995
62.7795
60.966
59.0557
57.0288
54.8589
52.4996
49.8932
46.975
43.6676
39.8755
35.5334
30.6983
25.4957
20.0016
14.2663
8.35655
2.3564
-3.63582
-9.51421
-15.1673
-20.4804
-25.334
-29.5973
-33.0984
-35.6116
-36.6862
47.6131
44.0013
39.7274
34.9835
30.1921
25.0139
19.658
14.2967
8.86561
3.45303
-1.91703
-7.28198
-12.6276
-17.9744
-23.344
-28.7422
-34.1766
-39.6463
-45.1407
-50.6557
-56.1667
-61.6175
-66.9373
-72.0508
-76.9428
-81.6868
-86.3202
-90.7976
-95.0454
-98.972
-102.463
-105.362
-107.511
-108.556
-108.473
-106.336
-103.73
-95.7141
-97.1744
50.8535
53.7717
56.7704
59.6017
61.9784
63.8763
65.1504
65.6929
65.5835
64.9366
63.8712
62.5431
61.0421
59.4192
57.7177
55.9357
54.0552
52.0516
49.8816
47.4908
44.8171
41.7863
38.3047
34.3057
29.8389
25.0194
19.9147
14.5659
9.02999
3.38108
-2.29196
-7.89037
-13.3073
-18.4295
-23.1357
-27.2919
-30.7241
-33.212
-34.3295
44.9963
41.5458
37.4614
32.9274
28.3498
23.4035
18.2888
13.1715
7.99061
2.83023
-2.28609
-7.39435
-12.4809
-17.5661
-22.6709
-27.801
-32.9646
-38.1617
-43.3815
-48.6199
-53.8541
-59.0311
-64.082
-68.9326
-73.5689
-78.0646
-82.4589
-86.7095
-90.7454
-94.4789
-97.7995
-100.556
-102.6
-103.618
-103.555
-101.594
-99.1824
-91.5941
-91.0364
48.0913
50.8767
53.7389
56.4393
58.703
60.5069
61.7123
62.2168
62.0988
61.4697
60.4451
59.1761
57.75
56.2165
54.6182
52.9538
51.2068
49.3549
47.3572
45.1625
42.712
39.9344
36.7383
33.0574
28.9348
24.4767
19.7425
14.7658
9.59465
4.29347
-1.05787
-6.36817
-11.5367
-16.4529
-20.9962
-25.0316
-28.3857
-30.8444
-32.0049
42.5126
39.2159
35.3123
30.9782
26.6047
21.8788
16.9937
12.1091
7.16577
2.24532
-2.62968
-7.49374
-12.3339
-17.1696
-22.0213
-26.8949
-31.7986
-36.7329
-41.6877
-46.6576
-51.6219
-56.53
-61.3155
-65.9057
-70.2872
-74.5342
-78.6873
-82.7071
-86.526
-90.06
-93.2041
-95.814
-97.7478
-98.7304
-98.6876
-96.8728
-94.5167
-87.5754
-84.9658
45.4688
48.1276
50.8599
53.435
55.5911
57.3055
58.4451
58.9132
58.7867
58.1743
57.1881
55.9742
54.6181
53.1675
51.6645
50.1078
48.4833
46.7697
44.9292
42.913
40.6661
38.12
35.1867
31.8
27.9985
23.8798
19.4968
14.8765
10.0587
5.09929
0.0694803
-4.94799
-9.85858
-14.5564
-18.9233
-22.8254
-26.092
-28.5168
-29.7183
40.1562
37.0064
33.2753
29.1322
24.9531
20.4379
15.772
11.1089
6.39207
1.70026
-2.94473
-7.57618
-12.1814
-16.7791
-21.389
-26.017
-30.6713
-35.3524
-40.0513
-44.7611
-49.4626
-54.1078
-58.6327
-62.9663
-67.096
-71.0957
-75.0074
-78.7947
-82.3934
-85.724
-88.6872
-91.1476
-92.9678
-93.9033
-93.8711
-92.2006
-89.8128
-83.5763
-79.3832
42.9801
45.5182
48.126
50.5821
52.6353
54.2639
55.3409
55.7744
55.6401
55.0435
54.0935
52.9317
51.6407
50.2675
48.8522
47.3955
45.883
44.2962
42.5988
40.7459
38.6846
36.3503
33.6584
30.544
27.041
23.2403
19.1889
14.908
10.4308
5.80498
1.09331
-3.62941
-8.27561
-12.7453
-16.9243
-20.6819
-23.852
-26.2374
-27.4765
37.9216
34.9121
31.3461
27.3855
23.3924
19.0782
14.6216
10.1703
5.6697
1.19612
-3.22929
-7.6386
-12.0194
-16.3896
-20.7683
-25.1612
-29.576
-34.0135
-38.4654
-42.9237
-47.37
-51.7587
-56.0287
-60.1108
-63.993
-67.7487
-71.4207
-74.9757
-78.3533
-81.4789
-84.2583
-86.5661
-88.2705
-89.151
-89.1154
-87.5884
-85.1605
-79.5731
-74.4766
40.6192
43.0419
45.5313
47.8731
49.8283
51.3753
52.3925
52.7932
52.6516
52.0703
51.1549
50.0424
48.8129
47.5118
46.1786
44.8137
43.4046
41.9337
40.3676
38.6634
36.7719
34.6315
32.1611
29.298
26.0721
22.5685
18.8292
14.8706
10.7197
6.41721
2.01801
-2.41068
-6.78901
-11.0235
-15.0052
-18.6087
-21.6739
-24.0138
-25.2854
35.8037
32.9285
29.5202
25.7346
21.9191
17.7976
13.5412
9.29204
4.99868
0.733819
-3.48192
-7.67895
-11.8452
-15.9977
-20.1551
-24.3223
-28.5073
-32.7104
-36.9242
-41.1393
-45.3383
-49.4779
-53.4995
-57.3362
-60.9762
-64.4925
-67.9285
-71.2533
-74.4107
-77.3312
-79.9259
-82.0791
-83.6656
-84.486
-84.4353
-83.0406
-80.6114
-75.5782
-70.1257
38.3802
40.693
43.0687
45.3019
47.1633
48.6325
49.593
49.9628
49.8148
49.2485
48.3661
47.3006
46.1292
44.8959
43.639
42.3595
41.0456
39.6813
38.2353
36.6673
34.9309
32.9678
30.701
28.0696
25.1009
21.8743
18.4278
14.7737
10.9339
6.94298
2.84857
-1.28974
-5.39946
-9.39422
-13.1718
-16.6131
-19.5657
-21.8536
-23.1515
33.7972
31.0505
27.7935
24.1755
20.5304
16.5931
12.5286
8.47363
4.37828
0.313164
-3.7018
-7.69555
-11.6563
-15.6007
-19.5457
-23.4967
-27.4608
-31.4386
-35.4228
-39.4032
-43.363
-47.2612
-51.0414
-54.6393
-58.0439
-61.3268
-64.5314
-67.63
-70.5699
-73.2868
-75.6976
-77.6957
-79.1628
-79.9199
-79.8476
-78.5671
-76.1851
-71.6095
-66.1123
36.2581
38.4656
40.7329
42.8619
44.634
46.0293
46.9358
47.2766
47.1231
46.5716
45.7213
44.7007
43.5843
42.4149
41.2295
40.0293
38.8036
37.5374
36.2016
34.7583
33.1638
31.3633
29.2834
26.8656
24.135
21.1662
17.9935
14.6263
11.0819
7.38945
3.59017
-0.263495
-4.10638
-7.85962
-11.4284
-14.7011
-17.5342
-19.7635
-21.0805
31.8976
29.2741
26.1619
22.7048
19.2228
15.4626
11.5822
7.71293
3.80776
-0.065842
-3.88822
-7.68723
-11.4513
-15.1959
-18.9376
-22.681
-26.4331
-30.194
-33.9572
-37.7113
-41.4401
-45.1046
-48.6512
-52.0179
-55.1944
-58.2508
-61.2304
-64.1079
-66.8347
-69.3512
-71.5803
-73.4239
-74.771
-75.4619
-75.3665
-74.1797
-71.8796
-67.6883
-62.3036
34.2476
36.3545
38.5178
40.5476
42.2345
43.5591
44.4147
44.7285
44.5704
44.0337
43.2145
42.2371
41.1731
40.0641
38.9458
37.8196
36.6756
35.5
34.2655
32.9366
31.4722
29.8207
27.9124
25.6913
23.1812
20.4519
17.5348
14.4368
11.1716
7.76368
4.24836
0.671668
-2.90861
-6.42099
-9.77855
-12.8781
-15.586
-17.7502
-19.0783
30.1001
27.5945
24.6215
21.3187
17.9936
14.403
10.6993
7.00875
3.28589
-0.403827
-4.04161
-7.65381
-11.2291
-14.7821
-18.3286
-21.8728
-25.4212
-28.9738
-32.524
-36.0601
-39.5664
-43.0055
-46.3265
-49.4699
-52.4262
-55.2639
-58.0256
-60.6885
-63.2078
-65.5285
-67.5795
-69.2708
-70.4988
-71.121
-71.0033
-69.8939
-67.6951
-63.8371
-58.6485
32.3439
34.3543
36.4186
38.3532
39.9587
41.2163
42.0236
42.3123
42.1506
41.6289
40.8402
39.9043
38.8906
37.8389
36.7837
35.7266
34.6586
33.5668
32.4255
31.2015
29.8564
28.3415
26.5908
24.5514
22.245
19.7379
17.0589
14.2128
11.2106
8.07251
4.82892
1.51965
-1.80409
-5.07842
-8.22455
-11.1482
-13.7261
-15.819
-17.1498
28.4002
26.0079
23.1683
20.0139
16.8391
13.4119
9.87814
6.35881
2.8113
-0.701836
-4.16232
-7.59509
-10.9892
-14.3583
-17.7174
-21.0704
-24.4231
-27.7753
-31.1208
-34.4473
-37.7392
-40.9612
-44.065
-46.9935
-49.7383
-52.3656
-54.9175
-57.3733
-59.6918
-61.8227
-63.7003
-65.2429
-66.3539
-66.9059
-66.7669
-65.7228
-63.6342
-60.0742
-55.1378
30.5422
32.4604
34.4294
36.2734
37.8012
38.9949
39.7569
40.0224
39.8581
39.3516
38.5927
37.6971
36.7315
35.7342
34.7387
33.7464
32.7492
31.735
30.6797
29.5522
28.3166
26.927
25.3212
23.4489
21.331
19.0298
16.5721
13.9613
11.2059
8.32261
5.33747
2.28493
-0.79026
-3.83141
-6.76793
-9.51465
-11.9593
-13.975
-15.3004
26.7937
24.5099
21.7987
18.7868
15.7569
12.4863
9.11589
5.76159
2.38252
-0.96089
-4.25089
-7.51136
-10.7314
-13.924
-17.1032
-20.2725
-23.4374
-26.5971
-29.7458
-32.8707
-35.9566
-38.97
-41.8651
-44.5875
-47.1296
-49.5554
-51.9063
-54.1633
-56.2888
-58.2367
-59.947
-61.3454
-62.3426
-62.8247
-62.6649
-61.6784
-59.7044
-56.4145
-51.7662
28.838
30.6678
32.5458
34.3028
35.7566
36.8898
37.6088
37.8529
37.6872
37.1962
36.4667
35.6101
34.6907
33.7454
32.8063
31.875
30.9438
30.0016
29.0258
27.9873
26.8522
25.5777
24.1051
22.3869
20.443
18.3324
16.0802
13.6884
11.1638
8.52014
5.7797
2.97202
0.135978
-2.67857
-5.40912
-7.97954
-10.2886
-12.2221
-13.5338
25.2763
23.097
20.509
17.6342
14.7433
11.6238
8.4105
5.21469
1.99782
-1.18235
-4.30857
-7.40332
-10.4562
-13.4792
-16.4857
-19.4785
-22.4629
-25.4379
-28.3976
-31.3288
-34.2171
-37.0304
-39.7255
-42.2507
-44.5992
-46.833
-48.992
-51.0595
-53.0005
-54.7733
-56.3233
-57.5829
-58.4707
-58.8841
-58.7041
-57.7694
-55.9116
-52.869
-48.532
27.2269
28.972
30.7626
32.4367
33.8198
34.8954
35.5742
35.7987
35.6325
35.1572
34.4568
33.6382
32.7634
31.8678
30.9821
30.1082
29.2388
28.3635
27.4612
26.5046
25.462
24.2933
22.9433
21.3672
19.5838
17.6495
15.5877
13.3995
11.09
8.67092
6.16102
3.58556
0.978143
-1.6179
-4.14772
-6.54414
-8.71669
-10.5638
-11.8539
23.8441
21.7649
19.2955
16.5526
13.7956
10.8213
7.75927
4.71634
1.65531
-1.3678
-4.33641
-7.27187
-10.164
-13.0242
-15.8648
-18.6883
-21.4995
-24.2972
-27.0752
-29.821
-32.5199
-35.1417
-37.6453
-39.9822
-42.1468
-44.1981
-46.1751
-48.0623
-49.828
-51.4342
-52.8315
-53.9589
-54.7422
-55.0895
-54.8906
-54.0034
-52.2614
-49.4477
-45.4271
25.7048
27.3685
29.0758
30.6703
31.9861
33.0071
33.6478
33.8545
33.6888
33.2297
32.5579
31.7764
30.9446
30.0965
29.2617
28.4419
27.6303
26.8173
25.9831
25.1022
24.1448
23.0734
21.836
20.3908
18.7557
16.9843
15.0986
13.0991
10.9898
8.78031
6.48662
4.13027
1.73996
-0.646841
-2.98248
-5.20854
-7.24494
-9.00232
-10.2634
22.4931
20.5103
18.1548
15.539
12.9106
10.0763
7.15996
4.26382
1.3531
-1.51881
-4.33587
-7.1182
-9.85587
-12.5596
-15.241
-17.902
-20.547
-23.1745
-25.7786
-28.3467
-30.8644
-33.3032
-35.6241
-37.7821
-39.7719
-41.6508
-43.4555
-45.1723
-46.7721
-48.2209
-49.474
-50.4762
-51.1608
-51.4453
-51.229
-50.3857
-48.7571
-46.1564
-42.4492
24.2674
25.8533
27.4804
28.9992
30.2506
31.2196
31.8248
32.0154
31.8512
31.4084
30.7649
30.0196
29.2294
28.4269
27.6404
26.8717
26.1144
25.3595
24.5885
23.7774
22.8985
21.9166
20.783
19.4584
17.9601
16.3391
14.6161
12.7913
10.8676
8.85312
6.76142
4.6107
2.42549
0.237733
-1.91154
-3.97207
-5.8739
-7.53918
-8.76491
21.2196
19.3293
17.0835
14.5899
12.0856
9.38574
6.60976
3.85533
1.08912
-1.63732
-4.30856
-6.94363
-9.53293
-12.0864
-14.6148
-17.1199
-19.6056
-22.0702
-24.5076
-26.9058
-29.2505
-31.5145
-33.6617
-35.6496
-37.4746
-39.1908
-40.8333
-42.3896
-43.8334
-45.1342
-46.2518
-47.1366
-47.7286
-47.9543
-47.7224
-46.9206
-45.4018
-43.0007
-39.5932
22.9111
24.4222
25.9728
27.4188
28.6089
29.5288
30.1004
30.2763
30.1146
29.6884
29.0729
28.3629
27.613
26.8543
26.1139
25.3935
24.6872
23.9865
23.2742
22.5276
21.7211
20.8215
19.7834
18.5699
17.1978
15.7155
14.1427
12.4793
10.7273
8.89374
6.98994
5.03142
3.0388
1.03927
-0.932367
-2.83331
-4.60313
-6.17493
-7.3593
20.0201
18.2188
16.0783
13.7023
11.3172
8.74726
6.10629
3.48798
0.861164
-1.72516
-4.25617
-6.74969
-9.19638
-11.6056
-13.9873
-16.3431
-18.6761
-20.9846
-23.2626
-25.4985
-27.6781
-29.7759
-31.7579
-33.5851
-35.2547
-36.818
-38.3082
-39.714
-41.0121
-42.1746
-43.1658
-43.9413
-44.4473
-44.6185
-44.3731
-43.6107
-42.1968
-39.9825
-36.8605
21.6319
23.0714
24.5483
25.9251
27.0567
27.9298
28.4701
28.6329
28.4743
28.0651
27.4772
26.8016
26.0907
25.3741
24.6776
24.003
23.3445
22.6945
22.0367
21.3499
20.6101
19.7863
18.8361
17.725
16.4692
15.1148
13.6804
12.1657
10.5723
8.90601
7.17645
5.3967
3.58413
1.76151
-0.0418441
-1.79003
-3.43142
-4.90938
-6.04784
18.8909
17.175
15.136
12.8732
10.6031
8.15775
5.64693
3.16003
0.667123
-1.78443
-4.18054
-6.53804
-8.84779
-11.1186
-13.3597
-15.5722
-17.7592
-19.9185
-22.0443
-24.1252
-26.1477
-28.0875
-29.9131
-31.5886
-33.1121
-34.5323
-35.8801
-37.1457
-38.3079
-39.3421
-40.216
-40.8901
-41.3172
-41.4388
-41.1821
-40.4576
-39.1432
-37.1043
-34.2495
20.4264
21.7971
23.2037
24.514
25.5898
26.4188
26.9295
27.0804
26.9258
26.5336
25.973
25.3311
24.6579
23.9817
23.3271
22.6958
22.0825
21.4798
20.8726
20.2411
19.5628
18.8089
17.9396
16.9228
15.7742
14.5375
13.2305
11.8528
10.4055
8.89336
7.32479
5.7107
4.06559
2.40836
0.763455
-0.839464
-2.35681
-3.74143
-4.82983
17.8287
16.195
14.2534
12.0996
9.93983
7.61493
5.22938
2.86862
0.504834
-1.81716
-4.08357
-6.31034
-8.48866
-10.6268
-12.7331
-14.8086
-16.8559
-18.8727
-20.8532
-22.7867
-24.6599
-26.4498
-28.1276
-29.6602
-31.0471
-32.3333
-33.5487
-34.684
-35.7204
-36.6359
-37.4016
-37.983
-38.3378
-38.4148
-38.1493
-37.4613
-36.241
-34.3658
-31.7619
19.2908
20.5957
21.9348
23.1817
24.2042
24.9911
25.4743
25.6147
25.4647
25.0896
24.5559
23.9468
23.3101
22.6727
22.0581
21.4678
20.8969
20.3386
19.7785
19.1981
18.5766
17.8869
17.0921
16.1622
15.1123
13.984
12.7941
11.5422
10.2291
8.85881
7.43853
5.97736
4.48731
2.98395
1.48739
0.0217557
-1.3767
-2.66935
-3.70511
16.8302
15.2754
13.4277
11.3785
9.32525
7.11581
4.8509
2.61183
0.371958
-1.82541
-3.96723
-6.0685
-8.12076
-10.1316
-12.109
-14.0535
-15.9674
-17.8483
-19.6905
-21.4837
-23.2151
-24.8634
-26.4017
-27.8004
-29.0593
-30.2212
-31.3136
-32.3285
-33.2487
-34.0551
-34.722
-35.2186
-35.5082
-35.5455
-35.2734
-34.6208
-33.4893
-31.7674
-29.396
18.222
19.4636
20.7382
21.9243
22.8961
23.6433
24.1004
24.2314
24.0866
23.7287
23.2214
22.6443
22.0428
21.4428
20.8663
20.3149
19.7839
19.267
18.7506
18.2177
17.6485
17.018
16.2917
15.4418
14.4827
13.454
12.3717
11.2352
10.0451
8.80504
7.52088
6.20038
4.8533
3.49245
2.13404
0.797342
-0.487889
-1.69077
-2.67158
15.8924
14.4133
12.6556
10.7073
8.75613
6.6582
4.50921
2.38686
0.266421
-1.81118
-3.83339
-5.81427
-7.74574
-9.6348
-11.4888
-13.3082
-15.0949
-16.8464
-18.5571
-20.2171
-21.8143
-23.3288
-24.736
-26.0092
-27.149
-28.1955
-29.1743
-30.0781
-30.8918
-31.5984
-32.1751
-32.5953
-32.8264
-32.8289
-32.5527
-31.9343
-30.8864
-29.3071
-27.1514
17.2165
18.3975
19.6101
20.7384
21.6617
22.371
22.804
22.9266
22.7875
22.4467
21.9653
21.4193
20.8519
20.2876
19.7475
19.2329
18.7394
18.2612
17.7856
17.2965
16.7756
16.1996
15.5363
14.7599
13.8845
12.9473
11.9635
10.9327
9.8553
8.73425
7.57479
6.38318
5.16753
3.93801
2.70764
1.49138
0.313334
-0.802611
-1.72768
15.012
13.6056
11.9346
10.0831
8.23033
6.23915
4.20172
2.19191
0.185935
-1.77667
-3.68409
-5.54956
-7.36533
-9.13791
-10.8741
-12.5742
-14.2396
-15.8681
-17.4539
-18.9879
-20.4582
-21.8467
-23.131
-24.2869
-25.3161
-26.256
-27.13
-27.9319
-28.6482
-29.2639
-29.7592
-30.1106
-30.2898
-30.2624
-29.984
-29.3992
-28.4297
-26.983
-25.026
16.2714
17.3941
18.5476
19.6202
20.4973
21.1709
21.581
21.6962
21.5632
21.2394
20.7834
20.2677
19.7331
19.2032
18.6976
18.2179
17.7597
17.3176
16.8798
16.4312
15.9549
15.429
14.8237
14.1149
13.3163
12.463
11.5695
10.6354
9.66086
8.64855
7.60287
6.52912
5.43369
4.3248
3.21252
2.10821
1.03094
-0.00149725
-0.870257
14.1861
12.8496
11.2616
9.50325
7.74477
5.85664
3.92627
2.0242
0.128409
-1.72385
-3.52125
-5.27617
-6.98128
-8.64259
-10.2664
-11.8527
-13.4029
-14.9145
-16.3822
-17.7969
-19.1476
-20.4178
-21.5869
-22.6337
-23.5604
-24.402
-25.1799
-25.8885
-26.5162
-27.0497
-27.4717
-27.7617
-27.8954
-27.8423
-27.5642
-27.0119
-26.116
-24.7922
-23.0184
15.3833
16.4504
17.5471
18.5667
19.3996
20.0391
20.4279
20.5366
20.4098
20.1029
19.6718
19.1854
18.6825
18.1854
17.7128
17.2659
16.8409
16.4326
16.0299
15.6188
15.1834
14.7037
14.1516
13.505
12.7768
12.0004
11.1895
10.3436
9.46291
8.54962
7.60761
6.64115
5.65548
4.65686
3.65308
2.65229
1.66932
0.716611
-0.0964904
13.4119
12.1424
10.6343
8.96517
7.29749
5.50784
3.68042
1.88207
0.0917141
-1.65478
-3.34679
-4.99599
-6.59533
-8.15043
-9.6671
-11.1453
-12.5861
-13.987
-15.3428
-16.645
-17.8833
-19.0424
-20.1042
-21.0496
-21.8817
-22.6328
-23.3228
-23.9465
-24.4938
-24.9533
-25.3097
-25.5455
-25.6392
-25.565
-25.2891
-24.7686
-23.9416
-22.7318
-21.1258
14.5496
15.5631
16.6057
17.5743
18.3651
18.9724
19.341
19.4439
19.3236
19.0333
18.6266
18.1685
17.6961
17.2304
16.789
16.3732
15.9793
15.6025
15.2324
14.856
14.4584
14.0209
13.5177
12.9281
12.2646
11.5586
10.8232
10.0577
9.26233
8.43907
7.59118
6.72224
5.83631
4.93825
4.03367
3.12824
2.23297
1.35581
0.597448
12.6868
11.4814
10.0498
8.46644
6.88559
5.19085
3.46202
1.76284
0.0737872
-1.57142
-3.1626
-4.71076
-6.20915
-7.66306
-9.07783
-10.4533
-11.7904
-13.0865
-14.3367
-15.5331
-16.6658
-17.7212
-18.683
-19.5345
-20.2793
-20.9477
-21.5575
-22.1043
-22.579
-22.972
-23.2702
-23.4582
-23.5177
-23.4261
-23.1545
-22.6648
-21.9025
-20.7977
-19.3457
13.7673
14.7296
15.7202
16.6403
17.3907
17.9673
18.3169
18.4147
18.301
18.0271
17.644
17.2133
16.7702
16.3344
15.9227
15.5363
15.1715
14.8241
14.4842
14.1397
13.7768
13.3783
12.9199
12.3826
11.7783
11.1367
10.47
9.77765
9.05986
8.31826
7.55568
6.77506
5.97959
5.17279
4.3587
3.54066
2.72666
1.92068
1.2153
12.0079
10.864
9.50581
8.00457
6.50721
4.903
3.26879
1.66486
0.0725482
-1.47574
-2.97053
-4.4222
-5.82437
-7.18196
-8.4999
-9.77798
-11.0168
-12.214
-13.3648
-14.4618
-15.4957
-16.4544
-17.3233
-18.088
-18.7529
-19.3456
-19.8826
-20.3597
-20.7694
-21.1031
-21.3497
-21.496
-21.5262
-21.4211
-21.1554
-20.6958
-19.9937
-18.986
-17.6747
13.0337
13.9469
14.888
15.7614
16.4733
17.0209
17.3523
17.4454
17.3383
17.0805
16.7204
16.3163
15.9012
15.4939
15.1104
14.7515
14.4141
14.094
13.7821
13.4671
13.1361
12.7732
12.3558
11.8665
11.3164
10.7336
10.1294
9.50361
8.85613
8.18843
7.50299
6.8022
6.08845
5.36435
4.63236
3.89422
3.15507
2.41575
1.76147
11.3728
10.2879
8.99981
7.57728
6.15957
4.64248
3.09873
1.58568
0.0861412
-1.36952
-2.77233
-4.132
-5.44257
-6.70861
-7.9347
-9.12054
-10.2666
-11.3706
-12.428
-13.4318
-14.3734
-15.2421
-16.025
-16.7099
-17.3015
-17.8254
-18.2964
-18.7109
-19.0622
-19.3433
-19.5446
-19.6548
-19.6605
-19.545
-19.2868
-18.8562
-18.2106
-17.2925
-16.1095
12.3462
13.2124
14.106
14.935
15.61
16.1298
16.4441
16.533
16.4323
16.1902
15.8525
15.4738
15.0856
14.7055
14.3485
14.0157
13.7038
13.4091
13.1231
12.8352
12.5336
12.2033
11.8235
11.378
10.8775
10.3482
9.80104
9.23551
8.65166
8.05074
7.43488
6.80603
6.166
5.51644
4.85888
4.19339
3.52307
2.84588
2.24023
10.7791
9.75038
8.52962
7.18229
5.84103
4.40681
2.94967
1.52376
0.112638
-1.25463
-2.5697
-3.84179
-5.06523
-6.2444
-7.38346
-8.48211
-9.54071
-10.557
-11.5268
-12.4435
-13.2992
-14.0844
-14.788
-15.3994
-15.9241
-16.3856
-16.7971
-17.1553
-17.4548
-17.6894
-17.8512
-17.9304
-17.9157
-17.7928
-17.5432
-17.1409
-16.5479
-15.7124
-14.6465
11.7025
12.5236
13.372
14.1581
14.798
15.2913
15.5891
15.6741
15.5797
15.353
15.037
14.6828
14.3201
13.9658
13.634
13.3255
13.0376
12.7664
12.5044
12.2415
11.9667
11.6663
11.3209
10.9155
10.4603
9.97976
9.48424
8.97333
8.44695
7.90623
7.35302
6.78887
6.21509
5.63271
5.04229
4.44277
3.83531
3.21572
2.65635
10.2245
9.24962
8.09295
6.81751
5.54899
4.19435
2.81979
1.47681
0.150247
-1.13272
-2.36426
-3.55302
-4.69377
-5.79059
-6.84733
-7.86369
-8.83994
-9.77395
-10.6617
-11.4972
-12.2731
-12.9811
-13.6116
-14.1558
-14.6197
-15.0247
-15.3826
-15.6907
-15.9441
-16.138
-16.2653
-16.3183
-16.2868
-16.1593
-15.9193
-15.5443
-15.0006
-14.2412
-13.2818
11.1
11.8782
12.6832
13.4284
14.0345
14.5026
14.7845
14.866
14.7775
14.5658
14.2708
13.94
13.6016
13.2717
12.9637
12.6781
12.4124
12.1632
11.9233
11.6833
11.4331
11.16
10.846
10.4772
10.0633
9.62719
9.17854
8.717
8.24248
7.75595
7.259
6.75291
6.23858
5.71649
5.18651
4.64657
4.09651
3.53017
3.01442
9.70685
8.7832
7.68786
6.48089
5.28202
4.00277
2.70711
1.44338
0.197205
-1.00548
-2.15753
-3.26711
-4.32941
-5.34832
-6.32736
-7.26618
-8.16505
-9.02196
-9.8331
-10.593
-11.295
-11.9318
-12.4952
-12.9782
-13.3868
-13.7408
-14.0508
-14.3143
-14.5271
-14.6853
-14.7832
-14.8139
-14.7692
-14.6391
-14.4097
-14.061
-13.5633
-12.8741
-12.0118
10.5367
11.2738
12.0377
12.7432
13.3172
13.7609
14.0273
14.1055
14.0225
13.8256
13.5509
13.2424
12.927
12.6203
12.3346
12.0705
11.8257
11.5968
11.3772
11.1583
10.9307
10.6824
10.3971
10.0617
9.68539
9.28966
8.88348
8.46654
8.03872
7.60088
7.15441
6.70032
6.23918
5.77108
5.29532
4.80915
4.31113
3.79392
3.3191
9.22428
8.34956
7.31234
6.17065
5.03777
3.83071
2.61001
1.42142
0.25195
-0.87442
-1.95095
-2.98536
-3.97339
-4.9187
-5.82447
-6.69033
-7.51656
-8.30136
-9.04119
-9.73091
-10.3646
-10.9359
-11.4379
-11.8651
-12.2238
-12.5321
-12.7993
-13.0232
-13.2004
-13.3277
-13.4003
-13.4126
-13.3577
-13.2271
-13.0088
-12.6854
-12.2307
-11.6061
-10.832
10.0105
10.7083
11.4329
12.1005
12.6437
13.0637
13.3149
13.3899
13.3117
13.1296
12.8747
12.5872
12.2935
12.0087
11.7441
11.5002
11.2747
11.0646
10.8638
10.6642
10.4572
10.2317
9.97242
9.66754
9.32545
8.96635
8.59861
8.22193
7.83614
7.44202
7.04075
6.63315
6.21955
5.79968
5.37246
4.93456
4.48386
4.01156
3.57501
8.77448
7.9462
6.96446
5.88473
4.81478
3.67593
2.52664
1.40964
0.312953
-0.740944
-1.7458
-2.709
-3.62689
-4.50284
-5.33961
-6.13688
-6.89507
-7.61252
-8.2859
-8.9107
-9.4814
-9.99274
-10.4388
-10.8154
-11.1291
-11.3965
-11.6256
-11.8146
-11.9607
-12.0613
-12.1126
-12.1098
-12.0473
-11.9179
-11.7113
-11.4122
-10.9976
-10.4326
-9.73877
9.51925
10.1797
10.8668
11.4976
12.0116
12.4086
12.6447
12.7166
12.642
12.4747
12.2391
11.9715
11.6984
11.4344
11.1897
10.9646
10.7572
10.5646
10.381
10.1991
10.0109
9.80605
9.57056
9.29342
8.9825
8.65663
8.32362
7.98323
7.63522
7.28029
6.91945
6.55337
6.18216
5.80531
5.42144
5.02691
4.61884
4.18765
3.78654
8.35522
7.57106
6.64169
5.62073
4.61028
3.53645
2.45491
1.40573
0.37859
-0.606678
-1.5432
-2.43863
-3.29046
-4.10133
-4.87328
-5.60623
-6.30082
-6.95554
-7.56738
-8.13204
-8.64482
-9.10117
-9.49621
-9.82709
-10.1004
-10.3312
-10.5267
-10.6851
-10.8043
-10.8821
-10.9155
-10.9006
-10.8328
-10.706
-10.5114
-10.2358
-9.85862
-9.34845
-8.72756
9.06043
9.68536
10.3369
10.9324
11.4188
11.7931
12.0148
12.0836
12.0106
11.8584
11.6416
11.3925
11.1389
10.8946
10.6688
10.4615
10.2709
10.0945
9.92688
9.76126
9.59018
9.40423
9.1904
8.93853
8.65597
8.36023
8.05861
7.75086
7.43678
7.11693
6.7922
6.46311
6.12962
5.79105
5.4458
5.08999
4.72027
4.32642
3.95794
7.9651
7.22249
6.34281
5.37717
4.42312
3.41013
2.39288
1.40804
0.446826
-0.473686
-1.3445
-2.17481
-2.96435
-3.71428
-4.42538
-5.09805
-5.73335
-6.32993
-6.88483
-7.3943
-7.85408
-8.26044
-8.6094
-8.89908
-9.13628
-9.33461
-9.50046
-9.63221
-9.72805
-9.78654
-9.80522
-9.78096
-9.7099
-9.58696
-9.40476
-9.15164
-8.80943
-8.34997
-7.79565
8.6328
9.22401
9.84172
10.4028
10.863
11.215
11.4228
11.4888
11.415
11.2788
11.08
10.848
10.6123
10.3867
10.1785
9.98781
9.81294
9.65162
9.49883
9.34822
9.19292
9.02425
8.83019
8.60136
8.3446
8.07624
7.80299
7.52474
7.24114
6.95282
6.66037
6.36436
6.06446
5.76
5.44911
5.12788
4.79251
4.43251
4.09396
7.6054
6.90234
6.06935
5.15573
4.25427
3.29862
2.34136
1.41616
0.516796
-0.342155
-1.1516
-1.92072
-2.65211
-3.34469
-3.99814
-4.61388
-5.19356
-5.73577
-6.23763
-6.69609
-7.10728
-7.4681
-7.77533
-8.02804
-8.23297
-8.40263
-8.54245
-8.65108
-8.72697
-8.76923
-8.77587
-8.74442
-8.6718
-8.55373
-8.38392
-8.1523
-7.84282
-7.43001
-6.93582
8.23728
8.79641
9.38088
9.90831
10.3425
10.6706
10.865
10.9279
10.8514
10.735
10.5535
10.3362
10.1178
9.90972
9.71798
9.54249
9.38203
9.23453
9.09531
8.95844
8.8176
8.66475
8.4888
8.28099
8.0477
7.80399
7.55634
7.30444
7.04823
6.78794
6.5244
6.25773
5.98784
5.71359
5.43344
5.14288
4.8384
4.50886
4.19758
7.27558
6.60974
5.82139
4.9566
4.1048
3.20249
2.30194
1.43169
0.590221
-0.21086
-0.963872
-1.67835
-2.35762
-2.99592
-3.59404
-4.15597
-4.68361
-5.17501
-5.62766
-6.03877
-6.40573
-6.7252
-6.99471
-7.21426
-7.39061
-7.53495
-7.65222
-7.74102
-7.80024
-7.8293
-7.82665
-7.79024
-7.71783
-7.6058
-7.44867
-7.23793
-6.95932
-6.59024
-6.15198
7.87352
8.40165
8.95393
9.44705
9.85559
10.157
10.3389
10.394
10.3134
10.2256
10.0611
9.85599
9.65376
9.4637
9.28804
9.12714
8.9804
8.84594
8.71946
8.59535
8.46785
8.32948
8.17004
7.98141
7.76942
7.54814
7.32332
7.09516
6.86308
6.62791
6.38967
6.14915
5.90537
5.65805
5.40456
5.14135
4.86385
4.56189
4.27532
7.01589
6.37821
5.62113
4.79247
3.9778
3.11734
2.26634
1.44627
0.66826
-0.0826639
-0.745265
-1.40985
-2.05773
-2.65816
-3.2174
-3.74393
-4.23871
-4.69832
-5.11995
-5.50135
-5.84003
-6.13224
-6.37643
-6.57329
-6.7295
-6.85565
-6.95651
-7.03046
-7.0772
-7.09642
-7.08461
-7.04298
-6.96924
-6.85999
-6.71048
-6.51304
-6.25524
-5.91667
-5.51877
7.5871
8.08817
8.61139
9.06582
9.44021
9.69312
9.83578
9.83312
9.74273
9.73459
9.61357
9.43017
9.25143
9.08384
8.92692
8.78148
8.64835
8.52638
8.41153
8.2989
8.18301
8.05706
7.91144
7.73859
7.54379
7.34009
7.13318
6.92305
6.70956
6.49309
6.27416
6.05299
5.82917
5.60175
5.36866
5.12578
4.86914
4.58784
4.32036
6.80651
6.19115
5.45855
4.6573
3.87221
3.0464
2.23905
1.46648
0.75375
0.0471803
-0.510343
-1.13419
-1.76445
-2.33667
-2.86673
-3.36899
-3.8425
-4.28182
-4.68387
-5.0464
-5.36677
-5.64124
-5.86855
-6.04967
-6.19133
-6.30402
-6.39249
-6.45477
-6.49159
-6.50304
-6.48195
-6.43454
-6.35827
-6.24941
-6.10358
-5.91423
-5.67008
-5.35244
-4.98289
7.35505
7.83211
8.32533
8.73791
9.06994
9.26081
9.34505
9.25769
9.15336
9.25107
9.19378
9.04212
8.89081
8.74942
8.6132
8.48424
8.36485
8.25499
8.15118
8.0491
7.94375
7.82882
7.69531
7.536
7.35568
7.16658
6.9742
6.77864
6.57988
6.37828
6.17447
5.96856
5.7603
5.54863
5.33149
5.10498
4.8648
4.60035
4.34788
6.59869
6.00593
5.2979
4.52455
3.76901
2.97841
2.21375
1.48712
0.835871
0.170215
-0.286694
-0.869904
-1.48053
-2.02333
-2.52248
-2.99839
-3.44888
-3.8665
-4.24762
-4.59049
-4.89189
-5.14837
-5.35886
-5.52436
-5.65188
-5.75166
-5.82855
-5.88012
-5.90802
-5.91309
-5.88423
-5.83253
-5.75549
-5.64869
-5.50824
-5.32864
-5.09972
-4.80448
-4.46437
7.12406
7.57755
8.04032
8.41283
8.7038
8.83454
8.8647
8.69991
8.58447
8.77227
8.77874
8.65855
8.53292
8.41568
8.3002
8.18761
8.08193
7.98387
7.89091
7.79909
7.70402
7.59985
7.47823
7.33221
7.16614
6.99139
6.81324
6.6319
6.44743
6.26028
6.071
5.87988
5.68654
5.49002
5.2883
5.07748
4.85331
4.60514
4.36765
6.3934
5.82323
5.1401
4.39457
3.66869
2.91264
2.18936
1.50749
0.912874
0.287333
-0.079618
-0.620453
-1.20639
-1.71866
-2.18614
-2.63392
-3.05955
-3.45397
-3.81324
-4.13532
-4.41733
-4.65589
-4.84991
-5.0004
-5.1147
-5.20255
-5.26902
-5.31096
-5.33123
-5.33113
-5.29608
-5.2414
-5.16489
-5.06139
-4.92753
-4.75872
-4.54602
-4.27381
-3.96282
6.89576
7.3262
7.75876
8.0926
8.34425
8.41663
8.39693
8.16217
8.0355
8.2994
8.36872
8.2818
8.17944
8.0849
7.98878
7.89231
7.79985
7.71355
7.631
7.54928
7.46409
7.37045
7.26033
7.12737
6.97524
6.81453
6.65031
6.48273
6.31217
6.13881
5.9636
5.7865
5.6075
5.42533
5.23845
5.04256
4.83395
4.60122
4.37868
6.19282
5.64494
4.98626
4.26814
3.57095
2.84889
2.1647
1.52521
0.981713
0.39532
0.105392
-0.390357
-0.945096
-1.42509
-1.86031
-2.27847
-2.67743
-3.04729
-3.38348
-3.68409
-3.94635
-4.16692
-4.34438
-4.48018
-4.58163
-4.65821
-4.71496
-4.7483
-4.76194
-4.75785
-4.71832
-4.66226
-4.58757
-4.48878
-4.3628
-4.20594
-4.01023
-3.7617
-3.48056
6.67243
7.0806
7.48304
7.78054
7.99376
8.00888
7.94336
7.64267
7.50164
7.83091
7.96206
7.91
7.83223
7.75984
7.68275
7.60112
7.52117
7.44571
7.37346
7.30134
7.22596
7.14239
7.04354
6.92324
6.78481
6.63797
6.48735
6.33344
6.17632
6.01657
5.85473
5.6912
5.52562
5.35721
5.18403
5.00244
4.80823
4.59079
4.38248
5.99911
5.47277
4.83772
4.14605
3.47641
2.78642
2.13851
1.53872
1.03977
0.490304
0.263574
-0.183741
-0.699753
-1.14482
-1.54706
-1.93418
-2.30454
-2.64818
-2.96021
-3.23874
-3.48112
-3.68392
-3.84574
-3.96819
-4.05825
-4.12481
-4.17301
-4.19891
-4.20688
-4.19963
-4.15682
-4.10032
-4.02822
-3.93473
-3.81722
-3.67273
-3.49416
-3.26887
-3.01498
6.457
6.84367
7.21659
7.47933
7.65461
7.61253
7.50516
7.13689
6.97689
7.36711
7.5584
7.54075
7.48692
7.43898
7.38314
7.31805
7.2503
7.1848
7.1214
7.05797
6.99138
6.91737
6.82915
6.72107
6.59572
6.46216
6.3246
6.18372
6.03959
5.89281
5.74396
5.59335
5.44077
5.28535
5.12542
4.95718
4.77698
4.57399
4.37984
5.815
5.3087
4.69551
4.02818
3.3836
2.7233
2.10817
1.54396
1.08274
0.566981
0.389432
-0.00514817
-0.474266
-0.880715
-1.24868
-1.60326
-1.94315
-2.25896
-2.54569
-2.80111
-3.02252
-3.20653
-3.35201
-3.46063
-3.53942
-3.5968
-3.63777
-3.65816
-3.66267
-3.65468
-3.6115
-3.55741
-3.49059
-3.40503
-3.2983
-3.16829
-3.00912
-2.81044
-2.59079
6.25232
6.6184
6.96185
7.19167
7.32653
7.22527
7.0778
6.63513
6.44717
6.90623
7.16361
7.17787
7.14323
7.11461
7.08049
7.0349
6.98422
6.93176
6.87924
6.82469
6.76696
6.70177
6.6239
6.52744
6.4152
6.29451
6.16974
6.04108
5.90907
5.77412
5.63698
5.49799
5.3569
5.21327
5.06508
4.90935
4.74151
4.55197
4.36859
5.64099
5.15299
4.55893
3.91274
3.28971
2.65493
2.06773
1.53441
1.10367
0.619008
0.477085
0.140554
-0.272682
-0.635734
-0.967421
-1.28743
-1.59447
-1.8809
-2.14201
-2.37515
-2.57718
-2.74478
-2.87661
-2.97401
-3.04311
-3.09159
-3.12489
-3.13886
-3.13874
-3.12847
-3.08369
-3.03043
-2.96733
-2.88825
-2.7911
-2.67422
-2.53214
-2.35439
-2.15361
6.0593
6.40532
6.7202
6.91826
7.00872
6.84527
6.658
6.12271
5.8902
6.43523
6.7796
6.84105
6.82853
6.81207
6.78471
6.74675
6.70605
6.66659
6.62682
6.58483
6.53814
6.48397
6.41705
6.3329
6.23391
6.12736
6.01676
5.90242
5.78438
5.66314
5.53913
5.41273
5.28384
5.1517
5.015
4.87051
4.71447
4.53754
4.36623
5.4771
5.00565
4.42863
3.8003
3.19486
2.58102
2.01584
1.50673
1.09946
0.642201
0.521559
0.2474
-0.0992227
-0.413505
-0.706695
-0.989645
-1.26056
-1.51338
-1.74397
-1.94966
-2.12776
-2.27536
-2.3913
-2.47706
-2.53885
-2.58348
-2.6156
-2.63047
-2.63355
-2.62926
-2.5911
-2.54676
-2.49476
-2.42876
-2.34709
-2.24908
-2.13173
-1.98929
-1.84047
5.87765
6.20492
6.49351
6.66345
6.70733
6.48855
6.26289
5.59839
5.28256
5.91709
6.36151
6.49595
6.54556
6.57628
6.57193
6.53605
6.48688
6.43812
6.39271
6.34988
6.30632
6.25866
6.20088
6.12735
6.03852
5.94151
5.84067
5.73674
5.62977
5.52012
5.4083
5.29452
5.17865
5.05975
4.93619
4.80446
4.66039
4.49601
4.33552
5.33147
4.87427
4.31191
3.69925
3.10848
2.51165
1.96224
1.47157
1.07917
0.637564
0.51822
0.310774
0.0411535
-0.218753
-0.468809
-0.712381
-0.948684
-1.17279
-1.37907
-1.56331
-1.72236
-1.85322
-1.95418
-2.02567
-2.07288
-2.103
-2.12205
-2.12581
-2.11943
-2.10793
-2.06495
-2.0187
-1.96806
-1.9068
-1.83327
-1.74655
-1.64147
-1.50724
-1.34612
5.71754
6.02941
6.29647
6.44161
6.44088
6.18476
5.91484
5.05175
4.62766
5.35226
5.8568
6.02184
6.12231
6.23485
6.32298
6.36846
6.37713
6.36057
6.32767
6.28627
6.23983
6.18971
6.1333
6.06753
5.99178
5.90791
5.81678
5.71929
5.61652
5.50927
5.39849
5.2849
5.16928
5.05161
4.9312
4.80502
4.66706
4.50401
4.32079
5.22702
4.77454
4.2177
3.61054
3.02599
2.43781
1.89767
1.41953
1.03281
0.591216
0.458852
0.328723
0.140797
-0.0624403
-0.259245
-0.445075
-0.624702
-0.798725
-0.963716
-1.11577
-1.25182
-1.3691
-1.46625
-1.54345
-1.60317
-1.64875
-1.68471
-1.70684
-1.72212
-1.73591
-1.71544
-1.69147
-1.66368
-1.62628
-1.57766
-1.51942
-1.45283
-1.38073
-1.32692
5.60639
5.90879
6.1567
6.27112
6.21437
5.91325
5.52449
4.3866
3.9193
4.8623
5.46083
5.59475
5.60917
5.62866
5.66244
5.71075
5.77126
5.83373
5.88373
5.9142
5.92154
5.90634
5.86855
5.81431
5.7561
5.70034
5.64418
5.58477
5.52085
5.45197
5.37776
5.29713
5.20903
5.1121
5.0055
4.88869
4.76623
4.65025
4.59877
5.16499
4.69935
4.12225
3.49461
2.89153
2.2914
1.74476
1.27056
0.878584
0.445854
0.325442
0.295372
0.200705
0.0476508
-0.120041
-0.280507
-0.431432
-0.572101
-0.699891
-0.811997
-0.906028
-0.978906
-1.02778
-1.05273
-1.06174
-1.0633
-1.06172
-1.0509
-1.03292
-1.01641
-0.977589
-0.93928
-0.902344
-0.861133
-0.814335
-0.760699
-0.692392
-0.594375
-0.447629
5.54974
5.84588
6.07043
6.13386
5.98529
5.56008
4.87096
3.41752
3.02075
4.43168
5.44691
5.90959
6.08617
6.08465
5.94444
5.73078
5.50593
5.31829
5.18243
5.09785
5.05324
5.03904
5.03759
5.01903
4.95649
4.86688
4.77274
4.67817
4.58299
4.48749
4.39371
4.30401
4.22032
4.14254
4.06874
3.98906
3.88018
3.69196
3.36
5.07527
4.58857
3.97871
3.31515
2.67917
2.05335
1.4913
1.01364
0.61141
0.211499
0.107015
0.164526
0.208471
0.199668
0.156711
0.0911295
0.00801522
-0.0890103
-0.196646
-0.312209
-0.434016
-0.560224
-0.686338
-0.802832
-0.895288
-0.96272
-1.02532
-1.07498
-1.13619
-1.22156
-1.21132
-1.21786
-1.23582
-1.24403
-1.24048
-1.23192
-1.22946
-1.24774
-1.32043
5.467
5.755
5.95365
5.96222
5.71432
5.12162
4.05012
2.35133
1.63171
3.12829
4.51159
5.66429
6.64552
7.48456
8.12372
8.55332
8.80877
8.9188
8.9192
8.84932
8.73805
8.60738
8.48622
8.42884
8.45952
8.50122
8.49383
8.44954
8.38393
8.30154
8.19976
8.07787
7.9377
7.78201
7.61696
7.45433
7.32542
7.27634
7.43068
-118.8
-122.626
-124.721
-127.069
-129.037
-130.249
-130.728
-130.594
-129.963
-128.909
-127.466
-125.674
-123.558
-121.152
-118.518
-115.734
-112.879
-109.975
-107.009
-103.99
-100.966
-97.9673
-94.9845
-91.951
-88.8116
-85.5532
-82.2023
-78.8484
-75.6628
-72.9109
-70.8557
-69.5749
-68.8588
-68.276
-67.3436
-65.7704
-63.5963
-60.9934
-58.14
-55.1884
-52.2403
-49.3392
-46.5055
-43.7467
-41.0724
-38.4864
-35.9944
-33.5979
-31.2999
-29.1004
-27.0002
-24.9987
-23.0961
-21.2913
-19.5831
-17.9698
-16.4495
-15.0201
-13.6791
-12.4241
-11.252
-10.16
-9.14519
-8.20391
-7.33476
-6.53005
-5.79652
-5.20173
-4.69302
-4.20163
-3.72485
-3.2682
-2.82414
-2.42909
-2.00336
-1.73315
-1.22583
-1.285
-0.346993
-1.36258
-109.326
-106.173
-103.897
-101.698
-99.5014
-97.3335
-95.1039
-92.8044
-90.5437
-88.1796
-85.8557
-83.4673
-81.0915
-78.6873
-76.2832
-73.8689
-71.4538
-69.0374
-66.623
-64.2122
-61.8066
-59.4074
-57.016
-54.6333
-52.2609
-49.8995
-47.5509
-45.2164
-42.8982
-40.5981
-38.3193
-36.0645
-33.8371
-31.6407
-29.4798
-27.3583
-25.2812
-23.2529
-21.2786
-19.3627
-17.5103
-15.7255
-14.0129
-12.3759
-10.8183
-9.34241
-7.95093
-6.6448
-5.42544
-4.29251
-3.24594
-2.28415
-1.40566
-0.60795
0.111646
0.756454
1.33007
1.83645
2.27972
2.66421
2.99429
3.27424
3.5085
3.70131
3.85741
3.97952
4.07513
4.13297
4.17076
4.20118
4.22188
4.23554
4.24269
4.24062
4.24782
4.23409
4.19162
4.58883
3.13383
7.46464
-82.7328
-83.5602
-85.024
-86.9432
-88.9034
-90.7351
-92.3793
-93.7861
-94.9137
-95.7351
-96.233
-96.4053
-96.2696
-95.8656
-95.2156
-94.347
-93.2888
-92.0788
-90.764
-89.4078
-88.0323
-86.623
-85.1709
-83.6863
-82.1602
-80.5533
-78.8033
-76.8389
-74.593
-72.028
-69.1722
-66.1378
-63.1
-60.2571
-57.7169
-55.3521
-53.0506
-50.8166
-48.6097
-46.3964
-44.1753
-41.9607
-39.7667
-37.607
-35.49
-33.4235
-31.4129
-29.4629
-27.5773
-25.7579
-24.0065
-22.3249
-20.7139
-19.1743
-17.7062
-16.3097
-14.9845
-13.73
-12.5454
-11.4296
-10.3815
-9.39921
-8.48158
-7.62598
-6.83234
-6.09404
-5.41824
-4.86707
-4.39469
-3.93832
-3.49333
-3.06695
-2.65
-2.2815
-1.87829
-1.6297
-1.14687
-1.21231
-0.324577
-1.30597
-81.6511
-80.5577
-79.471
-78.2604
-77.006
-75.706
-74.3739
-73.022
-71.632
-70.214
-68.767
-67.2839
-65.7733
-64.2269
-62.6511
-61.0421
-59.403
-57.7332
-56.0344
-54.3084
-52.5564
-50.7806
-48.9826
-47.1657
-45.3316
-43.4833
-41.623
-39.7545
-37.8798
-36.0028
-34.1265
-32.255
-30.3911
-28.5397
-26.7044
-24.89
-23.1008
-21.3419
-19.6176
-17.9332
-16.2932
-14.7027
-13.1657
-11.687
-10.2699
-8.9186
-7.63544
-6.42342
-5.28389
-4.21853
-3.22751
-2.31115
-1.46858
-0.698898
-0.000184693
0.629666
1.19342
1.69414
2.13523
2.52033
2.85309
3.13743
3.3773
3.57655
3.73946
3.86864
3.97171
4.03547
4.07728
4.11203
4.13766
4.15558
4.16709
4.16903
4.17834
4.17162
4.12277
4.52177
3.1293
7.24684
-54.2487
-54.2685
-54.4076
-54.7202
-55.1944
-55.7974
-56.499
-57.2571
-58.0447
-58.8207
-59.561
-60.2295
-60.807
-61.2617
-61.5772
-61.7298
-61.7169
-61.5351
-61.2111
-60.7717
-60.2647
-59.7278
-59.1905
-58.6689
-58.1795
-57.7215
-57.2797
-56.8177
-56.2754
-55.5677
-54.6085
-53.3363
-51.7306
-49.853
-47.8882
-45.9389
-43.9266
-41.9338
-40.0448
-38.2342
-36.4776
-34.7648
-33.0896
-31.4474
-29.8353
-28.2537
-26.7034
-25.1877
-23.7075
-22.2658
-20.8644
-19.5056
-18.1914
-16.9235
-15.7031
-14.5317
-13.4104
-12.34
-11.3211
-10.354
-9.43861
-8.57486
-7.76263
-7.00046
-6.2894
-5.62411
-5.01227
-4.50936
-4.07681
-3.65898
-3.2496
-2.85687
-2.47072
-2.1302
-1.75429
-1.52463
-1.07448
-1.13724
-0.311536
-1.24112
-54.1283
-53.8624
-53.6292
-53.3373
-53.0092
-52.6424
-52.2441
-51.8072
-51.3292
-50.8128
-50.2516
-49.6471
-48.9968
-48.2988
-47.5538
-46.7584
-45.9145
-45.0192
-44.0743
-43.0784
-42.0333
-40.9385
-39.7965
-38.6079
-37.3761
-36.1023
-34.7907
-33.4437
-32.0657
-30.6598
-29.2311
-27.7833
-26.3214
-24.8497
-23.3735
-21.8973
-20.4265
-18.9657
-17.5204
-16.0952
-14.6957
-13.3264
-11.9924
-10.6981
-9.44818
-8.24629
-7.0965
-6.00166
-4.96477
-3.98767
-3.07226
-2.2194
-1.42983
-0.703305
-0.0392855
0.563534
1.10672
1.59251
2.02339
2.40216
2.7319
3.01579
3.25723
3.45972
3.62689
3.76118
3.87007
3.93861
3.98444
4.02331
4.05275
4.0751
4.0905
4.09706
4.10749
4.10715
4.06006
4.43642
3.14872
6.99461
-43.2484
-43.1353
-43.0324
-42.9981
-43.0156
-43.0923
-43.2361
-43.4544
-43.7319
-44.0645
-44.4277
-44.8132
-45.1904
-45.5485
-45.8576
-46.1098
-46.2812
-46.3696
-46.3631
-46.2654
-46.0749
-45.8187
-45.5258
-45.2187
-44.8786
-44.4805
-43.993
-43.3908
-42.6506
-41.7617
-40.7336
-39.6022
-38.4144
-37.2137
-36.0734
-35.0923
-34.1062
-32.9429
-31.7183
-30.4957
-29.2797
-28.0777
-26.8923
-25.7194
-24.558
-23.4066
-22.2674
-21.1398
-20.0261
-18.9271
-17.8456
-16.7836
-15.7439
-14.7285
-13.74
-12.7808
-11.853
-10.9585
-10.099
-9.27569
-8.49007
-7.74277
-7.03483
-6.36584
-5.73774
-5.14627
-4.59948
-4.1464
-3.75416
-3.37508
-3.00225
-2.64429
-2.29015
-1.97894
-1.63094
-1.42339
-1.00147
-1.07345
-0.288377
-1.198
-43.1927
-42.9824
-42.735
-42.4532
-42.1506
-41.8283
-41.483
-41.116
-40.7241
-40.3094
-39.8669
-39.4001
-38.9039
-38.3812
-37.8278
-37.2457
-36.6319
-35.9879
-35.3109
-34.6024
-33.8598
-33.0846
-32.2749
-31.4316
-30.5538
-29.6426
-28.6974
-27.7199
-26.7102
-25.6707
-24.6026
-23.5088
-22.3913
-21.2539
-20.0996
-18.9325
-17.7564
-16.5758
-15.3951
-14.219
-13.0521
-11.8994
-10.7653
-9.65481
-8.57223
-7.52213
-6.50843
-5.53497
-4.60487
-3.7213
-2.88657
-2.1029
-1.37151
-0.693415
-0.0687314
0.502581
1.02134
1.48871
1.90637
2.27637
2.60089
2.88262
3.12439
3.32914
3.49999
3.63915
3.7537
3.82732
3.87758
3.92106
3.95554
3.98219
4.0021
4.01338
4.02877
4.03554
3.99246
4.35418
3.13375
6.79282
-30.6636
-30.4282
-30.1126
-29.8051
-29.5112
-29.222
-28.9433
-28.6786
-28.4443
-28.246
-28.0929
-27.9778
-27.9031
-27.857
-27.8389
-27.8323
-27.8303
-27.8163
-27.7838
-27.7211
-27.6273
-27.5015
-27.3537
-27.2006
-27.0775
-27.0009
-26.9554
-26.9055
-26.8167
-26.6503
-26.3744
-25.9805
-25.4903
-24.9469
-24.4125
-24.0192
-23.811
-23.4937
-22.9952
-22.4392
-21.8503
-21.2327
-20.5887
-19.9208
-19.23
-18.5211
-17.7958
-17.0578
-16.3075
-15.5488
-14.7837
-14.0162
-13.2486
-12.4846
-11.7274
-10.9806
-10.2469
-9.52934
-8.83058
-8.15336
-7.49951
-6.87108
-6.27002
-5.6969
-5.15449
-4.63946
-4.16091
-3.75996
-3.40994
-3.07169
-2.73743
-2.41598
-2.09579
-1.8161
-1.49743
-1.31555
-0.920509
-1.00891
-0.257058
-1.15941
-30.6907
-30.6015
-30.5147
-30.4112
-30.2994
-30.1745
-30.0373
-29.8854
-29.7188
-29.5349
-29.3336
-29.1127
-28.8717
-28.6084
-28.3223
-28.0114
-27.6753
-27.312
-26.9214
-26.5017
-26.0528
-25.5736
-25.0643
-24.5239
-23.9527
-23.3506
-22.7177
-22.0542
-21.3607
-20.6376
-19.8859
-19.1067
-18.3011
-17.4709
-16.6179
-15.7447
-14.8537
-13.948
-13.0308
-12.1058
-11.1768
-10.2481
-9.32357
-8.4078
-7.50508
-6.61973
-5.75597
-4.91758
-4.10858
-3.3323
-2.59211
-1.89056
-1.2299
-0.611715
-0.0373389
0.492598
0.977814
1.41871
1.81602
2.17079
2.48474
2.75967
2.99775
3.20143
3.37328
3.51512
3.63372
3.71118
3.76511
3.81275
3.85109
3.88239
3.90677
3.92339
3.94265
3.95572
3.91704
4.26682
3.09741
6.60854
-20.0402
-19.8358
-19.5856
-19.3274
-19.0199
-18.6555
-18.27
-17.8897
-17.5125
-17.1345
-16.7624
-16.4119
-16.0942
-15.816
-15.5776
-15.3797
-15.218
-15.0899
-14.9849
-14.8961
-14.8126
-14.7286
-14.6398
-14.5501
-14.4692
-14.4139
-14.3957
-14.4063
-14.4233
-14.4203
-14.3779
-14.2908
-14.1694
-14.0357
-13.9214
-13.8932
-14.0918
-14.4096
-14.5519
-14.5542
-14.5032
-14.4053
-14.2616
-14.0717
-13.8381
-13.5618
-13.2461
-12.8916
-12.5024
-12.0808
-11.6317
-11.1579
-10.6639
-10.1533
-9.63062
-9.09941
-8.56394
-8.02771
-7.49479
-6.96798
-6.45088
-5.94609
-5.45653
-4.98371
-4.53122
-4.09676
-3.68976
-3.34434
-3.03943
-2.74425
-2.45092
-2.16837
-1.88435
-1.63824
-1.35099
-1.19653
-0.830722
-0.935686
-0.222048
-1.11237
-20.0952
-20.0735
-20.0608
-20.0373
-20.0125
-19.9813
-19.9462
-19.9043
-19.8568
-19.8013
-19.7386
-19.6665
-19.5854
-19.493
-19.3895
-19.2727
-19.1423
-18.9961
-18.8335
-18.6525
-18.4522
-18.2305
-17.9867
-17.7188
-17.4261
-17.107
-16.7608
-16.3865
-15.984
-15.5524
-15.0922
-14.603
-14.0857
-13.5406
-12.9691
-12.3721
-11.7516
-11.1091
-10.4473
-9.76835
-9.07556
-8.3717
-7.66058
-6.94562
-6.23087
-5.52009
-4.8172
-4.12627
-3.45114
-2.79569
-2.16336
-1.55729
-0.980185
-0.434541
0.0777509
0.555063
0.996505
1.40146
1.76969
2.10179
2.3983
2.66048
2.88976
3.08793
3.25696
3.39832
3.5182
3.59774
3.65378
3.70402
3.7459
3.78044
3.80858
3.82896
3.85238
3.87015
3.83675
4.16986
3.05715
6.41591
-10.716
-10.4589
-10.168
-9.88413
-9.579
-9.22663
-8.81909
-8.35599
-7.85242
-7.33491
-6.81945
-6.30645
-5.79534
-5.29868
-4.83378
-4.41596
-4.05217
-3.74637
-3.49804
-3.307
-3.16823
-3.07474
-3.01788
-2.99106
-2.99113
-3.0215
-3.0946
-3.22301
-3.40077
-3.60575
-3.81547
-4.01841
-4.21467
-4.41808
-4.65617
-4.96732
-5.43514
-6.14701
-6.86343
-7.37543
-7.76244
-8.08379
-8.34759
-8.55542
-8.70781
-8.80568
-8.84754
-8.83556
-8.77099
-8.65855
-8.50095
-8.30281
-8.06721
-7.79905
-7.50197
-7.18089
-6.83968
-6.48328
-6.11512
-5.73981
-5.36083
-4.98182
-4.60637
-4.23669
-3.87706
-3.52594
-3.19398
-2.90648
-2.6485
-2.39862
-2.14836
-1.90641
-1.66043
-1.44955
-1.19548
-1.06943
-0.735224
-0.855781
-0.18432
-1.05926
-10.8429
-10.9146
-10.9925
-11.0664
-11.1399
-11.2126
-11.283
-11.3524
-11.4184
-11.4825
-11.5423
-11.5991
-11.6499
-11.6961
-11.7351
-11.7677
-11.7911
-11.8059
-11.8096
-11.8027
-11.7822
-11.7484
-11.6985
-11.6327
-11.548
-11.4445
-11.3193
-11.1726
-11.0017
-10.8067
-10.5854
-10.3382
-10.0633
-9.7617
-9.43217
-9.07602
-8.69291
-8.28467
-7.85172
-7.39645
-6.9201
-6.42557
-5.91491
-5.39149
-4.85793
-4.31778
-3.77449
-3.23172
-2.69321
-2.16263
-1.64341
-1.13887
-0.652192
-0.186196
0.256584
0.674109
1.06462
1.42672
1.75975
2.06305
2.33689
2.58157
2.79775
2.98669
3.14964
3.2877
3.40649
3.48627
3.54322
3.59527
3.63901
3.67657
3.70774
3.73203
3.75773
3.77871
3.75158
4.06362
3.01276
6.21366
-3.2534
-3.00727
-2.72899
-2.45078
-2.15526
-1.82993
-1.47565
-1.08759
-0.654025
-0.165146
0.371001
0.931238
1.48974
2.03814
2.57431
3.0934
3.57679
4.00804
4.37273
4.66747
4.88881
5.04066
5.12553
5.15276
5.12931
5.06427
4.95878
4.80862
4.60236
4.34096
4.04315
3.73077
3.41129
3.07639
2.69978
2.2422
1.65959
0.85402
-0.15888
-1.09505
-1.84921
-2.49602
-3.07449
-3.59319
-4.05192
-4.44716
-4.77919
-5.04777
-5.2561
-5.40609
-5.5018
-5.54527
-5.54083
-5.49134
-5.4016
-5.27517
-5.11714
-4.93104
-4.72182
-4.4931
-4.24951
-3.99488
-3.7332
-3.46711
-3.20142
-2.93553
-2.67974
-2.45201
-2.24278
-2.03941
-1.83374
-1.63427
-1.42801
-1.25376
-1.03451
-0.93757
-0.636495
-0.773068
-0.144024
-1.00529
-3.40526
-3.5216
-3.64809
-3.77488
-3.90768
-4.04258
-4.18216
-4.32325
-4.4682
-4.61373
-4.76218
-4.90997
-5.0593
-5.20658
-5.35387
-5.49736
-5.63885
-5.77458
-5.90617
-6.02981
-6.14678
-6.25333
-6.35047
-6.43462
-6.50658
-6.56279
-6.60389
-6.62654
-6.63119
-6.61473
-6.57754
-6.5168
-6.43299
-6.32374
-6.18966
-6.02896
-5.84261
-5.62952
-5.39109
-5.12698
-4.83914
-4.52808
-4.19627
-3.84498
-3.4769
-3.09447
-2.70072
-2.29861
-1.89153
-1.48251
-1.07497
-0.672138
-0.277277
0.106632
0.476888
0.830914
1.1664
1.48171
1.77511
2.04587
2.29325
2.51681
2.71676
2.89355
3.04787
3.18038
3.29608
3.37476
3.43153
3.48415
3.52977
3.56923
3.60303
3.6299
3.65879
3.68207
3.66231
3.95111
2.96261
6.01063
2.10411
2.32563
2.5738
2.827
3.0979
3.39262
3.70894
4.04737
4.41406
4.8137
5.25326
5.73863
6.27084
6.83141
7.39457
7.93988
8.46477
8.96313
9.42391
9.82625
10.1578
10.409
10.5812
10.6745
10.6965
10.6526
10.554
10.4055
10.2095
9.95866
9.65335
9.30841
8.9422
8.55913
8.1444
7.66523
7.08097
6.33428
5.34449
4.21516
3.18484
2.29613
1.4969
0.758132
0.0759061
-0.545085
-1.09958
-1.58943
-2.01556
-2.38118
-2.68694
-2.93587
-3.12974
-3.27233
-3.36619
-3.41598
-3.42454
-3.39667
-3.33559
-3.24604
-3.13208
-2.99788
-2.84721
-2.68324
-2.51088
-2.32983
-2.15139
-1.98415
-1.82421
-1.66862
-1.50904
-1.35313
-1.18803
-1.05172
-0.868685
-0.80205
-0.535118
-0.688926
-0.101595
-0.952021
1.94998
1.81434
1.67096
1.52251
1.36897
1.20904
1.04489
0.87445
0.700307
0.520267
0.337272
0.148977
-0.0414888
-0.23635
-0.432273
-0.631344
-0.830132
-1.03059
-1.22907
-1.42727
-1.62148
-1.81319
-1.99856
-2.17875
-2.35003
-2.51332
-2.66475
-2.80511
-2.93075
-3.0422
-3.13595
-3.21252
-3.26875
-3.30499
-3.31849
-3.30979
-3.27662
-3.21968
-3.13733
-3.03059
-2.8986
-2.74287
-2.56324
-2.36149
-2.13864
-1.89691
-1.63806
-1.36482
-1.07936
-0.784654
-0.483441
-0.178886
0.126136
0.428681
0.725917
1.01501
1.29369
1.55954
1.81092
2.04632
2.26419
2.46404
2.64497
2.80724
2.95073
3.07566
3.18654
3.26265
3.31824
3.37088
3.41685
3.45805
3.49379
3.52378
3.55451
3.5792
3.56705
3.83155
2.90484
5.80439
5.79316
5.98041
6.18795
6.40288
6.6349
6.88674
7.15457
7.43942
7.74499
8.07423
8.42765
8.80857
9.2216
9.67477
10.1687
10.6919
11.217
11.724
12.2027
12.6516
13.0581
13.4077
13.6837
13.8809
13.9969
14.0372
14.0063
13.9139
13.7671
13.571
13.3241
13.0264
12.6872
12.3204
11.9281
11.4925
10.9791
10.3445
9.52521
8.47697
7.34011
6.28924
5.34191
4.46788
3.64649
2.87582
2.16147
1.50931
0.917292
0.384973
-0.0894988
-0.505606
-0.865702
-1.17076
-1.42437
-1.62816
-1.78627
-1.90077
-1.97601
-2.01555
-2.02369
-2.0036
-1.9594
-1.89409
-1.81275
-1.71571
-1.61333
-1.50652
-1.39653
-1.28899
-1.17591
-1.06454
-0.941537
-0.84405
-0.698422
-0.662809
-0.430926
-0.603087
-0.0574237
-0.898388
5.65041
5.5173
5.37559
5.22901
5.07475
4.91496
4.74762
4.57484
4.39463
4.20927
4.01672
3.81941
3.61536
3.40721
3.19298
2.97542
2.75274
2.52788
2.29911
2.06952
1.83757
1.60655
1.37509
1.14658
0.919892
0.698562
0.481734
0.272893
0.0714099
-0.119158
-0.299207
-0.465408
-0.618025
-0.753772
-0.872918
-0.972585
-1.053
-1.11169
-1.14906
-1.16325
-1.15489
-1.12272
-1.06758
-0.989134
-0.888691
-0.76669
-0.624992
-0.464586
-0.287737
-0.0962352
0.107254
0.320486
0.540741
0.765415
0.991646
1.21699
1.43873
1.65471
1.86293
2.06101
2.24788
2.42163
2.58173
2.72741
2.85817
2.9738
3.07816
3.15055
3.20392
3.25518
3.30137
3.34312
3.3804
3.41203
3.44523
3.47081
3.4665
3.70588
2.84169
5.5973
8.19912
8.35204
8.51938
8.69448
8.88495
9.09145
9.30964
9.54042
9.78764
10.0529
10.3358
10.6365
10.957
11.3001
11.6701
12.0718
12.5082
12.9699
13.4357
13.8829
14.3025
14.6893
15.0359
15.3265
15.5495
15.6972
15.7713
15.7752
15.7168
15.6026
15.4392
15.228
14.9692
14.6687
14.3368
13.974
13.5612
13.0638
12.4368
11.6159
10.5936
9.50707
8.48036
7.52704
6.63354
5.78432
4.97696
4.21636
3.50978
2.85666
2.25756
1.7117
1.22051
0.782117
0.396567
0.0606488
-0.225857
-0.466334
-0.663362
-0.820543
-0.940522
-1.02671
-1.08247
-1.11109
-1.11711
-1.10081
-1.07291
-1.02563
-0.964756
-0.904935
-0.838503
-0.771489
-0.690838
-0.63248
-0.524743
-0.520776
-0.324458
-0.515487
-0.0118498
-0.843813
8.07405
7.95058
7.82062
7.6837
7.54057
7.38995
7.23314
7.06863
6.89798
6.71957
6.53513
6.34302
6.14515
5.9399
5.72931
5.51178
5.28955
5.06113
4.82884
4.59132
4.35106
4.10685
3.86133
3.61346
3.36599
3.11814
2.87277
2.62931
2.39062
2.15646
1.92978
1.71054
1.50154
1.30302
1.11769
0.945868
0.790002
0.650465
0.529314
0.426871
0.344732
0.283142
0.243263
0.224749
0.228288
0.252902
0.298754
0.364447
0.449291
0.5514
0.669453
0.801324
0.945067
1.09819
1.25856
1.42356
1.59098
1.75865
1.92383
2.08502
2.23973
2.38688
2.52474
2.65269
2.76931
2.87428
2.97087
3.03839
3.0886
3.13802
3.18282
3.22475
3.26263
3.2963
3.33053
3.35622
3.35941
3.57312
2.77185
5.38517
9.60117
9.73382
9.87452
10.0202
10.1788
10.3502
10.529
10.7158
10.9145
11.1275
11.3541
11.5938
11.8467
12.1134
12.3952
12.6938
13.013
13.3576
13.7319
14.1292
14.5315
14.918
15.2793
15.61
15.9034
16.1458
16.3267
16.4401
16.4885
16.4764
16.4109
16.2975
16.1395
15.937
15.6935
15.416
15.1036
14.7374
14.2846
13.6973
12.9206
11.9699
10.9614
9.98513
9.05641
8.1743
7.32882
6.51596
5.73968
5.0085
4.32388
3.68737
3.09829
2.55882
2.06726
1.62551
1.23155
0.884244
0.581047
0.320585
0.100228
-0.0822054
-0.230194
-0.346003
-0.434039
-0.494789
-0.537916
-0.548106
-0.535307
-0.522122
-0.501183
-0.478052
-0.439367
-0.419876
-0.350121
-0.377596
-0.217039
-0.427023
0.0345404
-0.788343
9.48706
9.37162
9.2515
9.12538
8.99422
8.85665
8.71373
8.56406
8.4088
8.24652
8.07847
7.90322
7.72214
7.53383
7.33976
7.13856
6.93182
6.71827
6.49959
6.27459
6.04511
5.81007
5.57147
5.32836
5.08289
4.8343
4.58493
4.3342
4.08452
3.83556
3.58995
3.34754
3.11098
2.88037
2.65844
2.44539
2.2439
2.0542
1.8788
1.7179
1.57357
1.44661
1.33795
1.24875
1.17904
1.12973
1.10037
1.09127
1.10137
1.13036
1.17686
1.23982
1.31739
1.40808
1.50972
1.62042
1.73823
1.86048
1.98556
2.11073
2.23467
2.3551
2.47091
2.5804
2.68235
2.77581
2.86374
2.92571
2.97211
3.0185
3.06189
3.10287
3.14102
3.17503
3.2107
3.23623
3.24699
3.43487
2.69712
5.17217
10.417
10.5301
10.6466
10.7655
10.8971
11.0401
11.1887
11.3412
11.5011
11.6701
11.8482
12.0349
12.2309
12.4365
12.6518
12.8769
13.1129
13.3615
13.6255
13.9102
14.22
14.5519
14.8901
15.218
15.5255
15.8087
16.0596
16.267
16.4206
16.5172
16.5587
16.551
16.4988
16.4048
16.269
16.0925
15.8789
15.6263
15.3179
14.9221
14.3923
13.6843
12.8207
11.8957
10.978
10.0863
9.22991
8.40428
7.60387
6.83137
6.09595
5.40049
4.74705
4.13436
3.56628
3.04257
2.5638
2.12878
1.73761
1.38897
1.08194
0.814276
0.584028
0.388922
0.225434
0.093484
-0.0165882
-0.081442
-0.114527
-0.145851
-0.169114
-0.18845
-0.190789
-0.209359
-0.177005
-0.235544
-0.110488
-0.338948
0.0806854
-0.732864
10.3135
10.2079
10.0975
9.98271
9.86252
9.73765
9.60697
9.47129
9.32941
9.18221
9.0285
8.86919
8.70313
8.53127
8.3525
8.16786
7.97629
7.77894
7.5748
7.36513
7.14903
6.92787
6.70088
6.46954
6.2332
5.99354
5.75002
5.50448
5.25653
5.00817
4.75922
4.51177
4.26583
4.02363
3.78539
3.5534
3.3281
3.11185
2.90516
2.7102
2.52745
2.35886
2.20495
2.06726
1.94669
1.84392
1.75982
1.69423
1.64761
1.61938
1.60939
1.61651
1.64005
1.67844
1.73045
1.79454
1.86846
1.95082
2.03901
2.13168
2.22648
2.32207
2.41618
2.50791
2.59492
2.67676
2.75559
2.81149
2.85359
2.89692
2.93762
2.9775
3.01485
3.04984
3.08544
3.11044
3.1282
3.29059
2.6159
4.95393
10.7996
10.9031
11.0041
11.1038
11.214
11.3363
11.4632
11.5934
11.7282
11.8691
12.014
12.1629
12.3166
12.4775
12.6457
12.8212
13.0028
13.1909
13.3858
13.5887
13.8023
14.0326
14.2862
14.5617
14.8466
15.1249
15.3877
15.6306
15.8473
16.0276
16.1631
16.2514
16.2961
16.3016
16.2705
16.2014
16.0916
15.9412
15.7473
15.4955
15.1563
14.6865
14.0525
13.2769
12.4323
11.5737
10.724
9.90012
9.1035
8.32767
7.5727
6.84696
6.15365
5.49672
4.87629
4.29435
3.75144
3.24916
2.78763
2.36749
1.98775
1.64787
1.34608
1.08128
0.850793
0.653844
0.482664
0.367015
0.29112
0.217706
0.152819
0.0928471
0.0510807
-0.00418546
-0.00826841
-0.09675
-0.00653507
-0.252767
0.125572
-0.677778
10.7014
10.5994
10.4944
10.3849
10.2715
10.1535
10.0312
9.90386
9.7718
9.63433
9.49187
9.34368
9.19027
9.03087
8.8661
8.69517
8.51877
8.33614
8.14807
7.95381
7.75427
7.54873
7.33826
7.12215
6.90164
6.67611
6.44693
6.21359
5.97763
5.7387
5.49848
5.25682
5.01551
4.77462
4.53604
4.30007
4.06868
3.84242
3.62325
3.41191
3.21025
3.01905
2.83994
2.67374
2.52182
2.38499
2.26416
2.16017
2.07326
2.00398
1.95191
1.91714
1.89873
1.89622
1.90862
1.93425
1.97217
2.02017
2.07714
2.1409
2.21024
2.28273
2.35736
2.43188
2.50502
2.57516
2.6451
2.6948
2.73245
2.77188
2.81035
2.84821
2.88487
2.91902
2.95506
2.97953
3.0039
3.14167
2.53006
4.73392
10.9528
11.0564
11.1565
11.252
11.3538
11.4616
11.5691
11.6757
11.7865
11.9042
12.0271
12.1524
12.2793
12.4093
12.5439
12.6835
12.827
12.9735
13.1226
13.2743
13.4291
13.5885
13.756
13.9392
14.1457
14.3754
14.6165
14.855
15.0826
15.296
15.4897
15.6544
15.7808
15.8658
15.9123
15.924
15.9012
15.8405
15.7389
15.5919
15.387
15.0965
14.6838
14.1212
13.4256
12.6531
11.8521
11.047
10.2595
9.4969
8.75241
8.02272
7.31536
6.63501
5.98445
5.36469
4.77859
4.22778
3.71431
3.23866
2.80155
2.40265
2.04167
1.7182
1.4294
1.17591
0.950121
0.78907
0.673823
0.562082
0.458531
0.360762
0.281942
0.192095
0.153315
0.0364192
0.0928965
-0.169577
0.168017
-0.623635
10.8476
10.7386
10.6267
10.5115
10.3927
10.2712
10.1459
10.0179
9.88581
9.7507
9.61122
9.4684
9.32083
9.16964
9.01335
8.85315
8.68757
8.51783
8.3425
8.16282
7.9775
7.78773
7.59238
7.3927
7.18772
6.97867
6.76481
6.54742
6.32598
6.10178
5.8746
5.64579
5.41535
5.18469
4.95409
4.72502
4.498
4.27451
4.05533
3.84195
3.63537
3.43701
3.24796
3.06948
2.90263
2.74836
2.60777
2.48144
2.37035
2.27465
2.19512
2.13141
2.08382
2.05183
2.03446
2.03127
2.04062
2.06176
2.09294
2.13324
2.18046
2.23366
2.29044
2.35021
2.40996
2.46983
2.53078
2.57453
2.60755
2.64385
2.679
2.71506
2.74998
2.78428
2.81945
2.8432
2.87334
2.98746
2.43842
4.507
10.5781
10.6785
10.7742
10.8642
10.9604
11.0629
11.163
11.2586
11.3545
11.4566
11.5653
11.6781
11.7919
11.9064
12.0221
12.1402
12.2603
12.3824
12.5056
12.6302
12.7559
12.8827
13.0104
13.1403
13.2765
13.4271
13.6023
13.8052
14.0272
14.2539
14.4769
14.6943
14.9019
15.0895
15.2431
15.354
15.4188
15.4387
15.4124
15.3395
15.2169
15.0364
14.7761
14.4072
13.9071
13.2878
12.5907
11.8563
11.1085
10.3698
9.64944
8.93989
8.23709
7.54942
6.88464
6.24657
5.63586
5.0549
4.50567
3.99058
3.51053
3.06665
2.65934
2.28777
1.95126
1.64958
1.3777
1.1765
1.02658
0.880589
0.742388
0.610312
0.497572
0.375906
0.304658
0.161679
0.185914
-0.090802
0.206995
-0.570363
10.4784
10.3757
10.2723
10.1665
10.059
9.94842
9.83544
9.71892
9.59964
9.47636
9.35012
9.21956
9.0858
8.94743
8.80564
8.65904
8.50876
8.35349
8.19432
8.03004
7.86168
7.68817
7.51049
7.32776
7.14089
6.94921
6.75363
6.55372
6.35034
6.14334
5.93361
5.72127
5.50722
5.29187
5.07615
4.8607
4.64649
4.43439
4.22535
4.02045
3.82062
3.62714
3.44088
3.26319
3.09482
2.93711
2.79058
2.65648
2.53497
2.42725
2.33321
2.2538
2.18878
2.13814
2.10146
2.07822
2.06764
2.06891
2.0812
2.10293
2.1333
2.1701
2.21294
2.25929
2.30842
2.35827
2.41175
2.4496
2.47891
2.51107
2.54393
2.57749
2.61111
2.6438
2.67873
2.70186
2.73723
2.82868
2.3433
4.2754
10.4127
10.5045
10.5905
10.6712
10.7632
10.868
10.9752
11.0771
11.1747
11.2732
11.3763
11.4836
11.5935
11.7041
11.8152
11.9264
12.0385
12.1507
12.2633
12.375
12.4854
12.5926
12.6958
12.7929
12.8834
12.9667
13.0479
13.137
13.2485
13.3887
13.5533
13.7294
13.9089
14.0895
14.2717
14.4466
14.6009
14.719
14.7913
14.811
14.7752
14.681
14.5234
14.2866
13.9498
13.4985
12.9432
12.3171
11.6517
10.9621
10.2669
9.58053
8.90221
8.22849
7.5669
6.92507
6.30644
5.71167
5.1435
4.60441
4.09688
3.62264
3.18155
2.77481
2.40109
2.06221
1.75267
1.51843
1.33911
1.16438
0.99641
0.83466
0.69194
0.542311
0.441653
0.275939
0.269695
-0.0174399
0.240762
-0.518122
10.3154
10.2136
10.109
10.0014
9.89034
9.77662
9.65896
9.53853
9.41395
9.28634
9.15439
9.01921
8.87958
8.73647
8.58884
8.4376
8.28191
8.12253
7.95883
7.79152
7.62016
7.44532
7.26681
7.08512
6.90023
6.71251
6.52217
6.32948
6.1348
5.93832
5.74057
5.54171
5.34241
5.14283
4.94382
4.74553
4.54898
4.35434
4.16278
3.9745
3.79081
3.61192
3.43928
3.2731
3.11487
2.96482
2.82446
2.69384
2.57432
2.46577
2.36947
2.28502
2.21345
2.15402
2.10744
2.07276
2.0503
2.03911
2.03853
2.04781
2.06532
2.09072
2.12181
2.15867
2.198
2.24051
2.2868
2.32031
2.3452
2.37487
2.40437
2.43566
2.46686
2.49947
2.53294
2.55574
2.59525
2.66481
2.24522
4.03281
10.1182
10.2438
10.3495
10.4376
10.5301
10.638
10.7532
10.8679
10.9771
11.0837
11.1895
11.2968
11.4044
11.5128
11.6209
11.7303
11.8396
11.9517
12.068
12.193
12.326
12.4674
12.6129
12.7608
12.9057
13.0456
13.1761
13.2978
13.4136
13.5332
13.6654
13.8129
13.9624
14.0898
14.1705
14.1972
14.1773
14.1267
14.0559
13.9699
13.8672
13.7458
13.6068
13.4535
13.2791
13.0653
12.7869
12.4245
11.9663
11.4027
10.7358
10.0123
9.30867
8.6585
8.03783
7.42017
6.80538
6.20604
5.63106
5.08263
4.56225
4.07007
3.60822
3.17725
2.77796
2.41101
2.07323
1.8126
1.60954
1.41104
1.2185
1.03147
0.862859
0.689286
0.562174
0.377736
0.342387
0.0493297
0.267596
-0.466614
9.98046
9.83634
9.69178
9.54515
9.39823
9.25028
9.10196
8.95287
8.80336
8.65319
8.50237
8.35086
8.19848
8.04538
7.89118
7.73612
7.57977
7.42249
7.26369
7.10386
6.94234
6.77973
6.61535
6.4499
6.28268
6.1145
5.94464
5.77408
5.60217
5.42997
5.25679
5.08378
4.91033
4.73771
4.56535
4.39446
4.22468
4.05729
3.89191
3.72986
3.57087
3.41628
3.26596
3.12124
2.98208
2.8498
2.72448
2.60734
2.49854
2.39906
2.309
2.22913
2.15937
2.10032
2.05179
2.01408
1.98688
1.96992
1.96272
1.96433
1.97459
1.99166
2.0158
2.04477
2.07784
2.11388
2.15532
2.18415
2.2067
2.23258
2.25948
2.28794
2.31833
2.34908
2.38142
2.40419
2.44752
2.4948
2.14748
3.77928
8.87858
9.05067
9.199
9.31762
9.42629
9.54047
9.65888
9.77807
9.8925
10.0033
10.1093
10.2128
10.3122
10.409
10.5013
10.5908
10.6753
10.7586
10.8459
10.9497
11.0767
11.2313
11.4078
11.6019
11.8032
12.0065
12.2025
12.3866
12.5502
12.69
12.8023
12.8919
12.9658
13.0364
13.1091
13.1837
13.249
13.2954
13.3154
13.3104
13.2805
13.2265
13.1432
13.0288
12.882
12.7027
12.4748
12.1726
11.7737
11.2842
10.7319
10.1417
9.52367
8.8981
8.28524
7.68705
7.0971
6.51812
5.95557
5.41377
4.89421
4.39873
3.92898
3.4867
3.07276
2.68816
2.33161
2.05185
1.82956
1.61297
1.40068
1.19358
1.00295
0.810909
0.659855
0.463224
0.398876
0.108588
0.284635
-0.417115
8.7024
8.52508
8.35075
8.1783
8.00815
7.84039
7.67454
7.51129
7.3498
7.19098
7.03388
6.8794
6.72654
6.57643
6.42779
6.28178
6.13722
5.99529
5.85461
5.71648
5.57942
5.44488
5.3112
5.17977
5.04899
4.92028
4.79193
4.66541
4.539
4.41424
4.28938
4.16591
4.04228
3.92004
3.7976
3.67658
3.55562
3.43639
3.31767
3.20108
3.0856
2.97285
2.86209
2.75489
2.65059
2.55076
2.45492
2.36459
2.2794
2.20079
2.12839
2.06355
2.00584
1.95641
1.9148
1.88184
1.85692
1.84054
1.83199
1.83145
1.83795
1.85141
1.87069
1.89524
1.92343
1.95578
1.99237
2.01905
2.03847
2.06237
2.08715
2.11529
2.14407
2.17513
2.20618
2.23115
2.27904
2.30143
2.04675
3.49226
7.03776
7.20145
7.34742
7.4677
7.5765
7.68504
7.79409
7.90135
8.00389
8.10217
8.19601
8.2862
8.3717
8.45283
8.52851
8.59984
8.66551
8.72578
8.77994
8.83364
8.89417
8.97251
9.07324
9.19899
9.34337
9.50224
9.66673
9.83379
9.99667
10.1553
10.3062
10.4529
10.5961
10.7431
10.8972
11.0649
11.2445
11.4326
11.6165
11.7858
11.9265
12.0315
12.0898
12.0946
12.0343
11.9021
11.6951
11.4164
11.0687
10.6639
10.2223
9.76253
9.27638
8.74392
8.17326
7.60276
7.05198
6.51705
5.99213
5.47955
4.98296
4.50567
4.04957
3.61635
3.20728
2.82344
2.46523
2.17949
1.94987
1.72592
1.50504
1.28775
1.08609
0.883681
0.720116
0.515257
0.436531
0.14469
0.300078
-0.387759
6.87006
6.70269
6.53848
6.37691
6.21816
6.06241
5.90936
5.75946
5.61218
5.4681
5.3266
5.18828
5.05251
4.92
4.78989
4.66298
4.53848
4.41715
4.29813
4.18222
4.06846
3.95789
3.84936
3.74385
3.64037
3.53993
3.44143
3.34593
3.25224
3.16152
3.0725
2.98634
2.90179
2.82002
2.73965
2.66191
2.58548
2.51161
2.43897
2.36889
2.30005
2.23383
2.16906
2.10713
2.04698
1.98999
1.93522
1.88408
1.83576
1.79166
1.75103
1.71528
1.68369
1.65755
1.63622
1.62075
1.61046
1.60616
1.60718
1.61408
1.62608
1.64337
1.66516
1.69105
1.71996
1.75215
1.78924
1.81455
1.83423
1.85762
1.88383
1.91186
1.94244
1.97416
2.00636
2.03283
2.0874
2.09555
1.90453
3.26149
5.30234
5.44322
5.57177
5.68068
5.78052
5.88
5.98046
6.07951
6.17476
6.26638
6.35509
6.44174
6.5257
6.60692
6.68453
6.75932
6.8306
6.89911
6.96363
7.02504
7.08386
7.14501
7.21264
7.29348
7.38979
7.50476
7.63496
7.77972
7.93394
8.09768
8.26704
8.4433
8.62267
8.80543
8.98559
9.16087
9.32389
9.47252
9.60095
9.70912
9.7942
9.85888
9.90244
9.92913
9.93701
9.92361
9.88046
9.80342
9.68675
9.52247
9.29407
8.99155
8.61694
8.18785
7.71903
7.22901
6.74054
6.2651
5.79756
5.33547
4.88147
4.44036
4.01473
3.60657
3.21742
2.84874
2.50177
2.22125
1.99224
1.76937
1.54779
1.32872
1.12354
0.918111
0.74927
0.54192
0.455908
0.165738
0.309034
-0.365177
5.15821
5.01436
4.87256
4.73281
4.59499
4.45968
4.32636
4.19567
4.06719
3.94156
3.8182
3.69786
3.58003
3.46539
3.35329
3.24456
3.1385
3.03587
2.93602
2.83959
2.74586
2.65566
2.56817
2.48414
2.40277
2.32479
2.24936
2.17738
2.1078
2.04162
1.97781
1.91735
1.85923
1.80448
1.7519
1.70268
1.6556
1.6118
1.57006
1.53157
1.49511
1.46183
1.43054
1.40239
1.37633
1.35342
1.3326
1.31497
1.29962
1.2876
1.278
1.2719
1.26848
1.2687
1.27186
1.27881
1.28885
1.30274
1.31977
1.34051
1.36426
1.39137
1.42124
1.45368
1.48763
1.52451
1.56393
1.59208
1.61278
1.63879
1.6656
1.69592
1.72716
1.76145
1.7942
1.82554
1.88561
1.88629
1.74788
3.03257
4.07089
4.19522
4.30782
4.40324
4.49147
4.58004
4.67012
4.75923
4.84511
4.92779
5.00824
5.08734
5.16475
5.24016
5.31291
5.38342
5.45132
5.5171
5.58018
5.64084
5.69834
5.75349
5.80638
5.85939
5.91392
5.97429
6.04261
6.12249
6.21265
6.31355
6.42139
6.53663
6.65559
6.77955
6.90498
7.03286
7.15881
7.28279
7.39968
7.50929
7.60745
7.69507
7.76925
7.83213
7.88235
7.92125
7.94449
7.94812
7.92446
7.86861
7.77106
7.62146
7.40874
7.13764
6.82123
6.47137
6.09529
5.7085
5.32274
4.94002
4.55821
4.17993
3.80846
3.4468
3.09714
2.76101
2.44103
2.1773
1.95886
1.74583
1.53327
1.32058
1.1201
0.918703
0.751364
0.54749
0.459253
0.175946
0.310266
-0.342723
3.94504
3.81941
3.69523
3.57243
3.45098
3.33135
3.21311
3.09687
2.9822
2.86981
2.75912
2.65091
2.54466
2.4411
2.33966
2.2412
2.14508
2.05213
1.96174
1.8747
1.7904
1.70965
1.63183
1.55769
1.48659
1.41927
1.35505
1.29473
1.23752
1.18421
1.13406
1.0878
1.04468
1.00545
0.969266
0.936972
0.907666
0.882178
0.85959
0.840767
0.824746
0.812409
0.802721
0.796616
0.793089
0.793024
0.795371
0.800987
0.80889
0.819919
0.833069
0.849168
0.867274
0.888153
0.910949
0.936377
0.963616
0.993335
1.02473
1.05832
1.09338
1.13031
1.16857
1.20793
1.24773
1.28873
1.33214
1.36187
1.38549
1.41209
1.44108
1.47155
1.50474
1.53926
1.57497
1.60879
1.6731
1.66922
1.57944
2.77985
2.90893
3.01826
3.11784
3.20237
3.27921
3.35541
3.43335
3.51135
3.58698
3.65957
3.72992
3.79897
3.86663
3.93257
3.99622
4.05789
4.11729
4.1747
4.2296
4.28234
4.33231
4.38004
4.42495
4.46772
4.50775
4.5463
4.58315
4.62106
4.6618
4.70943
4.76397
4.82689
4.8955
4.97063
5.04942
5.1331
5.21906
5.30874
5.39918
5.49115
5.58079
5.66819
5.74893
5.82275
5.88595
5.93915
5.97974
6.0078
6.01953
6.01314
5.98461
5.93181
5.84711
5.72449
5.56056
5.35891
5.12172
4.85539
4.57214
4.2848
3.995
3.70127
3.4046
3.10862
2.81667
2.53072
2.25445
2.02172
1.82524
1.63424
1.44191
1.24743
1.06201
0.874958
0.717948
0.525802
0.442277
0.172817
0.302812
-0.322422
2.79859
2.68871
2.57996
2.47248
2.36612
2.26146
2.15802
2.05651
1.95639
1.8585
1.76218
1.66828
1.57615
1.48666
1.39918
1.31458
1.23218
1.15284
1.07598
1.00241
0.931555
0.864138
0.79966
0.73884
0.681151
0.627284
0.576682
0.53009
0.486898
0.447821
0.412216
0.380798
0.352914
0.329233
0.309031
0.293026
0.280455
0.271969
0.26678
0.26554
0.267413
0.273069
0.281631
0.293736
0.308515
0.326587
0.347103
0.370615
0.396248
0.424584
0.45474
0.487276
0.521301
0.557331
0.59455
0.633437
0.673195
0.714302
0.756005
0.798698
0.841675
0.885334
0.929025
0.972729
1.01569
1.05946
1.10367
1.13523
1.15869
1.18634
1.2144
1.24561
1.27754
1.31354
1.34746
1.38357
1.44842
1.44326
1.39438
2.50669
1.88448
1.97602
2.06142
2.13517
2.20051
2.26343
2.32782
2.39332
2.45749
2.51904
2.57841
2.63659
2.69377
2.74967
2.80382
2.85632
2.90703
2.95609
3.00327
3.04873
3.09212
3.13375
3.17328
3.21111
3.24674
3.28065
3.31225
3.34231
3.37026
3.39738
3.42425
3.45409
3.48727
3.52577
3.56799
3.61508
3.66476
3.71839
3.77362
3.83214
3.8914
3.95264
4.01269
4.07186
4.12642
4.17642
4.21852
4.25293
4.27728
4.29188
4.29434
4.28497
4.26122
4.2209
4.15861
4.07127
3.95412
3.80581
3.6295
3.43686
3.23713
3.03276
2.82149
2.60412
2.38342
2.16146
1.94301
1.75326
1.58929
1.42989
1.26859
1.10234
0.943015
0.779818
0.643195
0.47143
0.401765
0.152839
0.285922
-0.304921
1.7921
1.70031
1.60947
1.51993
1.43135
1.34438
1.25845
1.17433
1.09141
1.01054
0.931012
0.85375
0.778038
0.704795
0.633344
0.56456
0.497769
0.433846
0.372197
0.313623
0.257526
0.204685
0.154572
0.107878
0.0641354
0.0239446
-0.0131177
-0.0464561
-0.0764926
-0.102723
-0.125531
-0.144449
-0.159823
-0.171281
-0.179179
-0.183125
-0.183511
-0.180011
-0.173044
-0.1623
-0.148282
-0.130642
-0.109963
-0.0859157
-0.0591383
-0.0292831
0.00298086
0.0379789
0.0749631
0.114283
0.155122
0.197863
0.241642
0.286836
0.332593
0.379317
0.426163
0.473561
0.520725
0.568041
0.614786
0.661374
0.707176
0.752162
0.795761
0.83938
0.882706
0.91253
0.935831
0.961318
0.988965
1.0174
1.04894
1.08103
1.11316
1.14772
1.21244
1.20407
1.18816
2.21357
0.739823
0.804906
0.868532
0.925328
0.974244
1.01891
1.06477
1.11267
1.16081
1.20704
1.25162
1.29511
1.33818
1.38046
1.42173
1.46172
1.50063
1.53858
1.57555
1.61157
1.6464
1.68024
1.71284
1.74452
1.77488
1.80433
1.83228
1.85929
1.88463
1.90908
1.93169
1.95325
1.97306
1.9934
2.01405
2.03712
2.06155
2.08933
2.11872
2.15158
2.18617
2.22446
2.26474
2.30865
2.35414
2.40208
2.44998
2.49815
2.54447
2.58946
2.63184
2.67306
2.71269
2.75154
2.78646
2.8133
2.82191
2.80024
2.73857
2.64069
2.51563
2.37229
2.21561
2.05011
1.88081
1.71057
1.54448
1.39769
1.26819
1.14451
1.01933
0.889198
0.763015
0.632428
0.52444
0.382042
0.333752
0.114186
0.255854
-0.287393
0.673686
0.60829
0.543362
0.479445
0.416166
0.354121
0.292854
0.232994
0.174108
0.116831
0.0607037
0.00640129
-0.0465337
-0.0974453
-0.146784
-0.193906
-0.239237
-0.282125
-0.322991
-0.361224
-0.39719
-0.43032
-0.460962
-0.488579
-0.513486
-0.53522
-0.554057
-0.569552
-0.582005
-0.591018
-0.596886
-0.599235
-0.598361
-0.593939
-0.586289
-0.575089
-0.560712
-0.542843
-0.521905
-0.497633
-0.470494
-0.440244
-0.407416
-0.371806
-0.333954
-0.293734
-0.251685
-0.207714
-0.162352
-0.115541
-0.0678253
-0.0191343
0.0299832
0.0796072
0.129176
0.178817
0.227974
0.27682
0.324803
0.372136
0.418265
0.463544
0.507392
0.549822
0.590227
0.630001
0.667983
0.694025
0.713508
0.736201
0.75877
0.784202
0.809577
0.837871
0.864587
0.898569
0.958094
0.949808
0.952909
1.88631
0.3072
0.347622
0.387701
0.424452
0.455375
0.482014
0.509424
0.538947
0.569205
0.598197
0.625932
0.653124
0.680392
0.707743
0.734741
0.761344
0.787454
0.813609
0.839568
0.865734
0.891573
0.91767
0.943403
0.969522
0.995277
1.02151
1.04735
1.07378
1.09976
1.12636
1.15254
1.1795
1.20605
1.23307
1.25859
1.28356
1.30642
1.32909
1.35085
1.37411
1.39755
1.42297
1.44867
1.47624
1.50394
1.53276
1.5603
1.58658
1.60884
1.62658
1.63763
1.64236
1.6404
1.63369
1.62427
1.61722
1.61525
1.61578
1.60366
1.56837
1.51614
1.46107
1.40563
1.34347
1.26903
1.18118
1.08699
0.994866
0.906599
0.821823
0.736295
0.643822
0.554245
0.458975
0.384246
0.274681
0.253131
0.0680939
0.220029
-0.257657
0.268375
0.230431
0.192686
0.155857
0.119131
0.0833819
0.0477881
0.0132558
-0.0210215
-0.0541778
-0.0869839
-0.118569
-0.149646
-0.179408
-0.208532
-0.236236
-0.263129
-0.288496
-0.312919
-0.335712
-0.357363
-0.37728
-0.395921
-0.412727
-0.428086
-0.441516
-0.453355
-0.463185
-0.471292
-0.477329
-0.481545
-0.483652
-0.483853
-0.481916
-0.477997
-0.471918
-0.463803
-0.453505
-0.44111
-0.426516
-0.409813
-0.390901
-0.369901
-0.346728
-0.321545
-0.294274
-0.265157
-0.234113
-0.201448
-0.1671
-0.131464
-0.094477
-0.0566476
-0.0178507
0.0212733
0.0609281
0.1004
0.139988
0.178915
0.217542
0.25516
0.29219
0.328002
0.362694
0.395915
0.428831
0.460021
0.480914
0.497057
0.514466
0.53365
0.552076
0.572198
0.59225
0.612942
0.638228
0.69073
0.677121
0.683916
1.50317
-0.903543
-0.902431
-0.897642
-0.8893
-0.885037
-0.885613
-0.886247
-0.883723
-0.879004
-0.874036
-0.869664
-0.86515
-0.859746
-0.853133
-0.845582
-0.837304
-0.828406
-0.818593
-0.807806
-0.795855
-0.782991
-0.769046
-0.75423
-0.738438
-0.721921
-0.704627
-0.686964
-0.668768
-0.650564
-0.632394
-0.614712
-0.597624
-0.581827
-0.567419
-0.55527
-0.546021
-0.541493
-0.543508
-0.554178
-0.572966
-0.598053
-0.624646
-0.648277
-0.662962
-0.664236
-0.645839
-0.603395
-0.530985
-0.424992
-0.280593
-0.0961223
0.131154
0.400099
0.708382
1.04268
1.3772
1.66769
1.86413
1.92004
1.81735
1.58489
1.29556
1.02911
0.831602
0.699926
0.606781
0.535998
0.475643
0.421857
0.378844
0.339191
0.295178
0.252837
0.20496
0.173626
0.10999
0.120157
-0.00835195
0.136119
-0.20722
-0.903119
-0.902214
-0.90136
-0.900311
-0.899398
-0.898247
-0.897147
-0.895823
-0.894512
-0.89289
-0.891182
-0.889071
-0.886796
-0.884013
-0.880924
-0.877204
-0.873048
-0.868172
-0.862672
-0.85637
-0.849262
-0.841147
-0.832104
-0.821983
-0.810747
-0.798287
-0.784583
-0.769522
-0.753119
-0.735318
-0.716072
-0.695374
-0.673223
-0.649685
-0.624723
-0.598423
-0.570843
-0.542095
-0.512261
-0.481433
-0.449727
-0.417264
-0.384249
-0.350747
-0.317009
-0.283051
-0.249226
-0.215465
-0.182183
-0.149215
-0.117072
-0.0854206
-0.0548662
-0.0249358
0.00378453
0.0318456
0.0586857
0.0848867
0.110014
0.134547
0.158156
0.181259
0.20342
0.224572
0.244283
0.263053
0.278467
0.285409
0.287572
0.290905
0.292413
0.295616
0.300021
0.309413
0.321433
0.343463
0.387952
0.378565
0.368655
1.00661
0.457214
0.417262
0.384702
0.363389
0.344342
0.322546
0.29968
0.278717
0.260822
0.244898
0.230181
0.216267
0.204008
0.19352
0.185201
0.178425
0.173492
0.170075
0.168759
0.169258
0.172004
0.176617
0.183572
0.192506
0.203946
0.217576
0.233873
0.252752
0.274693
0.299695
0.328404
0.361045
0.398137
0.440109
0.487505
0.54136
0.603269
0.675714
0.760465
0.85847
0.967568
1.08438
1.2028
1.31657
1.41702
1.49602
1.5436
1.5506
1.50673
1.40302
1.22997
0.978886
0.641361
0.212083
-0.304705
-0.882752
-1.46228
-1.94467
-2.20714
-2.15195
-1.77557
-1.20118
-0.625336
-0.197615
0.0542138
0.178979
0.238301
0.255186
0.245699
0.230596
0.21274
0.188923
0.165976
0.139351
0.124535
0.088449
0.0978209
0.0295196
0.110666
-0.0578205
0.494131
0.528953
0.562077
0.593077
0.622557
0.649883
0.675714
0.699201
0.721188
0.74079
0.758782
0.774244
0.787992
0.799176
0.808526
0.815206
0.819932
0.821962
0.821955
0.819096
0.814184
0.80651
0.796646
0.784001
0.769198
0.751721
0.732106
0.710007
0.685826
0.659395
0.631109
0.60091
0.569103
0.535751
0.501158
0.465548
0.429121
0.392237
0.355032
0.318074
0.281409
0.245702
0.210924
0.177861
0.146356
0.11727
0.0903538
0.0664305
0.0450977
0.0270836
0.0119291
0.0001854
-0.00877814
-0.0145692
-0.0179827
-0.01874
-0.0177463
-0.0148312
-0.010967
-0.00604538
-0.000853147
0.00475794
0.0103972
0.016415
0.0236482
0.0333722
0.0452713
0.055943
0.067199
0.0808371
0.0958118
0.10931
0.119343
0.123917
0.121692
0.116301
0.117697
0.0961327
0.0833393
0.363413
)
;

boundaryField
{
    inlet
    {
        type            freestreamPressure;
        freestreamValue uniform 0;
        value           nonuniform List<scalar> 
134
(
5.01512
4.53418
3.93155
3.27586
2.64742
2.02902
1.47362
1.00163
0.604164
0.208992
0.0419148
0.0644249
0.0816104
0.078147
0.0613261
0.0356596
0.00313389
-0.0348437
-0.0769928
-0.122274
5.40221
-0.170037
-0.219565
-0.269096
-0.314884
-0.35126
-0.374396
-0.405818
-0.412677
-0.423505
-0.517048
-0.47602
-0.478688
-0.485846
-0.489162
-0.487848
-0.484562
-0.483668
-0.490948
-0.496689
5.68679
5.88309
5.89155
5.6466
5.06092
4.00213
2.32346
-0.536244
-0.513964
-0.488434
-0.471465
-0.456279
-0.437767
-0.416867
-0.395625
-0.374661
-0.353552
-0.332073
-0.310241
-0.288405
-0.266724
-0.245414
-0.224449
-0.203889
-0.18362
-0.164141
-0.15259
-0.143707
-0.134875
-0.126891
-0.120009
-0.113116
-0.101418
-0.0815623
-0.0227713
0.991582
1.90006
2.73895
3.43733
4.03154
4.53957
4.9265
5.18647
5.34095
5.40731
5.40724
5.36459
5.29686
5.21739
5.14369
5.10872
5.1272
5.15243
5.14794
5.12113
5.08144
5.0316
4.97005
4.89631
4.81152
4.71733
4.61746
4.51908
4.44116
4.41169
4.50568
4.52665
4.39486
4.24217
4.12004
4.00852
3.89192
3.76946
3.64651
3.5216
3.39615
3.26764
3.13858
3.00633
2.87299
2.73544
2.59505
2.44796
2.29422
2.12013
1.98019
1.84136
1.68805
1.52232
1.34444
1.14581
0.913182
0.611592
0.220839
)
;
    }
    outlet
    {
        type            freestreamPressure;
        freestreamValue uniform 0;
        value           nonuniform List<scalar> 
160
(
0.00537851
0.0058145
0.00491105
0.00622683
0.00452915
0.00661931
0.00427891
0.00698715
0.00405455
0.00733731
0.00379812
0.00766207
0.00353009
0.00796924
0.00328513
0.00824851
0.00307649
0.00850988
0.00289096
0.00874266
0.00271975
0.00895607
0.00255813
0.00913901
0.00241616
0.00930125
0.002295
0.00943249
0.00219924
0.00954155
0.00212139
0.00961837
0.00206503
0.00967159
0.00202622
0.00969231
0.00201181
0.00968851
0.00201835
0.00965051
0.00205088
0.00958791
0.00210487
0.00949231
0.00218586
0.00937071
0.00228952
0.00921612
0.00242205
0.00903607
0.00257966
0.00882454
0.002768
0.008588
0.00298595
0.00832246
0.00323917
0.00803281
0.00352758
0.00771711
0.00385873
0.00738015
0.00423524
0.0070213
0.00466327
0.00664423
0.00514773
0.00624975
0.00569461
0.00584143
0.00631504
0.00542193
0.0070264
0.00499364
0.00785699
0.00456073
0.00882876
0.0041248
0.00995715
0.00369244
0.0112247
0.00326416
0.0126013
0.00284767
0.0140252
0.00244258
0.0154309
0.00205797
0.0167219
0.00169196
0.0178032
0.00135449
0.0185519
0.0010426
0.0188461
0.000765754
0.0185402
0.000519201
0.0174925
0.0003113
0.0155434
0.000136648
0.0125365
1.53595e-06
0.00832332
-0.000101408
0.00282263
-0.000167737
-0.00386517
-0.000206689
-0.0112854
-0.000215122
-0.0185342
-0.000203504
-0.0243104
-0.000169919
-0.0271896
-0.000125559
-0.0261798
-6.9193e-05
-0.0214046
-9.83949e-06
-0.014388
5.42107e-05
-0.00744272
0.000118499
-0.00231234
0.000187056
0.000691951
0.000269446
0.00216447
0.000380212
0.00285007
0.000515777
0.00303192
0.000637474
0.00290716
0.000765747
0.00271758
0.000921275
0.00249664
0.0010922
0.00220807
0.00124659
0.00193265
0.00136193
0.00161653
0.00141552
0.00144012
0.00139198
0.00101935
0.00133246
0.00112519
0.00135104
0.000339788
0.00110709
0.00127248
0.000962191
-0.000643268
0.00419836
)
;
    }
    walls
    {
        type            zeroGradient;
    }
    frontAndBack
    {
        type            empty;
    }
}


// ************************************************************************* //
