/*--------------------------------*- C++ -*----------------------------------*\
| =========                 |                                                 |
| \\      /  F ield         | OpenFOAM: The Open Source CFD Toolbox           |
|  \\    /   O peration     | Version:  2412                                  |
|   \\  /    A nd           | Website:  www.openfoam.com                      |
|    \\/     M anipulation  |                                                 |
\*---------------------------------------------------------------------------*/
FoamFile
{
    version     2.0;
    format      ascii;
    arch        "LSB;label=32;scalar=64";
    class       volScalarField;
    location    "350";
    object      p;
}
// * * * * * * * * * * * * * * * * * * * * * * * * * * * * * * * * * * * * * //

dimensions      [0 2 -2 0 0 0 0];

internalField   nonuniform List<scalar> 
10720
(
181.705
230.724
276.511
313.225
337.725
348.258
349.019
340.457
319.987
291.463
257.775
220.28
180.405
139.636
99.2704
60.4288
23.7
-9.72183
-39.478
-64.4277
-84.3165
-98.1922
-106.673
-110.086
-110.346
-110.7
-111.057
-109.107
-104.627
-98.3508
-90.6271
-81.5211
-71.0269
-59.1029
-45.664
-30.1156
-11.704
14.0978
50.7859
125.567
64.6529
-12.4267
-99.1281
-189.944
-282.943
-370.036
-438.177
-479.036
-499.998
-504.24
-493.837
-475.578
-453.85
-430.867
-410.833
-394.36
-382.312
-374.357
-369.872
-366.775
-361.761
-349.119
-329.163
-309.333
-291.925
-275.276
-257.547
-238.449
-218.091
-196.554
-173.916
-150.291
-125.575
-99.5525
-71.4054
-40.2028
-1.23658
45.5569
212.73
247.945
280.19
307.372
326.827
337.235
338.81
331.156
314.409
290.678
261.656
228.472
192.365
154.664
116.6
79.2573
43.4605
10.2613
-19.6979
-45.4472
-66.4993
-82.1344
-92.6525
-98.3462
-100.753
-102.422
-103.467
-102.488
-99.3382
-94.3002
-87.5205
-79.1057
-69.1332
-57.6099
-44.4749
-29.1537
-10.9176
14.7765
50.3501
174.251
129.714
76.1883
14.4423
-52.929
-123.762
-193.206
-254.787
-304.968
-343.403
-368.358
-380.26
-383.964
-382.78
-378.488
-373.525
-368.74
-365.109
-362.854
-361.865
-360.516
-355.637
-343.085
-324.358
-305.624
-288.753
-272.394
-254.964
-236.192
-216.164
-194.934
-172.555
-149.132
-124.589
-98.7297
-70.7326
-39.6699
-0.767852
45.145
209.89
241.267
269.852
293.72
310.822
320.732
323.17
317.574
304.127
283.916
258.112
227.815
194.2
158.494
121.907
85.5417
50.367
17.3749
-12.6288
-38.7696
-60.4343
-77.0142
-88.5294
-95.2899
-98.5949
-100.581
-101.655
-100.75
-97.6164
-92.5375
-85.7679
-77.4667
-67.6948
-56.408
-43.4951
-28.3591
-10.266
15.2306
49.743
175.94
137.088
90.5841
35.7039
-24.88
-89.4739
-154.993
-216.693
-269.886
-311.026
-339.457
-356.631
-365.207
-367.532
-365.555
-361.383
-356.568
-352.301
-349.153
-347.059
-344.703
-339.742
-329.168
-313.601
-297.149
-281.671
-266.363
-249.936
-232.09
-212.881
-192.358
-170.576
-147.64
-123.484
-97.9048
-70.1028
-39.1843
-0.463126
44.761
206.212
232.446
256.752
277.393
292.523
301.932
305.048
301.234
290.587
273.766
251.586
224.922
194.767
162.166
128.212
93.9664
60.4099
28.5102
-0.858067
-26.8439
-48.7594
-66.0189
-78.5106
-86.5204
-91.1209
-94.0575
-95.8608
-95.745
-93.4211
-89.1362
-83.1128
-75.4492
-66.1727
-55.246
-42.5826
-27.6206
-9.66243
15.5816
49.0578
177.954
145.766
106.946
61.1774
10.5553
-44.0882
-100.329
-154.215
-202.244
-242.235
-273.5
-296.776
-312.869
-323.006
-328.497
-330.821
-331.354
-331.173
-330.913
-330.64
-329.555
-326.014
-317.83
-304.864
-290.104
-275.597
-260.99
-245.231
-228.018
-209.419
-189.487
-168.258
-145.811
-122.068
-96.8283
-69.3112
-38.645
-0.264414
44.2004
197.327
220.348
241.844
260.165
273.769
282.683
286.256
283.873
275.551
261.646
242.675
219.28
192.278
162.553
131.071
98.8338
66.8129
35.9673
7.20908
-18.6168
-40.7647
-58.6548
-72.0754
-81.238
-86.974
-90.6629
-92.9221
-93.2215
-91.279
-87.3046
-81.5163
-74.0274
-64.8946
-54.106
-41.5823
-26.7657
-8.97058
15.9472
48.3018
172.517
144.457
110.562
70.3901
25.9078
-22.5632
-73.2269
-122.844
-168.63
-208.779
-242.228
-268.514
-287.833
-301.145
-309.634
-314.596
-317.268
-318.646
-319.366
-319.582
-318.758
-315.625
-308.453
-296.956
-283.444
-269.811
-255.894
-240.792
-224.187
-206.142
-186.717
-165.95
-143.913
-120.54
-95.6281
-68.4117
-38.0511
-0.13019
43.3652
187.342
207.61
226.711
243.085
255.422
263.841
267.658
266.361
259.883
248.415
232.282
211.929
188.003
161.228
132.427
102.505
72.3884
42.9986
15.2457
-10.0207
-32.0365
-50.2055
-64.2353
-74.244
-80.8753
-85.247
-88.0096
-88.829
-87.4328
-83.9827
-78.6878
-71.6594
-62.9503
-52.5402
-40.3377
-25.79
-8.23935
16.2778
47.4592
165.542
141.027
111.332
76.0592
37.0406
-5.72334
-50.8056
-95.386
-137.156
-174.7
-206.941
-233.358
-254.292
-270.329
-282.152
-290.544
-296.36
-300.366
-303.111
-304.784
-305.031
-302.912
-297.175
-287.551
-275.688
-263.228
-250.203
-235.904
-220.032
-202.647
-183.815
-163.571
-141.982
-118.994
-94.4172
-67.5101
-37.49
-0.112666
42.2382
176.607
194.701
211.871
226.638
237.901
245.822
249.739
249.242
244.218
234.758
221.055
203.4
182.286
158.285
132.081
104.475
76.312
48.4671
21.8293
-2.76119
-24.5322
-42.8702
-57.4183
-68.2031
-75.7055
-80.8075
-84.1077
-85.4279
-84.5206
-81.5121
-76.6063
-69.9185
-61.5031
-51.3417
-39.3458
-24.9781
-7.61619
16.5
46.5197
157.155
135.383
108.97
77.513
42.7494
4.4815
-36.1641
-76.704
-115.193
-150.553
-181.851
-208.521
-230.614
-248.321
-262.056
-272.385
-280.018
-285.585
-289.572
-292.17
-293.158
-291.847
-287.31
-279.238
-268.758
-257.261
-244.955
-231.316
-216.072
-199.269
-180.976
-161.224
-140.07
-117.46
-93.2109
-66.6087
-36.9471
-0.188387
40.8633
165.855
182.124
197.658
211.056
221.382
228.814
232.729
232.808
228.918
221.096
209.446
194.153
175.581
154.17
130.477
105.186
79.0536
52.8923
27.5478
3.83497
-17.4755
-35.7562
-50.6007
-61.9478
-70.1352
-75.8457
-79.6174
-81.3921
-80.9651
-78.4247
-73.9582
-67.6764
-59.6294
-49.7967
-38.0889
-23.9831
-6.89078
16.7236
45.5376
148.373
128.892
105.222
76.9739
45.7941
11.3679
-25.3852
-62.2333
-97.4997
-130.34
-159.933
-185.71
-207.654
-225.928
-240.814
-252.676
-261.97
-269.125
-274.487
-278.207
-280.134
-279.765
-276.411
-269.79
-260.701
-250.295
-238.869
-226.042
-211.561
-195.456
-177.796
-158.614
-137.961
-115.786
-91.916
-65.665
-36.3941
-0.316737
39.3416
155.33
170.066
184.203
196.425
205.923
212.878
216.723
217.208
214.204
207.71
197.784
184.532
168.217
149.171
127.834
104.778
80.6671
56.2358
32.2712
9.55219
-11.1636
-29.2427
-44.2422
-56.0225
-64.7981
-71.0828
-75.3362
-77.572
-77.6213
-75.5374
-71.49
-65.5889
-57.884
-48.3554
-36.9148
-23.0571
-6.23276
16.8553
44.4783
139.501
121.923
100.539
74.972
46.7889
15.5914
-17.8507
-51.5202
-83.9285
-114.421
-142.295
-167.022
-188.593
-207.092
-222.65
-235.484
-245.884
-254.148
-260.533
-265.146
-267.884
-268.372
-266.095
-260.798
-253.013
-243.654
-233.056
-220.97
-207.183
-191.718
-174.645
-156.002
-135.831
-114.084
-90.5976
-64.7162
-35.8573
-0.512598
37.7358
145.209
158.63
171.554
182.752
191.511
198.011
201.742
202.508
200.192
194.776
186.292
174.791
160.463
143.55
124.393
103.464
81.3307
58.6438
36.1239
14.5069
-5.4797
-23.205
-38.1974
-50.2518
-59.4773
-66.2455
-70.93
-73.5864
-74.0847
-72.4487
-68.8271
-63.3246
-55.9869
-46.7918
-35.6503
-22.0772
-5.56409
16.933
43.3519
130.792
114.836
95.403
72.1266
46.5014
18.0825
-12.4847
-43.3422
-73.1574
-101.412
-127.5
-150.931
-171.716
-189.911
-205.594
-218.911
-230.038
-239.148
-246.397
-251.837
-255.371
-256.706
-255.448
-251.37
-244.823
-236.516
-226.791
-215.5
-202.465
-187.699
-171.269
-153.213
-133.567
-112.287
-89.2186
-63.7436
-35.3377
-0.787776
36.0489
135.567
147.85
159.713
170.012
178.103
184.171
187.764
188.722
186.938
182.399
175.119
165.116
152.523
137.515
120.351
101.413
81.1756
60.2087
39.1616
18.7143
-0.443925
-17.6931
-32.5453
-44.7409
-54.301
-61.4787
-66.562
-69.619
-70.55
-69.3517
-66.1494
-61.0405
-54.0675
-45.2062
-34.3685
-21.092
-4.91291
16.9505
42.1654
122.373
107.809
90.0551
68.7532
45.3297
19.3118
-8.74725
-37.1312
-64.629
-90.8251
-115.188
-137.276
-157.125
-174.794
-190.323
-203.81
-215.353
-225.029
-232.919
-239.028
-243.254
-245.361
-245.031
-242.062
-236.663
-229.372
-220.503
-209.988
-197.689
-183.61
-167.816
-150.346
-131.232
-110.43
-87.7992
-62.7578
-34.8451
-1.1476
34.2779
126.442
137.727
148.656
158.158
165.646
171.307
174.747
175.826
174.46
170.635
164.362
155.637
144.555
131.238
115.879
98.7826
80.3409
61.0438
41.4668
22.2301
3.97914
-12.6872
-27.2747
-39.483
-49.26
-56.7613
-62.1923
-65.6141
-66.9497
-66.1736
-63.3855
-58.673
-52.0735
-43.5598
-33.0441
-20.089
-4.27655
16.9065
40.9217
114.315
100.964
84.6697
65.0909
43.583
19.6637
-6.18713
-32.3787
-57.7936
-82.0949
-104.814
-125.549
-144.357
-161.306
-176.429
-189.795
-201.467
-211.461
-219.796
-226.433
-231.259
-234.063
-234.582
-232.621
-228.294
-221.991
-213.985
-204.262
-192.717
-179.348
-164.214
-147.354
-128.796
-108.5
-86.3338
-61.7594
-34.3808
-1.59234
32.426
117.841
128.247
138.345
147.134
154.076
159.359
162.635
163.786
162.747
159.509
154.079
146.446
136.675
124.852
111.116
95.7084
78.9471
61.2479
43.1144
25.1046
7.81422
-8.18497
-22.4027
-34.509
-44.3942
-52.135
-57.8619
-61.6137
-63.3264
-62.955
-60.572
-56.2528
-50.0289
-41.8697
-31.6885
-19.0747
-3.65757
16.804
39.626
106.657
94.3666
79.356
61.2911
41.4668
19.3926
-4.5051
-28.7411
-52.2844
-74.8541
-96.0332
-115.451
-133.186
-149.321
-163.886
-176.949
-188.546
-198.658
-207.26
-214.284
-219.601
-223.013
-224.288
-223.236
-219.893
-214.528
-207.364
-198.421
-187.622
-174.964
-160.496
-144.256
-126.271
-106.5
-84.8244
-60.7492
-33.9441
-2.11893
30.4998
109.757
119.383
128.737
136.885
143.33
148.264
151.374
152.56
151.779
149.023
144.302
137.601
128.969
118.461
106.177
92.3056
77.1028
60.9163
44.1818
27.3954
11.0996
-4.16727
-17.9261
-29.8282
-39.7202
-47.6168
-53.582
-57.6236
-59.6807
-59.6929
-57.7038
-53.7743
-47.9289
-40.133
-30.3007
-18.0499
-3.05816
16.6456
38.2847
99.41
88.0594
74.1822
57.4612
39.1254
18.6892
-3.46654
-25.9542
-47.8095
-68.8
-88.5438
-106.701
-123.365
-138.631
-152.537
-165.151
-176.505
-186.561
-195.272
-202.544
-208.239
-212.165
-214.103
-213.862
-211.418
-206.942
-200.603
-192.434
-182.383
-170.441
-156.651
-141.047
-123.652
-104.43
-83.2717
-59.7295
-33.5366
-2.72066
28.5081
102.175
111.102
119.787
127.356
133.35
137.96
140.903
142.102
141.523
139.164
135.043
129.142
121.497
112.145
101.156
88.6754
74.9074
60.1399
44.7446
29.158
13.871
-0.615991
-13.8433
-25.4525
-35.2591
-43.2305
-49.3741
-53.663
-56.0299
-56.402
-54.7925
-51.2466
-45.7802
-38.3543
-28.8841
-17.0174
-2.47977
16.4336
36.9045
92.5744
82.06
69.1947
53.6723
36.664
17.6904
-2.90516
-23.8185
-44.1493
-63.6954
-82.1095
-99.0746
-114.696
-129.079
-142.267
-154.342
-165.332
-175.2
-183.887
-191.286
-197.25
-201.59
-204.097
-204.572
-202.941
-199.294
-193.748
-186.336
-177.023
-165.797
-152.689
-137.732
-120.944
-102.291
-81.677
-58.7012
-33.1598
-3.39267
26.4619
95.0707
103.368
111.451
118.495
124.078
128.387
131.169
132.361
131.942
129.914
126.302
121.088
114.301
105.965
96.1289
84.9019
72.4466
58.9991
44.8739
30.4516
16.171
2.49285
-10.1461
-21.3877
-31.027
-38.9967
-45.2575
-49.7479
-52.3872
-53.0922
-51.8455
-48.6748
-43.5866
-36.5367
-27.4413
-15.9795
-1.92416
16.172
35.4921
86.1427
76.3773
64.4181
49.973
34.1549
16.4956
-2.69448
-22.1849
-41.1315
-59.357
-76.5417
-92.3872
-107.006
-120.513
-132.958
-144.434
-154.977
-164.552
-173.102
-180.518
-186.648
-191.306
-194.286
-195.382
-194.477
-191.596
-186.807
-180.134
-171.548
-161.034
-148.613
-134.313
-118.147
-100.085
-80.0416
-57.6657
-32.814
-4.12801
24.3699
88.4214
96.1498
103.687
110.253
115.459
119.491
122.119
123.291
122.998
121.249
118.07
113.447
107.408
99.9661
91.1529
81.0527
69.7925
57.5651
44.6352
31.331
18.0416
5.18701
-6.82221
-17.6344
-27.0343
-34.931
-41.2493
-45.894
-48.7671
-49.7756
-48.8724
-46.0664
-41.3535
-34.6843
-25.9758
-14.9388
-1.39205
15.8647
34.0543
80.1013
71.0103
59.8683
46.3962
31.6505
15.1791
-2.73733
-20.9374
-38.6227
-55.6395
-71.6873
-86.4855
-100.152
-112.805
-124.504
-135.35
-145.389
-154.597
-162.922
-170.259
-176.461
-181.343
-184.705
-186.33
-186.067
-183.886
-179.811
-173.849
-165.973
-156.164
-144.431
-130.795
-115.265
-97.8133
-78.3673
-56.6242
-32.4987
-4.92017
22.2408
82.2023
89.4142
96.4543
102.585
107.445
111.223
113.702
114.846
114.653
113.139
110.331
106.222
100.834
94.1783
86.2734
77.1838
67.0082
55.9033
44.09
31.8503
19.5256
7.49659
-3.85478
-14.1898
-23.2895
-31.0492
-37.3668
-42.1178
-45.1847
-46.465
-45.8833
-43.4294
-39.0873
-32.8019
-24.4913
-13.8975
-0.884312
15.5167
32.5993
74.4339
65.9533
55.5519
42.963
29.1895
13.7957
-2.96117
-19.9835
-36.5178
-52.4241
-67.4212
-81.2431
-94.0106
-105.844
-116.808
-127.013
-136.516
-145.304
-153.335
-160.515
-166.704
-171.723
-175.377
-177.443
-177.739
-176.19
-172.78
-167.498
-160.313
-151.197
-140.15
-127.183
-112.302
-95.4794
-76.656
-55.5771
-32.2132
-5.76119
20.086
76.3881
83.1295
89.7162
95.4474
99.992
103.534
105.872
106.983
106.872
105.555
103.067
99.404
94.5872
88.6236
81.5254
73.3413
64.1473
54.0706
43.2944
32.0596
20.6648
9.45246
-1.22618
-11.048
-19.797
-27.3631
-33.6251
-38.4347
-41.6548
-43.1732
-42.8892
-40.7726
-36.7947
-30.8947
-22.9916
-12.8585
-0.401224
15.1329
31.1349
69.1224
61.197
51.4701
39.6857
26.7987
12.3874
-3.30948
-19.2541
-34.732
-49.6161
-63.6412
-76.5549
-88.4779
-99.5312
-109.783
-119.351
-128.303
-136.636
-144.324
-151.283
-157.387
-162.465
-166.328
-168.751
-169.524
-168.537
-165.741
-161.104
-154.584
-146.146
-135.779
-123.483
-109.261
-93.086
-74.9096
-54.5255
-31.9554
-6.64327
17.916
70.9549
77.2667
83.4382
88.8036
93.0577
96.3812
98.5878
99.662
99.6155
98.4681
96.2576
92.9835
88.6678
83.316
76.9346
69.561
61.2538
52.1152
42.2975
32.006
21.5
11.0856
1.08401
-8.20005
-16.5583
-23.8813
-30.0373
-34.8591
-38.1919
-39.9137
-39.9017
-38.1055
-34.4834
-28.9686
-21.4811
-11.8241
0.0572934
14.719
29.669
64.1493
56.7308
47.6203
36.5721
24.4954
10.9848
-3.73949
-18.6933
-33.1992
-47.1403
-60.2662
-72.3347
-83.465
-93.7798
-103.349
-112.295
-120.694
-128.555
-135.864
-142.555
-148.513
-153.58
-157.576
-160.275
-161.45
-160.957
-158.72
-154.686
-148.803
-141.025
-131.329
-119.705
-106.149
-90.637
-73.1306
-53.4695
-31.7229
-7.55762
15.7411
65.8804
71.7976
77.5874
82.6171
86.6042
89.7259
91.8089
92.8451
92.851
91.8492
89.8803
86.9474
83.0729
78.2619
72.518
65.8701
58.3627
50.0788
41.1445
31.7334
22.0705
12.4284
3.09922
-5.63291
-13.5709
-20.6099
-26.6144
-31.4046
-34.8103
-36.6998
-36.9329
-35.4383
-32.1615
-27.0299
-19.9645
-10.7968
0.491918
14.2809
28.2101
59.4965
52.5425
43.9972
33.6255
22.2929
9.60959
-4.21859
-18.2596
-31.8685
-44.937
-57.2282
-68.5113
-78.9014
-88.5203
-97.4397
-105.784
-113.637
-121.019
-127.929
-134.316
-140.079
-145.077
-149.136
-152.039
-153.541
-153.475
-151.741
-148.268
-142.99
-135.849
-126.811
-115.856
-102.972
-88.1364
-71.3213
-52.4093
-31.5125
-8.49486
13.5728
61.1421
66.6964
72.1346
76.8551
80.5963
83.5317
85.4994
86.4969
86.5451
85.6697
83.9124
81.28
77.7953
73.464
68.2881
62.2899
55.5039
47.997
39.8733
31.2801
22.4123
13.5115
4.84219
-3.33257
-10.8296
-17.552
-23.3653
-28.083
-31.5234
-33.545
-33.9951
-32.7816
-29.8378
-25.0857
-18.4467
-9.77914
0.903364
13.8249
26.7666
55.1462
48.6192
40.5941
30.846
20.1992
8.27889
-4.72165
-17.9174
-30.6961
-42.9557
-54.4723
-65.0239
-74.7226
-83.6875
-91.9913
-99.7608
-107.083
-113.988
-120.489
-126.547
-132.079
-136.957
-141.021
-144.06
-145.821
-146.117
-144.83
-141.872
-137.163
-130.634
-122.239
-111.946
-99.7372
-85.5894
-69.4842
-51.3444
-31.3206
-9.44598
11.423
56.7188
61.9391
67.0523
71.4879
75.0029
77.7653
79.6257
80.585
80.6683
79.9025
78.3316
75.9651
72.8263
68.9217
64.2523
58.8364
52.7006
45.8985
38.5172
30.681
22.5592
14.365
6.33676
-1.28359
-8.3273
-14.7078
-20.2963
-24.9044
-28.3435
-30.4624
-31.1005
-30.1465
-27.5218
-23.1431
-16.9328
-8.77344
1.29284
13.3566
25.3462
51.0816
44.948
37.4027
28.2315
18.2183
7.00405
-5.22888
-17.6406
-29.6475
-41.1562
-51.9515
-61.8217
-70.8755
-79.2287
-86.9524
-94.1745
-100.986
-107.425
-113.515
-119.23
-124.502
-129.22
-133.238
-136.352
-138.31
-138.907
-138.01
-135.52
-131.343
-125.398
-117.626
-107.986
-96.4525
-83.0012
-67.6222
-50.2747
-31.1422
-10.4012
9.30249
52.5912
57.5027
62.3155
66.4877
69.7937
72.3966
74.1568
75.0791
75.1915
74.5224
73.1165
70.9859
68.1545
64.6305
60.4141
55.5206
49.9706
43.8081
37.1054
29.9683
22.5424
15.0175
7.60642
0.531061
-6.05428
-12.0754
-17.4121
-21.8781
-25.2821
-27.4649
-28.2617
-27.5445
-25.2233
-21.2103
-15.4283
-7.78222
1.66196
12.8825
23.9571
47.2858
41.5164
34.4151
25.7784
16.3523
5.79372
-5.7257
-17.4073
-28.6973
-39.5062
-49.6294
-58.8643
-67.3159
-75.0961
-82.2754
-88.9805
-95.3041
-101.292
-106.974
-112.339
-117.333
-121.86
-125.789
-128.926
-131.024
-131.864
-131.304
-129.235
-125.55
-120.158
-112.988
-103.989
-93.127
-80.3775
-65.7381
-49.1993
-30.9724
-11.3507
7.22318
48.741
53.3661
57.9008
61.829
64.9417
67.3973
69.0641
69.9509
70.088
69.5043
68.2452
66.3251
63.7686
60.5847
56.7741
52.3499
47.3282
41.7456
35.6622
29.1683
22.3899
15.4946
8.67389
2.12948
-3.999
-9.64988
-14.7138
-19.01
-22.3482
-24.5639
-25.4906
-24.9867
-22.9521
-19.2947
-13.9387
-6.80744
2.01229
12.4087
22.6067
43.7435
38.311
31.622
23.4825
14.602
4.65376
-6.201
-17.2025
-27.8232
-37.9788
-47.4745
-56.1168
-64.0061
-71.2502
-77.9187
-84.1372
-89.9986
-95.553
-100.838
-105.853
-110.557
-114.87
-118.675
-121.791
-123.976
-125.006
-124.733
-123.036
-119.804
-114.932
-108.34
-99.9665
-89.7706
-77.7256
-63.8346
-48.1175
-30.8057
-12.2849
5.19644
45.1508
49.5101
53.7868
57.4889
60.4225
62.7416
64.3218
65.1748
65.333
64.8251
63.6976
61.9659
59.6555
56.7766
53.3304
49.3283
44.7837
39.7266
34.208
28.3046
22.1263
15.8211
9.56084
3.52883
-2.15015
-7.42601
-12.202
-16.3055
-19.5504
-21.7701
-22.7991
-22.4845
-20.7183
-17.4051
-12.4692
-5.85176
2.34603
11.9409
21.3021
40.4395
35.3201
29.0142
21.3381
12.9659
3.58684
-6.64647
-17.0122
-27.0074
-36.5522
-45.461
-53.5495
-60.9141
-67.658
-73.8489
-79.61
-85.0349
-90.1759
-95.0772
-99.7466
-104.156
-108.238
-111.893
-114.95
-117.179
-118.351
-118.315
-116.946
-114.125
-109.739
-103.699
-95.9324
-86.3927
-75.0514
-61.9156
-47.0278
-30.6364
-13.1939
3.23331
41.8044
45.9167
49.9528
53.4454
56.2131
58.4055
59.9055
60.7267
60.9029
60.4631
59.4537
57.8916
55.8026
53.1979
50.0794
46.4576
42.3437
37.7635
32.7592
27.3974
21.7737
16.0196
10.2885
4.74675
-0.493965
-5.39607
-9.87442
-13.7675
-16.8954
-19.0932
-20.1976
-20.0488
-18.532
-15.5491
-11.026
-4.9171
2.66485
11.4839
20.0496
37.3593
32.5315
26.583
19.339
11.4419
2.59475
-7.05691
-16.8268
-26.2361
-35.2089
-43.5682
-51.1386
-58.0121
-64.2886
-70.0339
-75.3668
-80.3805
-85.1304
-89.6637
-93.9971
-98.1119
-101.954
-105.438
-108.406
-110.639
-111.91
-112.067
-110.983
-108.532
-104.598
-99.0799
-91.9005
-83.0048
-72.3623
-59.9839
-45.9293
-30.4583
-14.0694
1.34377
38.6863
42.5684
46.3807
49.6782
52.2923
54.3671
55.7928
56.5845
56.7762
56.3979
55.4951
54.0861
52.1967
49.8391
47.0162
43.7376
40.0134
35.8653
31.3299
26.464
21.3516
16.1097
10.8757
5.80046
0.982519
-3.55089
-7.7273
-11.3968
-14.3888
-16.5413
-17.6961
-17.6899
-16.4029
-13.7353
-9.61431
-4.0058
2.97037
11.0432
18.8545
34.4898
29.9339
24.3191
17.4796
10.0267
1.67772
-7.42814
-16.6388
-25.4982
-33.9342
-41.7787
-48.8639
-55.2787
-61.118
-66.4467
-71.3797
-76.0085
-80.3895
-84.5733
-88.5819
-92.4061
-96.0039
-99.3026
-102.158
-104.362
-105.695
-106.004
-105.163
-103.044
-99.525
-94.5006
-87.8849
-79.6176
-69.6664
-58.0426
-44.821
-30.266
-14.9012
-0.462685
35.7825
39.4498
43.0531
46.1692
48.6406
50.6063
51.9631
52.727
52.9328
52.61
51.8037
50.5335
48.8247
46.6907
44.1347
41.1667
37.7951
34.0392
29.9304
25.5184
20.8768
16.1095
11.3405
6.70559
2.29231
-1.8816
-5.756
-9.19334
-12.0339
-14.1215
-15.304
-15.4177
-14.3403
-11.9715
-8.23971
-3.11984
3.2652
10.6226
17.7216
31.8182
27.5164
22.2136
15.7534
8.71687
0.835559
-7.75779
-16.4425
-24.7849
-32.7168
-40.0776
-46.7084
-52.6942
-58.1259
-63.0652
-67.6248
-71.8932
-75.9278
-79.7806
-83.4787
-87.0202
-90.3732
-93.477
-96.202
-98.3502
-99.7124
-100.138
-99.5023
-97.6772
-94.5386
-89.9762
-83.8999
-76.243
-66.9706
-56.0959
-43.7016
-30.0524
-15.6822
-2.1775
33.0795
36.5458
39.9539
42.901
45.2396
47.104
48.3969
49.1348
49.3533
49.0814
48.3629
47.2187
45.674
43.7423
41.4283
38.7412
35.6895
32.2896
28.5692
24.572
20.3629
16.0348
11.6987
7.47786
3.44934
-0.37769
-3.95387
-7.15494
-9.83278
-11.8387
-13.0284
-13.2408
-12.3531
-10.2652
-6.90749
-2.26127
3.55022
10.2263
16.655
29.3323
25.2684
20.2581
14.1538
7.50812
0.0665363
-8.04454
-16.2339
-24.0898
-31.547
-38.4536
-44.6581
-50.2417
-55.2926
-59.8695
-64.0808
-68.0131
-71.7228
-75.264
-78.6671
-81.9358
-85.0471
-87.9517
-90.5334
-92.6048
-93.9688
-94.4784
-94.0131
-92.4465
-89.6541
-85.5231
-79.9589
-72.8918
-64.2835
-54.1469
-42.57
-29.813
-16.4041
-3.79332
30.5646
33.8429
37.0683
39.8577
42.0726
43.8429
45.0764
45.7904
46.0205
45.7949
45.1569
44.1275
42.7319
40.9841
38.8894
36.4575
33.6958
30.6194
27.2528
23.6347
19.8223
15.8993
11.9652
8.13147
4.46612
0.971413
-2.31403
-5.27847
-7.78586
-9.69695
-10.8759
-11.1671
-10.4492
-8.62359
-5.62253
-1.43225
3.82705
9.85683
15.6571
27.021
23.1799
18.4443
12.6744
6.39641
-0.631403
-8.28767
-16.0105
-23.4079
-30.4182
-36.8968
-42.701
-47.9083
-52.6029
-56.8419
-60.729
-64.3482
-67.755
-71.0039
-74.1278
-77.1357
-80.0115
-82.7163
-85.146
-87.1244
-88.4672
-89.0335
-88.7071
-87.3657
-84.8865
-81.1555
-76.076
-69.5752
-61.6129
-52.1997
-41.4256
-29.5422
-17.0606
-5.30348
28.2259
31.328
34.3822
37.0244
39.1241
40.8067
41.9852
42.6771
42.9177
42.7347
42.1703
41.2459
39.9863
38.4059
36.5107
34.3104
31.8124
29.0302
25.9859
22.7138
19.2651
15.7147
12.1526
8.67944
5.35498
2.17572
-0.828833
-3.55932
-5.89227
-7.6985
-8.8515
-9.2034
-8.63591
-7.05306
-4.38956
-0.634846
4.09672
9.51663
14.7297
24.8735
21.2416
16.7639
11.3091
5.3771
-1.26066
-8.48786
-15.7705
-22.735
-29.3241
-35.4
-40.8281
-45.6827
-50.0443
-53.968
-57.5534
-60.8809
-64.0059
-66.9817
-69.8431
-72.6029
-75.2516
-77.7586
-80.0315
-81.9054
-83.209
-83.8085
-83.5934
-82.4469
-80.2492
-76.8874
-72.264
-66.3042
-58.9662
-50.2582
-40.268
-29.2352
-17.6452
-6.70232
26.0523
28.989
31.8827
34.3871
36.3793
37.9801
39.1075
39.7789
40.0294
39.8857
39.389
38.5607
37.4254
35.9978
34.2843
32.2948
30.0365
27.5222
24.7713
21.8151
18.6992
15.4911
12.2722
9.13338
6.12726
3.2455
0.509795
-1.99235
-4.14976
-5.84425
-6.95856
-7.35489
-6.91926
-5.55939
-3.21288
0.129231
4.35974
9.20726
13.8737
22.8795
19.4443
15.2093
10.0512
4.44557
-1.82411
-8.64638
-15.5125
-22.0687
-28.2604
-33.957
-39.0314
-43.5552
-47.6057
-51.2354
-54.54
-57.5969
-60.4593
-63.181
-65.7967
-68.3224
-70.7539
-73.0676
-75.1819
-76.9435
-78.1935
-78.8068
-78.6793
-77.7002
-75.7543
-72.7312
-68.5348
-63.0895
-56.3514
-48.3262
-39.097
-28.8888
-18.1535
-7.9857
24.0334
26.8145
29.5576
31.9329
33.8245
35.3493
36.4291
37.0815
37.3411
37.2337
36.7993
36.0594
35.038
33.7498
32.2021
30.4047
28.3647
26.0941
23.6108
20.9427
18.1313
15.2373
12.3341
9.50433
6.79385
4.19086
1.71024
-0.571545
-2.55511
-4.13368
-5.19931
-5.62564
-5.30424
-4.14752
-2.0962
0.857779
4.61656
8.92941
13.0887
21.0295
17.7793
13.7731
8.89495
3.5972
-2.32491
-8.76405
-15.2369
-21.4071
-27.2233
-32.562
-37.3039
-41.5173
-45.2768
-48.6326
-51.6765
-54.4819
-57.1013
-59.5865
-61.9731
-64.2788
-66.5041
-68.6311
-70.5881
-72.2331
-73.4193
-74.0301
-73.9694
-73.1329
-71.4114
-68.6984
-64.8998
-59.9407
-53.7758
-46.4078
-37.9137
-28.4996
-18.5814
-9.15106
22.159
24.7941
27.3954
29.6497
31.4474
32.901
33.9367
34.5715
34.8395
34.7657
34.3888
33.7302
32.8131
31.6526
30.2563
28.6341
26.793
24.7444
22.5049
20.0998
17.5664
14.96
12.3468
9.80151
7.36455
5.02121
2.78076
0.709587
-1.10422
-2.56496
-3.57453
-4.01836
-3.79476
-2.82153
-1.04283
1.5492
4.86674
8.68287
12.3735
19.3144
16.2385
12.448
7.83428
2.82741
-2.76611
-8.84292
-14.9435
-20.7488
-26.2102
-31.2115
-35.6403
-39.563
-43.0504
-46.1512
-48.9523
-51.5249
-53.9191
-56.1851
-58.3587
-60.459
-62.4897
-64.438
-66.2408
-67.7676
-68.8827
-69.4786
-69.467
-68.7514
-67.2289
-64.7983
-61.3687
-56.8667
-51.2466
-44.5072
-36.7179
-28.066
-18.9262
-10.1962
20.4202
22.9178
25.3856
27.5262
29.2358
30.623
31.6175
32.2359
32.5119
32.4691
32.1454
31.5615
30.7403
29.6968
28.439
26.9767
25.317
23.4709
21.4536
19.2883
17.0088
14.6652
12.3176
10.0335
7.84837
5.74564
3.72978
1.85808
0.208079
-1.13529
-2.08369
-2.53438
-2.3934
-1.58446
-0.0554886
2.20175
5.10972
8.46704
11.7262
17.7256
14.8142
11.2273
6.86335
2.13145
-3.15121
-8.88504
-14.633
-20.0931
-25.2195
-29.9025
-34.037
-37.6866
-40.9196
-43.7829
-46.3589
-48.7157
-50.9016
-52.9649
-54.9412
-56.8501
-58.6981
-60.4768
-62.1307
-63.5393
-64.5789
-65.1507
-65.1738
-64.5601
-63.2136
-61.039
-57.9502
-53.8756
-48.77
-42.6285
-35.5116
-27.5863
-19.1865
-11.1206
18.8082
21.1761
23.5182
25.552
27.1789
28.5039
29.46
30.0631
30.3463
30.3325
30.0577
29.5429
28.8098
27.8736
26.7425
25.4263
23.9323
22.2707
20.4559
18.5092
16.4613
14.3577
12.2527
10.2077
8.25372
6.37274
4.56549
2.88112
1.38744
0.15911
-0.724954
-1.17369
-1.1015
-0.438375
0.863855
2.81389
5.34475
8.2804
11.1437
16.2552
13.4989
10.1043
5.97668
1.50489
-3.48342
-8.89243
-14.3068
-19.4402
-24.2498
-28.6325
-32.4899
-35.8837
-38.8788
-41.5206
-43.8879
-46.0451
-48.0386
-49.9149
-51.7087
-53.4402
-55.1179
-56.7365
-58.2478
-59.5407
-60.5025
-61.0432
-61.0895
-60.5611
-59.3697
-57.4269
-54.6512
-50.9745
-46.3521
-40.7757
-34.2965
-27.0609
-19.3615
-11.9249
17.3147
19.5602
21.7838
23.717
25.2664
26.5329
27.453
28.0418
28.3318
28.3448
28.1154
27.6641
27.0121
26.1744
25.1594
23.9768
22.6339
21.1406
19.5104
17.7629
15.926
14.0411
12.1576
10.3307
8.58791
6.91035
5.29572
3.78599
2.44005
1.32299
0.504608
0.0648024
0.0806721
0.615621
1.71371
3.38422
5.57043
8.121
10.6227
14.8954
12.2856
9.07289
5.16892
0.943328
-3.76637
-8.8675
-13.9658
-18.7901
-23.3003
-27.3995
-30.9962
-34.1499
-36.9229
-39.3587
-41.5324
-43.5051
-45.3212
-47.0253
-48.6508
-50.2186
-51.7379
-53.2067
-54.5825
-55.7637
-56.6474
-57.1521
-57.2123
-56.7554
-55.7005
-53.9667
-51.4777
-48.1695
-43.9983
-38.9528
-33.0749
-26.4905
-19.4525
-12.6109
15.9319
18.0619
20.1735
22.0121
23.4886
24.7001
25.5864
26.1618
26.4581
26.4958
26.3083
25.9156
25.3383
24.591
23.6823
22.6219
21.4171
20.0773
18.6152
17.049
15.4042
13.7184
12.0365
10.4082
8.85771
7.36592
5.92818
4.58006
3.37246
2.3617
1.60888
1.18349
1.15404
1.57734
2.49329
3.9117
5.78534
7.98624
10.1589
13.639
11.1678
8.12705
4.43491
0.442458
-4.00314
-8.81264
-13.6115
-18.1432
-22.3706
-26.2024
-29.5539
-32.4824
-35.0479
-37.292
-39.2862
-41.0886
-42.7415
-44.2873
-45.7582
-47.175
-48.5478
-49.8772
-51.1253
-52.1997
-53.0065
-53.4726
-53.5396
-53.1421
-52.2074
-50.6614
-48.4342
-45.4655
-41.7133
-37.1638
-31.8496
-25.877
-19.4609
-13.1811
14.6526
16.6734
18.6794
20.4286
21.8363
22.9961
23.8507
24.4134
24.7153
24.776
24.627
24.2884
23.7798
23.1156
22.3043
21.3557
20.2768
19.077
17.7681
16.3669
14.8969
13.3921
11.8931
10.4451
9.06915
7.7463
6.4701
5.2706
4.19147
3.28113
2.59254
2.18566
2.12059
2.44759
3.20251
4.3954
5.98782
7.87322
9.74797
12.4793
10.139
7.26118
3.76963
-0.00187733
-4.19732
-8.73035
-13.2455
-17.5004
-21.4603
-25.04
-28.1609
-30.8785
-33.2502
-35.3162
-37.1442
-38.7896
-40.2923
-41.6927
-43.0219
-44.3
-45.5381
-46.7382
-47.8668
-48.8399
-49.5724
-49.9988
-50.0671
-49.7193
-48.8902
-47.5127
-45.5234
-42.8663
-39.5012
-35.4122
-30.6236
-25.2227
-19.3897
-13.6395
13.4699
15.3875
17.2934
18.9583
20.3012
21.4122
22.2367
22.7875
23.0944
23.1762
23.063
22.7742
22.3286
21.7406
21.0187
20.1722
19.2083
18.1362
16.9667
15.7155
14.4041
13.0636
11.7306
10.4458
9.22777
8.0579
6.9285
5.86483
4.90411
4.08771
3.46111
3.07556
2.98321
3.22804
3.84183
4.83475
6.17617
7.77871
9.38497
11.4097
9.19354
6.46984
3.16848
-0.393723
-4.35195
-8.62298
-12.8694
-16.8625
-20.5698
-23.9118
-26.816
-29.3359
-31.5267
-33.4273
-35.1017
-36.6022
-37.9671
-39.2346
-40.434
-41.5853
-42.6996
-43.7802
-44.798
-45.6761
-46.3374
-46.724
-46.7898
-46.4836
-45.7473
-44.5209
-42.747
-40.3745
-37.3652
-33.7016
-29.4002
-24.5313
-19.2428
-13.9904
12.3774
14.1971
16.0085
17.5936
18.8752
19.9402
20.7363
21.2755
21.5869
21.688
21.6076
21.3647
20.9772
20.4591
19.8189
19.0659
18.207
17.251
16.2084
15.0935
13.926
12.7342
11.5514
10.4141
9.33843
8.30657
7.30994
6.3697
5.51741
4.78809
4.22051
3.8581
3.7456
3.92105
4.41235
5.22949
6.34865
7.69931
9.06479
10.4243
8.32557
5.74805
2.62689
-0.736881
-4.4703
-8.493
-12.485
-16.2302
-19.699
-22.8171
-25.5177
-27.8528
-29.875
-31.6219
-33.1542
-34.5216
-35.7601
-36.9059
-37.9869
-39.0222
-40.0234
-40.9944
-41.9097
-42.6995
-43.2936
-43.6413
-43.7019
-43.4305
-42.7759
-41.6847
-40.1055
-37.9918
-35.3077
-32.035
-28.183
-23.8065
-19.0246
-14.2393
11.3688
13.096
14.8177
16.3274
17.551
18.5723
19.3415
19.8696
20.1847
20.3035
20.2533
20.0526
19.7184
19.2643
18.699
18.0313
17.2681
16.4179
15.4905
14.4993
13.4622
12.405
11.3577
10.3532
9.40556
8.49777
7.62074
6.79204
6.03837
5.38915
4.87712
4.53878
4.41216
4.52971
4.91568
5.57971
6.50366
7.63151
8.78234
9.5173
7.52984
5.09085
2.14059
-1.03512
-4.55546
-8.3428
-12.0936
-15.6047
-18.8484
-21.7556
-24.2652
-26.4273
-28.2924
-29.8969
-31.2981
-32.543
-33.6658
-34.7005
-35.6737
-36.6035
-37.5014
-38.3722
-39.1932
-39.9012
-40.4328
-40.7431
-40.797
-40.555
-39.9723
-39.0018
-37.5979
-35.7186
-33.3308
-30.4152
-26.9757
-23.0529
-18.7406
-14.3922
10.4386
12.078
13.7146
15.1529
16.3216
17.3015
18.045
18.5623
18.8805
19.0154
18.9929
18.8307
18.5455
18.1501
17.6531
17.0632
16.3873
15.6333
14.8106
13.9314
13.0123
12.0766
11.1514
10.2661
9.43329
8.63661
7.86682
7.13845
6.47392
5.89783
5.43757
5.12358
4.9878
5.05768
5.35399
5.88581
6.6397
7.57189
8.53246
8.68331
6.80136
4.49366
1.70551
-1.29186
-4.61014
-8.17445
-11.6973
-14.987
-18.0182
-20.7271
-23.0574
-25.0579
-26.7769
-28.2494
-29.5297
-30.6622
-31.6792
-32.6127
-33.4878
-34.3217
-35.1259
-35.9053
-36.6401
-37.273
-37.7465
-38.0217
-38.068
-37.8511
-37.3318
-36.469
-35.2226
-33.5549
-31.4354
-28.8448
-25.7818
-22.2753
-18.3967
-14.4555
9.5813
11.1374
12.6934
14.0638
15.1804
16.1209
16.8399
17.3466
17.6673
17.8167
17.8194
17.6926
17.4521
17.1103
16.6758
16.157
15.5604
14.8937
14.1658
13.388
12.5755
11.7493
10.9339
10.1556
9.42526
8.72775
8.05376
7.41521
6.83085
6.32108
5.90867
5.61875
5.4779
5.50904
5.7298
6.14852
6.7555
7.51714
8.31016
7.91725
6.13536
3.9522
1.31781
-1.51051
-4.63735
-7.99036
-11.2973
-14.3779
-17.209
-19.7313
-21.8937
-23.7432
-25.3264
-26.6767
-27.8458
-28.8752
-29.7955
-30.6369
-31.423
-32.1702
-32.8893
-33.5858
-34.242
-34.8062
-35.2266
-35.4691
-35.5075
-35.3121
-34.8489
-34.0822
-32.9768
-31.4994
-29.6222
-27.3258
-24.605
-21.4785
-17.9988
-14.4363
8.79179
10.2688
11.7483
13.0543
14.1214
15.0244
15.7198
16.216
16.5386
16.7009
16.7265
16.6321
16.4323
16.1396
15.762
15.3077
14.7833
14.1959
13.5538
12.8676
12.1512
11.4235
10.7065
10.0238
9.38489
8.77562
8.18688
7.62839
7.11577
6.6658
6.29725
6.03072
5.88808
5.88827
6.04605
6.36891
6.8501
7.46417
8.11065
7.21436
5.52737
3.46238
0.973783
-1.6942
-4.63952
-7.7925
-10.8953
-13.7785
-16.4212
-18.7682
-20.7734
-22.4821
-23.9391
-25.1764
-26.2431
-27.1782
-28.0103
-28.7681
-29.4736
-30.1423
-30.7846
-31.4061
-31.9911
-32.4928
-32.8648
-33.0773
-33.1079
-32.931
-32.5175
-31.8364
-30.8572
-29.5505
-27.8909
-25.8597
-23.4485
-20.6676
-17.5536
-14.3418
8.06534
9.46729
10.874
12.1189
13.1388
14.0059
14.6787
15.1646
15.4882
15.6621
15.7084
15.6433
15.4808
15.2327
14.9069
14.5113
14.0523
13.5366
12.9722
12.3686
11.7386
11.0993
10.4704
9.873
9.31534
8.78432
8.27117
7.78375
7.33502
6.93868
6.61008
6.36596
6.22414
6.20007
6.30595
6.54837
6.92275
7.41018
7.92942
6.57013
4.97318
3.02029
0.670041
-1.84595
-4.61936
-7.58287
-10.4928
-13.1898
-15.6549
-17.8375
-19.6956
-21.2733
-22.6131
-23.7462
-24.7187
-25.5675
-26.3195
-27.0014
-27.6339
-28.2319
-28.805
-29.3587
-29.8793
-30.3245
-30.6527
-30.838
-30.8612
-30.7006
-30.3312
-29.7264
-28.8597
-27.7055
-26.2409
-24.4478
-22.3156
-19.8476
-17.0674
-14.1794
7.39746
8.7281
10.0656
11.2522
12.2272
13.0601
13.711
14.1865
14.5104
14.6945
14.7595
14.721
14.5923
14.3847
14.1059
13.7636
13.3638
12.913
12.4185
11.8894
11.337
10.7769
10.2267
9.70516
9.21949
8.75767
8.31132
7.88678
7.49471
7.14624
6.85383
6.63093
6.49193
6.44929
6.51294
6.68854
6.97307
7.3527
7.76232
5.98032
4.46884
2.62234
0.403355
-1.96861
-4.57913
-7.36343
-10.091
-12.6124
-14.9107
-16.939
-18.6598
-20.1153
-21.3467
-22.3836
-23.2696
-24.0396
-24.7187
-25.332
-25.8988
-26.4329
-26.9437
-27.4366
-27.8993
-28.2936
-28.5824
-28.7431
-28.7596
-28.6135
-28.2833
-27.7464
-26.9798
-25.9615
-24.671
-23.0909
-21.2091
-19.0235
-16.5468
-13.9564
6.78391
8.04678
9.31846
10.4496
11.3817
12.1817
12.8114
13.2766
13.6002
13.7929
13.8746
13.8601
13.762
13.5911
13.3549
13.0608
12.7145
12.3222
11.8908
11.4286
10.9458
10.4565
9.97634
9.5221
9.10006
8.69925
8.31176
7.94265
7.60064
7.29473
7.03491
6.83194
6.69727
6.64084
6.67061
6.79129
7.00097
7.28963
7.6056
5.44096
4.01062
2.26513
0.17057
-2.06482
-4.52111
-7.13588
-9.69129
-12.0473
-14.1886
-16.0725
-17.665
-19.0071
-20.138
-21.0863
-21.8932
-22.5912
-23.2042
-23.7554
-24.263
-24.7397
-25.1947
-25.6329
-26.0437
-26.3924
-26.6458
-26.7847
-26.7953
-26.662
-26.3667
-25.8901
-25.2127
-24.3153
-23.1796
-21.7894
-20.1315
-18.1997
-15.9981
-13.6804
6.22078
7.41917
8.62817
9.70639
10.5975
11.3659
11.975
12.4298
12.7523
12.9525
13.049
13.056
12.9854
12.8477
12.6501
12.3994
12.1014
11.7618
11.3871
10.9847
10.5642
10.138
9.72017
9.32553
8.9596
8.61243
8.27665
7.95625
7.65833
7.39009
7.15952
6.9751
6.84586
6.77962
6.78263
6.85873
7.00667
7.21926
7.45594
4.94834
3.59503
1.94537
-0.0310939
-2.13706
-4.44733
-6.90175
-9.29471
-11.4949
-13.489
-15.2377
-16.7106
-17.9473
-18.9853
-19.8521
-20.5865
-21.219
-21.772
-22.2672
-22.7214
-23.1468
-23.5517
-23.9411
-24.3053
-24.6133
-24.8353
-24.9548
-24.9602
-24.8385
-24.5744
-24.1515
-23.5533
-22.763
-21.7648
-20.5433
-19.085
-17.3805
-15.4274
-13.3586
5.70436
6.84141
7.99068
9.0184
9.87028
10.6083
11.1972
11.6416
11.9623
12.1687
12.2781
12.3043
12.2586
12.1507
11.9877
11.7762
11.5216
11.2293
10.9054
10.5566
10.1916
9.82161
9.45905
9.11706
8.80049
8.50037
8.20989
7.93216
7.67295
7.43797
7.23354
7.06628
6.94324
6.87045
6.85272
6.89308
6.99065
7.14027
7.31046
4.49892
3.2188
1.66012
-0.204355
-2.18772
-4.35976
-6.66264
-8.90232
-10.956
-12.812
-14.4341
-15.7956
-16.9345
-17.8869
-18.6788
-19.3468
-19.9196
-20.4184
-20.863
-21.2695
-21.6488
-22.009
-22.3547
-22.6774
-22.9491
-23.1433
-23.2457
-23.2469
-23.1357
-22.8994
-22.5242
-21.9961
-21.3008
-20.4242
-19.3522
-18.0712
-16.5697
-14.8402
-12.9978
5.23118
6.30985
7.40218
8.38164
9.19593
9.90457
10.4739
10.9077
11.2259
11.4372
11.5579
11.6012
11.5775
11.4964
11.3645
11.1882
10.9725
10.7226
10.4441
10.1432
9.82766
9.50751
9.19384
8.89822
8.62496
8.36601
8.1151
7.87467
7.64936
7.44365
7.2625
7.11104
6.99467
6.91797
6.88456
6.89669
6.95366
7.0517
7.16672
4.08948
2.87883
1.40651
-0.351715
-2.21892
-4.2602
-6.41991
-8.51508
-10.431
-12.1574
-13.6614
-14.9192
-15.9676
-16.8408
-17.5639
-18.1714
-18.6901
-19.1396
-19.5389
-19.9024
-20.2406
-20.5608
-20.8677
-21.1534
-21.3929
-21.5625
-21.6501
-21.6476
-21.5461
-21.3347
-21.0019
-20.5359
-19.9245
-19.1553
-18.2155
-17.0917
-15.7709
-14.242
-12.6046
4.798
5.82106
6.85909
7.7924
8.57062
9.25091
9.80104
10.224
10.5392
10.7542
10.8846
10.9428
10.9388
10.8815
10.7775
10.6326
10.4517
10.2397
10.0017
9.74341
9.4718
9.19582
8.92528
8.67044
8.43509
8.21208
7.99568
7.78777
7.59207
7.41207
7.25162
7.11463
7.00518
6.92669
6.88176
6.87199
6.89668
6.95297
7.02273
3.71691
2.57228
1.18194
-0.475561
-2.23276
-4.1503
-6.1748
-8.13381
-9.92029
-11.5252
-12.919
-14.0805
-15.045
-15.8453
-16.5054
-17.0575
-17.527
-17.9322
-18.2905
-18.6156
-18.917
-19.2018
-19.474
-19.727
-19.938
-20.086
-20.1606
-20.1553
-20.0626
-19.8736
-19.5784
-19.1673
-18.6299
-17.9555
-17.1322
-16.1473
-14.9869
-13.6375
-12.1853
4.40179
5.37187
6.35807
7.24722
7.99077
8.64363
9.1749
9.58694
9.89831
10.116
10.2545
10.3257
10.339
10.3029
10.2237
10.1068
9.95701
9.77878
9.5768
9.35635
9.12366
8.8867
8.65416
8.43509
8.23286
8.04115
7.85478
7.67516
7.50527
7.3478
7.20571
7.08193
6.97949
6.90086
6.84784
6.82143
6.82085
6.8438
6.87693
3.37834
2.29645
0.983929
-0.578057
-2.23106
-4.03162
-5.92843
-7.75922
-9.42411
-10.9155
-12.2063
-13.2783
-14.1653
-14.8985
-15.5008
-16.0025
-16.4274
-16.7925
-17.1141
-17.4048
-17.6735
-17.9266
-18.1681
-18.392
-18.5778
-18.7069
-18.7704
-18.7629
-18.6783
-18.5092
-18.2475
-17.885
-17.4128
-16.8218
-16.1011
-15.2387
-14.2204
-13.0311
-11.7456
4.03971
4.95931
5.89601
6.74286
7.45307
8.07934
8.59204
8.993
9.29992
9.51918
9.66433
9.74678
9.77527
9.7579
9.70061
9.60866
9.48643
9.33816
9.16815
8.98122
8.78294
8.58036
8.38122
8.19345
8.02008
7.85559
7.6953
7.54026
7.39284
7.25508
7.12924
7.01748
6.922
6.84451
6.78616
6.74745
6.72747
6.72421
6.72814
3.07112
2.04882
0.810187
-0.661242
-2.21561
-3.90555
-5.68185
-7.39194
-8.94271
-10.3277
-11.5227
-12.5116
-13.327
-13.9984
-14.5478
-15.0037
-15.3881
-15.7171
-16.0058
-16.2657
-16.5052
-16.7302
-16.9445
-17.1427
-17.3063
-17.4189
-17.4728
-17.4637
-17.3866
-17.2354
-17.0034
-16.6838
-16.2691
-15.7513
-15.1208
-14.3662
-13.4735
-12.4266
-11.2906
3.70913
4.58059
5.47002
6.2763
6.95441
7.55488
8.04929
8.43898
8.74084
8.96065
9.11111
9.2031
9.24476
9.24381
9.20587
9.13593
9.0381
8.91636
8.77463
8.6173
8.44934
8.27702
8.10715
7.94673
7.79847
7.65759
7.51992
7.3862
7.2583
7.13778
7.02631
6.92547
6.83679
6.7614
6.69994
6.65248
6.61795
6.59446
6.57553
2.79273
1.82708
0.658584
-0.727007
-2.18798
-3.77338
-5.43598
-7.03246
-8.47613
-9.76175
-10.8675
-11.7794
-12.5286
-13.1433
-13.6443
-14.0584
-14.4062
-14.7026
-14.9617
-15.1942
-15.4077
-15.6079
-15.798
-15.9734
-16.1176
-16.2157
-16.2614
-16.2512
-16.1811
-16.046
-15.8404
-15.5586
-15.1944
-14.7409
-14.1896
-13.5297
-12.7479
-11.8274
-10.8251
3.40758
4.23316
5.07739
5.84475
6.49192
7.0673
7.54366
7.9219
8.2181
8.43751
8.592
8.69193
8.74491
8.75823
8.73726
8.68668
8.61038
8.51201
8.39523
8.26396
8.12266
7.97689
7.83263
7.69604
7.56961
7.44919
7.33109
7.21584
7.10491
6.99944
6.90068
6.80973
6.72762
6.65503
6.59219
6.53884
6.49376
6.45503
6.4186
2.54087
1.62903
0.527117
-0.777093
-2.14966
-3.63629
-5.19162
-6.68121
-8.02443
-9.21715
-10.2397
-11.0803
-11.7684
-12.331
-12.7878
-13.1639
-13.4786
-13.7458
-13.9783
-14.1863
-14.3768
-14.5548
-14.7236
-14.8789
-15.006
-15.0915
-15.1303
-15.1195
-15.0558
-14.9351
-14.7529
-14.5045
-14.1848
-13.7877
-13.3058
-12.7291
-12.0447
-11.2363
-10.3533
3.13277
3.91458
4.71561
5.4456
6.06291
6.61388
7.07242
7.43901
7.72898
7.94708
8.10442
8.21079
8.27335
8.29898
8.29279
8.25914
8.20171
8.1239
8.02903
7.92064
7.80274
7.6802
7.55829
7.44245
7.33494
7.23223
7.13107
7.03182
6.93561
6.84329
6.75575
6.67375
6.59793
6.52863
6.46577
6.40882
6.35642
6.30656
6.25712
2.31335
1.45266
0.413938
-0.813157
-2.10206
-3.49533
-4.94944
-6.33854
-7.58753
-8.69344
-9.63874
-10.4132
-11.045
-11.5597
-11.9762
-12.3178
-12.6025
-12.8432
-13.0521
-13.2382
-13.4081
-13.5665
-13.7165
-13.8541
-13.9661
-14.0409
-14.0738
-14.0627
-14.0049
-13.8972
-13.7358
-13.5169
-13.2362
-12.8886
-12.4675
-11.9637
-11.3651
-10.6557
-9.8788
2.88256
3.62261
4.38233
5.07643
5.6649
6.19209
6.633
6.98775
7.27093
7.48689
7.64592
7.75737
7.8279
7.86406
7.87061
7.85169
7.81073
7.75089
7.67521
7.58687
7.48943
7.38718
7.28476
7.18695
7.09583
7.00844
6.92192
6.8365
6.75307
6.67224
6.59461
6.52071
6.45087
6.38517
6.32332
6.26458
6.20744
6.14981
6.09107
2.10815
1.29605
0.317324
-0.836696
-2.04641
-3.3515
-4.71011
-6.0047
-7.16529
-8.19009
-9.06356
-9.77682
-10.3568
-10.8276
-11.2071
-11.5173
-11.7749
-11.992
-12.1795
-12.3461
-12.4978
-12.6389
-12.7722
-12.8942
-12.9931
-13.0585
-13.0864
-13.0753
-13.0231
-12.9269
-12.7841
-12.5912
-12.3449
-12.0407
-11.6726
-11.2327
-10.7094
-10.0875
-9.40487
2.65497
3.3552
4.0754
4.735
5.29559
5.79959
6.22303
6.56577
6.84162
7.05463
7.21429
7.3295
7.40655
7.45157
7.46902
7.46281
7.43616
7.39198
7.33303
7.2622
7.18262
7.09805
7.01259
6.93043
6.8535
6.77934
6.70548
6.63204
6.55971
6.48891
6.42006
6.35347
6.28928
6.22737
6.1673
6.10816
6.04835
5.98566
5.92064
1.92342
1.15748
0.235657
-0.849133
-1.98394
-3.20572
-4.47421
-5.67993
-6.75745
-7.70647
-8.51323
-9.16991
-9.702
-10.1325
-10.4783
-10.76
-10.9931
-11.1888
-11.3574
-11.5066
-11.642
-11.7678
-11.8863
-11.9947
-12.0821
-12.1393
-12.1631
-12.1523
-12.1051
-12.0195
-11.893
-11.7232
-11.507
-11.2408
-10.9194
-10.5354
-10.0782
-9.53333
-8.93417
2.44821
3.11045
3.79283
4.41923
4.95286
5.43421
5.84033
6.17088
6.43889
6.64822
6.80747
6.9252
7.00744
7.05981
7.08648
7.09113
7.07682
7.04621
7.00182
6.94622
6.88219
6.81303
6.74231
6.67373
6.60907
6.54635
6.48343
6.42037
6.35769
6.29567
6.2346
6.17463
6.11574
6.05771
5.99997
5.9415
5.88064
5.81504
5.74618
1.75743
1.03536
0.167517
-0.851702
-1.91565
-3.05876
-4.2422
-5.3644
-6.36375
-7.2419
-7.98679
-8.59115
-9.07912
-9.4726
-9.7877
-10.0435
-10.2544
-10.4309
-10.5824
-10.7161
-10.8371
-10.9492
-11.0548
-11.1511
-11.2284
-11.2787
-11.2991
-11.2887
-11.2462
-11.1701
-11.0583
-10.9087
-10.7191
-10.4862
-10.2055
-9.87048
-9.47122
-8.9943
-8.46903
2.26061
2.88661
3.53281
4.12721
4.63472
5.09393
5.48285
5.80102
6.06069
6.26564
6.4235
6.54268
6.62892
6.68725
6.72155
6.73538
6.73163
6.71273
6.68092
6.63855
6.58804
6.53227
6.47436
6.41756
6.36354
6.31072
6.25726
6.20321
6.14893
6.09462
6.04045
5.98647
5.93257
5.87842
5.82339
5.7664
5.70573
5.63894
5.56818
1.60864
0.928228
0.111627
-0.845489
-1.84237
-2.91116
-4.0143
-5.05807
-5.9838
-6.79582
-7.48338
-8.03932
-8.48652
-8.84599
-9.13298
-9.36524
-9.55611
-9.71528
-9.85147
-9.97133
-10.0796
-10.1797
-10.2737
-10.3594
-10.428
-10.4722
-10.4898
-10.48
-10.442
-10.3743
-10.2755
-10.144
-9.97774
-9.77408
-9.52908
-9.23686
-8.88842
-8.47126
-8.01127
2.09051
2.68191
3.29354
3.85714
4.33939
4.77688
5.1487
5.45429
5.70507
5.90503
6.06048
6.18016
6.26945
6.33247
6.37292
6.3944
6.39963
6.39075
6.3698
6.33886
6.30008
6.25595
6.20916
6.16257
6.11777
6.07352
6.0283
5.98207
5.93515
5.88763
5.83962
5.79108
5.74184
5.69154
5.63948
5.58456
5.52502
5.45836
5.38724
1.47545
0.834589
0.0665204
-0.83175
-1.76513
-2.76367
-3.79079
-4.76077
-5.61686
-6.36752
-7.00232
-7.51335
-7.92273
-8.25085
-8.51213
-8.72294
-8.89564
-9.03921
-9.16168
-9.26919
-9.36606
-9.45546
-9.53938
-9.61572
-9.67666
-9.71572
-9.73098
-9.72197
-9.68802
-9.62808
-9.54095
-9.42536
-9.27967
-9.10169
-8.88796
-8.63325
-8.32936
-7.96479
-7.56245
1.9362
2.49473
3.07338
3.60741
4.06519
4.48149
4.83633
5.12911
5.37051
5.56499
5.71668
5.83585
5.92738
5.99394
6.03915
6.06691
6.07974
6.07944
6.06784
6.0468
6.01822
5.9842
5.9471
5.90939
5.8726
5.83579
5.79772
5.75833
5.71786
5.67634
5.63384
5.59027
5.5454
5.49885
5.44992
5.39749
5.33981
5.27431
5.20402
1.3562
0.752776
0.0306209
-0.812116
-1.6855
-2.61773
-3.57283
-4.47302
-5.26153
-5.95533
-6.54221
-7.01179
-7.38603
-7.68527
-7.92308
-8.11439
-8.2706
-8.40007
-8.51023
-8.60669
-8.69341
-8.77331
-8.84827
-8.91639
-8.97064
-9.00528
-9.01867
-9.01054
-8.98038
-8.9274
-8.8507
-8.74926
-8.62175
-8.46635
-8.28006
-8.05823
-7.79343
-7.47513
-7.12367
1.79661
2.32391
2.87104
3.37662
3.81075
4.20634
4.54433
4.82414
5.05577
5.24448
5.39072
5.50831
5.60133
5.67024
5.71889
5.75168
5.77086
5.77786
5.77426
5.76182
5.74212
5.71696
5.68836
5.65846
5.62868
5.59841
5.56662
5.53326
5.49849
5.46233
5.42477
5.38574
5.34497
5.30208
5.25637
5.20672
5.1514
5.0878
5.01929
1.24986
0.681865
0.00294444
-0.787416
-1.60429
-2.47418
-3.36163
-4.19607
-4.91751
-5.55801
-6.10148
-6.53275
-6.87433
-7.14703
-7.36345
-7.53707
-7.67838
-7.79516
-7.89427
-7.98086
-8.05855
-8.13004
-8.19709
-8.258
-8.30639
-8.3373
-8.34924
-8.34205
-8.31545
-8.26884
-8.20153
-8.11264
-8.00122
-7.8657
-7.70351
-7.5105
-7.28003
-7.00243
-6.69585
1.67168
2.16904
2.68575
3.16368
3.57467
3.94964
4.27088
4.53732
4.75894
4.94107
5.08081
5.19737
5.29136
5.36102
5.41169
5.44839
5.47275
5.48574
5.48887
5.48377
5.47176
5.45432
5.43314
5.41007
5.38647
5.36196
5.33574
5.30775
5.27807
5.24674
5.21371
5.17887
5.14198
5.10263
5.06017
5.0135
4.96093
4.89982
4.83377
1.15664
0.622307
-0.015291
-0.755913
-1.5193
-2.33033
-3.15452
-3.92807
-4.58774
-5.17938
-5.68216
-6.0765
-6.38704
-6.63503
-6.83167
-6.98895
-7.11661
-7.22182
-7.31097
-7.3887
-7.45831
-7.52233
-7.58239
-7.63696
-7.68026
-7.708
-7.7188
-7.71267
-7.68938
-7.64859
-7.58971
-7.51208
-7.41498
-7.29703
-7.15608
-6.98847
-6.78818
-6.54643
-6.2794
1.56061
2.0292
2.51634
2.96729
3.3553
3.70941
4.01352
4.26579
4.47718
4.65112
4.78308
4.90193
4.99761
5.0658
5.11684
5.15672
5.18545
5.20333
5.21207
5.21325
5.2079
5.19716
5.18244
5.16534
5.14714
5.12769
5.10638
5.08312
5.05799
5.03101
5.00208
4.97111
4.93787
4.90197
4.86274
4.81915
4.76958
4.71134
4.64828
1.07586
0.573692
-0.0241237
-0.716959
-1.42885
-2.18331
-2.9471
-3.66246
-4.2687
-4.82246
-5.28734
-5.64366
-5.92377
-6.14878
-6.32706
-6.46906
-6.58396
-6.67853
-6.75857
-6.82823
-6.89057
-6.94784
-7.00161
-7.05052
-7.08946
-7.11452
-7.12455
-7.11959
-7.09951
-7.06408
-7.01281
-6.9453
-6.86092
-6.75852
-6.63629
-6.491
-6.31726
-6.1072
-5.87507
1.47517
1.92089
2.38403
2.81017
3.17505
3.50481
3.78447
4.01204
4.19997
4.34928
4.45667
4.59301
4.70808
4.78399
4.84253
4.89239
4.93093
4.95763
4.97475
4.98402
4.98631
4.98256
4.97407
4.96236
4.94876
4.93341
4.91599
4.89633
4.87465
4.85093
4.82462
4.79621
4.76546
4.73189
4.69482
4.65325
4.60563
4.54923
4.4881
1.01373
0.5366
-0.0312838
-0.685105
-1.35167
-2.05167
-2.74552
-3.37871
-3.89439
-4.45992
-4.91626
-5.25039
-5.51397
-5.7288
-5.89892
-6.03355
-6.14205
-6.23138
-6.30688
-6.37253
-6.43126
-6.48523
-6.53596
-6.58222
-6.61926
-6.64332
-6.65339
-6.64969
-6.63223
-6.60075
-6.55498
-6.49463
-6.41909
-6.32758
-6.2184
-6.08867
-5.93352
-5.74579
-5.53849
1.40739
1.83404
2.27583
2.67874
3.01999
3.32278
3.57351
3.76967
3.92507
4.0381
4.10773
4.27397
4.42007
4.51063
4.58191
4.64644
4.69878
4.73747
4.76528
4.78426
4.79519
4.79893
4.79677
4.79026
4.78089
4.76919
4.75508
4.73834
4.71944
4.69825
4.67356
4.64682
4.61773
4.58561
4.54978
4.50927
4.4626
4.40689
4.34649
0.965002
0.508226
-0.0343465
-0.654002
-1.27812
-1.92259
-2.5404
-3.08492
-3.49589
-4.09666
-4.564
-4.88688
-5.14265
-5.3551
-5.52364
-5.65613
-5.76255
-5.85012
-5.9241
-5.98838
-6.04584
-6.09875
-6.14859
-6.19425
-6.23116
-6.25554
-6.26643
-6.26422
-6.24894
-6.22044
-6.17861
-6.12319
-6.05384
-5.96992
-5.86993
-5.75127
-5.60947
-5.43771
-5.24795
1.34148
1.74895
2.16937
2.54919
2.86714
3.14339
3.36616
3.53197
3.65636
3.73453
3.76907
3.95761
4.13088
4.23505
4.31741
4.39496
4.46023
4.5104
4.54855
4.57699
4.59648
4.60765
4.6118
4.61047
4.60532
4.59728
4.58653
4.57274
4.55667
4.53805
4.51501
4.48995
4.4626
4.43203
4.39758
4.35838
4.31297
4.25841
4.19953
0.918399
0.482248
-0.0346193
-0.61971
-1.20171
-1.79103
-2.33611
-2.79824
-3.10972
-3.73217
-4.21005
-4.52208
-4.76802
-4.97647
-5.14284
-5.27288
-5.37694
-5.4625
-5.53485
-5.59768
-5.65384
-5.70562
-5.75463
-5.79982
-5.83677
-5.86166
-5.87373
-5.87334
-5.86062
-5.83558
-5.79809
-5.74803
-5.68524
-5.60912
-5.51835
-5.41066
-5.28194
-5.12595
-4.95501
1.27781
1.66618
2.06531
2.42244
2.71752
2.96781
3.16365
3.29997
3.395
3.43849
3.44117
3.64457
3.84025
3.9572
4.04943
4.13832
4.21544
4.27653
4.3246
4.36228
4.39023
4.40891
4.41946
4.42338
4.42245
4.41803
4.41062
4.39981
4.38669
4.37076
4.34955
4.32635
4.30083
4.27186
4.23874
4.20072
4.15641
4.10265
4.0441
0.874103
0.458588
-0.0324571
-0.582949
-1.12354
-1.65818
-2.13457
-2.51778
-2.74039
-3.36759
-3.85315
-4.15639
-4.39156
-4.59431
-4.75768
-4.88502
-4.98645
-5.06978
-5.14026
-5.20152
-5.25624
-5.30672
-5.35461
-5.39902
-5.43556
-5.46043
-5.47307
-5.47386
-5.46304
-5.44071
-5.40683
-5.36146
-5.30456
-5.23566
-5.15365
-5.05657
-4.94051
-4.79926
-4.64267
1.21694
1.58646
1.96456
2.29955
2.5723
2.79732
2.96727
3.07467
3.14166
3.14949
3.12339
3.33474
3.54756
3.67608
3.77739
3.8764
3.96443
4.03593
4.09356
4.14016
4.1764
4.20258
4.2197
4.22917
4.23282
4.23231
4.22833
4.22047
4.21017
4.19676
4.17741
4.15623
4.13293
4.10624
4.07544
4.03977
3.99792
3.94706
3.8933
0.832495
0.437467
-0.0279431
-0.544148
-1.04447
-1.52522
-1.93733
-2.24357
-2.38966
-3.00539
-3.49304
-3.7892
-4.01362
-4.20924
-4.36862
-4.49289
-4.59138
-4.67222
-4.74074
-4.80051
-4.85412
-4.90381
-4.95116
-4.9956
-5.03288
-5.05925
-5.0741
-5.07784
-5.07076
-5.0529
-5.02432
-4.9851
-4.93522
-4.87428
-4.80134
-4.71458
-4.61088
-4.48543
-4.35137
1.15943
1.51057
1.86818
2.1817
2.43273
2.63325
2.77837
2.85718
2.89705
2.86708
2.81439
3.02751
3.2522
3.39061
3.50017
3.60834
3.70675
3.78862
3.85595
3.91154
3.95603
3.98951
4.01284
4.02754
4.03578
4.03961
4.03982
4.03578
4.029
4.01847
4.00096
3.98118
3.95885
3.93262
3.90194
3.86628
3.82421
3.77184
3.7126
0.793831
0.41881
-0.0214024
-0.504147
-0.965577
-1.39373
-1.74604
-1.97651
-2.0578
-2.64753
-3.12997
-3.41998
-3.63432
-3.8218
-3.97624
-4.09713
-4.19266
-4.27067
-4.33645
-4.39348
-4.44447
-4.49174
-4.53705
-4.57967
-4.61518
-4.64007
-4.65394
-4.65741
-4.65086
-4.63438
-4.60821
-4.57259
-4.52762
-4.47311
-4.40842
-4.33175
-4.23959
-4.12511
-3.99324
1.10591
1.43965
1.77771
2.0706
2.30028
2.47683
2.59742
2.64705
2.65991
2.58933
2.51131
2.72125
2.95365
3.10007
3.21633
3.3321
3.43993
3.5321
3.60977
3.67547
3.72962
3.77184
3.8024
3.82235
3.83409
3.84066
3.84361
3.84263
3.83962
3.83316
3.82016
3.80568
3.78933
3.76943
3.74517
3.71588
3.68083
3.63858
3.59866
0.758187
0.402156
-0.0138558
-0.464507
-0.888455
-1.26532
-1.56172
-1.71713
-1.74397
-2.29539
-2.76461
-3.04827
-3.25345
-3.43218
-3.58055
-3.69724
-3.79002
-3.86678
-3.93275
-3.99082
-4.04308
-4.09146
-4.1379
-4.18241
-4.2216
-4.25162
-4.2714
-4.2814
-4.28195
-4.27317
-4.25522
-4.22819
-4.19209
-4.14664
-4.09126
-4.02476
-3.94574
-3.85279
-3.76412
1.05703
1.37484
1.6948
1.96815
2.17686
2.32967
2.42447
2.44258
2.42778
2.31339
2.20923
2.4122
2.65018
2.80424
2.9267
3.04861
3.16369
3.26403
3.35046
3.42546
3.4894
3.54184
3.58304
3.61348
3.63405
3.6469
3.65362
3.65402
3.65046
3.64207
3.62544
3.60576
3.58334
3.55719
3.52705
3.49225
3.45032
3.39431
3.32159
0.725593
0.386887
-0.00668693
-0.427365
-0.815198
-1.14191
-1.38536
-1.46607
-1.44638
-1.94942
-2.39756
-2.67343
-2.87014
-3.04049
-3.18274
-3.29391
-3.37956
-3.44726
-3.50343
-3.55245
-3.59725
-3.63998
-3.68195
-3.72163
-3.75428
-3.7771
-3.79055
-3.79532
-3.79172
-3.77993
-3.76039
-3.73354
-3.69975
-3.65911
-3.61108
-3.55383
-3.48245
-3.38641
-3.25854
1.01316
1.31637
1.6198
1.87532
2.06449
2.19505
2.26311
2.2487
2.20641
2.04148
1.90366
2.09494
2.33615
2.4981
2.62984
2.76187
2.88701
2.99646
3.09088
3.17276
3.24215
3.29801
3.34087
3.37353
3.40028
3.42434
3.44567
3.46365
3.4798
3.48818
3.49035
3.49098
3.48859
3.48107
3.46775
3.44891
3.42714
3.40727
3.41172
0.696626
0.373613
0.000457365
-0.393228
-0.747245
-1.02727
-1.22189
-1.22658
-1.16305
-1.60932
-2.02903
-2.29517
-2.4833
-2.64393
-2.7805
-2.89356
-2.98852
-3.06986
-3.14007
-3.20071
-3.2538
-3.30173
-3.34763
-3.39374
-3.43871
-3.4776
-3.50766
-3.52923
-3.54266
-3.5481
-3.54546
-3.53462
-3.51539
-3.48762
-3.45126
-3.40665
-3.35668
-3.30839
-3.29381
0.974667
1.26436
1.55279
1.79252
1.96487
2.07677
2.12055
2.07933
2.01127
1.77908
1.59228
1.76931
2.00651
2.16668
2.30306
2.44788
2.59147
2.72198
2.83823
2.94196
3.03258
3.10706
3.16098
3.19091
3.20036
3.19917
3.19272
3.18082
3.1672
3.15313
3.13195
3.10499
3.07752
3.05071
3.02323
2.99179
2.94799
2.87209
2.74199
0.672084
0.363664
0.00915641
-0.360856
-0.68505
-0.927165
-1.07973
-1.00284
-0.89245
-1.27543
-1.65759
-1.91224
-2.09592
-2.24677
-2.3628
-2.44326
-2.49685
-2.53594
-2.57008
-2.60419
-2.64007
-2.67823
-2.71802
-2.75457
-2.78062
-2.79596
-2.80387
-2.80521
-2.8001
-2.78895
-2.77249
-2.75164
-2.72716
-2.69935
-2.66734
-2.62778
-2.57041
-2.47398
-2.30655
0.943345
1.22373
1.50068
1.72645
1.8826
1.97494
1.99226
1.92583
1.82101
1.49701
1.26031
1.44142
1.67902
1.8236
1.9391
2.06711
2.20273
2.33499
2.46131
2.58251
2.69907
2.81274
2.92645
3.03997
3.14081
3.22199
3.28697
3.34473
3.39861
3.4262
3.45048
3.47114
3.48258
3.48404
3.47716
3.46665
3.46658
3.50462
3.63334
0.65038
0.352462
0.0122177
-0.338025
-0.63522
-0.844904
-0.950434
-0.782379
-0.631505
-0.950848
-1.28157
-1.51393
-1.69634
-1.86596
-2.02619
-2.17264
-2.30128
-2.40731
-2.49019
-2.55342
-2.60231
-2.64239
-2.68096
-2.72767
-2.78698
-2.84909
-2.90428
-2.95146
-2.99111
-3.02343
-3.04769
-3.06296
-3.06876
-3.06518
-3.05374
-3.03851
-3.03238
-3.06037
-3.18073
0.922896
1.20533
1.47961
1.69429
1.83021
1.88976
1.8589
1.73733
1.54413
1.10777
0.86294
1.0867
1.37736
1.56171
1.69364
1.81367
1.92633
2.02823
2.11846
2.19511
2.25072
2.27234
2.251
2.19345
2.13973
2.11355
2.09942
2.084
2.06939
2.05293
2.02655
2.0013
1.98967
1.98403
1.97764
1.9642
1.92204
1.80244
1.54383
0.626664
0.326345
-0.012165
-0.350229
-0.618901
-0.781594
-0.797979
-0.528931
-0.371472
-0.636322
-0.913451
-1.11082
-1.24153
-1.3142
-1.33494
-1.32405
-1.30359
-1.29258
-1.29813
-1.31952
-1.35274
-1.39422
-1.43782
-1.46953
-1.47582
-1.46581
-1.4526
-1.43758
-1.42014
-1.39999
-1.37872
-1.35806
-1.33919
-1.32229
-1.30546
-1.28185
-1.23022
-1.11119
-0.855003
0.91389
1.20805
1.4885
1.69779
1.81426
1.83483
1.74244
1.5379
1.21188
0.664148
0.382629
0.588415
0.91294
1.20408
1.48066
1.75341
2.02481
2.29584
2.5703
2.85395
3.15363
3.46976
3.78303
4.05383
4.22292
4.29461
4.37298
4.41835
4.50899
4.74757
4.63965
4.5978
4.61562
4.61913
4.5988
4.58121
4.60266
4.72445
5.00215
0.603046
0.287926
-0.0619312
-0.39852
-0.642569
-0.747251
-0.641636
-0.277935
-0.111687
-0.295458
-0.538303
-0.812959
-1.1105
-1.41962
-1.70319
-1.93415
-2.10749
-2.22214
-2.2895
-2.32523
-2.3435
-2.35625
-2.38054
-2.44435
-2.5605
-2.69183
-2.80675
-2.90661
-2.99721
-3.07917
-3.15002
-3.20781
-3.25243
-3.28527
-3.31137
-3.34171
-3.40585
-3.55003
-3.85688
125.981
122.021
117.594
112.771
107.669
102.437
97.2176
92.0953
87.0855
82.2058
77.4679
72.8818
68.4588
64.2083
60.1375
56.2526
52.5572
49.0536
45.7418
42.6205
39.6864
36.9353
34.3614
31.9585
29.7195
27.6369
25.7033
23.9111
22.2532
20.7224
19.312
18.0157
16.8271
15.7404
14.75
13.8501
13.0352
12.2997
11.638
11.0445
10.5136
10.0396
9.61673
9.23955
8.90254
8.60043
8.32819
8.08107
7.85466
7.64491
7.44818
7.26126
7.08135
6.90609
6.73351
6.56204
6.39049
6.21797
6.04391
5.86802
5.69017
5.51046
5.32911
5.14646
4.96302
4.77931
4.59609
4.43755
4.29659
4.15131
3.99583
3.85029
3.66349
3.56828
3.26154
3.41333
2.64388
3.71014
1.37908
5.21562
126.372
123.579
120.13
116.236
111.523
105.932
99.7057
93.2882
87.0362
81.0468
75.2824
69.7164
64.3544
59.2093
54.2878
49.5898
45.1127
40.8528
36.8051
32.9636
29.3221
25.8742
22.6132
19.5321
16.6237
13.8813
11.2983
8.86954
6.59056
4.45799
2.4693
0.622019
-1.08594
-2.6562
-4.0905
-5.39078
-6.55924
-7.59855
-8.5117
-9.30239
-9.97476
-10.5335
-10.984
-11.332
-11.5838
-11.7458
-11.8253
-11.8291
-11.7646
-11.6388
-11.459
-11.232
-10.9646
-10.6629
-10.3329
-9.98014
-9.60951
-9.22557
-8.83235
-8.43339
-8.0318
-7.6302
-7.23088
-6.83566
-6.44619
-6.06344
-5.68876
-5.37416
-5.09792
-4.82179
-4.51897
-4.25007
-3.88681
-3.70223
-3.15199
-3.28983
-2.1748
-3.25856
-0.693999
-3.99113
47.022
46.8879
47.1023
47.2789
47.402
47.4249
47.3205
47.0701
46.6697
46.124
45.4375
44.6169
43.6708
42.6086
41.4412
40.1803
38.8392
37.432
35.9726
34.4755
32.9553
31.4258
29.9
28.3901
26.9073
25.461
24.0595
22.7095
21.4163
20.184
19.0154
17.9122
16.8753
15.9048
15
14.1598
13.3826
12.6663
12.0085
11.4066
10.8573
10.3575
9.90352
9.49174
9.1183
8.7793
8.47087
8.18917
7.93048
7.69125
7.46816
7.25818
7.05854
6.86679
6.68083
6.49886
6.31943
6.14138
5.96383
5.78616
5.608
5.42916
5.24965
5.06962
4.88938
4.70928
4.53
4.37507
4.23746
4.09592
3.94399
3.80239
3.6197
3.52694
3.22916
3.37306
2.63568
3.64984
1.42745
5.10624
47.1722
47.077
47.1294
47.2959
47.479
47.6614
47.7713
47.7117
47.4314
46.9021
46.095
45.0085
43.6659
42.0954
40.3268
38.3895
36.3122
34.123
31.8497
29.518
27.1518
24.773
22.4012
20.0539
17.7475
15.4964
13.3125
11.2056
9.18315
7.25122
5.41466
3.67689
2.0406
0.508007
-0.919254
-2.24008
-3.45381
-4.56032
-5.55985
-6.45338
-7.24237
-7.92882
-8.51553
-9.00578
-9.40345
-9.71305
-9.93956
-10.0883
-10.1651
-10.1758
-10.1264
-10.0233
-9.87229
-9.67946
-9.45053
-9.19092
-8.90574
-8.59975
-8.27728
-7.94227
-7.59823
-7.24826
-6.89509
-6.541
-6.18807
-5.83777
-5.49161
-5.19919
-4.94064
-4.68253
-4.39489
-4.14332
-3.79209
-3.62367
-3.08547
-3.22954
-2.14635
-3.19076
-0.735908
-3.8819
23.7285
23.714
23.7094
23.6842
23.6829
23.6979
23.7323
23.7834
23.8489
23.9225
23.9962
24.0621
24.1122
24.1381
24.1318
24.0856
23.9933
23.8489
23.6478
23.3868
23.0645
22.6808
22.2372
21.737
21.1846
20.5858
19.9474
19.2769
18.5822
17.8714
17.1524
16.4329
15.7198
15.0195
14.3374
13.6784
13.0462
12.4438
11.8732
11.336
10.8326
10.3631
9.92689
9.52288
9.14949
8.80483
8.48672
8.19277
7.92045
7.6672
7.43046
7.20774
6.99669
6.79514
6.6011
6.41284
6.22885
6.04788
5.8689
5.69112
5.51398
5.33712
5.16038
4.98376
4.80742
4.63157
4.45681
4.30599
4.17218
4.03471
3.88704
3.74922
3.57258
3.4798
3.19704
3.3235
2.63456
3.57105
1.49197
4.94953
23.6802
23.482
23.2584
23.0291
22.7785
22.5204
22.263
22.0023
21.7436
21.5025
21.2835
21.0809
20.8827
20.6684
20.4168
20.1098
19.7323
19.2716
18.7187
18.0678
17.3169
16.4671
15.523
14.4919
13.3831
12.2073
10.9769
9.70528
8.40618
7.09333
5.78023
4.47935
3.2022
1.95949
0.760586
-0.386211
-1.47372
-2.49593
-3.44778
-4.32532
-5.1256
-5.84652
-6.48706
-7.04705
-7.52717
-7.92897
-8.2547
-8.50733
-8.69043
-8.80802
-8.8646
-8.86495
-8.814
-8.71685
-8.57857
-8.40416
-8.19843
-7.96601
-7.71127
-7.43824
-7.15063
-6.8518
-6.5448
-6.2322
-5.91643
-5.5994
-5.28267
-5.01329
-4.77342
-4.53382
-4.26319
-4.02804
-3.6937
-3.53509
-3.02262
-3.15312
-2.13318
-3.0972
-0.798781
-3.75061
23.7798
23.8075
23.8037
23.7727
23.7159
23.6279
23.5128
23.3706
23.2037
23.0132
22.8012
22.57
22.3217
22.0583
21.7817
21.4931
21.1936
20.8839
20.5638
20.233
19.8908
19.5359
19.1671
18.783
18.3823
17.9643
17.5284
17.0747
16.6041
16.118
15.6186
15.1086
14.5915
14.0707
13.5502
13.0338
12.5253
12.0283
11.5458
11.0807
10.6349
10.2102
9.80769
9.42783
9.07069
8.73584
8.42246
8.1294
7.85522
7.59828
7.3568
7.12895
6.91288
6.70679
6.50895
6.31782
6.13195
5.95011
5.77125
5.59452
5.41925
5.24498
5.07143
4.89847
4.72616
4.55456
4.38426
4.23736
4.10702
3.97322
3.82945
3.69526
3.52378
3.43251
3.1601
3.27823
2.61765
3.51324
1.51266
4.84852
23.7159
23.6004
23.4559
23.2858
23.0749
22.8095
22.4791
22.0746
21.5948
21.0573
20.4867
19.895
19.286
18.6621
18.0265
17.3829
16.7332
16.0773
15.4134
14.7392
14.0511
13.3451
12.617
11.8629
11.0795
10.2643
9.41617
8.53555
7.62434
6.68607
5.72585
4.74987
3.76527
2.7801
1.80259
0.841153
-0.0959878
-1.00107
-1.86684
-2.68678
-3.45529
-4.16748
-4.8195
-5.40848
-5.93245
-6.39036
-6.78203
-7.1082
-7.37032
-7.57055
-7.71165
-7.79687
-7.8299
-7.81476
-7.7556
-7.65676
-7.52257
-7.35729
-7.16507
-6.94986
-6.7154
-6.46514
-6.20229
-5.92967
-5.64991
-5.36534
-5.07748
-4.83059
-4.60857
-4.38662
-4.13233
-3.91316
-3.5946
-3.44729
-2.95557
-3.08236
-2.10547
-3.02535
-0.821547
-3.66574
20.7223
20.7376
20.7513
20.7609
20.7614
20.7514
20.73
20.6946
20.6435
20.5745
20.486
20.3764
20.2442
20.0886
19.9088
19.7047
19.4763
19.2242
18.9493
18.6531
18.3369
18.0026
17.652
17.2869
16.9092
16.5207
16.1227
15.7168
15.3041
14.8859
14.4632
14.0372
13.609
13.1799
12.7515
12.3254
11.9033
11.487
11.0786
10.6799
10.2925
9.91804
9.55782
9.21282
8.88372
8.57084
8.27417
7.9934
7.7279
7.47682
7.23909
7.0135
6.79875
6.59346
6.39629
6.20593
6.02115
5.84083
5.66399
5.4898
5.31758
5.14681
4.97716
4.80841
4.64054
4.47355
4.30798
4.16512
4.03835
3.90828
3.76847
3.63805
3.47147
3.3826
3.11849
3.23254
2.59173
3.46199
1.51255
4.77286
20.6698
20.5669
20.4575
20.3513
20.2399
20.1158
19.9744
19.8092
19.61
19.3675
19.0809
18.753
18.3833
17.9699
17.512
17.0101
16.466
15.8816
15.2597
14.6035
13.9164
13.2019
12.4634
11.7041
10.9266
10.1334
9.32646
8.50746
7.67793
6.83938
5.99368
5.14284
4.28935
3.43648
2.58793
1.74805
0.921629
0.113816
-0.67002
-1.42453
-2.14451
-2.825
-3.46151
-4.05021
-4.58785
-5.0719
-5.50055
-5.87289
-6.18868
-6.44843
-6.65333
-6.80515
-6.90628
-6.95952
-6.968
-6.93518
-6.8647
-6.76027
-6.6256
-6.46439
-6.28021
-6.07644
-5.85629
-5.62271
-5.37842
-5.12606
-4.86708
-4.64268
-4.43857
-4.23433
-3.9965
-3.79367
-3.4905
-3.35626
-2.88215
-3.0122
-2.0663
-2.96244
-0.822878
-3.59674
15.9414
15.9449
15.9533
15.9585
15.9619
15.9638
15.964
15.962
15.9573
15.949
15.9367
15.9191
15.8951
15.8635
15.8229
15.7718
15.7085
15.6317
15.5398
15.4315
15.3057
15.1615
14.9983
14.8158
14.6141
14.3938
14.1555
13.9006
13.6301
13.3458
13.0493
12.7424
12.4268
12.1043
11.7769
11.4461
11.1137
10.7814
10.4508
10.1236
9.80114
9.48496
9.17631
8.87634
8.58599
8.30597
8.03677
7.77865
7.53159
7.29536
7.06952
6.85343
6.64633
6.44733
6.25551
6.06988
5.88949
5.71343
5.54087
5.37107
5.20341
5.0374
4.87267
4.709
4.54633
4.38458
4.2243
4.08596
3.96318
3.83724
3.70182
3.57549
3.41427
3.32786
3.07288
3.18191
2.5635
3.40394
1.5125
4.68793
15.9018
15.806
15.7047
15.6092
15.5111
15.4067
15.2944
15.1726
15.0387
14.8882
14.7179
14.5283
14.3214
14.0965
13.8517
13.5844
13.2916
12.9708
12.6198
12.2366
11.8199
11.3687
10.8827
10.3626
9.80933
9.22477
8.61121
7.97141
7.30843
6.62556
5.92635
5.2143
4.49289
3.76584
3.03682
2.30962
1.58816
0.876472
0.178753
-0.500734
-1.15769
-1.78778
-2.38686
-2.95104
-3.47674
-3.96081
-4.4006
-4.79408
-5.13984
-5.43706
-5.68563
-5.88599
-6.03924
-6.14698
-6.21123
-6.23448
-6.21948
-6.16924
-6.08687
-5.9756
-5.83869
-5.67926
-5.5004
-5.30502
-5.09582
-4.87562
-4.64574
-4.44423
-4.25854
-4.07258
-3.85197
-3.66604
-3.37916
-3.25847
-2.80302
-2.93634
-2.02303
-2.89368
-0.822611
-3.51856
12.7119
12.7254
12.7427
12.7564
12.7693
12.7807
12.7903
12.7979
12.8033
12.8062
12.8064
12.8037
12.7977
12.7882
12.7747
12.7568
12.7341
12.706
12.6718
12.6307
12.5819
12.5245
12.4574
12.3797
12.2905
12.1888
12.0739
11.9453
11.8025
11.6455
11.4744
11.2897
11.0922
10.8827
10.6625
10.4329
10.1955
9.95172
9.70323
9.45163
9.1985
8.9453
8.69349
8.44436
8.19908
7.95867
7.72394
7.49553
7.27389
7.05924
6.85165
6.65096
6.45689
6.269
6.08674
5.90952
5.73668
5.56757
5.40154
5.23802
5.0765
4.91654
4.75783
4.60015
4.44345
4.28762
4.13322
3.99986
3.88148
3.76003
3.62942
3.50744
3.35209
3.26808
3.02323
3.126
2.53286
3.33885
1.51203
4.59261
12.6761
12.6
12.5181
12.4393
12.3569
12.2689
12.1749
12.0724
11.9589
11.8321
11.6886
11.5271
11.3499
11.1598
10.9579
10.7441
10.5175
10.2768
10.021
9.74931
9.46022
9.15231
8.82413
8.47433
8.10166
7.70504
7.2838
6.8377
6.36692
5.87222
5.35496
4.81698
4.26056
3.68855
3.10411
2.51072
1.91211
1.31218
0.71498
0.124627
-0.454727
-1.01892
-1.56385
-2.08561
-2.58043
-3.04485
-3.47571
-3.87031
-4.2264
-4.54223
-4.81665
-5.04902
-5.23929
-5.38797
-5.49604
-5.56495
-5.59656
-5.59306
-5.55685
-5.4906
-5.39705
-5.27899
-5.13922
-4.98051
-4.80538
-4.61677
-4.41577
-4.2372
-4.07018
-3.90275
-3.69985
-3.53112
-3.26138
-3.15419
-2.719
-2.85436
-1.97682
-2.81826
-0.821292
-3.43263
10.6932
10.7132
10.7359
10.7566
10.7775
10.7974
10.8164
10.8341
10.8502
10.8646
10.8767
10.8864
10.8933
10.897
10.8971
10.8932
10.8851
10.8723
10.8546
10.8314
10.8026
10.7678
10.7266
10.6786
10.6236
10.561
10.4904
10.4114
10.3236
10.2266
10.12
10.0036
9.87724
9.74096
9.59492
9.43949
9.27521
9.1028
8.92316
8.73727
8.54624
8.35123
8.15341
7.95397
7.75402
7.55461
7.35667
7.16103
6.96835
6.77916
6.59382
6.41253
6.23535
6.06221
5.89289
5.72712
5.56453
5.40472
5.24727
5.09177
4.93785
4.78519
4.63353
4.48271
4.3327
4.18339
4.03541
3.90743
3.79376
3.67708
3.55156
3.43416
3.285
3.20343
2.96918
3.06542
2.49807
3.26946
1.50621
4.49529
10.6595
10.5984
10.532
10.4673
10.3998
10.3284
10.2537
10.1746
10.0886
9.99367
9.88726
9.76625
9.62913
9.47728
9.31271
9.13629
8.94788
8.74669
8.53205
8.30359
8.06098
7.80386
7.53181
7.2445
6.94154
6.62251
6.287
5.93466
5.56517
5.17837
4.77433
4.35333
3.91595
3.46321
2.9965
2.51762
2.02882
1.53267
1.03215
0.530498
0.031165
-0.462197
-0.945871
-1.41616
-1.86937
-2.30197
-2.71061
-3.09224
-3.44414
-3.76394
-4.04976
-4.30016
-4.51421
-4.6915
-4.83207
-4.93649
-5.00571
-5.04112
-5.0444
-5.01755
-4.96275
-4.88233
-4.77872
-4.65442
-4.5117
-4.35351
-4.18064
-4.02463
-3.87609
-3.72703
-3.54197
-3.39041
-3.13828
-3.04449
-2.63036
-2.76757
-1.92632
-2.73923
-0.814499
-3.34538
9.07034
9.0898
9.11183
9.13294
9.15467
9.17618
9.19769
9.21893
9.23979
9.26005
9.27952
9.29798
9.31515
9.33074
9.34443
9.35588
9.36472
9.37054
9.37293
9.37147
9.36573
9.35528
9.3397
9.31861
9.29162
9.25839
9.21861
9.17201
9.11834
9.05738
8.98896
8.91291
8.82916
8.73761
8.63828
8.53123
8.41658
8.29458
8.16557
8.03
7.8884
7.74143
7.5898
7.43431
7.27577
7.11498
6.95277
6.78989
6.62703
6.46479
6.30367
6.14404
5.9862
5.83028
5.67634
5.52435
5.37417
5.22562
5.07849
4.93254
4.78756
4.64332
4.49969
4.35656
4.21395
4.07177
3.93069
3.80848
3.69981
3.58817
3.46804
3.3554
3.21274
3.13371
2.91032
3.00013
2.45839
3.1963
1.49406
4.3981
9.04051
8.98969
8.93395
8.87915
8.82205
8.76175
8.69929
8.63466
8.56656
8.49334
8.41344
8.3248
8.22483
8.11219
7.98771
7.85281
7.70808
7.55328
7.3875
7.20981
7.0196
6.81635
6.59955
6.36874
6.12358
5.86378
5.58918
5.2997
4.99534
4.67622
4.3426
3.99481
3.6333
3.25871
2.87187
2.4738
2.06582
1.64946
1.22659
0.799352
0.370165
-0.0582646
-0.483044
-0.901145
-1.30939
-1.7046
-2.08361
-2.44341
-2.78116
-3.09424
-3.38035
-3.63754
-3.8643
-4.05951
-4.22249
-4.35302
-4.45132
-4.518
-4.55404
-4.56077
-4.53978
-4.4929
-4.42209
-4.32954
-4.21716
-4.08784
-3.94197
-3.80784
-3.67739
-3.54636
-3.37906
-3.24447
-3.0102
-2.92971
-2.53699
-2.67636
-1.87091
-2.65747
-0.801333
-3.25796
7.68617
7.70415
7.72444
7.7443
7.76492
7.78572
7.80687
7.8282
7.84968
7.87116
7.89258
7.91379
7.93466
7.95501
7.97468
7.99345
8.01109
8.02736
8.04197
8.05461
8.06495
8.07261
8.07723
8.0784
8.07569
8.06868
8.05695
8.04011
8.01775
7.98952
7.95511
7.91424
7.86671
7.81237
7.7511
7.68287
7.60769
7.52566
7.43692
7.34171
7.2403
7.13304
7.02035
6.90272
6.78068
6.65479
6.52564
6.39383
6.25993
6.1245
5.98804
5.85098
5.71369
5.57644
5.43945
5.30282
5.16663
5.03085
4.89545
4.76034
4.62543
4.49065
4.35593
4.22126
4.08672
3.95225
3.81859
3.70252
3.59917
3.49285
3.3784
3.27075
3.13486
3.05852
2.84627
2.92972
2.41369
3.11873
1.47655
4.29927
7.66019
7.61757
7.5709
7.52466
7.47605
7.42428
7.3704
7.31489
7.25741
7.19698
7.13234
7.06223
6.98493
6.89837
6.80148
6.69495
6.58003
6.45735
6.32682
6.18773
6.03924
5.88074
5.71175
5.53172
5.34008
5.13634
4.92005
4.69082
4.44838
4.19257
3.92338
3.64091
3.34541
3.03733
2.71728
2.38604
2.04459
1.69407
1.33588
0.971568
0.602955
0.232049
-0.138929
-0.507593
-0.871382
-1.22762
-1.57357
-1.9065
-2.2237
-2.5226
-2.80079
-3.05608
-3.2866
-3.49078
-3.66743
-3.81574
-3.93528
-4.02603
-4.08833
-4.12288
-4.13069
-4.11306
-4.07147
-4.00771
-3.92332
-3.82101
-3.70077
-3.58763
-3.47471
-3.36122
-3.21146
-3.09355
-2.87726
-2.80992
-2.4389
-2.58061
-1.81065
-2.57244
-0.782824
-3.16905
6.56525
6.58221
6.60111
6.61989
6.63945
6.6594
6.67983
6.70066
6.72186
6.74336
6.76509
6.78697
6.80891
6.83081
6.85255
6.87399
6.895
6.91541
6.93504
6.95369
6.97115
6.98718
7.00154
7.01393
7.02407
7.03162
7.03627
7.03767
7.03542
7.02917
7.01855
7.0032
6.98279
6.957
6.92556
6.88825
6.84489
6.79538
6.73968
6.6778
6.60982
6.53591
6.45626
6.37115
6.2809
6.18588
6.08649
5.98317
5.87634
5.76647
5.65397
5.53926
5.4227
5.30462
5.18529
5.06492
4.94369
4.8217
4.69903
4.57572
4.45181
4.32731
4.20226
4.07672
3.95084
3.82461
3.69883
3.58926
3.49153
3.3908
3.28231
3.17987
3.05103
2.97753
2.77668
2.85383
2.36377
3.03624
1.45415
4.1974
6.5423
6.50642
6.46734
6.42852
6.38746
6.34324
6.29674
6.24859
6.19889
6.1474
6.09338
6.03578
5.97349
5.90499
5.82855
5.74323
5.64957
5.54866
5.44122
5.32728
5.20623
5.07739
4.94032
4.79465
4.63998
4.4759
4.30196
4.1178
3.92304
3.71736
3.50054
3.2724
3.03287
2.78203
2.52009
2.24743
1.9646
1.67235
1.3716
1.06351
0.749399
0.430823
0.109512
-0.212635
-0.533541
-0.850985
-1.16264
-1.4661
-1.75897
-2.03881
-2.3033
-2.55022
-2.77755
-2.98348
-3.16649
-3.32534
-3.45915
-3.56738
-3.64981
-3.70661
-3.73824
-3.74549
-3.72935
-3.69122
-3.63219
-3.55476
-3.4585
-3.36524
-3.2691
-3.1725
-3.03989
-2.93822
-2.73987
-2.6854
-2.33628
-2.48034
-1.74575
-2.48379
-0.75971
-3.07791
5.66055
5.67635
5.69377
5.71128
5.72958
5.74836
5.76773
5.78762
5.80802
5.8289
5.8502
5.87189
5.8939
5.91617
5.93861
5.96114
5.98365
6.00602
6.02812
6.04981
6.07093
6.09129
6.11072
6.12901
6.14592
6.16124
6.17471
6.18608
6.19504
6.20133
6.20463
6.20466
6.20109
6.19361
6.18193
6.16577
6.14484
6.11893
6.08783
6.0514
6.00954
5.96218
5.90936
5.85114
5.78764
5.71904
5.64556
5.56746
5.48503
5.3986
5.30848
5.215
5.1185
5.01925
4.91755
4.81365
4.70775
4.60004
4.49068
4.37979
4.26748
4.15386
4.03904
3.92317
3.80643
3.68888
3.57136
3.4686
3.37674
3.28184
3.17956
3.08253
2.96098
2.89045
2.70125
2.77222
2.30839
2.94862
1.4268
4.09218
5.64023
5.6098
5.57672
5.54381
5.50914
5.47167
5.43182
5.39011
5.34683
5.30215
5.25596
5.20763
5.15627
5.10091
5.04025
4.97275
4.89754
4.81498
4.72608
4.63156
4.53144
4.42518
4.31217
4.19203
4.06447
3.92918
3.78581
3.63407
3.47363
3.30423
3.12565
2.93769
2.7402
2.53312
2.31647
2.09039
1.8551
1.611
1.35862
1.09867
0.832047
0.559825
0.283272
0.00382019
-0.276896
-0.557095
-0.834851
-1.10814
-1.37485
-1.63281
-1.87988
-2.11392
-2.33293
-2.53502
-2.71848
-2.88185
-3.02391
-3.14374
-3.2407
-3.31449
-3.36513
-3.39292
-3.39839
-3.38255
-3.34605
-3.29115
-3.21695
-3.14223
-3.06196
-2.98138
-2.86533
-2.77927
-2.59864
-2.55664
-2.22944
-2.37581
-1.67647
-2.39156
-0.732303
-2.98423
4.90982
4.92424
4.94003
4.95604
4.9728
4.99011
5.00803
5.02654
5.04564
5.0653
5.08551
5.10625
5.12747
5.14915
5.17124
5.19366
5.21637
5.23928
5.2623
5.28533
5.30825
5.33094
5.35324
5.37501
5.39606
5.41621
5.43526
5.45299
5.46916
5.48354
5.49587
5.50589
5.51334
5.51795
5.51944
5.51754
5.51198
5.50252
5.48891
5.47093
5.4484
5.42115
5.38906
5.35205
5.31009
5.26319
5.21141
5.15484
5.09362
5.02793
4.95797
4.88396
4.80613
4.72474
4.64001
4.55217
4.46144
4.36802
4.2721
4.17386
4.07346
3.97107
3.86684
3.76098
3.65373
3.54517
3.43621
3.34051
3.25472
3.16584
3.06995
2.97852
2.86442
2.79704
2.61965
2.68464
2.24724
2.8557
1.39457
3.98338
4.8919
4.86593
4.83772
4.80955
4.77998
4.74818
4.7143
4.67844
4.64077
4.60163
4.56129
4.51964
4.47617
4.43015
4.38073
4.32678
4.26693
4.20035
4.12734
4.04879
3.96537
3.87715
3.78366
3.68434
3.57881
3.46683
3.34813
3.22242
3.0894
2.94882
2.80045
2.6441
2.47959
2.30682
2.12576
1.93643
1.73895
1.5335
1.32042
1.10015
0.873252
0.640467
0.402681
0.160927
-0.0835754
-0.329456
-0.575192
-0.819128
-1.0595
-1.29444
-1.52205
-1.74039
-1.94754
-2.14168
-2.32106
-2.4841
-2.62939
-2.75576
-2.86228
-2.94829
-3.01341
-3.05756
-3.08085
-3.08393
-3.067
-3.03209
-2.97785
-2.92015
-2.85464
-2.78906
-2.6888
-2.61757
-2.45424
-2.42417
-2.11877
-2.26727
-1.60299
-2.29576
-0.701037
-2.88775
4.27735
4.29038
4.30458
4.31907
4.33425
4.34999
4.36634
4.38329
4.40085
4.41901
4.43777
4.45712
4.47703
4.4975
4.5185
4.53999
4.56195
4.5843
4.607
4.62999
4.65318
4.67649
4.69982
4.72305
4.74605
4.76869
4.79081
4.81224
4.83278
4.85225
4.87043
4.88708
4.90197
4.91486
4.9255
4.93363
4.93899
4.94133
4.94039
4.93593
4.92774
4.91559
4.89932
4.87874
4.85374
4.82422
4.7901
4.75138
4.70805
4.66017
4.60781
4.5511
4.49015
4.42513
4.35621
4.28356
4.20737
4.12783
4.04512
3.95942
3.87092
3.77982
3.68631
3.59062
3.49303
3.39366
3.29345
3.20496
3.12539
3.04268
2.95332
2.86761
2.76112
2.69703
2.53157
2.59076
2.18005
2.75709
1.35755
3.87011
4.26158
4.23932
4.21516
4.19095
4.16555
4.13831
4.10941
4.07883
4.04638
4.0122
3.97665
3.94002
3.90224
3.86292
3.82141
3.77699
3.72865
3.67517
3.61578
3.55071
3.48074
3.40656
3.32827
3.24544
3.15754
3.06428
2.96542
2.86073
2.74997
2.63287
2.50921
2.37878
2.24137
2.09687
1.94515
1.78617
1.61995
1.44657
1.26621
1.07915
0.885745
0.68651
0.482064
0.273154
0.0606786
-0.154317
-0.370655
-0.587023
-0.801986
-1.01399
-1.2214
-1.42252
-1.61563
-1.799
-1.97097
-2.12994
-2.27443
-2.40314
-2.51494
-2.60892
-2.68441
-2.74101
-2.7785
-2.79716
-2.79685
-2.7793
-2.74277
-2.70043
-2.64845
-2.59669
-2.51128
-2.45396
-2.30736
-2.28855
-2.0047
-2.15498
-1.5257
-2.19621
-0.666526
-2.78754
3.74167
3.75339
3.76611
3.77915
3.79284
3.80705
3.82186
3.83726
3.85325
3.86985
3.88705
3.90486
3.92326
3.94226
3.96185
3.982
4.0027
4.02392
4.04561
4.06775
4.09028
4.11314
4.13627
4.15957
4.18297
4.20636
4.22962
4.25264
4.27526
4.29733
4.31868
4.33913
4.35848
4.37652
4.39303
4.40777
4.42051
4.43101
4.43901
4.44427
4.44655
4.44561
4.44123
4.4332
4.42134
4.40548
4.38549
4.36124
4.33265
4.29968
4.26231
4.22055
4.17443
4.12402
4.06943
4.01075
3.94811
3.88167
3.81157
3.73799
3.6611
3.58111
3.49822
3.41266
3.32475
3.23462
3.14322
3.06202
2.98873
2.91225
2.82951
2.74962
2.6508
2.59014
2.43673
2.49024
2.10664
2.65223
1.31611
3.75107
3.72779
3.70864
3.68788
3.66701
3.64512
3.62167
3.5968
3.57059
3.54286
3.5134
3.4823
3.44992
3.41653
3.38215
3.34643
3.30882
3.26872
3.2252
3.17718
3.1239
3.06552
3.00279
2.93638
2.8664
2.79248
2.71414
2.63112
2.54321
2.45022
2.35194
2.24816
2.13867
2.02328
1.90184
1.77421
1.64029
1.50004
1.35345
1.20059
1.0416
0.876712
0.706243
0.530617
0.350367
0.166145
-0.0212617
-0.210951
-0.401896
-0.592943
-0.782828
-0.970179
-1.15355
-1.33142
-1.50226
-1.6645
-1.81664
-1.95722
-2.08487
-2.19837
-2.29667
-2.37889
-2.44439
-2.49266
-2.52374
-2.53712
-2.5343
-2.51316
-2.48443
-2.44463
-2.40543
-2.3338
-2.28933
-2.15873
-2.15035
-1.88779
-2.03916
-1.44531
-2.09264
-0.629902
-2.68198
3.28523
3.29573
3.30709
3.31879
3.33106
3.34384
3.35718
3.37108
3.38554
3.40059
3.41623
3.43247
3.4493
3.46673
3.48477
3.5034
3.52261
3.5424
3.56273
3.58359
3.60495
3.62676
3.64898
3.67156
3.69444
3.71753
3.74076
3.76402
3.78722
3.81023
3.83293
3.85516
3.87677
3.89759
3.91743
3.93609
3.95338
3.96907
3.98292
3.99472
4.00423
4.0112
4.01541
4.01662
4.01461
4.00919
4.00015
3.98733
3.97058
3.94978
3.92483
3.89566
3.86223
3.82453
3.78257
3.7364
3.68607
3.63168
3.57334
3.51118
3.44536
3.37605
3.30344
3.2278
3.1494
3.06838
2.98573
2.91178
2.84475
2.77452
2.6984
2.62439
2.53323
2.47609
2.33483
2.38264
2.02692
2.5403
1.27063
3.62433
3.27301
3.25648
3.23856
3.22051
3.20159
3.18133
3.15983
3.13717
3.11329
3.08804
3.0612
3.03282
3.00319
2.97264
2.94117
2.90854
2.87427
2.83785
2.79848
2.75518
2.70724
2.65475
2.5984
2.53882
2.47614
2.40997
2.33988
2.26562
2.18706
2.10405
2.01639
1.9239
1.82639
1.72371
1.61574
1.50234
1.38345
1.25901
1.12904
0.99358
0.852756
0.706762
0.555877
0.400461
0.240976
0.0780003
-0.0877879
-0.255598
-0.424522
-0.593542
-0.761537
-0.927289
-1.08951
-1.24683
-1.39789
-1.54127
-1.67559
-1.79953
-1.91183
-2.01138
-2.09716
-2.1684
-2.22436
-2.26487
-2.28913
-2.29844
-2.29038
-2.27344
-2.24442
-2.2164
-2.15737
-2.12455
-2.00917
-2.01012
-1.76869
-1.9198
-1.36272
-1.9838
-0.592783
-2.56868
2.89175
2.90116
2.91131
2.92177
2.93277
2.94424
2.95622
2.96873
2.98177
2.99536
3.00951
3.02423
3.03952
3.05541
3.07188
3.08894
3.10659
3.12482
3.14363
3.163
3.18292
3.20336
3.22429
3.24568
3.26749
3.28965
3.31212
3.33481
3.35766
3.38057
3.40344
3.42615
3.44859
3.47061
3.49206
3.51277
3.53258
3.5513
3.56872
3.58464
3.59884
3.6111
3.6212
3.6289
3.63398
3.63622
3.63541
3.63133
3.62379
3.61264
3.59772
3.57888
3.55604
3.52909
3.498
3.46275
3.42333
3.37977
3.33213
3.28049
3.22497
3.16571
3.10289
3.03674
2.96752
2.89536
2.82123
2.7544
2.69355
2.6295
2.55991
2.49174
2.40826
2.35454
2.22576
2.26728
1.94127
2.41956
1.22241
3.48679
2.88098
2.86666
2.85116
2.8355
2.81909
2.80155
2.78292
2.76325
2.74251
2.72065
2.69757
2.67304
2.647
2.61977
2.59171
2.56285
2.53299
2.50174
2.4686
2.43281
2.39348
2.35009
2.30276
2.25208
2.19866
2.14261
2.08347
2.02075
1.95426
1.88393
1.80966
1.73128
1.6486
1.56148
1.46979
1.37341
1.27227
1.16627
1.05541
0.939677
0.819135
0.693897
0.564136
0.430095
0.292098
0.15056
0.00598521
-0.14103
-0.289782
-0.439467
-0.58918
-0.737921
-0.884602
-1.02808
-1.16713
-1.30049
-1.42692
-1.54516
-1.65397
-1.75227
-1.83897
-1.91319
-1.97407
-2.02128
-2.05382
-2.07277
-2.0755
-2.06854
-2.04888
-2.03059
-1.98298
-1.96036
-1.85964
-1.8681
-1.64875
-1.79614
-1.28024
-1.8675
-0.559755
-2.44279
2.55521
2.56355
2.57251
2.58178
2.59152
2.60169
2.61233
2.62344
2.63504
2.64714
2.65976
2.67291
2.68659
2.70083
2.71562
2.73098
2.74691
2.76341
2.78048
2.79812
2.81631
2.83505
2.85433
2.87411
2.89436
2.91506
2.93617
2.95763
2.97939
3.00137
3.02351
3.04571
3.06788
3.08991
3.11166
3.13303
3.15386
3.17397
3.19322
3.21143
3.22838
3.24388
3.25774
3.26971
3.27961
3.28719
3.29225
3.29456
3.29391
3.29013
3.28301
3.27235
3.25804
3.23993
3.21792
3.19193
3.1619
3.1278
3.08963
3.04744
3.00129
2.95127
2.89755
2.84028
2.77972
2.71602
2.65006
2.5901
2.53524
2.47718
2.41399
2.35148
2.27572
2.22499
2.10955
2.14298
1.85028
2.28813
1.17366
3.33606
2.54577
2.53339
2.51999
2.50644
2.49224
2.47708
2.46097
2.44395
2.42601
2.40719
2.38751
2.36661
2.34348
2.317
2.28713
2.25488
2.22156
2.18844
2.15687
2.12795
2.10143
2.07512
2.04556
2.00948
1.96545
1.91509
1.86166
1.80686
1.75012
1.69028
1.62679
1.5596
1.48876
1.41421
1.33581
1.25341
1.16689
1.07619
0.981255
0.882057
0.778606
0.670958
0.559215
0.443531
0.324133
0.201308
0.0754332
-0.0530497
-0.183603
-0.315595
-0.448311
-0.580946
-0.712589
-0.842285
-0.969003
-1.09163
-1.20905
-1.32013
-1.42371
-1.51873
-1.60413
-1.67897
-1.74232
-1.79376
-1.83214
-1.85833
-1.86965
-1.87082
-1.85916
-1.84895
-1.81177
-1.79737
-1.71144
-1.72412
-1.52983
-1.66667
-1.20094
-1.74039
-0.535375
-2.29995
2.16756
2.17469
2.18232
2.19023
2.19855
2.20726
2.21638
2.22592
2.23591
2.24636
2.25726
2.26866
2.28055
2.29295
2.30587
2.31933
2.33332
2.34787
2.36296
2.37862
2.39484
2.41161
2.42894
2.44683
2.46522
2.48414
2.50357
2.52345
2.54375
2.56443
2.58547
2.60676
2.62827
2.6499
2.67155
2.69316
2.71461
2.73575
2.75646
2.77662
2.79602
2.81451
2.83191
2.84803
2.86269
2.87564
2.88668
2.89562
2.9022
2.90625
2.90751
2.90579
2.90091
2.89268
2.88095
2.86556
2.8464
2.82337
2.79642
2.76552
2.73067
2.69191
2.64935
2.6031
2.55336
2.5003
2.44465
2.39343
2.34626
2.29589
2.24106
2.18574
2.12043
2.07303
1.97617
1.99811
1.75016
2.13667
1.12546
3.1659
2.15961
2.1494
2.1383
2.12702
2.11525
2.10272
2.0894
2.07535
2.06051
2.04478
2.02813
2.01061
1.99237
1.97342
1.95336
1.93187
1.90928
1.88604
1.86215
1.83728
1.81113
1.78324
1.7528
1.71943
1.68348
1.645
1.60362
1.55943
1.51283
1.46387
1.4123
1.35787
1.30042
1.23989
1.17616
1.10913
1.0387
0.964791
0.88733
0.806251
0.721535
0.633185
0.541233
0.44576
0.346885
0.244778
0.139681
0.0318884
-0.078241
-0.190251
-0.303629
-0.417776
-0.531995
-0.645525
-0.757563
-0.867183
-0.973415
-1.07531
-1.17179
-1.26188
-1.34456
-1.4189
-1.48391
-1.53902
-1.58308
-1.6165
-1.63704
-1.64652
-1.6442
-1.64182
-1.61811
-1.60991
-1.5456
-1.55571
-1.40112
-1.51082
-1.1238
-1.58215
-0.527997
-2.12242
1.78117
1.78697
1.79316
1.7996
1.80638
1.8135
1.82095
1.82877
1.83697
1.84557
1.85456
1.86397
1.87383
1.88412
1.89489
1.90613
1.91785
1.93006
1.94279
1.95605
1.96984
1.98415
1.99901
2.01443
2.03037
2.04686
2.06389
2.08143
2.09948
2.118
2.137
2.15642
2.17624
2.19638
2.21679
2.23743
2.25822
2.27906
2.29986
2.3205
2.34088
2.36084
2.38025
2.39897
2.41682
2.43361
2.44913
2.46322
2.47565
2.48619
2.49463
2.50078
2.5044
2.50526
2.50319
2.49798
2.48947
2.47749
2.46193
2.44269
2.4197
2.39296
2.36248
2.32833
2.29064
2.24953
2.20569
2.1646
2.12634
2.0851
2.03993
1.99387
1.93957
1.89976
1.8184
1.8407
1.62243
1.98934
1.04201
3.03369
1.77482
1.76685
1.7582
1.74938
1.74018
1.7304
1.72002
1.70907
1.69751
1.68524
1.67227
1.65876
1.64509
1.63177
1.619
1.60621
1.59234
1.57651
1.55825
1.53731
1.51347
1.4871
1.45911
1.4303
1.4011
1.37139
1.34028
1.30667
1.27031
1.23179
1.19147
1.14914
1.1045
1.0574
1.00774
0.955466
0.900488
0.842721
0.782079
0.718487
0.651895
0.582271
0.509599
0.433894
0.355186
0.27357
0.189154
0.102115
0.0126575
-0.07893
-0.172307
-0.267076
-0.362752
-0.458776
-0.554542
-0.649364
-0.742453
-0.833024
-0.920191
-1.00306
-1.08073
-1.15231
-1.21682
-1.27363
-1.32154
-1.36077
-1.38905
-1.40646
-1.41227
-1.41862
-1.40597
-1.408
-1.35875
-1.37836
-1.24561
-1.35906
-1.00664
-1.45533
-0.457265
-2.03575
1.47335
1.47814
1.48324
1.48858
1.49419
1.50007
1.50623
1.51271
1.51951
1.52664
1.5341
1.54192
1.55012
1.55868
1.56766
1.57704
1.58683
1.59706
1.60773
1.61887
1.63047
1.64255
1.65513
1.66819
1.68175
1.69582
1.71037
1.72544
1.74099
1.75704
1.77356
1.79055
1.80797
1.8258
1.84399
1.86251
1.88132
1.90037
1.91957
1.93884
1.95813
1.9773
1.99625
2.01489
2.03307
2.05062
2.06741
2.08328
2.09802
2.11145
2.12337
2.13361
2.14192
2.14809
2.15194
2.15324
2.1518
2.14745
2.14002
2.12937
2.11538
2.09799
2.07718
2.05292
2.02531
1.99442
1.96084
1.92874
1.89849
1.86558
1.82929
1.79193
1.74789
1.71577
1.64855
1.67314
1.48102
1.83543
0.943379
2.89991
1.46818
1.46185
1.45498
1.44796
1.44062
1.43283
1.42456
1.41584
1.40663
1.3969
1.3866
1.3757
1.36419
1.35208
1.33943
1.32629
1.31256
1.29779
1.28167
1.26438
1.24645
1.22819
1.20958
1.19035
1.16993
1.14763
1.1232
1.09679
1.06841
1.03804
1.00592
0.972252
0.936918
0.899707
0.860448
0.819064
0.775501
0.729701
0.68158
0.631073
0.578118
0.522666
0.46469
0.404165
0.341095
0.275518
0.207482
0.137078
0.0644399
-0.010273
-0.0868211
-0.164949
-0.244325
-0.324546
-0.405176
-0.485698
-0.565517
-0.644009
-0.720468
-0.794154
-0.864296
-0.930112
-0.990713
-1.0455
-1.09331
-1.13429
-1.16621
-1.18811
-1.19904
-1.2112
-1.20645
-1.21617
-1.17851
-1.20658
-1.09078
-1.21114
-0.884032
-1.33692
-0.375828
-1.96515
1.2099
1.21381
1.218
1.22236
1.22696
1.23178
1.23684
1.24216
1.24774
1.25361
1.25976
1.26621
1.27298
1.28006
1.28748
1.29525
1.30338
1.31189
1.32078
1.33006
1.33975
1.34987
1.36041
1.37138
1.38281
1.39469
1.40701
1.41979
1.43304
1.44674
1.4609
1.47551
1.49054
1.506
1.52185
1.53806
1.55461
1.57146
1.58857
1.60585
1.6233
1.64081
1.65829
1.67567
1.69283
1.70968
1.72608
1.74191
1.757
1.7712
1.78434
1.79628
1.80679
1.81569
1.82282
1.82794
1.83088
1.83146
1.82952
1.82489
1.81741
1.80702
1.79362
1.77718
1.75773
1.7353
1.71039
1.68605
1.66281
1.63731
1.609
1.57961
1.54502
1.52014
1.46644
1.49285
1.32729
1.6672
0.834358
2.74167
1.20571
1.20065
1.19519
1.18958
1.18372
1.1775
1.17091
1.16396
1.1566
1.14885
1.14065
1.13199
1.12283
1.11317
1.10297
1.09227
1.08112
1.06956
1.05737
1.04415
1.02973
1.01449
0.998908
0.983143
0.967004
0.950062
0.931716
0.911611
0.889798
0.866334
0.841145
0.814342
0.786178
0.75671
0.725736
0.693069
0.658625
0.622355
0.584215
0.544151
0.502101
0.458015
0.411849
0.363576
0.313183
0.26067
0.206062
0.1494
0.0907662
0.0302553
-0.0319787
-0.0957599
-0.160865
-0.22701
-0.293879
-0.361093
-0.428203
-0.494738
-0.560145
-0.623832
-0.685168
-0.74351
-0.798084
-0.84839
-0.893342
-0.933084
-0.965499
-0.989113
-1.00274
-1.01817
-1.01878
-1.03354
-1.00514
-1.03898
-0.938731
-1.06292
-0.762186
-1.21354
-0.297636
-1.87309
0.976937
0.980065
0.983399
0.986881
0.990547
0.994403
0.998448
1.0027
1.00718
1.01188
1.01681
1.02199
1.02742
1.03311
1.03909
1.04535
1.05191
1.05879
1.06598
1.07351
1.08137
1.08959
1.09818
1.10713
1.11647
1.1262
1.13633
1.14685
1.15779
1.16913
1.1809
1.19307
1.20564
1.21861
1.23197
1.2457
1.25977
1.27418
1.28888
1.30382
1.319
1.33435
1.34979
1.36527
1.38071
1.39604
1.41113
1.42591
1.44024
1.45399
1.46703
1.47924
1.49042
1.50043
1.50911
1.51626
1.52173
1.52535
1.52696
1.52639
1.52349
1.51818
1.51035
1.49995
1.48697
1.47141
1.45367
1.4359
1.41871
1.39966
1.37839
1.35616
1.33008
1.31185
1.27059
1.2984
1.15823
1.48237
0.709273
2.55612
0.973622
0.969661
0.96539
0.961003
0.956414
0.951542
0.946383
0.940938
0.935187
0.929117
0.92271
0.915944
0.908792
0.901235
0.893253
0.884836
0.875989
0.866734
0.857128
0.847126
0.836416
0.824648
0.811886
0.798613
0.785194
0.771651
0.757697
0.742838
0.726614
0.708905
0.689759
0.66913
0.647075
0.62386
0.59961
0.574191
0.547425
0.519196
0.489458
0.458181
0.425323
0.390836
0.354678
0.316811
0.277212
0.235867
0.192781
0.147967
0.101466
0.0533329
0.00366156
-0.04743
-0.0997968
-0.15324
-0.207537
-0.262418
-0.31755
-0.372578
-0.427087
-0.480614
-0.532655
-0.582706
-0.630107
-0.674467
-0.714828
-0.751348
-0.782078
-0.805388
-0.819889
-0.836641
-0.840546
-0.858255
-0.836929
-0.874435
-0.78764
-0.913594
-0.637821
-1.08415
-0.216637
-1.765
0.770724
0.77315
0.775729
0.778425
0.781268
0.784259
0.787395
0.790696
0.794167
0.797811
0.80164
0.805661
0.809877
0.8143
0.818949
0.823826
0.828929
0.834276
0.839885
0.845753
0.851887
0.85831
0.865026
0.872036
0.879356
0.886993
0.894948
0.903235
0.911855
0.920818
0.930132
0.939782
0.949777
0.960127
0.97081
0.981826
0.993167
1.00481
1.01674
1.02894
1.04139
1.05403
1.06685
1.07978
1.09277
1.10577
1.1187
1.13148
1.14403
1.15624
1.16802
1.17924
1.18977
1.19949
1.20826
1.21592
1.22234
1.22737
1.23085
1.23267
1.23267
1.23075
1.22683
1.22083
1.21273
1.20254
1.19054
1.17817
1.16603
1.15244
1.13718
1.12116
1.10248
1.09008
1.0598
1.08838
0.971164
1.27879
0.562836
2.33836
0.768158
0.765126
0.761856
0.758489
0.754967
0.751231
0.747274
0.743096
0.738683
0.734028
0.729112
0.723917
0.718432
0.712635
0.706511
0.700042
0.693214
0.686023
0.678488
0.670662
0.662563
0.654024
0.644681
0.634356
0.62333
0.61209
0.600834
0.589432
0.577517
0.564636
0.550533
0.535187
0.518581
0.500749
0.4819
0.46223
0.441699
0.420133
0.397412
0.373495
0.348363
0.32198
0.294313
0.265313
0.234953
0.203216
0.170092
0.135581
0.0996961
0.0624677
0.0239469
-0.0157933
-0.0566611
-0.0985255
-0.141233
-0.184596
-0.228384
-0.272333
-0.316138
-0.359463
-0.401909
-0.4431
-0.482506
-0.519834
-0.554267
-0.586003
-0.613291
-0.634656
-0.648495
-0.664916
-0.670268
-0.689051
-0.672682
-0.711957
-0.636202
-0.762312
-0.508643
-0.948091
-0.127156
-1.64443
0.570993
0.572796
0.57471
0.576717
0.578836
0.581064
0.583408
0.585878
0.588475
0.591204
0.594075
0.597093
0.600265
0.603601
0.607108
0.610787
0.614646
0.618696
0.622948
0.627402
0.632069
0.63696
0.642077
0.647431
0.653036
0.658884
0.664986
0.671353
0.677989
0.684898
0.692083
0.699541
0.70728
0.715304
0.723598
0.732159
0.740988
0.750072
0.759403
0.768965
0.778732
0.788686
0.798801
0.809034
0.819362
0.829743
0.840105
0.850414
0.860607
0.870598
0.880322
0.889691
0.898607
0.906981
0.914708
0.921678
0.92777
0.932859
0.936848
0.939628
0.941077
0.941101
0.939631
0.936611
0.931997
0.925785
0.918218
0.910138
0.902082
0.892985
0.882746
0.871981
0.859519
0.852019
0.83103
0.859333
0.761402
1.05051
0.38816
2.06406
0.569097
0.56688
0.564491
0.562028
0.55945
0.556719
0.553834
0.550787
0.54757
0.544177
0.540595
0.536813
0.532825
0.528619
0.52418
0.519495
0.514544
0.50932
0.503824
0.498073
0.49209
0.48592
0.479527
0.472639
0.464932
0.456473
0.447685
0.438942
0.430296
0.421528
0.412256
0.402151
0.391087
0.379002
0.365871
0.35187
0.337219
0.321889
0.305697
0.288514
0.270314
0.251107
0.230905
0.209681
0.187412
0.164081
0.139678
0.114207
0.0876754
0.0601048
0.0315262
0.001989
-0.0284445
-0.0596924
-0.0916475
-0.124188
-0.157153
-0.190367
-0.223611
-0.256658
-0.289214
-0.321015
-0.351667
-0.380973
-0.408264
-0.433796
-0.456036
-0.473938
-0.485707
-0.500262
-0.505328
-0.523395
-0.50993
-0.549017
-0.481819
-0.605923
-0.371505
-0.80057
-0.026122
-1.4946
0.405875
0.407062
0.408326
0.409644
0.411031
0.412488
0.414022
0.415635
0.417321
0.419091
0.420954
0.422903
0.424949
0.427102
0.429354
0.431709
0.434181
0.436772
0.43948
0.442315
0.445286
0.448393
0.451639
0.455035
0.458584
0.462284
0.46615
0.470186
0.474391
0.478773
0.483333
0.488077
0.493009
0.498128
0.503434
0.508937
0.514621
0.520488
0.526547
0.532778
0.539172
0.545721
0.552404
0.559201
0.566108
0.573083
0.580085
0.587102
0.594084
0.600974
0.607727
0.614287
0.620596
0.626582
0.632169
0.637299
0.641875
0.645806
0.649029
0.651467
0.653025
0.653639
0.65327
0.651868
0.649392
0.645835
0.6414
0.636579
0.631632
0.625991
0.619627
0.612934
0.605278
0.601354
0.587508
0.614142
0.531303
0.798136
0.192691
1.70867
0.404613
0.403111
0.401493
0.39983
0.398087
0.396235
0.394272
0.392196
0.390006
0.387694
0.385247
0.382656
0.379918
0.377029
0.373975
0.370745
0.367323
0.363707
0.359882
0.35584
0.351591
0.347162
0.342599
0.337906
0.332906
0.327279
0.320886
0.314022
0.307094
0.300229
0.293223
0.285737
0.277512
0.268507
0.258766
0.248303
0.2373
0.226045
0.214604
0.202807
0.190449
0.177426
0.163727
0.14936
0.134315
0.118572
0.102114
0.0849286
0.0670153
0.0483781
0.0290314
0.00900163
-0.0116755
-0.0329508
-0.054758
-0.0770158
-0.0996241
-0.122468
-0.145403
-0.168281
-0.190908
-0.213111
-0.234617
-0.255327
-0.274717
-0.293109
-0.309191
-0.322567
-0.33118
-0.342663
-0.346013
-0.3619
-0.349428
-0.38674
-0.325341
-0.44575
-0.226595
-0.64011
0.0868018
-1.29785
0.168292
0.16927
0.170314
0.171405
0.172553
0.173764
0.175042
0.176387
0.177796
0.179278
0.180837
0.182474
0.184197
0.186007
0.187901
0.189886
0.191969
0.19415
0.196426
0.198809
0.2013
0.203898
0.206609
0.209431
0.212363
0.215411
0.218575
0.221852
0.225244
0.228748
0.232359
0.236081
0.239906
0.243827
0.247847
0.25196
0.256148
0.260411
0.264743
0.269126
0.273562
0.278038
0.282523
0.287017
0.291523
0.296006
0.300445
0.304842
0.309167
0.313398
0.317515
0.321491
0.325305
0.328919
0.33229
0.335401
0.338203
0.340651
0.342721
0.344374
0.345566
0.346268
0.346471
0.346138
0.345243
0.34379
0.341918
0.339698
0.337418
0.334793
0.331824
0.328745
0.325275
0.324556
0.316432
0.340446
0.268484
0.491407
-0.0181061
1.14415
0.167298
0.166171
0.16495
0.163682
0.162353
0.160945
0.159447
0.157862
0.156189
0.154423
0.15255
0.150561
0.148454
0.146223
0.143858
0.141346
0.138676
0.135842
0.132829
0.129619
0.12621
0.122598
0.118773
0.114684
0.110253
0.10541
0.100186
0.095145
0.0919089
0.0928428
0.099714
0.1125
0.129112
0.145884
0.158814
0.165065
0.1639
0.15677
0.146515
0.135696
0.125404
0.115534
0.105671
0.0955908
0.0852855
0.0748104
0.0641925
0.0534234
0.0424919
0.0313895
0.020112
0.00865887
-0.00296932
-0.014764
-0.0267125
-0.0387922
-0.0509685
-0.0632031
-0.0754356
-0.0876045
-0.0996177
-0.111409
-0.122818
-0.13385
-0.144128
-0.154037
-0.16251
-0.170003
-0.174281
-0.181459
-0.181731
-0.193852
-0.180922
-0.213805
-0.158138
-0.266574
-0.0730404
-0.432831
0.182723
-0.937414
0.141309
0.141033
0.14074
0.140424
0.140086
0.139725
0.139342
0.138935
0.138497
0.138031
0.137534
0.137009
0.136451
0.135858
0.135229
0.134564
0.133862
0.133123
0.132342
0.131524
0.130667
0.12977
0.128837
0.127866
0.126859
0.125821
0.124749
0.123651
0.122533
0.121395
0.120242
0.119085
0.117924
0.11677
0.115634
0.114516
0.11343
0.112382
0.111376
0.110423
0.109536
0.108716
0.107959
0.107278
0.106681
0.106156
0.105704
0.105329
0.105014
0.104756
0.104545
0.104372
0.104227
0.104101
0.103974
0.103843
0.103692
0.103501
0.103255
0.102931
0.102514
0.101991
0.101368
0.100636
0.0997902
0.0988421
0.097917
0.0973899
0.0964902
0.0953492
0.094029
0.0925972
0.0908876
0.0900445
0.0849297
0.0980121
0.0585425
0.179549
-0.0758375
0.461735
0.141561
0.141809
0.142084
0.142377
0.142687
0.143013
0.143355
0.143722
0.144115
0.144533
0.14498
0.145461
0.145982
0.146546
0.147158
0.147828
0.148565
0.149383
0.150293
0.151301
0.152379
0.153466
0.154546
0.15582
0.157916
0.161903
0.168741
0.178073
0.187049
0.190493
0.182827
0.160696
0.124822
0.0805017
0.0364172
0.00167584
-0.0180305
-0.0229781
-0.0185305
-0.0111918
-0.004981
-0.000790512
0.00206481
0.00428777
0.00608728
0.00738769
0.00810361
0.00822926
0.00780228
0.00686611
0.00546163
0.00363092
0.00142037
-0.00112045
-0.00394162
-0.00699344
-0.0102258
-0.0135954
-0.0170537
-0.0205625
-0.0240709
-0.027563
-0.0309576
-0.034322
-0.0374309
-0.0406551
-0.0432251
-0.0461267
-0.0469495
-0.0501523
-0.0482442
-0.0558475
-0.044841
-0.0682505
-0.0279004
-0.102248
0.0259025
-0.195726
0.173273
-0.448774
)
;

boundaryField
{
    inlet
    {
        type            freestreamPressure;
        freestreamValue uniform 0;
        value           nonuniform List<scalar> 
134
(
0.912151
1.20575
1.48566
1.69456
1.81081
1.83134
1.73913
1.53497
1.20958
0.662884
0.207921
0.319683
0.495865
0.653807
0.803743
0.951508
1.09845
1.2451
1.39353
1.54686
0.601899
1.70881
1.87962
2.04884
2.19507
2.28626
2.30894
2.38126
2.35102
2.34599
2.71545
2.50996
2.48708
2.49648
2.49816
2.48694
2.47721
2.48857
2.55422
2.61403
0.287378
-0.0618133
-0.397761
-0.641346
-0.745829
-0.640415
-0.277406
2.81925
2.76015
2.67547
2.62089
2.58001
2.53411
2.4826
2.43
2.37747
2.32406
2.269
2.21213
2.15334
2.09213
2.0278
1.95933
1.88502
1.80358
1.71165
1.64025
1.56801
1.48256
1.38235
1.26474
1.11653
0.924449
0.619135
0.249932
-0.0509928
-0.134948
-0.245978
-0.371667
-0.507943
-0.649626
-0.779702
-0.885747
-0.965428
-1.01823
-1.04937
-1.066
-1.07464
-1.08076
-1.09221
-1.12184
-1.17554
-1.23624
-1.28944
-1.33573
-1.37777
-1.41585
-1.44883
-1.47578
-1.49668
-1.51215
-1.5245
-1.53882
-1.56871
-1.63555
-1.77728
-1.83937
-1.78911
-1.72867
-1.68964
-1.65793
-1.62198
-1.58247
-1.54234
-1.50214
-1.46124
-1.41931
-1.37621
-1.3318
-1.28567
-1.23706
-1.18486
-1.12685
-1.06101
-0.97915
-0.939211
-0.906671
-0.86421
-0.814333
-0.758684
-0.689513
-0.598685
-0.432361
-0.206937
)
;
    }
    outlet
    {
        type            freestreamPressure;
        freestreamValue uniform 0;
        value           nonuniform List<scalar> 
160
(
0.000193238
0.000193572
0.000192871
0.000193899
0.000192483
0.000194262
0.000192066
0.000194649
0.000191617
0.000195057
0.00019114
0.000195487
0.000190632
0.000195939
0.000190092
0.000196422
0.000189513
0.000196939
0.000188894
0.00019749
0.000188237
0.000198079
0.00018754
0.000198712
0.000186801
0.000199398
0.000186015
0.000200141
0.000185182
0.000200949
0.000184301
0.000201831
0.000183371
0.000202802
0.000182392
0.000203881
0.000181358
0.000205083
0.000180275
0.00020642
0.000179141
0.000207864
0.000177954
0.000209327
0.000176721
0.000210764
0.000175437
0.000212393
0.000174107
0.000215008
0.000172737
0.000220038
0.000171325
0.000228862
0.000169879
0.000241186
0.000168409
0.000253424
0.000166914
0.000258744
0.000165402
0.000249417
0.000163888
0.000220312
0.000162375
0.000171799
0.000160873
0.000110971
0.0001594
5.01404e-05
0.000157958
2.2996e-06
0.000156563
-2.46351e-05
0.000155227
-3.12706e-05
0.000153955
-2.51479e-05
0.000152761
-1.51672e-05
0.000151666
-6.74748e-06
0.00015067
-1.07087e-06
0.000149768
2.79721e-06
0.000148982
5.80833e-06
0.00014832
8.24497e-06
0.000147768
1.00049e-05
0.00014733
1.0973e-05
0.000147011
1.11418e-05
0.000146788
1.05625e-05
0.000146659
9.2943e-06
0.000146612
7.39266e-06
0.000146636
4.91454e-06
0.000146717
1.92254e-06
0.000146844
-1.51671e-06
0.000146992
-5.33637e-06
0.000147155
-9.47024e-06
0.000147316
-1.38519e-05
0.000147444
-1.84244e-05
0.00014752
-2.31242e-05
0.000147512
-2.79017e-05
0.000147399
-3.26908e-05
0.000147162
-3.74722e-05
0.00014681
-4.21399e-05
0.000146329
-4.6786e-05
0.000145711
-5.11117e-05
0.000144973
-5.56161e-05
0.000144297
-5.92704e-05
0.000144143
-6.33654e-05
0.000143379
-6.46518e-05
0.00014231
-6.91576e-05
0.000141022
-6.681e-05
0.000139623
-7.7326e-05
0.000137863
-6.26502e-05
0.000137463
-9.47402e-05
0.000130685
-3.96092e-05
0.00015166
-0.000141259
9.20998e-05
3.80164e-05
0.000279228
-0.000262771
-0.000126299
0.000274618
0.00068922
-0.000546277
)
;
    }
    walls
    {
        type            zeroGradient;
    }
    frontAndBack
    {
        type            empty;
    }
}


// ************************************************************************* //
