# Force and moment coefficients
# dragDir     : (1.000000e+00 0.000000e+00 0.000000e+00)
# sideDir     : (0.000000e+00 0.000000e+00 -1.000000e+00)
# liftDir     : (0.000000e+00 1.000000e+00 0.000000e+00)
# rollAxis    : (1.000000e+00 0.000000e+00 0.000000e+00)
# pitchAxis   : (0.000000e+00 0.000000e+00 -1.000000e+00)
# yawAxis     : (0.000000e+00 1.000000e+00 0.000000e+00)
# magUInf     : 2.650000e+01
# lRef        : 1.000000e+00
# Aref        : 1.000000e+00
# CofR        : (0.000000e+00 0.000000e+00 0.000000e+00)
#
# Time        	Cd            	Cd(f)         	Cd(r)         	Cl            	Cl(f)         	Cl(r)         	CmPitch       	CmRoll        	CmYaw         	Cs            	Cs(f)         	Cs(r)         
10            	-9.552149e-02	-4.416989e-02	-5.135160e-02	-1.436342e-01	-8.238426e-01	6.802084e-01	-7.520255e-01	3.590855e-03	-2.388037e-03	3.040613e-17	-2.388037e-03	2.388037e-03
20            	3.472533e-02	3.520120e-02	-4.758689e-04	-7.135414e-01	-7.618086e-01	4.826719e-02	-4.050379e-01	1.783854e-02	8.681333e-04	-3.293415e-18	8.681333e-04	-8.681333e-04
30            	1.761637e-02	7.856158e-03	9.760213e-03	3.808110e-02	-6.492200e+00	6.530282e+00	-6.511241e+00	-9.520275e-04	4.404093e-04	8.455927e-18	4.404093e-04	-4.404093e-04
40            	-1.399233e-02	1.055428e-03	-1.504776e-02	-3.220638e-01	-4.701577e+00	4.379513e+00	-4.540545e+00	8.051594e-03	-3.498083e-04	4.664652e-17	-3.498083e-04	3.498083e-04
50            	-1.183341e-02	5.705053e-03	-1.753847e-02	-4.648704e-01	-5.073260e+00	4.608389e+00	-4.840825e+00	1.162176e-02	-2.958354e-04	4.385459e-17	-2.958354e-04	2.958354e-04
60            	-1.647597e-02	4.687129e-03	-2.116310e-02	-5.170045e-01	-5.336800e+00	4.819795e+00	-5.078298e+00	1.292511e-02	-4.118992e-04	4.629636e-17	-4.118992e-04	4.118992e-04
70            	-1.993767e-02	4.086642e-03	-2.402431e-02	-5.622190e-01	-5.633385e+00	5.071166e+00	-5.352275e+00	1.405548e-02	-4.984417e-04	4.611014e-17	-4.984417e-04	4.984417e-04
80            	-2.376633e-02	2.991615e-03	-2.675794e-02	-5.949911e-01	-5.908936e+00	5.313945e+00	-5.611440e+00	1.487478e-02	-5.941581e-04	4.595442e-17	-5.941581e-04	5.941581e-04
90            	-2.723198e-02	1.941910e-03	-2.917389e-02	-6.223161e-01	-6.158549e+00	5.536233e+00	-5.847391e+00	1.555790e-02	-6.807996e-04	4.587700e-17	-6.807996e-04	6.807996e-04
100           	-2.989534e-02	1.083509e-03	-3.097885e-02	-6.412471e-01	-6.327449e+00	5.686202e+00	-6.006826e+00	1.603118e-02	-7.473834e-04	4.584720e-17	-7.473834e-04	7.473834e-04
110           	-3.163246e-02	5.463103e-04	-3.217877e-02	-6.545016e-01	-6.430706e+00	5.776204e+00	-6.103455e+00	1.636254e-02	-7.908115e-04	4.587779e-17	-7.908115e-04	7.908115e-04
120           	-3.278826e-02	2.064726e-04	-3.299473e-02	-6.640241e-01	-6.494640e+00	5.830616e+00	-6.162628e+00	1.660060e-02	-8.197065e-04	4.590555e-17	-8.197065e-04	8.197065e-04
130           	-3.356648e-02	-1.816868e-05	-3.354832e-02	-6.706029e-01	-6.538893e+00	5.868290e+00	-6.203591e+00	1.676507e-02	-8.391621e-04	4.591899e-17	-8.391621e-04	8.391621e-04
140           	-3.413288e-02	-1.860153e-04	-3.394686e-02	-6.752170e-01	-6.572090e+00	5.896873e+00	-6.234482e+00	1.688042e-02	-8.533220e-04	4.591995e-17	-8.533220e-04	8.533220e-04
150           	-3.454857e-02	-3.132823e-04	-3.423529e-02	-6.784401e-01	-6.596975e+00	5.918534e+00	-6.257754e+00	1.696100e-02	-8.637143e-04	4.591562e-17	-8.637143e-04	8.637143e-04
160           	-3.484918e-02	-4.068090e-04	-3.444238e-02	-6.807113e-01	-6.614988e+00	5.934277e+00	-6.274633e+00	1.701778e-02	-8.712296e-04	4.591133e-17	-8.712296e-04	8.712296e-04
170           	-3.506229e-02	-4.733578e-04	-3.458893e-02	-6.823114e-01	-6.627592e+00	5.945281e+00	-6.286437e+00	1.705779e-02	-8.765572e-04	4.590831e-17	-8.765572e-04	8.765572e-04
180           	-3.521029e-02	-5.193494e-04	-3.469094e-02	-6.834319e-01	-6.636260e+00	5.952828e+00	-6.294544e+00	1.708580e-02	-8.802573e-04	4.590619e-17	-8.802573e-04	8.802573e-04
190           	-3.531251e-02	-5.508725e-04	-3.476164e-02	-6.842153e-01	-6.642217e+00	5.958001e+00	-6.300109e+00	1.710538e-02	-8.828128e-04	4.590468e-17	-8.828128e-04	8.828128e-04
200           	-3.538335e-02	-5.727268e-04	-3.481063e-02	-6.847580e-01	-6.646358e+00	5.961600e+00	-6.303979e+00	1.711895e-02	-8.845838e-04	4.590311e-17	-8.845838e-04	8.845838e-04
210           	-3.543339e-02	-5.881097e-04	-3.484528e-02	-6.851434e-01	-6.649292e+00	5.964149e+00	-6.306721e+00	1.712859e-02	-8.858348e-04	4.590220e-17	-8.858348e-04	8.858348e-04
220           	-3.546801e-02	-5.988593e-04	-3.486915e-02	-6.854057e-01	-6.651332e+00	5.965927e+00	-6.308630e+00	1.713514e-02	-8.867001e-04	4.590161e-17	-8.867001e-04	8.867001e-04
230           	-3.549236e-02	-6.065653e-04	-3.488580e-02	-6.855846e-01	-6.652742e+00	5.967157e+00	-6.309950e+00	1.713962e-02	-8.873090e-04	4.590124e-17	-8.873090e-04	8.873090e-04
240           	-3.550992e-02	-6.120543e-04	-3.489786e-02	-6.857161e-01	-6.653761e+00	5.968045e+00	-6.310903e+00	1.714290e-02	-8.877479e-04	4.590088e-17	-8.877479e-04	8.877479e-04
250           	-3.552134e-02	-6.155785e-04	-3.490576e-02	-6.858037e-01	-6.654433e+00	5.968630e+00	-6.311532e+00	1.714509e-02	-8.880336e-04	4.590051e-17	-8.880336e-04	8.880336e-04
260           	-3.552940e-02	-6.180304e-04	-3.491137e-02	-6.858668e-01	-6.654911e+00	5.969044e+00	-6.311978e+00	1.714667e-02	-8.882350e-04	4.590031e-17	-8.882350e-04	8.882350e-04
270           	-3.553526e-02	-6.198521e-04	-3.491541e-02	-6.859111e-01	-6.655259e+00	5.969347e+00	-6.312303e+00	1.714778e-02	-8.883815e-04	4.590030e-17	-8.883815e-04	8.883815e-04
280           	-3.553928e-02	-6.211427e-04	-3.491814e-02	-6.859400e-01	-6.655484e+00	5.969544e+00	-6.312514e+00	1.714850e-02	-8.884821e-04	4.590026e-17	-8.884821e-04	8.884821e-04
290           	-3.554181e-02	-6.219066e-04	-3.491991e-02	-6.859600e-01	-6.655633e+00	5.969674e+00	-6.312654e+00	1.714900e-02	-8.885453e-04	4.590013e-17	-8.885453e-04	8.885453e-04
300           	-3.554368e-02	-6.224644e-04	-3.492121e-02	-6.859750e-01	-6.655744e+00	5.969769e+00	-6.312757e+00	1.714937e-02	-8.885919e-04	4.589995e-17	-8.885919e-04	8.885919e-04
310           	-3.554521e-02	-6.229426e-04	-3.492226e-02	-6.859864e-01	-6.655836e+00	5.969849e+00	-6.312842e+00	1.714966e-02	-8.886301e-04	4.590013e-17	-8.886301e-04	8.886301e-04
320           	-3.554612e-02	-6.232118e-04	-3.492291e-02	-6.859940e-01	-6.655895e+00	5.969901e+00	-6.312898e+00	1.714985e-02	-8.886531e-04	4.590003e-17	-8.886531e-04	8.886531e-04
330           	-3.554683e-02	-6.234524e-04	-3.492337e-02	-6.859984e-01	-6.655931e+00	5.969933e+00	-6.312932e+00	1.714996e-02	-8.886706e-04	4.589995e-17	-8.886706e-04	8.886706e-04
340           	-3.554736e-02	-6.236172e-04	-3.492374e-02	-6.860024e-01	-6.655957e+00	5.969954e+00	-6.312955e+00	1.715006e-02	-8.886839e-04	4.589989e-17	-8.886839e-04	8.886839e-04
350           	-3.554764e-02	-6.236930e-04	-3.492395e-02	-6.860051e-01	-6.655983e+00	5.969978e+00	-6.312980e+00	1.715013e-02	-8.886911e-04	4.589992e-17	-8.886911e-04	8.886911e-04
360           	-3.554803e-02	-6.238289e-04	-3.492420e-02	-6.860074e-01	-6.656004e+00	5.969996e+00	-6.313000e+00	1.715018e-02	-8.887006e-04	4.590000e-17	-8.887006e-04	8.887006e-04
370           	-3.554810e-02	-6.238458e-04	-3.492425e-02	-6.860081e-01	-6.656006e+00	5.969997e+00	-6.313002e+00	1.715020e-02	-8.887024e-04	4.589991e-17	-8.887024e-04	8.887024e-04
380           	-3.554825e-02	-6.239012e-04	-3.492435e-02	-6.860090e-01	-6.656011e+00	5.970002e+00	-6.313007e+00	1.715023e-02	-8.887063e-04	4.589985e-17	-8.887063e-04	8.887063e-04
390           	-3.554837e-02	-6.239290e-04	-3.492444e-02	-6.860102e-01	-6.656022e+00	5.970012e+00	-6.313017e+00	1.715025e-02	-8.887092e-04	4.590000e-17	-8.887092e-04	8.887092e-04
400           	-3.554837e-02	-6.239175e-04	-3.492445e-02	-6.860107e-01	-6.656025e+00	5.970015e+00	-6.313020e+00	1.715027e-02	-8.887093e-04	4.589994e-17	-8.887093e-04	8.887093e-04
410           	-3.554857e-02	-6.240166e-04	-3.492455e-02	-6.860107e-01	-6.656029e+00	5.970018e+00	-6.313024e+00	1.715027e-02	-8.887142e-04	4.589997e-17	-8.887142e-04	8.887142e-04
420           	-3.554842e-02	-6.239316e-04	-3.492449e-02	-6.860111e-01	-6.656025e+00	5.970014e+00	-6.313019e+00	1.715028e-02	-8.887104e-04	4.589987e-17	-8.887104e-04	8.887104e-04
430           	-3.554847e-02	-6.239500e-04	-3.492452e-02	-6.860114e-01	-6.656030e+00	5.970018e+00	-6.313024e+00	1.715028e-02	-8.887117e-04	4.589997e-17	-8.887117e-04	8.887117e-04
440           	-3.554860e-02	-6.240139e-04	-3.492459e-02	-6.860115e-01	-6.656038e+00	5.970026e+00	-6.313032e+00	1.715029e-02	-8.887151e-04	4.589999e-17	-8.887151e-04	8.887151e-04
450           	-3.554848e-02	-6.239525e-04	-3.492453e-02	-6.860115e-01	-6.656028e+00	5.970017e+00	-6.313023e+00	1.715029e-02	-8.887120e-04	4.589988e-17	-8.887120e-04	8.887120e-04
460           	-3.554845e-02	-6.239450e-04	-3.492450e-02	-6.860111e-01	-6.656023e+00	5.970012e+00	-6.313018e+00	1.715028e-02	-8.887112e-04	4.589984e-17	-8.887112e-04	8.887112e-04
470           	-3.554857e-02	-6.239957e-04	-3.492458e-02	-6.860116e-01	-6.656035e+00	5.970023e+00	-6.313029e+00	1.715029e-02	-8.887143e-04	4.589992e-17	-8.887143e-04	8.887143e-04
480           	-3.554848e-02	-6.239449e-04	-3.492454e-02	-6.860119e-01	-6.656034e+00	5.970022e+00	-6.313028e+00	1.715030e-02	-8.887121e-04	4.590001e-17	-8.887121e-04	8.887121e-04
490           	-3.554861e-02	-6.240277e-04	-3.492458e-02	-6.860110e-01	-6.656030e+00	5.970019e+00	-6.313024e+00	1.715028e-02	-8.887152e-04	4.589985e-17	-8.887152e-04	8.887152e-04
500           	-3.554847e-02	-6.239411e-04	-3.492453e-02	-6.860117e-01	-6.656030e+00	5.970018e+00	-6.313024e+00	1.715029e-02	-8.887117e-04	4.589988e-17	-8.887117e-04	8.887117e-04
