/*--------------------------------*- C++ -*----------------------------------*\
| =========                 |                                                 |
| \\      /  F ield         | OpenFOAM: The Open Source CFD Toolbox           |
|  \\    /   O peration     | Version:  2412                                  |
|   \\  /    A nd           | Website:  www.openfoam.com                      |
|    \\/     M anipulation  |                                                 |
\*---------------------------------------------------------------------------*/
FoamFile
{
    version     2.0;
    format      ascii;
    arch        "LSB;label=32;scalar=64";
    class       volScalarField;
    location    "150";
    object      p;
}
// * * * * * * * * * * * * * * * * * * * * * * * * * * * * * * * * * * * * * //

dimensions      [0 2 -2 0 0 0 0];

internalField   nonuniform List<scalar> 
10720
(
184.198
232.827
278.162
314.396
338.354
348.436
348.916
339.955
319.16
290.422
256.555
218.911
178.935
138.105
97.706
58.8539
22.1344
-11.2588
-40.9721
-65.864
-85.6836
-99.4764
-107.872
-111.198
-111.373
-111.655
-111.945
-109.922
-105.371
-99.0322
-91.2516
-82.0916
-71.5468
-59.5738
-46.0878
-30.4927
-12.0338
13.8278
50.5939
128.462
67.8908
-8.78639
-95.1194
-185.658
-278.464
-365.483
-433.725
-474.891
-496.206
-500.778
-490.757
-472.891
-451.503
-428.765
-408.85
-392.344
-380.1
-371.812
-366.956
-363.583
-358.858
-347.289
-328.354
-308.666
-291.016
-274.291
-256.629
-237.606
-217.315
-195.857
-173.307
-149.769
-125.134
-99.189
-71.1229
-40.0001
-1.13335
45.697
214.397
249.365
281.343
308.221
327.324
337.407
338.673
330.701
313.712
289.792
260.605
227.285
191.077
153.307
115.198
77.8315
42.0306
8.8456
-21.0843
-46.7896
-67.7855
-83.3533
-93.7986
-99.4143
-101.743
-103.344
-104.326
-103.285
-100.074
-94.9763
-88.1404
-79.6721
-69.6494
-58.0777
-44.8959
-29.5282
-11.2452
14.5087
50.1574
176.151
131.853
78.5766
17.0693
-50.0949
-120.764
-190.109
-251.677
-301.899
-340.429
-365.577
-377.694
-381.582
-380.534
-376.32
-371.351
-366.461
-362.608
-360.039
-358.713
-357.184
-352.667
-341.12
-323.331
-304.795
-287.764
-271.362
-254.007
-235.314
-215.358
-194.212
-171.927
-148.596
-124.138
-98.3589
-70.4447
-39.4632
-0.661617
45.2783
211.348
242.49
270.822
294.415
311.223
320.858
323.025
317.166
303.498
283.1
257.136
226.703
192.982
157.2
120.56
84.1649
48.9797
15.9955
-13.9844
-40.0868
-61.7004
-78.2182
-89.6616
-96.3456
-99.5755
-101.494
-102.507
-101.54
-98.3434
-93.2051
-86.3807
-78.027
-68.2063
-56.8721
-43.9133
-28.7315
-10.5916
14.9645
49.5504
177.61
138.97
92.6856
38.032
-22.3449
-86.7669
-152.159
-213.792
-266.989
-308.236
-336.845
-354.184
-362.909
-365.367
-363.488
-359.351
-354.484
-350.065
-346.68
-344.331
-341.852
-337.158
-327.319
-312.493
-296.255
-280.674
-265.333
-248.977
-231.211
-212.075
-191.636
-169.946
-147.1
-123.028
-97.5299
-69.8121
-38.9761
-0.356791
44.8853
207.373
233.427
257.532
277.951
292.84
302.016
304.9
300.86
290.018
273.028
250.701
223.913
193.657
160.98
126.971
92.6909
59.1182
27.2194
-2.13241
-28.0878
-49.9604
-67.1658
-79.5945
-87.5375
-92.0722
-94.9471
-96.6931
-96.52
-94.1368
-89.7957
-83.7196
-76.0054
-66.6808
-55.7073
-42.9983
-27.9907
-9.98603
15.3171
48.8658
179.278
147.255
108.612
63.0241
12.5699
-41.9273
-98.054
-151.87
-199.881
-239.909
-271.229
-294.562
-310.729
-320.939
-326.481
-328.816
-329.302
-329.007
-328.578
-328.136
-326.987
-323.657
-316.038
-303.701
-289.19
-274.637
-260.008
-244.318
-227.182
-208.65
-188.792
-167.647
-145.284
-121.62
-96.4575
-69.0215
-38.4361
-0.15715
44.3149
198.311
221.174
242.495
260.622
274.02
282.733
286.106
283.528
275.031
260.971
241.864
218.35
191.25
161.446
129.907
97.6293
65.5861
34.7348
5.98596
-19.8167
-41.9287
-59.772
-73.137
-82.2391
-87.9134
-91.542
-93.7446
-93.9876
-91.9879
-87.958
-82.1171
-74.5782
-65.3979
-54.563
-41.9944
-27.1327
-9.2916
15.6845
48.1105
173.646
145.731
111.991
71.9805
27.6515
-20.6802
-71.226
-120.756
-166.492
-206.629
-240.096
-266.43
-285.811
-299.188
-307.724
-312.698
-315.336
-316.627
-317.219
-317.308
-316.443
-313.482
-306.767
-295.804
-282.539
-268.887
-254.95
-239.908
-223.377
-205.396
-186.042
-165.354
-143.398
-120.1
-95.2631
-68.125
-37.843
-0.0211137
43.4703
188.172
208.304
227.253
243.457
255.619
263.861
267.503
266.037
259.403
247.795
231.537
211.073
187.054
160.202
131.343
101.379
71.2367
41.8364
14.0875
-11.1616
-33.1478
-51.2765
-65.2572
-75.2114
-81.786
-86.1022
-88.8117
-89.5783
-88.1281
-84.6252
-79.28
-72.2031
-63.4479
-52.9928
-40.7463
-26.1543
-8.558
16.0168
47.2682
166.496
142.105
112.544
77.4122
38.5283
-4.11028
-49.0823
-93.5767
-135.29
-172.808
-205.048
-231.483
-252.434
-268.488
-280.32
-288.702
-294.477
-298.407
-301.052
-302.632
-302.863
-300.898
-295.53
-286.35
-274.729
-262.286
-249.258
-235.021
-219.226
-201.908
-183.146
-162.982
-141.473
-118.56
-94.0564
-67.2256
-37.2817
-0.000243345
42.3356
177.319
195.292
212.327
226.942
238.053
245.819
249.58
248.936
243.774
234.186
220.368
202.61
181.407
157.332
131.07
103.419
75.2268
47.3668
20.7276
-3.85149
-25.5993
-43.9036
-58.4093
-69.1458
-76.597
-81.6476
-84.8973
-86.1666
-85.2072
-82.1475
-77.1926
-70.4574
-61.9965
-51.7908
-39.7513
-25.3397
-7.93245
16.2406
46.329
157.977
136.316
110.023
78.6917
44.0503
5.89862
-34.6413
-75.0936
-113.518
-148.835
-180.109
-206.771
-228.865
-246.579
-260.319
-270.638
-278.24
-283.749
-287.661
-290.195
-291.181
-289.999
-285.756
-278.048
-267.798
-256.344
-244.044
-230.462
-215.29
-198.551
-180.324
-160.648
-139.57
-117.033
-92.8548
-66.3268
-36.7379
-0.0708801
40.9573
166.47
182.632
198.044
211.306
221.499
228.793
232.569
232.517
228.503
220.565
208.81
193.422
174.767
153.284
129.534
104.197
78.0337
51.854
26.5039
2.79748
-18.4952
-36.7479
-51.5559
-62.8601
-71.0012
-76.6639
-80.388
-82.1146
-81.6385
-79.0493
-74.5355
-68.2079
-60.1167
-50.2407
-38.4903
-24.3413
-7.2042
16.466
45.3472
149.087
129.703
106.14
78.0065
46.9374
12.6181
-24.0355
-60.7985
-95.9975
-128.788
-158.348
-184.106
-206.038
-224.302
-239.175
-251.017
-260.276
-267.38
-272.684
-276.358
-278.292
-278.033
-274.916
-268.599
-259.722
-249.377
-237.968
-225.196
-210.787
-194.746
-177.151
-158.044
-137.465
-115.362
-91.5623
-65.3842
-36.1838
-0.194133
39.4361
155.865
170.505
184.531
196.632
206.01
212.841
216.563
216.931
213.814
207.216
197.194
183.854
167.461
148.347
126.953
103.852
79.7084
55.2559
31.2818
8.56479
-12.1382
-30.1949
-45.1635
-56.9066
-65.6407
-71.8817
-76.0907
-78.2813
-78.2838
-76.1531
-72.06
-66.1143
-58.3661
-48.7952
-37.3126
-23.4123
-6.54367
16.5993
44.288
140.125
122.636
101.349
75.886
47.8042
16.7059
-16.6421
-50.2289
-82.5689
-113.007
-140.84
-165.537
-187.084
-205.564
-221.104
-233.915
-244.284
-252.507
-258.849
-263.433
-266.183
-266.764
-264.679
-259.631
-252.037
-242.751
-232.18
-220.147
-206.428
-191.025
-174.015
-155.442
-135.343
-113.666
-90.248
-64.4374
-35.6471
-0.386036
37.8312
145.678
159.012
171.833
182.922
191.573
197.961
201.582
202.243
199.825
194.314
185.742
174.16
159.76
142.782
123.57
102.598
80.43
57.7198
35.1875
13.5686
-6.40963
-24.1173
-39.0839
-51.1061
-60.2947
-67.023
-71.666
-74.2801
-74.7342
-73.0537
-69.3882
-63.8427
-56.463
-47.2266
-36.044
-22.429
-5.8722
16.6787
43.1617
131.342
115.467
96.1221
72.941
47.409
19.0821
-11.3963
-42.1744
-71.922
-100.121
-126.163
-149.559
-170.314
-188.485
-204.142
-217.433
-228.529
-237.604
-244.819
-250.238
-253.787
-255.201
-254.098
-250.224
-243.847
-235.621
-225.931
-214.692
-201.723
-187.019
-170.651
-152.663
-133.087
-111.874
-88.8727
-63.4667
-35.1279
-0.657966
36.1447
135.98
148.183
159.952
170.152
178.144
184.11
187.605
188.467
186.592
181.966
174.606
164.528
151.868
136.799
119.583
100.601
80.3294
59.3378
38.2759
17.8235
-1.33045
-18.5665
-33.3976
-45.5657
-55.0932
-62.235
-67.28
-70.2975
-71.187
-69.9464
-66.7019
-61.5515
-54.5377
-45.636
-34.7581
-21.4404
-5.21825
16.6978
41.9751
122.86
108.37
90.6977
69.4835
46.1462
20.2141
-7.76118
-36.069
-63.5008
-89.6405
-113.956
-136.004
-155.82
-173.459
-188.96
-202.419
-213.933
-223.579
-231.443
-237.538
-241.781
-243.954
-243.751
-240.949
-235.7
-228.491
-219.664
-209.199
-196.963
-182.945
-167.21
-149.805
-130.759
-110.023
-87.4573
-62.4829
-34.6356
-1.01482
34.3739
126.808
138.019
148.861
158.272
165.67
171.239
174.589
175.581
174.132
170.229
163.881
155.088
143.943
130.569
115.16
98.0219
79.5461
60.2233
40.6295
21.385
3.13493
-13.5222
-28.0929
-40.2779
-50.0266
-57.4956
-62.8916
-66.2766
-67.5733
-66.7571
-63.9288
-59.1764
-52.5373
-43.9844
-33.4294
-20.4339
-4.57904
16.6553
40.7314
114.749
101.466
85.2469
65.7494
44.3215
20.4824
-5.28939
-31.4083
-56.7592
-81.0047
-103.676
-124.369
-143.142
-160.059
-175.152
-188.49
-200.134
-210.103
-218.416
-225.044
-229.886
-232.745
-233.366
-231.543
-227.345
-221.124
-213.165
-203.491
-192.006
-178.697
-163.621
-146.823
-128.331
-108.099
-85.9959
-61.4866
-34.1715
-1.45666
32.5222
118.166
128.504
138.522
147.227
154.087
159.286
162.479
163.551
162.437
159.126
153.628
145.932
136.103
124.226
110.443
94.9952
78.2003
60.475
42.3233
24.3034
7.011
-8.98246
-23.1873
-35.2743
-45.1351
-52.8472
-58.5422
-62.26
-63.9365
-63.5272
-61.1059
-56.7483
-50.4862
-42.2889
-32.0693
-19.416
-3.95715
16.5543
39.4356
107.046
94.8179
79.8769
61.8877
42.1379
20.1389
-3.68415
-27.8509
-51.3326
-73.8477
-94.9788
-114.355
-132.054
-148.156
-162.691
-175.726
-187.297
-197.385
-205.97
-212.987
-218.319
-221.777
-223.136
-222.196
-218.965
-213.678
-206.565
-197.67
-186.928
-174.327
-159.915
-143.736
-125.813
-106.104
-84.4906
-60.4787
-33.7353
-1.98048
30.5959
110.048
119.61
128.89
136.96
143.329
148.186
151.22
152.334
151.484
148.662
143.879
137.119
128.433
117.875
105.547
91.6367
76.401
60.1883
43.4346
26.6363
10.336
-4.92818
-18.6775
-30.564
-40.4351
-48.3064
-54.2428
-58.2531
-60.2768
-60.2534
-58.2279
-54.2617
-48.3795
-40.5466
-30.6769
-18.3875
-3.35479
16.3975
38.0941
99.759
88.4669
74.6545
58.0041
39.7379
19.3723
-2.71295
-25.1347
-46.931
-67.8686
-87.5654
-105.682
-122.309
-137.543
-151.419
-164.006
-175.336
-185.37
-194.066
-201.333
-207.041
-211.005
-213.011
-212.863
-210.514
-206.111
-199.823
-191.702
-181.706
-169.819
-156.083
-140.537
-123.203
-104.04
-82.9421
-59.4612
-33.3284
-2.57969
28.6039
102.435
111.303
119.919
127.415
133.34
137.879
140.753
141.885
141.242
138.823
134.644
128.689
120.994
111.596
100.565
88.0475
74.2477
59.4541
44.039
28.4391
13.1456
-1.34132
-14.5621
-26.159
-35.9481
-43.8974
-50.0152
-54.2755
-56.6116
-56.9504
-55.3065
-51.7256
-46.2237
-38.7621
-29.2555
-17.3511
-2.77337
16.1871
36.7136
92.8892
82.4293
69.6245
54.1682
37.225
18.3178
-2.21105
-23.0618
-43.3362
-62.8313
-81.1999
-98.125
-113.711
-128.062
-141.222
-153.271
-164.238
-174.086
-182.76
-190.155
-196.13
-200.502
-203.063
-203.614
-202.064
-198.484
-192.989
-185.624
-176.363
-165.189
-152.134
-137.232
-120.502
-101.908
-81.3517
-58.4354
-32.9522
-3.2495
26.5578
95.3044
103.546
111.565
118.541
124.06
128.303
131.021
132.153
131.674
129.591
125.926
120.662
113.829
105.45
95.5743
84.3121
71.8261
58.353
44.2077
29.771
15.4823
1.80199
-10.8332
-22.0653
-31.6901
-39.6407
-45.8787
-50.3432
-52.9543
-53.6282
-52.3491
-49.1451
-44.0229
-36.9385
-27.8078
-16.3093
-2.2147
15.927
35.301
86.4277
76.7131
64.8106
50.4274
34.6706
17.0737
-2.05322
-21.4842
-40.377
-58.5538
-75.6947
-91.5015
-106.087
-119.562
-131.981
-143.432
-153.953
-163.511
-172.05
-179.461
-185.6
-190.283
-193.308
-194.465
-193.629
-190.81
-186.07
-179.442
-170.905
-160.441
-148.071
-133.824
-117.714
-99.7078
-79.7208
-57.4024
-32.6073
-3.98294
24.466
88.6321
96.3086
103.786
110.289
115.435
119.406
121.974
123.091
122.743
120.942
117.715
113.046
106.964
99.4819
90.6318
80.4982
69.2087
56.9563
44.0062
30.6869
17.388
4.52946
-7.47822
-18.2836
-27.6717
-35.5522
-41.8503
-46.4718
-49.3191
-50.2989
-49.3653
-46.5277
-41.7823
-35.0799
-26.3372
-15.2644
-1.67942
15.6214
33.8629
80.3601
71.3167
60.2279
46.814
32.1258
15.7135
-2.14331
-20.287
-37.9211
-54.8914
-70.8973
-85.6585
-99.2923
-111.917
-123.59
-134.413
-144.433
-153.624
-161.939
-169.272
-175.481
-180.383
-183.78
-185.456
-185.251
-183.125
-179.096
-173.177
-165.348
-155.587
-143.903
-130.317
-114.841
-97.443
-78.0512
-56.3635
-32.293
-4.77349
22.3373
82.3927
89.5559
96.5398
102.611
107.416
111.137
113.561
114.653
114.41
112.848
109.995
105.844
100.416
93.7227
85.7832
76.6622
66.4586
55.3294
43.4961
31.2409
18.9057
6.87114
-4.48064
-14.8111
-23.9015
-31.6477
-37.9477
-42.6779
-45.7215
-46.9752
-46.3652
-43.8815
-39.5084
-33.191
-24.8474
-14.2189
-1.16848
15.275
32.4078
74.6695
66.2337
55.8822
43.3481
29.6289
14.2907
-2.40959
-19.3785
-35.8642
-51.7262
-66.6834
-80.4702
-93.2069
-105.013
-115.953
-126.137
-135.622
-144.395
-152.416
-159.592
-165.786
-170.821
-174.503
-176.611
-176.955
-175.454
-172.088
-166.848
-159.706
-150.636
-139.635
-126.716
-111.886
-95.1158
-76.3448
-55.3193
-32.0087
-5.61318
20.183
76.5606
83.2561
89.7903
95.4666
99.9589
103.448
105.736
106.798
106.64
105.279
102.75
99.0468
94.1928
88.1944
81.064
72.8502
63.6296
53.5294
42.7335
31.483
20.077
8.85788
-1.82282
-11.6421
-20.3841
-27.9389
-34.1857
-38.9769
-42.176
-43.6702
-43.3598
-41.2151
-37.2078
-31.2772
-23.3422
-13.1755
-0.682085
14.893
30.9432
69.3375
61.4542
51.7744
40.0417
27.2059
12.8472
-2.79621
-18.6901
-34.1219
-48.964
-62.9512
-75.8318
-87.7258
-98.7534
-108.983
-118.531
-127.466
-135.787
-143.465
-150.42
-156.527
-161.618
-165.503
-167.959
-168.773
-167.829
-165.073
-160.474
-153.995
-145.601
-135.278
-123.028
-108.855
-92.7293
-74.6033
-54.2707
-31.7522
-6.49425
18.0135
71.1116
77.3802
83.5022
88.8162
93.0214
96.2958
98.4546
99.4837
99.3939
98.2056
95.9564
92.6457
88.2955
82.9113
76.4997
69.0983
60.7657
51.6046
41.7678
31.4606
20.9427
10.5206
0.515608
-8.76758
-17.1207
-24.4346
-30.5777
-35.3834
-38.6974
-40.3972
-40.3608
-38.5382
-34.8882
-29.3442
-21.8261
-12.1367
-0.220205
14.4808
29.4772
64.3462
56.9674
47.9012
36.9019
24.8736
11.4127
-3.26093
-18.1667
-32.6289
-46.5302
-59.6203
-71.6576
-82.7606
-93.0515
-102.6
-111.528
-119.911
-127.76
-135.06
-141.747
-147.707
-152.784
-156.797
-159.524
-160.732
-160.276
-158.076
-154.078
-148.233
-140.496
-130.841
-119.261
-105.752
-90.2874
-72.8295
-53.2178
-31.5212
-7.40786
15.8393
66.0231
71.8996
77.6427
82.6241
86.5654
89.6412
91.6796
92.6737
92.6393
91.5994
89.5946
86.6277
82.7211
77.88
72.1079
65.4337
57.9024
49.597
40.644
31.2174
21.5423
11.8917
2.55805
-6.17465
-14.1093
-21.141
-27.1347
-31.911
-35.2999
-37.1696
-37.3801
-35.8609
-32.5578
-27.3985
-20.3036
-11.1047
0.217898
14.0446
28.0182
59.6771
52.7606
44.2572
33.9317
22.6448
10.0086
-3.77161
-17.767
-31.3347
-44.3654
-56.6229
-67.8767
-78.2413
-87.838
-96.7382
-105.066
-112.905
-120.276
-127.177
-133.56
-139.325
-144.33
-148.402
-151.327
-152.857
-152.822
-151.122
-147.682
-142.439
-135.336
-126.338
-115.424
-102.584
-87.7941
-71.0254
-52.161
-31.3126
-8.34466
13.6716
61.2723
66.7881
72.1823
76.8573
80.5557
83.448
85.3739
86.3322
86.3428
85.4318
83.6411
80.9771
77.4626
73.1032
67.9009
61.878
55.0694
47.542
39.4003
30.7918
21.9117
13.0019
4.3272
-3.84933
-11.3444
-18.0613
-23.8657
-28.5714
-31.9969
-34.0009
-34.4303
-33.194
-30.2255
-25.447
-18.7798
-10.0823
0.63289
13.5905
26.5747
55.3123
48.8207
40.8352
31.1308
20.5272
8.65153
-4.3035
-17.4561
-30.1957
-42.4197
-53.9044
-64.4286
-74.1035
-83.0478
-91.334
-99.0883
-106.398
-113.293
-119.786
-125.84
-131.372
-136.255
-140.33
-143.385
-145.17
-145.493
-144.235
-141.307
-136.631
-130.138
-121.78
-111.526
-99.359
-85.2546
-69.1939
-51.0997
-31.1225
-9.29562
11.5224
56.8378
62.0216
67.0933
71.4861
74.9608
77.6828
79.5041
80.4267
80.4748
79.6758
78.0739
75.6779
72.5112
68.5805
63.8864
58.4474
52.2902
45.4686
38.07
30.2189
22.0847
13.8812
5.84689
-1.7762
-8.81926
-15.1957
-20.7771
-25.375
-28.801
-30.9043
-31.5236
-30.5485
-27.9006
-23.4969
-17.2598
-9.0717
1.02604
13.1243
25.1545
51.2346
45.1345
37.6267
28.4969
18.5246
7.35265
-4.83715
-17.208
-29.178
-40.653
-51.4183
-61.2628
-70.2945
-78.6287
-86.3362
-93.5444
-100.344
-106.774
-112.857
-118.568
-123.839
-128.561
-132.586
-135.714
-137.691
-138.311
-137.44
-134.978
-130.83
-124.918
-117.181
-107.579
-96.0842
-82.674
-67.3376
-50.0338
-30.9462
-10.2509
9.40262
52.7001
57.5772
62.3506
66.4826
69.7506
72.3155
74.0391
74.9269
75.0064
74.3063
72.8713
70.7133
67.856
64.3075
60.0681
55.1529
49.5828
43.4017
36.6824
29.5308
22.0927
14.5583
7.1406
0.0617119
-6.52402
-12.5424
-17.8735
-22.331
-25.7236
-27.8927
-28.6725
-27.9357
-25.593
-21.5564
-15.749
-8.07543
1.39892
12.6524
23.7657
47.427
41.6892
34.6235
26.0261
16.6388
6.12029
-5.35824
-17.0011
-28.2562
-39.0334
-49.1284
-58.3392
-66.7702
-74.5329
-81.6973
-88.3898
-94.7029
-100.682
-106.358
-111.719
-116.711
-121.24
-125.176
-128.323
-130.436
-131.295
-130.758
-128.714
-125.057
-119.695
-112.558
-103.594
-92.7688
-80.0583
-65.4594
-48.9624
-30.7786
-11.2009
7.324
48.8409
53.4334
57.9309
61.821
64.898
67.3178
68.9502
69.8046
69.9109
69.2981
68.012
66.0662
63.4855
60.2788
56.4466
52.0021
46.9614
41.3613
35.262
28.754
21.9637
15.0587
8.23108
1.68251
-4.44724
-10.0965
-15.1561
-19.4454
-22.7738
-24.9774
-25.8889
-25.3671
-23.3126
-19.6331
-14.2528
-7.09545
1.75315
12.1809
22.4158
43.874
38.4716
31.8162
23.7141
14.8703
4.9601
-5.85589
-16.8207
-27.4084
-37.5341
-47.0033
-55.6231
-63.4933
-70.7212
-77.376
-83.5832
-89.435
-94.9816
-100.261
-105.272
-109.974
-114.288
-118.098
-121.221
-123.419
-124.466
-124.212
-122.538
-119.33
-114.487
-107.925
-99.5837
-89.4226
-77.4144
-63.562
-47.8847
-30.6144
-12.1357
5.29793
45.2426
49.5709
53.8123
57.4785
60.3785
62.6638
64.2115
65.0342
65.1634
64.6284
63.4755
61.7198
59.3868
56.4865
53.0201
48.999
44.4365
39.3628
33.8291
27.9122
21.7222
15.4074
9.13996
3.10333
-2.57763
-7.85287
-12.6258
-16.7235
-19.9602
-22.1694
-23.1848
-22.854
-21.0693
-17.7354
-12.7767
-6.13443
2.09089
11.7156
21.1118
40.5603
35.4695
29.1955
21.5548
13.2175
3.87453
-6.32201
-16.653
-26.617
-36.1336
-45.0176
-53.0851
-60.4319
-67.1609
-73.3393
-79.09
-84.5062
-89.6403
-94.5361
-99.2017
-103.61
-107.692
-111.35
-114.413
-116.651
-117.837
-117.818
-116.47
-113.671
-109.31
-103.298
-95.5621
-86.0551
-74.7486
-61.6493
-46.7994
-30.4478
-13.0456
3.33539
41.8888
45.9718
49.9744
53.433
56.169
58.3295
59.7989
60.5916
60.7405
60.2752
59.242
57.6575
55.5473
52.9227
49.7852
46.1456
42.0149
37.419
32.4004
27.0255
21.3905
15.6269
9.88852
4.34181
-0.901437
-5.80372
-10.28
-14.1685
-17.2897
-19.4783
-20.5706
-20.4073
-18.8734
-15.8713
-11.3268
-5.19427
2.41386
11.2612
19.86
37.4713
32.6706
26.7525
19.5422
11.6781
2.86523
-6.75156
-16.4885
-25.8684
-34.8146
-43.1506
-50.7013
-57.5585
-63.8211
-69.555
-74.8785
-79.8844
-84.6279
-89.1563
-93.4862
-97.599
-101.441
-104.927
-107.9
-110.14
-111.422
-111.594
-110.528
-108.098
-104.186
-98.694
-91.5428
-82.6777
-72.0679
-59.7241
-45.7055
-30.2726
-13.9222
1.44631
38.7642
42.6183
46.3988
49.6642
52.2482
54.2929
55.6898
56.4546
56.6207
56.2184
55.2933
53.8633
51.9541
49.5778
46.7372
43.4418
39.7018
35.5389
30.9898
26.1115
20.9882
15.737
10.4956
5.41519
0.594274
-3.93997
-8.11513
-11.7812
-14.7676
-16.9123
-18.0566
-18.0372
-16.7346
-14.0491
-9.90807
-4.27734
2.72364
10.8233
18.6659
34.5939
30.0637
24.4777
17.6702
10.2487
1.93226
-7.1405
-16.3201
-25.1515
-33.5626
-41.3851
-48.452
-54.8516
-60.6782
-65.9964
-70.9209
-75.5426
-79.9179
-84.0972
-88.1026
-91.9247
-95.522
-98.822
-101.681
-103.89
-105.233
-105.555
-104.729
-102.628
-99.1303
-94.1295
-87.5399
-79.3011
-69.3805
-57.7894
-44.6021
-30.0834
-14.7555
-0.359807
35.8543
39.495
43.0682
46.1537
48.5968
50.5341
51.8635
52.6021
52.7838
52.4385
51.6112
50.3213
48.594
46.4424
43.8698
40.886
37.4997
33.7297
29.6079
25.1841
20.532
15.7557
10.9793
6.33909
1.92252
-2.25276
-6.12665
-9.56154
-12.3976
-14.4786
-15.6519
-15.7538
-14.6622
-12.2769
-8.52635
-3.38559
3.02289
10.4057
17.5342
31.9149
27.6375
22.3623
15.9324
8.92578
1.07533
-7.48662
-16.1418
-24.458
-32.3662
-39.7065
-46.3202
-52.2919
-57.7118
-62.6416
-67.1934
-71.4554
-75.485
-79.3338
-83.0289
-86.5684
-89.9206
-93.025
-95.7524
-97.9051
-99.275
-99.7112
-99.0891
-97.2803
-94.1607
-89.6199
-83.5676
-75.9372
-66.6935
-55.8496
-43.4877
-29.873
-15.538
-2.07442
33.1458
36.5869
39.9663
42.8845
45.1962
47.0337
48.3008
49.0147
49.2106
48.9174
48.1792
47.0165
45.4544
43.5062
41.1766
38.4748
35.4091
31.9961
28.2634
24.2548
20.0356
15.6988
11.3554
7.12926
3.09722
-0.731598
-4.30789
-7.5073
-10.1816
-12.182
-13.3637
-13.5656
-12.6651
-10.562
-7.18689
-2.52111
3.31246
10.0124
16.4689
29.4223
25.3817
20.3975
14.3221
7.70484
0.292575
-7.78871
-15.9501
-23.7812
-31.2162
-38.1034
-44.292
-49.8625
-54.9026
-59.4708
-63.6751
-67.6016
-71.3068
-74.8444
-78.2447
-81.5115
-84.6219
-87.5267
-90.11
-92.1848
-93.555
-94.0737
-93.6202
-92.0681
-89.2928
-85.1814
-79.6394
-72.5969
-64.0153
-53.9076
-42.3613
-29.6371
-16.2618
-3.69017
30.6259
33.8801
37.0783
39.8402
42.0297
43.7745
44.9836
45.675
45.8836
45.6381
44.9815
43.9346
42.5227
40.7595
38.6502
36.2044
33.4296
30.3407
26.9625
23.3337
19.5116
15.5801
11.6391
7.7999
4.13088
0.634081
-2.65197
-5.61544
-8.12008
-10.0266
-11.1988
-11.4808
-10.7512
-8.91173
-5.89457
-1.68603
3.59399
9.64625
15.4727
27.1048
23.2859
18.5752
12.8328
6.58181
-0.418144
-8.04613
-15.7426
-23.1164
-30.1058
-36.5663
-42.3556
-47.5507
-52.2354
-56.4664
-60.3471
-63.9612
-67.364
-70.6096
-73.7311
-76.7372
-79.612
-82.3167
-84.7474
-86.7283
-88.0761
-88.6502
-88.334
-87.0054
-84.5415
-80.8284
-75.7692
-69.2911
-61.3537
-51.9675
-41.2222
-29.37
-16.9202
-5.20045
28.2826
31.3618
34.3901
37.0062
39.0818
40.7402
41.8956
42.5661
42.7865
42.5846
42.0027
41.0619
39.7869
38.1921
36.2831
34.0698
31.5594
28.7655
25.7103
22.428
18.97
15.4115
11.8426
8.36409
5.03588
1.85428
-1.15128
-3.88136
-6.2123
-8.01481
-9.16208
-9.50588
-8.92796
-7.33248
-4.65415
-0.882465
3.86849
9.30949
14.5471
24.9517
21.3409
16.8869
11.4582
5.55196
-1.05933
-8.25968
-15.5173
-22.4596
-29.0289
-35.0879
-40.5021
-45.3454
-49.6979
-53.6142
-57.1938
-60.5168
-63.6381
-66.6111
-69.4704
-72.2286
-74.8762
-77.3829
-79.6563
-81.5321
-82.8397
-83.4457
-83.2395
-82.1043
-79.9204
-76.5746
-71.9698
-66.0309
-58.716
-50.0332
-40.0701
-29.0668
-17.5071
-6.59957
26.1048
29.0197
31.8887
34.3684
36.3377
37.9156
39.0211
39.6722
39.9035
39.742
39.2288
38.385
37.2353
35.7941
34.0677
32.0659
29.796
27.2707
24.5095
21.5436
18.4189
15.203
11.9775
8.83342
5.82353
2.93929
0.202248
-2.29996
-4.45597
-6.1475
-7.25702
-7.64628
-7.20136
-5.83003
-3.46991
-0.112089
4.13649
9.00374
13.6931
22.9525
19.5373
15.325
10.1918
4.6106
-1.63391
-8.43069
-15.2731
-21.8083
-27.9815
-33.6621
-38.7235
-43.2368
-47.2789
-50.9019
-54.2013
-57.2541
-60.1134
-62.8326
-65.4463
-67.9706
-70.4011
-72.7143
-74.8288
-76.5917
-77.845
-78.4637
-78.344
-77.3748
-75.4412
-72.4326
-68.2531
-62.827
-56.1103
-48.1086
-38.9048
-28.7243
-18.0178
-7.88342
24.082
26.8424
29.5619
31.9137
33.7837
35.2866
36.3457
36.9789
37.2203
37.0961
36.6462
35.8917
34.8566
33.5556
31.9958
30.1869
28.136
25.8549
23.3618
20.6846
17.8649
14.9634
12.0539
9.21899
6.50477
3.89919
1.41701
-0.86523
-2.84793
-4.42418
-5.48586
-5.90607
-5.57643
-4.40937
-2.34562
0.622851
4.3984
8.72967
12.9104
21.0977
17.8666
13.8819
9.02753
3.75304
-2.14513
-8.56007
-15.0104
-21.1608
-26.9596
-32.2832
-37.013
-41.2167
-44.9684
-48.3181
-51.3573
-54.1591
-56.7757
-59.2587
-61.6436
-63.9481
-66.1724
-68.299
-70.2559
-71.9018
-73.0905
-73.706
-73.6519
-72.8242
-71.1136
-68.4137
-64.6305
-59.689
-53.5438
-46.1976
-37.7273
-28.3393
-18.4482
-9.04943
22.2041
24.8194
27.3983
29.6302
31.4073
32.8402
33.8562
34.4728
34.7236
34.6339
34.2423
33.5699
32.64
31.4675
30.0597
28.4267
26.5753
24.5169
22.2682
19.8544
17.3131
14.6996
12.0803
9.53005
7.08942
4.74344
2.50125
0.429319
-1.38405
-2.84305
-3.84937
-4.28796
-4.05709
-3.07458
-1.28457
1.32077
4.65382
8.48708
12.1977
19.3781
16.3205
12.5505
7.95938
2.97467
-2.59608
-8.64992
-14.7292
-20.5157
-25.9607
-30.948
-35.3655
-39.2791
-42.7593
-45.8546
-48.6514
-51.2207
-53.6125
-55.8766
-58.0488
-60.148
-62.1778
-64.1256
-65.9283
-67.4556
-68.5727
-69.1725
-69.1667
-68.4588
-66.9461
-64.5273
-61.1116
-56.6257
-51.0237
-44.3046
-36.5374
-27.91
-18.7957
-10.0954
20.462
22.9407
25.3872
27.5066
29.1965
30.564
31.5398
32.141
32.4006
32.3428
32.0052
31.4083
30.575
29.5201
28.2516
26.7791
25.1097
23.2543
21.2284
19.0548
16.7678
14.4174
12.064
9.7752
7.5865
5.48112
3.4634
1.59071
-0.0592193
-1.40133
-2.3471
-2.79333
-2.64598
-1.82874
-0.289529
1.97989
4.90215
8.27535
11.553
17.7853
14.8912
11.3238
6.98147
2.27066
-2.99035
-8.70235
-14.4301
-19.8726
-24.9834
-29.6532
-33.7771
-37.4184
-40.6447
-43.5029
-46.0751
-48.429
-50.6128
-52.6745
-54.6496
-56.5575
-58.4048
-60.183
-61.8366
-63.2456
-64.2868
-64.8618
-64.89
-64.2831
-62.9452
-60.7812
-57.705
-53.6451
-48.5562
-42.4334
-35.3372
-27.4347
-19.059
-11.0209
18.847
21.1969
23.5187
25.5322
27.1405
28.4468
29.385
29.9718
30.2395
30.2114
29.9235
29.3964
28.6519
27.7049
26.5637
25.238
23.7347
22.0645
20.2415
18.287
16.232
14.1219
12.0115
9.96193
8.00444
6.12085
4.31167
2.62614
1.13223
-0.0952498
-0.977226
-1.4222
-1.34444
-0.673929
0.637535
2.59866
5.14264
8.09297
10.9735
16.311
13.5712
10.1953
6.08825
1.63655
-3.33116
-8.71944
-14.1147
-19.2314
-24.0263
-28.3966
-32.2441
-35.6301
-38.6192
-41.2563
-43.6202
-45.7748
-47.7665
-49.6415
-51.4342
-53.1649
-54.842
-56.4602
-57.9711
-59.2642
-60.2273
-60.7707
-60.8214
-60.2991
-59.1153
-57.182
-54.4178
-50.7545
-46.1473
-40.5882
-34.1281
-26.9138
-19.237
-11.8264
17.3507
19.5791
21.7833
23.6973
25.2289
26.4776
27.3807
27.954
28.2293
28.2288
27.9868
27.5239
26.8612
26.0134
24.9888
23.7972
22.4456
20.9442
19.3062
17.5514
15.7077
13.8167
11.9279
10.0967
8.3506
6.67049
5.0539
3.54287
2.19648
1.07993
0.263171
-0.173485
-0.152781
0.388708
1.49509
3.17566
5.37387
7.93796
10.4555
14.9477
12.3536
9.15871
5.27436
1.0679
-3.62219
-8.70363
-13.7838
-18.5923
-23.0887
-27.1763
-30.7637
-33.9102
-36.6776
-39.1091
-41.2797
-43.2502
-45.0647
-46.7677
-48.3924
-49.9596
-51.4784
-52.9468
-54.3222
-55.5035
-56.3882
-56.8953
-56.9593
-56.5077
-55.4596
-53.7344
-51.2558
-47.9597
-43.8024
-38.7729
-32.9127
-26.348
-19.3311
-12.5138
15.9653
18.079
20.1722
21.9924
23.4519
24.6464
25.5167
26.0773
26.3596
26.3845
26.1851
25.7815
25.194
24.4371
23.5194
22.4505
21.2375
19.89
18.4206
16.8476
15.1964
13.5048
11.8178
10.1854
8.63176
7.13749
5.6978
4.3483
3.14007
2.12954
1.37795
0.955178
0.929907
1.35897
2.28235
3.70984
5.59442
7.80773
9.99506
13.688
11.2318
8.20802
4.53458
0.560363
-3.86658
-8.65738
-13.4391
-17.9558
-22.1702
-25.9911
-29.3339
-32.2557
-34.816
-37.0563
-39.0477
-40.8481
-42.4996
-44.0445
-45.5148
-46.9311
-48.3036
-49.6326
-50.8804
-51.9548
-52.7624
-53.2305
-53.3009
-52.9082
-51.9795
-50.4412
-48.2233
-45.2657
-41.5263
-36.9913
-31.6935
-25.7392
-19.3428
-13.0856
14.6836
16.6889
18.6772
20.409
21.8005
22.9441
23.7834
24.3321
24.6207
24.6692
24.5091
24.1601
23.6417
22.9685
22.1487
21.192
20.1055
18.8984
17.5826
16.1749
14.6988
13.1886
11.6849
10.233
8.85398
7.52874
6.25062
5.0497
3.96981
3.05947
2.37179
1.96706
1.90557
2.23764
2.99917
4.20024
5.8026
7.69934
9.58753
12.5251
10.1992
7.3376
3.86388
0.10975
-4.06794
-8.58319
-13.082
-17.3229
-21.2705
-24.84
-27.9528
-30.6641
-33.031
-35.0934
-36.919
-38.5626
-40.0642
-41.4639
-42.7927
-44.0704
-45.3083
-46.5081
-47.6364
-48.6094
-49.3426
-49.7708
-49.842
-49.4985
-48.6748
-47.3043
-45.3234
-42.6763
-39.3228
-35.2472
-30.4736
-25.0897
-19.275
-13.5457
13.4987
15.4014
17.2906
18.9388
20.2663
21.3619
22.1718
22.7092
23.0035
23.0737
22.9499
22.6512
22.1965
21.6
20.87
20.0159
19.0448
17.9658
16.7898
15.5325
14.2154
12.8697
11.5322
10.2437
9.02283
7.85068
6.7194
5.6543
4.69272
3.87615
3.25018
2.86639
2.7771
3.02637
3.64602
4.64629
5.99669
7.60957
9.22815
11.4527
9.25022
6.54199
3.25763
-0.288012
-4.22934
-8.48348
-12.7145
-16.6942
-20.3899
-23.7223
-26.619
-29.133
-31.3195
-33.2168
-34.8889
-36.388
-37.7519
-39.0189
-40.218
-41.369
-42.4832
-43.5636
-44.5812
-45.4593
-46.1211
-46.5093
-46.5777
-46.2752
-45.5438
-44.3237
-42.5574
-40.194
-37.1953
-33.5439
-29.2563
-24.4031
-19.1315
-13.8986
12.4041
14.2097
16.005
17.5743
18.8412
19.8915
20.6737
21.2002
21.4995
21.5896
21.4992
21.2469
20.8508
20.3245
19.6768
18.9165
18.0508
17.0884
16.0396
14.9189
13.7461
12.5494
11.3624
10.2215
9.14319
8.10916
7.11073
6.16906
5.31585
4.58623
4.01906
3.65806
3.54817
3.72749
4.22398
5.04768
6.17493
7.53498
8.91171
10.4645
8.37893
5.81617
2.71124
-0.636752
-4.35409
-8.36074
-12.3381
-16.0707
-19.5286
-22.6376
-25.3312
-27.6608
-29.679
-31.423
-32.9533
-34.3193
-35.5571
-36.7025
-37.7833
-38.8185
-39.8197
-40.7905
-41.7056
-42.4954
-43.0901
-43.4391
-43.5021
-43.2341
-42.5839
-41.4983
-39.926
-37.8205
-35.1461
-31.8845
-28.0452
-23.6831
-18.9169
-14.1495
11.3937
13.1073
14.8137
16.3082
17.5178
18.5252
19.2812
19.7971
20.1008
20.2091
20.1494
19.9397
19.5973
19.1356
18.5631
17.8885
17.119
16.2627
15.3295
14.3328
13.2906
12.2288
11.1775
10.1697
9.21953
8.30969
7.43093
6.60083
5.84621
5.19658
4.68479
4.34758
4.22316
4.34408
4.73463
5.4045
6.33572
7.47207
8.63315
9.55503
7.58008
5.15518
2.2204
-0.940264
-4.44528
-8.21738
-11.9543
-15.4535
-18.6869
-21.5856
-24.0886
-26.2456
-28.107
-29.7088
-31.1083
-32.352
-33.4742
-34.5086
-35.4818
-36.4116
-37.3096
-38.1803
-39.0011
-39.7092
-40.2412
-40.5527
-40.6088
-40.3699
-39.7912
-38.8258
-37.4281
-35.5563
-33.1772
-30.2719
-26.8439
-22.9344
-18.6366
-14.3046
10.4617
12.0881
13.7102
15.134
16.2893
17.2559
17.9868
18.4924
18.7998
18.9248
18.8931
18.7226
18.4295
18.0268
17.5231
16.9268
16.2448
15.485
14.6568
13.7724
12.8486
11.9085
10.9796
10.0912
9.25598
8.45738
7.68595
6.95622
6.29074
5.71416
5.254
4.9409
4.80699
4.87978
5.18012
5.71712
6.47752
7.41738
8.38724
8.71867
6.84867
4.55442
1.78105
-1.20198
-4.50569
-8.0555
-11.5651
-14.8436
-17.8652
-20.566
-22.8902
-24.886
-26.6016
-28.0716
-29.3504
-30.4819
-31.4983
-32.4316
-33.3067
-34.1408
-34.9452
-35.7247
-36.4594
-37.0923
-37.5662
-37.8425
-37.8908
-37.6767
-37.161
-36.3029
-35.062
-33.4012
-31.2897
-28.7084
-25.656
-22.1616
-18.2962
-14.3702
9.60266
11.1464
12.6885
14.0451
15.149
16.0768
16.7837
17.2794
17.5898
17.7296
17.7237
17.5889
17.341
16.9923
16.5514
16.0264
15.4241
14.752
14.0189
13.2363
12.4192
11.589
10.77
9.98879
9.25624
8.55692
7.88138
7.24153
6.65623
6.14594
5.7335
5.44427
5.305
5.33867
5.56296
5.98627
6.59906
7.36759
8.16903
7.95039
6.17991
4.0096
1.3893
-1.42535
-4.5383
-7.87754
-11.172
-14.242
-17.064
-19.5788
-21.7354
-23.5806
-25.1605
-26.5086
-27.6763
-28.7049
-29.6247
-30.4661
-31.2523
-31.9997
-32.7191
-33.4156
-34.0719
-34.6361
-35.0569
-35.3005
-35.3407
-35.1478
-34.688
-33.9254
-32.8252
-31.354
-29.484
-27.1961
-24.4849
-21.3695
-17.902
-14.3535
8.8116
10.2768
11.743
13.0359
14.0908
14.9816
15.6656
16.1513
16.464
16.6173
16.6347
16.5326
16.3259
16.0266
15.6429
15.1829
14.653
14.0604
13.4135
12.7227
12.002
11.2705
10.5501
9.86474
9.22373
8.61277
8.02258
7.46285
6.9493
6.49879
6.13014
5.86414
5.72283
5.7252
5.88607
6.213
6.69935
7.31959
7.97365
7.24542
5.56932
3.5166
1.04145
-1.6135
-4.54561
-7.6855
-10.7765
-13.6496
-16.2836
-18.6236
-20.6235
-22.3281
-23.7822
-25.0174
-26.0829
-27.0172
-27.8491
-28.6069
-29.3126
-29.9816
-30.6242
-31.2458
-31.8309
-32.3327
-32.7051
-32.9187
-32.9509
-32.7764
-32.3659
-31.6886
-30.7141
-29.413
-27.7601
-25.7365
-23.3341
-20.5633
-17.4605
-14.2614
8.08369
9.47438
10.8685
12.1007
13.109
13.9646
14.6264
15.1023
15.4165
15.5818
15.6203
15.5479
15.3787
15.1244
14.7929
14.3918
13.9276
13.4071
12.838
12.2302
11.5962
10.9533
10.3212
9.72125
9.16164
8.62906
8.11453
7.62595
7.17632
6.77943
6.45068
6.20696
6.06625
6.04407
6.15266
6.39866
6.77763
7.27057
7.79663
6.59922
5.01269
3.07151
0.734088
-1.76948
-4.5303
-7.48138
-10.3801
-13.0676
-15.5246
-17.7005
-19.5537
-21.1275
-22.4647
-23.5959
-24.5672
-25.4154
-26.1672
-26.8493
-27.4821
-28.0803
-28.6538
-29.2077
-29.7285
-30.1738
-30.5024
-30.6887
-30.7135
-30.5551
-30.1885
-29.5872
-28.7247
-27.5756
-26.1171
-24.3309
-22.2067
-19.7481
-16.978
-14.1016
7.41445
8.73433
10.0598
11.2344
12.1983
13.0201
13.6605
14.1265
14.4415
14.6173
14.6749
14.6295
14.4944
14.2809
13.9967
13.6492
13.2445
12.7891
12.2903
11.7571
11.201
10.6375
10.0843
9.56035
9.07287
8.60959
8.16197
7.73634
7.34342
6.9944
6.7018
6.4792
6.34113
6.30013
6.36615
6.54489
6.83349
7.21803
7.63377
6.00758
4.50603
2.67072
0.463977
-1.89615
-4.49469
-7.26716
-9.98415
-12.4965
-14.7871
-16.8093
-18.5253
-19.9774
-21.2062
-22.2415
-23.1265
-23.8959
-24.575
-25.1884
-25.7555
-26.29
-26.8012
-27.2943
-27.7573
-28.1518
-28.441
-28.6027
-28.6206
-28.4765
-28.1489
-27.6152
-26.8526
-25.8389
-24.5539
-22.9802
-21.1056
-18.9284
-16.4611
-13.8813
6.79963
8.05222
9.3124
10.432
11.3536
12.143
12.7627
13.2188
13.5338
13.7188
13.7934
13.7723
13.6682
13.4917
13.2503
12.9513
12.6004
12.2038
11.7682
11.3021
10.8158
10.3232
9.84036
9.38389
8.96016
8.55801
8.16934
7.79921
7.4564
7.14995
6.88992
6.68717
6.55328
6.49827
6.53011
6.65357
6.86684
7.15986
7.48132
5.46648
4.04562
2.31082
0.227938
-1.99616
-4.44104
-7.04459
-9.58992
-11.9374
-14.0715
-15.9496
-17.5377
-18.8765
-20.0051
-20.9519
-21.7579
-22.4555
-23.0684
-23.6199
-24.1278
-24.605
-25.0604
-25.4989
-25.9099
-26.2588
-26.5127
-26.6525
-26.6645
-26.5331
-26.2402
-25.7666
-25.0928
-24.1996
-23.069
-21.6845
-20.0333
-18.1091
-15.9161
-13.6081
6.2353
7.42389
8.62191
9.68916
10.5702
11.3285
11.9281
12.3742
12.6886
12.8813
12.971
12.9717
12.8955
12.7524
12.5498
12.2946
11.9922
11.6485
11.2698
10.8638
10.4399
10.0107
9.59031
9.19358
8.82609
8.47768
8.1408
7.81945
7.52079
7.25204
7.02124
6.83699
6.70842
6.64341
6.64823
6.72676
6.87788
7.09434
7.33591
4.97222
3.62798
1.98851
0.023195
-2.07201
-4.37143
-6.81518
-9.19858
-11.3907
-13.3781
-15.1212
-16.59
-17.8237
-18.8596
-19.725
-20.4586
-21.0908
-21.6438
-22.1392
-22.5939
-23.0197
-23.4251
-23.8148
-24.1793
-24.4876
-24.71
-24.8304
-24.8372
-24.7173
-24.4554
-24.0352
-23.4403
-22.6539
-21.6603
-20.4441
-18.9918
-17.2943
-15.3489
-13.2889
5.71776
6.84546
7.98425
9.0015
9.84375
10.5721
11.152
11.588
11.901
12.1003
12.2033
12.2235
12.1723
12.0593
11.8917
11.6758
11.417
11.1208
10.7932
10.441
10.0729
9.70001
9.33501
8.99106
8.67304
8.37178
8.08029
7.80168
7.54178
7.30632
7.10166
6.93452
6.81205
6.74033
6.7242
6.7667
6.86708
7.02012
7.19468
4.52127
3.2498
1.70085
-0.152997
-2.1261
-4.2878
-6.58055
-8.81118
-10.8573
-12.7068
-14.3238
-15.6815
-16.8176
-17.7679
-18.5586
-19.226
-19.7985
-20.2973
-20.7423
-21.1491
-21.5289
-21.8896
-22.2358
-22.5587
-22.8307
-23.0254
-23.1287
-23.1311
-23.0216
-22.7874
-22.4148
-21.8897
-21.1979
-20.3255
-19.2584
-17.9829
-16.4877
-14.7653
-12.9309
5.24354
6.31327
7.39562
8.36508
9.17017
9.86963
10.4303
10.8561
11.167
11.3715
11.486
11.5236
11.4948
11.4088
11.2725
11.092
10.8723
10.6188
10.3368
10.0326
9.71412
9.39128
9.07532
8.77789
8.50327
8.24327
7.99144
7.7502
7.52425
7.3181
7.13673
6.98536
6.86948
6.79371
6.7617
6.77572
6.83518
6.93625
7.05514
4.11038
2.90799
1.44495
-0.303131
-2.16057
-4.19201
-6.34209
-8.42869
-10.3374
-12.0577
-13.5569
-14.8112
-15.8569
-16.7283
-17.4503
-18.0572
-18.5756
-19.0253
-19.4249
-19.7888
-20.1275
-20.4483
-20.7556
-21.0416
-21.2814
-21.4515
-21.5399
-21.5387
-21.4388
-21.2294
-20.8989
-20.4357
-19.8276
-19.0623
-18.1268
-17.008
-15.693
-14.1705
-12.5404
4.80938
5.82391
6.8524
7.77618
8.54562
9.21715
9.75899
10.1744
10.4825
10.6911
10.8155
10.8683
10.8594
10.7975
10.6892
10.5404
10.3558
10.1403
9.89901
9.63765
9.36322
9.08472
8.81203
8.55549
8.31889
8.09491
7.87767
7.66902
7.47273
7.29231
7.13166
6.99473
6.88572
6.80805
6.76436
6.75625
6.78314
6.84211
6.91533
3.73644
2.59969
1.21822
-0.429621
-2.17751
-4.08569
-6.10105
-8.05192
-9.83159
-11.4309
-12.8201
-13.9782
-14.9403
-15.7389
-16.3979
-16.9496
-17.4189
-17.8242
-18.1829
-18.5084
-18.8104
-19.0957
-19.3684
-19.6217
-19.833
-19.9815
-20.057
-20.0528
-19.9617
-19.7744
-19.4815
-19.073
-18.5386
-17.8677
-17.0485
-16.0681
-14.913
-13.5694
-12.1238
4.41224
5.37419
6.3513
7.23135
7.96652
8.61101
9.13436
9.53918
9.84379
10.0553
10.1882
10.2543
10.2629
10.2224
10.1391
10.0185
9.86516
9.68361
9.47852
9.25517
9.01982
8.78049
8.54593
8.32527
8.12187
7.92928
7.74213
7.56184
7.39142
7.23357
7.09128
6.96756
6.8655
6.78759
6.73567
6.71074
6.71211
6.73743
6.77363
3.39658
2.3222
1.01814
-0.534624
-2.17876
-3.97041
-5.85855
-7.68163
-9.34009
-10.8261
-12.1127
-13.1815
-14.0663
-14.7979
-15.3992
-15.9005
-16.3253
-16.6905
-17.0125
-17.3036
-17.5729
-17.8266
-18.0685
-18.2928
-18.479
-18.6086
-18.6729
-18.6665
-18.5834
-18.416
-18.1563
-17.7962
-17.3269
-16.739
-16.022
-15.1638
-14.1503
-12.9663
-11.6867
4.0493
4.96114
5.88918
6.72734
7.42956
8.04784
8.55298
8.94703
9.24751
9.46088
9.60069
9.67824
9.70223
9.68072
9.61958
9.52404
9.39845
9.24703
9.07408
8.88441
8.68361
8.4788
8.27776
8.08851
7.91407
7.74876
7.58776
7.4321
7.28419
7.1461
7.02008
6.90837
6.81323
6.73639
6.67902
6.64163
6.62337
6.62221
6.62887
3.08814
2.07301
0.842452
-0.6202
-2.16612
-3.84758
-5.61565
-7.31844
-8.86313
-10.2431
-11.4341
-12.4201
-13.2333
-13.9033
-14.4519
-14.9073
-15.2917
-15.6209
-15.9099
-16.1702
-16.4103
-16.6359
-16.8507
-17.0492
-17.2132
-17.3263
-17.381
-17.373
-17.2973
-17.1477
-16.9176
-16.6002
-16.1881
-15.6733
-15.0461
-14.2954
-13.407
-12.365
-11.2344
3.71791
4.58198
5.46314
6.26114
6.93162
7.52446
8.01166
8.39475
8.69046
8.90466
9.05003
9.13733
9.17471
9.1698
9.1282
9.05485
8.95383
8.8291
8.68458
8.52466
8.35433
8.1799
8.00825
7.84644
7.69719
7.55556
7.41724
7.28295
7.15462
7.0338
6.92217
6.82137
6.733
6.6582
6.59761
6.55133
6.51834
6.49672
6.48021
2.8086
1.84979
0.688989
-0.688233
-2.14117
-3.71851
-5.37329
-6.96286
-8.40078
-9.68167
-10.7836
-11.6928
-12.44
-13.0534
-13.5536
-13.9674
-14.3151
-14.6118
-14.8712
-15.1041
-15.3182
-15.5189
-15.7095
-15.8853
-16.0299
-16.1285
-16.175
-16.1659
-16.0971
-15.9634
-15.7596
-15.4799
-15.1182
-14.6674
-14.1192
-13.4628
-12.6849
-11.7688
-10.7715
3.41561
4.23414
5.07049
5.82994
6.46984
7.03794
7.50742
7.87937
8.1697
8.38375
8.53338
8.62884
8.67773
8.68728
8.66282
8.609
8.52966
8.42846
8.30903
8.1753
8.03177
7.88401
7.73807
7.60019
7.47283
7.35172
7.23303
7.11727
7.00594
6.90021
6.80131
6.7104
6.62858
6.55653
6.49449
6.44219
6.39848
6.3614
6.32714
2.55565
1.65034
0.55576
-0.740484
-2.1054
-3.58436
-5.13228
-6.61533
-7.95312
-9.14138
-10.1605
-10.9984
-11.6847
-12.2461
-12.7022
-13.078
-13.3926
-13.66
-13.8929
-14.1013
-14.2923
-14.4709
-14.6402
-14.7959
-14.9234
-15.0095
-15.049
-15.0392
-14.9767
-14.8574
-14.6769
-14.4305
-14.113
-13.7184
-13.2393
-12.6659
-11.9851
-11.1807
-10.3021
3.14009
3.91518
4.70871
5.43117
6.04153
6.58556
7.03754
7.39812
7.68248
7.89548
8.04817
8.15028
8.20893
8.23098
8.22146
8.18472
8.1244
8.04389
7.94651
7.83581
7.71579
7.59137
7.46788
7.35083
7.24246
7.13912
7.03741
6.93769
6.84113
6.74857
6.66092
6.57897
6.50342
6.43461
6.37248
6.31648
6.2653
6.21692
6.16941
2.32711
1.47264
0.440902
-0.778603
-2.06022
-3.44622
-4.89329
-6.2762
-7.52007
-8.62177
-9.56377
-10.3358
-10.966
-11.4795
-11.8953
-12.2366
-12.5213
-12.7623
-12.9715
-13.158
-13.3285
-13.4874
-13.6379
-13.7759
-13.8884
-13.9636
-13.9973
-13.9871
-13.9305
-13.8241
-13.6643
-13.4472
-13.1686
-12.8234
-12.4048
-11.9039
-11.3086
-10.6029
-9.83007
2.88922
3.62287
4.37544
5.06237
5.64421
6.16479
6.59943
6.94845
7.22628
7.43736
7.59197
7.69934
7.76615
7.79888
7.80226
7.7804
7.73669
7.67429
7.59622
7.50569
7.40624
7.30222
7.19832
7.09937
7.00745
6.91947
6.83245
6.74662
6.66287
6.58182
6.5041
6.43026
6.36067
6.29544
6.23425
6.17637
6.12034
6.06402
6.00701
2.12094
1.31477
0.342696
-0.804106
-2.0069
-3.30506
-4.65701
-5.94574
-7.1015
-8.12235
-8.99271
-9.70372
-10.2821
-10.7518
-11.1308
-11.4407
-11.6983
-11.9156
-12.1035
-12.2705
-12.4227
-12.5643
-12.6981
-12.8206
-12.9198
-12.9857
-13.0144
-13.0042
-12.953
-12.8582
-12.7168
-12.5257
-12.2812
-11.9791
-11.6135
-11.1763
-10.656
-10.0374
-9.35848
2.66101
3.35515
4.06854
4.7213
5.27558
5.77327
6.19074
6.52802
6.79877
7.00712
7.16255
7.27387
7.34738
7.38912
7.40355
7.39453
7.36527
7.31865
7.25744
7.18452
7.10304
7.0168
6.92995
6.84671
6.76904
6.69434
6.62002
6.54619
6.47357
6.40258
6.33367
6.26714
6.20319
6.14172
6.08225
6.0239
5.9651
5.90359
5.84012
1.9353
1.175
0.259511
-0.818409
-1.94664
-3.16185
-4.42402
-5.6242
-6.69717
-7.64245
-8.44631
-9.10088
-9.6315
-10.061
-10.4063
-10.6878
-10.9209
-11.1168
-11.2857
-11.4353
-11.5712
-11.6974
-11.8165
-11.9252
-12.013
-12.0708
-12.0953
-12.0853
-12.0392
-11.9548
-11.8297
-11.6615
-11.4471
-11.1829
-10.8636
-10.4821
-10.0276
-9.48584
-8.89004
2.45367
3.11012
3.78601
4.40591
4.93353
5.40887
5.8093
6.13463
6.39778
6.60266
6.75787
6.8719
6.95075
6.99999
7.02378
7.02575
7.00895
6.97603
6.92948
6.8719
6.80607
6.73533
6.66329
6.5937
6.52835
6.46513
6.40179
6.33837
6.27543
6.21325
6.15211
6.09221
6.03356
5.97594
5.91876
5.86102
5.80108
5.73655
5.66909
1.76845
1.05174
0.189933
-0.82276
-1.88045
-3.01733
-4.1948
-5.31176
-6.30682
-7.18146
-7.92361
-8.52599
-9.0126
-9.40517
-9.71977
-9.97537
-10.1863
-10.363
-10.5148
-10.6489
-10.7704
-10.883
-10.989
-11.0857
-11.1634
-11.2142
-11.2352
-11.2257
-11.1842
-11.1092
-10.9987
-10.8507
-10.6627
-10.4316
-10.153
-9.82017
-9.42342
-8.94928
-8.42706
2.26554
2.88602
3.52606
4.11427
4.61606
5.06954
5.45303
5.76623
6.02126
6.22198
6.37598
6.49163
6.57463
6.62998
6.66153
6.67281
6.66668
6.64557
6.61171
6.56745
6.51523
6.45797
6.39882
6.34107
6.2864
6.23311
6.17927
6.12489
6.07037
6.01592
5.9617
5.90779
5.85411
5.80034
5.74585
5.68953
5.6297
5.56389
5.49439
1.61885
0.943541
0.132671
-0.818243
-1.80919
-2.87208
-3.96956
-5.00838
-5.93007
-6.73879
-7.42378
-7.97786
-8.42379
-8.78242
-9.06895
-9.30101
-9.49191
-9.65126
-9.78776
-9.90801
-10.0167
-10.1172
-10.2117
-10.2978
-10.3668
-10.4115
-10.4297
-10.4207
-10.3836
-10.317
-10.2195
-10.0893
-9.92459
-9.72263
-9.47951
-9.18935
-8.84322
-8.4286
-7.97139
2.09493
2.68109
3.28687
3.84458
4.32139
4.75342
5.12008
5.42093
5.6673
5.86321
6.01498
6.13129
6.21748
6.27766
6.31549
6.33453
6.33749
6.32651
6.3036
6.27087
6.23046
6.18491
6.13694
6.08946
6.04405
5.99936
5.95378
5.90726
5.86012
5.81247
5.76442
5.71596
5.66693
5.61698
5.56542
5.51112
5.45237
5.38661
5.31663
1.4849
0.848885
0.0862624
-0.806125
-1.73388
-2.72682
-3.7486
-4.71391
-5.56619
-6.31374
-6.94612
-7.45542
-7.86362
-8.19095
-8.45181
-8.66244
-8.83517
-8.97891
-9.10168
-9.20954
-9.30683
-9.39664
-9.48098
-9.5577
-9.61901
-9.65855
-9.67442
-9.66617
-9.63311
-9.57417
-9.48819
-9.37388
-9.22962
-9.0532
-8.84121
-8.5884
-8.28662
-7.92436
-7.52456
1.94016
2.49372
3.06681
3.59523
4.04784
4.45896
4.80888
5.09716
5.33434
5.52496
5.67316
5.7891
5.87767
5.94151
5.98422
6.00965
6.02032
6.01801
6.00454
5.98179
5.95166
5.91629
5.87807
5.83952
5.80214
5.76493
5.72653
5.68687
5.6462
5.60457
5.56203
5.51853
5.47386
5.42765
5.37918
5.32733
5.27037
5.20569
5.13647
1.36493
0.76611
0.0491243
-0.788029
-1.65608
-2.58303
-3.53308
-4.42885
-5.21382
-5.90468
-6.48926
-6.95723
-7.33037
-7.62889
-7.86629
-8.05744
-8.21367
-8.34331
-8.45374
-8.55054
-8.63764
-8.71794
-8.79329
-8.86177
-8.91639
-8.95147
-8.96545
-8.95803
-8.9287
-8.87668
-8.80105
-8.70079
-8.57461
-8.42065
-8.23596
-8.01587
-7.75301
-7.43682
-7.08767
1.80013
2.32271
2.86457
3.36482
3.79405
4.1847
4.51802
4.79355
5.02118
5.2062
5.34912
5.46363
5.55381
5.62013
5.66639
5.69696
5.71408
5.71915
5.71377
5.69969
5.67851
5.65206
5.62239
5.59168
5.56136
5.53071
5.49861
5.465
5.43005
5.39378
5.35621
5.31724
5.27666
5.23407
5.18879
5.13967
5.08502
5.02219
4.95465
1.25791
0.694292
0.0202803
-0.764791
-1.57662
-2.44151
-3.3242
-4.15448
-4.87264
-5.51036
-6.05164
-6.48141
-6.82197
-7.094
-7.31004
-7.48351
-7.62483
-7.74177
-7.84113
-7.92803
-8.00608
-8.07794
-8.14536
-8.20661
-8.25535
-8.28668
-8.29916
-8.29265
-8.26684
-8.22111
-8.1548
-8.06703
-7.95683
-7.82265
-7.66191
-7.47051
-7.2418
-6.96614
-6.66167
1.67481
2.16769
2.6794
3.15229
3.55861
3.92889
4.24571
4.50806
4.72587
4.90449
5.04108
5.15469
5.24596
5.31315
5.36155
5.39613
5.41852
5.42967
5.43109
5.42444
5.411
5.39232
5.37012
5.34627
5.32214
5.29727
5.27076
5.24254
5.2127
5.18128
5.14822
5.11345
5.07673
5.03767
4.99559
4.94942
4.89746
4.83705
4.77189
1.16406
0.633872
0.000924324
-0.734689
-1.4933
-2.29961
-3.11931
-3.88894
-4.54558
-5.13458
-5.63529
-6.02824
-6.33783
-6.5852
-6.78148
-6.93862
-7.06629
-7.17164
-7.26102
-7.33903
-7.40898
-7.47334
-7.53374
-7.58863
-7.63226
-7.66039
-7.6717
-7.66619
-7.64364
-7.60368
-7.54573
-7.46913
-7.37317
-7.25645
-7.11684
-6.95069
-6.75201
-6.51204
-6.24691
1.56336
2.02772
2.51014
2.95632
3.33991
3.68958
3.98949
4.23788
4.44564
4.61625
4.74519
4.86116
4.95422
5.02008
5.06897
5.10683
5.13367
5.14981
5.15693
5.15661
5.1499
5.13797
5.12226
5.10442
5.0857
5.06589
5.04431
5.02083
4.99554
4.96848
4.93954
4.90863
4.87556
4.83991
4.80104
4.7579
4.70888
4.65129
4.58904
1.08268
0.584428
-0.00899501
-0.697108
-1.4045
-2.15451
-2.91408
-3.62575
-4.22914
-4.78034
-5.24326
-5.59833
-5.87759
-6.10201
-6.27996
-6.42182
-6.53674
-6.63142
-6.71168
-6.7816
-6.84425
-6.90183
-6.95592
-7.00512
-7.04437
-7.06979
-7.0803
-7.07591
-7.0565
-7.02184
-6.97143
-6.90489
-6.82156
-6.72031
-6.59931
-6.45536
-6.2831
-6.07463
-5.84423
1.47764
1.91933
2.37795
2.79955
3.16023
3.48579
3.76152
3.98546
4.17005
4.31625
4.42096
4.55435
4.66675
4.74039
4.79681
4.84466
4.88133
4.90631
4.92182
4.92962
4.93057
4.92565
4.91618
4.90373
4.88962
4.87392
4.85623
4.83636
4.81454
4.79074
4.76443
4.73608
4.70548
4.67215
4.63542
4.59427
4.54718
4.49137
4.431
1.02009
0.546694
-0.017005
-0.666359
-1.32871
-2.0246
-2.71464
-3.34461
-3.85785
-4.42044
-4.87477
-5.20771
-5.47044
-5.68466
-5.85441
-5.98888
-6.09738
-6.1868
-6.26247
-6.32836
-6.38736
-6.44162
-6.49263
-6.53916
-6.57648
-6.60087
-6.61138
-6.6082
-6.59136
-6.56059
-6.51563
-6.45617
-6.38162
-6.29118
-6.18316
-6.05467
-5.90088
-5.71464
-5.50891
1.40965
1.83241
2.26985
2.66841
3.00567
3.30448
3.55155
3.74438
3.8968
4.00701
4.07448
4.23761
4.38086
4.46915
4.5383
4.60075
4.65118
4.68811
4.71431
4.73179
4.74136
4.74393
4.74079
4.73353
4.72365
4.7116
4.69721
4.68027
4.66123
4.63998
4.61531
4.58864
4.5597
4.52782
4.49231
4.45221
4.40603
4.35089
4.29123
0.971005
0.517813
-0.020756
-0.636195
-1.25638
-1.89713
-2.51164
-3.05351
-3.46264
-4.05989
-4.52499
-4.84668
-5.10156
-5.31331
-5.48142
-5.61371
-5.72007
-5.80769
-5.88181
-5.94628
-6.00398
-6.05714
-6.10724
-6.15313
-6.1903
-6.21499
-6.22628
-6.22455
-6.20984
-6.182
-6.14092
-6.08635
-6.01793
-5.93503
-5.83614
-5.71865
-5.57813
-5.40774
-5.21946
1.34353
1.74726
2.1635
2.53916
2.85332
3.12584
3.34521
3.50797
3.62975
3.7054
3.73829
3.9236
4.09387
4.19578
4.27598
4.35142
4.41473
4.46312
4.49962
4.52654
4.54466
4.55464
4.5578
4.55572
4.55005
4.54164
4.53061
4.51662
4.50041
4.48173
4.45873
4.43376
4.40655
4.37622
4.34208
4.30326
4.25832
4.20429
4.14609
0.924042
0.491324
-0.0217271
-0.602843
-1.18121
-1.76718
-2.30943
-2.76946
-3.07968
-3.69817
-4.17357
-4.48442
-4.72944
-4.93712
-5.103
-5.23278
-5.33674
-5.42231
-5.49474
-5.55774
-5.61409
-5.66608
-5.71531
-5.7607
-5.79787
-5.82303
-5.83546
-5.83552
-5.82331
-5.79886
-5.76206
-5.71278
-5.65086
-5.57569
-5.48595
-5.37937
-5.25183
-5.09712
-4.92751
1.27965
1.66443
2.05955
2.41272
2.7042
2.95101
3.14372
3.2773
3.37005
3.41134
3.41284
3.61297
3.80554
3.9202
4.01029
4.09702
4.17214
4.23141
4.2778
4.31393
4.34049
4.35796
4.36751
4.37066
4.3692
4.3644
4.35669
4.34567
4.33241
4.3164
4.29526
4.27216
4.24679
4.21804
4.18524
4.14759
4.10372
4.05048
3.99262
0.879387
0.467155
-0.0202545
-0.56702
-1.10425
-1.6359
-2.10992
-2.49155
-2.71344
-3.33641
-3.81928
-4.1213
-4.35555
-4.55747
-4.72028
-4.84732
-4.94859
-5.03187
-5.1024
-5.16377
-5.21865
-5.26931
-5.31739
-5.36197
-5.39871
-5.42383
-5.43681
-5.43801
-5.42768
-5.4059
-5.37265
-5.328
-5.2719
-5.2039
-5.12287
-5.02682
-4.91187
-4.77181
-4.61651
1.21857
1.58465
1.95892
2.29015
2.5595
2.78128
2.94836
3.05333
3.11835
3.12435
3.09751
3.3056
3.51522
3.64146
3.74063
3.83744
3.92343
3.99307
4.049
4.09401
4.12883
4.15377
4.16987
4.17855
4.18165
4.18073
4.17645
4.16836
4.1579
4.14441
4.12513
4.10404
4.08088
4.0544
4.02386
3.98852
3.94706
3.89664
3.84339
0.837427
0.445533
-0.0164261
-0.529143
-1.02638
-1.50452
-1.91466
-2.21984
-2.36565
-2.97706
-3.46184
-3.75674
-3.98021
-4.17497
-4.33373
-4.45764
-4.55594
-4.63668
-4.7052
-4.76502
-4.81873
-4.86855
-4.91603
-4.96059
-4.998
-5.02458
-5.0397
-5.04378
-5.0371
-5.01971
-4.99167
-4.95308
-4.90391
-4.84378
-4.77174
-4.68595
-4.58327
-4.45888
-4.32582
1.16086
1.50872
1.86267
2.17262
2.42045
2.61796
2.76047
2.83717
2.87538
2.844
2.79094
3.00087
3.22235
3.35847
3.46588
3.57184
3.66815
3.74813
3.8137
3.86767
3.91071
3.94292
3.9652
3.97909
3.98675
3.99014
3.99
3.9857
3.97874
3.96812
3.95069
3.93104
3.90887
3.88289
3.85252
3.81722
3.77557
3.72372
3.66516
0.79842
0.426386
-0.0105521
-0.490049
-0.948648
-1.37456
-1.72529
-1.95524
-2.03662
-2.62207
-3.10152
-3.39019
-3.60358
-3.79015
-3.94393
-4.0644
-4.15969
-4.23758
-4.30332
-4.36038
-4.41146
-4.45884
-4.50426
-4.54699
-4.58264
-4.60773
-4.62188
-4.62569
-4.61954
-4.60351
-4.57786
-4.54282
-4.49851
-4.44474
-4.38087
-4.30509
-4.21388
-4.10047
-3.96983
1.10716
1.43775
1.77232
2.06182
2.2885
2.46229
2.58052
2.62835
2.63987
2.56834
2.4903
2.69717
2.92637
3.07052
3.18465
3.29819
3.40388
3.4941
3.56996
3.63398
3.68661
3.72751
3.75698
3.77611
3.78726
3.79339
3.79597
3.79468
3.79144
3.7848
3.77178
3.75732
3.74102
3.72125
3.69717
3.6681
3.63331
3.59129
3.55149
0.762449
0.409266
-0.00364975
-0.451277
-0.872647
-1.24762
-1.54282
-1.69827
-1.72552
-2.27281
-2.73898
-3.02123
-3.22542
-3.40324
-3.5509
-3.66713
-3.75959
-3.83613
-3.90194
-3.95993
-4.01216
-4.06055
-4.10702
-4.15154
-4.19074
-4.22083
-4.24075
-4.25095
-4.25177
-4.24331
-4.22573
-4.19915
-4.16357
-4.11875
-4.06407
-3.99836
-3.92016
-3.82798
-3.73976
1.0581
1.3729
1.68952
1.95965
2.16555
2.31585
2.40855
2.42521
2.40939
2.29456
2.19072
2.39077
2.62559
2.77738
2.89773
3.01743
3.13035
3.22871
3.31328
3.38654
3.44888
3.4999
3.5399
3.56939
3.5893
3.60167
3.60803
3.60818
3.60446
3.59599
3.57948
3.55998
3.53779
3.51195
3.48217
3.44777
3.4063
3.35095
3.27926
0.729556
0.393568
0.0029289
-0.414948
-0.800453
-1.12565
-1.36826
-1.4496
-1.43062
-1.92975
-2.37482
-2.64922
-2.84491
-3.0143
-3.15579
-3.2665
-3.3519
-3.41948
-3.47562
-3.52464
-3.56947
-3.61223
-3.65423
-3.69395
-3.72668
-3.74966
-3.76334
-3.76839
-3.76512
-3.75371
-3.7346
-3.70821
-3.67493
-3.63486
-3.58745
-3.5309
-3.46035
-3.36537
-3.23901
1.01408
1.31438
1.61462
1.86708
2.05362
2.1819
2.24814
2.23266
2.18967
2.02486
1.88774
2.07631
2.31441
2.4741
2.6037
2.73347
2.85644
2.96387
3.0564
3.13652
3.20431
3.25876
3.30044
3.33211
3.35805
3.38141
3.40209
3.41947
3.43507
3.44303
3.44492
3.44529
3.44271
3.43509
3.42177
3.40297
3.38117
3.36103
3.36465
0.700317
0.379912
0.00953758
-0.381543
-0.733492
-1.01238
-1.20652
-1.21247
-1.14998
-1.5926
-2.00925
-2.27385
-2.46096
-2.62062
-2.75634
-2.86869
-2.96305
-3.04389
-3.1137
-3.17408
-3.227
-3.27482
-3.32062
-3.3666
-3.4114
-3.45011
-3.48009
-3.50164
-3.51511
-3.52064
-3.51816
-3.50753
-3.4886
-3.4612
-3.42529
-3.38118
-3.33165
-3.28354
-3.2684
0.975444
1.26235
1.54772
1.78454
1.95443
2.06424
2.10646
2.06448
1.99598
1.76458
1.57899
1.75362
1.98788
2.14589
2.28013
2.42261
2.56386
2.69216
2.80633
2.90807
2.99688
3.06978
3.12249
3.15165
3.16073
3.15935
3.15279
3.14088
3.1273
3.11328
3.09231
3.06567
3.03852
3.01202
2.98488
2.95383
2.91063
2.83585
2.70793
0.675528
0.369605
0.017742
-0.349836
-0.672183
-0.913477
-1.06585
-0.990977
-0.882095
-1.26176
-1.64091
-1.89392
-2.07646
-2.2264
-2.34187
-2.42216
-2.4758
-2.51499
-2.5492
-2.58332
-2.61916
-2.65724
-2.69693
-2.73343
-2.75955
-2.77506
-2.78319
-2.78479
-2.77999
-2.76918
-2.75309
-2.73263
-2.70854
-2.68113
-2.64956
-2.61052
-2.55389
-2.45873
-2.29361
0.944009
1.22169
1.49569
1.71868
1.87251
1.96294
1.97893
1.91197
1.80698
1.48471
1.24981
1.42861
1.66345
1.80621
1.91991
2.04584
2.17926
2.30932
2.43346
2.55249
2.66688
2.77839
2.88988
3.00125
3.1002
3.17987
3.24354
3.30011
3.35284
3.37966
3.40323
3.42325
3.43419
3.43533
3.42823
3.41748
3.41685
3.45339
3.57894
0.653617
0.358109
0.0203907
-0.327552
-0.623122
-0.832196
-0.937876
-0.772808
-0.623915
-0.940243
-1.26821
-1.49896
-1.67999
-1.84807
-2.00673
-2.15172
-2.27913
-2.38421
-2.46645
-2.52927
-2.57792
-2.61787
-2.65631
-2.70274
-2.76154
-2.82307
-2.87777
-2.92452
-2.96381
-2.99583
-3.01986
-3.03498
-3.04073
-3.03718
-3.02582
-3.01065
-3.0043
-3.03139
-3.1494
0.923454
1.20315
1.47447
1.68641
1.82015
1.87802
1.84623
1.7246
1.53205
1.09864
0.855816
1.07703
1.36455
1.5468
1.67696
1.79518
1.90602
2.00619
2.0948
2.16999
2.22443
2.24538
2.22403
2.16702
2.11385
2.08787
2.07383
2.05856
2.04405
2.02784
2.0019
1.97698
1.96546
1.95988
1.9536
1.94038
1.89889
1.78125
1.52671
0.629832
0.331927
-0.00409537
-0.340006
-0.607353
-0.769863
-0.787313
-0.522365
-0.366851
-0.628743
-0.903299
-1.09933
-1.22944
-1.30207
-1.32324
-1.31301
-1.29317
-1.28256
-1.28824
-1.30955
-1.34256
-1.38375
-1.42705
-1.45862
-1.4651
-1.45545
-1.44258
-1.4279
-1.41082
-1.39104
-1.37013
-1.34982
-1.33126
-1.31464
-1.29807
-1.27482
-1.22393
-1.10651
-0.853722
0.914379
1.20564
1.48298
1.68949
1.80384
1.82299
1.73019
1.52638
1.20239
0.658898
0.379697
0.583397
0.90463
1.19269
1.46615
1.7356
2.00352
2.27086
2.5414
2.82083
3.11592
3.42709
3.73537
4.00176
4.16786
4.23788
4.31441
4.35838
4.4471
4.68155
4.57477
4.53285
4.54963
4.55245
4.53181
4.51374
4.53394
4.6526
4.9249
0.606295
0.293708
-0.0536144
-0.388161
-0.631242
-0.736424
-0.633351
-0.274732
-0.11035
-0.291678
-0.531578
-0.803076
-1.09728
-1.40295
-1.68344
-1.91198
-2.08359
-2.19719
-2.26401
-2.29954
-2.31777
-2.33053
-2.35466
-2.41781
-2.5327
-2.66261
-2.77631
-2.87509
-2.96468
-3.0457
-3.11572
-3.17281
-3.21686
-3.24922
-3.27486
-3.3046
-3.36757
-3.50938
-3.81184
126.003
122.032
117.597
112.764
107.651
102.406
97.1755
92.0416
87.0205
82.1299
77.3817
72.7859
68.3538
64.0947
60.0162
56.124
52.4222
48.9127
45.5958
42.47
39.5321
36.7777
34.201
31.7958
29.555
27.4712
25.5367
23.744
22.086
20.5554
19.1455
17.85
16.6625
15.5772
14.5883
13.6903
12.8774
12.1442
11.485
10.8943
10.3663
9.89525
9.4756
9.10176
8.7682
8.46966
8.20107
7.95768
7.73504
7.52912
7.33622
7.15314
6.97706
6.80561
6.6368
6.46904
6.30112
6.13217
5.96159
5.78908
5.61453
5.43801
5.25975
5.08008
4.89949
4.71849
4.53786
4.38142
4.24227
4.09876
3.94525
3.80112
3.61701
3.52155
3.22042
3.36608
2.61165
3.65446
1.36455
5.13513
126.388
123.56
120.073
116.146
111.405
105.801
99.5831
93.1918
86.9677
80.9995
75.2504
69.6969
64.3465
59.2123
54.3008
49.6118
45.1427
40.8899
36.8486
33.0127
29.3763
25.9329
22.6759
19.5984
16.693
13.9531
11.3723
8.94533
6.66784
4.5365
2.54879
0.702274
-1.00513
-2.57505
-4.0092
-5.30954
-6.47825
-7.518
-8.43177
-9.22328
-9.89665
-10.4566
-10.9084
-11.2579
-11.5112
-11.6751
-11.7564
-11.7622
-11.6997
-11.576
-11.3983
-11.1736
-10.9083
-10.6089
-10.2811
-9.9305
-9.56202
-9.18019
-8.78902
-8.39206
-7.9924
-7.59266
-7.19514
-6.80163
-6.41382
-6.0326
-5.65944
-5.34598
-5.07078
-4.79549
-4.49403
-4.2254
-3.8646
-3.67829
-3.13388
-3.26416
-2.16373
-3.22617
-0.694746
-3.94475
46.9252
46.7877
47.0007
47.1753
47.2969
47.3185
47.2128
46.9612
46.5594
46.0122
45.3241
44.5018
43.5538
42.4897
41.3203
40.0572
38.714
37.3046
35.8429
34.3436
32.8213
31.2898
29.7621
28.2505
26.7662
25.3186
23.9159
22.5649
21.2711
20.0384
18.8695
17.7664
16.7299
15.7598
14.8559
14.0167
13.2407
12.5259
11.8698
11.2698
10.7226
10.225
9.77352
9.36435
8.99368
8.65757
8.35215
8.07355
7.81807
7.5821
7.36234
7.15572
6.95947
6.77111
6.58853
6.40992
6.23381
6.05902
5.88468
5.71015
5.53506
5.3592
5.18259
5.00536
4.82783
4.6503
4.47349
4.32056
4.18468
4.0448
3.89476
3.75447
3.57436
3.48132
3.18887
3.32697
2.60373
3.59584
1.41222
5.02818
47.0836
46.9986
47.063
47.242
47.4348
47.6228
47.7347
47.6756
47.3959
46.8672
46.0624
44.9806
43.6439
42.0793
40.3164
38.3846
36.3128
34.1288
31.8605
29.5335
27.1719
24.7972
22.4292
20.0856
17.7827
15.535
13.3544
11.2506
9.23109
7.30181
5.46763
3.73199
2.09758
0.566596
-0.859301
-2.17901
-3.39186
-4.49773
-5.49685
-6.3902
-7.17922
-7.8659
-8.45305
-8.94392
-9.3424
-9.65295
-9.88057
-10.0306
-10.1087
-10.1208
-10.0731
-9.97151
-9.82222
-9.6311
-9.40392
-9.14607
-8.86264
-8.5584
-8.23766
-7.90432
-7.56194
-7.21357
-6.86196
-6.50936
-6.15789
-5.80893
-5.46412
-5.17269
-4.91507
-4.65765
-4.37127
-4.1198
-3.77095
-3.60068
-3.06813
-3.20483
-2.13554
-3.15972
-0.736018
-3.83751
23.6292
23.6144
23.609
23.5827
23.5805
23.5944
23.6278
23.6777
23.742
23.8144
23.8869
23.9517
24.0006
24.0253
24.0179
23.9706
23.8772
23.7318
23.5295
23.2675
22.9442
22.5595
22.1149
21.6137
21.0603
20.4606
19.8214
19.1501
18.4548
17.7435
17.0241
16.3043
15.5912
14.8909
14.2092
13.5506
12.919
12.3174
11.7479
11.2119
10.71
10.2421
9.80771
9.40568
9.03443
8.69206
8.37637
8.08497
7.8153
7.5648
7.33089
7.11107
6.90297
6.70441
6.51337
6.32812
6.14712
5.96912
5.79306
5.61817
5.44385
5.26976
5.09573
4.92173
4.74794
4.57451
4.40209
4.25317
4.12102
3.98512
3.83923
3.70265
3.52844
3.43542
3.15761
3.27872
2.60289
3.51886
1.47612
4.87429
23.5818
23.3848
23.1625
22.935
22.6868
22.432
22.1786
21.9229
21.6702
21.4352
21.2216
21.0237
20.8298
20.6198
20.3728
20.0707
19.6982
19.2427
18.6949
18.0493
17.3036
16.4591
15.5202
14.4942
13.3901
12.2189
10.9928
9.72526
8.42996
7.12068
5.81088
4.51303
3.23866
1.99846
0.80181
-0.343001
-1.42879
-2.44953
-3.40016
-4.27672
-5.07625
-5.79665
-6.43688
-6.99677
-7.47699
-7.87907
-8.20524
-8.45849
-8.64233
-8.76081
-8.81839
-8.81983
-8.77007
-8.67417
-8.53719
-8.36413
-8.15977
-7.92875
-7.6754
-7.40376
-7.11751
-6.82002
-6.51434
-6.20302
-5.8885
-5.57263
-5.25706
-4.98853
-4.74947
-4.51044
-4.24095
-4.00579
-3.67365
-3.5132
-3.00597
-3.12956
-2.12249
-3.06773
-0.79821
-3.70823
23.6912
23.7187
23.7146
23.6834
23.6263
23.538
23.4225
23.2797
23.1122
22.9209
22.7081
22.476
22.2267
21.9623
21.6845
21.3946
21.0939
20.7828
20.4614
20.1293
19.7858
19.4296
19.0595
18.6742
18.2724
17.8533
17.4164
16.9618
16.4904
16.0036
15.5036
14.9932
14.4757
13.9547
13.4342
12.9179
12.4097
11.9132
11.4313
10.9669
10.5222
10.0987
9.69744
9.31908
8.96361
8.63057
8.31916
8.02819
7.75624
7.50162
7.26258
7.03723
6.82375
6.62029
6.42514
6.2367
6.05355
5.87443
5.69826
5.52419
5.35155
5.17986
5.00884
4.83834
4.66843
4.49914
4.33108
4.186
4.05724
3.92495
3.7829
3.64989
3.48072
3.38921
3.12153
3.23447
2.58656
3.46218
1.49697
4.77475
23.6277
23.5128
23.3688
23.1994
22.9894
22.7252
22.3964
21.9941
21.5177
20.9847
20.419
19.832
19.2278
18.6086
17.9778
17.3389
16.6938
16.0424
15.3829
14.713
14.0292
13.3274
12.6034
11.8534
11.074
10.2628
9.4185
8.5416
7.63398
6.69913
5.74219
4.7693
3.78761
2.80515
1.83015
0.871013
-0.0640396
-0.96725
-1.83136
-2.64987
-3.41716
-4.12833
-4.77954
-5.36792
-5.89147
-6.34915
-6.74078
-7.06705
-7.32946
-7.5301
-7.67175
-7.75762
-7.79142
-7.77712
-7.71889
-7.62104
-7.4879
-7.32369
-7.13257
-6.91847
-6.68513
-6.43598
-6.17423
-5.90269
-5.624
-5.34042
-5.05358
-4.8074
-4.58611
-4.36461
-4.11136
-3.89208
-3.57558
-3.42637
-2.93966
-3.05969
-2.09515
-2.99687
-0.820917
-3.6245
20.6506
20.6649
20.6776
20.6861
20.6857
20.6746
20.6522
20.6157
20.5636
20.4936
20.404
20.2933
20.1601
20.0033
19.8224
19.6171
19.3876
19.1343
18.8583
18.5609
18.2435
17.908
17.5562
17.19
16.8112
16.4216
16.0226
15.6157
15.2022
14.7831
14.3597
13.9331
13.5044
13.0749
12.6462
12.22
11.7979
11.3818
10.9737
10.5754
10.1887
9.81506
9.45578
9.11191
8.78408
8.47263
8.17752
7.89847
7.6348
7.38569
7.15001
6.92659
6.71407
6.5111
6.3163
6.12837
5.94603
5.76818
5.5938
5.42206
5.25226
5.08389
4.91659
4.75015
4.58455
4.41974
4.2563
4.11518
3.98992
3.8613
3.72314
3.59385
3.4295
3.34034
3.08081
3.1897
2.56129
3.41187
1.49721
4.70017
20.599
20.4973
20.3891
20.2841
20.1741
20.0515
19.9116
19.7479
19.5503
19.3098
19.0256
18.7003
18.3333
17.9226
17.4676
16.9688
16.4278
15.8466
15.228
14.575
13.8912
13.18
12.4448
11.6887
10.9144
10.1244
9.32061
8.50472
7.67822
6.84266
5.99985
5.15182
4.30104
3.45076
2.60468
1.76712
0.942875
0.137085
-0.644897
-1.39772
-2.11619
-2.79534
-3.4307
-4.01842
-4.55526
-5.03868
-5.46688
-5.83893
-6.15459
-6.41437
-6.6194
-6.7715
-6.87301
-6.92674
-6.93579
-6.90364
-6.83389
-6.73024
-6.5964
-6.43604
-6.25273
-6.04984
-5.83059
-5.59789
-5.35449
-5.10296
-4.84485
-4.62105
-4.41758
-4.21369
-3.97681
-3.77375
-3.47254
-3.33631
-2.86704
-2.99036
-2.05647
-2.9348
-0.822369
-3.55644
15.8737
15.8765
15.8842
15.8888
15.8914
15.8926
15.892
15.8892
15.8836
15.8746
15.8613
15.8428
15.818
15.7854
15.7439
15.6918
15.6276
15.5498
15.457
15.3477
15.221
15.0758
14.9116
14.7282
14.5256
14.3044
14.0653
13.8095
13.5383
13.2532
12.956
12.6484
12.3323
12.0094
11.6816
11.3505
11.018
10.6856
10.3551
10.0281
9.70606
9.39037
9.08237
8.78319
8.49377
8.21483
7.94687
7.6901
7.44453
7.2099
6.98578
6.77151
6.56633
6.36933
6.17959
5.99608
5.81788
5.64402
5.47369
5.30612
5.14068
4.97687
4.81431
4.65278
4.4922
4.3325
4.17423
4.03753
3.91619
3.79162
3.65779
3.53252
3.37344
3.2867
3.03613
3.14011
2.53369
3.35495
1.49735
4.61658
15.8348
15.7398
15.6392
15.5445
15.4472
15.3439
15.2328
15.1122
14.9798
14.8309
14.6625
14.4751
14.2704
14.0477
13.8053
13.5404
13.25
12.9316
12.5832
12.2027
11.7886
11.3402
10.857
10.3397
9.78928
9.20758
8.59689
7.95993
7.29977
6.61968
5.92321
5.21382
4.49502
3.77049
3.04391
2.31904
1.59981
0.890226
0.194489
-0.483153
-1.1384
-1.76693
-2.36459
-2.92751
-3.45212
-3.93524
-4.37425
-4.7671
-5.11238
-5.40926
-5.65762
-5.8579
-6.0112
-6.11908
-6.1836
-6.20718
-6.19262
-6.14286
-6.06105
-5.95037
-5.81409
-5.65532
-5.47713
-5.28244
-5.07394
-4.8544
-4.62524
-4.4242
-4.23908
-4.05337
-3.83362
-3.64737
-3.36234
-3.23958
-2.78878
-2.91542
-2.01371
-2.86701
-0.822141
-3.47938
12.6464
12.6594
12.6763
12.6895
12.702
12.7129
12.722
12.7291
12.734
12.7364
12.736
12.7327
12.7261
12.716
12.7019
12.6834
12.66
12.6312
12.5962
12.5543
12.5048
12.4466
12.3788
12.3003
12.2103
12.1079
11.9923
11.8629
11.7194
11.5617
11.39
11.2047
11.0067
10.7967
10.5761
10.3462
10.1085
9.86458
9.61603
9.36448
9.11151
8.85859
8.60718
8.35859
8.11397
7.87436
7.64055
7.41322
7.19275
6.97941
6.77322
6.57406
6.3816
6.19541
6.01494
5.83958
5.66865
5.50151
5.33747
5.17597
5.01646
4.85851
4.70178
4.54606
4.39129
4.23735
4.08483
3.95301
3.83597
3.71583
3.58671
3.46574
3.31242
3.22807
2.98744
3.0853
2.50368
3.29107
1.49707
4.52277
12.6111
12.5355
12.454
12.3759
12.294
12.2067
12.1135
12.0119
11.8995
11.7738
11.6317
11.4719
11.2965
11.1084
10.9086
10.697
10.4725
10.234
9.98049
9.71105
9.42429
9.11876
8.793
8.44566
8.07547
7.68138
7.26267
6.81912
6.35089
5.85875
5.34403
4.80856
4.25461
3.68502
3.10295
2.51186
1.91546
1.31767
0.722501
0.134082
-0.443454
-1.00594
-1.54929
-2.0696
-2.56311
-3.02636
-3.45618
-3.84988
-4.2052
-4.52041
-4.79431
-5.02631
-5.21632
-5.36486
-5.47288
-5.54185
-5.5736
-5.57032
-5.5344
-5.4685
-5.37535
-5.25772
-5.11842
-4.96019
-4.78558
-4.59746
-4.39703
-4.21882
-4.05226
-3.88498
-3.68286
-3.51373
-3.24573
-3.13642
-2.70567
-2.83446
-1.96801
-2.79264
-0.820855
-3.39467
10.6329
10.6524
10.6748
10.6951
10.7156
10.7351
10.7536
10.7709
10.7866
10.8004
10.8122
10.8214
10.8277
10.8309
10.8304
10.826
10.8173
10.804
10.7856
10.7618
10.7324
10.6969
10.6551
10.6065
10.5507
10.4875
10.4162
10.3366
10.2482
10.1505
10.0433
9.92638
9.79951
9.66275
9.51629
9.36049
9.19591
9.02327
8.84348
8.65752
8.46652
8.27163
8.07405
7.87495
7.67547
7.47663
7.2794
7.08457
6.89283
6.70467
6.52049
6.34045
6.16463
5.99292
5.82514
5.66096
5.50005
5.34197
5.1863
5.0326
4.8805
4.72965
4.5798
4.43077
4.28254
4.13497
3.98871
3.86217
3.74975
3.63428
3.51018
3.39371
3.24649
3.16458
2.93435
3.02585
2.46955
3.22291
1.49149
4.42688
10.5996
10.539
10.473
10.4087
10.3417
10.2708
10.1967
10.1182
10.033
9.93892
9.83347
9.71358
9.57777
9.4274
9.26443
9.08967
8.90297
8.70354
8.49072
8.26412
8.02343
7.76827
7.49824
7.21298
6.91211
6.5952
6.26184
5.91167
5.54438
5.15979
4.75797
4.3392
3.90404
3.45349
2.98896
2.51223
2.02552
1.53142
1.03288
0.53314
0.0356458
-0.455968
-0.937991
-1.40672
-1.8585
-2.28977
-2.69721
-3.07774
-3.42866
-3.7476
-4.03269
-4.28247
-4.49602
-4.6729
-4.81318
-4.91739
-4.98652
-5.0219
-5.02525
-4.99851
-4.94389
-4.86369
-4.76035
-4.63633
-4.49396
-4.33609
-4.16363
-4.00786
-3.85969
-3.7107
-3.52633
-3.37428
-3.12379
-3.02785
-2.61795
-2.7487
-1.91808
-2.71467
-0.814164
-3.30857
9.01461
9.03377
9.05547
9.07624
9.09764
9.11879
9.13992
9.16077
9.18123
9.20108
9.22013
9.23813
9.25485
9.26997
9.28318
9.29413
9.30246
9.30776
9.30962
9.30762
9.30133
9.29032
9.27418
9.25252
9.22496
9.19115
9.15081
9.10364
9.04941
8.98791
8.91896
8.84241
8.75817
8.66618
8.56645
8.45902
8.34406
8.2218
8.09259
7.95689
7.81524
7.66829
7.51678
7.3615
7.20326
7.04289
6.88119
6.71894
6.5568
6.3954
6.2352
6.07661
5.91988
5.76519
5.61254
5.46192
5.31318
5.16615
5.02058
4.87625
4.73289
4.5903
4.44831
4.30681
4.16581
4.02522
3.88573
3.76483
3.65732
3.54681
3.428
3.31623
3.17539
3.09603
2.87646
2.96169
2.43056
3.15097
1.47965
4.33106
8.98512
8.93467
8.8793
8.82487
8.76811
8.70817
8.64609
8.58193
8.51441
8.44184
8.36267
8.27482
8.17577
8.06421
7.94094
7.80733
7.66398
7.5106
7.34628
7.1701
6.98145
6.77981
6.56467
6.33557
6.09214
5.83413
5.56134
5.27371
4.97123
4.65402
4.32233
3.97649
3.61692
3.2443
2.8594
2.46329
2.05722
1.64277
1.22176
0.796359
0.36895
-0.0577611
-0.480886
-0.897421
-1.30417
-1.69798
-2.07566
-2.43425
-2.77086
-3.08293
-3.36812
-3.62451
-3.85055
-4.04515
-4.20762
-4.33775
-4.43572
-4.50217
-4.53805
-4.54469
-4.52369
-4.47683
-4.4061
-4.31365
-4.20145
-4.07227
-3.92667
-3.79265
-3.66248
-3.53142
-3.36473
-3.22958
-2.99685
-2.91418
-2.52551
-2.65853
-1.86326
-2.63396
-0.801161
-3.22226
7.63336
7.65109
7.67112
7.69072
7.71106
7.73157
7.75243
7.77346
7.79463
7.81579
7.83688
7.85775
7.87826
7.89826
7.91755
7.93593
7.95317
7.96903
7.98322
7.99543
8.00533
8.01255
8.01671
8.01742
8.01423
8.00675
7.99456
7.97725
7.95442
7.92573
7.89087
7.84956
7.80162
7.74689
7.68525
7.61668
7.54121
7.45892
7.36997
7.27461
7.1731
7.06581
6.95318
6.83565
6.71382
6.5882
6.45942
6.32807
6.19475
6.05997
5.92426
5.78804
5.65168
5.51544
5.37953
5.24407
5.10912
4.97465
4.84062
4.70693
4.57348
4.44017
4.30694
4.17374
4.04067
3.90764
3.77542
3.66054
3.55825
3.45296
3.33973
3.23288
3.09871
3.02202
2.81339
2.89243
2.38657
3.07465
1.46247
4.23361
7.60765
7.56532
7.51895
7.473
7.42466
7.37316
7.31956
7.26436
7.20727
7.14733
7.08327
7.01379
6.9372
6.85145
6.75549
6.65002
6.53622
6.41474
6.28546
6.14765
6.00048
5.84336
5.67579
5.4972
5.30705
5.10483
4.89009
4.66246
4.42165
4.16749
3.89999
3.61923
3.32547
3.01914
2.70085
2.37137
2.03167
1.6829
1.32645
0.963857
0.596933
0.227681
-0.1417
-0.508804
-0.871099
-1.2259
-1.57048
-1.9021
-2.21809
-2.51585
-2.79299
-3.04733
-3.27699
-3.48039
-3.65637
-3.80408
-3.92312
-4.01344
-4.07539
-4.10967
-4.11728
-4.09949
-4.05781
-3.99399
-3.90961
-3.80728
-3.68716
-3.57401
-3.46126
-3.34765
-3.19841
-3.07987
-2.86502
-2.79548
-2.42832
-2.5638
-1.80358
-2.54996
-0.782837
-3.13445
6.51513
6.5319
6.55061
6.56918
6.58853
6.60825
6.62846
6.64906
6.67001
6.69125
6.71272
6.73432
6.75599
6.77759
6.79903
6.82017
6.84086
6.86094
6.88023
6.89854
6.91566
6.93133
6.94532
6.95735
6.96711
6.97429
6.97856
6.97958
6.97696
6.97033
6.95935
6.94364
6.92289
6.89677
6.86502
6.82743
6.78381
6.73407
6.67818
6.61615
6.54807
6.4741
6.39444
6.3094
6.21926
6.12443
6.02531
5.92234
5.81593
5.70658
5.59467
5.48065
5.36484
5.24761
5.12918
5.0098
4.88962
4.76876
4.64727
4.52521
4.40258
4.27939
4.15568
4.03147
3.90692
3.78199
3.65751
3.54902
3.45225
3.35245
3.24507
3.14335
3.01611
2.94225
2.74482
2.81773
2.33739
2.99344
1.44044
4.13315
6.4924
6.45675
6.41789
6.37929
6.33847
6.29446
6.24817
6.20023
6.15078
6.09962
6.04603
5.98892
5.92718
5.85932
5.78359
5.69908
5.60632
5.5064
5.40003
5.28721
5.1673
5.03965
4.90379
4.75936
4.60596
4.44316
4.27056
4.08777
3.89441
3.69018
3.47483
3.24819
3.01018
2.76089
2.50051
2.22943
1.94819
1.65754
1.35839
1.05189
0.739362
0.42234
0.10257
-0.218073
-0.537501
-0.853517
-1.16378
-1.46593
-1.75752
-2.03616
-2.29952
-2.54539
-2.77174
-2.97678
-3.15896
-3.31708
-3.45023
-3.55787
-3.63979
-3.69615
-3.72741
-3.73435
-3.71796
-3.67962
-3.62044
-3.54286
-3.44656
-3.35316
-3.2571
-3.16027
-3.02809
-2.92571
-2.72869
-2.67202
-2.32656
-2.46454
-1.73926
-2.46234
-0.759918
-3.0444
5.61327
5.62892
5.64617
5.66352
5.68163
5.70023
5.71941
5.73911
5.75931
5.77997
5.80106
5.82253
5.84431
5.86633
5.88853
5.91081
5.93306
5.95516
5.97698
5.99839
6.01922
6.0393
6.05843
6.07642
6.09303
6.10805
6.12122
6.13228
6.14094
6.14693
6.14994
6.14968
6.14583
6.13809
6.12616
6.10976
6.08862
6.06251
6.03125
5.99469
5.95272
5.9053
5.85246
5.79425
5.73083
5.66235
5.58907
5.51123
5.42913
5.34309
5.25346
5.16053
5.06465
4.96609
4.86516
4.76207
4.65707
4.55031
4.44197
4.33215
4.22097
4.10851
3.99488
3.8802
3.76467
3.64829
3.53195
3.43016
3.33916
3.2451
3.14381
3.04743
2.92733
2.85645
2.67044
2.73735
2.28277
2.90716
1.41349
4.02934
5.59312
5.56287
5.52997
5.49723
5.46273
5.42544
5.38577
5.34422
5.3011
5.25662
5.2107
5.16273
5.11179
5.05691
4.9968
4.92992
4.85541
4.77368
4.68568
4.5921
4.49296
4.3877
4.27572
4.15663
4.03012
3.89592
3.75368
3.6031
3.44387
3.27571
3.0984
2.91174
2.71557
2.50985
2.29458
2.06989
1.83602
1.59336
1.34242
1.08393
0.818759
0.547994
0.272885
-0.00512969
-0.284436
-0.563245
-0.83965
-1.11162
-1.37705
-1.63379
-1.87969
-2.11261
-2.33057
-2.53167
-2.71421
-2.87673
-3.018
-3.13711
-3.23343
-3.30664
-3.35677
-3.3841
-3.38919
-3.373
-3.33622
-3.28102
-3.20665
-3.13168
-3.05138
-2.97047
-2.85474
-2.7679
-2.58848
-2.54426
-2.22054
-2.36096
-1.67052
-2.3711
-0.732704
-2.95181
4.86465
4.87894
4.89459
4.91047
4.92709
4.94425
4.96203
4.98039
4.99933
5.01884
5.0389
5.05948
5.08054
5.10205
5.12396
5.14621
5.16874
5.19146
5.21428
5.23711
5.25983
5.28231
5.3044
5.32594
5.34678
5.3667
5.38552
5.40303
5.41897
5.43312
5.44523
5.45502
5.46226
5.46666
5.46795
5.46586
5.46013
5.45052
5.43677
5.41868
5.39605
5.36874
5.33663
5.29964
5.25773
5.21093
5.15929
5.10292
5.04195
4.97659
4.907
4.83344
4.75612
4.6753
4.5912
4.50405
4.41406
4.32146
4.2264
4.12908
4.02965
3.92828
3.8251
3.72031
3.61413
3.50664
3.39875
3.30392
3.2189
3.13077
3.03577
2.9449
2.83212
2.76436
2.58996
2.65104
2.22243
2.81559
1.3817
3.922
4.84688
4.82108
4.79303
4.76501
4.7356
4.70397
4.67027
4.63458
4.59706
4.55807
4.5179
4.47649
4.43334
4.38769
4.33873
4.28528
4.226
4.16008
4.08782
4.01008
3.92754
3.84021
3.7476
3.64916
3.54454
3.43349
3.31575
3.19104
3.05907
2.91956
2.77229
2.61706
2.4537
2.28211
2.10226
1.91416
1.71793
1.51376
1.30198
1.08301
0.857445
0.625992
0.38954
0.149114
-0.094063
-0.338633
-0.583068
-0.825728
-1.06485
-1.29857
-1.525
-1.7422
-1.94826
-2.14135
-2.31975
-2.48185
-2.62626
-2.75182
-2.85757
-2.94289
-3.00737
-3.05094
-3.07372
-3.07633
-3.05901
-3.02368
-2.96916
-2.91109
-2.84545
-2.77944
-2.67938
-2.60729
-2.44505
-2.41275
-2.11063
-2.25333
-1.59755
-2.27627
-0.701622
-2.85641
4.23461
4.24752
4.26159
4.27596
4.29102
4.30663
4.32286
4.33968
4.35712
4.37516
4.39379
4.41302
4.43281
4.45316
4.47402
4.49539
4.51721
4.53943
4.56199
4.58484
4.60788
4.63104
4.65422
4.67729
4.70014
4.72262
4.74457
4.76584
4.78622
4.80552
4.82353
4.84002
4.85475
4.86748
4.87797
4.88596
4.89119
4.89341
4.89236
4.88782
4.87956
4.86737
4.85107
4.8305
4.80554
4.77609
4.74209
4.70351
4.66039
4.61276
4.56071
4.50435
4.44383
4.37927
4.31088
4.2388
4.16324
4.08437
4.00239
3.91746
3.8298
3.73957
3.64699
3.55225
3.45563
3.35722
3.25797
3.17027
3.09138
3.00933
2.92077
2.83555
2.73024
2.66575
2.50304
2.55849
2.15609
2.7184
1.34514
3.81023
4.21898
4.19688
4.17287
4.1488
4.12355
4.09646
4.0677
4.03727
4.00497
3.97091
3.93547
3.89897
3.86139
3.82233
3.78114
3.73711
3.68923
3.63627
3.57748
3.51307
3.44383
3.37039
3.29285
3.21077
3.12364
3.03116
2.93314
2.82932
2.71946
2.60329
2.48058
2.35112
2.2147
2.07122
1.92055
1.76264
1.59752
1.42527
1.24606
1.06016
0.867948
0.669917
0.466688
0.259004
0.0477592
-0.166004
-0.381116
-0.596265
-0.810024
-1.02084
-1.22709
-1.42707
-1.61907
-1.80137
-1.97231
-2.13028
-2.27383
-2.40165
-2.5126
-2.60578
-2.68054
-2.73646
-2.77333
-2.79142
-2.79061
-2.77254
-2.73563
-2.69283
-2.64063
-2.58835
-2.50303
-2.44476
-2.2991
-2.27805
-1.99728
-2.1419
-1.52073
-2.17764
-0.667271
-2.75729
3.70152
3.71313
3.72574
3.73867
3.75225
3.76635
3.78106
3.79634
3.81223
3.82872
3.84581
3.86352
3.88183
3.90073
3.92021
3.94027
3.96087
3.98198
4.00358
4.02561
4.04804
4.07079
4.09381
4.11701
4.14029
4.16357
4.18672
4.20962
4.23213
4.25408
4.27532
4.29565
4.31488
4.33281
4.34922
4.36386
4.37651
4.38692
4.39485
4.40005
4.40228
4.40131
4.39692
4.38889
4.37707
4.36126
4.34134
4.31721
4.28878
4.25601
4.21888
4.17741
4.13162
4.0816
4.02744
3.96924
3.90712
3.84125
3.77176
3.69883
3.62265
3.54341
3.46131
3.37659
3.28954
3.20026
3.10974
3.02924
2.95657
2.88069
2.79865
2.71919
2.62141
2.56034
2.40945
2.45939
2.08359
2.61502
1.30419
3.69277
3.68777
3.66876
3.64813
3.62738
3.60562
3.58229
3.55753
3.53144
3.50383
3.47448
3.44347
3.41116
3.37787
3.34363
3.30813
3.27081
3.23105
3.18794
3.14037
3.08759
3.02977
2.96765
2.90186
2.83251
2.75924
2.68157
2.59925
2.51209
2.41988
2.32239
2.21941
2.11074
1.9962
1.87563
1.7489
1.61591
1.47661
1.331
1.17915
1.02119
0.857356
0.687964
0.513439
0.334307
0.15122
-0.0350417
-0.223578
-0.413368
-0.603263
-0.792001
-0.978216
-1.16046
-1.33723
-1.50699
-1.66818
-1.8193
-1.95889
-2.08559
-2.19818
-2.29562
-2.37701
-2.44176
-2.48932
-2.51974
-2.53252
-2.5291
-2.5075
-2.47824
-2.43815
-2.39834
-2.3267
-2.28119
-2.15139
-2.14074
-1.88105
-2.02692
-1.44075
-2.07499
-0.630778
-2.65287
3.24811
3.25852
3.26979
3.28138
3.29355
3.30623
3.31947
3.33326
3.34762
3.36257
3.3781
3.39423
3.41096
3.4283
3.44624
3.46477
3.48389
3.50358
3.52383
3.5446
3.56587
3.58759
3.60972
3.63222
3.655
3.67801
3.70115
3.72433
3.74744
3.77037
3.79298
3.81513
3.83666
3.85741
3.87717
3.89576
3.91298
3.92862
3.94242
3.95418
3.96366
3.97061
3.97481
3.97603
3.97404
3.96866
3.95969
3.94696
3.93032
3.90967
3.88491
3.85596
3.8228
3.78541
3.74381
3.69803
3.64814
3.59423
3.5364
3.47479
3.40956
3.34088
3.26896
3.19403
3.11638
3.03612
2.95425
2.88094
2.81446
2.74478
2.66928
2.59565
2.50542
2.44786
2.30887
2.35329
2.00484
2.50469
1.25922
3.56773
3.236
3.21959
3.20177
3.18382
3.16499
3.14483
3.1234
3.10081
3.07699
3.05181
3.02505
2.99671
2.96711
2.93658
2.90519
2.87269
2.83863
2.80246
2.76338
2.72041
2.67285
2.62079
2.5649
2.50583
2.44367
2.37806
2.30855
2.23491
2.15699
2.07462
1.98763
1.89583
1.79903
1.6971
1.58989
1.4773
1.35924
1.23566
1.10657
0.972023
0.83214
0.687117
0.537226
0.382831
0.224388
0.0624748
-0.102234
-0.268954
-0.436778
-0.604697
-0.771588
-0.936242
-1.09737
-1.25362
-1.40362
-1.54597
-1.67927
-1.80223
-1.91358
-2.01221
-2.09712
-2.16751
-2.2227
-2.26246
-2.28607
-2.29471
-2.28612
-2.26858
-2.23922
-2.21053
-2.15139
-2.11747
-2.00275
-2.00141
-1.76262
-1.90839
-1.35855
-1.9671
-0.593739
-2.54077
2.85681
2.86613
2.87619
2.88657
2.89748
2.90887
2.92078
2.93321
2.94617
2.95969
2.97377
2.98842
3.00365
3.01946
3.03587
3.05287
3.07047
3.08865
3.10741
3.12673
3.14661
3.167
3.18789
3.20923
3.23099
3.25311
3.27553
3.29818
3.32098
3.34385
3.36667
3.38934
3.41173
3.4337
3.45511
3.47578
3.49555
3.51424
3.53163
3.54752
3.56171
3.57396
3.58406
3.59177
3.59688
3.59915
3.59839
3.59437
3.58693
3.57589
3.5611
3.54245
3.51981
3.49312
3.46232
3.42741
3.38835
3.34519
3.29797
3.2468
3.19178
3.13305
3.07081
3.00527
2.93669
2.8652
2.79176
2.72551
2.66515
2.60158
2.53256
2.46473
2.38207
2.32795
2.2012
2.23953
1.92021
2.38566
1.21151
3.43207
2.84615
2.83195
2.81654
2.80098
2.78467
2.76721
2.74865
2.72905
2.70837
2.68655
2.66353
2.63905
2.61304
2.58579
2.5577
2.52886
2.49907
2.46797
2.43503
2.39948
2.36041
2.3173
2.2703
2.22
2.16701
2.1114
2.05274
1.99051
1.92453
1.85472
1.781
1.70319
1.62111
1.53462
1.44359
1.34791
1.24749
1.14225
1.03217
0.917254
0.79756
0.673198
0.544345
0.411239
0.274204
0.133653
-0.00991263
-0.155899
-0.303609
-0.452236
-0.600888
-0.748561
-0.89418
-1.03659
-1.17459
-1.30692
-1.43233
-1.54956
-1.65741
-1.75475
-1.84053
-1.91387
-1.97392
-2.02034
-2.05215
-2.07038
-2.07251
-2.06492
-2.04488
-2.02588
-1.9781
-1.95434
-1.85413
-1.86031
-1.64333
-1.7856
-1.2764
-1.8518
-0.560684
-2.41624
2.52394
2.53218
2.54105
2.55023
2.55989
2.56998
2.58053
2.59156
2.60308
2.6151
2.62764
2.6407
2.65431
2.66847
2.68319
2.69848
2.71434
2.73077
2.74778
2.76536
2.78349
2.80218
2.8214
2.84113
2.86132
2.88197
2.90303
2.92445
2.94615
2.96808
2.99018
3.01234
3.03446
3.05644
3.07815
3.09948
3.12026
3.14035
3.15956
3.17774
3.19467
3.21016
3.22401
3.23598
3.24589
3.25349
3.25858
3.26094
3.26035
3.25665
3.24963
3.23911
3.22496
3.20705
3.18527
3.15955
3.12982
3.09606
3.05825
3.01644
2.9707
2.92113
2.86789
2.81114
2.75113
2.688
2.62263
2.56318
2.50875
2.45113
2.38844
2.32625
2.25121
2.20013
2.08644
2.11698
1.83028
2.25615
1.16321
3.28344
2.51461
2.50234
2.48903
2.47554
2.46142
2.44631
2.43025
2.41326
2.39534
2.37652
2.35683
2.33597
2.31292
2.28649
2.25649
2.22391
2.19012
2.15649
2.12441
2.09509
2.0684
2.04216
2.01283
1.97704
1.93335
1.88338
1.83039
1.77605
1.71977
1.66042
1.59743
1.53078
1.46052
1.38658
1.30882
1.22708
1.14125
1.05127
0.957082
0.858663
0.756018
0.649206
0.538326
0.423533
0.305052
0.18317
0.0582607
-0.0692359
-0.198784
-0.329757
-0.461442
-0.593038
-0.723637
-0.85229
-0.977966
-1.09956
-1.21596
-1.32604
-1.42863
-1.52268
-1.60714
-1.68106
-1.74355
-1.79415
-1.83176
-1.85717
-1.86785
-1.86835
-1.85627
-1.84535
-1.80794
-1.79239
-1.70683
-1.71732
-1.52505
-1.65713
-1.19736
-1.72587
-0.53613
-2.27496
2.13856
2.14562
2.15318
2.16103
2.16929
2.17795
2.18701
2.1965
2.20644
2.21684
2.22769
2.23904
2.25088
2.26323
2.27611
2.28952
2.30347
2.31797
2.33303
2.34865
2.36483
2.38157
2.39887
2.41673
2.4351
2.45399
2.4734
2.49325
2.51353
2.53419
2.5552
2.57647
2.59796
2.61957
2.6412
2.66279
2.68423
2.70535
2.72605
2.74619
2.76559
2.78408
2.80148
2.81761
2.83229
2.84527
2.85634
2.86532
2.87196
2.87607
2.87743
2.87581
2.87106
2.863
2.85146
2.83629
2.81737
2.79462
2.76797
2.73739
2.70288
2.66449
2.62233
2.5765
2.52721
2.47461
2.41947
2.36867
2.32186
2.27187
2.21747
2.16246
2.09774
2.05008
1.95462
1.9741
1.73121
2.10689
1.11537
3.11573
2.13069
2.12055
2.1095
2.09825
2.0865
2.07398
2.06067
2.04662
2.03176
2.01601
1.99932
1.98172
1.96336
1.9443
1.92414
1.90254
1.87976
1.85634
1.83233
1.80741
1.7812
1.7533
1.72293
1.68972
1.65397
1.61571
1.57456
1.53064
1.48433
1.4357
1.3845
1.33048
1.27348
1.21343
1.15021
1.08371
1.01385
0.940533
0.863701
0.783286
0.699264
0.61164
0.520443
0.425754
0.327691
0.226423
0.122191
0.0152851
-0.0939336
-0.205017
-0.317448
-0.43064
-0.543888
-0.656444
-0.767499
-0.876142
-0.981396
-1.08232
-1.17785
-1.267
-1.34876
-1.42219
-1.48632
-1.54057
-1.58384
-1.61646
-1.63631
-1.64512
-1.64233
-1.63928
-1.61524
-1.60603
-1.54182
-1.55005
-1.39687
-1.50253
-1.12027
-1.56915
-0.528262
-2.09935
1.75457
1.76025
1.76633
1.77267
1.77935
1.78637
1.79373
1.80145
1.80957
1.81808
1.82699
1.83631
1.84608
1.85629
1.86698
1.87814
1.88977
1.90192
1.91458
1.92776
1.94148
1.95574
1.97055
1.98591
2.00181
2.01826
2.03525
2.05276
2.07078
2.08929
2.10828
2.12769
2.14751
2.16766
2.18808
2.20874
2.22955
2.25041
2.27125
2.29194
2.31237
2.33238
2.35185
2.37065
2.38858
2.40545
2.42106
2.43525
2.44779
2.45845
2.46702
2.47331
2.4771
2.47814
2.47628
2.4713
2.46303
2.45133
2.43606
2.41713
2.39446
2.36805
2.33794
2.30416
2.26685
2.22615
2.18273
2.14199
2.10402
2.06311
2.01831
1.97252
1.91873
1.87871
1.79854
1.81857
1.60488
1.96144
1.0329
2.98506
1.74834
1.74048
1.73192
1.72318
1.71406
1.70436
1.69404
1.68316
1.67166
1.65945
1.64653
1.63303
1.61934
1.60598
1.59323
1.58059
1.56698
1.55143
1.53343
1.51271
1.48908
1.46285
1.43496
1.40628
1.37724
1.3477
1.31675
1.28332
1.24718
1.20892
1.16888
1.12685
1.08253
1.03576
0.986437
0.934502
0.879888
0.822512
0.762289
0.699144
0.633027
0.563902
0.491757
0.416605
0.338478
0.25747
0.17369
0.0873131
-0.00145393
-0.0923292
-0.184966
-0.278978
-0.37387
-0.469099
-0.564051
-0.658053
-0.75031
-0.840051
-0.926383
-1.00843
-1.08527
-1.15603
-1.21973
-1.27574
-1.3229
-1.36136
-1.38897
-1.40573
-1.41108
-1.41679
-1.40382
-1.40489
-1.35573
-1.37354
-1.24205
-1.3516
-1.00364
-1.44312
-0.457873
-2.01318
1.45032
1.45497
1.45994
1.46514
1.47062
1.47637
1.48241
1.48876
1.49544
1.50246
1.50981
1.51752
1.52562
1.53408
1.54295
1.55223
1.56192
1.57205
1.58263
1.59368
1.60519
1.61718
1.62966
1.64264
1.65612
1.67011
1.68459
1.69958
1.71507
1.73105
1.74752
1.76446
1.78183
1.79963
1.8178
1.83631
1.85511
1.87415
1.89336
1.91266
1.93198
1.9512
1.97021
1.98892
2.00717
2.02481
2.0417
2.05768
2.07255
2.08611
2.09818
2.10858
2.11706
2.12343
2.12749
2.12902
2.12784
2.12376
2.11662
2.10628
2.0926
2.07554
2.05506
2.03114
2.00388
1.97333
1.94012
1.9083
1.87829
1.84565
1.80967
1.77255
1.72894
1.69663
1.63046
1.65291
1.46504
1.80939
0.935458
2.85282
1.4453
1.4391
1.43235
1.42542
1.4182
1.41051
1.40235
1.39373
1.38461
1.37497
1.36476
1.35393
1.34248
1.33043
1.31781
1.30469
1.29099
1.2763
1.26022
1.24293
1.22495
1.20668
1.18813
1.16899
1.14871
1.12661
1.10243
1.07628
1.04818
1.01811
0.986317
0.952969
0.917946
0.881035
0.842072
0.80099
0.75775
0.712299
0.664554
0.614442
0.561897
0.506868
0.449329
0.389257
0.326657
0.261568
0.19404
0.124162
0.0520734
-0.0220731
-0.0980285
-0.175549
-0.25429
-0.333864
-0.413824
-0.49367
-0.572794
-0.650591
-0.726341
-0.799321
-0.86875
-0.933855
-0.993745
-1.04782
-1.09494
-1.13522
-1.16651
-1.18781
-1.1983
-1.20985
-1.20481
-1.21365
-1.17609
-1.20246
-1.08788
-1.20443
-0.881641
-1.32538
-0.376928
-1.94288
1.18933
1.19309
1.19712
1.20133
1.20578
1.21046
1.21539
1.22058
1.22604
1.23179
1.23783
1.24417
1.25085
1.25783
1.26517
1.27286
1.28091
1.28934
1.29816
1.30738
1.31702
1.32707
1.33757
1.34849
1.35987
1.37171
1.38399
1.39673
1.40994
1.42361
1.43775
1.45232
1.46733
1.48277
1.4986
1.5148
1.53135
1.54821
1.56532
1.58263
1.60011
1.61766
1.63518
1.65262
1.66986
1.68679
1.70327
1.71921
1.73441
1.74874
1.76202
1.77411
1.78478
1.79386
1.80119
1.80652
1.8097
1.81054
1.80887
1.80452
1.79733
1.78723
1.77414
1.75801
1.73886
1.71672
1.69211
1.668
1.64494
1.61964
1.59157
1.56236
1.52811
1.50306
1.45025
1.47468
1.31297
1.64325
0.827704
2.69659
1.18532
1.18042
1.17508
1.1696
1.16386
1.15777
1.1513
1.14446
1.13722
1.12958
1.12148
1.11291
1.10384
1.09426
1.08414
1.0735
1.06241
1.05089
1.03877
1.02563
1.01127
0.996013
0.980416
0.96469
0.948642
0.931833
0.91368
0.893819
0.872275
0.849079
0.824155
0.7976
0.769661
0.740399
0.709635
0.677199
0.64302
0.607048
0.569233
0.529508
0.487806
0.444073
0.398271
0.350375
0.300378
0.248275
0.194097
0.137879
0.0797103
0.0196778
-0.0420539
-0.105321
-0.169888
-0.235486
-0.301785
-0.368425
-0.434942
-0.500883
-0.565683
-0.628765
-0.689485
-0.747211
-0.801166
-0.850842
-0.895178
-0.934274
-0.966124
-0.989166
-1.00238
-1.01724
-1.0176
-1.03154
-1.00327
-1.03552
-0.936451
-1.05701
-0.760421
-1.20282
-0.299199
-1.8515
0.959977
0.96294
0.966109
0.969425
0.972928
0.976621
0.980506
0.984604
0.988925
0.993472
0.998259
1.0033
1.00859
1.01415
1.01999
1.02614
1.03258
1.03935
1.04644
1.05386
1.06163
1.06977
1.07829
1.08717
1.09644
1.10612
1.11619
1.12666
1.13755
1.14886
1.16058
1.17272
1.18526
1.19822
1.21156
1.22528
1.23936
1.25377
1.26849
1.28346
1.29868
1.31407
1.32957
1.34512
1.36064
1.37605
1.39125
1.40614
1.42059
1.43447
1.44766
1.46001
1.47136
1.48154
1.49041
1.49776
1.50346
1.50731
1.50917
1.50886
1.50624
1.5012
1.49365
1.48352
1.4708
1.45549
1.43801
1.4204
1.40334
1.38442
1.36332
1.34119
1.31538
1.29696
1.25645
1.28245
1.14578
1.46075
0.704094
2.51355
0.956832
0.953028
0.948881
0.94461
0.940141
0.935386
0.930338
0.925
0.919351
0.913377
0.907062
0.900383
0.893316
0.885837
0.877927
0.86957
0.860775
0.851556
0.841975
0.832005
0.821353
0.809643
0.79689
0.783593
0.770182
0.756701
0.742844
0.728116
0.71207
0.694552
0.675584
0.655111
0.633196
0.610105
0.585992
0.560745
0.534197
0.506219
0.47675
0.445741
0.41315
0.378927
0.343047
0.305469
0.266183
0.225165
0.182425
0.137968
0.0918453
0.0441022
-0.00515713
-0.0558265
-0.107748
-0.160739
-0.214561
-0.268964
-0.3236
-0.378132
-0.43213
-0.48515
-0.536672
-0.586204
-0.633077
-0.676899
-0.716727
-0.752686
-0.782907
-0.8057
-0.819814
-0.836048
-0.839712
-0.856687
-0.8355
-0.871563
-0.785933
-0.908479
-0.6367
-1.07435
-0.218707
-1.7443
0.757187
0.759442
0.761849
0.764374
0.767047
0.769868
0.772835
0.775968
0.779273
0.782752
0.786418
0.790277
0.794335
0.7986
0.803096
0.807821
0.812777
0.817982
0.823454
0.829191
0.835203
0.841509
0.848119
0.85503
0.86226
0.869813
0.877694
0.885911
0.894471
0.903378
0.912643
0.922251
0.932211
0.942533
0.953196
0.9642
0.975538
0.987187
0.999138
1.01136
1.02385
1.03655
1.04943
1.06243
1.07551
1.08862
1.10166
1.11456
1.12725
1.13961
1.15154
1.16292
1.17362
1.18352
1.19248
1.20034
1.20698
1.21223
1.21596
1.21802
1.21828
1.21661
1.21294
1.20719
1.19934
1.18936
1.17758
1.16534
1.15327
1.13977
1.12461
1.10867
1.09014
1.07757
1.04788
1.07484
0.960759
1.25975
0.559417
2.29886
0.754792
0.751917
0.748776
0.745532
0.74214
0.738532
0.7347
0.73064
0.726341
0.721794
0.716983
0.71189
0.706504
0.700799
0.69476
0.688364
0.681598
0.674455
0.66696
0.659161
0.651091
0.642604
0.633336
0.623057
0.612029
0.600768
0.589515
0.578131
0.566251
0.55343
0.539411
0.524149
0.507632
0.489892
0.471156
0.451621
0.431262
0.409887
0.38736
0.36362
0.338656
0.312438
0.284953
0.256153
0.226017
0.194518
0.16165
0.127405
0.0918033
0.0548686
0.016663
-0.0227532
-0.0632745
-0.104787
-0.14712
-0.190108
-0.233501
-0.277055
-0.32045
-0.363369
-0.405397
-0.446169
-0.485148
-0.522038
-0.556036
-0.587305
-0.614167
-0.63508
-0.648583
-0.66453
-0.669683
-0.687799
-0.6716
-0.709574
-0.635
-0.757934
-0.508168
-0.939254
-0.129827
-1.62478
0.558399
0.560034
0.561785
0.563631
0.565595
0.567671
0.569867
0.572194
0.574652
0.577246
0.579987
0.582878
0.585928
0.589144
0.592537
0.596104
0.599856
0.603804
0.607958
0.612321
0.616905
0.621721
0.626772
0.632071
0.63763
0.643443
0.649519
0.65587
0.662499
0.669409
0.676605
0.684082
0.691847
0.699906
0.708243
0.716857
0.725747
0.7349
0.744311
0.753961
0.763827
0.773888
0.784121
0.79448
0.804946
0.815472
0.82599
0.836458
0.84682
0.856982
0.866884
0.87643
0.885532
0.894091
0.902015
0.909181
0.915485
0.920787
0.925005
0.928013
0.929698
0.929951
0.928714
0.925916
0.921517
0.915496
0.908121
0.900135
0.892132
0.883085
0.872905
0.86215
0.849796
0.842106
0.821609
0.848431
0.753383
1.0344
0.386898
2.02872
0.556673
0.554617
0.552364
0.550036
0.547601
0.545012
0.542261
0.539343
0.536254
0.532984
0.529524
0.525858
0.521982
0.51788
0.513538
0.508936
0.50406
0.498898
0.493458
0.487755
0.481815
0.475682
0.46934
0.462523
0.454872
0.446398
0.437527
0.428683
0.419951
0.411114
0.401824
0.391769
0.380821
0.368902
0.355982
0.342222
0.327838
0.312793
0.296894
0.279989
0.262056
0.24311
0.223185
0.20225
0.180282
0.157249
0.133141
0.107953
0.0817029
0.0544052
0.026104
-0.00316437
-0.0333217
-0.0643025
-0.0959789
-0.128249
-0.16093
-0.193867
-0.226819
-0.25958
-0.291837
-0.32334
-0.353685
-0.382676
-0.409651
-0.434837
-0.456762
-0.474313
-0.485805
-0.49997
-0.504877
-0.522367
-0.509108
-0.547054
-0.481053
-0.602244
-0.371672
-0.792767
-0.0294755
-1.47637
0.398253
0.399237
0.400299
0.40142
0.402613
0.40388
0.405227
0.406658
0.408165
0.409761
0.411454
0.413236
0.41512
0.417113
0.419209
0.42141
0.423732
0.426175
0.428739
0.431433
0.434268
0.437245
0.44037
0.443651
0.447095
0.4507
0.454482
0.458443
0.462584
0.466911
0.471428
0.476139
0.481047
0.486154
0.491461
0.496975
0.502684
0.508589
0.514699
0.520994
0.527468
0.534109
0.540899
0.547815
0.554857
0.561978
0.56914
0.576323
0.583483
0.590553
0.597494
0.604242
0.610746
0.616921
0.622708
0.62803
0.632813
0.636943
0.64038
0.643024
0.644795
0.645612
0.645446
0.644237
0.641947
0.638553
0.634283
0.629534
0.624613
0.619017
0.612653
0.605972
0.598348
0.594269
0.580786
0.60615
0.525928
0.785381
0.193782
1.679
0.397199
0.39589
0.394436
0.392933
0.391357
0.389671
0.387868
0.385949
0.383918
0.381764
0.379472
0.37703
0.374434
0.371677
0.368749
0.365635
0.362325
0.358814
0.355091
0.351143
0.346982
0.342628
0.338128
0.333483
0.328536
0.322946
0.316522
0.309539
0.302473
0.295512
0.288464
0.280981
0.272799
0.263848
0.254167
0.243764
0.232802
0.22154
0.210058
0.198206
0.185811
0.172773
0.159094
0.144771
0.129796
0.11413
0.0977626
0.0806747
0.0628789
0.0443699
0.0251742
0.00530086
-0.0151996
-0.0362994
-0.0579112
-0.0799796
-0.10238
-0.125023
-0.147742
-0.170412
-0.192818
-0.214808
-0.236094
-0.256585
-0.27576
-0.293913
-0.309787
-0.322905
-0.331312
-0.342473
-0.345728
-0.361118
-0.348903
-0.385198
-0.325031
-0.442764
-0.227436
-0.633456
0.0826804
-1.2817
0.157404
0.15826
0.159187
0.160173
0.161223
0.162346
0.163547
0.164827
0.166182
0.167622
0.169151
0.170771
0.172488
0.174305
0.176216
0.17823
0.180352
0.182583
0.184919
0.187371
0.189942
0.19263
0.195441
0.198376
0.20143
0.204613
0.207921
0.211354
0.214909
0.218587
0.222378
0.226287
0.230302
0.234419
0.238638
0.242953
0.247345
0.251814
0.256351
0.260939
0.265581
0.270259
0.274947
0.27964
0.284344
0.289021
0.293655
0.29824
0.302754
0.307161
0.311459
0.3156
0.319584
0.323348
0.32688
0.330132
0.333089
0.335675
0.337897
0.339688
0.341029
0.341864
0.342208
0.342005
0.341241
0.339901
0.338157
0.335976
0.333711
0.33108
0.328115
0.325003
0.321547
0.320664
0.312841
0.335747
0.266158
0.483048
-0.0147637
1.12446
0.156545
0.155523
0.15436
0.153136
0.151851
0.150473
0.148987
0.147403
0.145719
0.143926
0.142004
0.13994
0.137726
0.135357
0.13282
0.130106
0.127201
0.124097
0.120772
0.117204
0.113377
0.109283
0.104902
0.100179
0.0950141
0.089322
0.0830974
0.0768427
0.0721682
0.0716071
0.0772862
0.0895613
0.106638
0.124976
0.14042
0.149674
0.151494
0.146967
0.138801
0.129616
0.120663
0.111939
0.103075
0.0938321
0.0842054
0.074246
0.064015
0.0535123
0.0427649
0.0317633
0.0205371
0.00907487
-0.00258536
-0.0144506
-0.0264685
-0.038637
-0.050882
-0.0631913
-0.0754697
-0.0876831
-0.0997121
-0.111515
-0.122915
-0.133931
-0.144185
-0.154044
-0.162485
-0.169873
-0.17407
-0.181082
-0.181367
-0.193152
-0.180548
-0.212616
-0.158174
-0.264356
-0.074356
-0.427886
0.178451
-0.925643
0.147224
0.146606
0.145969
0.14531
0.144626
0.143918
0.143187
0.142432
0.141647
0.140834
0.139993
0.139124
0.138227
0.137297
0.136335
0.135339
0.134311
0.133248
0.132148
0.131015
0.12985
0.128651
0.127424
0.126169
0.124889
0.12359
0.122274
0.120944
0.119611
0.118272
0.116938
0.115614
0.114309
0.113024
0.111782
0.110574
0.109425
0.108331
0.10731
0.106356
0.105501
0.104724
0.104043
0.103447
0.102964
0.102557
0.10225
0.102018
0.101867
0.101763
0.101721
0.101699
0.101716
0.101727
0.101747
0.101736
0.101716
0.101633
0.101506
0.10128
0.100971
0.100538
0.100008
0.0993551
0.0985841
0.0976974
0.096845
0.0963285
0.0954154
0.0942919
0.0929686
0.0915377
0.0898397
0.088932
0.0840349
0.0965558
0.058453
0.176257
-0.0734098
0.453404
0.147819
0.148397
0.148974
0.149572
0.150203
0.150861
0.151541
0.152249
0.152992
0.153768
0.154583
0.155443
0.156359
0.157336
0.158387
0.159524
0.160762
0.16212
0.163613
0.165252
0.167022
0.168863
0.170762
0.172897
0.175888
0.180845
0.188901
0.199988
0.211522
0.218271
0.214161
0.194991
0.160581
0.115516
0.0683154
0.0285808
0.00303947
-0.00752919
-0.0077757
-0.0040744
-0.00064312
0.00132232
0.00237119
0.00312839
0.00380696
0.00426794
0.00441267
0.00416906
0.00357251
0.00260314
0.00129684
-0.000365621
-0.0023339
-0.00460979
-0.0071281
-0.00988468
-0.0128083
-0.0158956
-0.0190723
-0.0223334
-0.0256044
-0.0288932
-0.0321027
-0.0353086
-0.0382852
-0.0413838
-0.0438793
-0.0466751
-0.0474169
-0.0504621
-0.0485567
-0.0558805
-0.0451038
-0.0678937
-0.0284003
-0.101215
0.0245877
-0.193292
0.170153
-0.443076
)
;

boundaryField
{
    inlet
    {
        type            freestreamPressure;
        freestreamValue uniform 0;
        value           nonuniform List<scalar> 
134
(
0.912639
1.20335
1.48016
1.68627
1.8004
1.81952
1.7269
1.52347
1.2001
0.657644
0.206329
0.316958
0.491355
0.647628
0.795875
0.941859
1.08692
1.23159
1.37791
1.52896
0.605141
1.68844
1.85658
2.02313
2.16699
2.25658
2.27858
2.34951
2.31927
2.31396
2.67785
2.47504
2.45213
2.46098
2.46229
2.45091
2.44094
2.45164
2.51561
2.57393
0.29315
-0.0535123
-0.387422
-0.630041
-0.735023
-0.632146
-0.274209
2.77601
2.71822
2.63506
2.58128
2.54098
2.4958
2.4451
2.39327
2.34148
2.28881
2.23451
2.1784
2.12039
2.05998
1.99651
1.92895
1.85565
1.77534
1.68472
1.61414
1.54273
1.45835
1.35948
1.24351
1.09753
0.908489
0.608545
0.245448
-0.0503821
-0.13322
-0.242901
-0.36714
-0.50188
-0.641979
-0.770631
-0.875556
-0.954437
-1.00675
-1.03763
-1.05417
-1.06278
-1.0689
-1.08026
-1.10958
-1.16269
-1.22273
-1.27535
-1.32113
-1.3627
-1.40033
-1.43291
-1.45953
-1.48015
-1.49539
-1.50753
-1.52155
-1.5509
-1.61662
-1.75631
-1.81777
-1.76842
-1.70891
-1.6704
-1.63913
-1.6037
-1.56475
-1.52516
-1.48546
-1.44508
-1.40366
-1.36105
-1.31715
-1.27152
-1.22344
-1.1718
-1.11442
-1.04931
-0.968353
-0.928647
-0.896247
-0.854103
-0.804649
-0.749487
-0.680989
-0.591133
-0.426858
-0.204274
)
;
    }
    outlet
    {
        type            freestreamPressure;
        freestreamValue uniform 0;
        value           nonuniform List<scalar> 
160
(
0.000202262
0.000203058
0.000201435
0.000203831
0.000200581
0.000204604
0.000199698
0.000205403
0.000198781
0.000206247
0.000197833
0.000207125
0.000196853
0.000208031
0.000195841
0.000208975
0.000194789
0.000209964
0.000193698
0.000210996
0.00019257
0.00021208
0.000191406
0.000213222
0.000190203
0.000214438
0.000188957
0.000215735
0.000187667
0.000217129
0.000186333
0.000218638
0.000184955
0.00022028
0.000183532
0.000222079
0.00018206
0.000224059
0.000180543
0.00022624
0.000178983
0.000228606
0.000177379
0.000231077
0.000175739
0.000233611
0.000174061
0.000236392
0.000172352
0.000240187
0.000170619
0.000246467
0.000168863
0.000256832
0.000167092
0.000271386
0.000165319
0.000286936
0.00016354
0.000296656
0.000161772
0.000292247
0.000160019
0.000267445
0.000158297
0.000221251
0.000156606
0.000159563
0.000154977
9.43476e-05
0.000153401
3.93723e-05
0.00015191
4.17352e-06
0.0001505
-1.02894e-05
0.000149195
-1.05967e-05
0.00014799
-5.5438e-06
0.000146927
-8.74271e-07
0.000145981
1.79848e-06
0.000145175
3.22476e-06
0.000144496
4.25414e-06
0.000143984
5.17624e-06
0.000143587
5.80229e-06
0.000143342
5.99842e-06
0.000143213
5.66679e-06
0.000143211
4.85561e-06
0.00014329
3.53788e-06
0.000143471
1.76237e-06
0.000143699
-4.97225e-07
0.000143998
-3.17281e-06
0.000144311
-6.26739e-06
0.000144657
-9.69314e-06
0.000144982
-1.34455e-05
0.000145319
-1.7429e-05
0.000145589
-2.16408e-05
0.000145825
-2.59819e-05
0.000145946
-3.04475e-05
0.000145974
-3.4939e-05
0.000145853
-3.94697e-05
0.00014562
-4.39107e-05
0.000145237
-4.83667e-05
0.000144711
-5.25361e-05
0.000144044
-5.68944e-05
0.000143455
-6.04676e-05
0.000143303
-6.44414e-05
0.000142501
-6.56236e-05
0.000141439
-6.99379e-05
0.000140123
-6.75807e-05
0.0001387
-7.77695e-05
0.000136928
-6.33295e-05
0.000136407
-9.47417e-05
0.000129899
-4.05094e-05
0.000150093
-0.000140614
9.23383e-05
3.62362e-05
0.000275419
-0.000261168
-0.000122601
0.000270428
0.000680914
-0.000543983
)
;
    }
    walls
    {
        type            zeroGradient;
    }
    frontAndBack
    {
        type            empty;
    }
}


// ************************************************************************* //
