/*--------------------------------*- C++ -*----------------------------------*\
| =========                 |                                                 |
| \\      /  F ield         | OpenFOAM: The Open Source CFD Toolbox           |
|  \\    /   O peration     | Version:  2412                                  |
|   \\  /    A nd           | Website:  www.openfoam.com                      |
|    \\/     M anipulation  |                                                 |
\*---------------------------------------------------------------------------*/
FoamFile
{
    version     2.0;
    format      ascii;
    arch        "LSB;label=32;scalar=64";
    class       volScalarField;
    location    "500";
    object      p;
}
// * * * * * * * * * * * * * * * * * * * * * * * * * * * * * * * * * * * * * //

dimensions      [0 2 -2 0 0 0 0];

internalField   nonuniform List<scalar> 
10720
(
347.172
344.703
333.682
312.365
281.908
242.672
197.152
147.436
94.96
42.7075
-8.25447
-56.9754
-102.592
-144.69
-182.789
-216.198
-245.025
-268.163
-285.802
-296.907
-302.041
-300.437
-293.302
-281.181
-266.732
-253.612
-240.42
-224.531
-207.101
-189.255
-170.925
-151.837
-131.808
-110.687
-88.3128
-63.9248
-36.6527
-1.36832
43.9615
344.609
335.045
314.606
282.725
239.607
185.829
125.081
64.5532
11.0569
-33.9595
-68.0609
-90.7485
-105.661
-115.01
-120.016
-123.664
-126.349
-128.991
-131.936
-135.951
-140.797
-146.812
-153.551
-160.193
-163.804
-162.748
-158.462
-151.74
-143.186
-133.059
-121.485
-108.529
-94.2393
-78.54
-61.288
-41.8247
-19.1207
11.2289
54.1588
331.277
328.858
319.577
303.109
279.745
249.362
212.929
171.761
127.088
80.6348
33.6941
-12.6287
-57.3174
-99.5734
-138.661
-173.867
-204.812
-230.648
-251.228
-265.834
-274.45
-276.426
-272.76
-264.279
-253.124
-242.157
-230.897
-217.341
-201.891
-185.388
-167.959
-149.515
-129.973
-109.233
-87.1561
-63.0007
-35.9165
-0.762306
43.5406
328.506
320.389
304.838
281.095
249.234
209.433
163.683
115.873
69.9074
28.1626
-7.32336
-35.5858
-57.6049
-74.435
-86.9522
-96.7379
-104.518
-111.16
-117.271
-123.561
-130.093
-137.13
-144.386
-151.104
-154.81
-154.28
-150.995
-145.698
-138.487
-129.396
-118.591
-106.23
-92.4101
-77.0866
-60.1286
-40.8915
-18.3717
11.8542
53.6828
309.971
308.164
300.705
287.245
267.737
241.699
209.715
172.805
131.957
88.5066
43.8413
-0.895531
-44.6197
-86.3948
-125.397
-160.915
-192.347
-219.015
-240.51
-256.163
-265.665
-268.923
-266.582
-259.502
-249.483
-238.926
-227.786
-214.488
-199.218
-182.861
-165.665
-147.536
-128.347
-107.946
-86.1531
-62.2168
-35.2987
-0.368078
42.9099
307.588
300.92
288.086
268.246
241.431
207.417
167.377
124.122
80.8662
40.184
4.00694
-26.2818
-50.5596
-69.487
-83.8221
-94.6967
-103.205
-110.263
-116.573
-122.763
-129.051
-135.604
-142.222
-148.197
-151.67
-151.494
-148.507
-143.351
-136.185
-127.165
-116.523
-104.412
-90.8858
-75.8544
-59.1482
-40.1123
-17.7525
12.2568
52.9309
287.418
286.026
279.913
268.776
252.6
230.783
203.734
172.149
136.654
98.2658
58.0868
17.0988
-23.6872
-63.3495
-101.015
-135.903
-167.297
-194.505
-216.942
-234.009
-245.354
-250.954
-251.198
-246.786
-239.132
-230.216
-220.329
-208.319
-194.27
-178.975
-162.676
-145.259
-126.609
-106.609
-85.1082
-61.3954
-34.6694
-0.0672996
42.145
285.377
279.849
269.22
252.777
230.647
202.447
168.974
132.449
95.2634
59.358
26.4156
-2.32189
-26.5081
-46.3906
-62.4487
-75.4296
-86.1409
-95.2836
-103.437
-111.123
-118.612
-126.052
-133.296
-139.722
-143.909
-144.719
-142.664
-138.391
-132.109
-123.939
-114.041
-102.527
-89.4472
-74.7384
-58.2599
-39.3917
-17.1824
12.5445
51.9992
265.604
264.473
259.345
249.929
236.227
217.559
194.204
166.663
135.297
100.896
64.327
26.4233
-11.8751
-49.6713
-86.0902
-120.304
-151.529
-179.036
-202.16
-220.327
-233.121
-240.346
-242.262
-239.472
-233.246
-225.281
-216.059
-204.755
-191.347
-176.52
-160.56
-143.412
-125.004
-105.239
-83.9681
-60.4785
-33.987
0.20237
41.2402
263.867
259.238
250.294
236.372
217.632
193.591
164.777
132.971
100.035
67.4516
36.6654
8.83337
-15.5353
-36.3658
-53.837
-68.3491
-80.469
-90.7651
-99.7716
-107.978
-115.714
-123.145
-130.175
-136.312
-140.419
-141.511
-139.801
-135.859
-129.89
-121.982
-112.289
-100.947
-88.0315
-73.4957
-57.1961
-38.5126
-16.5148
12.8254
50.9303
245.11
244.123
239.697
231.573
219.79
203.658
183.392
159.382
131.81
101.281
68.4624
34.0129
-1.25129
-36.5181
-70.9717
-103.792
-134.172
-161.364
-184.658
-203.448
-217.248
-225.854
-229.437
-228.51
-224.077
-217.501
-209.342
-199.062
-186.608
-172.583
-157.307
-140.761
-122.881
-103.567
-82.6677
-59.4881
-33.2907
0.408626
40.1898
243.639
239.722
232.117
220.212
204.195
183.556
158.666
131.025
102.154
73.1844
45.3232
19.5857
-3.54381
-23.8709
-41.4146
-56.3982
-69.2117
-80.2902
-90.0747
-98.9724
-107.28
-115.141
-122.475
-128.849
-133.333
-135.076
-134.116
-130.896
-125.611
-118.346
-109.245
-98.4422
-86.0071
-71.8891
-55.9391
-37.5473
-15.8316
13.0449
49.7251
226.137
225.225
221.319
214.177
203.882
189.758
171.98
150.864
126.468
99.2664
69.7624
38.4576
6.04401
-26.7718
-59.2473
-90.5924
-120.013
-146.752
-170.071
-189.341
-204.04
-213.902
-218.963
-219.582
-216.598
-211.157
-203.859
-194.405
-182.738
-169.372
-154.641
-138.561
-121.077
-102.102
-81.4882
-58.5632
-32.6365
0.539726
39.024
224.909
221.572
215.045
204.756
190.907
172.981
151.24
126.975
101.461
75.5611
50.2698
26.4646
4.55852
-15.2153
-32.7656
-48.1719
-61.6602
-73.5041
-84.0259
-93.5381
-102.294
-110.419
-117.858
-124.256
-128.899
-131.021
-130.517
-127.722
-122.84
-115.959
-107.211
-96.7234
-84.5641
-70.6869
-54.9442
-36.7437
-15.2527
13.1507
48.4026
208.677
207.797
204.28
197.898
188.778
176.274
160.539
141.842
120.172
95.8984
69.4093
41.0757
11.4637
-18.8288
-49.1441
-78.7563
-106.906
-132.847
-155.84
-175.241
-190.496
-201.272
-207.547
-209.579
-208.013
-203.779
-197.462
-188.936
-178.156
-165.555
-151.471
-135.949
-118.95
-100.393
-80.1382
-57.5371
-31.9451
0.625286
37.7772
207.668
204.813
199.173
190.208
178.126
162.426
143.295
121.871
99.2456
76.0993
53.2604
31.483
11.1025
-7.65799
-24.6607
-39.9106
-53.5169
-65.6434
-76.5162
-86.3719
-95.4137
-103.746
-111.322
-117.839
-122.696
-125.242
-125.297
-123.087
-118.791
-112.483
-104.27
-94.2678
-82.5406
-69.0445
-53.6344
-35.7371
-14.5715
13.2435
47.026
192.651
191.777
188.556
182.777
174.6
163.415
149.363
132.689
113.33
91.5892
67.7633
42.1171
15.1101
-12.7624
-40.9378
-68.7619
-95.5276
-120.522
-143.022
-162.379
-178.013
-189.555
-196.883
-200.155
-199.847
-196.722
-191.326
-183.66
-173.706
-161.827
-148.355
-133.365
-116.833
-98.6855
-78.7885
-56.5196
-31.2828
0.631183
36.4455
191.839
189.392
184.49
176.623
166
152.143
135.184
116.136
95.9618
75.2043
54.5593
34.6753
15.8099
-1.8473
-18.1511
-33.0702
-46.6386
-58.9303
-70.0859
-80.2577
-89.5864
-98.1397
-105.867
-112.507
-117.568
-120.485
-121.016
-119.283
-115.447
-109.583
-101.785
-92.1612
-80.7766
-67.5899
-52.4585
-34.8295
-13.9769
13.2271
45.5721
177.948
177.064
174.075
168.783
161.375
151.279
138.63
123.658
106.275
86.7307
65.2565
42.0383
17.4475
-8.1199
-34.1883
-60.1771
-85.4511
-109.341
-131.153
-150.243
-166.027
-178.094
-186.252
-190.584
-191.417
-189.356
-184.886
-178.093
-168.984
-157.861
-145.042
-130.623
-114.594
-96.889
-77.3804
-55.4768
-30.635
0.561195
35.03
177.312
175.212
170.936
163.991
154.589
142.277
127.15
110.118
92.0415
73.3679
54.689
36.5719
19.2069
2.74107
-12.6901
-27.0436
-40.3115
-52.5095
-63.7081
-73.994
-83.4512
-92.1143
-99.9251
-106.654
-111.88
-115.113
-116.091
-114.854
-111.53
-106.179
-98.8768
-89.7154
-78.7514
-65.9443
-51.1538
-33.8519
-13.3721
13.1446
44.0503
164.454
163.553
160.749
155.856
149.085
139.9
128.433
114.904
99.2128
81.573
62.167
41.1202
18.7309
-4.68409
-28.7313
-52.9114
-76.6574
-99.3558
-120.35
-139.02
-154.782
-167.2
-176.02
-181.252
-183.093
-182.013
-178.43
-172.477
-164.185
-153.808
-141.64
-127.795
-112.277
-95.0267
-75.9246
-54.412
-30.0022
0.41975
33.535
163.973
162.172
158.428
152.27
143.901
132.898
119.328
104.017
87.7425
70.8811
53.9476
37.4404
21.4954
6.21904
-8.27163
-21.942
-34.7686
-46.7285
-57.8439
-68.1461
-77.6693
-86.4111
-94.3014
-101.128
-106.523
-110.055
-111.449
-110.672
-107.814
-102.929
-96.0771
-87.3378
-76.7632
-64.314
-49.8547
-32.8837
-12.797
12.989
42.4691
152.056
151.136
148.485
143.925
137.69
129.276
118.815
106.521
92.2865
76.3028
58.7162
39.6075
19.2169
-2.20772
-24.3432
-46.7636
-68.975
-90.423
-110.499
-128.611
-144.188
-156.779
-166.083
-172.046
-174.768
-174.589
-171.858
-166.725
-159.24
-149.611
-138.108
-124.855
-109.867
-93.0932
-74.4217
-53.3303
-29.39
0.204581
31.9653
151.714
150.173
146.886
141.401
133.916
124.034
111.801
97.9694
83.2528
67.9751
52.5885
37.5367
22.9175
8.80227
-4.71773
-17.6215
-29.8843
-41.466
-52.3557
-62.5447
-72.0247
-80.7619
-88.6739
-95.5582
-101.082
-104.86
-106.62
-106.278
-103.883
-99.475
-93.0955
-84.8074
-74.6538
-62.5949
-48.4993
-31.8954
-12.2426
12.7616
40.8314
140.654
139.715
137.192
132.916
127.137
119.384
109.788
98.5566
85.5868
71.0474
55.0625
37.6793
19.0929
-0.503947
-20.8513
-41.5899
-62.2939
-82.4693
-101.56
-119.012
-134.274
-146.889
-156.524
-163.065
-166.539
-167.172
-165.241
-160.895
-154.191
-145.302
-134.466
-121.813
-107.37
-91.0909
-72.8727
-52.2324
-28.7992
-0.0813716
30.3266
140.435
139.12
136.228
131.325
124.603
115.687
104.609
92.0612
78.6997
64.809
50.7921
37.0506
23.6535
10.6421
-1.91571
-14.0174
-25.644
-36.7502
-47.3088
-57.2866
-66.6431
-75.3175
-83.2134
-90.1323
-95.7662
-99.764
-101.857
-101.922
-99.9655
-96.0118
-90.0881
-82.2411
-72.5049
-60.8392
-47.1181
-30.9018
-11.7144
12.4647
39.1437
130.156
129.2
126.785
122.754
117.37
110.19
101.343
91.0368
79.1695
65.8961
51.3239
35.477
18.5148
0.587137
-18.1016
-37.2513
-56.4943
-75.3995
-93.4645
-110.176
-125.012
-137.517
-147.34
-154.314
-158.416
-159.768
-158.582
-154.986
-149.039
-140.879
-130.713
-118.671
-104.787
-89.0201
-71.2787
-51.1198
-28.2319
-0.434291
28.6265
130.043
128.926
126.378
121.981
115.922
107.847
97.7764
86.3474
74.1709
61.4993
48.6981
36.1338
23.8539
11.8779
0.253424
-11.0349
-21.9803
-32.5407
-42.6836
-52.3617
-61.5135
-70.0584
-77.8868
-84.8017
-90.5098
-94.6851
-97.0663
-97.5042
-95.9654
-92.4561
-86.9875
-79.5885
-70.282
-59.0263
-45.701
-29.9
-11.2127
12.1033
37.4127
120.478
119.506
117.186
113.371
108.333
101.654
93.4643
83.9678
73.0681
60.9102
47.5887
33.1114
17.6093
1.19721
-15.962
-33.6201
-51.4652
-69.1228
-86.146
-102.065
-116.387
-128.672
-138.556
-145.831
-150.439
-152.418
-151.913
-149.025
-143.803
-136.356
-126.857
-115.432
-102.118
-86.8826
-69.6413
-49.9942
-27.6889
-0.851199
26.8735
120.459
119.513
117.266
113.314
107.833
100.494
91.3077
80.8621
69.7274
58.133
46.4128
34.905
23.642
12.6273
1.89277
-8.59394
-18.8385
-28.8101
-38.4771
-47.7869
-56.6667
-65.0225
-72.7361
-79.6106
-85.3612
-89.6787
-92.3093
-93.0872
-91.9412
-88.8578
-83.8328
-76.8779
-68.0042
-57.1679
-44.2547
-28.894
-10.7394
11.6802
35.6461
111.545
110.56
108.325
104.703
99.9712
93.7356
86.1262
77.3449
67.2999
56.1294
43.9179
30.6625
16.4732
1.43764
-14.3169
-30.5854
-47.1056
-63.5543
-79.5377
-94.6294
-108.373
-120.344
-130.178
-137.638
-142.635
-145.148
-145.256
-143.028
-138.496
-131.741
-122.905
-112.101
-99.3688
-84.6806
-67.9622
-48.8574
-27.1716
-1.3271
25.0755
111.609
110.813
108.829
105.269
100.298
93.6073
85.2006
75.624
65.411
54.7724
44.016
33.457
23.1178
12.9907
3.09386
-6.61735
-16.1624
-25.5214
-34.671
-43.5589
-52.1096
-60.2224
-67.774
-74.5679
-80.3237
-84.7449
-87.5834
-88.6648
-87.8848
-85.2091
-80.6177
-74.1048
-65.669
-55.2635
-42.7802
-27.8853
-10.2953
11.2009
33.8509
103.292
102.297
100.141
96.6925
92.2341
86.3938
79.3013
71.1552
61.8699
51.5771
40.3547
28.1934
15.1854
1.39771
-13.0713
-28.0526
-43.3265
-58.6165
-73.5764
-87.8245
-100.941
-112.524
-122.213
-129.752
-135.03
-137.986
-138.638
-137.016
-133.136
-127.05
-118.866
-108.683
-96.5417
-82.4168
-66.2438
-47.711
-26.6799
-1.85676
23.2412
103.427
102.764
101.012
97.7976
93.2771
87.1613
79.4473
70.6425
61.2488
51.4619
41.568
31.8628
22.3621
13.0503
3.93635
-5.03543
-13.8952
-22.6354
-31.2425
-39.6709
-47.8471
-55.6705
-63.0173
-69.6922
-75.4176
-79.9046
-82.9115
-84.2597
-83.8167
-81.5273
-77.3556
-71.2792
-63.2834
-53.318
-41.2811
-26.8762
-9.88053
10.6703
32.0348
95.6592
94.6583
92.5745
89.2851
85.0736
79.5893
72.9607
65.3826
56.7766
47.2685
36.9312
25.7504
13.806
1.14798
-12.1464
-25.9388
-40.047
-54.2337
-68.1984
-81.6006
-94.059
-105.195
-114.659
-122.187
-127.648
-130.958
-132.081
-131.011
-127.741
-122.295
-114.75
-105.187
-93.6422
-80.0947
-64.4887
-46.5563
-26.2136
-2.43391
21.3807
95.8569
95.3094
93.7622
90.856
86.7359
81.1317
74.0357
65.9209
57.2594
48.2349
39.1157
30.1802
21.4398
12.8748
4.48727
-3.78568
-11.9846
-20.1128
-28.1667
-36.1111
-43.8794
-51.375
-58.4776
-64.9959
-70.6546
-75.1703
-78.3064
-79.8838
-79.7472
-77.8213
-74.0539
-68.4068
-60.8519
-51.3349
-39.7603
-25.8685
-9.49531
10.0949
30.2071
88.5944
87.5909
85.5753
82.4325
78.4462
73.2847
67.0747
60.0085
52.013
43.2093
33.6665
23.3678
12.3826
0.749464
-11.4729
-24.1706
-37.1928
-50.3375
-63.3443
-75.9114
-87.6937
-98.3389
-107.514
-114.952
-120.506
-124.087
-125.61
-125.035
-122.329
-117.491
-110.568
-101.619
-90.6758
-77.7182
-62.6994
-45.395
-25.7719
-3.0518
19.5038
88.8453
88.3997
87.0348
84.403
80.6403
75.4941
68.9526
61.4571
53.4535
45.1149
36.6937
28.4536
20.4037
12.5221
4.8057
-2.81266
-10.3813
-17.9135
-25.4157
-32.8638
-40.2011
-47.3394
-54.1649
-60.4918
-66.0482
-70.5563
-73.784
-75.5527
-75.6911
-74.1037
-70.7231
-65.4959
-58.3809
-49.319
-38.2212
-24.8644
-9.13869
9.48087
28.3765
82.0505
81.0483
79.0975
76.0908
72.3116
67.4442
61.6151
55.0123
47.5683
39.3999
30.5737
21.0707
10.9534
0.250407
-10.9943
-22.6864
-34.7008
-46.8671
-58.9587
-70.7097
-81.8107
-91.9358
-100.77
-108.051
-113.623
-117.394
-119.248
-119.108
-116.92
-112.656
-106.333
-97.99
-87.6494
-75.292
-60.8793
-44.2282
-25.3533
-3.70316
17.6205
82.3467
81.9909
80.788
78.4017
74.9591
70.2247
64.183
57.2466
49.8367
42.1176
34.3276
26.7178
19.2965
12.0398
4.9418
-2.06714
-9.0402
-15.999
-22.9599
-29.9101
-36.8035
-43.5623
-50.0827
-56.1874
-61.6094
-66.0753
-69.3581
-71.2808
-71.6617
-70.3868
-67.3738
-62.5551
-55.877
-47.2757
-36.6676
-23.8653
-8.80963
8.83516
26.5515
75.9857
74.9875
73.0989
70.2201
66.6321
62.0351
56.5542
50.3735
43.43
35.8373
27.659
18.8761
9.54421
-0.314419
-10.6667
-21.4358
-32.5173
-43.7669
-54.9891
-65.9506
-76.3743
-85.9613
-94.4163
-101.485
-107.009
-110.898
-113.015
-113.253
-111.533
-107.804
-102.058
-94.3095
-84.5705
-72.8216
-59.0316
-43.057
-24.9557
-4.37987
15.7417
76.3202
76.0432
74.9842
72.8183
69.6642
65.3014
59.7122
53.2821
46.4102
39.2531
32.0363
24.9992
18.1501
11.4646
4.93581
-1.50715
-7.92106
-14.3336
-20.7702
-27.2286
-33.6735
-40.0393
-46.2332
-52.0895
-57.3474
-61.7386
-65.0423
-67.0826
-67.6735
-66.6837
-64.0173
-59.594
-53.348
-45.2103
-35.1033
-22.8731
-8.50633
8.16524
24.7412
70.3617
69.3704
67.5416
64.7838
61.3739
57.0265
51.8661
46.0712
39.5846
32.5155
24.9256
16.7957
8.17707
-0.913647
-10.4521
-20.3737
-30.5933
-40.9879
-51.3892
-61.5927
-71.3509
-80.3913
-88.439
-95.2503
-100.671
-104.613
-106.93
-107.489
-106.187
-102.955
-97.7579
-90.589
-81.4476
-70.3131
-57.1602
-41.8825
-24.5765
-5.07341
13.8784
70.7282
70.5205
69.5895
67.6221
64.7288
60.703
55.5247
49.5557
43.1735
36.5283
29.8338
23.3184
16.9915
10.8295
4.82403
-1.09528
-6.98695
-12.884
-18.8187
-24.7975
-30.7966
-36.7625
-42.6154
-48.2017
-53.2693
-57.5562
-60.8484
-62.9717
-63.7401
-63.0074
-60.6655
-56.6226
-50.8017
-43.1293
-33.5326
-21.8891
-8.2268
7.47826
22.9551
65.144
64.1624
62.3919
59.7493
56.5054
52.39
47.5256
42.0855
36.0169
29.4262
22.3725
14.8373
6.86774
-1.52345
-10.3186
-19.4635
-28.8876
-38.4872
-48.1166
-57.597
-66.7072
-75.2003
-82.8226
-89.3436
-94.6148
-98.5522
-101.011
-101.834
-100.902
-98.1261
-93.4481
-86.8409
-78.2903
-67.7727
-55.2689
-40.7052
-24.2126
-5.77587
12.0408
65.5373
65.3906
64.5736
62.7854
60.1287
56.4093
51.6062
46.058
40.1236
33.9463
27.7295
21.6915
15.842
10.159
4.63435
-0.801403
-6.20751
-11.6208
-17.0786
-22.5949
-28.1564
-33.7221
-39.2251
-44.5251
-49.3804
-53.5365
-56.787
-58.9613
-59.8752
-59.3711
-57.3306
-53.6515
-48.2469
-41.0391
-31.9595
-20.9146
-7.96815
6.78196
21.2019
60.302
59.3323
57.619
55.086
51.9982
48.0992
43.5094
38.3965
32.7127
26.5602
19.9966
13.004
5.62651
-2.12597
-10.2412
-18.6738
-27.3651
-36.2261
-45.1318
-53.9253
-62.4107
-70.363
-77.5502
-83.7562
-88.8404
-92.7248
-95.2716
-96.3076
-95.6974
-93.335
-89.1444
-83.0779
-75.1086
-65.2083
-53.3618
-39.5262
-23.8601
-6.47809
10.24
60.7169
60.6239
59.909
58.2834
55.8414
52.4015
47.9416
42.7798
37.256
31.5079
25.7295
20.1291
14.7174
9.47395
4.3909
-0.599059
-5.55499
-10.5162
-15.5238
-20.5984
-25.7356
-30.9059
-36.0553
-41.0576
-45.6829
-49.6858
-52.8679
-55.063
-56.0918
-55.7882
-54.025
-50.6919
-45.6931
-38.9465
-30.3886
-19.9507
-7.72749
6.0839
19.4904
55.8073
54.8515
53.1945
50.7662
47.8257
44.1296
39.7954
34.9859
29.657
23.9076
17.7936
11.2978
4.4616
-2.70744
-10.2002
-17.979
-25.9948
-34.1713
-42.4008
-50.5453
-58.4315
-65.8553
-72.6045
-78.4782
-83.3463
-87.1374
-89.7246
-90.9241
-90.5888
-88.5993
-84.8625
-79.3143
-71.9133
-62.6268
-51.4436
-38.3455
-23.5155
-7.17142
8.48613
56.2399
56.1936
55.5702
54.092
51.8458
48.6618
44.5173
39.7108
34.5651
29.2124
23.8374
18.6393
13.63
8.79065
4.11379
-0.465911
-5.00589
-9.5468
-14.132
-18.7878
-23.5177
-28.3021
-33.0991
-37.7965
-42.1785
-46.0088
-49.099
-51.2873
-52.4019
-52.2712
-50.7611
-47.7548
-43.1495
-36.8594
-28.824
-18.9986
-7.50148
5.39154
17.8288
51.6343
50.6944
49.0929
46.765
43.964
40.4584
36.3629
31.8355
26.8354
21.458
15.7572
9.71754
3.37753
-3.25716
-10.1795
-17.3578
-24.751
-32.294
-39.8928
-47.4268
-54.7414
-61.6532
-67.9676
-73.4992
-78.1295
-81.7944
-84.3801
-85.6979
-85.593
-83.9357
-80.6193
-75.5636
-68.7155
-60.0372
-49.5182
-37.1642
-23.1737
-7.84709
6.78919
52.0809
52.0755
51.5338
50.1896
48.1225
45.1735
41.3198
36.8414
32.0448
27.0573
22.0549
17.2279
12.5888
8.12081
3.81733
-0.384227
-4.54028
-8.69113
-12.8821
-17.1432
-21.485
-25.8961
-30.3463
-34.7371
-38.8661
-42.5087
-45.4867
-47.6442
-48.8173
-48.8325
-47.5515
-44.8518
-40.6257
-34.7845
-27.2709
-18.0589
-7.28681
4.71217
16.2252
47.76
46.8376
45.2904
43.0591
40.3905
37.0645
33.1929
28.9286
24.2337
19.2006
13.8811
8.26093
2.37629
-3.76757
-10.1667
-16.7932
-23.6128
-30.5692
-37.5809
-44.5422
-51.3145
-57.733
-63.6205
-68.8062
-73.1833
-76.6972
-79.2457
-80.6417
-80.7254
-79.3606
-76.43
-71.8405
-65.5269
-57.4469
-47.5914
-35.9821
-22.8309
-8.49779
5.15841
48.2166
48.247
47.7788
46.5567
44.6538
41.9212
38.3361
34.1616
29.6885
25.0392
20.3818
15.8979
11.6007
7.47505
3.51505
-0.33854
-4.14023
-7.93052
-11.7549
-15.6467
-19.6208
-23.6743
-27.7869
-31.8723
-35.7431
-39.1868
-42.0358
-44.1412
-45.348
-45.4839
-44.4079
-41.9944
-38.1317
-32.7295
-25.7334
-17.1325
-7.07965
4.05207
14.6866
44.1626
43.2592
41.7654
39.6273
37.0847
33.9284
30.2675
26.249
21.8383
17.1246
12.1576
6.9241
1.45905
-4.23412
-10.1519
-16.2709
-22.5616
-28.9757
-35.4415
-41.8664
-48.1268
-54.0733
-59.5458
-64.3866
-68.5013
-71.8448
-74.3259
-75.765
-75.9995
-74.8895
-72.31
-68.1583
-62.3596
-54.8652
-45.667
-34.8002
-22.4832
-9.11499
3.60192
44.6263
44.6881
44.2859
43.1751
41.4231
38.8903
35.554
31.6615
27.489
23.1541
18.8169
14.6508
10.6697
6.86026
3.21688
-0.316539
-3.79232
-7.24978
-10.7347
-14.2817
-17.9102
-21.6235
-25.4096
-29.195
-32.806
-36.0432
-38.7497
-40.785
-42.0033
-42.2358
-41.3417
-39.1935
-35.6773
-30.7023
-24.2159
-16.2203
-6.87693
3.41844
13.2194
40.8226
39.9394
38.498
36.45
34.0277
31.032
27.5695
23.7815
19.6363
15.2195
10.5793
5.70338
0.624872
-4.65268
-10.1278
-15.7795
-21.5827
-27.4952
-33.4544
-39.3779
-45.156
-50.6538
-55.7254
-60.2276
-64.0757
-67.235
-69.625
-71.0762
-71.4272
-70.5363
-68.2744
-64.5315
-59.2247
-52.3011
-43.7505
-33.6186
-22.1248
-9.69208
2.12763
41.2908
41.3796
41.0366
40.0279
38.4148
36.0669
32.9617
29.3318
25.4392
21.397
17.3578
13.4868
9.79853
6.28099
2.92965
-0.30888
-3.48429
-6.63517
-9.80612
-13.0331
-16.3381
-19.7299
-23.2035
-26.6966
-30.0496
-33.0762
-35.6302
-37.5806
-38.7909
-39.0982
-38.3634
-36.4596
-33.2721
-28.7099
-22.7232
-15.3228
-6.6744
2.81642
11.8294
37.722
36.8599
35.4701
33.5092
31.2017
28.3586
25.0834
21.5119
17.6151
13.4753
9.1385
4.59377
-0.127338
-5.02194
-10.0889
-15.3099
-20.6634
-26.1121
-31.6015
-37.0579
-42.3833
-47.4558
-52.1434
-56.3151
-59.8967
-62.8634
-65.1435
-66.5812
-67.0179
-66.3131
-64.3364
-60.9731
-56.1343
-49.7626
-41.8469
-32.4378
-21.7529
-10.2219
0.742437
38.1922
38.3043
38.0147
37.0994
35.6145
33.438
30.548
27.163
23.5318
19.7629
16.0015
12.4052
8.9887
5.74135
2.65932
-0.307627
-3.20688
-6.07532
-8.95687
-11.8876
-14.8913
-17.9808
-21.1573
-24.3686
-27.4681
-30.2828
-32.6777
-34.5314
-35.717
-36.0794
-35.483
-33.8027
-30.9252
-26.7599
-21.2593
-14.4406
-6.46959
2.25146
10.5208
34.8441
34.0039
32.6649
30.7882
28.5905
25.8923
22.7943
19.4266
15.7627
11.8814
7.82721
3.58973
-0.800624
-5.34115
-10.0315
-14.8551
-19.7936
-24.8139
-29.8674
-34.8887
-39.7904
-44.4617
-48.7831
-52.636
-55.9549
-58.724
-60.8811
-62.2842
-62.7798
-62.2311
-60.5086
-57.4957
-53.0994
-47.259
-39.961
-31.2588
-21.3635
-10.6993
-0.548399
35.3142
35.4463
35.2047
34.3753
33.0087
30.9915
28.3021
25.1462
21.7594
18.2461
14.7444
11.4041
8.24021
5.2433
2.40997
-0.306914
-2.95217
-5.56123
-8.17634
-10.8333
-13.5576
-16.3645
-19.2606
-22.202
-25.0549
-27.6594
-29.8917
-31.6398
-32.7867
-33.1868
-32.7091
-31.2321
-28.6449
-24.8592
-19.8286
-13.5747
-6.25933
1.72781
9.29735
32.1734
31.3558
30.0666
28.2714
26.1789
23.6188
20.6885
17.513
14.0676
10.4282
6.63727
2.68563
-1.39799
-5.61084
-9.95324
-14.4101
-18.9651
-23.5891
-28.2387
-32.8559
-37.3615
-41.6561
-45.6304
-49.1773
-52.2402
-54.8108
-56.8358
-58.1873
-58.7191
-58.2994
-56.8021
-54.1109
-50.1306
-44.7982
-38.0977
-30.0827
-20.9533
-11.1194
-1.74063
32.6417
32.791
32.5923
31.8418
30.5849
28.7159
26.2141
23.2724
20.1147
16.8407
13.582
10.4809
7.55208
4.78737
2.18403
-0.302298
-2.71396
-5.08473
-7.45518
-9.86029
-12.326
-14.8699
-17.5024
-20.1874
-22.8028
-25.2013
-27.27
-28.9068
-30.0037
-30.4263
-30.0492
-28.7559
-26.4393
-23.0139
-18.435
-12.7257
-6.04104
1.24926
8.16184
29.6957
28.9012
27.6609
25.9446
23.9529
21.5243
18.7531
15.759
12.5192
9.10655
5.56147
1.87581
-1.92298
-5.83248
-9.85281
-13.9707
-18.1712
-22.4288
-26.7047
-30.9463
-35.083
-39.0243
-42.6712
-45.927
-48.7428
-51.1169
-53.0045
-54.2913
-54.84
-54.5256
-53.2266
-50.8289
-47.2377
-42.3881
-36.262
-28.91
-20.5202
-11.4781
-2.83062
30.1605
30.3245
30.1645
29.4864
28.3313
26.6004
24.274
21.5334
18.5906
15.5411
12.5101
9.63234
6.92267
4.37367
1.98305
-0.290798
-2.48781
-4.63987
-6.78589
-8.95957
-11.187
-13.4872
-15.8736
-18.3162
-20.7045
-22.9031
-24.8097
-26.3319
-27.3705
-27.8025
-27.5096
-26.3814
-24.3156
-21.2301
-17.0822
-11.8946
-5.81318
0.818265
7.11569
27.3977
26.6266
25.4344
23.7943
21.8993
19.5962
16.9761
14.1534
11.1074
7.90734
4.59222
1.1546
-2.37937
-6.00745
-9.72978
-13.5339
-17.407
-21.326
-25.2555
-29.149
-32.9422
-36.5533
-39.8927
-42.8727
-45.452
-47.6344
-49.3826
-50.5955
-51.1454
-50.9153
-49.7898
-47.659
-44.4295
-40.0362
-34.4585
-27.743
-20.0618
-11.7726
-3.81669
27.8578
28.034
27.9089
27.2975
26.2368
24.6349
22.4728
19.9209
17.18
14.3415
11.5241
8.85538
6.35014
4.00156
1.80783
-0.270293
-2.26997
-4.22154
-6.16186
-8.12341
-10.1318
-12.2071
-14.3646
-16.5799
-18.7528
-20.7593
-22.5072
-23.9135
-24.8877
-25.3185
-25.0953
-24.1145
-22.2799
-19.5132
-15.7737
-11.0827
-5.57422
0.436822
6.15916
25.2672
24.5198
23.3746
21.8083
20.0061
17.8227
15.3461
12.6857
9.8221
6.82188
3.72202
0.515903
-2.77168
-6.13829
-9.58427
-13.0982
-16.6682
-20.2739
-23.8833
-27.454
-30.9283
-34.2317
-37.2832
-40.0038
-42.3581
-44.3553
-45.965
-47.0978
-47.6365
-47.4725
-46.4982
-44.6089
-41.7139
-37.7492
-32.6918
-26.5827
-19.5776
-12.0015
-4.69787
25.7212
25.9077
25.8139
25.2641
24.291
22.8096
20.8017
18.4273
15.8762
13.2359
10.619
8.14614
5.83157
3.66937
1.65777
-0.239655
-2.05807
-3.82597
-5.57806
-7.34553
-9.15323
-11.0215
-12.967
-14.9701
-16.9401
-18.7637
-20.3581
-21.6491
-22.5552
-22.9762
-22.8098
-21.9601
-20.3372
-17.8678
-14.5125
-10.2906
-5.32362
0.105804
5.29195
23.2927
22.5692
21.47
19.975
18.2618
16.1928
13.8527
11.3459
8.6544
5.84202
2.94398
-0.0459322
-3.10391
-6.22763
-9.41725
-12.6623
-15.9521
-19.2679
-22.581
-25.853
-29.0314
-32.0488
-34.8319
-37.3093
-39.4514
-41.2715
-42.7455
-43.7948
-44.3127
-44.1998
-43.3566
-41.6848
-39.0978
-35.5331
-30.9661
-25.4314
-19.0674
-12.1639
-5.47458
23.7397
23.9346
23.8689
23.3758
22.4843
21.1156
19.2522
17.0448
14.6723
12.2185
9.79003
7.50055
5.36409
3.37516
1.53226
-0.198668
-1.8506
-3.45032
-5.03043
-6.6206
-8.24471
-9.92312
-11.6732
-13.4791
-15.2589
-16.9098
-18.3573
-19.5356
-20.3718
-20.7761
-20.6554
-19.9216
-18.4916
-16.2974
-13.3015
-9.51998
-5.06088
-0.174906
4.51258
21.4635
20.764
19.7098
18.2837
16.656
14.6962
12.4859
10.1245
7.59557
4.95995
2.25115
-0.536522
-3.38034
-6.27807
-9.22977
-12.2258
-15.2562
-18.304
-21.343
-24.3388
-27.2433
-29.9953
-32.5288
-34.7794
-36.7226
-38.3747
-39.7174
-40.6821
-41.1724
-41.0982
-40.3681
-38.8913
-36.5863
-33.3931
-29.2853
-24.2912
-18.5312
-12.2602
-6.1482
21.9027
22.1043
22.0639
21.6231
20.8076
19.5442
17.8168
15.7662
13.5619
11.2836
9.03216
6.91465
4.94444
3.11678
1.43011
-0.147416
-1.64652
-3.09233
-4.51547
-5.94393
-7.40056
-8.90536
-10.4758
-12.0996
-13.7024
-15.1911
-16.4993
-17.5688
-18.3348
-18.7176
-18.6332
-18.0013
-16.7462
-14.8052
-12.143
-8.77196
-4.78671
-0.4058
3.81869
19.7698
19.0942
18.0839
16.7245
15.1787
13.3232
11.2363
9.01278
6.63755
4.16835
1.63702
-0.961428
-3.60544
-6.29275
-9.02357
-11.7886
-14.5789
-17.3789
-20.1648
-22.905
-25.5563
-28.0628
-30.3649
-32.4049
-34.1623
-35.6566
-36.874
-37.7548
-38.2127
-38.1668
-37.5343
-36.2319
-34.184
-31.3333
-27.653
-23.1646
-17.9707
-12.2917
-6.72111
20.2004
20.4073
20.3895
19.997
19.2522
18.0875
16.4876
14.5849
12.5389
10.4257
8.34059
6.38427
4.56943
2.89168
1.34967
-0.0864542
-1.44539
-2.75049
-4.03057
-5.3118
-6.61604
-7.96244
-9.36857
-10.8246
-12.2637
-13.6013
-14.7783
-15.744
-16.4409
-16.7989
-16.7428
-16.2002
-15.1028
-13.3935
-11.0388
-8.04802
-4.50203
-0.588806
3.20707
18.2023
17.5504
16.5829
15.2879
13.8207
12.0648
10.0954
8.00267
5.77253
3.46004
1.09539
-1.32588
-3.78331
-6.27486
-8.80037
-11.3513
-13.9193
-16.4902
-19.0422
-21.5465
-23.964
-26.2437
-28.3319
-30.1768
-31.7622
-33.109
-34.2078
-35.007
-35.4297
-35.404
-34.8553
-33.7084
-31.8937
-29.3575
-26.0726
-22.054
-17.3876
-12.2608
-7.19687
18.6236
18.8345
18.8369
18.4889
17.81
16.7377
15.2577
13.4941
11.5972
9.63941
7.71056
5.90523
4.23547
2.69718
1.28904
-0.0168113
-1.24717
-2.42389
-3.57369
-4.72115
-5.8869
-7.0892
-8.34545
-9.64776
-10.9359
-12.1336
-13.1883
-14.0561
-14.6862
-15.0174
-14.9829
-14.5183
-13.5624
-12.0635
-9.99065
-7.34957
-4.20835
-0.726076
2.67401
16.7523
16.124
15.1981
13.9652
12.5735
10.9127
9.05518
7.08633
4.99336
2.82852
0.620498
-1.63491
-3.9182
-6.22728
-8.56208
-10.9144
-13.2768
-15.6359
-17.9719
-20.2587
-22.4604
-24.5311
-26.4221
-28.0874
-29.5138
-30.7237
-31.7114
-32.4323
-32.8187
-32.8067
-32.33
-31.3212
-29.7172
-27.4681
-24.5466
-20.962
-16.7846
-12.1706
-7.57958
17.1638
17.3776
17.398
17.0911
16.4735
15.4878
14.1204
12.4876
10.7311
8.91948
7.13743
5.47357
3.93919
2.53051
1.24619
0.0602019
-1.05237
-2.1119
-3.14325
-4.16936
-5.20951
-6.28114
-7.40105
-8.56298
-9.71278
-10.7816
-11.7233
-12.4993
-13.0658
-13.3692
-13.3509
-12.9542
-12.1247
-10.816
-8.99952
-6.67795
-3.90741
-0.820503
2.21498
15.4117
14.8067
13.9213
12.7484
11.429
9.85903
8.10784
6.25646
4.29316
2.26746
0.206478
-1.89354
-4.01413
-6.15326
-8.31073
-10.479
-12.6509
-14.8144
-16.9512
-19.0374
-21.0407
-22.919
-24.6288
-26.1287
-27.409
-28.4928
-29.3773
-30.0241
-30.374
-30.3707
-29.956
-29.0697
-27.6552
-25.6667
-23.0774
-19.8915
-16.1646
-12.025
-7.87411
15.8131
16.0286
16.0651
15.796
15.2356
14.3308
13.0692
11.5596
9.9351
8.2609
6.61669
5.08519
3.67715
2.38886
1.21897
0.143242
-0.861518
-1.81427
-2.73812
-3.6543
-4.58088
-5.53429
-6.5305
-7.56479
-8.58834
-9.5392
-10.3768
-11.0679
-11.5743
-11.85
-11.8437
-11.5058
-10.7885
-9.65072
-8.06601
-6.03454
-3.60149
-0.875653
1.82514
14.173
13.591
12.7449
11.6297
10.3796
8.89636
7.24635
5.50634
3.66552
1.77093
-0.1519
-2.10633
-4.07495
-6.05571
-8.04845
-10.046
-12.0417
-14.0245
-15.9776
-17.8793
-19.7
-21.4017
-22.9453
-24.2939
-25.4405
-26.4085
-27.1978
-27.7752
-28.0895
-28.0913
-27.7297
-26.9519
-25.7073
-23.9543
-21.6669
-18.845
-15.5311
-11.8284
-8.08617
14.5638
14.7801
14.8309
14.5968
14.0895
13.2605
12.0982
10.7043
9.20402
7.65895
6.14398
4.7363
3.4459
2.26937
1.20518
0.230794
-0.675372
-1.53094
-2.35731
-3.17412
-3.99812
-4.8448
-5.72926
-6.64784
-7.55667
-8.40012
-9.14258
-9.75554
-10.2061
-10.4548
-10.4571
-10.17
-9.552
-8.56677
-7.19034
-5.42057
-3.29299
-0.895274
1.49926
13.029
12.4696
11.6617
10.6021
9.41841
8.01787
6.46403
4.82955
3.10455
1.33347
-0.459563
-2.27766
-4.10431
-5.93758
-7.77722
-9.6165
-11.4493
-13.2653
-15.0492
-16.7812
-18.4342
-19.9741
-21.3656
-22.5761
-23.6007
-24.4631
-25.1651
-25.6784
-25.9585
-25.9629
-25.6471
-24.9651
-23.8722
-22.3309
-20.3164
-17.825
-14.8878
-11.5859
-8.22167
13.4091
13.6254
13.6887
13.4867
13.0288
12.2707
11.2016
9.91658
8.53288
7.10903
5.71515
4.42317
3.24233
2.16937
1.20269
0.321312
-0.494811
-1.26204
-2.00013
-2.72725
-3.45889
-4.20945
-4.99315
-5.80719
-6.61221
-7.35831
-8.01434
-8.55603
-8.95511
-9.17791
-9.18616
-8.94296
-8.41237
-7.56269
-6.37225
-4.83715
-2.98444
-0.883515
1.23169
11.9732
11.436
10.6651
9.65891
8.53879
7.21714
5.75473
4.22027
2.6046
0.949843
-0.721333
-2.41169
-4.1058
-5.80168
-7.49909
-9.1917
-10.8739
-12.5361
-14.1643
-15.7402
-17.2396
-18.6315
-19.8842
-20.969
-21.8828
-22.6492
-23.2717
-23.7261
-23.9743
-23.9793
-23.703
-23.1055
-22.1475
-20.7958
-19.0268
-16.8338
-14.2385
-11.3026
-8.28702
12.3423
12.5578
12.6322
12.4596
12.0477
11.3558
10.3742
9.19123
7.91702
6.60682
5.32629
4.14228
3.06333
2.08626
1.20944
0.413307
-0.320694
-1.00772
-1.66602
-2.31233
-2.96092
-3.62517
-4.31831
-5.03825
-5.74967
-6.40795
-6.98592
-7.46299
-7.81506
-8.01353
-8.02576
-7.82029
-7.36633
-6.63641
-5.61109
-4.28512
-2.6784
-0.844684
1.01684
10.9993
10.4838
9.74876
8.79399
7.73464
6.4882
5.11262
3.67287
2.16048
0.615237
-0.941497
-2.51229
-4.08263
-5.65063
-7.21602
-8.77277
-10.3158
-11.8362
-13.3211
-14.754
-16.1128
-17.3695
-18.4957
-19.4663
-20.28
-20.9596
-21.5102
-21.911
-22.1295
-22.134
-21.8919
-21.3687
-20.5306
-19.3478
-17.7984
-15.8737
-13.5871
-10.984
-8.28879
11.3572
11.5714
11.6554
11.5099
11.1407
10.5106
9.61078
8.52359
7.35201
6.14826
4.97369
3.8903
2.90594
2.01758
1.22344
0.505354
-0.153869
-0.768219
-1.35453
-1.92813
-2.50223
-3.08911
-3.70106
-4.33652
-4.96388
-5.5433
-6.05113
-6.46999
-6.77947
-6.95541
-6.97015
-6.79709
-6.41005
-5.78541
-4.90582
-3.76514
-2.37732
-0.783006
0.848955
10.1015
9.60734
8.90692
8.00151
7.00026
5.82544
4.53233
3.18222
1.7673
0.325156
-1.12421
-2.58312
-4.03792
-5.48689
-6.92972
-8.36077
-9.7753
-11.1651
-12.5184
-13.8202
-15.0504
-16.1839
-17.1953
-18.0626
-18.7858
-19.3873
-19.873
-20.2255
-20.4168
-20.4201
-20.2076
-19.7499
-19.0176
-17.9849
-16.6312
-14.9464
-12.9373
-10.6357
-8.23375
10.4482
10.6604
10.7528
10.6321
10.3024
9.72999
8.90669
7.90918
6.83374
5.72951
4.65383
3.66408
2.76745
1.96095
1.24279
0.596046
0.00484694
-0.543734
-1.06518
-1.57357
-2.08095
-2.59866
-3.13803
-3.69789
-4.24999
-4.75889
-5.20398
-5.5707
-5.84187
-5.9972
-6.01341
-5.86812
-5.53929
-5.00673
-4.25506
-3.27767
-2.08364
-0.702815
0.722367
9.27438
8.80106
8.13411
7.27607
6.33032
5.22365
4.00879
2.74348
1.42053
0.075357
-1.27329
-2.62753
-3.9746
-5.31283
-6.64192
-7.95666
-9.25262
-10.5222
-11.7548
-12.9367
-14.0495
-15.0709
-15.9782
-16.7522
-17.3941
-17.9255
-18.3531
-18.6621
-18.8289
-18.8306
-18.6439
-18.2436
-17.6049
-16.7048
-15.5248
-14.0535
-12.2928
-10.2631
-8.12856
9.60991
9.81956
9.91915
9.82108
9.52796
9.00926
8.25749
7.34385
6.35827
5.34701
4.36348
3.46072
2.64528
1.91426
1.26578
0.684181
0.154732
-0.334439
-0.797546
-1.24747
-1.69527
-2.15128
-2.62591
-3.11834
-3.60332
-4.04934
-4.4386
-4.75889
-4.99583
-5.1325
-5.14943
-5.0279
-4.74948
-4.29707
-3.65718
-2.82289
-1.79953
-0.608124
0.63155
8.51291
8.05989
7.42522
6.6126
5.71982
4.67799
3.53731
2.35215
1.11592
-0.138036
-1.39227
-2.64866
-3.89526
-5.1306
-6.35426
-7.56148
-8.74812
-9.90728
-11.0291
-12.1013
-13.1072
-14.0267
-14.8398
-15.5298
-16.0988
-16.5676
-16.9433
-17.2135
-17.3583
-17.3584
-17.1941
-16.8444
-16.2879
-15.5048
-14.4782
-13.1963
-11.6569
-9.87147
-7.97982
8.8372
9.04385
9.14951
9.07209
8.8128
8.34403
7.65896
6.82365
5.92198
4.9974
4.0996
3.27752
2.53712
1.87556
1.29091
0.768645
0.29518
-0.140432
-0.551179
-0.948836
-1.34348
-1.74456
-2.1616
-2.59405
-3.01934
-3.40955
-3.7493
-4.02843
-4.23499
-4.35493
-4.37204
-4.2708
-4.03591
-3.65297
-3.11022
-2.40074
-1.52692
-0.502809
0.571238
7.8123
7.37905
6.7755
6.0064
5.16413
4.18394
3.11354
2.00413
0.849615
-0.31868
-1.48442
-2.64942
-3.80242
-4.94213
-6.06812
-7.17598
-8.26193
-9.31961
-10.3401
-11.312
-12.2207
-13.0478
-13.7759
-14.3904
-14.8942
-15.3073
-15.6368
-15.8727
-15.9979
-15.9964
-15.8518
-15.5464
-15.0621
-14.3818
-13.4902
-12.3756
-11.0326
-9.46576
-7.79387
8.12536
8.32863
8.43934
8.38067
8.15258
7.73017
7.10722
6.34497
5.52148
4.67759
3.85941
3.11205
2.44086
1.84309
1.31677
0.848469
0.42567
0.0382931
-0.325535
-0.676544
-1.0239
-1.3762
-1.74214
-2.12135
-2.49374
-2.83454
-3.13058
-3.37341
-3.55314
-3.65818
-3.67512
-3.5912
-3.39375
-3.07076
-2.61205
-2.0109
-1.26749
-0.390481
0.536368
7.1681
6.75408
6.18052
5.45305
4.65891
3.73727
2.73346
1.69557
0.617973
-0.469907
-1.5528
-2.6324
-3.69827
-4.74918
-5.78478
-6.80093
-7.79419
-8.75873
-9.68643
-10.567
-11.3873
-12.1309
-12.7823
-13.3292
-13.7749
-14.1384
-14.4271
-14.6325
-14.7405
-14.7377
-14.6103
-14.3437
-13.9226
-13.3324
-12.5594
-11.5919
-10.4226
-9.05068
-7.57685
7.47002
7.66954
7.78437
7.74266
7.5433
7.16385
6.59865
5.90439
5.15366
4.38472
3.64035
2.96202
2.35455
1.81528
1.34219
0.922871
0.545826
0.201783
-0.120072
-0.429514
-0.734869
-1.04394
-1.36463
-1.69671
-2.02234
-2.31959
-2.57714
-2.78809
-2.94426
-3.03613
-3.05267
-2.98347
-2.81812
-2.54666
-2.16033
-1.65276
-1.02259
-0.274307
0.522319
6.57618
6.18083
5.63614
4.94848
4.20018
3.3341
2.39328
1.42286
0.417631
-0.594766
-1.60015
-2.60009
-3.58488
-4.55339
-5.50535
-6.43691
-7.34495
-8.22411
-9.06706
-9.8645
-10.6046
-11.2726
-11.8551
-12.3414
-12.7353
-13.055
-13.3076
-13.4863
-13.5793
-13.5753
-13.4631
-13.2305
-12.8647
-12.3532
-11.6839
-10.8456
-9.82935
-8.6305
-7.33449
6.86706
7.06248
7.18055
7.15417
6.98116
6.64145
6.12985
5.49876
4.81559
4.11615
3.44007
2.8254
2.27649
1.79073
1.36611
0.991188
0.655398
0.350234
0.0658467
-0.206639
-0.474762
-0.745601
-1.02632
-1.31678
-1.60116
-1.86012
-2.08393
-2.26696
-2.40251
-2.48281
-2.49885
-2.44214
-2.30424
-2.07689
-1.75264
-1.32557
-0.79326
-0.157155
0.524806
6.03266
5.65544
5.13848
4.48885
3.78418
2.97079
2.08954
1.18272
0.245555
-0.696069
-1.62898
-2.55464
-3.46407
-4.35621
-5.23084
-6.08443
-6.91416
-7.71513
-8.4807
-9.20248
-9.86983
-10.4698
-10.9903
-11.4225
-11.7706
-12.0514
-12.2724
-12.4277
-12.5075
-12.5026
-12.4038
-12.201
-11.8835
-11.4407
-10.8619
-10.1364
-9.25466
-8.20909
-7.07205
6.31261
6.50366
6.62417
6.61154
6.46267
6.1596
5.69765
5.12513
4.50459
3.86947
3.25644
2.70037
2.20514
1.76825
1.38769
1.05292
0.754256
0.483901
0.232902
-0.00677192
-0.241963
-0.479055
-0.724523
-0.978323
-1.22645
-1.45181
-1.64612
-1.80478
-1.92238
-1.99256
-2.00802
-1.9619
-1.84738
-1.65766
-1.38647
-1.02837
-0.580293
-0.0415018
0.539962
5.53391
5.17426
4.68395
4.07064
3.40742
2.64397
1.81898
0.972102
0.0988807
-0.776439
-1.64163
-2.49807
-3.33747
-4.15886
-4.96208
-5.74389
-6.50171
-7.23114
-7.92615
-8.57916
-9.18071
-9.71924
-10.1843
-10.5683
-10.8757
-11.1224
-11.3155
-11.4504
-11.5189
-11.5134
-11.4263
-11.2495
-10.9741
-10.5911
-10.0911
-9.46407
-8.70011
-7.7898
-6.79444
5.80308
5.98951
6.11173
6.11137
5.98452
5.71518
5.29911
4.7808
4.21818
3.64247
3.08754
2.58528
2.13918
1.74682
1.40624
1.10772
0.842396
0.603151
0.38186
0.171243
-0.0348567
-0.242222
-0.456678
-0.678254
-0.894552
-1.09053
-1.25911
-1.39659
-1.49858
-1.55997
-1.57481
-1.53765
-1.44298
-1.28528
-1.05924
-0.760009
-0.384142
0.0705574
0.564345
5.07658
4.73393
4.2692
3.69052
3.06669
2.35054
1.57865
0.788197
-0.0249899
-0.838213
-1.64018
-2.43218
-3.20656
-3.96246
-4.69976
-5.41551
-6.10739
-6.77141
-7.40213
-7.99275
-8.53482
-9.01809
-9.43347
-9.77452
-10.0459
-10.2626
-10.4314
-10.5485
-10.6072
-10.6013
-10.5247
-10.3707
-10.132
-9.80091
-9.36927
-8.82796
-8.16691
-7.3756
-6.50605
5.3351
5.51669
5.63996
5.65047
5.54366
5.30529
4.93151
4.46326
3.95409
3.43314
2.93163
2.47869
2.07745
1.72559
1.42119
1.15534
0.919909
0.708426
0.513515
0.328605
0.148138
-0.0330766
-0.220293
-0.413603
-0.602034
-0.772372
-0.918562
-1.03767
-1.12615
-1.1799
-1.19415
-1.16454
-1.08668
-0.956107
-0.768393
-0.519215
-0.205027
0.177306
0.594945
4.65752
4.33131
3.89111
3.34543
2.759
2.0876
1.36583
0.628449
-0.128413
-0.88355
-1.62652
-2.35858
-3.07262
-3.76793
-4.44444
-5.09948
-5.73093
-6.3352
-6.9074
-7.44145
-7.92982
-8.36341
-8.73437
-9.0373
-9.27697
-9.46728
-9.61475
-9.71644
-9.76679
-9.76077
-9.69341
-9.55931
-9.35245
-9.06644
-8.69412
-8.22721
-7.65585
-6.96899
-6.21075
4.90557
5.08214
5.20581
5.2259
5.13724
4.92721
4.59233
4.17019
3.71024
3.23964
2.78714
2.37931
2.01895
1.70386
1.43215
1.19566
0.986989
0.800227
0.628703
0.466493
0.308587
0.150331
-0.0130116
-0.181564
-0.345641
-0.493635
-0.620405
-0.723606
-0.800424
-0.847569
-0.861236
-0.837974
-0.774315
-0.66667
-0.511361
-0.304602
-0.0429116
0.277389
0.629172
4.27379
3.96349
3.54679
3.03255
2.4816
1.85248
1.17796
0.490468
-0.213584
-0.914415
-1.60239
-2.2787
-2.9368
-3.57612
-4.1966
-4.79584
-5.37195
-5.9217
-6.44068
-6.92349
-7.3634
-7.75241
-8.08369
-8.35278
-8.56445
-8.73165
-8.86059
-8.94895
-8.99215
-8.98616
-8.92699
-8.8103
-8.63114
-8.38419
-8.06325
-7.66082
-7.16747
-6.57202
-5.91201
4.51157
4.68296
4.80646
4.83491
4.7626
4.57843
4.27924
3.89948
3.48475
3.06034
2.6527
2.28604
1.96285
1.68105
1.43882
1.22869
1.04392
0.879137
0.728314
0.586114
0.448036
0.309894
0.167452
0.0205436
-0.12229
-0.250861
-0.360802
-0.450271
-0.517033
-0.558479
-0.571588
-0.553652
-0.501956
-0.413628
-0.285647
-0.114722
0.102446
0.369753
0.664833
3.92271
3.62775
3.23354
2.74922
2.23188
1.64274
1.01272
0.372085
-0.282494
-0.93258
-1.56929
-2.19379
-2.80008
-3.38766
-3.95655
-4.50456
-5.03004
-5.53005
-6.00069
-6.43712
-6.83336
-7.18238
-7.47827
-7.71736
-7.90438
-8.05135
-8.16416
-8.24101
-8.27815
-8.27234
-8.22044
-8.11894
-7.96386
-7.75073
-7.47422
-7.12757
-6.70196
-6.18635
-5.61276
4.15039
4.31647
4.43927
4.47493
4.4173
4.25664
3.99007
3.64916
3.27587
2.89374
2.52708
2.1979
1.90844
1.65673
1.44103
1.25452
1.09106
0.945783
0.813247
0.688657
0.567972
0.447438
0.323255
0.195236
0.0709065
-0.0408058
-0.13619
-0.213818
-0.271927
-0.308465
-0.321045
-0.307566
-0.265913
-0.193816
-0.088812
0.0519261
0.231457
0.453663
0.700124
3.60172
3.32157
2.94888
2.493
2.00751
1.45609
0.867963
0.27132
-0.336929
-0.939623
-1.5286
-2.105
-2.66331
-3.20313
-3.72453
-4.22555
-4.7047
-5.1594
-5.58615
-5.98062
-6.33755
-6.65073
-6.91507
-7.12759
-7.29293
-7.42221
-7.52101
-7.58795
-7.61996
-7.61447
-7.56901
-7.4808
-7.34662
-7.16276
-6.92463
-6.62622
-6.2593
-5.81331
-5.31553
3.81952
3.98017
4.10178
4.14358
4.09906
3.95967
3.72285
3.41744
3.08201
2.73849
2.40918
2.11407
1.85514
1.63057
1.43869
1.2733
1.12881
1.00081
0.884413
0.775296
0.669848
0.564702
0.456453
0.344899
0.236664
0.139562
0.0567478
-0.0106821
-0.0613581
-0.0936675
-0.105749
-0.0959847
-0.0627464
-0.00425257
0.0814902
0.196882
0.344689
0.528639
0.733577
3.30847
3.04259
2.69049
2.26162
1.80626
1.29046
0.741731
0.18636
-0.378528
-0.936998
-1.48155
-2.01331
-2.5272
-3.02297
-3.50068
-3.9586
-4.39542
-4.80884
-5.19574
-5.5523
-5.87385
-6.15493
-6.3912
-6.58021
-6.72649
-6.84034
-6.92697
-6.98537
-7.01306
-7.008
-6.96828
-6.89169
-6.77564
-6.61709
-6.4121
-6.15535
-5.83925
-5.45381
-5.0224
3.51662
3.67175
3.79174
3.83867
3.80575
3.68555
3.47574
3.2027
2.90175
2.59339
2.29806
2.03382
1.80248
1.60233
1.4318
1.28525
1.15762
1.04491
0.942725
0.84719
0.755073
0.663357
0.568996
0.471774
0.377515
0.293064
0.221092
0.162432
0.118138
0.0894652
0.0778549
0.0845348
0.110747
0.15787
0.227507
0.321665
0.442817
0.594422
0.764046
3.0408
2.78865
2.45621
2.05298
1.62613
1.14388
0.632208
0.115527
-0.408796
-0.926005
-1.42923
-1.91955
-2.39238
-2.8475
-3.28503
-3.70344
-4.10159
-4.47744
-4.82821
-5.15052
-5.44025
-5.69261
-5.90387
-6.0721
-6.20165
-6.30203
-6.37812
-6.42921
-6.45326
-6.44871
-6.41408
-6.34766
-6.24737
-6.1107
-5.93431
-5.7135
-5.44134
-5.10853
-4.73509
3.2395
3.38904
3.50702
3.55815
3.53543
3.43242
3.24706
3.00341
2.73376
2.45736
2.19287
1.95657
1.75007
1.57185
1.42043
1.29066
1.17798
1.07877
0.989092
0.905463
0.824991
0.744983
0.662711
0.577953
0.495821
0.422308
0.35968
0.308557
0.269741
0.244194
0.233029
0.237159
0.25752
0.295163
0.351364
0.42779
0.526604
0.650953
0.790661
2.79673
2.55779
2.24411
1.86519
1.46526
1.01461
0.537744
0.0573114
-0.42908
-0.907816
-1.37259
-1.82446
-2.2593
-2.67696
-3.07757
-3.45977
-3.82261
-4.16426
-4.48227
-4.77366
-5.03478
-5.26145
-5.45048
-5.60035
-5.7152
-5.80385
-5.87082
-5.91564
-5.93665
-5.93267
-5.90258
-5.84506
-5.75844
-5.64071
-5.489
-5.29919
-5.06501
-4.77786
-4.45499
2.98622
3.13012
3.24571
3.30013
3.2863
3.1986
3.03527
2.81821
2.57685
2.32945
2.0929
1.8818
1.69764
1.53906
1.40468
1.28984
1.1904
1.10311
1.02441
0.9512
0.880893
0.811079
0.73932
0.665389
0.59377
0.529708
0.475129
0.430481
0.396363
0.373508
0.362762
0.364796
0.380297
0.41006
0.455083
0.516735
0.596888
0.698335
0.812788
2.57445
2.34821
2.05241
1.69652
1.32201
0.901092
0.456898
0.0103786
-0.44056
-0.883462
-1.31249
-1.72871
-2.12844
-2.51157
-2.87823
-3.22725
-3.55782
-3.86836
-4.15667
-4.42014
-4.65556
-4.85926
-5.02853
-5.16217
-5.26416
-5.34259
-5.40167
-5.44111
-5.4596
-5.45624
-5.4302
-5.38047
-5.30575
-5.20439
-5.07398
-4.9109
-4.70952
-4.46196
-4.18311
2.75496
2.89316
3.00604
3.06292
3.05672
2.98254
2.83894
2.64584
2.42992
2.20877
1.99752
1.80908
1.64493
1.50391
1.38473
1.28314
1.19541
1.1186
1.04954
0.985441
0.923999
0.863055
0.800431
0.735897
0.673384
0.617484
0.569831
0.530743
0.500657
0.480122
0.469774
0.470096
0.481577
0.504806
0.540553
0.589931
0.654535
0.736802
0.830013
2.3721
2.15805
1.8793
1.54522
1.1947
0.80178
0.388259
-0.0265062
-0.444274
-0.853825
-1.24963
-1.63283
-2.00017
-2.3515
-2.68693
-3.00551
-3.30662
-3.58884
-3.85022
-4.08847
-4.30079
-4.48396
-4.63565
-4.75498
-4.84568
-4.9152
-4.96748
-5.00234
-5.01875
-5.01604
-4.99362
-4.95074
-4.88638
-4.7992
-4.68717
-4.54716
-4.37409
-4.16084
-3.92025
2.54388
2.67639
2.78629
2.84484
2.84513
2.7828
2.65677
2.48514
2.29195
2.09459
1.90619
1.73805
1.59177
1.46642
1.36075
1.27091
1.19351
1.12592
1.06531
1.00917
0.955451
0.902218
0.847527
0.791145
0.736518
0.687666
0.645979
0.611667
0.585044
0.566515
0.556549
0.555479
0.563647
0.581473
0.609543
0.648747
0.70043
0.766677
0.842072
2.18785
1.98544
1.72289
1.40943
1.08156
0.714942
0.330271
-0.0546792
-0.441339
-0.819864
-1.1845
-1.53695
-1.87448
-2.19657
-2.50329
-2.79399
-3.06822
-3.32468
-3.56167
-3.77717
-3.96874
-4.13354
-4.26963
-4.37631
-4.45713
-4.51892
-4.56531
-4.59627
-4.61098
-4.60895
-4.58977
-4.5529
-4.49756
-4.42267
-4.32652
-4.20641
-4.0578
-3.87426
-3.6669
2.35117
2.47803
2.58475
2.64427
2.65003
2.59798
2.48754
2.33509
2.16206
1.9863
1.81853
1.66846
1.53805
1.42663
1.33298
1.25352
1.18523
1.12574
1.07252
1.02333
0.976325
0.92979
0.881981
0.832665
0.784861
0.742093
0.705541
0.675336
0.651696
0.63491
0.625315
0.623133
0.628587
0.641966
0.663707
0.694509
0.735488
0.788405
0.848925
2.02053
1.82921
1.582
1.28793
0.981318
0.639275
0.28167
-0.0754058
-0.432998
-0.782635
-1.11773
-1.44128
-1.75131
-2.04656
-2.32689
-2.59205
-2.84177
-3.07484
-3.28972
-3.48472
-3.65764
-3.80606
-3.92832
-4.02384
-4.09603
-4.15109
-4.19245
-4.22011
-4.23344
-4.23212
-4.21587
-4.18432
-4.13687
-4.07266
-3.99027
-3.88734
-3.75984
-3.60203
-3.42353
2.17563
2.29684
2.40017
2.45995
2.4702
2.4269
2.33017
2.19478
2.03935
1.88335
1.73416
1.60004
1.48365
1.38461
1.3016
1.23132
1.17105
1.11867
1.07192
1.02879
0.987631
0.946915
0.905078
0.861888
0.819998
0.782482
0.750355
0.723685
0.702611
0.687336
0.678094
0.675027
0.678261
0.687987
0.704519
0.728396
0.760529
0.802373
0.85048
1.87013
1.68947
1.45684
1.18097
0.894192
0.574999
0.242483
-0.0889949
-0.419815
-0.742249
-1.05046
-1.34767
-1.63239
-1.90265
-2.15842
-2.4
-2.62718
-2.83881
-3.03352
-3.20991
-3.36604
-3.49979
-3.60973
-3.69543
-3.76003
-3.80927
-3.84628
-3.87115
-3.88337
-3.88276
-3.86914
-3.84226
-3.80171
-3.74679
-3.6763
-3.58825
-3.47903
-3.34353
-3.19003
2.01717
2.13265
2.23218
2.29137
2.30496
2.26863
2.18378
2.0633
1.92245
1.78495
1.65248
1.53234
1.42836
1.34034
1.26675
1.20455
1.15131
1.10516
1.06407
1.02622
0.990159
0.954507
0.917864
0.880002
0.843247
0.810288
0.781999
0.758394
0.739562
0.725628
0.716752
0.713013
0.714465
0.721226
0.733507
0.751714
0.776585
0.809301
0.847213
1.73567
1.56526
1.34666
1.08797
0.819864
0.522071
0.213066
-0.095112
-0.400966
-0.698113
-0.982685
-1.25722
-1.51911
-1.76552
-1.998
-2.2177
-2.42413
-2.61599
-2.79222
-2.95165
-3.09262
-3.21318
-3.31211
-3.38912
-3.44711
-3.49131
-3.52464
-3.54722
-3.55862
-3.55882
-3.54765
-3.52493
-3.49046
-3.44366
-3.38349
-3.30828
-3.21487
-3.09871
-2.96701
1.87485
1.98452
2.07988
2.13758
2.15336
2.12211
2.04768
1.93949
1.8101
1.69089
1.57353
1.46525
1.37223
1.29415
1.22899
1.17391
1.12685
1.08616
1.05
1.01675
0.985098
0.953817
0.921653
0.888384
0.856039
0.826991
0.801981
0.780998
0.764082
0.751305
0.742773
0.738503
0.738505
0.742836
0.751631
0.76518
0.784069
0.809208
0.838541
1.63182
1.46911
1.26024
1.01409
0.759878
0.478593
0.189894
-0.097103
-0.3763
-0.651395
-0.899182
-1.15393
-1.40158
-1.63079
-1.84707
-2.05281
-2.24647
-2.42625
-2.59124
-2.74044
-2.87224
-2.98478
-3.07691
-3.14844
-3.20215
-3.24298
-3.27378
-3.2946
-3.30531
-3.30602
-3.29582
-3.27557
-3.245
-3.20353
-3.15024
-3.08365
-3.00099
-2.89816
-2.78166
1.76469
1.86884
1.95917
2.012
2.02485
1.99051
1.9173
1.80951
1.69349
1.60079
1.50119
1.4039
1.32063
1.25129
1.19325
1.14396
1.10179
1.06535
1.03299
1.00323
0.974894
0.946876
0.918035
0.888151
0.859038
0.832839
0.81022
0.791157
0.775668
0.763798
0.755605
0.751074
0.750191
0.752957
0.759453
0.76988
0.784706
0.804644
0.828219
1.54947
1.39279
1.19123
0.954459
0.711051
0.443568
0.172658
-0.0940531
-0.345869
-0.599431
-0.804342
-1.04413
-1.28387
-1.50041
-1.70498
-1.90174
-2.08764
-2.26017
-2.41849
-2.56166
-2.68802
-2.79573
-2.88366
-2.9517
-3.00258
-3.04112
-3.07021
-3.08975
-3.09999
-3.10113
-3.09103
-3.07209
-3.04402
-3.00602
-2.95724
-2.89646
-2.8212
-2.72761
-2.62167
1.67688
1.7757
1.86002
1.90585
1.91227
1.87
1.79216
1.67642
1.57078
1.50954
1.43076
1.34518
1.27139
1.21034
1.15889
1.11478
1.07689
1.0441
1.01495
0.988095
0.962491
0.937137
0.910986
0.883829
0.857307
0.833382
0.812665
0.795124
0.780753
0.769572
0.761614
0.756847
0.755233
0.756748
0.761436
0.76944
0.781127
0.796998
0.815691
1.46919
1.31871
1.12476
0.897751
0.665516
0.412325
0.159258
-0.0870096
-0.312726
-0.54473
-0.709134
-0.934104
-1.16586
-1.36998
-1.56254
-1.74982
-1.92767
-2.09273
-2.2442
-2.38119
-2.50209
-2.60496
-2.68878
-2.75345
-2.80165
-2.83806
-2.86561
-2.884
-2.89384
-2.89554
-2.88567
-2.86816
-2.84276
-2.80834
-2.76412
-2.70914
-2.64118
-2.55676
-2.46203
1.59105
1.68462
1.76303
1.80218
1.80259
1.75281
1.67072
1.54683
1.45047
1.4164
1.35783
1.28384
1.21895
1.16579
1.12079
1.08179
1.04806
1.01884
0.992822
0.968816
0.945874
0.923112
0.899578
0.875066
0.851047
0.829307
0.810411
0.794338
0.781092
0.770682
0.763118
0.758347
0.756292
0.75689
0.760129
0.766068
0.775002
0.787368
0.802639
1.39148
1.24729
1.06118
0.84417
0.623358
0.384777
0.149416
-0.0763206
-0.27741
-0.486819
-0.614902
-0.824642
-1.04741
-1.23954
-1.4202
-1.59762
-1.76713
-1.92456
-2.06904
-2.19979
-2.31519
-2.41328
-2.49306
-2.55446
-2.6001
-2.63452
-2.66067
-2.67802
-2.68756
-2.68981
-2.68012
-2.66384
-2.64077
-2.60951
-2.56936
-2.51962
-2.45829
-2.38185
-2.29511
1.50774
1.59616
1.6688
1.70163
1.69643
1.63956
1.55355
1.42181
1.33288
1.32149
1.28214
1.21983
1.16335
1.11759
1.07883
1.04481
1.01512
0.989312
0.96631
0.945059
0.92471
0.904473
0.883495
0.861573
0.840011
0.820408
0.80325
0.788492
0.776111
0.766107
0.758489
0.75322
0.750242
0.749508
0.751013
0.754776
0.760954
0.769544
0.779169
1.31704
1.17917
1.00102
0.794151
0.584851
0.360951
0.142947
-0.0624783
-0.240584
-0.426526
-0.522938
-0.71674
-0.928984
-1.1093
-1.27822
-1.44548
-1.60628
-1.75593
-1.89333
-2.01778
-2.12768
-2.2211
-2.29701
-2.3553
-2.39852
-2.43108
-2.45601
-2.47261
-2.48229
-2.48562
-2.47696
-2.46276
-2.44282
-2.41549
-2.38008
-2.33605
-2.2818
-2.21477
-2.14174
1.42771
1.51111
1.57815
1.605
1.5945
1.53074
1.44085
1.30087
1.21744
1.22469
1.20334
1.15277
1.10439
1.06556
1.03275
1.0036
0.977886
0.955393
0.93527
0.916615
0.898705
0.880852
0.862304
0.842861
0.823691
0.806266
0.791081
0.778138
0.767406
0.758833
0.752352
0.747853
0.74521
0.744298
0.745035
0.747391
0.751632
0.758295
0.768619
1.24651
1.11488
0.944679
0.747931
0.55005
0.340676
0.139464
-0.0461727
-0.20301
-0.364991
-0.434247
-0.611155
-0.810977
-0.979371
-1.13676
-1.29361
-1.44537
-1.58709
-1.71738
-1.83553
-1.93997
-2.02882
-2.10105
-2.15658
-2.19774
-2.22869
-2.25231
-2.26774
-2.27661
-2.27967
-2.2705
-2.25662
-2.2379
-2.21261
-2.18018
-2.1402
-2.09085
-2.02831
-1.95444
1.35167
1.43022
1.4918
1.51301
1.49738
1.42675
1.3328
1.18345
1.10337
1.12584
1.12121
1.08235
1.04193
1.0097
0.982485
0.957918
0.936019
0.916854
0.899694
0.883692
0.868188
0.852609
0.836311
0.819084
0.801856
0.785818
0.771356
0.758461
0.74717
0.737568
0.729716
0.723612
0.719221
0.716507
0.715413
0.715818
0.717448
0.719301
0.71848
1.1806
1.05494
0.89237
0.705381
0.51858
0.323274
0.138152
-0.0284619
-0.165711
-0.303638
-0.350029
-0.508692
-0.693933
-0.850037
-0.995923
-1.14205
-1.28441
-1.41804
-1.54128
-1.65328
-1.75245
-1.83686
-1.9054
-1.95808
-1.99743
-2.02768
-2.05175
-2.06866
-2.08015
-2.08678
-2.08126
-2.07191
-2.05849
-2.03891
-2.01253
-1.97926
-1.93859
-1.89007
-1.84364
1.28051
1.35442
1.41061
1.42634
1.40529
1.32722
1.22854
1.06797
0.988882
1.02439
1.03558
1.0081
0.975486
0.949874
0.928334
0.908095
0.889367
0.872803
0.858154
0.844743
0.831909
0.819054
0.80559
0.791453
0.777705
0.76552
0.755201
0.746657
0.739689
0.7341
0.729717
0.726384
0.723942
0.722245
0.721209
0.720879
0.721946
0.726011
0.73788
1.12021
0.999985
0.84435
0.666318
0.489822
0.307713
0.137796
-0.0106668
-0.129903
-0.244017
-0.271545
-0.410212
-0.578401
-0.721553
-0.855811
-0.990817
-1.12326
-1.24842
-1.36447
-1.47048
-1.5649
-1.64576
-1.71162
-1.76179
-1.79802
-1.8243
-1.84378
-1.85573
-1.86236
-1.86484
-1.85504
-1.8421
-1.82618
-1.80542
-1.7793
-1.74738
-1.70705
-1.65231
-1.57817
1.21527
1.28481
1.33569
1.34592
1.31845
1.2317
1.12701
0.95267
0.871284
0.919115
0.946364
0.93007
0.904463
0.884837
0.869331
0.854708
0.84038
0.82657
0.813256
0.800334
0.787687
0.775057
0.761879
0.747605
0.732465
0.717458
0.703273
0.690126
0.67827
0.667926
0.659194
0.652085
0.646571
0.642579
0.639945
0.638206
0.636005
0.630156
0.613739
1.0661
0.950899
0.801601
0.631626
0.464384
0.294095
0.137985
0.00613901
-0.0970589
-0.188141
-0.200292
-0.316763
-0.465037
-0.594123
-0.716405
-0.839968
-0.962096
-1.07839
-1.1868
-1.28616
-1.37504
-1.45187
-1.51606
-1.56811
-1.60995
-1.64435
-1.67347
-1.69589
-1.71358
-1.727
-1.7286
-1.7278
-1.72365
-1.71354
-1.69715
-1.67534
-1.65017
-1.62566
-1.61968
1.15672
1.22225
1.26819
1.2733
1.23868
1.14296
1.03111
0.837725
0.74774
0.807578
0.852168
0.848721
0.830989
0.815661
0.802521
0.790759
0.781565
0.775205
0.770397
0.765709
0.760305
0.753857
0.746438
0.73896
0.733034
0.728954
0.725993
0.723766
0.721891
0.720184
0.718481
0.716672
0.714624
0.712232
0.709614
0.707283
0.707248
0.713723
0.737437
1.01868
0.908295
0.765094
0.602677
0.443782
0.283701
0.139294
0.021115
-0.0691272
-0.138584
-0.138009
-0.229992
-0.355083
-0.468018
-0.576969
-0.688252
-0.799897
-0.908023
-1.01016
-1.10445
-1.18859
-1.25947
-1.31399
-1.35048
-1.37255
-1.38684
-1.39715
-1.4023
-1.40443
-1.40407
-1.39056
-1.37521
-1.3598
-1.34253
-1.32216
-1.29717
-1.26215
-1.20609
-1.1116
1.10513
1.16709
1.20883
1.20982
1.16853
1.06631
0.946061
0.723185
0.616391
0.688343
0.748642
0.758796
0.754998
0.752038
0.744629
0.729278
0.708608
0.68727
0.66821
0.652381
0.639426
0.628493
0.618074
0.605804
0.590276
0.573677
0.558265
0.544503
0.532573
0.522463
0.514104
0.507503
0.502642
0.499399
0.497323
0.495234
0.489729
0.474026
0.434762
0.978706
0.871572
0.732553
0.57577
0.423415
0.271683
0.137256
0.0302769
-0.0485722
-0.0967028
-0.0858053
-0.151977
-0.251139
-0.345394
-0.438212
-0.533723
-0.631195
-0.728408
-0.82379
-0.916311
-1.00512
-1.08977
-1.17012
-1.24449
-1.30777
-1.35751
-1.39797
-1.43039
-1.45814
-1.48384
-1.50072
-1.51297
-1.51902
-1.51821
-1.51156
-1.50152
-1.49467
-1.50246
-1.55581
1.0621
1.12101
1.15858
1.15447
1.10471
0.995338
0.857532
0.594201
0.473091
0.565182
0.637372
0.650982
0.652159
0.664176
0.686028
0.711158
0.734731
0.752707
0.763243
0.76672
0.764618
0.758591
0.750908
0.745679
0.746416
0.750384
0.753686
0.755586
0.756349
0.756466
0.755905
0.754391
0.751745
0.747973
0.743609
0.740039
0.741597
0.756311
0.801615
0.949414
0.84037
0.698726
0.540462
0.388871
0.241856
0.116903
0.0232801
-0.0381719
-0.0607753
-0.0432365
-0.0835668
-0.155044
-0.230214
-0.307639
-0.386997
-0.466401
-0.543503
-0.616175
-0.68196
-0.737051
-0.77594
-0.794317
-0.793769
-0.788439
-0.789779
-0.793797
-0.794043
-0.791769
-0.782807
-0.762608
-0.747859
-0.73976
-0.731627
-0.720698
-0.705616
-0.676856
-0.61767
-0.490768
1.03306
1.08997
1.12178
1.10655
1.0386
0.907072
0.723151
0.418268
0.304652
0.434408
0.536393
0.565577
0.553922
0.52015
0.473089
0.423018
0.378924
0.347528
0.329279
0.321456
0.320565
0.323884
0.327819
0.326396
0.31584
0.302083
0.290961
0.28259
0.275855
0.269975
0.265229
0.262006
0.260459
0.260435
0.261248
0.260942
0.253732
0.229456
0.168724
0.935353
0.819716
0.668989
0.501607
0.343889
0.196338
0.0784053
-0.000403957
-0.0384887
-0.0334807
-0.0116712
-0.0256758
-0.0623603
-0.11196
-0.174566
-0.249246
-0.334929
-0.430526
-0.535582
-0.650336
-0.775679
-0.910812
-1.04848
-1.17326
-1.26228
-1.31565
-1.36782
-1.40898
-1.46705
-1.564
-1.53213
-1.52564
-1.54073
-1.54886
-1.54617
-1.54232
-1.55249
-1.5963
-1.71227
1.02249
1.07907
1.10486
1.07489
0.982467
0.815795
0.564867
0.227428
0.10701
0.239065
0.385261
0.519058
0.641277
0.75342
0.842875
0.902228
0.934426
0.942625
0.933349
0.913402
0.888058
0.860904
0.836805
0.824824
0.829934
0.840394
0.846194
0.848463
0.849973
0.851214
0.851434
0.850031
0.846963
0.842525
0.837848
0.835398
0.842085
0.868118
0.933608
127.796
124.12
119.781
114.892
109.476
103.701
97.8188
92.0034
86.3161
80.7695
75.3709
70.1307
65.0607
60.1711
55.4696
50.9627
46.6543
42.5469
38.6413
34.9367
31.4303
28.1189
24.9977
22.0614
19.3044
16.7207
14.3042
12.0489
9.94985
8.00142
6.19885
4.53777
3.0136
1.62246
0.360411
-0.776635
-1.79269
-2.69215
-3.47957
-4.15985
-4.73812
-5.22007
-5.61156
-5.91863
-6.14778
-6.30557
-6.39857
-6.4334
-6.4166
-6.35459
-6.25353
-6.11924
-5.95726
-5.77268
-5.57018
-5.35399
-5.1279
-4.89524
-4.65889
-4.42136
-4.18474
-3.95075
-3.72084
-3.49605
-3.27745
-3.06527
-2.86081
-2.68908
-2.53814
-2.38902
-2.22749
-2.0884
-1.89606
-1.81405
-1.51825
-1.62153
-1.03972
-1.59294
-0.413498
-1.78656
127.78
123.863
119.14
114.142
108.805
103.253
97.6672
92.1813
86.841
81.6609
76.6479
71.8066
67.1448
62.6682
58.3808
54.2852
50.3822
46.6718
43.1523
39.8203
36.6719
33.702
30.9052
28.2755
25.8065
23.4923
21.3267
19.304
17.4184
15.6649
14.0389
12.5356
11.1505
9.87938
8.71815
7.66244
6.70786
5.84982
5.08361
4.40417
3.80634
3.28475
2.83379
2.44779
2.12104
1.84778
1.62232
1.43913
1.29284
1.17838
1.09092
1.02601
0.979561
0.947875
0.927644
0.915967
0.910326
0.908567
0.908898
0.90984
0.910209
0.909096
0.905766
0.899802
0.890632
0.878624
0.862449
0.847243
0.830098
0.814871
0.785245
0.777664
0.714763
0.749378
0.597185
0.757359
0.404298
0.830752
0.133482
0.95831
48.3036
47.8609
47.7955
47.73
47.6042
47.3814
47.0224
46.4947
45.782
44.8864
43.8172
42.5855
41.2036
39.6846
38.0428
36.2932
34.4524
32.5376
30.5656
28.5536
26.5188
24.4773
22.4445
20.4345
18.4605
16.5339
14.6646
12.8612
11.1309
9.47936
7.91119
6.4301
5.03848
3.73833
2.53085
1.41654
0.395454
-0.533017
-1.3699
-2.11678
-2.77577
-3.34959
-3.84143
-4.25478
-4.59388
-4.86322
-5.06756
-5.21195
-5.30163
-5.34193
-5.33818
-5.2956
-5.2193
-5.11414
-4.98472
-4.83533
-4.66991
-4.49204
-4.30492
-4.1114
-3.91396
-3.7147
-3.51548
-3.3177
-3.12284
-2.93146
-2.74506
-2.58739
-2.44759
-2.30983
-2.15724
-2.02915
-1.84297
-1.7714
-1.48116
-1.58856
-1.02342
-1.55674
-0.431887
-1.73301
48.6239
48.6972
49.1149
49.6363
50.0376
50.2633
50.2771
50.0579
49.5985
48.9113
48.0165
46.9318
45.6786
44.2765
42.7455
41.1054
39.3753
37.5746
35.7224
33.8369
31.9354
30.0337
28.1464
26.287
24.4669
22.696
20.9827
19.3337
17.7544
16.2489
14.8205
13.471
12.2016
11.0131
9.9054
8.87803
7.93
7.05985
6.26581
5.54556
4.89648
4.3156
3.79949
3.34449
2.94665
2.60179
2.30557
2.05356
1.84131
1.66444
1.51863
1.39974
1.30389
1.2274
1.1669
1.11935
1.082
1.05243
1.02856
1.00859
0.991003
0.974582
0.958272
0.9414
0.923084
0.903553
0.881084
0.861648
0.840876
0.823236
0.790207
0.781649
0.715486
0.749687
0.596829
0.752097
0.409024
0.814831
0.151332
0.927769
21.9375
21.7571
21.603
21.4188
21.2456
21.0919
20.9549
20.8306
20.7167
20.6086
20.4962
20.3687
20.215
20.0244
19.7874
19.4949
19.1398
18.7163
18.2198
17.6481
17.001
16.2798
15.4881
14.6311
13.7156
12.7497
11.7428
10.7046
9.64586
8.57689
7.50806
6.4495
5.41042
4.3995
3.42455
2.49236
1.60885
0.778923
0.00657881
-0.705116
-1.35406
-1.93909
-2.45977
-2.91638
-3.31015
-3.64286
-3.91687
-4.1351
-4.30089
-4.41797
-4.49026
-4.52189
-4.51705
-4.4799
-4.41457
-4.32501
-4.21498
-4.08801
-3.94733
-3.79592
-3.63645
-3.47125
-3.30245
-3.13172
-2.96081
-2.79063
-2.62272
-2.47954
-2.35135
-2.2252
-2.0826
-1.96476
-1.78788
-1.72232
-1.44646
-1.54555
-1.01568
-1.5058
-0.461168
-1.65887
21.9931
21.8969
21.8431
21.8107
21.8043
21.8583
21.9712
22.1277
22.3135
22.5167
22.7221
22.9101
23.0646
23.1686
23.2092
23.1759
23.0611
22.8593
22.5675
22.1851
21.7137
21.1567
20.5196
19.8097
19.0354
18.2062
17.3322
16.424
15.4921
14.5469
13.5983
12.6556
11.7272
10.8206
9.94268
9.09897
8.29431
7.5325
6.81656
6.14856
5.52985
4.96104
4.44198
3.97193
3.54954
3.17298
2.83997
2.54786
2.2937
2.07438
1.88663
1.72715
1.59266
1.47994
1.38593
1.30774
1.2427
1.18837
1.14254
1.1033
1.06894
1.03803
1.0093
0.981888
0.954664
0.927734
0.899064
0.875415
0.851125
0.830862
0.794998
0.784266
0.717169
0.746987
0.599745
0.741155
0.419813
0.79105
0.175004
0.892054
21.4158
21.3449
21.2376
21.084
20.8883
20.649
20.3705
20.0577
19.716
19.3484
18.9567
18.5436
18.1115
17.6621
17.1972
16.7171
16.2223
15.7123
15.1861
14.6421
14.0788
13.4942
12.8863
12.2537
11.5953
10.9106
10.2002
9.46531
8.70846
7.93289
7.1429
6.34366
5.54077
4.7404
3.94898
3.1729
2.41845
1.69149
0.997524
0.341408
-0.272732
-0.841546
-1.3624
-1.83339
-2.25353
-2.62249
-2.94066
-3.20913
-3.42951
-3.60399
-3.73514
-3.82588
-3.8794
-3.89905
-3.88827
-3.85053
-3.78922
-3.70764
-3.60892
-3.49598
-3.37154
-3.23806
-3.09782
-2.95267
-2.80455
-2.65467
-2.50456
-2.37526
-2.25801
-2.14275
-2.00961
-1.90159
-1.73325
-1.67449
-1.40987
-1.50639
-1.0005
-1.4654
-0.471791
-1.60635
21.4354
21.4021
21.3394
21.2385
21.096
20.9166
20.7013
20.4587
20.2002
19.934
19.6655
19.3965
19.1307
18.8693
18.6128
18.3593
18.1056
17.847
17.5786
17.2953
16.992
16.664
16.3068
15.917
15.4921
15.0306
14.5324
13.9986
13.4316
12.8348
12.2128
11.5708
10.9146
10.2505
9.58471
8.92351
8.27285
7.63823
7.02467
6.43651
5.87738
5.3503
4.85744
4.4003
3.9797
3.59579
3.24819
2.93588
2.65747
2.41115
2.19481
2.00614
1.84262
1.70169
1.58078
1.47735
1.38896
1.31331
1.24825
1.19184
1.14231
1.09814
1.05792
1.02065
0.985021
0.951049
0.9164
0.888671
0.860966
0.838109
0.799428
0.786637
0.718181
0.744738
0.600621
0.732866
0.425211
0.774168
0.187706
0.867535
19.5187
19.4447
19.3603
19.2652
19.1542
19.0227
18.8689
18.6907
18.4864
18.2538
17.9908
17.6963
17.3694
17.0097
16.6171
16.192
15.7355
15.2489
14.7338
14.1924
13.6267
13.0389
12.4314
11.8064
11.1658
10.5117
9.8459
9.17007
8.48607
7.79561
7.10065
6.40348
5.70652
5.01261
4.32496
3.64706
2.98266
2.33566
1.7101
1.10988
0.538745
8.31302e-05
-0.50304
-0.968009
-1.39286
-1.77609
-2.11687
-2.41496
-2.67064
-2.88482
-3.05888
-3.19457
-3.29407
-3.35984
-3.39456
-3.40106
-3.38222
-3.34094
-3.28009
-3.20242
-3.11056
-3.00693
-2.89387
-2.77332
-2.64732
-2.5173
-2.38476
-2.26921
-2.16279
-2.05835
-1.93464
-1.83657
-1.67639
-1.62559
-1.36996
-1.46835
-0.979102
-1.42994
-0.471569
-1.56404
19.555
19.5558
19.552
19.5471
19.5372
19.5166
19.476
19.4086
19.3128
19.1871
19.0304
18.8411
18.6204
18.3687
18.0879
17.7799
17.4477
17.0941
16.7218
16.3334
15.9307
15.5153
15.0882
14.6502
14.2017
13.7425
13.2725
12.7915
12.2994
11.7962
11.2825
10.7592
10.2278
9.69026
9.14908
8.6072
8.0679
7.53465
7.01105
6.50062
6.00675
5.53256
5.08075
4.65363
4.25298
3.8801
3.53577
3.22022
2.93322
2.67411
2.44184
2.23505
2.05206
1.89106
1.75005
1.62701
1.51985
1.42656
1.34518
1.27388
1.21093
1.15482
1.10408
1.05768
1.01414
0.973487
0.933085
0.901399
0.870362
0.844952
0.803444
0.788749
0.718496
0.742752
0.599826
0.726154
0.42701
0.760828
0.19458
0.847096
15.1426
15.0648
14.9847
14.9001
14.8074
14.706
14.5959
14.4765
14.3477
14.2083
14.0571
13.8927
13.7134
13.5176
13.3035
13.0693
12.8134
12.5344
12.2308
11.9018
11.5468
11.1654
10.7578
10.3247
9.86718
9.38663
8.88488
8.36403
7.82648
7.2747
6.71141
6.13943
5.56157
4.98075
4.39998
3.8223
3.25083
2.68874
2.13931
1.60575
1.09127
0.59894
0.131713
-0.30768
-0.716908
-1.09391
-1.43709
-1.74535
-2.01798
-2.25485
-2.45628
-2.62302
-2.75625
-2.85748
-2.9286
-2.97167
-2.98895
-2.98284
-2.95577
-2.91018
-2.84848
-2.77295
-2.68583
-2.58908
-2.48473
-2.37437
-2.25938
-2.15774
-2.06238
-1.96903
-1.85514
-1.76731
-1.61574
-1.5732
-1.32703
-1.42744
-0.955392
-1.39171
-0.469931
-1.51809
15.1752
15.1623
15.1498
15.1415
15.135
15.1302
15.1256
15.1165
15.101
15.0784
15.0471
15.0048
14.9497
14.8791
14.7907
14.6823
14.5519
14.3978
14.2189
14.0147
13.7849
13.53
13.2508
12.9485
12.6247
12.2809
11.919
11.5408
11.1482
10.7427
10.3263
9.90054
9.467
9.02739
8.58346
8.13708
7.69027
7.24517
6.80412
6.36951
5.94381
5.52951
5.12896
4.74438
4.37774
4.03074
3.70474
3.4007
3.11921
2.86046
2.62429
2.41015
2.21722
2.04439
1.89036
1.75364
1.63265
1.52575
1.43131
1.3477
1.27335
1.20687
1.14679
1.09213
1.04132
0.994442
0.948607
0.913152
0.878918
0.851028
0.806793
0.790203
0.718222
0.740161
0.598444
0.718806
0.42824
0.746547
0.20112
0.824746
11.6486
11.5901
11.5306
11.4657
11.3933
11.3133
11.226
11.1319
11.0312
10.9235
10.8087
10.6862
10.5556
10.4163
10.2678
10.1092
9.93987
9.75885
9.56511
9.35757
9.13522
8.89689
8.64152
8.36815
8.07601
7.76458
7.43354
7.08296
6.71327
6.32528
5.9202
5.49965
5.06555
4.62013
4.16593
3.70567
3.24228
2.77874
2.31822
1.86385
1.41876
0.986015
0.568606
0.16941
-0.208992
-0.564178
-0.894062
-1.19691
-1.47134
-1.71642
-1.9316
-2.11679
-2.27227
-2.39871
-2.49717
-2.56896
-2.61567
-2.63909
-2.64115
-2.62388
-2.58936
-2.53961
-2.4767
-2.40249
-2.31891
-2.22765
-2.1299
-2.04208
-1.95782
-1.87564
-1.77178
-1.6943
-1.55179
-1.51741
-1.28159
-1.3833
-0.930115
-1.35003
-0.467403
-1.46786
11.6734
11.6633
11.6539
11.6453
11.635
11.6235
11.6112
11.5958
11.576
11.5532
11.5277
11.4991
11.4673
11.4313
11.3908
11.3446
11.2916
11.2305
11.1597
11.0778
10.9829
10.8735
10.7481
10.6053
10.444
10.2634
10.0632
9.84323
9.60394
9.34599
9.07044
8.77859
8.472
8.15244
7.82179
7.48206
7.13535
6.78379
6.42961
6.07503
5.72232
5.37373
5.03149
4.69772
4.37443
4.0635
3.76656
3.485
3.21992
2.97212
2.74208
2.52998
2.33566
2.15869
1.99841
1.85391
1.72413
1.60788
1.5039
1.41088
1.32748
1.25247
1.18452
1.12272
1.06552
1.01306
0.962273
0.923348
0.886142
0.855918
0.809144
0.790679
0.7172
0.736633
0.596551
0.710375
0.429189
0.73088
0.207487
0.800763
9.52649
9.48613
9.44481
9.39923
9.34816
9.29122
9.22836
9.15978
9.08549
9.00509
8.91817
8.8243
8.72301
8.61391
8.49657
8.37053
8.23541
8.09085
7.9364
7.77165
7.59625
7.40977
7.21174
7.00174
6.77933
6.54411
6.29562
6.03357
5.75773
5.468
5.16449
4.84756
4.51781
4.17612
3.8237
3.46206
3.09301
2.71862
2.34122
1.9633
1.58751
1.21653
0.853126
0.500043
0.159878
-0.16485
-0.471835
-0.759012
-1.02457
-1.26705
-1.48533
-1.67862
-1.84655
-1.98905
-2.10647
-2.19945
-2.26892
-2.31607
-2.3423
-2.34916
-2.33835
-2.31156
-2.27061
-2.21718
-2.15304
-2.07992
-1.99871
-1.92431
-1.8509
-1.77969
-1.68584
-1.61859
-1.48536
-1.45899
-1.2339
-1.33677
-0.902634
-1.30651
-0.462007
-1.41673
9.54572
9.54331
9.54153
9.53993
9.53687
9.5328
9.52797
9.52101
9.50913
9.49369
9.47488
9.45227
9.42577
9.39499
9.3598
9.31995
9.27515
9.2251
9.16949
9.10793
9.03989
8.96475
8.88177
8.79017
8.68907
8.57749
8.45446
8.31916
8.17073
8.00854
7.8322
7.64152
7.43662
7.21794
6.98619
6.74237
6.48776
6.22385
5.95235
5.67507
5.39397
5.11107
4.82842
4.54804
4.27192
4.00195
3.73991
3.48738
3.24577
3.01626
2.79976
2.59693
2.40816
2.23356
2.073
1.9261
1.79231
1.67087
1.56093
1.4615
1.37156
1.29009
1.21593
1.14833
1.08577
1.02856
0.973448
0.93146
0.891588
0.859251
0.810184
0.789933
0.715185
0.732081
0.593818
0.701101
0.429185
0.714652
0.212409
0.776671
8.01898
7.98809
7.95618
7.9214
7.88294
7.84033
7.79331
7.74214
7.68674
7.6268
7.56197
7.49186
7.41603
7.33406
7.24547
7.14979
7.04656
6.93529
6.8155
6.68676
6.54865
6.40077
6.24277
6.07435
5.89527
5.70533
5.50438
5.29235
5.06922
4.83502
4.5899
4.33408
4.0679
3.79182
3.50647
3.21266
2.9114
2.60389
2.29158
1.97612
1.65934
1.34324
1.02996
0.72173
0.420811
0.12947
-0.150105
-0.415834
-0.665784
-0.898273
-1.11183
-1.30527
-1.47773
-1.62863
-1.75775
-1.86514
-1.95119
-2.01652
-2.06202
-2.08877
-2.09804
-2.09119
-2.0697
-2.03505
-1.98877
-1.93254
-1.86697
-1.80539
-1.74245
-1.68188
-1.59787
-1.54063
-1.41671
-1.39822
-1.18397
-1.28818
-0.872618
-1.26168
-0.453256
-1.36574
8.03496
8.036
8.03752
8.0395
8.04096
8.04232
8.04386
8.04543
8.04404
8.03988
8.03348
8.02431
8.01219
7.99662
7.9773
7.95378
7.92564
7.89247
7.8539
7.80955
7.75905
7.70209
7.63834
7.56748
7.48923
7.40327
7.30924
7.20682
7.09562
6.97528
6.84545
6.70579
6.55608
6.39614
6.22599
6.04579
5.85592
5.65692
5.44961
5.23498
5.01422
4.78871
4.55993
4.32947
4.09898
3.87013
3.64455
3.4238
3.20933
3.00246
2.80433
2.61589
2.43786
2.27075
2.11482
1.97015
1.83658
1.71377
1.60124
1.49836
1.40439
1.31859
1.23998
1.16804
1.10129
1.04025
0.981557
0.936994
0.894828
0.860658
0.809596
0.787711
0.711931
0.726375
0.589995
0.691012
0.4279
0.698104
0.21558
0.752766
6.73136
6.70587
6.6795
6.65105
6.6199
6.58563
6.54797
6.50723
6.46335
6.41615
6.36541
6.31086
6.25218
6.1891
6.12126
6.04831
5.96988
5.88558
5.795
5.6977
5.59328
5.48127
5.36127
5.23285
5.09564
4.9493
4.79352
4.62809
4.45285
4.26772
4.07273
3.86802
3.6538
3.43041
3.19832
2.95811
2.71049
2.45634
2.19666
1.93263
1.66555
1.39688
1.12821
0.861293
0.597912
0.339959
0.0893311
-0.152092
-0.382477
-0.600127
-0.803482
-0.991144
-1.16199
-1.31508
-1.44979
-1.56575
-1.66285
-1.74128
-1.80145
-1.844
-1.86979
-1.8798
-1.87519
-1.85717
-1.827
-1.7863
-1.73529
-1.68583
-1.63287
-1.58252
-1.50811
-1.46059
-1.34597
-1.33518
-1.13182
-1.23747
-0.840124
-1.21531
-0.441644
-1.31436
6.74498
6.7469
6.7492
6.75204
6.75467
6.75742
6.76053
6.76442
6.76735
6.76806
6.76756
6.76557
6.76196
6.7564
6.74869
6.73848
6.72544
6.70917
6.6893
6.6654
6.63701
6.6037
6.56502
6.52052
6.4698
6.41247
6.34813
6.2765
6.19728
6.11023
6.01517
5.91193
5.80043
5.68057
5.55236
5.41589
5.27129
5.11881
4.95883
4.79185
4.61851
4.4396
4.25606
4.06895
3.87942
3.68874
3.49822
3.30917
3.12289
2.94064
2.76358
2.59274
2.42902
2.27315
2.12568
1.98697
1.8572
1.73637
1.62431
1.52072
1.42513
1.33709
1.25583
1.18103
1.11133
1.04749
0.986028
0.939444
0.895413
0.859747
0.807037
0.783724
0.707182
0.719305
0.584912
0.679928
0.425282
0.681009
0.217232
0.728734
5.64401
5.62306
5.60138
5.57808
5.55264
5.52479
5.49422
5.46125
5.42582
5.38785
5.34716
5.30354
5.25679
5.20668
5.15297
5.09542
5.03376
4.96772
4.897
4.8213
4.74032
4.6537
4.56112
4.46224
4.3567
4.24418
4.12433
3.99686
3.86147
3.71795
3.56613
3.4059
3.23724
3.06024
2.87509
2.6821
2.48169
2.27445
2.06107
1.84241
1.61943
1.39323
1.16505
0.936268
0.708309
0.482731
0.261134
0.04515
-0.163573
-0.363446
-0.552942
-0.730629
-0.895246
-1.04567
-1.18103
-1.30063
-1.40403
-1.49102
-1.56164
-1.61614
-1.65498
-1.67881
-1.68845
-1.68483
-1.6689
-1.6422
-1.60455
-1.56637
-1.52281
-1.48216
-1.41698
-1.37881
-1.27337
-1.27004
-1.07759
-1.18466
-0.805307
-1.16726
-0.42755
-1.2621
5.65559
5.65799
5.66073
5.66396
5.66702
5.67018
5.67363
5.67771
5.68205
5.68464
5.68624
5.68704
5.68685
5.6855
5.68286
5.67875
5.67295
5.66523
5.65536
5.64306
5.62802
5.60992
5.58841
5.5631
5.5336
5.49951
5.46037
5.4158
5.36539
5.30875
5.24554
5.17547
5.09829
5.01382
4.92194
4.82263
4.71592
4.60193
4.48087
4.35305
4.21886
4.07882
3.93353
3.7837
3.63014
3.47377
3.31556
3.15655
2.9978
2.84041
2.68541
2.53382
2.38655
2.24443
2.10814
1.97824
1.85512
1.73904
1.63009
1.52823
1.43325
1.34495
1.26276
1.18661
1.11524
1.04964
0.9863
0.938306
0.892887
0.856113
0.802148
0.777666
0.700673
0.710644
0.578398
0.667657
0.421288
0.663156
0.217513
0.704355
4.7684
4.75136
4.73371
4.71477
4.69414
4.67164
4.64695
4.62034
4.59178
4.56122
4.52851
4.49349
4.45599
4.41584
4.37286
4.32684
4.27757
4.22485
4.16842
4.10807
4.04355
3.9746
3.90097
3.82239
3.73859
3.64932
3.55431
3.45331
3.34607
3.23237
3.11201
2.98483
2.8507
2.70956
2.56141
2.40635
2.24455
2.07629
1.90197
1.72213
1.5374
1.34855
1.1565
0.962258
0.766964
0.571856
0.378251
0.18753
0.00112395
-0.179542
-0.353054
-0.518033
-0.673204
-0.817378
-0.949537
-1.0688
-1.17449
-1.26612
-1.34343
-1.40633
-1.45498
-1.48967
-1.51093
-1.51944
-1.51579
-1.50146
-1.4758
-1.44795
-1.41309
-1.3815
-1.32511
-1.2958
-1.19933
-1.20311
-1.0215
-1.1299
-0.768336
-1.11755
-0.411114
-1.20898
4.7782
4.78101
4.78413
4.78767
4.79112
4.79466
4.79849
4.80274
4.80772
4.81179
4.81474
4.81729
4.81919
4.82033
4.82062
4.81992
4.81809
4.81495
4.81035
4.80411
4.79602
4.78586
4.77339
4.75838
4.74055
4.71962
4.69525
4.66715
4.63498
4.59838
4.55703
4.51056
4.45867
4.40105
4.33745
4.26767
4.19155
4.10903
4.02011
3.92488
3.82352
3.71631
3.60361
3.48589
3.3637
3.23769
3.10857
2.97715
2.84426
2.71078
2.57762
2.44567
2.31579
2.18878
2.06539
1.94625
1.83189
1.72272
1.61902
1.52097
1.42856
1.34179
1.26031
1.18425
1.11245
1.04619
0.98187
0.933114
0.886819
0.849366
0.794581
0.769232
0.692135
0.700167
0.570265
0.654043
0.415838
0.644438
0.21644
0.67951
4.06116
4.04718
4.03268
4.01716
4.00029
3.98198
3.9619
3.94026
3.91707
3.89228
3.86578
3.83745
3.80716
3.77476
3.7401
3.70304
3.66339
3.62099
3.57563
3.52714
3.47531
3.41992
3.36076
3.2976
3.23022
3.15841
3.08193
3.00056
2.91411
2.82236
2.72514
2.6223
2.51371
2.39926
2.27892
2.15268
2.0206
1.8828
1.7395
1.59101
1.43772
1.28012
1.11882
0.954573
0.788182
0.620597
0.452852
0.286061
0.121412
-0.0398703
-0.196536
-0.347329
-0.491044
-0.626503
-0.752653
-0.868521
-0.97329
-1.06629
-1.14704
-1.2152
-1.27067
-1.31347
-1.34383
-1.36219
-1.36886
-1.36517
-1.35007
-1.33148
-1.30454
-1.28127
-1.2331
-1.21208
-1.12424
-1.13473
-0.963805
-1.07339
-0.729383
-1.0663
-0.392639
-1.15503
4.06951
4.07249
4.07575
4.07939
4.083
4.08674
4.09078
4.09515
4.10023
4.10533
4.10929
4.113
4.11636
4.11925
4.1216
4.12331
4.12428
4.12437
4.12346
4.12141
4.11805
4.11322
4.10672
4.09839
4.088
4.07534
4.06016
4.04226
4.02136
3.99722
3.96956
3.93812
3.90263
3.86281
3.81843
3.76922
3.71499
3.65556
3.5908
3.52064
3.44507
3.36417
3.27807
3.18701
3.09131
2.99138
2.8877
2.78083
2.67139
2.56008
2.44761
2.33473
2.22219
2.11073
2.00106
1.89382
1.78959
1.68888
1.59207
1.49947
1.41125
1.32759
1.24826
1.17361
1.10258
1.0367
0.972319
0.923461
0.876823
0.839145
0.783999
0.758124
0.681297
0.687644
0.56032
0.638908
0.408821
0.624718
0.214056
0.654079
3.47419
3.46256
3.45048
3.43759
3.42362
3.4085
3.39195
3.37412
3.35504
3.33468
3.31293
3.28973
3.26495
3.23848
3.21022
3.18004
3.14779
3.11335
3.07656
3.03726
2.99531
2.9505
2.90268
2.85166
2.79724
2.73923
2.67744
2.61167
2.54172
2.46743
2.3886
2.30509
2.21675
2.12347
2.02517
1.9218
1.81336
1.6999
1.58153
1.45842
1.33081
1.19904
1.06351
0.924732
0.783294
0.639891
0.495307
0.35041
0.20615
0.0635375
-0.0763706
-0.212478
-0.343698
-0.468937
-0.587172
-0.697421
-0.798807
-0.890563
-0.972055
-1.04279
-1.10243
-1.15082
-1.18793
-1.214
-1.22901
-1.23426
-1.22821
-1.21778
-1.1979
-1.18215
-1.14153
-1.12814
-1.04853
-1.06521
-0.904761
-1.01526
-0.688639
-1.01348
-0.372403
-1.10002
3.48134
3.48429
3.48749
3.49103
3.49459
3.49827
3.50225
3.50654
3.51134
3.51673
3.52131
3.52551
3.52963
3.53349
3.53704
3.54021
3.54293
3.5451
3.54664
3.54743
3.54735
3.54627
3.54406
3.54055
3.53559
3.52899
3.52056
3.51012
3.49745
3.48232
3.46454
3.44385
3.42005
3.39289
3.36216
3.32765
3.28915
3.24647
3.19946
3.14798
3.09195
3.03131
2.96608
2.89634
2.82221
2.7439
2.66171
2.57597
2.48712
2.39564
2.30208
2.20701
2.11105
2.01482
1.91895
1.82405
1.73069
1.63937
1.55056
1.46465
1.38189
1.30259
1.22665
1.15459
1.08542
1.02089
0.957325
0.909016
0.862569
0.82513
0.770099
0.744063
0.667909
0.67285
0.548383
0.622071
0.400168
0.60379
0.210436
0.627773
2.97987
2.97013
2.96
2.9492
2.93753
2.92493
2.91119
2.89636
2.88051
2.86361
2.8456
2.8264
2.80593
2.7841
2.76082
2.73598
2.70949
2.68123
2.65108
2.61892
2.58461
2.54802
2.50901
2.46742
2.4231
2.37588
2.32561
2.27212
2.21523
2.1548
2.09065
2.02263
1.95061
1.87445
1.79405
1.70934
1.62025
1.52678
1.42897
1.3269
1.22071
1.1106
0.996838
0.879783
0.75985
0.637546
0.513457
0.388252
0.262676
0.137536
0.0137076
-0.107885
-0.226297
-0.340554
-0.449712
-0.552833
-0.649045
-0.737544
-0.817626
-0.888685
-0.950258
-1.00201
-1.04372
-1.07547
-1.09699
-1.10947
-1.11099
-1.10755
-1.09384
-1.08475
-1.05098
-1.04449
-0.972624
-0.994895
-0.844725
-0.955638
-0.646457
-0.959009
-0.350916
-1.0435
2.98603
2.98885
2.99189
2.99524
2.99863
3.00213
3.00589
3.00997
3.01439
3.01949
3.02438
3.0287
3.03306
3.03732
3.04142
3.04531
3.04895
3.05227
3.05521
3.05768
3.05959
3.06086
3.06138
3.06104
3.0597
3.05724
3.0535
3.04833
3.04156
3.03301
3.02248
3.00979
2.99473
2.9771
2.9567
2.93331
2.90675
2.87683
2.84337
2.80623
2.76529
2.72043
2.6716
2.61878
2.562
2.50134
2.43694
2.369
2.29777
2.22357
2.14679
2.06783
1.98718
1.90533
1.82279
1.7401
1.65778
1.5763
1.49613
1.4177
1.3413
1.26734
1.19578
1.12728
1.06091
0.998613
0.936677
0.889535
0.843792
0.807054
0.752617
0.726794
0.651737
0.655547
0.534323
0.603301
0.389933
0.581436
0.205795
0.600102
2.5627
2.55451
2.54598
2.5369
2.5271
2.51655
2.50509
2.49269
2.47945
2.46535
2.45034
2.43436
2.41734
2.39921
2.3799
2.35932
2.33739
2.31402
2.28911
2.26258
2.2343
2.20416
2.17206
2.13786
2.10144
2.06266
2.0214
1.97752
1.93086
1.8813
1.82868
1.77289
1.71379
1.65125
1.58516
1.51544
1.442
1.36481
1.28385
1.19914
1.11074
1.01877
0.923387
0.824826
0.723372
0.619388
0.513304
0.405623
0.296919
0.187833
0.0790694
-0.028609
-0.134404
-0.237469
-0.336965
-0.432033
-0.521848
-0.605623
-0.682631
-0.752216
-0.813829
-0.867027
-0.911446
-0.947049
-0.973322
-0.991415
-0.999049
-1.00145
-0.992994
-0.98967
-0.961987
-0.961588
-0.896976
-0.92408
-0.784104
-0.894549
-0.603341
-0.902652
-0.328689
-0.984752
2.56801
2.57066
2.5735
2.57662
2.57979
2.58307
2.58657
2.59036
2.59445
2.59904
2.60395
2.60827
2.61258
2.61692
2.6212
2.62538
2.62945
2.63334
2.63701
2.6404
2.64345
2.64609
2.64825
2.64984
2.65076
2.65091
2.65018
2.64846
2.6456
2.64147
2.63592
2.62878
2.6199
2.60909
2.59617
2.58097
2.5633
2.54298
2.51983
2.49369
2.46441
2.43187
2.39595
2.35659
2.31373
2.26739
2.21759
2.16443
2.10805
2.04863
1.98642
1.9217
1.85481
1.78613
1.71606
1.64503
1.57348
1.50185
1.43055
1.36001
1.29054
1.22258
1.15614
1.09197
1.02916
0.969864
0.910277
0.864864
0.820306
0.784709
0.731334
0.706084
0.632607
0.635483
0.518029
0.582256
0.378212
0.557052
0.200446
0.570377
2.20943
2.20251
2.19531
2.18766
2.17941
2.17054
2.16094
2.15053
2.13943
2.12761
2.11504
2.10167
2.08745
2.0723
2.05619
2.03904
2.02078
2.00133
1.98063
1.95859
1.93513
1.91014
1.88354
1.85522
1.82508
1.79302
1.75891
1.72264
1.6841
1.64316
1.59971
1.55362
1.50478
1.45309
1.39842
1.3407
1.27985
1.2158
1.14851
1.07798
1.00421
0.927263
0.847227
0.764247
0.678511
0.590268
0.499826
0.407554
0.313888
0.219318
0.124405
0.0297658
-0.0639417
-0.155999
-0.245684
-0.332237
-0.414907
-0.492949
-0.565655
-0.632372
-0.692504
-0.745551
-0.791049
-0.828875
-0.858334
-0.880532
-0.892884
-0.899977
-0.895896
-0.897389
-0.875088
-0.879786
-0.822177
-0.852799
-0.723627
-0.831723
-0.560288
-0.843401
-0.306907
-0.922378
2.214
2.21646
2.21909
2.22196
2.22489
2.22793
2.23115
2.23463
2.23838
2.24248
2.24711
2.2514
2.25551
2.25976
2.26401
2.26824
2.27243
2.27654
2.28054
2.2844
2.28806
2.29147
2.29458
2.29732
2.29962
2.30141
2.30259
2.30308
2.30277
2.30155
2.29931
2.29592
2.29123
2.28512
2.27743
2.268
2.25668
2.24331
2.22771
2.20974
2.18925
2.16609
2.14013
2.11126
2.0794
2.0445
2.00652
1.96547
1.9214
1.87441
1.82464
1.77225
1.71748
1.66058
1.60187
1.54166
1.48031
1.41818
1.35565
1.29309
1.2308
1.16924
1.1084
1.04912
0.990478
0.934771
0.878159
0.834951
0.792034
0.757938
0.706155
0.681675
0.6105
0.612237
0.499774
0.558287
0.365627
0.529825
0.195586
0.537284
1.90963
1.90376
1.89762
1.8911
1.88408
1.87655
1.86844
1.85962
1.85024
1.84024
1.82962
1.81833
1.80633
1.79358
1.78002
1.76559
1.75026
1.73394
1.71659
1.69814
1.6785
1.65762
1.63541
1.61178
1.58665
1.55994
1.53154
1.50136
1.4693
1.43526
1.39914
1.36084
1.32024
1.27726
1.23179
1.18376
1.13309
1.0797
1.02355
0.964612
0.902867
0.838329
0.771051
0.701116
0.628646
0.55381
0.476818
0.397944
0.317508
0.23588
0.153501
0.0708559
-0.0115223
-0.0930415
-0.173092
-0.251017
-0.326154
-0.397829
-0.465381
-0.528188
-0.585643
-0.637237
-0.682433
-0.721054
-0.752285
-0.777184
-0.79298
-0.803607
-0.803112
-0.808327
-0.790962
-0.799285
-0.749051
-0.780869
-0.664378
-0.766386
-0.518649
-0.780353
-0.287327
-0.855299
1.91358
1.91581
1.91815
1.92068
1.92325
1.9259
1.9287
1.93175
1.9351
1.93878
1.94303
1.9474
1.95136
1.95535
1.9594
1.96348
1.96758
1.97167
1.97572
1.97971
1.98361
1.98737
1.99094
1.9943
1.99738
2.00013
2.00246
2.00431
2.00561
2.00628
2.00622
2.00531
2.00346
2.00055
1.99646
1.99105
1.98419
1.97575
1.96559
1.95356
1.93951
1.92331
1.90484
1.88397
1.86059
1.83462
1.80598
1.77464
1.74059
1.70384
1.66445
1.62252
1.57818
1.53158
1.48296
1.43254
1.38058
1.32738
1.27322
1.21846
1.16334
1.1083
1.05332
0.999264
0.945228
0.893536
0.840446
0.79977
0.758983
0.726546
0.677094
0.653146
0.585613
0.585119
0.480082
0.530377
0.353048
0.498552
0.19228
0.499694
1.574
1.56929
1.56435
1.55911
1.55349
1.54747
1.54101
1.53399
1.52651
1.51856
1.51012
1.50115
1.49163
1.48152
1.47078
1.45938
1.44726
1.43439
1.4207
1.40616
1.3907
1.37427
1.35681
1.33827
1.31855
1.29759
1.27534
1.25169
1.22658
1.19993
1.17165
1.14165
1.10986
1.07617
1.04052
1.00282
0.963006
0.920994
0.876731
0.830178
0.781291
0.73005
0.676466
0.620573
0.562422
0.502108
0.439747
0.375514
0.309617
0.242305
0.173882
0.1047
0.0351535
-0.0343079
-0.1032
-0.170992
-0.237135
-0.301046
-0.362138
-0.419823
-0.473527
-0.522722
-0.566849
-0.605634
-0.63826
-0.665459
-0.684843
-0.698632
-0.702529
-0.710613
-0.700216
-0.709972
-0.671416
-0.69976
-0.603558
-0.691518
-0.47863
-0.708331
-0.272161
-0.780917
1.57727
1.57928
1.58139
1.58367
1.58605
1.58851
1.59109
1.59388
1.59689
1.60014
1.60371
1.60759
1.61129
1.61498
1.6188
1.62269
1.62665
1.63065
1.63469
1.63874
1.64278
1.64679
1.65075
1.65462
1.65835
1.66192
1.66528
1.66837
1.67113
1.67353
1.67548
1.6769
1.67771
1.67785
1.6772
1.67565
1.67311
1.66947
1.66462
1.65842
1.65075
1.64148
1.63051
1.6177
1.60294
1.58612
1.56715
1.54593
1.52241
1.49655
1.46833
1.43776
1.40487
1.36974
1.33248
1.29321
1.25211
1.20936
1.16519
1.11984
1.07354
1.02662
0.97915
0.931815
0.883995
0.837542
0.789658
0.752053
0.715077
0.684037
0.639605
0.614432
0.555159
0.548158
0.458077
0.492669
0.341511
0.457667
0.192798
0.453019
1.24398
1.24042
1.23668
1.23274
1.22851
1.22397
1.21911
1.21383
1.20819
1.20221
1.19586
1.18911
1.18197
1.17438
1.16634
1.1578
1.14873
1.1391
1.12888
1.11803
1.10652
1.09428
1.08129
1.06751
1.05285
1.03729
1.02078
1.00323
0.98461
0.964838
0.943862
0.921611
0.898017
0.873007
0.8465
0.818448
0.788775
0.757411
0.724297
0.689381
0.652608
0.613942
0.573352
0.530837
0.486398
0.440058
0.391869
0.341917
0.290309
0.237192
0.182746
0.127197
0.070816
0.0139089
-0.0431764
-0.100036
-0.156244
-0.211329
-0.264798
-0.31614
-0.364824
-0.410356
-0.452164
-0.48996
-0.522835
-0.551485
-0.573364
-0.590171
-0.597314
-0.609131
-0.603443
-0.61772
-0.585817
-0.618228
-0.531994
-0.620742
-0.42432
-0.6466
-0.239431
-0.730474
1.24655
1.24828
1.2501
1.25208
1.25417
1.25634
1.25862
1.26104
1.26361
1.26633
1.26922
1.27237
1.27563
1.27885
1.2822
1.28565
1.28919
1.29283
1.29655
1.30034
1.30418
1.30808
1.31203
1.31597
1.3199
1.32382
1.32768
1.33145
1.33509
1.33858
1.34186
1.34488
1.34759
1.34995
1.35188
1.35328
1.35409
1.35425
1.35365
1.35218
1.34976
1.34628
1.34162
1.33569
1.32835
1.31951
1.30907
1.29688
1.28288
1.26699
1.24912
1.22923
1.20728
1.18325
1.15717
1.12907
1.09902
1.06712
1.03348
0.998287
0.961661
0.923909
0.885013
0.845651
0.805161
0.765437
0.723662
0.690805
0.657722
0.630359
0.589807
0.567684
0.512708
0.507353
0.423141
0.456579
0.314888
0.425213
0.175967
0.429069
0.992296
0.989586
0.986731
0.983718
0.980486
0.977019
0.973305
0.969292
0.964981
0.960406
0.955546
0.950386
0.944937
0.939137
0.932995
0.926484
0.91956
0.912221
0.904434
0.896172
0.887406
0.878093
0.868214
0.857734
0.846594
0.834776
0.822228
0.808901
0.794761
0.779749
0.763827
0.746932
0.729012
0.710016
0.689873
0.66854
0.645954
0.62206
0.596804
0.570129
0.541994
0.512351
0.481154
0.448395
0.414047
0.378105
0.340585
0.301525
0.260975
0.219013
0.175749
0.131325
0.0859127
0.0397193
-0.00700879
-0.0539829
-0.100884
-0.147352
-0.192995
-0.237397
-0.280104
-0.320692
-0.358622
-0.393651
-0.424837
-0.452912
-0.475193
-0.493254
-0.502053
-0.5161
-0.513403
-0.531004
-0.503762
-0.539983
-0.460884
-0.552233
-0.367717
-0.588058
-0.20248
-0.684905
0.994328
0.995798
0.99733
0.99898
1.0007
1.0025
1.00439
1.00638
1.00852
1.01084
1.01332
1.016
1.0189
1.02176
1.02462
1.02761
1.03071
1.0339
1.03719
1.04057
1.04401
1.04754
1.05115
1.0548
1.0585
1.06224
1.06598
1.06973
1.07344
1.0771
1.08069
1.08416
1.08747
1.09061
1.09351
1.09612
1.09839
1.10025
1.10165
1.1025
1.10274
1.10227
1.10101
1.09887
1.09575
1.09157
1.0862
1.07955
1.07152
1.06204
1.05099
1.0383
1.02391
1.00775
0.989806
0.970046
0.948463
0.925105
0.9
0.873254
0.844923
0.815248
0.784128
0.752218
0.718773
0.685716
0.65013
0.622274
0.593314
0.570035
0.533606
0.515272
0.464575
0.46231
0.383063
0.418242
0.283448
0.393678
0.15491
0.409324
0.79081
0.788727
0.786536
0.784223
0.781741
0.779082
0.776238
0.77318
0.769875
0.766368
0.76264
0.758686
0.754512
0.750064
0.745356
0.74037
0.735066
0.729452
0.723491
0.717163
0.710452
0.703323
0.695765
0.687741
0.679214
0.670175
0.660569
0.650367
0.639546
0.628053
0.615863
0.602923
0.589192
0.57463
0.559186
0.542817
0.525473
0.507113
0.487689
0.467147
0.445458
0.422575
0.398452
0.373074
0.346409
0.318444
0.289173
0.258609
0.226774
0.193708
0.159478
0.124166
0.0878853
0.0507742
0.013
-0.0252309
-0.0636902
-0.10211
-0.140192
-0.17761
-0.213997
-0.249014
-0.282179
-0.313326
-0.341521
-0.367564
-0.388701
-0.406596
-0.415817
-0.430748
-0.429782
-0.449254
-0.425598
-0.464094
-0.391626
-0.483871
-0.311634
-0.528186
-0.165907
-0.633999
0.792419
0.793644
0.794929
0.796308
0.79775
0.799263
0.800849
0.802518
0.804303
0.806234
0.80831
0.810533
0.81296
0.81549
0.817939
0.820482
0.823154
0.825908
0.828754
0.831697
0.834714
0.837815
0.841009
0.844262
0.84759
0.850974
0.854393
0.85786
0.861341
0.864817
0.868289
0.871717
0.875073
0.878355
0.881499
0.88448
0.887269
0.889811
0.892057
0.893958
0.895457
0.896486
0.89698
0.896866
0.896067
0.894515
0.892112
0.88877
0.884405
0.878944
0.872278
0.864341
0.85506
0.844348
0.832161
0.818453
0.803171
0.786325
0.767897
0.747935
0.726436
0.70359
0.679224
0.653968
0.626985
0.600201
0.57061
0.547699
0.522928
0.503822
0.471781
0.4574
0.411504
0.412459
0.339144
0.375927
0.249608
0.359052
0.133183
0.383939
0.620758
0.619166
0.617492
0.615723
0.613826
0.611799
0.609632
0.607313
0.604794
0.602119
0.599276
0.596263
0.593081
0.589689
0.586103
0.58231
0.578277
0.57401
0.569481
0.564675
0.559578
0.554169
0.54844
0.542354
0.535889
0.529043
0.521766
0.514042
0.50585
0.497149
0.487922
0.478129
0.467733
0.456709
0.445015
0.432616
0.419474
0.405549
0.390808
0.375203
0.35871
0.34129
0.3229
0.303521
0.283118
0.26168
0.239187
0.215638
0.191039
0.165405
0.138773
0.11119
0.082726
0.0534714
0.0235368
-0.00693619
-0.0377843
-0.0688138
-0.0998035
-0.13051
-0.160638
-0.189937
-0.217984
-0.244698
-0.269171
-0.292291
-0.311273
-0.328021
-0.33677
-0.35159
-0.351345
-0.371592
-0.350517
-0.390144
-0.32343
-0.415478
-0.255065
-0.466681
-0.128206
-0.578402
0.622013
0.623004
0.624047
0.625165
0.626338
0.627566
0.628853
0.630208
0.63165
0.633205
0.634883
0.63668
0.638619
0.640723
0.642799
0.644878
0.647079
0.649357
0.651718
0.65417
0.656704
0.659316
0.662012
0.664778
0.667622
0.670537
0.6735
0.676528
0.679599
0.6827
0.685831
0.688965
0.692083
0.695188
0.698228
0.701188
0.704056
0.706783
0.709338
0.711683
0.713772
0.715562
0.717001
0.718032
0.718593
0.718627
0.718065
0.716832
0.71485
0.712058
0.708367
0.703705
0.698012
0.691194
0.6832
0.673977
0.663456
0.651621
0.638428
0.623897
0.607976
0.590829
0.572223
0.552763
0.531547
0.510493
0.486506
0.468314
0.447627
0.432637
0.405033
0.394693
0.353825
0.358193
0.291196
0.329801
0.212529
0.321172
0.109573
0.35434
0.47459
0.473405
0.472154
0.470832
0.469418
0.467908
0.466292
0.464569
0.462693
0.460693
0.458567
0.456316
0.453936
0.451401
0.448728
0.445898
0.442889
0.439703
0.436328
0.43275
0.428953
0.424925
0.420664
0.416137
0.411333
0.406246
0.40084
0.395106
0.389027
0.382571
0.37573
0.368468
0.36076
0.352591
0.343925
0.334735
0.324996
0.314672
0.30374
0.292163
0.27992
0.266977
0.2533
0.238871
0.223657
0.207647
0.190817
0.173158
0.154666
0.135345
0.115209
0.0942843
0.0726062
0.050236
0.0272402
0.00371347
-0.020232
-0.044462
-0.0688176
-0.0931224
-0.117153
-0.140727
-0.163488
-0.185436
-0.205702
-0.225269
-0.241351
-0.256201
-0.263769
-0.277683
-0.277313
-0.29743
-0.277984
-0.317835
-0.255869
-0.347027
-0.197083
-0.403339
-0.0877341
-0.51854
0.475542
0.476317
0.477131
0.478002
0.478918
0.479879
0.480886
0.481944
0.483066
0.484275
0.485576
0.486974
0.488471
0.490102
0.491808
0.493458
0.495174
0.496972
0.498842
0.500788
0.502806
0.504892
0.507054
0.509279
0.511576
0.513945
0.516361
0.518844
0.521381
0.523961
0.526587
0.529236
0.531903
0.534591
0.537257
0.539897
0.542504
0.545041
0.547488
0.549823
0.552004
0.554004
0.555793
0.557315
0.558531
0.559395
0.559857
0.559858
0.559333
0.558233
0.556484
0.55402
0.550794
0.546719
0.54174
0.535813
0.528861
0.520857
0.511743
0.50153
0.490137
0.477706
0.463969
0.449514
0.433377
0.41748
0.39865
0.384888
0.368104
0.357094
0.333864
0.327568
0.291781
0.299736
0.239166
0.280041
0.171758
0.280105
0.0828807
0.321852
0.346089
0.345243
0.344347
0.3434
0.342392
0.341313
0.340159
0.338932
0.337597
0.336161
0.334635
0.33302
0.331312
0.329498
0.327585
0.325557
0.323403
0.321123
0.318709
0.316152
0.313438
0.310562
0.307518
0.304286
0.300862
0.297235
0.293379
0.289294
0.284965
0.280367
0.275497
0.270327
0.264841
0.259029
0.252862
0.246322
0.23939
0.232042
0.224261
0.216019
0.207298
0.198073
0.18832
0.178022
0.167154
0.155707
0.143656
0.130993
0.117713
0.103808
0.0892846
0.0741555
0.0584387
0.0421696
0.0253878
0.00815399
-0.00946122
-0.0273678
-0.0454577
-0.0636126
-0.0816677
-0.0995101
-0.11684
-0.133744
-0.149394
-0.164867
-0.17741
-0.189709
-0.195481
-0.207778
-0.206535
-0.225665
-0.207014
-0.246156
-0.188003
-0.277374
-0.137015
-0.33637
-0.0441783
-0.449638
0.346781
0.347356
0.347962
0.348611
0.349294
0.350015
0.350773
0.351568
0.352411
0.353314
0.354286
0.355333
0.356455
0.357662
0.358976
0.360267
0.361536
0.362879
0.364284
0.365747
0.367262
0.36883
0.370465
0.372149
0.373887
0.375688
0.37753
0.379427
0.381374
0.383362
0.385393
0.387452
0.389538
0.391653
0.393766
0.39588
0.397991
0.400069
0.4021
0.40408
0.405974
0.407761
0.409424
0.41092
0.412231
0.413316
0.414142
0.414669
0.414843
0.414632
0.413977
0.412828
0.411146
0.408862
0.405931
0.402312
0.397936
0.392781
0.386783
0.379953
0.372193
0.363635
0.353996
0.343848
0.332178
0.320913
0.30682
0.297201
0.284142
0.276958
0.258026
0.255724
0.22506
0.236668
0.182604
0.225891
0.126675
0.234776
0.0526029
0.283671
0.232216
0.231657
0.231067
0.230444
0.229777
0.229063
0.228299
0.22749
0.226608
0.225647
0.224629
0.223549
0.222405
0.221195
0.219918
0.218559
0.217119
0.215598
0.213985
0.212276
0.210465
0.208549
0.206518
0.204364
0.202084
0.199667
0.197101
0.194388
0.19151
0.188457
0.185224
0.181796
0.17816
0.174311
0.170227
0.165901
0.161319
0.156461
0.151323
0.145881
0.140125
0.134037
0.127602
0.120807
0.113636
0.106081
0.0981226
0.0897576
0.0809783
0.0717773
0.0621562
0.0521202
0.0416787
0.0308506
0.0196574
0.00813506
-0.00367462
-0.0157168
-0.0279228
-0.0402232
-0.0525018
-0.0647093
-0.0765969
-0.0883352
-0.0991358
-0.110175
-0.118732
-0.128018
-0.13152
-0.14169
-0.138919
-0.156486
-0.137703
-0.175679
-0.120018
-0.207161
-0.0751469
-0.26514
0.00166065
-0.365602
0.232672
0.233048
0.233446
0.233872
0.23432
0.234791
0.235284
0.235799
0.236343
0.236925
0.237551
0.238228
0.238961
0.23975
0.240619
0.241533
0.242381
0.243263
0.244207
0.245185
0.246197
0.247246
0.248346
0.24948
0.250648
0.251862
0.253108
0.254394
0.255715
0.257069
0.258454
0.259865
0.261298
0.262756
0.264218
0.26569
0.267171
0.268639
0.270081
0.271503
0.27288
0.274194
0.275442
0.276594
0.277639
0.278549
0.279302
0.279875
0.280233
0.28035
0.28019
0.279718
0.278905
0.277706
0.276088
0.27402
0.271445
0.268357
0.264694
0.260475
0.255596
0.250194
0.243968
0.237493
0.229715
0.22258
0.212781
0.207002
0.19742
0.193876
0.179033
0.180683
0.154899
0.170351
0.122368
0.168475
0.0776885
0.185183
0.0187609
0.236902
0.116248
0.115964
0.11569
0.115419
0.115142
0.114855
0.114552
0.114227
0.113861
0.113438
0.112988
0.112508
0.112
0.111463
0.110895
0.110287
0.109644
0.108963
0.108236
0.107463
0.106642
0.105768
0.104838
0.103845
0.102789
0.101662
0.100459
0.0991805
0.0978153
0.0963589
0.0948075
0.093153
0.09139
0.0895127
0.0875117
0.0853843
0.0831204
0.0807085
0.0781494
0.0754279
0.0725415
0.0694808
0.0662344
0.0627979
0.0591647
0.0553309
0.0512817
0.0470207
0.0425409
0.0378388
0.0329153
0.0277725
0.0224137
0.016849
0.0110866
0.00514532
-0.000955568
-0.00718964
-0.0135214
-0.0199216
-0.0263197
-0.0327211
-0.0389304
-0.0451889
-0.050769
-0.0569153
-0.0610182
-0.0667617
-0.0675695
-0.0750088
-0.0703429
-0.0853499
-0.0666174
-0.101064
-0.0504461
-0.12827
-0.014866
-0.174829
0.0388846
-0.239053
0.116504
0.116748
0.117042
0.117399
0.117827
0.118335
0.118926
0.119609
0.120389
0.121264
0.122222
0.123242
0.124293
0.125321
0.126275
0.127125
0.127763
0.128204
0.128599
0.129014
0.129458
0.129914
0.130391
0.130885
0.131394
0.131927
0.132476
0.133048
0.133637
0.134248
0.134879
0.135526
0.136188
0.136869
0.137557
0.138255
0.138966
0.139677
0.140383
0.141089
0.141777
0.14244
0.143081
0.143682
0.144237
0.144733
0.145156
0.145495
0.145732
0.145855
0.145845
0.145684
0.145356
0.144835
0.144105
0.14315
0.141931
0.140461
0.138684
0.136632
0.134209
0.131563
0.128386
0.125252
0.1211
0.117846
0.112217
0.110132
0.104012
0.104009
0.0934269
0.0987856
0.0785102
0.0968521
0.0569191
0.102374
0.0259613
0.121945
-0.0133072
0.163124
0.0423112
0.0422384
0.0421255
0.0419711
0.041776
0.0415455
0.0412858
0.0410053
0.0407062
0.0403784
0.0400302
0.0396606
0.0392714
0.038862
0.0384335
0.0379829
0.0375144
0.0370264
0.0365157
0.0359863
0.0354382
0.034869
0.0342817
0.0336744
0.033048
0.032404
0.0317394
0.0310585
0.0303591
0.0296415
0.0289052
0.0281512
0.0273787
0.0265872
0.0257766
0.0249465
0.0240954
0.0232207
0.0223243
0.0214001
0.0204517
0.0194753
0.0184653
0.0174225
0.0163449
0.015231
0.0140728
0.0128756
0.0116322
0.0103419
0.00900403
0.00761762
0.00618187
0.00469885
0.00316851
0.00159557
-1.66766e-05
-0.00166279
-0.0033317
-0.00502477
-0.00670433
-0.00841982
-0.0100147
-0.0117819
-0.0130652
-0.0150939
-0.0155194
-0.0181131
-0.0167535
-0.0214187
-0.0157707
-0.0268934
-0.0109183
-0.0366113
0.000500856
-0.0528655
0.0199862
-0.075312
0.0433828
-0.0845702
0.0423321
0.0422968
0.0422079
0.042052
0.0418151
0.0414823
0.0410365
0.0404679
0.0397709
0.0389494
0.0380227
0.0370258
0.0360119
0.0350464
0.0342086
0.0336002
0.0332846
0.0332257
0.0333527
0.0335321
0.0337066
0.0338805
0.0340648
0.0342561
0.0344523
0.034654
0.0348586
0.0350674
0.0352751
0.0354871
0.0356991
0.0359106
0.0361193
0.0363278
0.0365337
0.0367348
0.0369344
0.0371278
0.0373153
0.0375006
0.0376754
0.0378382
0.0379963
0.0381398
0.0382705
0.0383858
0.0384816
0.0385562
0.038604
0.0386243
0.0386143
0.0385654
0.038478
0.0383419
0.038153
0.0379117
0.0375964
0.0372308
0.0367723
0.0362661
0.0356205
0.0349987
0.0340881
0.033461
0.0320841
0.0317693
0.0294557
0.0301512
0.0269024
0.0294046
0.0227727
0.02999
0.0161047
0.0332147
0.0056886
0.0406793
-0.00910002
0.0536362
-0.024826
0.0705817
)
;

boundaryField
{
    inlet
    {
        type            freestreamPressure;
        freestreamValue uniform 0;
        value           nonuniform List<scalar> 
134
(
0.935353
0.819716
0.668989
0.501607
0.343889
0.196338
0.0784053
-0.000403957
-0.0384887
-0.0334807
-0.00583573
-0.0128384
-0.0311825
-0.0559876
-0.0873015
-0.124662
-0.167536
-0.215385
-0.267984
-0.325458
1.02249
-0.388256
-0.455979
-0.524996
-0.58757
-0.632246
-0.654266
-0.689802
-0.693314
-0.704983
-0.832154
-0.767969
-0.764799
-0.772444
-0.776595
-0.775321
-0.773461
-0.778637
-0.800695
-0.828392
1.07907
1.10486
1.07489
0.982467
0.815795
0.564867
0.227428
-0.896251
-0.869405
-0.832225
-0.805897
-0.784689
-0.761656
-0.736474
-0.710843
-0.685279
-0.659518
-0.633317
-0.60668
-0.579626
-0.552037
-0.523691
-0.494221
-0.46293
-0.429276
-0.391953
-0.366644
-0.343779
-0.318232
-0.290329
-0.260282
-0.225696
-0.183511
-0.119988
-0.0424468
0.0534932
0.119482
0.19251
0.259317
0.320324
0.376292
0.420925
0.450528
0.466575
0.470642
0.465986
0.456006
0.443333
0.429757
0.417705
0.411703
0.41423
0.419429
0.422302
0.423414
0.424149
0.424751
0.424844
0.424129
0.422583
0.420355
0.418009
0.416773
0.420096
0.433068
0.465728
0.478042
0.462805
0.444986
0.432751
0.422551
0.411398
0.399429
0.387406
0.375476
0.363483
0.351316
0.338918
0.326227
0.313099
0.299292
0.284461
0.267951
0.249198
0.225915
0.213965
0.204114
0.191451
0.176687
0.160485
0.141446
0.118125
0.0813383
0.0351948
)
;
    }
    outlet
    {
        type            freestreamPressure;
        freestreamValue uniform 0;
        value           nonuniform List<scalar> 
160
(
2.82836e-07
2.8304e-07
2.81999e-07
2.82615e-07
2.80624e-07
2.81502e-07
2.787e-07
2.79571e-07
2.76252e-07
2.76724e-07
2.7338e-07
2.72857e-07
2.70239e-07
2.67919e-07
2.67048e-07
2.61958e-07
2.64093e-07
2.55088e-07
2.61707e-07
2.4755e-07
2.59722e-07
2.39673e-07
2.57589e-07
2.31883e-07
2.55379e-07
2.24658e-07
2.53017e-07
2.18466e-07
2.50565e-07
2.13766e-07
2.47975e-07
2.11063e-07
2.4526e-07
2.103e-07
2.42456e-07
2.10275e-07
2.39494e-07
2.1052e-07
2.36419e-07
2.11094e-07
2.33232e-07
2.11776e-07
2.2992e-07
2.12426e-07
2.26473e-07
2.13139e-07
2.2293e-07
2.13811e-07
2.19228e-07
2.14535e-07
2.15444e-07
2.15202e-07
2.115e-07
2.15897e-07
2.07458e-07
2.16531e-07
2.03286e-07
2.17141e-07
1.9899e-07
2.17715e-07
1.94561e-07
2.18235e-07
1.90003e-07
2.187e-07
1.85312e-07
2.19075e-07
1.80477e-07
2.19404e-07
1.75498e-07
2.19623e-07
1.70366e-07
2.19761e-07
1.65072e-07
2.19798e-07
1.5959e-07
2.1972e-07
1.53929e-07
2.19518e-07
1.48054e-07
2.19221e-07
1.4196e-07
2.18742e-07
1.35652e-07
2.18116e-07
1.2905e-07
2.17342e-07
1.22185e-07
2.16374e-07
1.15013e-07
2.15222e-07
1.07541e-07
2.13856e-07
9.96893e-08
2.12261e-07
9.1503e-08
2.1042e-07
8.29217e-08
2.08301e-07
7.39393e-08
2.05906e-07
6.45488e-08
2.03214e-07
5.47442e-08
2.00186e-07
4.45214e-08
1.96837e-07
3.39006e-08
1.93105e-07
2.28901e-08
1.89007e-07
1.15359e-08
1.84537e-07
-1.20595e-10
1.79612e-07
-1.20182e-08
1.74401e-07
-2.40488e-08
1.68646e-07
-3.61902e-08
1.62738e-07
-4.81254e-08
1.56049e-07
-6.01875e-08
1.49751e-07
-7.11429e-08
1.41848e-07
-8.31959e-08
1.35951e-07
-9.1248e-08
1.25947e-07
-1.04785e-07
1.22265e-07
-1.05554e-07
1.08048e-07
-1.23238e-07
1.10182e-07
-1.10215e-07
9.24309e-08
-1.44359e-07
1.0455e-07
-9.77786e-08
7.11796e-08
-1.82387e-07
1.0586e-07
-6.05448e-08
4.33017e-08
-2.59979e-07
1.21748e-07
2.23052e-09
1.17911e-08
-4.24721e-07
1.67622e-07
5.63747e-08
-1.14738e-08
-7.70843e-07
2.78382e-07
3.97568e-08
-9.66889e-09
-1.24648e-06
5.19804e-07
)
;
    }
    walls
    {
        type            zeroGradient;
    }
    frontAndBack
    {
        type            empty;
    }
}


// ************************************************************************* //
