/*--------------------------------*- C++ -*----------------------------------*\
| =========                 |                                                 |
| \\      /  F ield         | OpenFOAM: The Open Source CFD Toolbox           |
|  \\    /   O peration     | Version:  2412                                  |
|   \\  /    A nd           | Website:  www.openfoam.com                      |
|    \\/     M anipulation  |                                                 |
\*---------------------------------------------------------------------------*/
FoamFile
{
    version     2.0;
    format      ascii;
    arch        "LSB;label=32;scalar=64";
    class       volScalarField;
    location    "350";
    object      p;
}
// * * * * * * * * * * * * * * * * * * * * * * * * * * * * * * * * * * * * * //

dimensions      [0 2 -2 0 0 0 0];

internalField   nonuniform List<scalar> 
10720
(
-23.1651
-94.2144
-178.143
-261.748
-340.06
-420.334
-492.406
-553.866
-607.971
-651.236
-685.295
-711.105
-729.641
-742.156
-748.747
-748.831
-743.195
-730.666
-712.54
-688.374
-660.837
-631.895
-605.204
-575.931
-535.676
-485.974
-435.591
-390.961
-351.875
-315.074
-278.706
-242.518
-206.528
-170.387
-133.696
-95.3818
-55.4875
-8.45833
31.6113
47.1445
110.875
177.698
239.199
290.661
327.789
346.975
351.441
345.332
327.851
303.622
277.917
252.638
228.527
206.262
185.53
166.286
148.023
130.443
113.008
95.6652
78.0845
60.3715
42.9718
27.8775
16.1766
6.72268
-0.79091
-6.17943
-9.49717
-11.0085
-10.8593
-9.12708
-5.81355
-0.897015
6.02222
15.599
31.3494
57.8107
72.5825
18.8295
-41.8092
-106.719
-173.883
-243.052
-310.68
-374.624
-434.11
-487.311
-533.769
-573.459
-606.461
-632.694
-652.059
-663.962
-669.081
-667.262
-659.413
-645.725
-628.187
-608.537
-588.75
-564.389
-528.308
-481.629
-433.049
-389.233
-350.483
-313.881
-277.652
-241.57
-205.686
-169.667
-133.11
-94.9227
-55.1342
-8.11973
31.3269
120.681
166.25
211.295
254.165
291.2
319.624
336.341
341.696
336.798
322.613
302.753
280.505
257.526
234.749
212.907
192.152
172.53
153.802
135.736
117.968
100.384
82.7631
65.1953
48.1373
33.1569
21.2258
11.5955
3.81225
-2.1624
-6.22247
-8.38611
-8.75388
-7.42896
-4.43962
0.225979
6.95742
16.3917
32.0533
57.5107
84.0475
35.8193
-18.8598
-79.5475
-142.89
-208.266
-274.056
-337.584
-397.221
-451.882
-500.236
-541.866
-576.273
-603.295
-623.292
-636.514
-643.126
-643.084
-636.872
-624.903
-608.541
-589.312
-568.806
-544.603
-511.428
-469.161
-424.461
-383.163
-345.954
-310.483
-275.181
-239.831
-204.47
-168.792
-132.455
-94.4268
-54.7641
-7.86814
31.3642
127.285
168.916
209.929
248.3
280.815
305.759
321.218
327.321
324.507
313.647
297.188
277.501
256.27
234.63
213.397
192.959
173.441
154.754
136.717
119.051
101.603
84.2178
66.964
50.2504
35.3127
23.0989
13.196
5.21572
-0.859839
-4.9405
-7.10477
-7.51658
-6.29372
-3.44224
1.08393
7.69261
17.0296
32.5422
57.0162
102.539
62.0966
15.6314
-35.7586
-90.0115
-147.106
-205.373
-263.026
-318.724
-371.265
-419.474
-462.597
-500.031
-531.503
-556.83
-576.206
-589.267
-595.788
-595.92
-590.019
-579.004
-564.065
-546.326
-524.375
-494.525
-456.456
-415.339
-376.342
-340.529
-306.13
-271.781
-237.252
-202.569
-167.448
-131.546
-93.8408
-54.4044
-7.77219
31.3837
138.573
172.934
207.111
239.691
267.68
289.719
304.269
310.99
309.98
301.988
288.747
272.076
253.408
233.808
214.062
194.632
175.738
157.421
139.59
122.072
104.746
87.5249
70.4844
54.0066
39.1086
26.6822
16.5326
8.30424
1.94521
-2.48358
-5.04821
-5.85416
-4.9746
-2.39725
1.9264
8.39141
17.6211
32.9413
56.4603
106.219
70.2574
28.7469
-17.4661
-66.372
-118.424
-172.245
-226.22
-279.334
-330.395
-378.22
-421.967
-460.891
-494.417
-522.158
-543.92
-559.258
-568.154
-570.648
-567.156
-558.413
-545.456
-529.172
-508.647
-481.093
-446.03
-407.531
-370.217
-335.419
-301.829
-268.244
-234.419
-200.363
-165.796
-130.376
-93.102
-54.0243
-7.81333
31.1975
138.336
168.799
199.202
228.21
253.188
273.194
287.053
294.234
294.696
289.086
278.63
264.71
248.474
230.869
212.644
194.296
176.131
158.29
140.78
123.518
106.427
89.4677
72.7252
56.5499
41.7786
29.2218
18.8557
10.395
3.79283
-0.883788
-3.6639
-4.64302
-3.89807
-1.43519
2.78698
9.15681
18.2825
33.3672
55.8867
107.652
75.8074
38.8756
-2.20634
-45.674
-92.2696
-140.717
-189.732
-238.577
-286.173
-331.525
-373.837
-412.323
-446.32
-475.34
-499
-517.032
-529.254
-535.564
-536.132
-531.402
-522.09
-508.778
-490.833
-466.199
-434.433
-398.836
-363.542
-330.057
-297.454
-264.698
-231.575
-198.119
-164.088
-129.151
-92.3248
-53.6687
-8.02348
30.78
136.104
163.003
190.058
216.072
238.614
257.001
270.267
277.751
279.346
275.629
267.503
256.035
242.134
226.599
210.105
193.126
175.997
158.921
141.976
125.156
108.436
91.8206
75.4118
59.5406
44.918
32.2797
21.7312
13.0698
6.25284
1.34378
-1.67604
-2.89829
-2.39628
-0.16691
3.84532
10.033
18.9879
33.7733
55.2671
105.69
76.9614
43.5617
6.38442
-32.8648
-75.1539
-119.353
-164.339
-209.624
-254.256
-297.377
-338.28
-376.18
-410.381
-440.315
-465.49
-485.481
-499.91
-508.559
-511.501
-509.097
-501.927
-490.451
-474.297
-452.006
-423.148
-390.272
-356.952
-324.768
-293.142
-261.214
-228.789
-195.914
-162.381
-127.907
-91.5515
-53.3913
-8.43012
30.102
131.39
155.618
180.122
203.798
224.407
241.501
254.234
261.877
264.344
262.122
255.913
246.557
234.769
221.199
206.429
190.883
174.89
158.691
142.418
126.128
109.85
93.631
77.592
62.0479
47.6131
34.9544
24.2676
15.4303
8.41048
3.27053
0.00651737
-1.45224
-1.16671
0.873295
4.72688
10.779
19.5945
34.0742
54.5679
102.364
76.2849
45.9112
12.1357
-23.4169
-61.8353
-102.081
-143.175
-184.803
-226.157
-266.497
-305.238
-341.661
-375.094
-404.937
-430.643
-451.693
-467.754
-478.563
-484.049
-484.368
-479.86
-470.791
-456.896
-437.148
-411.2
-381.047
-349.776
-319.005
-288.456
-257.448
-225.808
-193.588
-160.61
-126.623
-90.7496
-53.1514
-8.98427
29.134
125.733
147.722
170.095
191.826
210.834
226.848
239.078
246.777
249.899
248.848
244.196
236.626
226.705
214.957
201.865
187.789
173.034
157.847
142.391
126.764
111.042
95.3067
79.6989
64.5204
50.3189
37.7017
26.9264
17.947
10.7506
5.4013
1.9124
0.228344
0.29546
2.12952
5.79486
11.6706
20.2969
34.3966
53.8613
98.0552
74.1755
46.3361
15.4062
-17.0426
-52.1589
-89.0036
-126.694
-165.059
-203.396
-241.089
-277.668
-312.488
-344.926
-374.399
-400.331
-422.177
-439.512
-451.98
-459.363
-461.686
-459.18
-452.021
-440.04
-422.528
-399.202
-371.599
-342.337
-313.003
-283.563
-253.501
-222.674
-191.142
-158.755
-125.291
-89.9211
-52.9043
-9.60072
27.9122
119.489
139.632
160.233
180.332
197.988
213.074
224.83
232.514
236.114
235.979
232.587
226.509
218.208
208.101
196.585
183.95
170.462
156.355
141.798
126.921
111.83
96.64
81.5067
66.725
52.7931
40.2686
29.4488
20.3572
13.0045
7.4596
3.75075
1.84108
1.68808
3.31674
6.79622
12.4976
20.9308
34.6306
53.0919
93.2698
71.2752
45.6199
17.155
-12.6062
-44.8344
-78.6557
-113.273
-148.617
-184.07
-219.131
-253.424
-286.381
-317.462
-346.112
-371.757
-393.846
-411.906
-425.568
-434.552
-438.73
-438.193
-432.996
-422.999
-407.707
-386.904
-361.782
-334.544
-306.704
-278.428
-249.355
-219.377
-188.566
-156.803
-123.897
-89.0691
-52.6398
-10.2607
26.5202
113.049
131.619
150.708
169.408
185.902
200.166
211.475
219.091
223.032
223.609
221.233
216.394
209.479
200.828
190.759
179.501
167.276
154.286
140.696
126.646
112.265
97.6879
83.0845
68.7426
55.1252
42.7503
31.9392
22.7743
15.2947
9.57682
5.66427
3.53925
3.16983
4.5896
7.87282
13.3805
21.591
34.8388
52.2869
88.2485
67.8805
44.1166
17.7878
-9.63935
-39.3457
-70.51
-102.406
-135.022
-167.825
-200.406
-232.478
-263.545
-293.139
-320.761
-345.867
-367.913
-386.411
-400.933
-411.156
-416.816
-417.905
-414.412
-406.21
-392.956
-374.485
-351.712
-326.46
-300.139
-273.064
-245.013
-215.919
-185.864
-154.758
-122.443
-88.1976
-52.3724
-10.985
25
106.599
123.816
141.596
159.081
174.563
188.089
198.966
206.48
210.656
211.785
210.226
206.412
200.677
193.298
184.537
174.568
163.563
151.693
139.103
125.933
112.32
98.4122
84.3849
70.5202
57.2574
45.0821
34.328
25.1266
17.5471
11.6763
7.5729
5.23887
4.65508
5.8652
8.94867
14.2544
22.2267
34.9934
51.4433
83.1689
64.226
42.123
17.6713
-7.70931
-35.1909
-63.9954
-93.4521
-123.599
-153.964
-184.211
-214.127
-243.289
-271.302
-297.719
-322.038
-343.743
-362.345
-377.384
-388.526
-395.412
-397.936
-396.016
-389.521
-378.198
-361.92
-341.38
-318.081
-293.304
-267.468
-240.477
-212.302
-183.038
-152.624
-120.934
-87.3108
-52.1236
-11.784
23.3578
100.272
116.308
132.939
149.349
163.942
176.795
187.253
194.64
198.97
200.523
199.622
196.654
191.916
185.642
178.047
169.261
159.415
148.642
137.063
124.806
112.007
98.8164
85.4097
72.0627
59.1964
47.2709
36.6245
27.4278
19.7804
13.7816
9.50571
6.97422
6.18171
7.18123
10.0581
15.1472
22.8575
35.1063
50.5657
78.142
60.4563
39.8242
17.0342
-6.5378
-32.0458
-58.7502
-86.0224
-113.94
-142.083
-170.166
-198.042
-225.348
-251.757
-276.881
-300.268
-321.434
-339.906
-355.208
-366.992
-374.843
-378.561
-378.015
-373.068
-363.523
-349.273
-330.839
-309.438
-286.213
-261.645
-235.745
-208.523
-180.085
-150.397
-119.369
-86.4078
-51.9033
-12.656
21.6038
94.1391
109.137
124.746
140.2
153.995
166.233
176.289
183.525
187.947
189.824
189.451
187.18
183.282
177.961
171.396
163.684
154.918
145.199
134.621
123.29
111.333
98.8951
86.1468
73.3549
60.9243
49.2947
38.8044
29.6533
21.9701
15.8689
11.4388
8.72114
7.7256
8.51474
11.1805
16.0419
23.4712
35.1738
49.6574
73.2387
56.6728
37.3551
16.0489
-5.91125
-29.6571
-54.4828
-79.7918
-105.695
-131.809
-157.894
-183.85
-209.372
-234.188
-257.974
-280.325
-300.792
-318.931
-334.269
-346.442
-355.027
-359.733
-360.39
-356.85
-348.945
-336.574
-320.119
-300.554
-278.878
-255.601
-230.819
-204.581
-177.002
-148.078
-117.747
-85.487
-51.711
-13.5986
19.7491
88.2479
102.319
117.016
131.607
144.681
156.349
166.021
173.091
177.556
179.678
179.728
178.032
174.84
170.337
164.674
157.925
150.155
141.433
131.826
121.417
110.316
98.6552
86.5963
74.3931
62.4351
51.1453
40.8581
31.7949
24.1104
17.9344
13.3715
10.4818
9.29129
9.87136
12.3211
16.9425
24.0701
35.1999
48.7227
68.5025
52.9437
34.8082
14.8367
-5.67868
-27.843
-50.9769
-74.5188
-98.5955
-122.856
-147.1
-171.266
-195.096
-218.369
-240.808
-262.062
-281.723
-299.379
-314.575
-326.933
-336.041
-341.538
-343.222
-340.931
-334.515
-323.87
-309.262
-291.459
-271.316
-249.343
-225.703
-200.477
-173.791
-145.664
-116.067
-84.5486
-51.5419
-14.6083
17.8009
82.6237
95.8621
109.733
123.542
135.957
147.095
156.399
163.291
167.762
170.065
170.453
169.229
166.632
162.829
157.954
152.064
145.2
137.409
128.73
119.222
108.976
98.1068
86.7603
75.1734
63.7207
52.811
42.7713
33.8377
26.1869
19.9653
15.292
12.2457
10.8692
11.2426
13.4728
17.8429
24.65
35.1854
47.766
63.9601
49.3144
32.2494
13.4867
-5.72616
-26.4606
-48.0648
-70.0077
-92.4255
-114.995
-137.548
-160.052
-182.285
-204.073
-225.185
-245.313
-264.098
-281.157
-296.064
-308.432
-317.877
-323.988
-326.533
-325.341
-320.265
-311.196
-298.305
-282.183
-263.546
-242.883
-220.401
-196.212
-170.45
-143.155
-114.33
-83.5928
-51.3953
-15.6769
15.7651
77.2775
89.762
102.881
115.975
127.783
138.426
147.378
154.084
158.532
160.966
161.623
160.788
158.69
155.485
151.295
146.164
140.12
133.186
125.382
116.745
107.34
97.2643
86.6437
75.6955
64.7779
54.2843
44.5336
35.7702
28.1889
21.9518
17.1924
14.0068
12.4552
12.6256
14.633
18.7412
25.2098
35.1331
46.7919
59.6282
45.8135
29.7235
12.0628
-5.96912
-25.4042
-45.6212
-66.1104
-87.0174
-108.044
-129.043
-150.003
-170.741
-191.115
-210.936
-229.939
-247.805
-264.188
-278.69
-290.932
-300.548
-307.115
-310.364
-310.119
-306.237
-298.597
-287.29
-272.759
-255.59
-236.233
-214.923
-191.791
-166.981
-140.552
-112.535
-82.6192
-51.2699
-16.7964
13.6508
72.2115
84.01
96.439
108.875
120.122
130.299
138.915
145.43
149.831
152.356
153.226
152.711
151.032
148.338
144.742
140.281
134.971
128.822
121.835
114.025
105.439
96.1477
86.2577
75.9633
65.6041
55.5585
46.1348
37.5805
30.1044
23.8826
19.0625
15.7565
14.0419
14.0143
15.7969
19.6337
25.7475
35.0455
45.8049
55.5138
42.4595
27.2654
10.6107
-6.34146
-24.5937
-43.5438
-62.709
-82.2362
-101.849
-121.419
-140.954
-160.295
-179.333
-197.912
-215.805
-232.734
-248.386
-262.395
-274.398
-284.048
-290.927
-294.738
-295.297
-292.465
-286.11
-276.257
-263.223
-247.474
-229.411
-209.276
-187.219
-163.386
-137.855
-110.683
-81.6267
-51.1651
-17.9581
11.4706
67.4228
78.5918
90.385
102.214
112.939
122.676
130.968
137.291
141.628
144.212
145.25
144.998
143.672
141.414
138.332
134.458
129.804
124.366
118.133
111.104
103.302
94.7791
85.6161
75.9836
66.2006
56.6297
47.5667
39.2581
31.9221
25.7469
20.8925
17.4864
15.6223
15.4032
16.96
20.517
26.2613
34.9258
44.8105
51.6179
39.2644
24.8941
9.1668
-6.79784
-23.9642
-41.7553
-59.7073
-77.9729
-96.2893
-114.544
-132.76
-150.801
-168.581
-185.975
-202.788
-218.778
-233.668
-247.123
-258.801
-268.367
-275.433
-279.674
-280.902
-278.982
-273.774
-265.246
-253.61
-239.225
-222.433
-203.473
-182.503
-159.67
-135.066
-108.773
-80.6146
-51.0785
-19.1535
9.23727
62.9051
73.4936
84.6987
95.9643
106.199
115.522
123.503
129.633
133.893
136.509
137.678
137.642
136.613
134.728
132.091
128.733
124.659
119.863
114.323
108.021
100.964
93.1825
84.7342
75.7652
66.5714
57.4964
48.8232
40.7939
33.6316
27.5339
22.6721
19.1872
17.1885
16.7857
18.1171
21.3873
26.7499
34.7768
43.8139
47.9391
36.234
22.6254
7.75404
-7.30039
-23.469
-40.1934
-57.0333
-74.1397
-91.2646
-108.307
-125.303
-142.133
-158.733
-175.002
-190.774
-205.84
-219.954
-232.812
-244.098
-253.487
-260.631
-265.185
-266.958
-265.819
-261.623
-254.295
-243.957
-230.872
-215.321
-197.528
-177.65
-155.836
-132.187
-106.806
-79.5813
-51.0068
-20.3736
6.96386
58.6495
68.7007
79.3593
90.0987
99.8731
108.803
116.485
122.423
126.597
129.226
130.496
130.638
129.858
128.292
126.039
123.132
119.574
115.353
110.442
104.813
98.4573
91.3849
83.6327
75.3216
66.7222
58.1589
49.8999
42.1798
35.2229
29.2332
24.3911
20.8498
18.7325
18.1553
19.2628
22.2412
27.2121
34.602
42.82
44.4723
33.3696
20.4688
6.39124
-7.82275
-23.0693
-38.8109
-54.6262
-70.6649
-86.692
-102.618
-118.485
-134.191
-149.686
-164.891
-179.667
-193.832
-207.168
-219.403
-230.246
-239.388
-246.516
-251.278
-253.482
-253.003
-249.693
-243.442
-234.3
-222.444
-208.097
-191.456
-172.672
-151.891
-129.221
-104.783
-78.5249
-50.9457
-21.6084
4.6648
54.647
64.1977
74.3463
84.5925
93.9341
102.492
109.886
115.635
119.715
122.339
123.685
123.974
123.405
122.112
120.192
117.678
114.575
110.869
106.528
101.516
95.8133
89.4136
82.3331
74.6672
66.6614
58.62
50.7946
43.4098
36.6873
30.8347
26.0394
22.4644
20.2457
19.5046
20.3914
23.0746
27.6466
34.4047
41.834
41.2119
30.6705
18.4287
5.09032
-8.34378
-22.7363
-37.5682
-52.4374
-67.4889
-82.5031
-97.3979
-112.221
-126.882
-141.345
-155.551
-169.377
-182.67
-195.238
-206.837
-217.203
-226.041
-233.075
-237.955
-240.488
-240.556
-238.013
-232.723
-224.675
-213.975
-200.786
-185.275
-167.581
-147.842
-126.172
-102.705
-77.4438
-50.8902
-22.8474
2.35502
50.8861
59.9696
69.64
79.4227
88.3558
96.5607
103.678
109.24
113.222
115.828
117.232
117.639
117.249
116.19
114.558
112.388
109.686
106.438
102.61
98.1621
93.0637
87.2958
80.8566
73.8179
66.4001
58.8851
51.5073
44.4794
38.0174
32.3293
27.6071
24.0214
21.7191
20.8263
21.497
23.8837
28.0526
34.1881
40.8613
38.1506
28.1335
16.5083
3.8601
-8.85005
-22.4475
-36.4355
-50.4277
-64.5669
-78.6427
-92.5832
-106.438
-120.129
-133.63
-146.896
-159.822
-172.278
-184.096
-195.058
-204.924
-213.418
-220.291
-225.213
-227.986
-228.498
-226.611
-222.17
-215.117
-205.495
-193.413
-179.004
-162.39
-143.697
-123.044
-100.573
-76.3357
-50.8348
-24.0808
0.0485997
47.3553
56.0025
65.2233
74.5684
83.116
90.9851
97.8364
103.214
107.093
109.673
111.117
111.623
111.383
110.526
109.143
107.274
104.925
102.083
98.7156
94.7793
90.237
85.0585
79.2269
72.7928
65.9511
58.9612
52.04
45.3858
39.2069
33.7086
29.0846
25.5112
23.1437
22.1125
22.5733
24.6647
28.4293
33.9555
39.9064
35.2803
25.7547
14.7074
2.70556
-9.32863
-22.1856
-35.3881
-48.5662
-61.858
-75.0657
-88.1215
-101.079
-113.867
-126.47
-138.854
-150.932
-162.589
-173.679
-184.009
-193.363
-201.485
-208.147
-213.044
-215.978
-216.843
-215.51
-211.814
-205.66
-197.037
-186.006
-172.665
-157.113
-139.468
-119.843
-98.3883
-75.1985
-50.7728
-25.2969
-2.23901
44.0442
52.281
61.0788
70.0112
78.1933
85.7416
92.3363
97.5342
101.309
103.855
105.326
105.911
105.799
105.115
103.95
102.344
100.305
97.8243
94.8682
91.394
87.3597
82.7274
77.4672
71.6107
65.3286
58.8576
52.3962
46.1284
40.2513
34.9651
30.4633
26.9246
24.5103
23.3553
23.6141
25.4136
28.7758
33.7099
38.9738
32.5924
23.5292
13.025
1.62949
-9.77178
-21.937
-34.4064
-46.8261
-59.3309
-71.7317
-83.9663
-96.0897
-108.039
-119.806
-131.365
-142.641
-153.54
-163.93
-173.642
-182.478
-190.211
-196.621
-201.44
-204.466
-205.603
-204.732
-201.683
-196.333
-188.631
-178.592
-166.278
-151.769
-135.165
-116.575
-96.1534
-74.029
-50.6975
-26.485
-4.49294
40.9416
48.7925
57.1907
65.7317
73.5665
80.809
87.1572
92.1801
95.8502
98.3554
99.8426
100.493
100.49
99.9548
98.9785
97.602
95.8372
93.6755
91.0863
88.0278
84.4558
80.326
75.5993
70.2908
64.5476
58.5848
52.5821
46.708
41.1476
36.0933
31.7351
28.2526
25.8104
24.5467
24.6131
26.1264
29.0917
33.454
38.0677
30.0785
21.4513
11.4585
0.633056
-10.1747
-21.692
-33.4759
-45.188
-56.9593
-68.609
-80.0806
-91.4283
-102.597
-113.584
-124.371
-134.894
-145.073
-154.794
-163.904
-172.229
-179.558
-185.691
-190.387
-193.448
-194.786
-194.293
-191.802
-187.168
-180.306
-171.197
-159.868
-146.374
-130.8
-113.247
-93.8693
-72.8256
-50.6008
-27.6335
-6.69828
38.0366
45.5229
53.5431
61.7125
69.2173
76.1682
82.2786
87.1316
90.6971
93.1573
94.6523
95.3553
95.4443
95.0386
94.2268
93.0515
91.5273
89.6477
87.3854
84.6999
81.5463
77.8766
73.6447
68.8517
63.6241
58.1545
52.6047
47.1273
41.8942
37.0879
32.8929
29.4868
27.0355
25.6787
25.564
26.7994
29.3762
33.1903
37.1915
27.7307
19.5144
10.0049
-0.28359
-10.5333
-21.4424
-32.5843
-43.6347
-54.7211
-65.6704
-76.4316
-87.0577
-97.5001
-107.76
-117.825
-127.642
-137.141
-146.223
-154.753
-162.574
-169.496
-175.331
-179.869
-182.917
-184.393
-184.207
-182.192
-178.19
-172.093
-163.849
-153.457
-140.948
-126.387
-109.867
-91.5405
-71.5851
-50.4757
-28.7331
-8.84078
35.3186
42.46
50.1223
57.939
65.1287
71.8015
77.6831
82.3705
85.8322
88.2444
89.7403
90.4855
90.6529
90.3592
89.6913
88.6927
87.3803
85.7503
83.7782
81.426
78.6496
75.3993
71.6239
67.3135
62.5747
57.5796
52.4726
47.3908
42.4915
37.9458
33.9307
30.6199
28.1774
26.7437
26.4606
27.4288
29.6288
32.9206
36.3481
25.5401
17.713
8.65966
-1.12113
-10.8461
-21.1829
-31.7218
-42.1534
-52.5988
-62.8946
-72.9931
-82.9475
-92.7122
-102.294
-111.684
-120.838
-129.696
-138.171
-146.145
-153.475
-159.991
-165.517
-169.871
-172.865
-174.428
-174.483
-172.87
-169.424
-164.017
-156.575
-147.069
-135.509
-121.939
-106.444
-89.1684
-70.3056
-50.3152
-29.7722
-10.9071
32.7772
39.5923
46.9151
54.3959
61.2854
67.6923
73.3535
77.8802
81.2393
83.6012
85.0927
85.8717
86.1063
85.9097
85.3676
84.5241
83.3981
81.9885
80.2739
78.2192
75.7816
72.9122
69.5558
65.6937
61.4154
56.8735
52.1957
47.504
42.9409
38.6652
34.8441
31.645
29.2286
27.7344
27.297
28.0108
29.8487
32.6469
35.5397
23.4986
16.0401
7.41891
-1.88174
-11.1117
-20.9099
-30.8817
-40.7321
-50.5776
-60.2624
-69.7415
-79.0692
-88.2029
-97.1512
-105.911
-114.444
-122.699
-130.6
-138.042
-144.897
-151.012
-156.222
-160.372
-163.282
-164.89
-165.129
-163.852
-160.89
-156.104
-149.401
-140.728
-130.076
-117.471
-102.987
-86.7572
-68.9848
-50.1099
-30.7417
-12.8836
30.403
36.9085
43.9085
51.0691
57.6722
63.8243
69.2741
73.6446
76.9029
79.2131
80.6958
81.5016
81.7935
81.6819
81.2496
80.5425
79.5808
78.3659
76.8796
75.0897
72.9563
70.4307
67.4568
64.0091
60.1617
56.0494
51.7846
47.4741
43.2459
39.2455
35.6294
32.5567
30.1827
28.644
28.0676
28.542
30.0354
32.3701
34.7677
21.5983
14.4894
6.27818
-2.56798
-11.3303
-20.6199
-30.0578
-39.3619
-48.6445
-57.7569
-66.6578
-75.3996
-83.9443
-92.302
-100.473
-108.424
-116.113
-123.472
-130.407
-136.805
-142.528
-147.424
-151.355
-154.156
-155.772
-156.149
-155.15
-152.607
-148.375
-142.348
-134.456
-124.669
-112.999
-99.5043
-84.3111
-67.6207
-49.8541
-31.6311
-14.7576
28.1867
34.3977
41.0907
47.9462
54.2756
60.1836
65.4299
69.6492
72.8087
75.0662
76.5366
77.3635
77.7041
77.6668
77.3313
76.7443
75.9276
74.8844
73.6001
72.0459
70.1842
67.9682
65.3421
62.2756
58.8292
55.1215
51.2503
47.3089
43.4109
39.688
36.2847
33.3507
31.0339
29.4664
28.7673
29.019
30.1877
32.0908
34.0327
19.8314
13.0546
5.23252
-3.18247
-11.5026
-20.3118
-29.2462
-38.0364
-46.7902
-55.3663
-63.7256
-71.92
-79.9145
-87.7204
-95.3408
-102.748
-109.905
-116.753
-123.208
-129.169
-134.511
-139.095
-142.8
-145.474
-147.069
-147.543
-146.77
-144.589
-140.851
-135.44
-128.274
-119.308
-108.538
-96.0083
-81.834
-66.2123
-49.5407
-32.4325
-16.5194
26.1193
32.0504
38.4505
45.0148
51.0825
56.7566
61.8068
65.8805
68.9434
71.1478
72.603
73.4458
73.8285
73.8558
73.6055
73.1244
72.4357
71.5443
70.4387
69.0936
67.4743
65.5364
63.2253
60.5074
57.4321
54.1028
50.6044
47.0173
43.4415
39.9948
36.8093
34.0238
31.7775
30.1965
29.3912
29.4389
30.3051
31.8093
33.3346
18.1906
11.7294
4.2773
-3.72848
-11.63
-19.9848
-28.4437
-36.7502
-45.0069
-53.0793
-60.9315
-68.6134
-76.0934
-83.3836
-90.49
-97.3884
-104.047
-110.414
-116.414
-121.959
-126.934
-131.213
-134.687
-137.221
-138.773
-139.31
-138.72
-136.848
-133.547
-128.696
-122.203
-114.011
-104.102
-92.5082
-79.3308
-64.7594
-49.1635
-33.1382
-18.1598
24.1921
29.8569
35.9776
42.2634
48.0809
53.5307
58.3923
62.3251
65.2935
67.4451
68.8831
69.7381
70.1566
70.2403
70.065
69.6775
69.1016
68.3445
67.397
66.2371
64.8336
63.1447
61.118
58.7178
55.9838
53.0064
49.8585
46.6088
43.3443
40.1697
37.2039
34.5743
32.41
30.8299
29.9355
29.7987
30.3863
31.5252
32.6724
16.6684
10.5077
3.40768
-4.20928
-11.7139
-19.6384
-27.648
-35.4977
-43.2866
-50.8858
-58.2626
-65.4648
-72.4638
-79.2726
-85.898
-92.3204
-98.5118
-104.427
-109.999
-115.148
-119.771
-123.754
-126.997
-129.384
-130.874
-131.447
-131.002
-129.393
-126.478
-122.133
-116.261
-108.795
-99.7066
-89.0146
-76.8072
-63.2608
-48.7179
-33.7414
-19.6701
22.3971
27.808
33.6621
39.6815
45.2595
50.4942
55.1745
58.9707
61.8476
63.9465
65.3656
66.2289
66.678
66.8115
66.7023
66.3974
65.9213
65.2824
64.4748
63.4791
62.2673
60.8008
59.0297
56.9179
54.4966
51.8443
49.0237
46.0929
43.1269
40.2175
37.4706
35.0017
32.9291
31.3632
30.3967
30.096
30.4302
31.2376
32.0446
15.258
9.38363
2.61886
-4.62832
-11.7562
-19.2732
-26.8575
-34.2764
-41.6239
-48.7782
-55.7087
-62.4613
-69.01
-75.3686
-81.5452
-87.5225
-93.2768
-98.7685
-103.937
-108.711
-112.999
-116.696
-119.711
-121.945
-123.362
-123.949
-123.617
-122.232
-119.655
-115.766
-110.465
-103.678
-95.3657
-85.5382
-74.2685
-61.7185
-48.1993
-34.2365
-21.0445
20.7266
25.8953
31.4945
37.2593
42.6077
47.636
52.1415
55.806
58.5938
60.6404
62.0392
62.9081
63.3832
63.5602
63.5096
63.2777
62.8896
62.3555
61.6713
60.8208
59.779
58.5106
56.9687
55.1175
52.9814
50.6282
48.1113
45.4797
42.7974
40.1438
37.6126
35.3069
33.3337
31.7944
30.7724
30.3288
30.4357
30.9455
31.4487
13.9529
8.35133
1.90613
-4.98916
-11.7594
-18.8897
-26.0716
-33.0833
-40.015
-46.7504
-53.2615
-59.5928
-65.7201
-71.6575
-77.414
-82.9753
-88.3208
-93.4154
-98.2055
-102.626
-106.595
-110.017
-112.812
-114.891
-116.225
-116.809
-116.564
-115.367
-113.087
-109.608
-104.829
-98.6728
-91.093
-82.0893
-71.721
-60.1332
-47.6057
-34.6199
-22.2775
19.1731
24.1105
29.4661
34.987
40.1154
44.9454
49.2828
52.8203
55.5213
57.5162
58.8939
59.7655
60.263
60.4783
60.4793
60.3118
60.0016
59.5599
58.9846
58.2623
57.371
56.2788
54.9419
53.3253
51.4482
49.3685
47.1319
44.7791
42.3641
39.9553
37.6343
35.4921
33.6241
32.1222
31.0608
30.4954
30.4016
30.647
30.8817
12.7466
7.40537
1.26484
-5.29532
-11.7256
-18.489
-25.2894
-31.9161
-38.4556
-44.7964
-50.9135
-56.8494
-62.5817
-68.1253
-73.4895
-78.662
-83.625
-88.3479
-92.7827
-96.8709
-100.538
-103.699
-106.279
-108.205
-109.451
-110.018
-109.84
-108.801
-106.781
-103.668
-99.3661
-93.794
-86.9009
-78.6778
-69.1711
-58.5073
-46.9355
-34.8884
-23.3658
17.7296
22.4461
27.5686
32.856
37.7735
42.4129
46.5884
50.0028
52.6197
54.5639
55.9196
56.792
57.3081
57.5567
57.6033
57.4929
57.2516
56.8913
56.4121
55.803
55.0446
54.1085
52.9544
51.5487
49.9054
48.0749
46.0954
44.0007
41.836
39.6594
37.5411
35.5605
33.8017
32.3467
31.2612
30.5947
30.3266
30.3405
30.3403
11.633
6.5404
0.690474
-5.55041
-11.6574
-18.0724
-24.5113
-30.7738
-36.9426
-42.9119
-48.6581
-54.2229
-59.5851
-64.7599
-69.7573
-74.5668
-79.1727
-83.5481
-87.6501
-91.4263
-94.8088
-97.7214
-100.097
-101.873
-103.028
-103.569
-103.438
-102.532
-100.739
-97.9554
-94.0863
-89.0527
-82.8004
-75.3132
-66.625
-56.8442
-46.188
-35.0408
-24.3074
16.3896
20.8948
25.7942
30.8577
35.5728
40.0291
44.0486
47.3444
49.8794
51.7736
53.1067
53.978
54.5098
54.7876
54.8742
54.8142
54.6336
54.3452
53.9506
53.4411
52.8001
52.0022
51.0105
49.7935
48.3609
46.756
45.0112
43.154
41.2219
39.2636
37.339
35.5166
33.8693
32.4691
31.3736
30.6262
30.2099
30.0236
29.8207
10.6065
5.75132
0.178714
-5.75771
-11.5572
-17.6411
-23.7373
-29.6551
-35.4734
-41.0924
-46.49
-51.7063
-56.7217
-61.5514
-66.2059
-70.6759
-74.9485
-78.9994
-82.7902
-86.2738
-89.3894
-92.0677
-94.2489
-95.879
-96.9421
-97.4496
-97.3529
-96.5586
-94.9645
-92.4739
-88.9976
-84.4588
-78.8018
-72.0044
-64.0897
-55.1477
-45.3647
-35.0769
-25.1016
15.1463
19.4498
24.1352
28.9842
33.5051
37.7854
41.6545
44.8356
47.2912
49.1362
50.4459
51.3145
51.8593
52.1624
52.2844
52.2689
52.1418
51.9166
51.5964
51.1745
50.6369
49.9609
49.1134
48.0645
46.8211
45.4199
43.8881
42.248
40.5306
38.7761
37.0352
35.3658
33.8305
32.4917
31.399
30.5898
30.0503
29.6942
29.3188
9.66151
5.03304
-0.274605
-5.9207
-11.4277
-17.1967
-22.9676
-28.559
-34.0465
-39.335
-44.4046
-49.2933
-53.9835
-58.4905
-62.8243
-66.9775
-70.9388
-74.6869
-78.1873
-81.3973
-84.2626
-86.7205
-88.7174
-90.2081
-91.1808
-91.6507
-91.577
-90.8763
-89.4558
-87.2267
-84.1059
-80.0203
-74.9138
-68.7598
-61.5717
-53.4221
-44.468
-34.9984
-25.7499
13.9941
18.1043
22.5849
27.2279
31.5625
35.6734
39.3976
42.4677
44.8463
46.643
47.929
48.7933
49.3484
49.6734
49.8264
49.85
49.7701
49.6005
49.3456
49.0006
48.5538
47.9852
47.2652
46.3659
45.2915
44.0732
42.7339
41.2914
39.7708
38.2054
36.637
35.1143
33.6902
32.4176
31.3391
30.4861
29.8474
29.3499
28.8303
8.79277
4.38104
-0.673645
-6.04275
-11.2712
-16.7409
-22.203
-27.4852
-32.6598
-37.6366
-42.397
-46.9782
-51.3636
-55.5683
-59.6026
-63.46
-67.1312
-70.5969
-73.8263
-76.7814
-79.4125
-81.6641
-83.4878
-84.846
-85.7308
-86.1605
-86.1015
-85.4794
-84.2109
-82.2151
-79.4154
-75.7431
-71.1435
-65.5868
-59.0776
-51.6726
-43.5013
-34.8079
-26.2542
12.9271
16.8524
21.1367
25.5821
29.7375
33.6857
37.27
40.2328
42.5364
44.2855
45.5474
46.4061
46.9692
47.313
47.4931
47.5511
47.5125
47.3917
47.194
46.9164
46.5491
46.075
45.4675
44.7006
43.7768
42.7222
41.556
40.2922
38.9511
37.5597
36.1521
34.7688
33.4537
32.2511
31.1967
30.3162
29.6006
28.9885
28.351
7.99531
3.79076
-1.0222
-6.12705
-11.0904
-16.2753
-21.4441
-26.4336
-31.3121
-35.9948
-40.4645
-44.7566
-48.856
-52.7777
-56.532
-60.1133
-63.514
-66.7168
-69.6941
-72.4115
-74.8247
-76.8836
-78.5452
-79.7784
-80.579
-80.9677
-80.9171
-80.3612
-79.2259
-77.4379
-74.9278
-71.6316
-67.4968
-62.4917
-56.6138
-49.905
-42.4693
-34.5096
-26.6184
11.9399
15.6881
19.7842
24.0399
28.0233
31.8145
35.2639
38.123
40.3537
42.056
43.2935
44.1453
44.7144
45.0741
45.2776
45.3655
45.3631
45.285
45.1374
44.9186
44.6209
44.2295
43.7207
43.0711
42.2809
41.3722
40.3608
39.258
38.0796
36.8473
35.5888
34.3369
33.1275
31.9971
30.9751
30.0819
29.31
28.608
27.8768
7.26432
3.25796
-1.32403
-6.17669
-10.8874
-15.8016
-20.6918
-25.4038
-30.0026
-34.4076
-38.6034
-42.6237
-46.4551
-50.1118
-53.6045
-56.9285
-60.077
-63.0351
-65.778
-68.2745
-70.485
-72.3645
-73.8752
-74.9914
-75.7123
-76.0604
-76.0136
-75.5138
-74.4953
-72.8927
-70.6433
-67.6883
-63.9782
-59.4803
-54.1863
-48.1252
-41.3775
-34.1086
-26.8474
11.0273
14.6059
18.5214
22.5951
26.413
30.0532
33.3725
36.131
38.2907
39.947
41.1597
42.0033
42.5765
42.9494
43.1732
43.2871
43.3163
43.2754
43.1713
43.0038
42.7667
42.4475
42.0254
41.4789
40.8069
40.0277
39.1544
38.1958
37.1641
36.0765
34.955
33.826
32.7183
31.6612
30.6784
29.7855
28.9758
28.2065
27.4038
6.5954
2.77849
-1.5826
-6.19468
-10.6645
-15.3212
-19.9471
-24.3961
-28.73
-32.873
-36.8107
-40.5758
-44.1557
-47.5646
-50.8129
-53.8968
-56.8108
-59.5414
-62.0664
-64.3581
-66.3805
-68.0937
-69.4643
-70.4717
-71.1178
-71.4264
-71.3804
-70.9286
-70.0128
-68.5755
-66.5605
-63.9144
-60.5909
-56.5574
-51.8009
-46.3391
-40.2321
-33.6114
-26.9472
10.1844
13.6005
17.3429
21.2418
24.9005
28.3952
31.5888
34.2498
36.3404
37.9514
39.1391
39.9733
40.5487
40.9324
41.1735
41.3099
41.3664
41.3578
41.2915
41.1685
40.9841
40.7277
40.3813
39.9253
39.3576
38.6929
37.9421
37.112
36.2119
35.2552
34.2591
33.2442
32.2333
31.2495
30.3112
29.4299
28.5989
27.7825
26.9284
5.98423
2.34859
-1.80142
-6.18377
-10.4243
-14.8359
-19.2106
-23.4102
-27.4938
-31.3895
-35.0842
-38.6093
-41.9535
-45.1304
-48.1505
-51.0106
-53.7064
-56.2257
-58.5487
-60.6504
-62.4988
-64.0583
-65.2994
-66.2063
-66.7828
-67.0539
-67.0064
-66.5959
-65.7711
-64.4812
-62.6767
-60.3096
-57.3368
-53.7267
-49.4629
-44.5532
-39.04
-33.0249
-26.9248
9.40669
12.6671
16.2432
19.9741
23.4797
26.8342
29.9063
32.4729
34.4961
36.0623
37.2247
38.0485
38.6245
39.0168
39.2723
39.428
39.5081
39.5272
39.4936
39.409
39.2702
39.0684
38.788
38.4112
37.9349
37.3711
36.7286
36.0126
35.23
34.391
33.5088
32.5993
31.68
30.7684
29.8787
29.0182
28.1805
27.3349
26.4472
5.42677
1.96456
-1.98368
-6.1467
-10.1688
-14.347
-18.4833
-22.4465
-26.2933
-29.9554
-33.4213
-36.7209
-39.8441
-42.8041
-45.6113
-48.2629
-50.7558
-53.0789
-55.2147
-57.1408
-58.8286
-60.2462
-61.3681
-62.1823
-62.6946
-62.9307
-62.8807
-62.506
-61.7618
-60.6035
-58.988
-56.8721
-54.2167
-50.9913
-47.1769
-42.7736
-37.8086
-32.3571
-26.7878
8.68971
11.8008
15.2175
18.7868
22.1453
25.3646
28.3192
30.7942
32.7516
34.2737
35.4104
36.2228
36.7977
37.1964
37.4638
37.636
37.7362
37.7791
37.7735
37.722
37.6225
37.4679
37.2446
36.9368
36.5405
36.0652
35.5181
34.9029
34.2248
33.4912
32.712
31.8992
31.0658
30.2248
29.3862
28.5542
27.722
26.8631
25.9575
4.9192
1.62295
-2.13238
-6.08603
-9.8999
-13.8561
-17.7658
-21.5051
-25.1278
-28.5695
-31.8199
-34.9078
-37.8237
-40.5808
-43.1893
-45.6469
-47.9512
-50.0925
-52.0551
-53.819
-55.3586
-56.6458
-57.6583
-58.3877
-58.8413
-59.045
-58.992
-58.6486
-57.9759
-56.9354
-55.4892
-53.5993
-51.2302
-48.3531
-44.9472
-41.0064
-36.545
-31.6162
-26.5447
8.0293
10.9974
14.2608
17.6751
20.8917
23.9805
26.8217
29.2078
31.1009
32.5796
33.6901
34.4902
35.0624
35.4657
35.7427
35.9285
36.0457
36.1089
36.1273
36.1041
36.0383
35.9242
35.7503
35.5024
35.1758
34.778
34.3144
33.788
33.2023
32.5626
31.8761
31.1516
30.3983
29.6254
28.8394
28.042
27.2255
26.3666
25.457
4.45789
1.32046
-2.25046
-6.00421
-9.61964
-13.3648
-17.0592
-20.5862
-23.9969
-27.2306
-30.2781
-33.1669
-35.8887
-38.4562
-40.8792
-43.1563
-45.2854
-47.2583
-49.0609
-50.6753
-52.0785
-53.2461
-54.1586
-54.8105
-55.2107
-55.385
-55.3288
-55.0132
-54.4043
-53.4691
-52.1747
-50.4877
-48.3762
-45.8133
-42.7772
-39.2573
-35.257
-30.8108
-26.2044
7.42161
10.2525
13.3689
16.634
19.7142
22.6772
25.4084
27.7081
29.5385
30.9741
32.0583
32.8451
33.4133
33.8193
34.1038
34.3006
34.4321
34.5124
34.551
34.5518
34.5148
34.4354
34.304
34.1079
33.8419
33.5114
33.1209
32.6723
32.168
31.6116
31.0082
30.3639
29.6848
28.9771
28.2444
27.4859
26.6934
25.8459
24.9439
4.03945
1.05399
-2.34058
-5.90353
-9.32989
-12.8741
-16.3642
-19.69
-22.9001
-25.9375
-28.7941
-31.4959
-34.0358
-36.426
-38.6761
-40.7853
-42.752
-44.569
-46.2237
-47.7004
-48.9785
-50.0365
-50.8579
-51.4395
-51.7913
-51.939
-51.8799
-51.589
-51.0374
-50.1965
-49.038
-47.5329
-45.6527
-43.3724
-40.6702
-37.5316
-33.9518
-29.9496
-25.7761
6.86293
9.56235
12.5375
15.6591
18.6079
21.4494
24.0743
26.29
28.059
29.452
30.5096
31.2822
31.8451
32.2521
32.5421
32.7478
32.8909
32.9855
33.0412
33.0622
33.0496
32.9997
32.9046
32.7531
32.5393
32.2673
31.9403
31.5596
31.1269
30.6442
30.115
29.5431
28.9325
28.2866
27.6068
26.8904
26.1284
25.3015
24.417
3.66068
0.820631
-2.40534
-5.7861
-9.0323
-12.3853
-15.6814
-18.8165
-21.837
-24.6891
-27.3658
-29.8923
-32.2616
-34.4862
-36.5751
-38.5282
-40.3443
-42.0171
-43.5355
-44.8855
-46.0489
-47.0068
-47.7453
-48.2633
-48.5718
-48.6958
-48.6342
-48.3656
-47.8654
-47.109
-46.0722
-44.7299
-43.057
-41.0302
-38.6283
-35.8342
-32.6364
-29.0414
-25.269
6.34976
8.92309
11.7626
14.7463
17.5684
20.2927
22.8146
24.9486
26.6575
28.0083
29.039
29.7966
30.3528
30.7594
31.0531
31.2656
31.4182
31.5244
31.5941
31.6322
31.6399
31.615
31.5509
31.4376
31.2688
31.0472
30.7753
30.4538
30.0836
29.6658
29.2025
28.6959
28.1481
27.5604
26.9325
26.2601
25.5336
24.7345
23.8756
3.31852
0.617648
-2.44711
-5.65403
-8.72855
-11.8996
-15.0114
-17.9658
-20.807
-23.4844
-25.9919
-28.3534
-30.5632
-32.633
-34.5719
-36.3798
-38.0563
-39.5959
-40.9886
-42.2223
-43.2808
-44.1475
-44.8109
-45.2715
-45.5412
-45.6441
-45.5806
-45.3324
-44.8784
-44.1979
-43.27
-42.0733
-40.5856
-38.7859
-36.6534
-34.1695
-31.3177
-28.0945
-24.6927
5.87883
8.33125
11.0405
13.8915
16.5916
19.2027
21.6246
23.6792
25.3293
26.6384
27.6419
28.3837
28.9321
29.3367
29.6325
29.85
30.0099
30.1256
30.2068
30.2589
30.2837
30.2797
30.2417
30.1609
30.0308
29.8525
29.6281
29.358
29.0423
28.6815
28.2766
27.8286
27.338
26.8049
26.2272
25.5996
24.912
24.1465
23.3194
3.01014
0.442435
-2.46817
-5.50914
-8.4201
-11.418
-14.3548
-17.138
-19.8097
-22.3223
-24.6705
-26.8773
-28.9376
-30.8628
-32.6619
-34.3351
-35.8823
-37.2988
-38.576
-39.7029
-40.6655
-41.4492
-42.0446
-42.4536
-42.6888
-42.7733
-42.7086
-42.4792
-42.0669
-41.4544
-40.624
-39.5573
-38.235
-36.638
-34.7466
-32.5412
-30.0017
-27.1171
-24.0563
5.4471
7.78349
10.3676
13.0909
15.6735
18.1751
20.5003
22.4776
24.07
25.3378
26.3138
27.039
27.5787
27.98
28.2763
28.4972
28.6626
28.7857
28.8761
28.9396
28.9784
28.9919
28.9759
28.9225
28.8253
28.6843
28.5008
28.2749
28.0066
27.6957
27.3424
26.9468
26.5083
26.0259
25.4964
24.9136
24.2669
23.5392
22.7489
2.73284
0.292618
-2.47069
-5.35323
-8.10832
-10.9416
-13.7122
-16.3332
-18.8445
-21.2016
-23.3999
-25.4615
-27.3819
-29.1722
-30.8411
-32.3891
-33.8166
-35.1196
-36.2905
-37.3196
-38.1946
-38.903
-39.4371
-39.7999
-40.0044
-40.0731
-40.0078
-39.7955
-39.421
-38.8696
-38.1265
-37.1759
-36.0011
-34.5849
-32.9087
-30.9526
-28.6944
-26.1171
-23.3686
5.05159
7.27675
9.74066
12.3411
14.8103
17.2063
19.4376
21.3395
22.8754
24.1023
25.0506
25.7587
26.2886
26.6853
26.9809
27.2036
27.3728
27.5015
27.5992
27.6718
27.722
27.7499
27.7522
27.7219
27.6526
27.5433
27.3948
27.2071
26.9799
26.7125
26.4047
26.0558
25.6646
25.229
24.7452
24.2066
23.602
22.9146
22.1646
2.48413
0.165886
-2.45657
-5.18792
-7.79454
-10.4712
-13.084
-15.5513
-17.911
-20.1214
-22.1787
-24.104
-25.8934
-27.5578
-29.1054
-30.5373
-31.8541
-33.0523
-34.1256
-35.065
-35.8603
-36.5004
-36.9792
-37.3007
-37.4783
-37.5332
-37.468
-37.2717
-36.9315
-36.435
-35.77
-34.9229
-33.8794
-32.6241
-31.1396
-29.4064
-27.4007
-25.1014
-22.6384
4.68964
6.80807
9.15652
11.6388
13.9987
16.2925
18.4327
20.2613
21.7417
22.928
23.8485
24.5388
25.0581
25.4492
25.7427
25.966
26.1376
26.2702
26.3734
26.4532
26.5125
26.552
26.5695
26.5586
26.5128
26.4303
26.3117
26.1568
25.965
25.7356
25.4677
25.1603
24.8117
24.4193
23.9787
23.4828
22.9205
22.2752
21.5678
2.26165
0.0601278
-2.42768
-5.01477
-7.47991
-10.0075
-12.4707
-14.7923
-17.0086
-19.0806
-21.0053
-22.8025
-24.4694
-26.0162
-27.451
-28.7752
-29.9895
-31.0912
-32.0746
-32.9323
-33.6549
-34.2331
-34.6623
-34.947
-35.1009
-35.1441
-35.0795
-34.8981
-34.5891
-34.142
-33.5468
-32.7921
-31.8654
-30.7531
-29.4392
-27.9047
-26.1252
-24.0769
-21.8737
4.35867
6.37469
8.61226
10.9808
13.2353
15.4302
17.4821
19.2392
20.6653
21.8113
22.7039
23.3759
23.8837
24.2683
24.5587
24.7812
24.954
25.0892
25.1963
25.2814
25.348
25.3968
25.4266
25.4317
25.4056
25.3458
25.2526
25.1257
24.9645
24.768
24.5352
24.2647
23.9544
23.6015
23.2013
22.7465
22.2259
21.6233
20.9597
2.06318
-0.0266349
-2.38576
-4.83517
-7.16554
-9.55142
-11.8723
-14.0559
-16.1367
-18.0782
-19.878
-21.5552
-23.1073
-24.5443
-25.8742
-27.0984
-28.2179
-29.2307
-30.1317
-30.9145
-31.571
-32.0933
-32.4779
-32.7301
-32.8632
-32.8965
-32.8332
-32.6656
-32.3848
-31.9823
-31.4496
-30.7772
-29.9544
-28.9692
-27.8068
-26.4492
-24.8718
-23.0493
-21.082
4.05625
5.97406
8.10511
10.3641
12.5169
14.6163
16.5824
18.2698
19.6425
20.7488
21.6133
22.2665
22.7622
23.1394
23.4257
23.6465
23.8192
23.9558
24.0656
24.1546
24.2266
24.2828
24.3224
24.3407
24.331
24.2903
24.2186
24.1156
23.9806
23.8127
23.6105
23.3727
23.0969
22.78
22.4173
22.0016
21.5215
20.9614
20.3421
1.88666
-0.0962581
-2.3324
-4.65039
-6.85235
-9.10344
-11.2892
-13.3421
-15.2948
-17.1131
-18.7953
-20.3598
-21.8045
-23.1391
-24.3712
-25.5027
-26.5347
-27.4655
-28.2908
-29.0052
-29.6017
-30.0734
-30.4182
-30.6414
-30.7564
-30.7814
-30.7199
-30.5653
-30.3103
-29.9479
-29.4711
-28.8721
-28.1415
-27.2691
-26.2412
-25.0408
-23.6438
-22.0242
-20.2702
3.78018
5.60374
7.63248
9.78612
11.8408
13.8478
15.7306
17.35
18.6702
19.7371
20.5735
21.2077
21.6907
22.0597
22.341
22.5591
22.7309
22.8678
22.979
23.0707
23.1467
23.2085
23.256
23.2849
23.2887
23.2639
23.2103
23.1277
23.0152
22.872
22.6966
22.4876
22.2427
21.9586
21.6306
21.2516
20.8106
20.2922
19.7169
1.73019
-0.150486
-2.26909
-4.46168
-6.54133
-8.66414
-10.7217
-12.6506
-14.4821
-16.1842
-17.7557
-19.2144
-20.5585
-21.7974
-22.9386
-23.984
-24.935
-25.7903
-26.5463
-27.1982
-27.7401
-28.1663
-28.4753
-28.673
-28.7724
-28.7905
-28.7311
-28.5887
-28.3572
-28.031
-27.6043
-27.0706
-26.4222
-25.6497
-24.741
-23.6801
-22.4439
-21.0061
-19.4447
3.52832
5.2615
7.19195
9.24412
11.2041
13.1217
14.9236
16.4767
17.7454
18.7733
19.5817
20.1965
20.6663
21.0264
21.3021
21.5168
21.6867
21.823
21.9347
22.028
22.1066
22.1726
22.2262
22.2637
22.2784
22.2669
22.2285
22.1631
22.0699
21.948
21.7961
21.6125
21.3951
21.1407
20.8447
20.5001
20.0963
19.6183
19.0859
1.59194
-0.190915
-2.1972
-4.27018
-6.23329
-8.23407
-10.1698
-11.9813
-13.698
-15.2903
-16.7577
-18.1169
-19.3668
-20.5164
-21.573
-22.5385
-23.4146
-24.2003
-24.8926
-25.4875
-25.9799
-26.365
-26.642
-26.8172
-26.903
-26.9156
-26.8586
-26.7277
-26.5178
-26.2242
-25.8424
-25.367
-24.7914
-24.1076
-23.3047
-22.3675
-21.2743
-19.9991
-18.6111
3.29873
4.94518
6.78126
8.73576
10.6043
12.4354
14.1586
15.6471
16.865
17.8545
18.635
19.2303
19.6864
20.0371
20.3065
20.5171
20.6844
20.8194
20.9308
21.0246
21.105
21.1739
21.2321
21.2762
21.2999
21.2993
21.2736
21.2227
21.146
21.0425
20.911
20.7499
20.5571
20.3296
20.0628
19.7502
19.3815
18.942
18.4512
1.47023
-0.219071
-2.11803
-4.0769
-5.92898
-7.81364
-9.63363
-11.3337
-12.9418
-14.4305
-15.7997
-17.0655
-18.227
-19.2932
-20.2709
-21.1622
-21.969
-22.6906
-23.3245
-23.8674
-24.3148
-24.6628
-24.9114
-25.0667
-25.1408
-25.149
-25.0948
-24.9747
-24.7845
-24.5204
-24.1789
-23.7555
-23.2447
-22.6395
-21.9301
-21.1028
-20.1367
-19.0068
-17.7745
3.08957
4.65287
6.39831
8.25877
10.0391
11.7864
13.4331
14.8585
16.0264
16.9779
17.7309
18.3065
18.7486
19.0895
19.3521
19.5579
19.7221
19.8551
19.9654
20.0592
20.1403
20.2111
20.2726
20.322
20.3528
20.361
20.3459
20.3073
20.2447
20.1571
20.0433
19.902
19.7311
19.5278
19.2877
19.0046
18.6688
18.266
17.8148
1.3635
-0.236373
-2.03281
-3.88284
-5.62912
-7.40328
-9.11327
-10.7076
-12.2128
-13.6036
-14.8802
-16.0581
-17.1368
-18.1249
-19.0291
-19.8515
-20.5941
-21.2566
-21.8369
-22.3322
-22.7388
-23.0535
-23.2767
-23.4145
-23.4787
-23.4834
-23.4322
-23.3222
-23.1501
-22.9128
-22.6075
-22.2305
-21.7773
-21.2419
-20.6154
-19.8853
-19.032
-18.0318
-16.9392
2.8991
4.38268
6.04116
7.81107
9.50624
11.1725
12.7447
14.1085
15.2268
16.141
16.8668
17.4228
17.8506
18.1813
18.4366
18.6373
18.7978
18.9283
19.0371
19.13
19.2112
19.2831
19.3469
19.4001
19.4366
19.4521
19.4457
19.4175
19.3668
19.2928
19.1946
19.0707
18.9193
18.7377
18.5219
18.266
17.9607
17.5925
17.1789
1.27033
-0.244081
-1.94262
-3.68882
-5.33433
-7.00336
-8.60877
-10.1028
-11.5104
-12.8085
-13.9977
-15.0926
-16.0936
-17.0088
-17.8444
-18.6026
-19.2858
-19.8937
-20.4248
-20.8767
-21.2462
-21.5309
-21.7314
-21.854
-21.9097
-21.9119
-21.8639
-21.7635
-21.6079
-21.3949
-21.1221
-20.7867
-20.3848
-19.9113
-19.3582
-18.7143
-17.9613
-17.0766
-16.1091
2.72578
4.1329
5.70792
7.3906
9.00356
10.5913
12.091
13.3946
14.4638
15.3415
16.0407
16.577
16.9902
17.3104
17.5582
17.7533
17.9098
18.0374
18.1441
18.2358
18.3165
18.3887
18.4539
18.51
18.5509
18.5721
18.573
18.5534
18.5129
18.4508
18.3661
18.2575
18.1234
17.9614
17.7676
17.5367
17.2597
16.9237
16.5456
1.1894
-0.243313
-1.84843
-3.49556
-5.04503
-6.61397
-8.11991
-9.51878
-10.8338
-12.0442
-13.1507
-14.1674
-15.0954
-15.9423
-16.7137
-17.4121
-18.04
-18.5976
-19.0834
-19.4955
-19.8314
-20.0891
-20.2695
-20.3787
-20.4273
-20.4277
-20.3831
-20.2918
-20.1515
-19.9605
-19.7171
-19.4189
-19.0627
-18.6441
-18.1562
-17.5887
-16.9247
-16.143
-15.2873
2.56817
3.90196
5.39686
6.99543
8.52897
10.0406
11.4694
12.7144
13.7349
14.5774
15.2506
15.767
16.1654
16.4748
16.7148
16.9042
17.0564
17.1807
17.2851
17.3751
17.4548
17.5268
17.5927
17.6508
17.695
17.7209
17.7277
17.7154
17.6836
17.6317
17.5587
17.4637
17.3451
17.2006
17.0268
16.8186
16.5676
16.2617
15.9167
1.11933
-0.235303
-1.7513
-3.30393
-4.76193
-6.23542
-7.64666
-8.95506
-10.1819
-11.3094
-12.3374
-13.2804
-14.1401
-14.923
-15.6342
-16.2766
-16.8532
-17.364
-17.8081
-18.1839
-18.4892
-18.7225
-18.8851
-18.9827
-19.0254
-19.0246
-18.9836
-18.9008
-18.7747
-18.6039
-18.387
-18.1221
-17.8068
-17.4372
-17.0071
-16.5073
-15.9223
-15.2324
-14.4765
2.42478
3.68843
5.10664
6.62409
8.08093
9.51864
10.878
12.0656
13.0374
13.8464
14.4948
14.9911
15.3743
15.6729
15.905
16.0884
16.236
16.3568
16.4585
16.5466
16.6249
16.6963
16.7624
16.8216
16.8683
16.898
16.9097
16.9035
16.8792
16.8361
16.7734
16.6904
16.5855
16.4567
16.301
16.1135
15.8866
15.6085
15.2942
1.05879
-0.221609
-1.65275
-3.11545
-4.48617
-5.86888
-7.18973
-8.41181
-9.55432
-10.6034
-11.556
-12.4287
-13.2248
-13.9481
-14.6026
-15.1926
-15.7213
-16.189
-16.5947
-16.937
-17.2145
-17.4259
-17.5726
-17.66
-17.6978
-17.6965
-17.6591
-17.5846
-17.4717
-17.3192
-17.1263
-16.8916
-16.6128
-16.2868
-15.9082
-15.4686
-14.9538
-14.3456
-13.679
2.29427
3.49102
4.83601
6.27566
7.65884
9.02497
10.3165
11.4471
12.3673
13.145
13.7704
14.2467
14.6146
14.9024
15.1267
15.3041
15.447
15.5643
15.6631
15.749
15.8257
15.896
15.9619
16.0218
16.0703
16.1029
16.1187
16.1177
16.0997
16.0643
16.0108
15.9383
15.8457
15.7311
15.5917
15.4231
15.2181
14.9656
14.68
1.0068
-0.203001
-1.55348
-2.93074
-4.21852
-5.51504
-6.74971
-7.88966
-8.95156
-9.92679
-10.8052
-11.61
-12.3468
-13.0142
-13.6151
-14.1558
-14.6401
-15.0679
-15.4381
-15.7499
-16.0022
-16.1939
-16.3266
-16.4054
-16.4393
-16.4379
-16.4044
-16.3378
-16.2371
-16.1016
-15.9306
-15.723
-15.4771
-15.19
-14.8573
-14.4712
-14.0189
-13.4836
-12.8968
2.17554
3.3084
4.58363
5.94849
7.26106
8.55807
9.78431
10.859
11.7234
12.4713
13.0751
13.5314
13.8839
14.1612
14.3778
14.5493
14.6875
14.8011
14.8971
14.9808
15.0557
15.1248
15.1901
15.2504
15.3002
15.3352
15.3544
15.3579
15.3455
15.3169
15.2714
15.2084
15.1267
15.0249
14.9004
14.7489
14.564
14.3351
14.076
0.963466
-0.178667
-1.45187
-2.74758
-3.95644
-5.17093
-6.32412
-7.38648
-8.37227
-9.27701
-10.0843
-10.8267
-11.5086
-12.1221
-12.6711
-13.1648
-13.6073
-13.9974
-14.3344
-14.6179
-14.8471
-15.0211
-15.1416
-15.2129
-15.2437
-15.2429
-15.2133
-15.1544
-15.0652
-14.9454
-14.7944
-14.6114
-14.3951
-14.1431
-13.8513
-13.5129
-13.1164
-12.6462
-12.1306
2.06808
3.13951
4.34672
5.63859
6.88227
8.11118
9.27457
10.2954
11.1091
11.8312
12.4122
12.8462
13.1828
13.4494
13.6581
13.8232
13.9565
14.0663
14.1594
14.2406
14.3137
14.3815
14.4461
14.5065
14.5572
14.5942
14.6162
14.6236
14.6162
14.5936
14.5553
14.5008
14.4291
14.3388
14.2277
14.0919
13.9254
13.7181
13.4833
0.928298
-0.148871
-1.34737
-2.56485
-3.69772
-4.83327
-5.90816
-6.89715
-7.81081
-8.64798
-9.38692
-10.0794
-10.7144
-11.2734
-11.7699
-12.2188
-12.6219
-12.9763
-13.2816
-13.5385
-13.7462
-13.9041
-14.0133
-14.0785
-14.107
-14.1072
-14.0819
-14.0304
-13.9521
-13.847
-13.7145
-13.5538
-13.3643
-13.1438
-12.8886
-12.5929
-12.2461
-11.8342
-11.3826
1.97132
2.98328
4.1239
5.34337
6.51837
7.67791
8.77846
9.74295
10.517
11.2283
11.785
12.1912
12.5109
12.7674
12.9681
13.1266
13.2548
13.3607
13.4507
13.5294
13.6005
13.6668
13.7304
13.7905
13.842
13.8805
13.905
13.9158
13.9128
13.8956
13.8638
13.8169
13.7542
13.6744
13.5755
13.4539
13.3042
13.1167
12.9045
0.901919
-0.124411
-1.26505
-2.41655
-3.48185
-4.54167
-5.53128
-6.43212
-7.2458
-7.99267
-8.60553
-9.28349
-9.92465
-10.4614
-10.9333
-11.3668
-11.7583
-12.1012
-12.3959
-12.6442
-12.8454
-12.9986
-13.1049
-13.1687
-13.1976
-13.1999
-13.1787
-13.133
-13.0631
-12.9693
-12.8481
-12.7026
-12.5317
-12.3331
-12.1033
-11.8371
-11.5251
-11.1544
-10.7483
1.89726
2.86127
3.94945
5.10375
6.21145
7.29141
8.30065
9.1548
9.83723
10.6201
11.194
11.5913
11.9106
12.1717
12.3751
12.5347
12.6639
12.7708
12.8617
12.9413
13.0134
13.0808
13.1458
13.2078
13.2616
13.3026
13.3299
13.3438
13.3443
13.331
13.3038
13.2622
13.2055
13.1327
13.0419
12.9298
12.7913
12.6172
12.4201
0.881634
-0.102867
-1.19425
-2.28813
-3.29065
-4.27519
-5.17636
-5.97876
-6.6749
-7.3123
-7.75971
-8.4572
-9.14033
-9.67707
-10.1434
-10.5809
-10.979
-11.3267
-11.6251
-11.8769
-12.0815
-12.2378
-12.3471
-12.4138
-12.4457
-12.4515
-12.4348
-12.394
-12.3307
-12.2458
-12.1309
-11.9952
-11.8371
-11.6534
-11.441
-11.1954
-10.9079
-10.566
-10.1917
1.83741
2.7613
3.80234
4.8953
5.93432
6.9252
7.82475
8.54684
9.11382
10.0083
10.6299
11.0332
11.3626
11.6374
11.851
12.0173
12.1517
12.263
12.3577
12.4406
12.5157
12.5861
12.6544
12.7198
12.7771
12.8215
12.852
12.8689
12.8724
12.8623
12.8385
12.8004
12.7478
12.6796
12.5941
12.4883
12.3572
12.1917
12.0047
0.863163
-0.0790858
-1.12072
-2.15656
-3.09639
-4.00588
-4.82069
-5.52704
-6.11239
-6.6433
-6.9368
-7.64075
-8.35683
-8.8913
-9.34827
-9.78518
-10.187
-10.5377
-10.8383
-11.0925
-11.3
-11.4592
-11.5716
-11.6412
-11.6763
-11.6859
-11.674
-11.6387
-11.5827
-11.5074
-11.3998
-11.2747
-11.1303
-10.9623
-10.7676
-10.5427
-10.2796
-9.96673
-9.62665
1.77874
2.66231
3.65557
4.68698
5.65836
6.56005
7.35401
7.95205
8.40565
9.38852
10.0593
10.4692
10.805
11.0913
11.3147
11.4875
11.6267
11.7421
11.8403
11.9264
12.0043
12.0777
12.1491
12.218
12.2789
12.3267
12.3604
12.3805
12.3872
12.3805
12.3601
12.3258
12.2773
12.2138
12.1338
12.0343
11.9107
11.7541
11.5772
0.846329
-0.0536487
-1.04539
-2.02347
-2.90114
-3.73643
-4.46753
-5.08009
-5.56211
-5.98537
-6.14238
-6.83777
-7.57345
-8.1042
-8.54994
-8.98196
-9.38407
-9.73575
-10.0372
-10.2927
-10.5023
-10.6641
-10.7796
-10.8521
-10.8904
-10.9036
-10.8964
-10.866
-10.8168
-10.7504
-10.6493
-10.5337
-10.402
-10.2487
-10.0709
-9.86605
-9.62669
-9.34108
-9.02804
1.72146
2.56494
3.51021
4.48054
5.3857
6.19816
6.89183
7.37031
7.71737
8.76166
9.48052
9.90046
10.2402
10.5354
10.7675
10.9467
11.0905
11.2098
11.3114
11.4004
11.4811
11.5572
11.6316
11.704
11.7684
11.8196
11.8567
11.8801
11.8902
11.8869
11.8702
11.84
11.7961
11.7377
11.6633
11.5704
11.4544
11.3067
11.1397
0.831275
-0.0268203
-0.969003
-1.89011
-2.70676
-3.46931
-4.11978
-4.64102
-5.02716
-5.34023
-5.37977
-6.05191
-6.79155
-7.31534
-7.74842
-8.17184
-8.57061
-8.92117
-9.22204
-9.47785
-9.6888
-9.85312
-9.97163
-10.048
-10.0911
-10.1099
-10.1097
-10.0871
-10.0477
-9.99334
-9.90229
-9.79937
-9.68293
-9.54631
-9.38685
-9.20245
-8.98711
-8.73148
-8.46032
1.66613
2.47
3.3675
4.27775
5.11842
5.84157
6.44048
6.79961
7.04809
8.12872
8.89138
9.32533
9.66918
9.9714
10.2109
10.3954
10.5433
10.6663
10.7713
10.8635
10.9472
11.0263
11.1038
11.1796
11.2479
11.3028
11.3434
11.3704
11.384
11.3844
11.3714
11.3453
11.3059
11.2526
11.1841
11.0981
10.9901
10.852
10.6962
0.817971
0.000850478
-0.892865
-1.75831
-2.51572
-3.20765
-3.78109
-4.21402
-4.51134
-4.71087
-4.65089
-5.28543
-6.01226
-6.52441
-6.94349
-7.35507
-7.74684
-8.09391
-8.39299
-8.6484
-8.86038
-9.02683
-9.14765
-9.22612
-9.2708
-9.2914
-9.29372
-9.27396
-9.2389
-9.19036
-9.10388
-9.00856
-8.90282
-8.77939
-8.63594
-8.47076
-8.27711
-8.04215
-7.77602
1.61341
2.37875
3.22902
4.08098
4.85861
5.49234
6.00186
6.23805
6.39381
7.49041
8.29049
8.7407
9.08994
9.4
9.64798
9.83795
9.9886
10.1136
10.2208
10.3156
10.4021
10.4841
10.5649
10.6446
10.7169
10.7761
10.8211
10.8527
10.871
10.8762
10.8683
10.8473
10.8131
10.7652
10.7026
10.623
10.5223
10.3919
10.2428
0.806347
0.0281007
-0.819346
-1.63145
-2.33164
-2.95546
-3.45514
-3.80261
-4.0169
-4.09934
-3.95665
-4.53969
-5.23702
-5.73155
-6.13447
-6.53103
-6.91229
-7.25314
-7.54871
-7.80283
-8.0162
-8.18685
-8.31496
-8.40398
-8.46157
-8.49608
-8.5136
-8.51013
-8.49342
-8.46509
-8.39673
-8.32055
-8.23498
-8.13171
-8.00838
-7.86455
-7.69778
-7.50496
-7.32126
1.56448
2.29327
3.09772
3.89377
4.60818
5.15053
5.57377
5.67928
5.74503
6.84593
7.67975
8.14605
8.49811
8.81381
9.07222
9.27252
9.43049
9.55944
9.66861
9.7645
9.85221
9.93593
10.0193
10.102
10.1778
10.2405
10.2889
10.324
10.3463
10.356
10.3535
10.3388
10.312
10.2726
10.2195
10.1504
10.0617
9.94701
9.82091
0.796112
0.0533432
-0.751551
-1.51385
-2.15951
-2.71784
-3.14547
-3.40833
-3.54343
-3.50662
-3.29634
-3.81498
-4.46696
-4.93665
-5.31987
-5.69799
-6.06553
-6.39799
-6.68843
-6.93891
-7.14919
-7.31597
-7.43763
-7.516
-7.56079
-7.584
-7.59185
-7.57982
-7.55585
-7.52092
-7.4477
-7.37136
-7.29038
-7.19645
-7.08718
-6.96096
-6.80867
-6.60995
-6.35074
1.5202
2.21528
2.97656
3.72001
4.36929
4.81719
5.15512
5.1162
5.08598
6.18643
7.05996
7.55138
7.90727
8.21903
8.47504
8.67843
8.84493
8.98506
9.10476
9.20886
9.30248
9.39071
9.47821
9.5659
9.64793
9.71738
9.77229
9.81309
9.83999
9.85307
9.85261
9.83894
9.81248
9.77339
9.72127
9.6542
9.56762
9.44929
9.30138
0.787037
0.0766787
-0.689526
-1.40675
-2.00228
-2.50003
-2.85815
-3.03863
-3.09885
-2.94049
-2.66948
-3.11063
-3.70314
-4.13988
-4.49842
-4.85294
-5.20152
-5.52311
-5.8114
-6.0679
-6.29237
-6.48283
-6.63945
-6.76448
-6.85918
-6.92764
-6.97842
-7.00864
-7.02993
-7.04243
-7.00977
-6.96948
-6.92137
-6.85616
-6.77241
-6.67285
-6.56427
-6.4602
-6.42782
1.47973
2.14357
2.86508
3.56114
4.14574
4.50526
4.76317
4.55188
4.4024
5.49085
6.40594
6.94339
7.33496
7.666
7.91977
8.10443
8.24781
8.3712
8.484
8.58908
8.68815
8.78366
8.87873
8.97361
9.06277
9.141
9.20768
9.26361
9.3089
9.34346
9.36701
9.3791
9.37903
9.3658
9.33825
9.29526
9.23785
9.17043
9.12726
0.779525
0.0993542
-0.631311
-1.30818
-1.86001
-2.30639
-2.60368
-2.71457
-2.70887
-2.41794
-2.07693
-2.42864
-2.94752
-3.34024
-3.67012
-3.99821
-4.31892
-4.6122
-4.87172
-5.09778
-5.2877
-5.43427
-5.53081
-5.57732
-5.5942
-5.6028
-5.60493
-5.59182
-5.56816
-5.53387
-5.4681
-5.40709
-5.34835
-5.28366
-5.20975
-5.1217
-4.99925
-4.79972
-4.45275
1.44291
2.07781
2.76339
3.41803
3.94341
4.23669
4.42082
3.98641
3.69289
4.75635
5.67718
6.23198
6.66626
7.06851
7.40263
7.6492
7.82057
7.93928
8.02785
8.10302
8.17544
8.25183
8.33641
8.42685
8.511
8.57876
8.62842
8.66131
8.67903
8.68302
8.67475
8.65614
8.62921
8.59547
8.55479
8.50278
8.42499
8.28528
8.03974
0.774067
0.114277
-0.590202
-1.234
-1.74798
-2.14805
-2.38774
-2.43896
-2.36291
-1.9184
-1.50863
-1.7779
-2.20733
-2.53373
-2.82361
-3.13217
-3.45325
-3.76825
-4.06989
-4.35801
-4.63345
-4.89828
-5.15323
-5.39102
-5.58352
-5.72171
-5.83257
-5.92325
-6.01733
-6.1111
-6.14012
-6.14382
-6.14055
-6.12418
-6.09111
-6.04936
-6.02858
-6.08159
-6.34643
1.41829
2.03348
2.69136
3.30765
3.7722
4.00312
4.06468
3.34152
2.94318
4.04546
4.97254
5.48125
5.83044
6.1484
6.454
6.75021
7.03323
7.28869
7.50507
7.68059
7.82123
7.93667
8.04088
8.15384
8.28937
8.43526
8.57444
8.70175
8.8159
8.91601
9.00004
9.06518
9.10929
9.13136
9.1335
9.12381
9.12771
9.20085
9.45327
0.768565
0.100724
-0.604508
-1.2331
-1.71397
-2.05581
-2.20896
-2.16072
-1.94626
-1.33059
-0.921546
-1.15143
-1.5041
-1.74715
-1.93794
-2.12349
-2.30669
-2.47955
-2.63684
-2.77319
-2.87615
-2.92587
-2.90796
-2.83118
-2.76002
-2.72865
-2.71385
-2.68329
-2.62818
-2.58902
-2.52226
-2.46411
-2.4222
-2.38399
-2.34244
-2.28886
-2.17747
-1.92599
-1.35038
1.42117
2.04027
2.68941
3.26932
3.65226
3.75713
3.52893
2.46671
2.05935
3.33423
4.47763
5.21342
5.67028
5.90448
5.94336
5.86236
5.74254
5.64941
5.61003
5.6262
5.68907
5.78966
5.91163
6.01503
6.05702
6.05655
6.04803
6.03643
6.02055
6.00002
5.97854
5.96099
5.95081
5.94889
5.95034
5.93705
5.85574
5.59851
4.9907
0.759158
0.0597189
-0.671068
-1.30563
-1.76393
-2.04345
-2.09005
-1.89893
-1.47396
-0.691658
-0.295904
-0.478081
-0.799735
-1.10348
-1.41056
-1.73166
-2.06955
-2.42587
-2.80558
-3.21768
-3.67453
-4.18229
-4.71701
-5.21788
-5.57732
-5.79552
-6.00988
-6.18016
-6.46473
-6.87881
-6.75742
-6.77683
-6.90227
-6.99438
-7.03768
-7.07935
-7.19493
-7.49129
-8.17263
1.44115
2.08238
2.741
3.29552
3.59567
3.5309
2.91242
1.54839
0.923871
2.06064
3.33052
4.59183
5.82255
6.99286
7.98801
8.74933
9.29387
9.63916
9.83232
9.92607
9.96636
9.99029
10.0521
10.2386
10.5837
10.9604
11.2702
11.5247
11.7454
11.9365
12.091
12.2055
12.2821
12.3276
12.3579
12.4055
12.5524
12.9236
13.7218
116.297
115.169
113.738
111.92
109.447
106.102
101.693
96.1704
89.8104
83.1465
76.6246
70.4079
64.4793
58.7911
53.3219
48.0737
43.0534
38.2633
33.7006
29.3595
25.2319
21.3108
17.5884
14.0575
10.7114
7.54399
4.55019
1.72507
-0.935248
-3.43503
-5.77695
-7.96214
-9.99162
-11.8651
-13.5823
-15.1433
-16.5479
-17.7968
-18.8913
-19.8334
-20.6258
-21.2724
-21.7778
-22.1475
-22.3879
-22.5062
-22.5102
-22.408
-22.2083
-21.9202
-21.5525
-21.1143
-20.6144
-20.0615
-19.4636
-18.8284
-18.1633
-17.4748
-16.769
-16.0513
-15.3265
-14.599
-13.8723
-13.1495
-12.4337
-11.7264
-11.0311
-10.4367
-9.90648
-9.37229
-8.79204
-8.26563
-7.57263
-7.20309
-6.14424
-6.42987
-4.18297
-6.54019
-0.985177
-8.64772
115.859
112.399
108.484
104.384
100.185
95.9771
91.8323
87.8023
83.8739
80.0731
76.4027
72.8728
69.4908
66.2629
63.1933
60.285
57.5389
54.955
52.5314
50.2645
48.1499
46.182
44.3543
42.6598
41.0907
39.6396
38.2985
37.0597
35.9157
34.8589
33.8825
32.9796
32.1432
31.3672
30.6451
29.9708
29.3384
28.7418
28.1754
27.6336
27.1112
26.6031
26.1046
25.6114
25.1197
24.626
24.1275
23.622
23.1074
22.5827
22.0471
21.5003
20.9425
20.3744
19.7968
19.211
18.6186
18.0211
17.4204
16.8183
16.2168
15.6175
15.0226
14.4335
13.8525
13.2808
12.7215
12.2506
11.8441
11.4262
10.9979
10.565
10.1165
9.71687
9.17088
9.09392
7.82671
9.63013
4.57841
14.0609
49.5342
49.006
48.547
48.1238
47.7204
47.3774
47.0908
46.7848
46.3341
45.6448
44.701
43.5027
42.0407
40.3275
38.3931
36.2703
33.9896
31.5793
29.0665
26.4776
23.8377
21.1706
18.4978
15.8389
13.2113
10.6297
8.10694
5.65428
3.28333
1.0039
-1.1756
-3.24808
-5.20843
-7.05185
-8.77429
-10.3727
-11.8442
-13.187
-14.3994
-15.4807
-16.4309
-17.2509
-17.9426
-18.5081
-18.9514
-19.2768
-19.4894
-19.595
-19.6002
-19.512
-19.3379
-19.0855
-18.7626
-18.377
-17.9364
-17.448
-16.9192
-16.3566
-15.7664
-15.1546
-14.5263
-13.8864
-13.2391
-12.588
-11.9368
-11.2876
-10.6441
-10.0906
-9.59419
-9.09483
-8.54429
-8.05163
-7.38258
-7.0453
-6.01042
-6.30981
-4.12671
-6.4074
-1.08386
-8.45496
49.8669
50.1023
50.5668
50.9907
51.3289
51.5528
51.6499
51.6145
51.444
51.1487
50.7304
50.1975
49.558
48.8211
47.9974
47.0982
46.1353
45.1208
44.0676
42.9881
41.8944
40.7976
39.7081
38.6353
37.5872
36.5703
35.5898
34.6496
33.7522
32.8988
32.0897
31.3243
30.601
29.9177
29.272
28.6607
28.0806
27.5283
27
26.492
26.0006
25.5221
25.0528
24.5893
24.1284
23.6671
23.2027
22.7331
22.2563
21.7709
21.2759
20.7706
20.2549
19.729
19.1935
18.6492
18.0973
17.5391
16.9761
16.41
15.8425
15.2755
14.7107
14.1499
13.5951
13.0477
12.5108
12.0579
11.6664
11.2633
10.8492
10.4305
9.99494
9.60985
9.07505
9.01005
7.76966
9.51647
4.66902
13.7279
28.9735
28.646
28.2994
27.9389
27.5265
27.0531
26.5218
25.9353
25.2977
24.6171
23.9186
23.2303
22.5522
21.8689
21.1608
20.4087
19.5975
18.7149
17.7511
16.6998
15.5577
14.3252
13.0056
11.6052
10.1329
8.59955
7.01795
5.40141
3.76381
2.11861
0.479387
-1.14017
-2.72755
-4.27068
-5.75838
-7.18077
-8.52893
-9.79509
-10.9725
-12.0555
-13.0396
-13.9216
-14.6992
-15.3709
-15.9369
-16.3982
-16.7566
-17.0151
-17.1775
-17.2484
-17.233
-17.137
-16.9667
-16.7284
-16.4288
-16.0745
-15.672
-15.2278
-14.7479
-14.2381
-13.7039
-13.1503
-12.5818
-12.0026
-11.4166
-10.8265
-10.2361
-9.72495
-9.26373
-8.79963
-8.28159
-7.8208
-7.18438
-6.86698
-5.8828
-6.15529
-4.10296
-6.21431
-1.23499
-8.15639
29.1609
29.2866
29.425
29.5575
29.7141
29.8961
30.1054
30.337
30.5865
30.8476
31.1114
31.3707
31.6172
31.8429
32.0407
32.2033
32.3248
32.4
32.4248
32.3968
32.3145
32.1782
31.9891
31.7501
31.4652
31.139
30.7768
30.3847
29.9683
29.5337
29.0863
28.6311
28.1725
27.714
27.2587
26.8085
26.3648
25.9282
25.4988
25.076
24.659
24.2463
23.8364
23.4275
23.0178
22.6055
22.1887
21.7658
21.3353
20.896
20.4471
19.9877
19.5178
19.0372
18.5464
18.0459
17.5366
17.0197
16.4965
15.9684
15.437
14.9041
14.3715
13.8408
13.3142
12.7928
12.2802
11.8468
11.4718
11.0849
10.6865
10.2835
9.863
9.49158
8.97553
8.90645
7.73062
9.35119
4.81094
13.344
27.9985
27.8027
27.5905
27.365
27.105
26.7895
26.401
25.9197
25.3259
24.6089
23.7794
22.8775
21.9398
20.9773
19.9921
18.9861
17.9628
16.9256
15.8753
14.811
13.7309
12.6326
11.5134
10.3709
9.20304
8.00869
6.78805
5.54225
4.27416
2.98758
1.68795
0.382188
-0.92216
-2.21656
-3.49183
-4.73873
-5.94795
-7.11054
-8.21795
-9.26228
-10.2366
-11.1349
-11.9522
-12.6842
-13.3282
-13.8823
-14.3458
-14.7191
-15.0034
-15.201
-15.315
-15.3492
-15.3082
-15.1968
-15.0205
-14.7849
-14.4957
-14.1588
-13.7798
-13.3644
-12.9178
-12.4451
-11.9511
-11.44
-10.9162
-10.3828
-9.84346
-9.37302
-8.9448
-8.51349
-8.02596
-7.59539
-6.98894
-6.69345
-5.74986
-6.01449
-4.0512
-6.06812
-1.29796
-7.96178
28.1401
28.2506
28.3373
28.4008
28.4455
28.4713
28.4812
28.4758
28.4578
28.4288
28.3908
28.346
28.296
28.2426
28.1867
28.1289
28.0696
28.0082
27.9437
27.8748
27.7995
27.7157
27.6211
27.5132
27.3901
27.2498
27.0908
26.9124
26.7141
26.4963
26.2598
26.0061
25.7367
25.4536
25.1588
24.8543
24.542
24.2233
23.8995
23.5714
23.2396
22.904
22.5645
22.2206
21.8715
21.5163
21.1539
20.7834
20.4039
20.0144
19.6142
19.2027
18.7798
18.3454
17.8997
17.4432
16.9766
16.5008
16.0171
15.5268
15.0314
14.5324
14.0317
13.5309
13.0321
12.5366
12.048
11.6336
11.2743
10.903
10.5199
10.1319
9.72599
9.36811
8.86813
8.80134
7.66834
9.22135
4.85452
13.0991
24.0603
23.8536
23.6446
23.444
23.242
23.0284
22.7946
22.5326
22.2321
21.8788
21.4582
20.9656
20.4111
19.8019
19.138
18.4189
17.645
16.8188
15.9437
15.023
14.0607
13.0607
12.0273
10.9647
9.87688
8.76737
7.63971
6.49701
5.3426
4.17961
3.01137
1.84182
0.674956
-0.484641
-1.63173
-2.7607
-3.86541
-4.93945
-5.9761
-6.96871
-7.91084
-8.79638
-9.61969
-10.3757
-11.0601
-11.6696
-12.2016
-12.6546
-13.0279
-13.3219
-13.5377
-13.6775
-13.7438
-13.7403
-13.6709
-13.5401
-13.3526
-13.1133
-12.8275
-12.5001
-12.1363
-11.7409
-11.3186
-10.8738
-10.4109
-9.93333
-9.44467
-9.01462
-8.61924
-8.22055
-7.7636
-7.36362
-6.7863
-6.51577
-5.60645
-5.87698
-3.97735
-5.94316
-1.31338
-7.817
24.2133
24.3355
24.4621
24.5858
24.7046
24.8186
24.9267
25.0266
25.1173
25.1968
25.2639
25.3173
25.3561
25.3796
25.3873
25.3794
25.356
25.3178
25.2655
25.2001
25.1227
25.0345
24.9365
24.8296
24.7147
24.5922
24.4623
24.325
24.1803
24.0278
23.867
23.6976
23.5191
23.3315
23.1344
22.928
22.7123
22.4877
22.2542
22.0122
21.7619
21.5032
21.2362
20.9607
20.6762
20.3825
20.0788
19.7647
19.4395
19.1026
18.7536
18.392
18.0178
17.6308
17.2312
16.8195
16.3963
15.9625
15.519
15.0671
14.6083
14.144
13.676
13.2058
12.7357
12.2668
11.8029
11.4079
11.0647
10.7093
10.3418
9.96924
9.5783
9.23429
8.74994
8.68893
7.58826
9.10155
4.84611
12.8994
19.2062
19.0235
18.8358
18.6552
18.4736
18.2862
18.0881
17.8737
17.6377
17.3744
17.0769
16.739
16.3616
15.9516
15.5124
15.044
14.5446
14.0115
13.442
12.8345
12.1875
11.5001
10.7719
10.0033
9.19574
8.35106
7.47197
6.56164
5.62392
4.66293
3.6831
2.68927
1.68625
0.679086
-0.326956
-1.32658
-2.31427
-3.28447
-4.23136
-5.1492
-6.03219
-6.87471
-7.67126
-8.4166
-9.1061
-9.73549
-10.3012
-10.8004
-11.2311
-11.5919
-11.8824
-12.1032
-12.2552
-12.3404
-12.3615
-12.3214
-12.2239
-12.0728
-11.8725
-11.6273
-11.3418
-11.0204
-10.6677
-10.2879
-9.88515
-9.4634
-9.02582
-8.63675
-8.27515
-7.91013
-7.48518
-7.11681
-6.57032
-6.32554
-5.45262
-5.72875
-3.89615
-5.80676
-1.32621
-7.65517
19.3337
19.4319
19.5375
19.643
19.7512
19.8632
19.9786
20.097
20.2181
20.3412
20.4656
20.5904
20.7145
20.8366
20.9555
21.0698
21.1779
21.2783
21.3697
21.4506
21.52
21.5769
21.6205
21.6502
21.666
21.6677
21.6556
21.6299
21.5911
21.5397
21.4762
21.401
21.3145
21.217
21.1086
20.9894
20.8596
20.719
20.5676
20.4055
20.2324
20.0482
19.8528
19.6459
19.4274
19.1968
18.9539
18.6982
18.4294
18.1471
17.8511
17.541
17.2168
16.8785
16.5263
16.1605
15.7819
15.391
14.9888
14.5766
14.1556
13.7273
13.2932
12.8551
12.415
11.9741
11.5364
11.1622
10.8361
10.4978
10.1471
9.79099
9.41624
9.08669
8.62
8.56336
7.49984
8.96437
4.83449
12.6721
15.9107
15.7603
15.6031
15.4492
15.2929
15.1322
14.9657
14.7889
14.5964
14.3833
14.1443
13.8732
13.5659
13.2249
12.857
12.4662
12.0541
11.6214
11.1669
10.6895
10.1883
9.66242
9.11069
8.53209
7.92578
7.2912
6.62806
5.93654
5.21737
4.4718
3.70165
2.9095
2.09834
1.27179
0.433988
-0.410561
-1.25694
-2.10004
-2.93443
-3.75461
-4.55504
-5.33017
-6.07455
-6.78283
-7.45007
-8.07159
-8.64311
-9.16096
-9.62201
-10.0238
-10.3647
-10.6437
-10.8606
-11.0158
-11.1105
-11.1465
-11.1262
-11.0526
-10.9287
-10.7584
-10.5453
-10.2935
-10.0069
-9.68958
-9.34547
-8.97854
-8.59162
-8.24362
-7.91615
-7.58518
-7.19308
-6.85674
-6.34264
-6.1233
-5.28992
-5.56883
-3.80987
-5.65663
-1.33763
-7.47315
16.0204
16.1111
16.2069
16.3028
16.4021
16.5039
16.6085
16.7156
16.8253
16.9374
17.052
17.1688
17.2877
17.4084
17.5307
17.6543
17.7785
17.9028
18.0266
18.1489
18.2689
18.3853
18.4971
18.603
18.7018
18.7923
18.8733
18.9437
19.0028
19.0497
19.0838
19.1047
19.1123
19.1063
19.0868
19.0537
19.0071
18.9471
18.8737
18.7869
18.6869
18.5733
18.4462
18.3054
18.1507
17.982
17.7988
17.6011
17.3885
17.1608
16.9178
16.6593
16.3854
16.096
15.7915
15.472
15.1383
14.7909
14.4307
14.0587
13.6763
13.2848
12.8857
12.4807
12.0717
11.66
11.2495
10.8971
10.5892
10.2689
9.93602
9.59727
9.23982
8.92518
8.47816
8.42384
7.40362
8.80832
4.82069
12.4232
13.6727
13.5456
13.411
13.2776
13.1418
13.0026
12.8609
12.7149
12.5609
12.3948
12.2126
12.0094
11.7798
11.5197
11.2303
10.9157
10.5789
10.2214
9.84401
9.44623
9.02726
8.58678
8.12461
7.64058
7.13457
6.60657
6.05659
5.48479
4.8915
4.27716
3.6425
2.98861
2.31681
1.62887
0.927099
0.214151
-0.506777
-1.23209
-1.95774
-2.67933
-3.39225
-4.09164
-4.77257
-5.43
-6.05905
-6.655
-7.21332
-7.7299
-8.20098
-8.6234
-8.99452
-9.31231
-9.57544
-9.78318
-9.93554
-10.0331
-10.0772
-10.0695
-10.0124
-9.90847
-9.76083
-9.57274
-9.34769
-9.08924
-8.80099
-8.48687
-8.14923
-7.84155
-7.54784
-7.2505
-6.89135
-6.5868
-6.10586
-5.91153
-5.11913
-5.40014
-3.7158
-5.49951
-1.33777
-7.28695
13.7695
13.8538
13.9429
14.0337
14.128
14.225
14.325
14.4276
14.5328
14.6404
14.7504
14.8624
14.9763
15.0919
15.2088
15.3269
15.4458
15.5654
15.6852
15.8049
15.9243
16.0428
16.1599
16.2752
16.388
16.4976
16.6032
16.7039
16.799
16.8873
16.9679
17.0399
17.1023
17.1544
17.1952
17.2241
17.2406
17.2441
17.2342
17.2106
17.173
17.1211
17.0546
16.9733
16.877
16.7654
16.6382
16.4952
16.3362
16.1609
15.9692
15.7609
15.536
15.2947
15.0369
14.7632
14.4739
14.1696
13.8512
13.5196
13.1759
12.8214
12.4577
12.0862
11.7089
11.3271
10.9446
10.6147
10.3256
10.0239
9.7095
9.38873
9.0494
8.74993
8.324
8.27075
7.29697
8.63873
4.79372
12.1715
11.8401
11.7322
11.6165
11.5003
11.3811
11.2583
11.1333
11.0064
10.876
10.7394
10.5934
10.4349
10.2601
10.0643
9.84418
9.59996
9.33453
9.04994
8.74738
8.42767
8.09019
7.7338
7.3578
6.9618
6.5455
6.10869
5.65132
5.17352
4.67563
4.15812
3.62166
3.06722
2.49585
1.90889
1.30801
0.695078
0.072305
-0.557761
-1.19223
-1.82788
-2.46119
-3.08837
-3.70537
-4.30793
-4.89174
-5.45245
-5.98576
-6.48756
-6.95394
-7.38137
-7.7667
-8.10721
-8.4008
-8.64586
-8.84144
-8.98715
-9.0832
-9.13039
-9.13004
-9.08393
-8.9943
-8.86368
-8.69496
-8.49119
-8.25548
-7.99159
-7.70135
-7.43275
-7.17204
-6.90764
-6.58125
-6.30802
-5.8606
-5.69093
-4.9401
-5.22353
-3.61254
-5.33734
-1.32446
-7.1012
11.9236
11.9977
12.0769
12.1582
12.2431
12.3311
12.4223
12.5168
12.6145
12.7153
12.8192
12.9261
13.0358
13.1482
13.2631
13.3802
13.4992
13.62
13.742
13.865
13.9885
14.1121
14.2353
14.3577
14.4789
14.5982
14.7152
14.8293
14.9398
15.0462
15.1478
15.2438
15.3336
15.4162
15.4908
15.5567
15.6129
15.6588
15.6934
15.7161
15.7261
15.7229
15.7059
15.6744
15.6281
15.5665
15.4891
15.3956
15.2857
15.159
15.0153
14.8545
14.6763
14.4809
14.2684
14.0389
13.7929
13.5308
13.2535
12.9616
12.6564
12.3388
12.0105
11.6727
11.3274
10.9759
10.622
10.3151
10.0451
9.76262
9.4672
9.1649
8.84437
8.56033
8.15664
8.10374
7.17824
8.45695
4.75107
11.919
10.2947
10.2033
10.1051
10.0054
9.90155
9.7932
9.68207
9.56903
9.45398
9.33591
9.21272
9.08176
8.94047
8.7857
8.61364
8.42133
8.2086
7.97762
7.73022
7.46763
7.19089
6.89962
6.59271
6.26937
5.92914
5.5716
5.19639
4.80323
4.39202
3.96278
3.51571
3.05131
2.57018
2.07321
1.5616
1.03673
0.500294
-0.0457439
-0.599129
-1.15732
-1.71754
-2.27672
-2.83158
-3.37858
-3.91404
-4.43418
-4.9351
-5.41299
-5.86406
-6.28475
-6.67173
-7.02194
-7.3328
-7.6021
-7.82815
-8.0098
-8.14642
-8.23794
-8.28481
-8.28796
-8.24885
-8.16926
-8.05137
-7.89772
-7.71083
-7.49423
-7.24912
-7.0181
-6.78942
-6.55709
-6.26305
-6.02055
-5.60685
-5.46139
-4.75262
-5.03859
-3.50012
-5.16888
-1.30001
-6.91331
10.3664
10.4312
10.5007
10.5723
10.6472
10.7252
10.8063
10.8906
10.9782
11.0691
11.1632
11.2606
11.3613
11.4652
11.5722
11.6823
11.7953
11.9111
12.0294
12.1501
12.2728
12.3972
12.5229
12.6495
12.7765
12.9034
13.0297
13.1547
13.2779
13.3987
13.5163
13.6301
13.7393
13.8434
13.9414
14.0327
14.1164
14.1918
14.2581
14.3144
14.3599
14.3938
14.4154
14.4239
14.4187
14.399
14.3642
14.3138
14.2473
14.1643
14.0643
13.947
13.8123
13.66
13.4901
13.3028
13.0982
12.8769
12.6394
12.3864
12.1188
11.8378
11.5445
11.2404
10.9273
10.6063
10.2812
9.99762
9.7472
9.48426
9.20834
8.92499
8.62387
8.35554
7.97514
7.9221
7.04663
8.26181
4.69489
11.6607
9.02742
8.94954
8.86597
8.78112
8.69207
8.59758
8.49923
8.39839
8.29555
8.19075
8.08335
7.97169
7.8536
7.72688
7.58886
7.43624
7.26621
7.07826
6.87403
6.65515
6.42287
6.17832
5.92142
5.65121
5.36696
5.0683
4.75492
4.42654
4.08292
3.72388
3.34938
2.95953
2.55454
2.13482
1.70101
1.25393
0.794674
0.324579
-0.154715
-0.641322
-1.13309
-1.62761
-2.12221
-2.61396
-3.09978
-3.57639
-4.04038
-4.4883
-4.91663
-5.32198
-5.70104
-6.05066
-6.368
-6.6505
-6.89602
-7.10283
-7.26964
-7.39568
-7.48065
-7.52475
-7.52866
-7.49347
-7.42068
-7.31226
-7.17009
-6.99741
-6.79477
-6.59949
-6.4016
-6.20018
-5.93781
-5.72521
-5.34512
-5.22329
-4.55685
-4.84521
-3.37886
-4.99332
-1.2659
-6.72099
9.08954
9.14676
9.20794
9.27121
9.33751
9.40659
9.47866
9.55373
9.63186
9.71312
9.79755
9.88518
9.97602
10.0701
10.1674
10.2679
10.3715
10.4782
10.5879
10.7005
10.8158
10.9336
11.0537
11.1759
11.2998
11.425
11.5513
11.678
11.8047
11.9308
12.0557
12.1787
12.2992
12.4164
12.5296
12.6379
12.7407
12.8369
12.9259
13.0067
13.0786
13.1406
13.192
13.2318
13.2593
13.2737
13.2743
13.2603
13.231
13.1859
13.1245
13.0463
12.9509
12.838
12.7076
12.5597
12.3942
12.2116
12.0121
11.7965
11.5655
11.32
11.0611
10.7903
10.509
10.2185
9.92233
9.66231
9.43168
9.18859
8.93252
8.6685
8.3873
8.13497
7.77872
7.72524
6.9015
8.05242
4.6264
11.3936
7.97934
7.91268
7.84112
7.76827
7.69204
7.61096
7.52526
7.43594
7.34397
7.24997
7.15415
7.05609
6.95456
6.84776
6.73382
6.61045
6.47474
6.32406
6.15757
5.97641
5.78204
5.57563
5.35833
5.13024
4.89051
4.63842
4.37361
4.09586
3.80497
3.50072
3.18299
2.8518
2.50721
2.14939
1.77872
1.39569
1.00096
0.595417
0.180161
-0.243474
-0.673934
-1.10942
-1.54786
-1.98695
-2.42416
-2.85679
-3.28192
-3.69653
-4.09748
-4.48162
-4.84585
-5.18708
-5.50243
-5.78918
-6.04493
-6.26757
-6.45536
-6.60698
-6.72155
-6.79863
-6.83824
-6.84082
-6.80723
-6.73887
-6.637
-6.50449
-6.34125
-6.1795
-6.01083
-5.83886
-5.60713
-5.42331
-5.07643
-4.97737
-4.35328
-4.64374
-3.24907
-4.8107
-1.22253
-6.52421
8.03339
8.08386
8.13769
8.19352
8.25209
8.31323
8.37713
8.44381
8.51336
8.58584
8.66133
8.73987
8.8215
8.90626
8.99418
9.08527
9.17951
9.27688
9.37736
9.48087
9.58733
9.69661
9.8086
9.9231
10.0399
10.1588
10.2795
10.4017
10.525
10.649
10.7731
10.897
11.02
11.1415
11.2608
11.3772
11.49
11.5982
11.7012
11.798
11.8878
11.9696
12.0425
12.1058
12.1584
12.1995
12.2283
12.2439
12.2456
12.2326
12.2043
12.16
12.0993
12.0218
11.9271
11.8151
11.6858
11.5391
11.3755
11.1953
10.9992
10.7879
10.5624
10.324
10.074
9.81351
9.54612
9.30961
9.09881
8.87567
8.63966
8.39519
8.13426
7.89815
7.56673
7.5127
6.74217
7.82839
4.54569
11.1164
7.0926
7.03528
6.97377
6.91098
6.8452
6.77543
6.70181
6.6242
6.54282
6.45859
6.37232
6.28434
6.19442
6.10164
6.00456
5.90153
5.79064
5.66931
5.53508
5.38688
5.22546
5.05208
4.86785
4.67392
4.47055
4.25702
4.03258
3.79687
3.5497
3.29086
3.02018
2.73756
2.44297
2.13646
1.81822
1.48854
1.14787
0.796774
0.436042
0.0666167
-0.310364
-0.693569
-1.08143
-1.47215
-1.86374
-2.25402
-2.64054
-3.02078
-3.39201
-3.75144
-4.09622
-4.4235
-4.73049
-5.01447
-5.27294
-5.50359
-5.70441
-5.87371
-6.01015
-6.1128
-6.18112
-6.21502
-6.21475
-6.18117
-6.11496
-6.0186
-5.89138
-5.76066
-5.61936
-5.47507
-5.27266
-5.11622
-4.80179
-4.72448
-4.14245
-4.43459
-3.11105
-4.62116
-1.17089
-6.32306
7.13965
7.18401
7.23124
7.28035
7.33191
7.38582
7.44224
7.5012
7.56281
7.62714
7.69426
7.76424
7.83713
7.913
7.9919
8.07387
8.15891
8.24706
8.33831
8.43265
8.53004
8.63042
8.7337
8.83978
8.94852
9.05975
9.17326
9.28882
9.40617
9.52497
9.64486
9.76543
9.88624
10.0068
10.1265
10.2448
10.361
10.4743
10.5842
10.6897
10.79
10.8842
10.9715
11.0509
11.1216
11.1825
11.2328
11.2716
11.298
11.3112
11.3104
11.2949
11.264
11.2173
11.1542
11.0743
10.9776
10.864
10.7334
10.5863
10.423
10.2441
10.0505
9.84325
9.62358
9.39251
9.15334
8.94006
8.74894
8.54567
8.32971
8.10487
7.86438
7.64467
7.33854
7.28402
6.56789
7.58928
4.45285
10.8275
6.33259
6.28313
6.23008
6.17586
6.119
6.05859
5.99488
5.92804
5.85758
5.78329
5.70595
5.6265
5.5454
5.46258
5.3774
5.28867
5.19499
5.09469
4.98555
4.86524
4.73254
4.58785
4.43228
4.26687
4.09272
3.9103
3.71901
3.51811
3.30723
3.08619
2.85481
2.61298
2.36055
2.09747
1.82381
1.53971
1.24539
0.941239
0.62777
0.305649
-0.0243056
-0.361107
-0.703566
-1.05029
-1.39973
-1.75011
-2.09946
-2.44567
-2.78644
-3.11936
-3.44189
-3.75147
-4.04548
-4.32135
-4.57661
-4.80891
-5.01609
-5.19623
-5.3477
-5.46919
-5.55975
-5.61883
-5.64616
-5.64213
-5.60688
-5.54249
-5.44765
-5.34523
-5.22924
-5.11065
-4.93593
-4.80525
-4.52226
-4.46542
-3.92489
-4.21803
-2.96519
-4.42449
-1.11195
-6.11637
6.37359
6.41253
6.45394
6.49709
6.54241
6.58985
6.63954
6.69155
6.74596
6.80285
6.8623
6.92436
6.98914
7.05668
7.12705
7.20031
7.2765
7.35566
7.43782
7.523
7.61119
7.70239
7.79656
7.89365
7.99356
8.09621
8.20146
8.30913
8.41904
8.53095
8.64456
8.75957
8.87562
8.99229
9.10913
9.22563
9.34123
9.45532
9.56725
9.67633
9.78178
9.88281
9.97859
10.0683
10.1509
10.2256
10.2915
10.3475
10.3929
10.4267
10.448
10.4561
10.4501
10.4295
10.3936
10.3419
10.2741
10.19
10.0895
9.97261
9.83968
9.69112
9.52759
9.34994
9.15931
8.95656
8.7448
8.55423
8.38243
8.19877
8.00269
7.79739
7.57734
7.37413
7.09353
7.03871
6.37801
7.33428
4.34843
10.5235
5.67557
5.63277
5.58688
5.53993
5.49071
5.4384
5.38306
5.3249
5.26393
5.19975
5.13194
5.06092
4.9876
4.91262
4.83611
4.75765
4.67625
4.59069
4.49956
4.40096
4.29269
4.17337
4.04312
3.90286
3.7536
3.59641
3.43191
3.25963
3.07889
2.88928
2.69062
2.48283
2.26573
2.03922
1.80328
1.55792
1.30327
1.03953
0.767027
0.486205
0.197639
-0.0979667
-0.399727
-0.706585
-1.01733
-1.33057
-1.64472
-1.95803
-2.26858
-2.57434
-2.8731
-3.16259
-3.44046
-3.70432
-3.95184
-4.18071
-4.38875
-4.57396
-4.73452
-4.86888
-4.97579
-5.05432
-5.10381
-5.12425
-5.11527
-5.0786
-5.01241
-4.93538
-4.84242
-4.74737
-4.59852
-4.49174
-4.2389
-4.20102
-3.70142
-3.99429
-2.81238
-4.22004
-1.04757
-5.90213
5.71133
5.74551
5.78182
5.81971
5.85953
5.90125
5.94499
5.99081
6.0388
6.08902
6.14156
6.1965
6.2539
6.31384
6.37639
6.4416
6.50955
6.58029
6.65385
6.73027
6.80959
6.89181
6.97694
7.06496
7.15583
7.2495
7.34588
7.44488
7.54637
7.65017
7.75608
7.86386
7.97325
8.08392
8.1955
8.30757
8.41968
8.53132
8.6419
8.75084
8.85747
8.96106
9.06086
9.15607
9.24585
9.32934
9.40564
9.47383
9.533
9.58224
9.62064
9.64735
9.66155
9.66245
9.64938
9.62173
9.57901
9.52084
9.44698
9.35736
9.25207
9.13137
8.99573
8.84584
8.68265
8.50688
8.3214
8.15277
7.99974
7.83525
7.65867
7.47266
7.27285
7.08616
6.83113
6.77634
6.17212
7.06222
4.23382
10.1995
5.10259
5.06544
5.02562
4.98484
4.9421
4.89669
4.84864
4.798
4.74472
4.68883
4.63016
4.56819
4.50292
4.43511
4.36557
4.29459
4.22191
4.14678
4.06815
3.98485
3.89523
3.79732
3.68971
3.57226
3.44566
3.31081
3.16879
3.02026
2.86485
2.70181
2.53077
2.35164
2.16433
1.96872
1.76473
1.5523
1.33147
1.10235
0.865139
0.620124
0.367694
0.108351
-0.157261
-0.428343
-0.703975
-0.983072
-1.26437
-1.54645
-1.82776
-2.10655
-2.38099
-2.64908
-2.90876
-3.15787
-3.39427
-3.61576
-3.82026
-4.00574
-4.17034
-4.31235
-4.43032
-4.52306
-4.58962
-4.62967
-4.6424
-4.62919
-4.58783
-4.53318
-4.46086
-4.38698
-4.26198
-4.17704
-3.95288
-3.93208
-3.47297
-3.7633
-2.65397
-4.00663
-0.97977
-5.67678
5.13383
5.16383
5.19568
5.22895
5.26392
5.3006
5.33908
5.37942
5.4217
5.46599
5.51237
5.56091
5.61168
5.66475
5.7202
5.7781
5.83851
5.90148
5.96707
6.03535
6.10634
6.18007
6.25657
6.33586
6.41791
6.50272
6.59023
6.68039
6.77313
6.86833
6.96584
7.06549
7.16709
7.27039
7.37511
7.48092
7.58744
7.69426
7.80091
7.90687
8.01157
8.11439
8.21467
8.31167
8.40463
8.49276
8.57522
8.65114
8.71962
8.77978
8.83072
8.87155
8.90141
8.91947
8.92499
8.91726
8.89568
8.85975
8.8091
8.7435
8.66288
8.56732
8.45715
8.33285
8.19518
8.04476
7.88418
7.73647
7.60145
7.45545
7.29779
7.13064
6.95071
6.78044
6.5508
6.49622
5.95005
6.77066
4.11178
9.84902
4.59613
4.56383
4.5292
4.4937
4.45652
4.41704
4.37526
4.33122
4.28479
4.23586
4.1845
4.1307
4.07403
4.01407
3.9513
3.88664
3.82063
3.75316
3.68363
3.61118
3.53477
3.45291
3.36376
3.266
3.15952
3.04505
2.92326
2.79501
2.66104
2.52101
2.37404
2.2197
2.05796
1.88883
1.71226
1.52814
1.33644
1.13719
0.930523
0.716623
0.495756
0.268277
0.0346554
-0.20451
-0.448517
-0.696522
-0.947534
-1.20042
-1.4539
-1.70657
-1.95686
-2.20307
-2.44342
-2.67599
-2.89885
-3.11004
-3.30755
-3.48945
-3.65384
-3.79904
-3.92346
-4.02575
-4.10474
-4.15984
-4.18994
-4.19609
-4.17573
-4.14038
-4.08626
-4.03109
-3.92782
-3.86225
-3.66564
-3.65889
-3.24126
-3.52414
-2.49296
-3.78026
-0.913318
-5.43423
4.62345
4.64981
4.67778
4.70701
4.73775
4.77001
4.80387
4.83939
4.87664
4.91568
4.9566
4.99945
5.04432
5.09126
5.14035
5.19165
5.24524
5.30117
5.35951
5.42031
5.48362
5.54949
5.61794
5.68901
5.76271
5.83905
5.918
5.99955
6.08365
6.17023
6.25919
6.35041
6.44377
6.53906
6.63606
6.73454
6.83421
6.93471
7.03568
7.13669
7.23725
7.33684
7.43489
7.53075
7.62377
7.71321
7.79831
7.87827
7.95226
8.01942
8.07889
8.12979
8.17124
8.20243
8.22254
8.2308
8.22657
8.20923
8.17827
8.1334
8.07437
8.00108
7.91373
7.81265
7.69837
7.5714
7.43404
7.30607
7.18814
7.05976
6.92022
6.77131
6.6107
6.45664
6.25222
6.19725
5.7128
6.45513
3.98974
9.45966
4.15309
4.12506
4.09501
4.06418
4.03191
3.99767
3.96145
3.92326
3.883
3.84058
3.79602
3.74942
3.70067
3.64887
3.59224
3.52955
3.46132
3.3892
3.3148
3.23945
3.16443
3.0912
3.02052
2.95102
2.87911
2.80016
2.70959
2.60434
2.48545
2.35801
2.2265
2.09153
1.95137
1.80457
1.65071
1.49
1.32264
1.14871
0.968176
0.781105
0.587651
0.388052
0.182647
-0.0281237
-0.243754
-0.463578
-0.686839
-0.912648
-1.13995
-1.36763
-1.59437
-1.81873
-2.0392
-2.25415
-2.46184
-2.66051
-2.84834
-3.0235
-3.1842
-3.32878
-3.45559
-3.56326
-3.65044
-3.71633
-3.75962
-3.78112
-3.77803
-3.75881
-3.72047
-3.68123
-3.5978
-3.54834
-3.37901
-3.38124
-3.00886
-3.27447
-2.33349
-3.53693
-0.855437
-5.16822
4.1769
4.19992
4.22434
4.24988
4.27675
4.30495
4.33457
4.36565
4.39827
4.43248
4.46835
4.50595
4.54534
4.58659
4.62977
4.67493
4.72215
4.7715
4.82303
4.8768
4.93286
4.99128
5.05208
5.11532
5.18101
5.24919
5.31984
5.39295
5.46854
5.54658
5.62696
5.70963
5.79447
5.8814
5.97022
6.06071
6.15268
6.24589
6.34001
6.43467
6.52951
6.62404
6.71782
6.81031
6.90089
6.98896
7.07382
7.15475
7.231
7.30175
7.36623
7.42358
7.47292
7.51346
7.54442
7.56493
7.57433
7.57198
7.55722
7.52969
7.48906
7.43503
7.36766
7.28715
7.19388
7.08819
6.9721
6.86242
6.76044
6.64858
6.5262
6.3947
6.25263
6.11421
5.93513
5.87749
5.46252
6.10909
3.87714
9.02249
3.62463
3.60132
3.57626
3.55049
3.52354
3.49497
3.46476
3.43291
3.39934
3.36393
3.32654
3.287
3.24533
3.20173
3.15655
3.10969
3.06041
3.00826
2.95382
2.89801
2.84109
2.78244
2.72111
2.65631
2.58682
2.51102
2.4283
2.33957
2.24554
2.14542
2.0387
1.92623
1.80877
1.68629
1.55835
1.42469
1.28517
1.13978
0.988527
0.831475
0.668684
0.500272
0.326426
0.147436
-0.0363785
-0.224545
-0.416536
-0.611714
-0.8093
-1.00844
-1.20812
-1.40722
-1.60451
-1.79865
-1.98819
-2.17157
-2.3472
-2.51345
-2.66864
-2.81115
-2.93935
-3.0518
-3.14704
-3.22406
-3.28141
-3.31936
-3.33542
-3.33365
-3.31368
-3.29103
-3.23227
-3.19736
-3.0651
-3.06841
-2.76117
-2.98891
-2.17481
-3.25602
-0.816098
-4.87059
3.64459
3.66395
3.68447
3.70595
3.72857
3.75231
3.77726
3.80348
3.831
3.85989
3.89022
3.92203
3.95537
3.99035
4.02699
4.06534
4.10551
4.14753
4.19147
4.23738
4.28533
4.33538
4.38758
4.44195
4.49856
4.55743
4.61859
4.68205
4.74782
4.81594
4.88634
4.95896
5.03379
5.1108
5.18981
5.27068
5.3533
5.43752
5.52307
5.6097
5.69712
5.78494
5.87285
5.96042
6.04712
6.13249
6.21593
6.29676
6.37442
6.44813
6.51718
6.58085
6.63824
6.68859
6.73118
6.76515
6.78969
6.8042
6.80793
6.80036
6.78105
6.7496
6.70587
6.64987
6.58174
6.50177
6.41146
6.32413
6.24178
6.15033
6.0493
5.93957
5.82093
5.70198
5.55684
5.49269
5.17649
5.68393
3.77986
8.48543
3.07988
3.06149
3.04172
3.02138
3.00011
2.97757
2.95373
2.9286
2.90213
2.8742
2.84469
2.81352
2.7808
2.74683
2.71217
2.67751
2.64312
2.60835
2.57167
2.53166
2.48767
2.43946
2.38658
2.32862
2.26572
2.19883
2.12886
2.05632
1.98145
1.90364
1.82117
1.73271
1.63867
1.54017
1.43761
1.33064
1.21882
1.10197
0.980054
0.853101
0.721104
0.584124
0.442201
0.295482
0.144158
-0.0115186
-0.171191
-0.334463
-0.500812
-0.669622
-0.840185
-1.0117
-1.18321
-1.35367
-1.52195
-1.68677
-1.8468
-2.00062
-2.14674
-2.28367
-2.40986
-2.52388
-2.62424
-2.7098
-2.77894
-2.83164
-2.8653
-2.88078
-2.87799
-2.87347
-2.83677
-2.82222
-2.71878
-2.7403
-2.4741
-2.70736
-1.96053
-3.01344
-0.699475
-4.68155
3.09575
3.11125
3.12765
3.14485
3.16297
3.182
3.20202
3.22308
3.2452
3.26846
3.29289
3.31853
3.34545
3.37373
3.40337
3.43445
3.46705
3.50121
3.537
3.57446
3.61363
3.65463
3.69748
3.74218
3.78885
3.83752
3.88824
3.94102
3.99589
4.05289
4.11202
4.17326
4.23664
4.30214
4.36967
4.43917
4.51058
4.58379
4.65864
4.73498
4.81259
4.89126
4.97073
5.05064
5.13068
5.21046
5.2895
5.36727
5.44331
5.51699
5.58768
5.65477
5.71747
5.77507
5.82688
5.87211
5.90997
5.93978
5.96076
5.97231
5.97389
5.96501
5.94535
5.91468
5.87298
5.82037
5.75802
5.69519
5.63451
5.56595
5.48899
5.40423
5.31204
5.21811
5.10685
5.05411
4.81029
5.26817
3.53207
8.14765
2.62036
2.60564
2.58984
2.57355
2.55652
2.53847
2.51935
2.49921
2.478
2.45562
2.43202
2.40711
2.38083
2.35313
2.32391
2.29317
2.26093
2.22733
2.19239
2.15567
2.1164
2.07428
2.02998
1.98447
1.93818
1.89089
1.8419
1.79013
1.73417
1.67314
1.60727
1.53703
1.46225
1.38291
1.29957
1.21267
1.12211
1.02753
0.928701
0.825545
0.718058
0.60628
0.49021
0.369913
0.245473
0.117032
-0.0151882
-0.15094
-0.289868
-0.431561
-0.575511
-0.72115
-0.867767
-1.01458
-1.16071
-1.30516
-1.44684
-1.5846
-1.71719
-1.8433
-1.96157
-2.07068
-2.16923
-2.25606
-2.3296
-2.38965
-2.43358
-2.46021
-2.4693
-2.47778
-2.45773
-2.45918
-2.37879
-2.41665
-2.18365
-2.42701
-1.73332
-2.77726
-0.560251
-4.50446
2.63318
2.64574
2.65903
2.67298
2.68766
2.70312
2.71938
2.73647
2.75445
2.77336
2.79321
2.81407
2.83599
2.85902
2.88318
2.90854
2.93515
2.96306
2.99235
3.02301
3.0551
3.08872
3.1239
3.16068
3.19913
3.23927
3.28116
3.32485
3.37036
3.41772
3.46697
3.5181
3.57117
3.62617
3.68303
3.74177
3.80236
3.8647
3.92872
3.99433
4.0614
4.12978
4.19927
4.26963
4.34067
4.41207
4.48346
4.55446
4.6247
4.69373
4.76095
4.8259
4.88796
4.94648
5.00086
5.05039
5.09434
5.13209
5.1629
5.18613
5.20126
5.2077
5.20503
5.19296
5.17127
5.13999
5.10003
5.05733
5.01479
4.96571
4.90959
4.84691
4.77841
4.7079
4.62744
4.58887
4.40928
4.84112
3.24265
7.81941
2.20462
2.19281
2.18014
2.16708
2.1534
2.13891
2.12358
2.10741
2.09038
2.07242
2.05348
2.03348
2.01242
1.9902
1.96674
1.94203
1.91599
1.88861
1.85993
1.83009
1.79909
1.76648
1.73156
1.69415
1.65489
1.6147
1.57392
1.53218
1.48868
1.44226
1.39183
1.33712
1.27846
1.21595
1.1494
1.07906
1.00553
0.929022
0.849263
0.76595
0.678941
0.588237
0.493858
0.395846
0.294238
0.189103
0.0805681
-0.0312095
-0.145993
-0.263512
-0.383392
-0.505247
-0.62855
-0.752709
-0.877083
-1.00088
-1.12326
-1.2433
-1.35999
-1.47224
-1.57888
-1.67879
-1.7707
-1.8536
-1.92597
-1.98758
-2.0359
-2.06853
-2.08502
-2.10193
-2.09396
-2.10681
-2.04531
-2.09501
-1.89257
-2.1409
-1.50145
-2.52809
-0.417414
-4.29131
2.21495
2.22509
2.23584
2.2471
2.25898
2.27149
2.28465
2.29847
2.31304
2.32835
2.34445
2.36137
2.37916
2.39786
2.41749
2.43813
2.45978
2.48252
2.50637
2.53138
2.5576
2.58508
2.61386
2.644
2.67554
2.7085
2.74294
2.77892
2.81645
2.85558
2.89635
2.93875
2.98284
3.02862
3.07607
3.12522
3.17604
3.22848
3.28251
3.33808
3.39509
3.45345
3.51301
3.57364
3.63517
3.69738
3.76001
3.82277
3.88535
3.94742
4.00854
4.0683
4.12624
4.1818
4.2345
4.28372
4.32884
4.36933
4.40451
4.4338
4.45668
4.47259
4.48108
4.48184
4.47458
4.45922
4.43646
4.40972
4.38186
4.34886
4.31028
4.26659
4.21873
4.16941
4.11668
4.09224
3.97333
4.37878
2.93083
7.4013
1.81855
1.80926
1.7993
1.78901
1.77823
1.76683
1.75476
1.74204
1.72863
1.7145
1.6996
1.68387
1.66729
1.6498
1.63135
1.6119
1.5914
1.56979
1.54705
1.52316
1.49816
1.47219
1.44518
1.41662
1.38584
1.35283
1.31832
1.28314
1.24756
1.21112
1.17296
1.13198
1.08746
1.03939
0.987964
0.933082
0.874808
0.81365
0.75004
0.68388
0.61485
0.542753
0.467531
0.389218
0.307846
0.223454
0.136103
0.045884
-0.0470579
-0.142535
-0.240305
-0.34008
-0.441499
-0.544121
-0.647465
-0.750943
-0.853901
-0.955623
-1.0553
-1.15206
-1.24495
-1.33302
-1.41521
-1.49062
-1.55793
-1.6169
-1.66516
-1.69981
-1.72013
-1.74174
-1.74191
-1.76233
-1.71569
-1.77351
-1.59782
-1.84752
-1.25972
-2.26364
-0.262902
-4.04335
1.82671
1.83474
1.84325
1.85217
1.86158
1.87149
1.88192
1.89289
1.90443
1.91659
1.92938
1.94283
1.95697
1.97184
1.98747
2.0039
2.02116
2.03928
2.05831
2.07829
2.09927
2.12125
2.14431
2.16846
2.19378
2.22027
2.24798
2.27697
2.30726
2.33889
2.37189
2.40628
2.44212
2.4794
2.51812
2.55831
2.59998
2.6431
2.68766
2.73362
2.78092
2.82953
2.87933
2.93024
2.98212
3.03483
3.08821
3.14202
3.19602
3.24997
3.30354
3.3564
3.40821
3.4585
3.50688
3.55289
3.59599
3.63571
3.67151
3.70286
3.72931
3.75034
3.76552
3.77457
3.77719
3.77326
3.76328
3.74878
3.73248
3.71238
3.68815
3.66031
3.62985
3.59896
3.56997
3.55855
3.49358
3.87143
2.57359
6.90222
1.46398
1.45683
1.44915
1.44121
1.4329
1.42411
1.41481
1.40499
1.39465
1.38374
1.37223
1.36009
1.34729
1.33378
1.31953
1.30452
1.28869
1.27197
1.25435
1.2358
1.21628
1.1958
1.17446
1.15232
1.12923
1.10462
1.07794
1.04934
1.01965
0.989617
0.959287
0.928089
0.895126
0.859545
0.820956
0.77944
0.735017
0.687645
0.637691
0.585688
0.531748
0.475625
0.417075
0.356027
0.292502
0.226537
0.158165
0.087416
0.01436
-0.0608817
-0.138166
-0.217277
-0.297988
-0.379982
-0.462914
-0.546364
-0.629836
-0.712791
-0.794615
-0.874637
-0.952101
-1.02625
-1.09621
-1.16126
-1.22026
-1.27308
-1.31755
-1.35082
-1.37181
-1.39483
-1.39954
-1.424
-1.38828
-1.45078
-1.29749
-1.54563
-1.00382
-1.9816
-0.08764
-3.75688
1.47028
1.47648
1.48303
1.48991
1.49717
1.50481
1.51285
1.5213
1.5302
1.53958
1.54944
1.55982
1.57072
1.58219
1.59426
1.60695
1.62027
1.63426
1.64896
1.66441
1.68061
1.69762
1.71546
1.73416
1.75377
1.77431
1.7958
1.8183
1.84184
1.86645
1.89215
1.91896
1.94694
1.9761
2.00642
2.03796
2.07073
2.10471
2.1399
2.17631
2.21387
2.25259
2.2924
2.33323
2.37501
2.41763
2.46101
2.50495
2.5493
2.59389
2.63845
2.68275
2.72656
2.76948
2.81122
2.85144
2.8897
2.92562
2.95874
2.98869
3.01504
3.03735
3.05529
3.06856
3.07692
3.08026
3.07892
3.07316
3.06534
3.0549
3.04165
3.02617
3.00944
2.99353
2.98341
2.98246
2.96283
3.31187
2.15287
6.32146
1.09792
1.09266
1.08702
1.08117
1.07505
1.06858
1.06174
1.05453
1.04693
1.03891
1.03046
1.02155
1.01216
1.00226
0.991826
0.980831
0.969236
0.957013
0.944128
0.930553
0.916247
0.901203
0.885426
0.868942
0.851836
0.834158
0.815638
0.795667
0.773855
0.750609
0.726828
0.703074
0.679215
0.654675
0.628662
0.60058
0.570267
0.537657
0.502613
0.465321
0.426258
0.38562
0.343172
0.298618
0.251859
0.202972
0.152073
0.0992414
0.0445412
-0.0119557
-0.0701435
-0.129872
-0.190962
-0.253195
-0.316319
-0.380036
-0.443995
-0.507799
-0.57101
-0.633145
-0.693643
-0.751942
-0.807378
-0.859441
-0.90718
-0.950588
-0.98778
-1.01647
-1.03516
-1.05649
-1.06237
-1.08745
-1.0588
-1.12244
-0.987055
-1.23
-0.729096
-1.6722
0.111064
-3.39056
1.10258
1.10717
1.11204
1.11714
1.12253
1.12821
1.1342
1.1405
1.14714
1.15413
1.16149
1.16923
1.17739
1.18598
1.19503
1.20454
1.21454
1.22506
1.23612
1.24775
1.25996
1.27279
1.28627
1.3004
1.31524
1.33079
1.34708
1.36415
1.38203
1.40073
1.42027
1.44068
1.46199
1.4842
1.50733
1.53141
1.55644
1.58241
1.60933
1.63721
1.66601
1.69572
1.7263
1.7577
1.7899
1.8228
1.85635
1.89043
1.92493
1.95972
1.99463
2.02951
2.06415
2.09832
2.1318
2.16433
2.1956
2.22532
2.25317
2.27886
2.30203
2.32238
2.33967
2.35362
2.36402
2.37086
2.37432
2.37393
2.3717
2.36785
2.36231
2.35572
2.34884
2.3437
2.34632
2.35033
2.3637
2.68075
1.63838
5.599
0.799042
0.795451
0.791603
0.787625
0.783459
0.779042
0.774367
0.769442
0.764246
0.758745
0.752947
0.746829
0.740365
0.733548
0.72636
0.718762
0.71074
0.702282
0.693355
0.683926
0.673973
0.663474
0.652405
0.640766
0.628583
0.615893
0.602768
0.589185
0.574729
0.558776
0.541186
0.522626
0.503913
0.485226
0.466051
0.445629
0.423351
0.399124
0.373141
0.345452
0.31619
0.285915
0.255124
0.223755
0.191429
0.157838
0.12288
0.0865953
0.0490514
0.0102933
-0.0296325
-0.0706599
-0.11269
-0.155595
-0.199213
-0.243362
-0.287806
-0.332282
-0.376492
-0.420117
-0.462766
-0.504064
-0.543546
-0.580896
-0.615381
-0.647127
-0.674568
-0.696419
-0.710568
-0.727773
-0.732014
-0.754911
-0.729828
-0.791771
-0.669509
-0.903896
-0.438534
-1.3317
0.325894
-2.89587
0.802186
0.805235
0.808475
0.811869
0.815441
0.819198
0.823144
0.827298
0.831673
0.836269
0.841092
0.846158
0.85149
0.857095
0.862981
0.869153
0.875636
0.882457
0.88961
0.897111
0.904973
0.913228
0.921899
0.930977
0.940487
0.950454
0.960896
0.971827
0.983268
0.995244
1.00776
1.02084
1.03452
1.04878
1.06365
1.07916
1.09533
1.11215
1.12961
1.14775
1.16655
1.186
1.20609
1.2268
1.24812
1.26999
1.29237
1.31522
1.33845
1.36198
1.3857
1.40952
1.4333
1.45688
1.48014
1.50287
1.52487
1.54597
1.56594
1.58458
1.60165
1.61694
1.63032
1.64155
1.65054
1.65729
1.66193
1.66401
1.6644
1.66376
1.66216
1.66025
1.65859
1.65952
1.66927
1.67351
1.70651
1.98885
1.04257
4.67057
0.334697
0.332348
0.32981
0.327176
0.324416
0.321495
0.318405
0.315144
0.311699
0.308056
0.304211
0.300151
0.295853
0.291306
0.286504
0.281419
0.276028
0.27032
0.264268
0.257843
0.251021
0.24377
0.236056
0.227849
0.219124
0.209842
0.199919
0.189232
0.17762
0.164949
0.151249
0.137424
0.126185
0.121672
0.127427
0.1443
0.1696
0.197622
0.221228
0.234238
0.233486
0.219686
0.196916
0.170555
0.144373
0.11943
0.095219
0.071061
0.0466788
0.0221077
-0.00255236
-0.0272504
-0.0519793
-0.0767247
-0.101451
-0.126111
-0.150637
-0.174941
-0.198912
-0.22243
-0.245327
-0.267446
-0.288559
-0.308563
-0.326979
-0.34409
-0.35864
-0.370716
-0.377801
-0.388316
-0.388211
-0.406016
-0.381949
-0.437423
-0.329431
-0.538242
-0.136234
-0.891219
0.476718
-2.02211
0.336804
0.338907
0.341146
0.343497
0.345983
0.3486
0.351349
0.354259
0.357336
0.360575
0.363978
0.367563
0.371348
0.375333
0.379522
0.383925
0.388562
0.393447
0.398568
0.403943
0.409595
0.415525
0.421741
0.428249
0.435061
0.442184
0.449633
0.457405
0.465508
0.473959
0.482748
0.491889
0.501372
0.511197
0.521368
0.531887
0.542752
0.553937
0.565457
0.577296
0.589425
0.60184
0.614541
0.6275
0.640688
0.654096
0.66768
0.681414
0.695264
0.709174
0.723114
0.737013
0.750816
0.76445
0.777857
0.790946
0.803633
0.81587
0.827523
0.838498
0.848668
0.85793
0.866218
0.873368
0.879349
0.884153
0.887857
0.889851
0.891183
0.892352
0.893524
0.895122
0.896831
0.899756
0.908174
0.899582
0.917122
1.14948
0.306613
3.20871
0.285641
0.285609
0.285596
0.285587
0.285568
0.285542
0.285514
0.285481
0.285441
0.285401
0.285365
0.285332
0.285299
0.28527
0.285258
0.285266
0.285298
0.285367
0.285481
0.285664
0.285937
0.286322
0.286836
0.287451
0.288096
0.288705
0.289388
0.290769
0.294246
0.301868
0.315388
0.33431
0.353988
0.36564
0.35906
0.326776
0.267477
0.187648
0.100805
0.0238471
-0.029094
-0.0527231
-0.0525035
-0.0402496
-0.0266447
-0.0168495
-0.0111723
-0.0080888
-0.00645674
-0.00596889
-0.00668977
-0.00864362
-0.0117259
-0.0157799
-0.0206463
-0.0261798
-0.0322414
-0.0386916
-0.0453939
-0.0522269
-0.0590681
-0.0658243
-0.0723664
-0.0787
-0.0845634
-0.0903373
-0.0952257
-0.100348
-0.102269
-0.107143
-0.1045
-0.115987
-0.0975711
-0.136808
-0.0635908
-0.200223
0.0487185
-0.383768
0.386671
-0.869152
0.285646
0.285611
0.285564
0.285497
0.285416
0.28532
0.285195
0.28505
0.284883
0.284688
0.284461
0.2842
0.283907
0.283576
0.283204
0.282787
0.282324
0.281819
0.281256
0.28064
0.279977
0.279254
0.278472
0.277633
0.276739
0.275787
0.274785
0.273729
0.272625
0.271485
0.27031
0.26911
0.267888
0.266661
0.265442
0.264239
0.263065
0.261935
0.260873
0.259885
0.258976
0.258167
0.257475
0.2569
0.256455
0.25615
0.255981
0.255955
0.25607
0.256334
0.25675
0.257296
0.257966
0.258723
0.259538
0.260358
0.261143
0.261876
0.262491
0.262976
0.263317
0.263518
0.263593
0.26353
0.263432
0.263302
0.26333
0.264691
0.264223
0.262615
0.259952
0.256696
0.25331
0.252664
0.261001
0.264169
0.287041
0.416059
-0.0250682
1.35942
)
;

boundaryField
{
    inlet
    {
        type            freestreamPressure;
        freestreamValue uniform 0;
        value           nonuniform List<scalar> 
134
(
0.75591
0.0594634
-0.668198
-1.30005
-1.75638
-2.03471
-2.08111
-1.89081
-1.46765
-0.6887
-0.128719
-0.208073
-0.348327
-0.481047
-0.615519
-0.756428
-0.905032
-1.0621
-1.22984
-1.41224
1.43498
-1.61476
-1.84013
-2.07776
-2.3007
-2.46131
-2.53882
-2.67569
-2.67877
-2.73086
-3.25561
-2.9943
-3.0045
-3.06167
-3.10402
-3.12467
-3.14458
-3.19739
-3.33084
-3.49298
2.07348
2.72928
3.28142
3.58029
3.51579
2.89996
1.54177
-3.8479
-3.76235
-3.62962
-3.54325
-3.47909
-3.40735
-3.32662
-3.24403
-3.16164
-3.07829
-2.99295
-2.90561
-2.8163
-2.72449
-2.62928
-2.52908
-2.42118
-2.30278
-2.17022
-2.08602
-2.00709
-1.91204
-1.80141
-1.67356
-1.51009
-1.2894
-0.900041
-0.38665
0.521787
1.16301
1.87833
2.58781
3.27932
3.93634
4.49455
4.92111
5.22574
5.41838
5.52552
5.5768
5.59802
5.60999
5.64309
5.74609
5.93794
6.14755
6.31956
6.46056
6.58267
6.68818
6.77327
6.83599
6.87752
6.90165
6.9173
6.94264
7.02357
7.22989
7.67561
7.86505
7.679
7.46441
7.32752
7.21585
7.08879
6.94962
6.80883
6.66762
6.52316
6.3738
6.21881
6.05727
5.88738
5.70631
5.51044
5.29287
5.04858
4.74841
4.55986
4.37676
4.14347
3.86494
3.54073
3.13716
2.61808
1.79946
0.762955
)
;
    }
    outlet
    {
        type            freestreamPressure;
        freestreamValue uniform 0;
        value           nonuniform List<scalar> 
160
(
0.000734023
0.000734092
0.000733882
0.000734061
0.000733787
0.000734007
0.000733695
0.000733905
0.000733571
0.000733773
0.00073343
0.000733606
0.000733276
0.000733372
0.000733104
0.000733092
0.000732909
0.000732761
0.000732709
0.000732366
0.000732513
0.000731895
0.000732317
0.000731344
0.000732114
0.000730721
0.000731917
0.000730009
0.000731753
0.0007292
0.000731632
0.000728286
0.000731565
0.000727266
0.00073158
0.000726148
0.000731702
0.000724895
0.000731984
0.000723521
0.000732483
0.000722037
0.000733259
0.000720417
0.000734369
0.000718659
0.000735765
0.000716774
0.000737273
0.000714765
0.000738684
0.000712627
0.000740158
0.000710381
0.000743071
0.00070802
0.00075077
0.00070556
0.00076842
0.000703033
0.000800725
0.000700443
0.000847072
0.000697819
0.00089668
0.000695169
0.000928147
0.000692541
0.000915398
0.00068997
0.000837659
0.000687478
0.000689035
0.000685108
0.000484734
0.000682893
0.000260342
0.000680908
6.14051e-05
0.000679166
-7.45714e-05
0.000677692
-0.000134491
0.000676538
-0.000133425
0.000675758
-0.000102054
0.000675364
-6.74989e-05
0.000675387
-4.2682e-05
0.000675872
-2.83071e-05
0.000676811
-2.04984e-05
0.000678235
-1.63644e-05
0.000680152
-1.51294e-05
0.000682594
-1.69588e-05
0.000685581
-2.19161e-05
0.000689072
-2.97393e-05
0.000693063
-4.00355e-05
0.000697476
-5.24065e-05
0.000702246
-6.64915e-05
0.000707253
-8.19477e-05
0.000712397
-9.84319e-05
0.000717659
-0.000115611
0.000722872
-0.000133191
0.000728017
-0.000150876
0.00073307
-0.000168444
0.00073806
-0.000185583
0.000743042
-0.000202321
0.000747997
-0.000218012
0.000753233
-0.000233625
0.000758796
-0.000247175
0.000765259
-0.000261317
0.000775071
-0.000267282
0.000779037
-0.000280854
0.00078027
-0.000275493
0.000778975
-0.000306361
0.000776538
-0.000260568
0.000774394
-0.000363703
0.000781395
-0.000173617
0.000817405
-0.000531109
0.000840104
0.000139162
0.000927188
-0.000982845
0.00136425
0.00122867
-8.73679e-05
-0.00192577
0.00430037
)
;
    }
    walls
    {
        type            zeroGradient;
    }
    frontAndBack
    {
        type            empty;
    }
}


// ************************************************************************* //
