/*--------------------------------*- C++ -*----------------------------------*\
| =========                 |                                                 |
| \\      /  F ield         | OpenFOAM: The Open Source CFD Toolbox           |
|  \\    /   O peration     | Version:  2412                                  |
|   \\  /    A nd           | Website:  www.openfoam.com                      |
|    \\/     M anipulation  |                                                 |
\*---------------------------------------------------------------------------*/
FoamFile
{
    version     2.0;
    format      ascii;
    arch        "LSB;label=32;scalar=64";
    class       volScalarField;
    location    "50";
    object      p;
}
// * * * * * * * * * * * * * * * * * * * * * * * * * * * * * * * * * * * * * //

dimensions      [0 2 -2 0 0 0 0];

internalField   nonuniform List<scalar> 
10720
(
334.24
317.2
290.552
255.588
213.012
162.437
107.909
51.8826
-4.75727
-58.9757
-110.093
-157.517
-200.696
-239.466
-273.495
-302.152
-325.739
-343.122
-355.002
-360.535
-360.107
-352.777
-340.045
-322.813
-303.857
-286.157
-268
-247.643
-226.64
-205.692
-184.242
-161.855
-138.419
-113.988
-88.6935
-62.0748
-33.5626
1.55992
42.8307
342.746
344.626
340.423
325.824
298.837
260.017
211.897
159.856
110.074
65.2622
28.5352
1.11877
-19.4033
-34.6272
-45.4399
-54.2955
-61.6722
-68.6227
-75.631
-83.5007
-92.0028
-101.359
-111.116
-120.458
-126.679
-128.649
-128.058
-125.419
-120.929
-114.615
-106.409
-96.2777
-84.3167
-70.6621
-55.4854
-38.4429
-18.855
7.51429
45.4151
318.985
305.703
285.767
259.112
226.027
186.546
142.231
94.6951
45.1688
-4.58064
-53.3474
-100.166
-144.194
-184.79
-221.325
-253.178
-280.106
-301.462
-317.374
-327.098
-330.48
-327.249
-318.589
-305.513
-290.117
-274.936
-259.237
-241.371
-222.181
-202.367
-181.676
-159.848
-136.852
-112.774
-87.7618
-61.3575
-33.0067
2.04257
42.4727
326.58
328.813
324.811
313.107
292.929
264.153
228.072
187.695
146.528
107.177
71.9658
42.2467
17.6432
-2.42524
-18.5051
-31.8971
-43.2573
-53.4005
-62.9478
-72.5925
-82.3791
-92.476
-102.556
-111.872
-118.278
-120.758
-120.86
-119.332
-116.051
-110.748
-103.325
-93.8232
-82.3819
-69.1537
-54.3093
-37.5101
-18.0953
8.17947
45.0113
299.306
288.309
271.495
248.596
219.912
185.185
145.338
101.728
55.5282
8.12719
-39.0606
-84.9699
-128.642
-169.275
-206.169
-238.739
-266.511
-288.975
-305.742
-316.307
-320.751
-318.919
-311.642
-299.926
-285.612
-270.877
-255.455
-238.001
-219.115
-199.577
-179.251
-157.861
-135.321
-111.654
-86.9584
-60.7675
-32.5445
2.36599
42.0793
305.64
307.665
304.621
295.321
279.007
255.167
224.467
189.031
151.55
114.456
79.8547
49.373
23.5128
2.05163
-15.4536
-29.8561
-41.9666
-52.5483
-62.2715
-71.7705
-81.2749
-90.9154
-100.454
-109.232
-115.547
-118.388
-118.749
-117.277
-113.929
-108.576
-101.23
-91.9492
-80.8231
-67.9317
-53.3794
-36.7974
-17.5189
8.60455
44.373
278.019
268.727
254.51
235.165
211.011
181.551
147.472
109.723
69.0946
26.6952
-16.3238
-58.9913
-100.353
-139.575
-175.874
-208.57
-237.038
-260.697
-279.055
-291.71
-298.674
-299.802
-295.584
-286.874
-275.134
-262.171
-248.102
-231.988
-214.286
-195.736
-176.254
-155.578
-133.63
-110.434
-86.087
-60.1452
-32.0895
2.58809
41.5321
283.464
285.355
283.111
275.707
262.547
243.108
217.796
188.251
156.467
124.246
93.3381
65.1518
40.2924
18.8204
0.530542
-15.0754
-28.5849
-40.5683
-51.5644
-62.0874
-72.4068
-82.6401
-92.6082
-101.72
-108.587
-112.256
-113.36
-112.547
-109.868
-105.212
-98.5521
-89.9004
-79.3077
-66.8378
-52.5891
-36.2046
-17.0446
8.89561
43.6297
257.226
249.188
236.866
220.079
199.176
173.517
143.613
110.184
73.7345
35.1704
-4.56149
-44.5968
-84.0053
-121.931
-157.562
-190.146
-218.973
-243.415
-262.908
-277.076
-285.628
-288.502
-286.017
-278.996
-268.73
-256.77
-243.451
-228.11
-211.057
-192.973
-173.882
-153.583
-132.016
-109.184
-85.1557
-59.477
-31.6246
2.74732
40.7948
262.029
263.849
262.247
256.319
245.545
229.379
208.032
182.789
155.186
126.574
98.3931
71.8862
47.7131
26.1543
7.24162
-9.23797
-23.6679
-36.4715
-48.0962
-58.988
-69.4568
-79.6471
-89.4377
-98.3292
-105.218
-109.214
-110.636
-110.064
-107.587
-103.122
-96.6562
-88.2234
-77.8761
-65.6623
-51.6494
-35.4645
-16.4723
9.19341
42.8123
237.555
230.444
219.582
204.824
186.564
164.092
137.833
108.356
75.9619
41.3723
5.33553
-31.4419
-68.1248
-103.91
-138.015
-169.673
-198.134
-222.734
-242.859
-258.044
-268.003
-272.678
-272.288
-267.462
-259.212
-248.79
-236.656
-222.422
-206.344
-189.067
-170.694
-151.063
-130.1
-107.777
-84.1518
-58.7858
-31.1783
2.80724
39.8863
241.897
243.693
242.601
237.822
228.92
215.362
197.25
175.648
151.801
126.732
101.616
77.5144
55.0137
34.4505
15.9691
-0.49984
-15.1895
-28.3965
-40.4669
-51.7584
-62.5478
-72.9643
-82.9048
-91.9186
-99.0867
-103.587
-105.556
-105.474
-103.473
-99.5033
-93.56
-85.6696
-75.8559
-64.1289
-50.5185
-34.6412
-15.8863
9.43634
41.9024
219.278
212.873
203.149
189.986
173.812
153.892
130.587
104.373
75.3977
44.246
11.4996
-22.2832
-56.3713
-90.0435
-122.567
-153.182
-181.136
-205.737
-226.332
-242.416
-253.625
-259.824
-261.079
-257.907
-251.184
-241.968
-230.788
-217.47
-202.229
-185.651
-167.89
-148.823
-128.368
-106.475
-83.1991
-58.1081
-30.7415
2.78716
38.8398
223.277
225.068
224.391
220.527
213.108
201.62
186.096
167.431
146.667
124.584
102.14
80.2335
59.3488
39.8166
21.8453
5.46829
-9.41924
-22.9807
-35.4525
-47.0942
-58.1276
-68.6566
-78.5969
-87.569
-94.8334
-99.6657
-102.037
-102.322
-100.658
-97.0311
-91.4404
-83.907
-74.4386
-63.0235
-49.668
-33.9882
-15.4016
9.57992
40.9105
202.42
196.563
187.749
175.872
161.392
143.575
122.744
99.3115
73.3344
45.2804
15.6121
-15.2433
-46.6725
-78.0486
-108.705
-137.929
-164.985
-189.179
-209.839
-226.425
-238.506
-245.925
-248.688
-247.164
-242.049
-234.2
-224.149
-211.885
-197.608
-181.84
-164.778
-146.338
-126.439
-105.019
-82.1366
-57.3516
-30.2656
2.72949
37.7111
206.156
207.951
207.615
204.49
198.262
188.45
175.039
158.804
140.638
121.157
101.152
81.3858
62.248
44.0297
26.9525
11.094
-3.56367
-17.0953
-29.6492
-41.4045
-52.5245
-63.0857
-73.0139
-81.9835
-89.3749
-94.5429
-97.354
-98.0792
-96.8573
-93.6839
-88.5525
-81.476
-72.4498
-61.4437
-48.4407
-33.055
-14.733
9.79142
39.9306
186.925
181.508
173.431
162.61
149.518
133.444
114.682
93.6049
70.2019
44.8617
17.949
-10.2193
-39.1333
-68.2606
-97.018
-124.748
-150.755
-174.361
-194.895
-211.793
-224.587
-233.043
-237.096
-236.982
-233.27
-226.665
-217.674
-206.399
-193.033
-178.038
-161.64
-143.797
-124.431
-103.48
-80.9952
-56.5279
-29.7645
2.64053
36.5314
190.45
192.253
192.201
189.68
184.421
175.981
164.31
150.087
134.098
116.839
98.9745
81.1559
63.6856
46.8039
30.7162
15.5129
1.22667
-12.1495
-24.6925
-36.5031
-47.6819
-58.2685
-68.1888
-77.1591
-84.6605
-90.1231
-93.3422
-94.4791
-93.646
-90.8488
-86.086
-79.3726
-70.7021
-60.0328
-47.3274
-32.2002
-14.13
9.92226
38.8994
172.697
167.641
160.175
150.234
138.303
123.691
106.68
87.614
66.4403
43.4883
19.0463
-6.65231
-33.1857
-60.119
-86.9473
-113.075
-137.868
-160.678
-180.848
-197.803
-211.049
-220.296
-225.441
-226.599
-224.212
-218.838
-210.933
-200.668
-188.237
-174.044
-158.334
-141.106
-122.29
-101.83
-79.7619
-55.6448
-29.2597
2.51555
35.3019
176.048
177.857
178.042
176.021
171.561
164.255
154.034
141.497
127.346
111.995
96.0097
79.9568
64.068
48.5306
33.524
19.1328
5.41182
-7.60629
-19.9432
-31.642
-42.7494
-53.2716
-63.128
-72.0668
-79.6384
-85.3354
-88.9058
-90.4276
-89.9864
-87.5883
-83.2308
-76.9249
-68.6586
-58.3779
-46.0255
-31.2176
-13.467
10.0252
37.8152
159.631
154.88
147.931
138.734
127.783
114.415
98.8987
81.5568
62.3155
41.4581
19.2154
-4.24628
-28.5799
-53.4298
-78.3696
-102.878
-126.379
-148.267
-167.913
-184.749
-198.264
-208.121
-214.173
-216.427
-215.218
-210.983
-204.118
-194.828
-183.306
-169.909
-154.888
-138.277
-120.023
-100.075
-78.4463
-54.7261
-28.7707
2.3409
33.9904
162.834
164.647
165.028
163.425
159.631
153.273
144.27
133.156
120.565
106.852
92.5078
78.0324
63.601
49.3546
35.4437
21.933
8.87803
-3.66574
-15.6851
-27.178
-38.147
-48.5643
-58.3393
-67.239
-74.8641
-80.7606
-84.6527
-86.5418
-86.477
-84.4566
-80.4783
-74.5511
-66.6615
-56.7481
-44.7382
-30.2528
-12.8422
10.0448
36.648
147.622
143.135
136.632
128.075
117.963
105.663
91.4347
75.5857
58.0275
39.0115
18.7254
-2.71503
-25.025
-47.9196
-71.0409
-93.9365
-116.096
-136.965
-155.951
-172.499
-186.098
-196.375
-203.144
-206.34
-206.187
-203.019
-197.162
-188.831
-178.213
-165.621
-151.305
-135.327
-117.656
-98.2408
-77.0781
-53.8033
-28.3103
2.09112
32.5536
150.699
152.512
153.056
151.803
148.568
143.011
135.039
125.135
113.877
101.577
88.6672
75.5931
62.4914
49.4651
36.6331
24.0381
11.7264
-0.241113
-11.8308
-23.0105
-33.7478
-43.9874
-53.629
-62.4506
-70.0887
-76.1309
-80.291
-82.5116
-82.8082
-81.165
-77.5757
-72.0426
-64.5479
-55.0235
-43.383
-29.2555
-12.2295
9.98807
35.3901
136.577
132.321
126.206
118.206
108.822
97.4504
84.3427
69.7939
53.7103
36.3158
17.7695
-1.8525
-22.3148
-43.3906
-64.7857
-86.1122
-106.923
-126.717
-144.944
-161.076
-174.608
-185.145
-192.465
-196.449
-197.22
-195.026
-190.126
-182.721
-172.99
-161.203
-147.603
-132.273
-115.203
-96.3393
-75.6739
-52.8854
-27.8795
1.73787
30.9528
139.54
141.35
142.027
141.069
138.309
133.431
126.34
117.473
107.361
96.2842
84.6279
72.7967
60.8983
49.0045
37.2072
25.5262
13.9943
2.66856
-8.41079
-19.1963
-29.6308
-39.6381
-49.1073
-57.823
-65.4468
-71.5983
-75.9893
-78.5158
-79.1583
-77.8806
-74.6693
-69.5198
-62.4109
-53.2702
-42.002
-28.2474
-11.6356
9.86423
34.0546
126.408
122.357
116.585
109.077
100.331
89.7742
77.6487
64.2416
49.4556
33.4953
16.4979
-1.48925
-20.2711
-39.667
-59.4402
-79.2614
-98.7383
-117.427
-134.825
-150.433
-163.766
-174.418
-182.131
-186.756
-188.327
-187.018
-183.02
-176.508
-167.644
-156.662
-143.786
-129.118
-112.663
-94.3689
-74.2316
-51.9601
-27.4737
1.26717
29.1917
129.266
131.068
131.855
131.145
128.789
124.493
118.16
110.186
101.067
91.0525
80.4956
69.7658
58.95
48.0975
37.2777
26.4901
15.7509
5.10732
-5.40261
-15.7257
-25.7913
-35.5089
-44.7595
-53.3323
-60.9049
-67.121
-71.6955
-74.4897
-75.4529
-74.5267
-71.6868
-66.9203
-60.2004
-51.4511
-40.5696
-27.2123
-11.0489
9.69007
32.6652
117.034
113.168
107.704
100.634
92.4548
82.6185
71.3618
58.9633
45.3266
30.6413
15.0268
-1.49031
-18.7476
-36.6031
-54.8636
-73.2524
-91.4318
-109.011
-125.535
-140.544
-153.568
-164.208
-172.176
-177.305
-179.554
-179.032
-175.873
-170.212
-162.19
-152.004
-139.856
-125.859
-110.031
-92.3251
-72.7423
-51.014
-27.0941
0.680058
27.3113
119.795
121.583
122.459
121.962
119.95
116.156
110.478
103.28
95.023
85.938
76.3477
66.5944
56.7504
46.8485
36.9413
27.0105
17.0567
7.11204
-2.79209
-12.6035
-22.2469
-31.6246
-40.614
-49.0084
-56.4962
-62.7373
-67.4532
-70.4801
-71.7386
-71.1476
-68.6683
-64.2782
-57.9446
-49.5882
-39.102
-26.1606
-10.4762
9.46857
31.239
108.383
104.687
99.5017
92.8272
85.1552
75.9613
65.4794
53.9791
41.3656
27.8176
13.4401
-1.75487
-17.6296
-34.0729
-50.9302
-67.9689
-84.9008
-101.384
-117.013
-131.363
-143.994
-154.513
-162.613
-168.117
-170.927
-171.099
-168.709
-163.852
-156.641
-147.236
-135.817
-122.499
-107.308
-90.2065
-71.201
-50.0434
-26.7474
0.000746304
25.3767
111.055
112.824
113.771
113.453
111.739
108.378
103.271
96.7505
89.248
80.9787
72.2411
63.355
54.3825
45.3454
36.2822
27.1615
17.9696
8.72448
-0.553946
-9.81904
-18.9983
-27.9933
-36.6814
-44.8605
-52.2266
-58.4529
-63.267
-66.4883
-68.0126
-67.7376
-65.6071
-61.588
-55.6402
-47.6813
-37.6016
-25.0965
-9.92081
9.2007
29.7867
100.393
96.8541
91.923
85.6091
78.3931
69.7782
59.9914
49.2951
37.5979
25.068
11.8009
-2.20106
-16.822
-31.9744
-47.5354
-63.3105
-79.0542
-94.4703
-109.198
-122.852
-135.02
-145.327
-153.454
-159.217
-162.478
-163.248
-161.554
-157.449
-151.012
-142.371
-131.677
-119.041
-104.498
-88.0175
-69.6099
-49.0559
-26.439
-0.740198
23.4397
102.978
104.726
105.728
105.563
104.104
101.12
96.5144
90.588
83.7488
76.199
68.2166
60.1023
51.9119
43.6588
35.3721
27.01
18.5472
9.98816
1.34095
-7.35806
-16.0431
-24.6204
-32.9721
-40.902
-48.1123
-54.2852
-59.1565
-62.5347
-64.2937
-64.3133
-62.5171
-58.8607
-53.2959
-45.7369
-36.0729
-24.023
-9.38449
8.88883
28.3136
93.0059
89.6133
84.918
78.9332
72.1331
64.0422
54.8837
44.9115
34.039
22.4256
10.1592
-2.76635
-16.2501
-30.2249
-44.5915
-59.1882
-73.8083
-88.1941
-102.028
-114.963
-126.621
-136.641
-144.705
-150.621
-154.231
-155.508
-154.435
-151.025
-145.322
-137.421
-127.445
-115.493
-101.606
-85.7617
-67.9741
-48.0591
-26.1658
-1.51175
21.5311
95.5075
97.229
98.2746
98.2395
97.0023
94.3482
90.1817
84.7803
78.5278
71.6154
64.3045
56.8793
49.3905
41.847
34.2712
26.6143
18.841
10.9449
2.92221
-5.20289
-13.3748
-21.5081
-29.4927
-37.1415
-44.1627
-50.246
-55.1349
-58.6318
-60.5928
-60.8828
-59.4044
-56.1009
-50.9151
-43.758
-34.5192
-22.9425
-8.86655
8.53894
26.828
86.1704
82.9161
78.4393
72.7595
66.3391
58.7271
50.1393
40.8234
30.6967
19.9113
8.54867
-3.40196
-15.8532
-28.7517
-42.0199
-55.5221
-69.0849
-82.4858
-95.4466
-107.656
-118.767
-128.44
-136.366
-142.343
-146.21
-147.904
-147.377
-144.602
-139.591
-132.402
-123.131
-111.863
-98.6388
-83.4441
-66.2985
-47.0572
-25.919
-2.2989
19.6442
88.5908
90.2832
91.3617
91.4366
90.3909
88.0267
84.2486
79.313
73.5819
67.2374
60.5258
53.7172
46.8592
39.9581
33.0311
26.0258
18.8994
11.636
4.22139
-3.33233
-10.982
-18.6538
-26.248
-33.5874
-40.3878
-46.3472
-51.216
-54.7943
-56.9244
-57.4589
-56.2797
-53.3171
-48.5051
-41.7509
-32.9452
-21.8581
-8.36815
8.15641
25.3363
79.841
76.7182
72.4462
67.0488
60.9794
53.8056
45.7398
37.0217
27.5724
17.5381
6.99576
-4.07005
-15.581
-27.4963
-39.7554
-52.2443
-64.8171
-77.2833
-89.3982
-100.884
-111.427
-120.71
-128.435
-134.394
-138.432
-140.461
-140.405
-138.204
-133.836
-127.328
-118.746
-108.158
-95.6012
-81.0683
-64.5866
-46.0477
-25.6864
-3.09798
17.757
82.1822
83.8427
84.945
85.1124
84.2332
82.1242
78.6911
74.1708
68.9055
63.069
56.8947
50.6399
44.3504
38.0308
31.6951
25.289
18.7653
12.1004
5.27076
-1.72348
-8.85113
-16.0509
-23.2365
-30.2429
-36.7955
-42.5992
-47.4126
-51.0362
-53.3019
-54.0535
-53.153
-50.5179
-46.0728
-39.7215
-31.3563
-20.7735
-7.88923
7.74709
23.8468
73.977
70.9794
66.9
61.7671
56.0219
49.253
41.6666
33.4951
24.6644
15.3145
5.51769
-4.74277
-15.3978
-26.4148
-37.7464
-49.2985
-60.947
-72.5288
-83.8303
-94.6054
-104.57
-113.429
-120.902
-126.778
-130.912
-133.199
-133.543
-131.854
-128.08
-122.217
-114.304
-104.387
-92.5006
-78.6401
-62.841
-45.0271
-25.4628
-3.91751
15.8437
76.2408
77.8669
78.9839
79.2296
78.4955
76.612
73.4868
69.3384
64.4907
59.1107
53.4201
47.664
41.8877
36.0946
30.2976
24.4415
18.4766
12.3737
6.10107
-0.351606
-6.96452
-13.69
-20.4551
-27.1104
-33.3911
-39.0107
-43.736
-47.3704
-49.7389
-50.6791
-50.0355
-47.7124
-43.6259
-37.6759
-29.7569
-19.6912
-7.43017
7.31688
22.3669
68.5413
65.6636
61.766
56.8813
51.4388
45.0444
37.9008
30.232
21.9683
13.244
4.12794
-5.39843
-15.2717
-25.467
-35.9477
-46.6334
-57.4214
-68.1709
-78.696
-88.7789
-98.1631
-106.578
-113.76
-119.498
-123.661
-126.136
-126.811
-125.573
-122.342
-117.087
-109.818
-100.562
-89.3445
-76.1645
-61.063
-43.9932
-25.2473
-4.76289
13.9018
70.7292
72.3185
73.4432
73.7541
73.1469
71.4639
68.6139
64.7999
60.3287
55.3609
50.1073
44.8019
39.4898
34.1749
28.8685
23.5164
18.0674
12.4883
6.74108
0.807619
-5.3039
-11.5589
-17.8989
-24.1896
-30.1786
-35.5889
-40.1965
-43.8094
-46.2487
-47.3486
-46.9386
-44.9109
-41.1728
-35.6212
-28.1526
-18.6142
-6.98971
6.87157
20.9061
63.5004
60.7381
57.0132
52.363
47.2022
41.1574
34.4241
27.2189
19.4767
11.3268
2.83393
-6.0203
-15.1785
-24.6211
-34.3199
-44.2066
-54.1947
-64.164
-73.9521
-83.3663
-92.1761
-100.134
-106.995
-112.552
-116.688
-119.287
-120.228
-119.382
-116.643
-111.956
-105.304
-96.6943
-86.1421
-73.6474
-59.2556
-42.9471
-25.0446
-5.63437
11.9503
65.6136
67.1651
68.2906
68.6561
68.1598
66.6547
64.0524
60.5401
56.4096
51.8156
46.9584
42.0622
37.1713
32.2906
27.4309
22.5397
17.5655
12.4723
7.21801
1.77784
-3.85016
-9.64392
-15.5593
-21.4771
-27.1592
-32.3389
-36.8023
-40.3641
-42.8438
-44.0742
-43.8742
-42.1235
-38.7222
-33.5642
-26.5483
-17.5451
-6.56735
6.41713
19.4714
58.8242
56.1729
52.6128
48.1842
43.2887
37.5697
31.2181
24.4427
17.1822
9.56046
1.64008
-6.59802
-15.1005
-23.8522
-32.8317
-41.9812
-51.2276
-60.4665
-69.5573
-78.3297
-86.5773
-94.0734
-100.593
-105.936
-109.997
-112.665
-113.814
-113.301
-111.004
-106.842
-100.777
-92.7953
-82.9022
-71.0949
-57.4221
-41.8916
-24.854
-6.51502
10.0314
60.8642
62.376
63.4977
63.9081
63.5086
62.1622
59.7826
56.5441
52.7235
48.4695
43.9734
39.4493
34.9417
30.4561
26.0038
21.5338
16.9959
12.352
7.55773
2.5825
-2.58357
-7.92982
-13.4256
-18.9675
-24.332
-29.2645
-33.5611
-37.0445
-39.5363
-40.8688
-40.8543
-39.3617
-36.2839
-31.5126
-24.9496
-16.4867
-6.16119
5.95957
18.0713
54.4853
51.9414
48.5388
44.3203
39.674
34.2613
28.2661
21.8898
15.0756
7.94193
0.548889
-7.12235
-15.0227
-23.1401
-31.4577
-39.9266
-48.4849
-57.0424
-65.4765
-73.6362
-81.3379
-88.3745
-94.5389
-99.6432
-103.59
-106.278
-107.582
-107.349
-105.443
-101.764
-96.253
-88.8796
-79.6351
-68.5138
-55.5676
-40.8286
-24.671
-7.38201
8.18366
56.4535
57.9246
59.0374
59.4848
59.1697
57.9648
55.7872
52.7978
49.2598
45.3165
41.1501
36.9659
32.8082
28.6834
24.6027
20.5176
16.3791
12.1492
7.78198
3.24259
-1.48586
-6.40217
-11.4877
-16.6544
-21.695
-26.3669
-30.4779
-33.859
-36.3365
-37.7436
-37.8904
-36.6358
-33.8671
-29.4742
-23.3617
-15.4412
-5.77034
5.50467
16.7122
50.4589
48.0186
44.7671
40.7481
36.3379
31.2124
25.5509
19.5474
13.1476
6.46604
-0.440137
-7.5888
-14.9345
-22.4682
-30.1759
-38.0164
-45.9369
-53.8595
-61.6765
-69.2549
-76.4299
-83.0144
-88.8176
-93.665
-97.4661
-100.134
-101.545
-101.541
-99.9777
-96.7395
-91.7497
-84.9601
-76.3508
-65.9119
-53.6955
-39.7577
-24.4829
-8.21067
6.43188
52.3567
53.7857
54.8859
55.3626
55.1214
54.0439
52.0491
49.2873
46.0081
42.3496
38.4858
34.6129
30.775
26.9795
23.2384
19.5049
15.7324
11.8833
7.91113
3.7783
-0.537989
-5.0442
-9.73282
-14.5303
-19.2444
-23.6467
-27.5569
-30.8155
-33.2548
-34.7104
-34.9946
-33.9574
-31.4816
-27.457
-21.7907
-14.4112
-5.3925
5.058
15.4009
46.7222
44.3824
41.2755
37.447
33.2595
28.4056
23.0573
17.4018
11.3885
5.12697
-1.32839
-7.99427
-14.8287
-21.8237
-28.9694
-36.2294
-43.5588
-50.89
-58.1286
-65.1573
-71.8277
-77.9707
-83.4121
-87.9908
-91.6227
-94.237
-95.7128
-95.8932
-94.6261
-91.7863
-87.2825
-81.0516
-73.0609
-63.2964
-51.8114
-38.6765
-24.2793
-8.98857
4.77668
48.5503
49.9369
51.0211
51.5212
51.3446
50.3812
48.5531
45.9997
42.9581
39.5615
35.976
32.3892
28.8447
25.3513
21.9201
18.5084
15.071
11.5715
7.96349
4.20759
0.277455
-3.84049
-8.14842
-12.585
-16.9744
-21.1021
-24.8001
-27.919
-30.2991
-31.7796
-32.1777
-31.3371
-29.1374
-25.4688
-20.2418
-13.3988
-5.02628
4.62428
14.1429
43.2541
41.0117
38.0437
34.3969
30.4215
25.8233
20.7701
15.4411
9.78842
3.91784
-2.11894
-8.33817
-14.6995
-21.1976
-27.8238
-34.547
-41.3287
-48.1099
-54.8074
-61.3173
-67.507
-73.2227
-78.3066
-82.6096
-86.0556
-88.5886
-90.0936
-90.4167
-89.4034
-86.9215
-82.8679
-77.1674
-69.7767
-60.6757
-49.917
-37.5819
-24.0506
-9.71008
3.20742
45.014
46.3576
47.4235
47.941
47.821
46.9607
45.2842
42.9222
40.0996
36.9447
33.6158
30.2926
27.0183
23.8017
20.6548
17.537
14.4061
11.2268
7.95372
4.5466
0.976074
-2.77669
-6.72145
-10.8092
-14.8789
-18.7305
-22.2085
-25.1741
-27.4765
-28.9606
-29.4503
-28.7858
-26.8445
-23.5183
-18.7207
-12.4064
-4.66978
4.20864
12.9431
40.0356
37.8878
35.0531
31.5804
27.8058
23.4503
18.6753
13.6525
8.33788
2.8319
-2.81536
-8.61987
-14.5436
-20.5815
-26.7276
-32.9543
-39.2285
-45.4983
-51.6904
-57.7121
-63.4452
-68.7506
-73.4838
-77.5103
-80.7592
-83.189
-84.6932
-85.1223
-84.3235
-82.1605
-78.5218
-73.3225
-66.5093
-58.0581
-48.0164
-36.4721
-23.7918
-10.3776
1.71381
41.7285
43.029
44.0737
44.6045
44.5339
43.766
42.2289
40.0432
37.4229
34.4915
31.4001
28.3201
25.2944
22.3324
19.4459
16.5975
13.7473
10.8613
7.89565
4.80987
1.57301
-1.83819
-5.43943
-9.19232
-12.9505
-16.528
-19.7813
-22.5833
-24.7928
-26.2615
-26.8216
-26.313
-24.6121
-21.6128
-17.2328
-11.4361
-4.32125
3.81469
11.8058
37.0492
34.9926
32.2866
28.9803
25.3974
21.2716
16.7594
12.0253
7.02741
1.86262
-3.42189
-8.84078
-14.3582
-19.9702
-25.6717
-31.4388
-37.2424
-43.0367
-48.7575
-54.3215
-59.623
-64.5357
-68.9291
-72.6801
-75.7257
-78.0364
-79.5147
-80.0183
-79.398
-77.517
-74.2584
-69.53
-63.2705
-55.4504
-46.1129
-35.3462
-23.5014
-10.99
0.29742
38.6763
39.9331
40.9552
41.4949
41.4674
40.7837
39.3738
37.3509
34.9181
32.1939
29.3226
26.468
23.6719
20.9441
18.2968
15.6952
13.1018
10.4843
7.80013
5.00985
2.0812
-1.01191
-4.29014
-7.72415
-11.1811
-14.489
-17.5164
-20.1478
-22.2521
-23.6892
-24.3006
-23.9281
-22.4493
-19.7607
-15.7837
-10.4902
-3.97959
3.4457
10.7335
34.2785
32.3107
29.7282
26.5817
23.1808
19.2736
15.01
10.5475
5.84765
1.00213
-3.94338
-9.00322
-14.1432
-19.3597
-24.6493
-29.9902
-35.3575
-40.7104
-45.9914
-51.1267
-56.0212
-60.5605
-64.6262
-68.1074
-70.9472
-73.1269
-74.5596
-75.1109
-74.6373
-73.0038
-70.0916
-65.803
-60.0712
-52.8616
-44.2102
-34.2054
-23.1793
-11.5438
-1.03105
35.8411
37.0546
38.052
38.5975
38.6074
37.9994
36.707
34.8348
32.5759
30.0444
27.3777
24.732
22.1482
19.6366
17.2091
14.8336
12.4752
10.1029
7.67652
5.15734
2.51234
-0.285907
-3.26206
-6.39431
-9.56219
-12.6076
-15.4111
-17.8677
-19.8574
-21.249
-21.8945
-21.6395
-20.3641
-17.9687
-14.3784
-9.57083
-3.64392
3.10455
9.72905
31.7083
29.8264
27.3633
24.3698
21.1432
17.4432
13.4151
9.20945
4.78944
0.24353
-4.38523
-9.10994
-13.8986
-18.7477
-23.655
-28.6009
-33.5631
-38.5057
-43.3772
-48.1118
-52.6235
-56.8094
-60.5614
-63.78
-66.415
-68.4566
-69.8281
-70.4045
-70.0494
-68.632
-66.0335
-62.1541
-56.9218
-50.2986
-42.3129
-33.0507
-22.8227
-12.0313
-2.25696
33.2079
34.3782
35.35
35.8975
35.9402
35.4014
34.2166
32.4841
30.387
28.0349
25.5586
23.1072
20.7201
18.4079
16.1827
14.0149
11.8713
9.72333
7.53241
5.26097
2.87673
0.350824
-2.34389
-5.19209
-8.085
-10.8774
-13.461
-15.7418
-17.6105
-18.9456
-19.6098
-19.4547
-18.3645
-16.2438
-13.0219
-8.68053
-3.31321
2.79284
8.79343
29.3249
27.5264
25.1782
22.3318
19.2708
15.7687
11.964
8.00064
3.84472
-0.4198
-4.75198
-9.16385
-13.625
-18.1327
-22.6848
-27.2638
-31.85
-36.4115
-40.902
-45.2623
-49.4152
-53.2674
-56.721
-59.6868
-62.1206
-64.0203
-65.3189
-65.9017
-65.6408
-64.4107
-62.0952
-58.594
-53.8328
-47.7695
-40.4258
-31.8828
-22.4295
-12.4449
-3.36745
30.7627
31.8903
32.8349
33.3824
33.4533
32.9768
31.8919
30.2893
28.343
26.1581
23.8593
21.5885
19.3838
17.2562
15.2173
13.2398
11.2929
9.34963
7.37349
5.32861
3.18317
0.907832
-1.52582
-4.1081
-6.74087
-9.29118
-11.6615
-13.768
-15.5118
-16.7817
-17.4513
-17.38
-16.457
-14.5921
-11.7186
-7.82129
-2.98771
2.51208
7.92772
27.1151
25.3973
23.1602
20.4547
17.5528
14.2383
10.6458
6.91209
3.00509
-0.994908
-5.04891
-9.16816
-13.3239
-17.5136
-21.7357
-25.974
-30.2111
-34.4186
-38.5546
-42.566
-46.3829
-49.9211
-53.092
-55.8158
-58.0544
-59.8115
-61.0294
-61.6038
-61.4159
-60.3473
-58.2859
-55.133
-50.813
-45.2816
-38.5533
-30.7033
-21.9952
-12.7787
-4.35639
28.4928
29.5778
30.495
31.0395
31.1351
30.7158
29.7224
28.2406
26.4351
24.4063
22.2734
20.1708
18.1358
16.1787
14.3114
12.5086
10.7415
8.98526
7.205
5.36675
3.43945
1.39442
-0.798409
-3.13321
-5.52168
-7.84222
-10.0075
-11.9431
-13.5606
-14.7589
-15.4229
-15.4208
-14.6478
-13.0192
-10.473
-6.99582
-2.6673
2.26226
7.13037
25.067
23.4276
21.2973
18.7274
15.9769
12.8422
9.45109
5.93448
2.26256
-1.48839
-5.28136
-9.12674
-12.9973
-16.8907
-20.8055
-24.7273
-28.6402
-32.5187
-36.3251
-40.0115
-43.5147
-46.7585
-49.663
-52.1567
-54.2074
-55.8233
-56.9559
-57.5104
-57.3777
-56.4474
-54.6134
-51.7798
-47.8713
-42.8422
-36.7001
-29.5129
-21.5179
-13.0295
-5.22124
26.3857
27.4289
28.3178
28.858
28.9745
28.6067
27.6988
26.3296
24.6553
22.7727
20.7947
18.8489
16.9714
15.1721
13.4632
11.8204
10.2183
8.63221
7.03077
5.38028
3.65251
1.81771
-0.153326
-2.25887
-4.41923
-6.52335
-8.49315
-10.2632
-11.755
-12.8775
-13.5268
-13.5806
-12.9411
-11.5295
-9.28832
-6.20559
-2.35264
2.04373
6.40131
23.1692
21.6057
19.5787
17.1388
14.5338
11.5697
8.37043
5.05991
1.60975
-1.90659
-5.4543
-9.04316
-12.6473
-16.2644
-19.8932
-23.5207
-27.1323
-30.7052
-34.2053
-37.5892
-40.8
-43.7684
-46.4227
-48.6987
-50.5703
-52.0487
-53.0936
-53.6197
-53.5276
-52.7154
-51.0839
-48.5417
-45.015
-40.4573
-34.8705
-28.3132
-20.9958
-13.1959
-5.96447
24.4307
25.4325
26.293
26.8265
26.9613
26.6408
25.8113
24.5471
22.9958
21.2498
19.4167
17.6174
15.8859
14.2331
12.6694
11.1746
9.72245
8.29244
6.85284
5.37414
3.8271
2.18457
0.416662
-1.47736
-3.42571
-5.32734
-7.11239
-8.72377
-10.0923
-11.1367
-11.7638
-11.862
-11.3404
-10.1267
-8.16802
-5.45312
-2.04439
1.85486
5.73738
21.4116
19.9216
17.994
15.6791
13.2127
10.4122
7.39515
4.27956
1.03957
-2.25565
-5.57276
-8.92111
-12.2759
-15.6352
-18.9978
-22.3515
-25.6833
-28.9724
-32.1879
-35.2909
-38.2293
-40.9407
-43.3608
-45.4323
-47.1342
-48.4801
-49.4369
-49.9285
-49.8651
-49.1537
-47.7023
-45.4249
-42.2507
-38.1331
-33.0685
-27.1062
-20.429
-13.2778
-6.58886
22.6172
23.5783
24.4097
24.9358
25.0858
24.808
24.0518
22.8855
21.4491
19.831
18.1335
16.4705
14.8753
13.3576
11.9286
10.5685
9.25445
7.96576
6.67418
5.35059
3.96828
2.50047
0.918041
-0.781588
-2.53397
-4.24709
-5.85881
-7.31945
-8.56858
-9.53423
-10.1338
-10.2661
-9.848
-8.8134
-7.11434
-4.73992
-1.74377
1.69508
5.13727
19.7841
18.3651
16.5336
14.3386
12.0055
9.36037
6.51681
3.58667
0.545247
-2.54134
-5.64172
-8.76443
-11.886
-15.0045
-18.119
-21.218
-24.2898
-27.3154
-30.2668
-33.1087
-35.7942
-38.2666
-40.4682
-42.3483
-43.8901
-45.1097
-45.98
-46.4332
-46.3889
-45.7632
-44.4715
-42.4342
-39.5837
-35.8744
-31.2982
-25.8945
-19.819
-13.2772
-7.10007
20.9354
21.8566
22.6592
23.1758
23.339
23.1005
22.4116
21.3367
20.0079
18.5096
16.9388
15.4033
13.9344
12.5421
11.2372
10.0011
8.81272
7.65298
6.49532
5.31259
4.0794
2.77012
1.35683
-0.164889
-1.73709
-3.2758
-4.72588
-6.04463
-7.17948
-8.06736
-8.63532
-8.79311
-8.46513
-7.59175
-6.12954
-4.06811
-1.45242
1.56154
4.59632
18.2779
16.9278
15.1884
13.1089
10.9027
8.40659
5.72805
2.97352
0.120218
-2.76947
-5.66586
-8.57673
-11.48
-14.3738
-17.257
-20.119
-22.9492
-25.7302
-28.4367
-31.0364
-33.4872
-35.7376
-37.736
-39.4376
-40.8298
-41.93
-42.7163
-43.1291
-43.0967
-42.5436
-41.3933
-39.5727
-37.0184
-33.686
-29.5636
-24.681
-19.1685
-13.1971
-7.50258
19.3762
20.2584
21.0318
21.5385
21.7124
21.5092
20.8833
19.8937
18.6656
17.2795
15.8271
14.4104
13.0592
11.7829
10.5922
9.46986
8.39622
7.35354
6.31725
5.26194
4.16357
2.99812
1.73844
0.378679
-1.02841
-2.40673
-3.70723
-4.89342
-5.92002
-6.73224
-7.26604
-7.442
-7.19196
-6.46253
-5.21484
-3.43892
-1.17175
1.45261
4.11265
16.8845
15.6008
13.9505
11.9815
9.8972
7.54263
5.02134
2.43384
-0.241595
-2.94542
-5.6496
-8.36164
-11.0605
-13.7442
-16.4119
-19.0535
-21.6593
-24.2134
-26.6928
-29.0683
-31.3015
-33.3463
-35.1563
-36.6922
-37.945
-38.9331
-39.6393
-40.011
-39.9847
-39.4934
-38.4681
-36.8424
-34.5578
-31.5715
-27.8683
-23.4692
-18.4809
-13.0425
-7.80345
17.9316
18.7755
19.5201
20.0152
20.1981
20.0274
19.4591
18.5491
17.4153
16.1342
14.7926
13.4868
12.2448
11.0761
9.99054
8.97232
8.00325
7.0669
6.14043
5.20017
4.22363
3.1881
2.06716
0.85477
-0.401877
-1.63339
-2.79632
-3.85959
-4.78461
-5.52428
-6.02278
-6.21088
-6.02782
-5.42612
-4.37134
-2.85393
-0.903761
1.36505
3.6807
15.5963
14.3768
12.8119
10.9491
8.98079
6.76186
4.39006
1.9606
-0.546069
-3.07433
-5.59763
-8.12288
-10.6302
-13.1177
-15.5843
-18.0208
-20.4182
-22.762
-25.0311
-27.199
-29.2312
-31.0858
-32.7217
-34.1043
-35.2279
-36.1115
-36.742
-37.0729
-37.0487
-36.6097
-35.6948
-34.2442
-32.2041
-29.5338
-26.2159
-22.2631
-17.7605
-12.8185
-8.00799
16.5936
17.4001
18.1156
18.599
18.7886
18.6467
18.1324
17.2967
16.251
15.0681
13.8301
12.6275
11.4871
10.4178
9.42896
8.50601
7.63219
6.79222
5.96495
5.12838
4.26154
3.34283
2.34735
1.2682
0.148126
-0.949543
-1.98664
-2.93681
-3.76742
-4.43842
-4.90155
-5.09694
-4.9709
-4.48165
-3.59892
-2.31381
-0.649917
1.29648
3.29828
14.4057
13.248
11.7656
10.0043
8.14737
6.05709
3.82756
1.54854
-0.798825
-3.16127
-5.51416
-7.86386
-10.1917
-12.4957
-14.7749
-17.0206
-19.2245
-21.3732
-23.4478
-25.4239
-27.2705
-28.9496
-30.4249
-31.6663
-32.6708
-33.4579
-34.0174
-34.3088
-34.2834
-33.889
-33.0715
-31.7776
-29.9584
-27.5755
-24.6096
-21.0666
-17.0124
-12.5315
-8.12498
15.3549
16.1248
16.812
17.2821
17.4769
17.3616
16.8964
16.1299
15.1665
14.0754
12.9342
11.8278
10.7816
9.80407
8.90421
8.06841
7.28123
6.52853
5.79071
5.04737
4.27902
3.46531
2.5826
1.62367
0.627373
-0.348988
-1.27179
-2.11865
-2.86234
-3.46913
-3.8977
-4.09656
-4.01869
-3.62772
-2.89734
-1.81938
-0.412215
1.24352
2.95945
13.3061
12.2082
10.8046
9.14076
7.38971
5.42261
3.32815
1.19135
-1.00483
-3.21075
-5.40311
-7.58797
-9.74753
-11.8801
-13.9845
-16.0528
-18.0771
-20.0452
-21.9398
-23.739
-25.4143
-26.932
-28.2596
-29.3712
-30.2665
-30.9647
-31.4585
-31.7122
-31.6834
-31.327
-30.5954
-29.4416
-27.8211
-25.6982
-23.0525
-19.8839
-16.2418
-12.1882
-8.16074
14.2085
14.943
15.6015
16.0585
16.2567
16.1645
15.7454
15.0431
14.1565
13.1512
12.1001
11.0831
10.1243
9.23146
8.41324
7.657
6.94855
6.2747
5.61744
4.95776
4.27761
3.55797
2.77647
1.92589
1.04119
0.173973
-0.645448
-1.39875
-2.06315
-2.61058
-3.00591
-3.20522
-3.16765
-2.86184
-2.26521
-1.37054
-0.191863
1.2036
2.66195
12.2908
11.2503
9.92279
8.35198
6.70244
4.85201
2.88607
0.884525
-1.16904
-3.22728
-5.26857
-7.29847
-9.30048
-11.2727
-13.2142
-15.1173
-16.975
-18.7759
-20.5044
-22.1402
-23.658
-25.0273
-26.2194
-27.2125
-28.008
-28.6248
-29.058
-29.2763
-29.243
-28.9189
-28.2631
-27.234
-25.7917
-23.9032
-21.5473
-18.7193
-15.4546
-11.7958
-8.12469
13.1481
13.8479
14.4787
14.9213
15.1218
15.0509
14.6732
14.0306
13.2155
12.2901
11.323
10.3892
9.51112
8.69648
7.95311
7.26943
6.63238
6.02971
5.44481
4.86006
4.25874
3.62314
2.93229
2.17894
1.39407
0.625076
-0.101666
-0.770659
-1.36338
-1.85643
-2.22025
-2.41766
-2.41349
-2.18092
-1.70088
-0.967167
0.00955129
1.17341
2.39961
11.3539
10.3689
9.11394
7.63234
6.07911
4.3404
2.49632
0.622468
-1.29592
-3.2149
-5.11397
-6.99845
-8.85282
-10.6753
-12.4649
-14.2144
-15.9176
-17.5638
-19.1388
-20.6243
-21.9973
-23.2305
-24.2987
-25.1838
-25.8882
-26.4313
-26.809
-26.9945
-26.9559
-26.6596
-26.0707
-25.1523
-23.8693
-22.191
-20.0964
-17.5772
-14.6568
-11.3617
-8.02379
12.1676
12.8337
13.4368
13.8654
14.0666
14.0139
13.6751
13.0877
12.339
11.4878
10.5988
9.74198
8.93875
8.19592
7.5211
6.9035
6.33109
5.7925
5.27249
4.75472
4.22375
3.66305
3.05309
2.38644
1.69106
1.0096
0.365794
-0.228004
-0.756323
-1.19997
-1.53436
-1.72815
-1.7513
-1.58117
-1.20186
-0.608404
0.191186
1.15041
2.17037
10.4898
9.55779
8.37273
6.97616
5.51523
3.88213
2.1538
0.401322
-1.38976
-3.17743
-4.9428
-6.69086
-8.40696
-10.0895
-11.7376
-13.3445
-14.9044
-16.4076
-17.841
-19.1881
-20.4282
-21.5369
-22.4923
-23.2787
-23.901
-24.377
-24.7044
-24.8598
-24.8158
-24.5438
-24.0136
-23.1935
-22.0521
-20.5619
-18.7021
-16.4616
-13.8543
-10.8937
-7.86766
11.2614
11.8947
12.4711
12.8846
13.0856
13.0497
12.7456
12.2092
11.5221
10.7399
9.92331
9.13793
8.40352
7.7268
7.11464
6.55711
6.04315
5.56222
5.10028
4.64222
4.1738
3.67966
3.14155
2.55213
1.9363
1.33286
0.762485
0.235692
-0.235145
-0.634372
-0.941487
-1.13042
-1.17567
-1.05834
-0.765441
-0.293297
0.351989
1.13165
1.96792
9.69326
8.81238
7.69382
6.37862
5.0051
3.47293
1.85428
0.216134
-1.45441
-3.11841
-4.75817
-6.37825
-7.96511
-9.51709
-11.0334
-12.5078
-13.9348
-15.3058
-16.6088
-17.8289
-18.9472
-19.9421
-20.7946
-21.492
-22.0396
-22.4551
-22.7371
-22.8655
-22.8163
-22.5655
-22.0872
-21.354
-20.3384
-19.0157
-17.3661
-15.3765
-13.0532
-10.3991
-7.66313
10.4242
11.0259
11.5756
11.9746
12.1741
12.1523
11.8806
11.3913
10.7611
10.0427
9.29308
8.57349
7.90267
7.28643
6.73144
6.22844
5.76723
5.33806
4.92803
4.52306
4.11012
3.6749
3.2004
2.67933
2.13406
1.59957
1.09427
0.62671
0.206775
-0.152539
-0.434751
-0.61805
-0.680934
-0.607855
-0.388531
-0.0204769
0.491455
1.11475
1.79057
8.95939
8.1273
7.07267
5.8349
4.54496
3.10798
1.59332
0.0636477
-1.49352
-3.04113
-4.56293
-6.06317
-7.52913
-8.95941
-10.3531
-11.7045
-13.0086
-14.2576
-15.4405
-16.5438
-17.5507
-18.4419
-19.2011
-19.8179
-20.2982
-20.6592
-20.9007
-21.0048
-20.9509
-20.7188
-20.2862
-19.6299
-18.7258
-17.552
-16.09
-14.3257
-12.259
-9.88518
-7.41934
9.65126
10.2222
10.7463
11.1299
11.3275
11.3185
11.0756
10.6294
10.0517
9.39229
8.70454
8.04575
7.43309
6.87233
6.3694
5.91578
5.5021
5.11926
4.75546
4.39763
4.03375
3.65052
3.23208
2.77132
2.28825
1.81456
1.36658
0.951123
0.576474
0.252592
-0.00712398
-0.184342
-0.261131
-0.224895
-0.0677339
0.211633
0.609205
1.09748
1.6323
8.28377
7.49857
6.50469
5.34089
4.1299
2.78385
1.36745
-0.0602594
-1.51026
-2.94852
-4.35964
-5.74773
-7.10084
-8.4177
-9.69743
-10.9348
-12.1253
-13.2617
-14.3341
-15.3305
-16.2355
-17.0323
-17.7072
-18.2509
-18.671
-18.9832
-19.1886
-19.2707
-19.213
-18.9971
-18.6052
-18.017
-17.2117
-16.1701
-14.8752
-13.3124
-11.4772
-9.35881
-7.14226
8.93787
9.4792
9.97792
10.347
10.5414
10.5431
10.327
9.92041
9.39097
8.78573
8.1549
7.55173
6.99256
6.48225
6.02656
5.61753
5.24654
4.90511
4.58239
4.26624
3.9456
3.60808
3.23892
2.83119
2.40282
1.98258
1.58484
1.21544
0.880544
0.587768
0.348314
0.177237
0.0895896
0.0953158
0.200355
0.404808
0.705171
1.07778
1.49213
7.6618
6.92132
5.98589
4.89237
3.75687
2.49637
1.17299
-0.158052
-1.50764
-2.8432
-4.15066
-5.43385
-6.68172
-7.89302
-9.06699
-10.1987
-11.2843
-12.317
-13.288
-14.1863
-14.9985
-15.7099
-16.308
-16.7867
-17.1522
-17.4212
-17.5938
-17.6572
-17.5954
-17.3946
-17.0388
-16.5111
-15.7934
-14.8689
-13.7224
-12.3396
-10.7124
-8.82605
-6.84008
8.2798
8.79244
9.26706
9.62082
9.81195
9.82345
9.63087
9.26045
8.77528
8.21981
7.64116
7.08909
6.57843
6.11412
5.70117
5.33225
4.99947
4.69489
4.40855
4.12915
3.84652
3.54909
3.22316
2.86198
2.48162
2.10818
1.75454
1.42533
1.12502
0.859679
0.638227
0.473283
0.377158
0.357891
0.419562
0.561277
0.779717
1.05444
1.36462
7.08952
6.39204
5.51209
4.48571
3.42147
2.24268
1.00713
-0.233324
-1.48815
-2.72737
-3.93789
-5.12322
-6.27308
-7.38629
-8.46216
-9.49626
-10.4849
-11.4223
-12.3003
-13.1091
-13.8368
-14.4704
-14.9999
-15.4195
-15.7368
-15.9668
-16.1109
-16.1571
-16.0924
-15.905
-15.5816
-15.1077
-14.4674
-13.6468
-12.6321
-11.4095
-9.96888
-8.29271
-6.51765
7.67272
8.15789
8.60862
8.94813
9.13512
9.15453
8.98402
8.64667
8.202
7.69205
7.16109
6.65535
6.189
5.76611
5.39163
5.05865
4.75991
4.48798
4.23373
3.98662
3.73729
3.47496
3.18687
2.8665
2.52819
2.19564
1.88044
1.58619
1.31613
1.07479
0.869425
0.710226
0.607679
0.567968
0.593799
0.683398
0.833473
1.02593
1.24956
6.56282
5.90629
5.07964
4.11706
3.12099
2.01899
0.866579
-0.288052
-1.45411
-2.6031
-3.72303
-4.81715
-5.87591
-6.89813
-7.88322
-8.82711
-9.7266
-10.5763
-11.3692
-12.0963
-12.7472
-13.3107
-13.7781
-14.145
-14.4191
-14.6147
-14.7335
-14.7647
-14.6978
-14.5225
-14.2282
-13.8018
-13.2305
-12.5019
-11.6043
-10.5242
-9.25032
-7.76366
-6.18212
7.11279
7.57138
7.99956
8.32414
8.50707
8.53385
8.38254
8.07542
7.66787
7.19957
6.71208
6.24863
5.82206
5.43663
5.0966
4.79564
4.52708
4.28395
4.05786
3.839
3.61875
3.38705
3.13203
2.84736
2.54585
2.24901
1.96726
1.70344
1.45974
1.23952
1.04827
0.894659
0.787242
0.730974
0.727341
0.773946
0.867518
0.992012
1.14218
6.07829
5.46106
4.68488
3.78312
2.85128
1.82269
0.748721
-0.325435
-1.40771
-2.47216
-3.5075
-4.51672
-5.4909
-6.42887
-7.33013
-8.19093
-9.00841
-9.77783
-10.4928
-11.1454
-11.7266
-12.2269
-12.6384
-12.9584
-13.1939
-13.3593
-13.4555
-13.4743
-13.4053
-13.2416
-12.9726
-12.5891
-12.0788
-11.4326
-10.6389
-9.68544
-8.56007
-7.24391
-5.83824
6.59627
7.02947
7.43525
7.74597
7.92402
7.95646
7.82329
7.54381
7.17025
6.74004
6.29215
5.86677
5.47634
5.12431
4.81499
4.5424
4.30045
4.08257
3.88108
3.68682
3.49188
3.28683
3.06065
2.80719
2.53787
2.27221
2.01958
1.78226
1.56159
1.35982
1.18127
1.0329
0.921949
0.852081
0.824228
0.835623
0.882954
0.951579
1.04204
5.63249
5.05254
4.32473
3.48052
2.61001
1.65029
0.650493
-0.347286
-1.35114
-2.33631
-3.29262
-4.22284
-5.11854
-5.97866
-6.80261
-7.58703
-8.32933
-9.02531
-9.66926
-10.2541
-10.7724
-11.2153
-11.5772
-11.8548
-12.0566
-12.1947
-12.272
-12.2792
-12.2098
-12.0555
-11.8104
-11.4645
-11.0097
-10.4366
-9.73511
-8.89392
-7.90065
-6.73724
-5.49128
6.12001
6.52859
6.91319
7.20927
7.38238
7.42003
7.30233
7.04811
6.70576
6.31045
5.89869
5.50808
5.1499
4.82792
4.54586
4.29832
4.07972
3.88391
3.70383
3.53092
3.35791
3.176
2.97492
2.74871
2.50753
2.26907
2.04184
1.82758
1.62702
1.44149
1.27415
1.13079
1.0171
0.936246
0.888739
0.871509
0.881547
0.905245
0.946564
5.22263
4.67842
3.99612
3.20655
2.39358
1.49946
0.569599
-0.356693
-1.28643
-2.19721
-3.07966
-3.93628
-4.7592
-5.54737
-6.3002
-7.0146
-7.68819
-8.31721
-8.89652
-9.42019
-9.88134
-10.2731
-10.5899
-10.8302
-11.0017
-11.1166
-11.1767
-11.1751
-11.1048
-10.9604
-10.736
-10.4247
-10.019
-9.51098
-8.89144
-8.14953
-7.27372
-6.24722
-5.14485
5.68087
6.06595
6.4294
6.71173
6.87894
6.91999
6.8168
6.58555
6.27171
5.90836
5.52961
5.17035
4.84159
4.54635
4.28851
4.06304
3.86487
3.68828
3.52677
3.37236
3.21834
3.05646
2.8772
2.67472
2.45811
2.24336
2.0382
1.84399
1.66092
1.48958
1.33225
1.1935
1.07805
0.988594
0.925028
0.885125
0.86531
0.853021
0.855997
4.84584
4.33541
3.6966
2.95851
2.20018
1.36723
0.503287
-0.355314
-1.21571
-2.05675
-2.87005
-3.65802
-4.41333
-5.13501
-5.82243
-6.4727
-7.08363
-7.6518
-8.17262
-8.64081
-9.05083
-9.39635
-9.6731
-9.88015
-10.025
-10.1194
-10.1651
-10.1559
-10.0858
-9.95049
-9.74535
-9.46496
-9.10302
-8.65273
-8.10533
-7.45146
-6.68025
-5.77603
-4.80333
5.27628
5.63857
5.982
6.24968
6.41083
6.4547
6.36341
6.15285
5.86503
5.53092
5.18232
4.8519
4.54948
4.27849
4.04226
3.83631
3.65608
3.49623
3.35086
3.21247
3.07488
2.93035
2.76999
2.58818
2.39293
2.19874
2.01267
1.83576
1.66782
1.50884
1.36039
1.22607
1.10983
1.01357
0.938005
0.880142
0.836767
0.796454
0.768745
4.49976
4.02161
3.42359
2.7342
2.02684
1.25193
0.449755
-0.345842
-1.14091
-1.91659
-2.66518
-3.38902
-4.08147
-4.74157
-5.3688
-5.96037
-6.51428
-7.02728
-7.49528
-7.91376
-8.27765
-8.58201
-8.8231
-9.00069
-9.12222
-9.19868
-9.23212
-9.21684
-9.14764
-9.02099
-8.83351
-8.58074
-8.25765
-7.85805
-7.37443
-6.79892
-6.12086
-5.32615
-4.46924
4.90347
5.24406
5.56752
5.82149
5.97563
6.02053
5.94026
5.74819
5.48383
5.17625
4.85511
4.55067
4.27254
4.02329
3.80648
3.61793
3.45355
3.3084
3.17708
3.0526
2.92928
2.79979
2.65584
2.49196
2.31525
2.13878
1.96907
1.80695
1.65198
1.5037
1.36316
1.23325
1.11697
1.0165
0.931705
0.859798
0.797966
0.735867
0.685321
4.18184
3.73413
3.17505
2.5314
1.87231
1.1513
0.406977
-0.329222
-1.06365
-1.77828
-2.46643
-3.13045
-3.76431
-4.36734
-4.93903
-5.47684
-5.97879
-6.44191
-6.86241
-7.23613
-7.5591
-7.82687
-8.0364
-8.18817
-8.28919
-8.35021
-8.37304
-8.35298
-8.28512
-8.16697
-7.99556
-7.76768
-7.47884
-7.12409
-6.69714
-6.19105
-5.59562
-4.89845
-4.14567
4.56027
4.87989
5.18459
5.42415
5.57123
5.61684
5.54513
5.36947
5.12617
4.84252
4.5462
4.26556
4.00909
3.77976
3.58052
3.40765
3.25745
3.12534
3.00639
2.8941
2.7832
2.66679
2.53712
2.38883
2.22818
2.06693
1.91113
1.76148
1.61746
1.47839
1.34488
1.2192
1.10395
1.00074
0.909116
0.826657
0.75112
0.672827
0.604741
3.89013
3.47143
2.94875
2.34832
1.73421
1.06421
0.373966
-0.307377
-0.98498
-1.64282
-2.27473
-2.88305
-3.46241
-4.01247
-4.53284
-5.02129
-5.47594
-5.89392
-6.2717
-6.60554
-6.89232
-7.12764
-7.30983
-7.43871
-7.52221
-7.56952
-7.5837
-7.55938
-7.49367
-7.38308
-7.22696
-7.02102
-6.76327
-6.44787
-6.07147
-5.62616
-5.10464
-4.49404
-3.83427
4.24439
4.54415
4.83027
5.05651
5.19587
5.24068
5.17704
5.01594
4.79141
4.52918
4.25512
3.9955
3.75881
3.54716
3.36377
3.20507
3.06769
2.94731
2.83943
2.73794
2.638
2.53309
2.41591
2.28126
2.13457
1.98641
1.84237
1.70315
1.56826
1.43684
1.30939
1.18773
1.07394
0.969295
0.873179
0.783494
0.697724
0.608104
0.527602
3.62255
3.23103
2.74298
2.18305
1.61151
0.988835
0.349201
-0.280514
-0.905637
-1.51077
-2.09054
-2.64718
-3.17603
-3.67698
-4.14995
-4.59301
-5.00448
-5.38165
-5.72099
-6.0198
-6.27428
-6.48182
-6.6395
-6.74933
-6.81691
-6.85337
-6.8592
-6.83249
-6.76777
-6.66549
-6.52201
-6.33722
-6.10603
-5.82703
-5.49417
-5.1038
-4.64668
-4.11362
-3.53675
3.95411
4.23482
4.50367
4.71606
4.84793
4.89192
4.83428
4.6861
4.47838
4.23543
3.98131
3.74065
3.52101
3.32519
3.15585
3.00981
2.88395
2.77419
2.67632
2.58459
2.49448
2.39982
2.29378
2.17123
2.03687
1.90014
1.76619
1.63568
1.50825
1.38308
1.2606
1.14234
1.03023
0.925142
0.826473
0.731888
0.640336
0.542705
0.453836
3.37771
3.01185
2.55594
2.03411
1.50211
0.924261
0.331951
-0.250135
-0.826011
-1.38218
-1.91359
-2.42246
-2.90468
-3.36037
-3.7897
-4.19108
-4.56315
-4.90333
-5.2087
-5.476
-5.70287
-5.88569
-6.02298
-6.11572
-6.17077
-6.19703
-6.19699
-6.16707
-6.10465
-6.00835
-5.87752
-5.71026
-5.50429
-5.25651
-4.96352
-4.6209
-4.22166
-3.75717
-3.25453
3.68771
3.95055
4.20245
4.40221
4.52612
4.56803
4.51623
4.37945
4.18661
3.9611
3.72502
3.50089
3.29654
3.11411
2.9568
2.82165
2.70582
2.60542
2.51651
2.43361
2.35247
2.26721
2.17135
2.0599
1.93685
1.81054
1.68565
1.56276
1.44158
1.32135
1.20269
1.08708
0.976242
0.871203
0.771158
0.674611
0.57899
0.476883
0.382695
3.1538
2.81187
2.38643
1.90014
1.40547
0.869108
0.320957
-0.216145
-0.746512
-1.25707
-1.74356
-2.20822
-2.64754
-3.06176
-3.4511
-3.81435
-4.15048
-4.45737
-4.73208
-4.97228
-5.17484
-5.33677
-5.45662
-5.53539
-5.57974
-5.59801
-5.59269
-5.56057
-5.49955
-5.40882
-5.28841
-5.13703
-4.95284
-4.73342
-4.47565
-4.17588
-3.82794
-3.42446
-2.98761
3.4437
3.68948
3.92581
4.11261
4.229
4.26919
4.22145
4.09463
3.91469
3.70493
3.48537
3.27659
3.0853
2.91456
2.76725
2.641
2.53332
2.44063
2.35928
2.28407
2.21098
2.13437
2.04809
1.94725
1.83515
1.71908
1.60312
1.48761
1.37222
1.25627
1.1405
1.02643
0.916131
0.810729
0.709845
0.611839
0.514286
0.410168
0.313455
2.94945
2.63025
2.23318
1.78034
1.32031
0.823084
0.316099
-0.179812
-0.667315
-1.13534
-1.58
-2.00371
-2.40361
-2.77995
-3.13283
-3.46133
-3.76476
-4.04148
-4.28922
-4.50531
-4.68744
-4.83207
-4.93774
-5.00535
-5.04109
-5.05292
-5.04324
-5.0092
-4.94915
-4.8629
-4.75103
-4.61311
-4.44794
-4.25356
-4.02718
-3.76586
-3.46381
-3.11475
-2.7364
3.22022
3.45003
3.67112
3.84622
3.955
3.99258
3.94938
3.83126
3.66224
3.4665
3.26217
3.06713
2.88814
2.72732
2.58822
2.46884
2.3672
2.28014
2.20442
2.13523
2.06886
1.99995
1.92267
1.83221
1.73128
1.62606
1.51988
1.41263
1.30366
1.19206
1.07874
0.965339
0.854228
0.74716
0.64446
0.544775
0.446035
0.341333
0.245309
2.76269
2.4648
2.09488
1.67341
1.24621
0.785093
0.316352
-0.140646
-0.588569
-1.01705
-1.42268
-1.80839
-2.17209
-2.51379
-2.83345
-3.13029
-3.40402
-3.65344
-3.87674
-4.07223
-4.23726
-4.36813
-4.46332
-4.52278
-4.55242
-4.55937
-4.54622
-4.51027
-4.45059
-4.36729
-4.26202
-4.13485
-3.98564
-3.81288
-3.61449
-3.38757
-3.12714
-2.82708
-2.50155
3.01553
3.23007
3.43723
3.60043
3.70238
3.73804
3.69796
3.58747
3.42768
3.24473
3.05443
2.87259
2.7046
2.55305
2.42073
2.30637
2.20857
2.12476
2.0523
1.98693
1.92538
1.86271
1.7935
1.71313
1.6238
1.53061
1.43599
1.339
1.23837
1.13266
1.02247
0.909388
0.796267
0.685633
0.578925
0.475936
0.375213
0.27076
0.177128
2.59264
2.31487
1.97018
1.57823
1.18153
0.754495
0.321437
-0.100009
-0.510511
-0.902244
-1.27123
-1.62159
-1.9521
-2.26211
-2.55133
-2.81934
-3.06609
-3.29078
-3.4922
-3.66984
-3.82028
-3.94118
-4.02887
-4.08404
-4.11022
-4.11489
-4.09933
-4.06212
-4.00181
-3.92028
-3.81885
-3.69977
-3.56272
-3.40827
-3.23374
-3.03817
-2.81502
-2.56028
-2.2826
2.82855
3.02899
3.22266
3.37531
3.47045
3.50296
3.46598
3.36177
3.20932
3.03871
2.86177
2.692
2.5353
2.39242
2.26621
2.15523
2.05896
1.97562
1.90348
1.83904
1.77976
1.72121
1.65858
1.58751
1.50997
1.42996
1.34902
1.26517
1.17617
1.07942
0.974866
0.86351
0.748315
0.63264
0.519505
0.410338
0.305369
0.199894
0.108727
2.43938
2.18
1.85902
1.49439
1.12639
0.730684
0.330698
-0.0571085
-0.433325
-0.790514
-1.12583
-1.44373
-1.74396
-2.02478
-2.28574
-2.52723
-2.74962
-2.95195
-3.13467
-3.29554
-3.43457
-3.54659
-3.63087
-3.68375
-3.71078
-3.71488
-3.6999
-3.66122
-3.60096
-3.51852
-3.4196
-3.30417
-3.17667
-3.03529
-2.88209
-2.71289
-2.52489
-2.3106
-2.07859
2.65999
2.84745
3.02915
3.17101
3.25966
3.2884
3.25172
3.15109
3.00217
2.84458
2.68128
2.52395
2.37832
2.24593
2.12625
2.0185
1.92194
1.83638
1.76108
1.69405
1.63352
1.57624
1.51771
1.45454
1.38795
1.32163
1.25562
1.18753
1.11333
1.02966
0.93446
0.828278
0.712904
0.59268
0.471456
0.353467
0.240862
0.131645
0.0409847
2.30194
2.0595
1.76018
1.42105
1.07966
0.713638
0.344801
-0.0127337
-0.356515
-0.681632
-0.986477
-1.27511
-1.54815
-1.80172
-2.03583
-2.25244
-2.45246
-2.6358
-2.80074
-2.94836
-3.07615
-3.18266
-3.2644
-3.32016
-3.34985
-3.35853
-3.34497
-3.30801
-3.24607
-3.16342
-3.06294
-2.94992
-2.82629
-2.69576
-2.55788
-2.41238
-2.25403
-2.07858
-1.88802
2.50859
2.68448
2.85492
2.98728
3.06901
3.09143
3.05496
2.95355
2.80294
2.6598
2.51092
2.3652
2.23274
2.11155
2.00163
1.89832
1.80236
1.71291
1.63228
1.55892
1.49391
1.43391
1.37691
1.31874
1.26207
1.20821
1.15787
1.10617
1.04961
0.981716
0.900466
0.803203
0.691912
0.568914
0.440343
0.311709
0.188878
0.0719568
-0.0212474
2.19854
1.96912
1.68603
1.36618
1.04545
0.70234
0.360283
0.0308697
-0.279475
-0.574626
-0.837137
-1.09987
-1.35605
-1.59128
-1.80688
-2.00675
-2.19299
-2.36489
-2.52186
-2.66186
-2.78495
-2.88971
-2.97383
-3.03508
-3.07221
-3.08764
-3.07901
-3.04404
-2.98175
-2.89686
-2.79354
-2.67843
-2.55505
-2.4286
-2.29945
-2.16922
-2.03305
-1.88682
-1.73076
2.3942
2.5597
2.71929
2.83852
2.90875
2.91622
2.86801
2.74824
2.59874
2.4829
2.35523
2.22413
2.10428
1.99712
1.89785
1.80214
1.70793
1.61643
1.52952
1.44945
1.37737
1.31312
1.25442
1.19922
1.14879
1.10502
1.06658
1.0294
0.987936
0.936155
0.869357
0.784467
0.680433
0.559314
0.426505
0.289237
0.155152
0.0279218
-0.0715827
2.11887
1.90038
1.63022
1.32586
1.02192
0.698815
0.380512
0.0765728
-0.200651
-0.469275
-0.686791
-0.929413
-1.1752
-1.39712
-1.59896
-1.78678
-1.96374
-2.13003
-2.28274
-2.42062
-2.54227
-2.64747
-2.73517
-2.80227
-2.84734
-2.86959
-2.86688
-2.83434
-2.77291
-2.68597
-2.5798
-2.46076
-2.33605
-2.20945
-2.08535
-1.9644
-1.84463
-1.72145
-1.59347
2.30446
2.45998
2.60734
2.71217
2.76656
2.75241
2.68602
2.53701
2.3907
2.30895
2.20809
2.09384
1.98895
1.89494
1.80772
1.72129
1.63205
1.54092
1.45037
1.36438
1.28582
1.21625
1.15466
1.09997
1.05329
1.0161
0.98625
0.959496
0.929887
0.891167
0.837577
0.76481
0.670113
0.553984
0.420732
0.277713
0.134176
-0.00407393
-0.113528
2.03933
1.83194
1.57519
1.28645
0.999573
0.695958
0.400685
0.121679
-0.125572
-0.371056
-0.547344
-0.771113
-1.00675
-1.21527
-1.40238
-1.57645
-1.74236
-1.90082
-2.04984
-2.18474
-2.30465
-2.40928
-2.49892
-2.57075
-2.6224
-2.65176
-2.65545
-2.62769
-2.56875
-2.48261
-2.37481
-2.25383
-2.12784
-2.00191
-1.88152
-1.76885
-1.66392
-1.56212
-1.46135
2.2149
2.36034
2.49588
2.5861
2.62555
2.59129
2.50645
2.33054
2.18971
2.13694
2.0619
1.9655
1.87407
1.79334
1.7189
1.64357
1.56265
1.47517
1.38388
1.29327
1.20828
1.13189
1.06543
1.00843
0.963211
0.929768
0.905959
0.886337
0.865733
0.837398
0.796079
0.7362
0.654187
0.548032
0.420232
0.276794
0.127186
-0.0206996
-0.14012
1.96065
1.76444
1.52088
1.24782
0.977589
0.693483
0.420226
0.163975
-0.0565405
-0.280434
-0.420744
-0.626799
-0.85092
-1.04574
-1.21749
-1.37642
-1.52913
-1.67875
-1.82195
-1.95443
-2.07222
-2.17598
-2.26561
-2.3403
-2.39638
-2.43245
-2.4426
-2.42155
-2.36672
-2.28419
-2.17644
-2.05586
-1.92935
-1.8051
-1.68738
-1.58218
-1.48856
-1.40461
-1.324
2.12591
2.26136
2.38466
2.46123
2.48572
2.43155
2.3305
2.13136
1.99655
1.96838
1.91776
1.83845
1.75995
1.69079
1.62748
1.56406
1.49265
1.41231
1.32308
1.23129
1.1411
1.05891
0.986029
0.925569
0.878862
0.847491
0.826605
0.811831
0.796182
0.77496
0.742099
0.693711
0.624539
0.53182
0.414593
0.27719
0.12712
-0.0273488
-0.159784
1.88316
1.69774
1.46724
1.20942
0.955635
0.690152
0.437627
0.203198
0.0060962
-0.198029
-0.308573
-0.496287
-0.707148
-0.887683
-1.04423
-1.18764
-1.32637
-1.46486
-1.6023
-1.73127
-1.8481
-1.95037
-2.03926
-2.11371
-2.17223
-2.21251
-2.22964
-2.21581
-2.16887
-2.09265
-1.99021
-1.87324
-1.75116
-1.63054
-1.51802
-1.41896
-1.33543
-1.26643
-1.21112
2.03843
2.16394
2.27546
2.33777
2.34742
2.27485
2.15827
1.94029
1.80977
1.80295
1.77587
1.71409
1.64751
1.58785
1.53456
1.48116
1.42078
1.34899
1.26647
1.17664
1.08581
0.999206
0.921318
0.855418
0.805794
0.773168
0.75374
0.740973
0.728601
0.71093
0.684127
0.644491
0.588356
0.511412
0.411079
0.287987
0.147256
-0.00388132
-0.136638
1.80764
1.63262
1.41426
1.17107
0.932643
0.685479
0.452733
0.238408
0.0615009
-0.123826
-0.210309
-0.379129
-0.573429
-0.738831
-0.880924
-1.01002
-1.13484
-1.2624
-1.3915
-1.51753
-1.63277
-1.73428
-1.82122
-1.89313
-1.94995
-1.99058
-2.01107
-2.00297
-1.96309
-1.89403
-1.7977
-1.68626
-1.56972
-1.4547
-1.34794
-1.25489
-1.17795
-1.11539
-1.06287
1.95303
2.06892
2.16828
2.21694
2.21145
2.12103
1.99193
1.75707
1.63013
1.64228
1.63752
1.59289
1.53749
1.48625
1.43995
1.39441
1.34299
1.28112
1.20788
1.12558
1.03912
0.953586
0.873274
0.803117
0.748428
0.711974
0.690219
0.676773
0.663981
0.645881
0.618625
0.580365
0.529006
0.461866
0.375585
0.26841
0.141053
-0.00470153
-0.149864
1.73488
1.56961
1.36267
1.13259
0.908344
0.677652
0.463098
0.26775
0.108534
-0.0591825
-0.126532
-0.273483
-0.447621
-0.596863
-0.725878
-0.842805
-0.955949
-1.07199
-1.19354
-1.31431
-1.42732
-1.52718
-1.61146
-1.68031
-1.73437
-1.7747
-1.79854
-1.79834
-1.76972
-1.71429
-1.63062
-1.53156
-1.4265
-1.32249
-1.2256
-1.14223
-1.07586
-1.03047
-1.01305
1.87076
1.97701
2.06456
2.09908
2.07906
1.97315
1.83246
1.58189
1.45549
1.48603
1.50298
1.47346
1.42881
1.38466
1.34524
1.3051
1.26063
1.20606
1.14254
1.07002
0.993695
0.915133
0.838977
0.767957
0.709949
0.66828
0.643374
0.629024
0.618835
0.604822
0.583215
0.551449
0.509222
0.454701
0.385593
0.299274
0.195372
0.0762788
-0.0371654
1.66627
1.5102
1.31327
1.09454
0.881733
0.665299
0.466228
0.287377
0.143834
-0.00549589
-0.056227
-0.178845
-0.328767
-0.460967
-0.578091
-0.685695
-0.789196
-0.896385
-1.00913
-1.1235
-1.23196
-1.32731
-1.40671
-1.46821
-1.51436
-1.54712
-1.56748
-1.56798
-1.54562
-1.49872
-1.42569
-1.33611
-1.2406
-1.14375
-1.0538
-0.974014
-0.90735
-0.84978
-0.796559
1.79292
1.88987
1.96534
1.98688
1.95304
1.83274
1.68102
1.41065
1.28318
1.33351
1.37244
1.35753
1.31926
1.27974
1.24492
1.21271
1.1766
1.13175
1.07617
1.01317
0.94566
0.87688
0.807464
0.739504
0.677209
0.625969
0.587682
0.560666
0.539416
0.517599
0.490019
0.454547
0.410929
0.359377
0.298819
0.226661
0.138903
0.0295869
-0.096308
1.60298
1.45521
1.26737
1.05798
0.854589
0.64907
0.462244
0.297571
0.168821
0.0367799
-0.000167754
-0.0951671
-0.218208
-0.332642
-0.43962
-0.53958
-0.63627
-0.735008
-0.838886
-0.944509
-1.04492
-1.13417
-1.20879
-1.26772
-1.31183
-1.34458
-1.36764
-1.37752
-1.37163
-1.34958
-1.30204
-1.23976
-1.16848
-1.09379
-1.02128
-0.957877
-0.909526
-0.884776
-0.898791
1.7212
1.80945
1.87414
1.88395
1.83759
1.70433
1.53901
1.24342
1.10635
1.17728
1.24159
1.24394
1.21507
1.17599
1.13704
1.10414
1.07552
1.0456
1.00792
0.962424
0.910746
0.856278
0.799786
0.742962
0.688738
0.641011
0.60185
0.572211
0.549593
0.529695
0.507473
0.479987
0.446096
0.406019
0.360113
0.307965
0.24979
0.187156
0.134428
1.54594
1.40534
1.22529
1.0244
0.828912
0.632957
0.456135
0.304023
0.187368
0.0686869
0.0414978
-0.0253939
-0.119265
-0.215928
-0.3126
-0.406068
-0.496565
-0.587583
-0.68182
-0.776605
-0.866514
-0.944963
-1.00764
-1.0521
-1.08076
-1.09872
-1.10864
-1.10842
-1.09636
-1.07358
-1.03363
-0.983389
-0.924881
-0.861
-0.795434
-0.731561
-0.66818
-0.598387
-0.506435
1.65713
1.73834
1.79387
1.79441
1.73601
1.59098
1.40942
1.07536
0.922286
1.01288
1.09702
1.11829
1.10996
1.08805
1.05375
1.01349
0.973191
0.935702
0.897775
0.858031
0.814768
0.769161
0.720365
0.667355
0.609403
0.550418
0.494395
0.444081
0.399436
0.35901
0.31991
0.28014
0.238445
0.1948
0.148856
0.0989141
0.0399224
-0.0378743
-0.140398
1.49689
1.36046
1.18533
0.989775
0.800339
0.61166
0.44396
0.302377
0.195146
0.084719
0.0629353
0.0266564
-0.0373077
-0.115904
-0.200623
-0.284873
-0.365596
-0.444568
-0.523433
-0.602743
-0.68001
-0.753201
-0.819755
-0.878495
-0.92598
-0.964143
-0.996362
-1.02325
-1.04605
-1.06513
-1.06448
-1.05604
-1.04119
-1.02111
-0.996191
-0.973265
-0.962178
-0.981105
-1.05693
1.60347
1.67905
1.72634
1.71605
1.64218
1.48138
1.27097
0.888915
0.72297
0.846084
0.943585
0.962742
0.958191
0.953284
0.949355
0.946419
0.944219
0.941679
0.934949
0.923245
0.904509
0.879333
0.847861
0.814047
0.780878
0.746924
0.710054
0.672797
0.636978
0.603179
0.569577
0.534878
0.497599
0.457912
0.416618
0.375784
0.339082
0.311741
0.302581
1.46076
1.3228
1.14394
0.944723
0.752751
0.56522
0.400915
0.267134
0.165404
0.0683082
0.0568065
0.0533055
0.0222987
-0.0349667
-0.107867
-0.185803
-0.262843
-0.335489
-0.401948
-0.460674
-0.509314
-0.544084
-0.561944
-0.563377
-0.557561
-0.551557
-0.546259
-0.537657
-0.523598
-0.51167
-0.495996
-0.477339
-0.456639
-0.432472
-0.405902
-0.375749
-0.333825
-0.266154
-0.143929
1.56614
1.63699
1.67359
1.6449
1.5421
1.34666
1.07289
0.638401
0.486755
0.674937
0.820507
0.866036
0.854528
0.810017
0.743668
0.67091
0.603628
0.55197
0.515386
0.492359
0.477286
0.467245
0.45585
0.436517
0.404395
0.366538
0.328661
0.292291
0.257108
0.224355
0.193888
0.166139
0.139879
0.114567
0.088895
0.0609171
0.02597
-0.0252505
-0.101585
1.443
1.29853
1.10888
0.896803
0.693895
0.498429
0.330877
0.198719
0.100574
0.0223148
0.0198672
0.0393382
0.0478459
0.0357307
0.00670547
-0.0363581
-0.0913089
-0.155642
-0.227462
-0.305822
-0.391015
-0.482
-0.57445
-0.657851
-0.719258
-0.760342
-0.800518
-0.836061
-0.880438
-0.938694
-0.932286
-0.946617
-0.973268
-0.990979
-1.00269
-1.02081
-1.06051
-1.14163
-1.28337
1.55017
1.61776
1.64364
1.59262
1.45483
1.21168
0.850105
0.372925
0.197094
0.40217
0.617581
0.804108
0.964463
1.10378
1.20704
1.26969
1.29629
1.29402
1.26946
1.23181
1.18606
1.13716
1.09014
1.05647
1.04025
1.02809
1.00815
0.983483
0.955878
0.926558
0.894467
0.860375
0.824305
0.787252
0.750126
0.716636
0.692694
0.69057
0.724026
117.675
114.884
111.48
107.552
103.041
98.0229
92.6871
87.2901
82.0073
76.8795
71.8782
66.9754
62.1712
57.4931
52.9824
48.6747
44.5881
40.7175
37.0429
33.5394
30.1944
27.0094
23.9972
21.1707
18.5363
16.0846
13.7968
11.6509
9.63376
7.74103
5.97748
4.35134
2.86777
1.5287
0.331255
-0.729274
-1.65994
-2.46676
-3.15744
-3.73774
-4.21551
-4.59689
-4.89067
-5.1029
-5.24272
-5.3162
-5.33229
-5.29644
-5.21711
-5.099
-4.94973
-4.77457
-4.57875
-4.36689
-4.14376
-3.91342
-3.67989
-3.44655
-3.21628
-2.99194
-2.7747
-2.56592
-2.36666
-2.17877
-2.00308
-1.8391
-1.68758
-1.56309
-1.45395
-1.35279
-1.23724
-1.15407
-1.00939
-1.0011
-0.753563
-0.910496
-0.433934
-1.09251
-0.0678758
-1.32546
117.546
113.643
109.141
104.357
99.3513
94.2569
89.2215
84.3282
79.5634
74.9204
70.3912
65.9854
61.7279
57.6387
53.7321
50.0105
46.4745
43.121
39.9487
36.9532
34.1321
31.4795
28.9906
26.658
24.4752
22.4347
20.5297
18.7527
17.0972
15.5572
14.1267
12.8008
11.5736
10.4412
9.39813
8.4411
7.56438
6.7652
6.0376
5.37916
4.7837
4.24915
3.76901
3.34135
2.95942
2.62134
2.3203
2.05485
1.81845
1.61013
1.4239
1.25762
1.10789
0.973054
0.85056
0.739091
0.636809
0.542576
0.455568
0.374788
0.299681
0.229458
0.162498
0.0979619
0.0343784
-0.029255
-0.0894945
-0.14039
-0.187139
-0.219803
-0.255061
-0.237355
-0.276067
-0.146952
-0.22157
0.058511
-0.239737
0.247616
-0.166917
0.707729
45.1674
44.9753
44.9679
44.9685
44.909
44.7454
44.4505
44.027
43.4657
42.7242
41.7715
40.6127
39.2769
37.7993
36.2101
34.5336
32.7863
30.9784
29.116
27.2115
25.2867
23.3723
21.4954
19.6687
17.8886
16.1444
14.4285
12.7416
11.0923
9.4969
7.97595
6.54722
5.22186
4.00263
2.88806
1.8727
0.953572
0.127371
-0.606586
-1.25178
-1.81011
-2.28711
-2.68596
-3.01299
-3.27179
-3.46937
-3.6092
-3.69839
-3.74027
-3.74171
-3.70717
-3.64152
-3.54875
-3.43351
-3.29968
-3.15186
-2.99383
-2.82954
-2.66233
-2.4949
-2.32951
-2.16755
-2.01079
-1.86188
-1.7223
-1.5932
-1.47464
-1.38074
-1.29779
-1.22359
-1.13151
-1.07424
-0.948546
-0.961125
-0.727769
-0.880594
-0.415642
-1.04244
-0.0807927
-1.24005
45.1483
45.0463
45.3544
45.6835
45.9089
45.9883
45.9036
45.6432
45.1931
44.5574
43.7404
42.763
41.6489
40.4214
39.0956
37.6855
36.2007
34.6555
33.0633
31.4406
29.8009
28.1586
26.525
24.9121
23.3286
21.7834
20.283
18.8332
17.4383
16.1016
14.8263
13.6131
12.4639
11.3782
10.3573
9.39937
8.50526
7.67213
6.90062
6.18709
5.53192
4.93083
4.38385
3.88602
3.43697
3.03112
2.66798
2.34178
2.05201
1.79304
1.56277
1.35736
1.17508
1.01239
0.867791
0.738166
0.621831
0.516624
0.421157
0.334271
0.254769
0.181873
0.11471
0.0520983
-0.00762268
-0.0667567
-0.123282
-0.173092
-0.22103
-0.2575
-0.302292
-0.297264
-0.351782
-0.239162
-0.30649
-0.034601
-0.298594
0.15757
-0.196503
0.642409
17.7469
18.013
18.3314
18.6134
18.8043
18.871
18.8054
18.6348
18.4068
18.1516
17.8884
17.6409
17.4326
17.2716
17.1461
17.025
16.8756
16.6691
16.3853
16.0172
15.573
15.0693
14.5221
13.9355
13.2953
12.5784
11.7683
10.8705
9.91048
8.92533
7.94706
6.99788
6.08563
5.21289
4.37672
3.57738
2.81529
2.09641
1.42425
0.804548
0.238036
-0.272347
-0.728155
-1.12762
-1.47376
-1.76612
-2.00886
-2.20244
-2.35169
-2.45916
-2.52862
-2.56272
-2.56541
-2.53959
-2.48984
-2.41953
-2.33314
-2.23424
-2.12655
-2.01338
-1.89669
-1.7789
-1.66236
-1.55023
-1.44489
-1.34762
-1.26047
-1.1939
-1.13451
-1.08578
-1.01792
-0.984402
-0.882197
-0.91236
-0.705349
-0.848912
-0.409379
-0.987594
-0.100127
-1.15302
17.4723
17.3541
17.5624
17.9623
18.4451
18.9215
19.3632
19.7673
20.1392
20.474
20.7671
21.0152
21.2237
21.3893
21.5068
21.5619
21.5452
21.448
21.2686
21.0051
20.6589
20.2307
19.7239
19.1433
18.4952
17.787
17.027
16.2247
15.389
14.5304
13.6573
12.78
11.9055
11.0432
10.1983
9.37862
8.58732
7.83067
7.10985
6.42965
5.78953
5.19301
4.63801
4.12687
3.6562
3.22751
2.83664
2.48448
2.16653
1.88176
1.62682
1.40061
1.19948
1.02216
0.864793
0.725763
0.601704
0.491021
0.391514
0.301639
0.220195
0.146655
0.0799906
0.0196053
-0.036145
-0.0899514
-0.141197
-0.186805
-0.232081
-0.267694
-0.316345
-0.322294
-0.390103
-0.30276
-0.369428
-0.115867
-0.352328
0.0751218
-0.233869
0.578174
16.2351
16.1781
16.1478
16.118
16.0913
16.0917
16.113
16.1008
16.003
15.7996
15.4994
15.1297
14.7277
14.3286
13.9568
13.6127
13.2837
12.9592
12.6372
12.3117
11.9727
11.6125
11.2353
10.8471
10.4539
10.0555
9.64552
9.20852
8.74122
8.24931
7.74392
7.22888
6.70512
6.16649
5.61086
5.03638
4.4504
3.85985
3.27615
2.70534
2.15596
1.63138
1.1386
0.679788
0.260527
-0.118947
-0.455037
-0.749188
-1.00085
-1.21165
-1.38213
-1.51476
-1.61098
-1.67455
-1.70791
-1.71542
-1.70008
-1.66644
-1.61786
-1.55779
-1.48893
-1.41421
-1.3367
-1.26014
-1.1872
-1.12042
-1.06067
-1.01781
-0.979294
-0.95274
-0.906288
-0.895261
-0.814444
-0.864461
-0.680823
-0.831154
-0.401629
-0.958715
-0.10337
-1.1093
16.3141
16.3962
16.5425
16.8095
17.1899
17.6317
18.0702
18.4585
18.7623
18.9621
19.0576
19.0715
19.0329
18.9636
18.8682
18.7419
18.5805
18.3834
18.1508
17.8826
17.5783
17.236
16.8553
16.4345
15.9743
15.4738
14.9353
14.3593
13.7502
13.11
12.4452
11.7593
11.0604
10.3528
9.64501
8.94114
8.24953
7.57325
6.91974
6.29071
5.69223
5.12449
4.59203
4.09344
3.63205
3.20529
2.81548
2.45933
2.13708
1.84634
1.587
1.35596
1.15255
0.972697
0.815131
0.675759
0.553231
0.444104
0.346925
0.259577
0.180995
0.110357
0.0470171
-0.00942206
-0.0601898
-0.107683
-0.151984
-0.190814
-0.22963
-0.259511
-0.305763
-0.316128
-0.394403
-0.329428
-0.408526
-0.168065
-0.400395
0.0184206
-0.277046
0.52985
21.223
20.1865
19.1141
18.0549
17.0688
16.2353
15.592
15.1201
14.7562
14.4662
14.2331
14.0535
13.9094
13.7813
13.6438
13.4846
13.2939
13.0767
12.8462
12.6243
12.4068
12.1683
11.877
11.5159
11.0778
10.586
10.0753
9.5851
9.13782
8.74083
8.37889
8.03352
7.68183
7.30892
6.90056
6.4549
5.97379
5.46822
4.94523
4.4149
3.88183
3.35468
2.83789
2.34023
1.86545
1.42065
1.00793
0.631105
0.291502
-0.00870678
-0.269873
-0.49117
-0.674751
-0.821495
-0.934859
-1.01662
-1.07125
-1.10138
-1.1114
-1.10421
-1.08303
-1.05142
-1.01312
-0.972179
-0.931733
-0.89424
-0.861261
-0.839981
-0.819595
-0.812798
-0.785704
-0.794402
-0.73167
-0.802221
-0.639922
-0.808201
-0.386312
-0.935719
-0.100194
-1.08221
22.1171
22.661
22.88
22.8761
22.7467
22.5974
22.4838
22.3945
22.2798
22.1053
21.8737
21.6145
21.3446
21.0604
20.7433
20.3827
19.9756
19.5292
19.0469
18.5341
17.9908
17.4221
16.8295
16.219
15.5914
14.9521
14.301
13.6429
12.9771
12.3081
11.635
10.9628
10.2909
9.62464
8.96411
8.31503
7.67776
7.05818
6.45671
5.87899
5.32504
4.79977
4.30225
3.83654
3.40085
2.99834
2.62652
2.28654
1.97677
1.69817
1.44846
1.22785
1.03264
0.862088
0.711899
0.58131
0.465913
0.364828
0.274701
0.194756
0.122928
0.0588828
0.00172521
-0.0488651
-0.0935775
-0.134208
-0.170808
-0.201436
-0.232027
-0.252966
-0.29177
-0.299201
-0.381704
-0.332115
-0.428257
-0.20085
-0.437063
-0.026941
-0.313996
0.482179
24.1192
22.9679
21.8113
20.6351
19.4718
18.3444
17.289
16.3205
15.4569
14.708
14.1024
13.647
13.3483
13.185
13.1406
13.1811
13.281
13.4029
13.5297
13.6537
13.7767
13.8634
13.8764
13.7878
13.5847
13.2566
12.8187
12.3013
11.7541
11.2169
10.7137
10.2354
9.76535
9.28392
8.78395
8.26055
7.71985
7.16559
6.60546
6.04071
5.47652
4.91434
4.361
3.8198
3.29787
2.79822
2.32599
1.88396
1.47619
1.1041
0.770478
0.475029
0.218715
-0.000547696
-0.183063
-0.332425
-0.44993
-0.540009
-0.604695
-0.648095
-0.672997
-0.6836
-0.68397
-0.678482
-0.67007
-0.662018
-0.654637
-0.653765
-0.650317
-0.660832
-0.650007
-0.675657
-0.627487
-0.715649
-0.574232
-0.762928
-0.358387
-0.899579
-0.0947417
-1.04787
25.1315
25.7941
26.1183
26.1211
25.8348
25.3267
24.6918
23.9988
23.2826
22.5604
21.872
21.2483
20.6932
20.175
19.6667
19.15
18.6271
18.0978
17.5661
17.0261
16.4775
15.9131
15.3358
14.7431
14.1401
13.5251
12.9038
12.2752
11.6452
11.0128
10.3842
9.75847
9.14135
8.5319
7.93535
7.35073
6.78289
6.23078
5.69908
5.18675
4.69814
4.2319
3.79196
3.37665
2.98939
2.62801
2.29422
1.98672
1.70728
1.4543
1.22903
1.02846
0.852638
0.697639
0.563314
0.44511
0.342853
0.252421
0.173754
0.103653
0.0418697
-0.012857
-0.0615258
-0.104493
-0.142205
-0.175724
-0.204675
-0.227346
-0.249617
-0.260786
-0.289004
-0.28804
-0.366863
-0.325497
-0.433631
-0.221932
-0.458956
-0.0669744
-0.340583
0.431693
19.3642
18.8733
18.4281
17.9868
17.5664
17.1579
16.7477
16.3465
15.9546
15.5853
15.2406
14.9488
14.7306
14.6173
14.6146
14.7336
14.9582
15.2727
15.6374
16.0228
16.3917
16.7045
16.9047
16.9724
16.9084
16.724
16.4186
15.999
15.4725
14.8679
14.2178
13.5499
12.8613
12.1474
11.4077
10.6569
9.90772
9.17349
8.45709
7.76149
7.08383
6.42633
5.78839
5.17422
4.58426
4.0219
3.48866
2.98787
2.52081
2.09064
1.69769
1.34396
1.02831
0.751577
0.511064
0.306618
0.134516
-0.00612239
-0.119626
-0.208232
-0.275306
-0.324909
-0.361658
-0.38971
-0.412073
-0.431708
-0.448942
-0.467188
-0.478642
-0.504106
-0.506982
-0.545666
-0.507977
-0.608506
-0.48604
-0.692971
-0.314384
-0.847553
-0.0823281
-1.00652
19.8267
20.1617
20.3651
20.4086
20.2717
19.9667
19.5198
18.9774
18.3735
17.7499
17.1468
16.5994
16.1008
15.6303
15.1635
14.6998
14.2393
13.7891
13.346
12.9147
12.4898
12.0705
11.6493
11.2284
10.8024
10.3737
9.93791
9.4983
9.05132
8.6012
8.14567
7.68955
7.23129
6.77611
6.32289
5.87677
5.43676
5.00778
4.5889
4.18456
3.79369
3.42044
3.06351
2.72671
2.40826
2.11067
1.83283
1.57719
1.34264
1.13127
0.940853
0.772404
0.622659
0.492228
0.377108
0.277774
0.19015
0.115117
0.0487445
-0.00848367
-0.0585073
-0.101663
-0.139855
-0.173537
-0.203315
-0.229532
-0.251505
-0.267194
-0.282401
-0.284722
-0.302037
-0.289454
-0.358129
-0.316931
-0.43009
-0.233548
-0.4682
-0.0983224
-0.360846
0.382917
10.3249
10.3558
10.4122
10.4663
10.5981
10.8059
11.0605
11.3355
11.6266
11.9294
12.2496
12.5858
12.9501
13.3445
13.7796
14.256
14.7847
15.366
16.0006
16.6625
17.3153
17.9015
18.3669
18.6714
18.8109
18.7907
18.6335
18.3529
17.9594
17.4504
16.8392
16.15
15.4032
14.5972
13.7396
12.8474
11.9495
11.0649
10.2067
9.37655
8.57748
7.80833
7.07284
6.37044
5.70361
5.07191
4.47739
3.91975
3.40122
2.92137
2.48203
2.08198
1.7223
1.4006
1.11723
0.868946
0.655738
0.47341
0.320439
0.19365
0.0909177
0.00679694
-0.0622142
-0.120665
-0.170883
-0.216142
-0.255706
-0.290999
-0.315805
-0.353844
-0.367468
-0.415943
-0.384746
-0.491817
-0.383108
-0.605013
-0.254325
-0.784528
-0.059115
-0.963696
10.3296
10.3604
10.4095
10.4414
10.439
10.3912
10.2958
10.1509
9.96382
9.75149
9.54419
9.35657
9.18402
9.00819
8.82164
8.62134
8.41199
8.19468
7.9754
7.75395
7.53506
7.31646
7.10023
6.88266
6.66566
6.44509
6.22281
5.99501
5.7638
5.52567
5.28317
5.0333
4.77922
4.5187
4.25534
3.98749
3.71915
3.4492
3.18167
2.91559
2.65517
2.39952
2.15288
1.91403
1.68648
1.46939
1.2662
1.07616
0.902186
0.742616
0.599443
0.470101
0.356076
0.254109
0.165427
0.0865169
0.0190499
-0.0406454
-0.0915106
-0.135407
-0.171447
-0.202038
-0.22808
-0.251304
-0.272064
-0.290713
-0.306086
-0.316179
-0.32571
-0.3213
-0.328835
-0.304553
-0.359271
-0.312351
-0.422451
-0.236451
-0.466653
-0.115685
-0.374049
0.342559
2.90101
3.24544
3.52876
3.73835
4.01699
4.41075
4.88599
5.3948
5.90986
6.42704
6.9531
7.49939
8.0783
8.70337
9.38271
10.1201
10.9127
11.757
12.6438
13.5579
14.4673
15.3334
16.1099
16.7628
17.2603
17.5827
17.7262
17.7127
17.5656
17.3032
16.9221
16.4296
15.8428
15.1758
14.4337
13.6348
12.8016
11.9596
11.1208
10.2942
9.48191
8.69121
7.9251
7.19015
6.48814
5.82296
5.19488
4.60665
4.0578
3.55036
3.08309
2.65712
2.27007
1.92239
1.61095
1.33604
1.09372
0.882808
0.700241
0.545192
0.413052
0.300901
0.20402
0.11933
0.0443456
-0.0235173
-0.0828753
-0.133365
-0.169351
-0.217893
-0.240329
-0.295711
-0.267726
-0.375975
-0.275136
-0.506515
-0.181506
-0.712695
-0.0266185
-0.920776
2.57678
2.33162
2.16461
2.06366
2.02129
2.02668
2.06494
2.11412
2.1595
2.20009
2.24719
2.30386
2.36287
2.41438
2.45513
2.48676
2.51152
2.53141
2.54679
2.55894
2.56747
2.57317
2.57402
2.57062
2.56086
2.54572
2.52292
2.49396
2.45651
2.4122
2.35859
2.29762
2.22701
2.14892
2.06131
1.96676
1.86355
1.75451
1.63808
1.51751
1.39158
1.26409
1.13369
1.00447
0.875378
0.750684
0.629779
0.516385
0.409196
0.311043
0.219877
0.137935
0.0626935
-0.00390722
-0.0647315
-0.117489
-0.165236
-0.206249
-0.242155
-0.270291
-0.293246
-0.309835
-0.324034
-0.33573
-0.34673
-0.357115
-0.365954
-0.370662
-0.37595
-0.36657
-0.366889
-0.332261
-0.37228
-0.315103
-0.416853
-0.23557
-0.458923
-0.121803
-0.379919
0.307894
-1.4577
-0.936935
-0.534885
-0.277464
-0.017871
0.322103
0.7333
1.17309
1.60693
2.02609
2.4388
2.86359
3.32295
3.84187
4.44106
5.13269
5.91824
6.78946
7.7314
8.7215
9.73178
10.7282
11.6786
12.5519
13.3167
13.9364
14.3869
14.6631
14.7853
14.7796
14.6631
14.4324
14.0966
13.6701
13.1679
12.6041
11.9982
11.3641
10.7135
10.0487
9.37524
8.69681
8.02298
7.35947
6.71468
6.09213
5.49778
4.93343
4.40344
3.90812
3.45005
3.02784
2.64264
2.29182
1.97604
1.69171
1.43808
1.21201
1.01356
0.838649
0.686364
0.551428
0.432328
0.324885
0.228891
0.141286
0.0646101
0.00150368
-0.044205
-0.101342
-0.130481
-0.190866
-0.163719
-0.269001
-0.169657
-0.404711
-0.100741
-0.634313
0.0131697
-0.875731
-1.97209
-2.40514
-2.75551
-3.01666
-3.18896
-3.27509
-3.29016
-3.25315
-3.18548
-3.09592
-2.98923
-2.86759
-2.73854
-2.60521
-2.46998
-2.33108
-2.18913
-2.04348
-1.89527
-1.74459
-1.5925
-1.44005
-1.28873
-1.14023
-0.995512
-0.856355
-0.723209
-0.597824
-0.480134
-0.37198
-0.272844
-0.184491
-0.105789
-0.0386
0.0186766
0.0644171
0.100458
0.125081
0.140486
0.14506
0.141526
0.128098
0.108347
0.0804972
0.0489005
0.0125943
-0.0243387
-0.0631651
-0.100511
-0.138222
-0.173556
-0.208536
-0.240692
-0.272415
-0.300985
-0.329022
-0.35428
-0.378019
-0.396506
-0.411574
-0.41997
-0.425589
-0.427526
-0.428483
-0.429045
-0.430545
-0.431681
-0.430937
-0.431833
-0.418749
-0.4133
-0.370899
-0.397096
-0.328874
-0.41771
-0.236104
-0.449275
-0.121156
-0.377793
0.279819
-2.72312
-2.15124
-1.6989
-1.4136
-1.19664
-0.968789
-0.70472
-0.418773
-0.133454
0.140846
0.408684
0.68359
0.983969
1.32971
1.73956
2.22757
2.80124
3.46126
4.20178
5.0111
5.87058
6.75566
7.63669
8.48366
9.26361
9.94319
10.4913
10.8927
11.1503
11.2876
11.3286
11.2811
11.1412
10.9214
10.6352
10.3011
9.93477
9.54652
9.13737
8.70671
8.25211
7.77709
7.28563
6.78639
6.28436
5.78765
5.30022
4.82891
4.3764
3.94774
3.54371
3.16732
2.81738
2.49564
2.19957
1.92919
1.68195
1.45838
1.25512
1.07243
0.906318
0.756118
0.618332
0.492917
0.37858
0.274278
0.183248
0.1094
0.0561057
-0.00744333
-0.0416426
-0.104935
-0.0769036
-0.176032
-0.073624
-0.305423
-0.0172768
-0.550871
0.0574893
-0.828248
-3.28768
-3.79235
-4.23829
-4.61747
-4.92263
-5.15374
-5.31536
-5.41921
-5.47636
-5.49647
-5.48426
-5.44533
-5.38333
-5.30206
-5.2026
-5.08685
-4.95579
-4.81143
-4.65467
-4.48717
-4.30998
-4.12478
-3.93308
-3.73649
-3.53667
-3.335
-3.13332
-2.93272
-2.73521
-2.54166
-2.35424
-2.17326
-2.00067
-1.83638
-1.68219
-1.53741
-1.40366
-1.28002
-1.16791
-1.06614
-0.976191
-0.896216
-0.828299
-0.769101
-0.720111
-0.677526
-0.642916
-0.612949
-0.589603
-0.570002
-0.555947
-0.544717
-0.538473
-0.534396
-0.534854
-0.537393
-0.543179
-0.548002
-0.553107
-0.553701
-0.552988
-0.547796
-0.541167
-0.531561
-0.52267
-0.514104
-0.506204
-0.498392
-0.493959
-0.476605
-0.466342
-0.417387
-0.431548
-0.352092
-0.426997
-0.242102
-0.442502
-0.120084
-0.371922
0.254668
-2.52413
-2.02132
-1.61376
-1.35416
-1.18955
-1.05033
-0.892308
-0.70858
-0.511698
-0.311934
-0.109892
0.101032
0.330419
0.588258
0.883837
1.22495
1.61718
2.06358
2.56408
3.11536
3.70946
4.33347
4.96861
5.5928
6.18029
6.70499
7.14197
7.47656
7.70651
7.84699
7.92184
7.94785
7.91804
7.83132
7.69669
7.52911
7.34417
7.15208
6.94941
6.73142
6.49125
6.22736
5.94182
5.63763
5.32054
4.99378
4.66333
4.33211
4.00599
3.68706
3.37981
3.08463
2.80455
2.53852
2.28788
2.05114
1.8298
1.62121
1.42675
1.24341
1.07237
0.910419
0.759863
0.618487
0.48969
0.371193
0.268717
0.186799
0.128154
0.0602903
0.0238945
-0.0402242
-0.00977974
-0.100556
0.0089373
-0.214311
0.0635878
-0.467139
0.104384
-0.779335
-3.02584
-3.492
-3.92787
-4.3297
-4.69012
-5.00524
-5.27384
-5.4992
-5.68434
-5.83309
-5.94705
-6.02896
-6.08011
-6.1027
-6.09762
-6.06715
-6.01275
-5.93689
-5.84095
-5.72713
-5.59673
-5.45177
-5.29357
-5.12386
-4.94396
-4.75533
-4.55948
-4.35765
-4.15157
-3.94251
-3.73259
-3.52279
-3.31529
-3.11078
-2.91153
-2.71751
-2.53109
-2.3515
-2.18107
-2.0188
-1.86661
-1.72508
-1.59372
-1.47359
-1.3625
-1.26204
-1.16996
-1.08842
-1.01496
-0.951327
-0.89495
-0.847938
-0.807622
-0.776332
-0.751544
-0.734685
-0.721558
-0.713202
-0.704375
-0.697483
-0.688339
-0.678472
-0.664045
-0.647809
-0.629053
-0.610681
-0.591961
-0.575044
-0.563371
-0.540162
-0.523256
-0.468216
-0.471003
-0.382116
-0.44237
-0.253308
-0.439658
-0.120914
-0.364494
0.234564
-2.51029
-2.117
-1.79289
-1.57845
-1.44437
-1.33362
-1.20228
-1.04087
-0.860182
-0.671097
-0.476859
-0.275534
-0.063531
0.161986
0.403408
0.662553
0.941773
1.24292
1.56785
1.91634
2.28646
2.67191
3.06325
3.44646
3.80622
4.12487
4.38821
4.58641
4.7207
4.80108
4.8498
4.88677
4.91344
4.91523
4.89129
4.847
4.79557
4.74487
4.69473
4.63634
4.56436
4.47353
4.36509
4.23905
4.09761
3.94258
3.77533
3.59898
3.41506
3.22687
3.03502
2.84254
2.64919
2.45716
2.26597
2.07811
1.89194
1.70967
1.52947
1.35358
1.1803
1.01282
0.850762
0.698211
0.556569
0.427867
0.316503
0.229811
0.167937
0.0997435
0.063379
0.00150893
0.0362105
-0.0442364
0.0744372
-0.135299
0.137084
-0.386416
0.149846
-0.731392
-2.90706
-3.28176
-3.63912
-3.98182
-4.30802
-4.61255
-4.89235
-5.14564
-5.37271
-5.57288
-5.74632
-5.89216
-6.01061
-6.10105
-6.16416
-6.20009
-6.2103
-6.19561
-6.15787
-6.09827
-6.01876
-5.92073
-5.80604
-5.67613
-5.53259
-5.37682
-5.21014
-5.034
-4.84946
-4.65817
-4.46114
-4.26016
-4.05598
-3.85072
-3.64487
-3.44063
-3.23821
-3.04002
-2.8458
-2.65808
-2.47615
-2.30245
-2.13582
-1.97822
-1.83002
-1.69168
-1.56465
-1.44808
-1.34319
-1.24849
-1.16575
-1.09291
-1.0321
-0.980985
-0.941226
-0.908947
-0.885299
-0.865133
-0.850798
-0.837993
-0.827758
-0.813986
-0.797814
-0.774964
-0.74979
-0.720763
-0.690575
-0.662477
-0.641339
-0.608987
-0.583571
-0.520221
-0.511581
-0.413146
-0.460098
-0.267359
-0.440352
-0.125331
-0.358893
0.215677
-2.66608
-2.3845
-2.14935
-1.97977
-1.8598
-1.7497
-1.61847
-1.4623
-1.29191
-1.11617
-0.938047
-0.756993
-0.572594
-0.384909
-0.195008
-0.00302705
0.191051
0.388907
0.591792
0.801477
1.01722
1.23703
1.45485
1.66357
1.85292
2.0141
2.13846
2.2239
2.27255
2.29595
2.31094
2.34076
2.39383
2.45849
2.51966
2.57521
2.62737
2.68386
2.74335
2.80098
2.84904
2.88567
2.90857
2.91969
2.91751
2.90333
2.87543
2.83422
2.77936
2.71076
2.62897
2.53371
2.42619
2.30621
2.17652
2.0363
1.88824
1.73137
1.56882
1.39971
1.22853
1.05547
0.886917
0.724154
0.575045
0.438005
0.323004
0.233676
0.173475
0.106693
0.0751981
0.0186168
0.0600855
-0.00833706
0.121681
-0.0715231
0.199435
-0.313486
0.191122
-0.685659
-2.95627
-3.2351
-3.49944
-3.7536
-4.0016
-4.24373
-4.47676
-4.69805
-4.9055
-5.09802
-5.27396
-5.43219
-5.57108
-5.68966
-5.78666
-5.8616
-5.91386
-5.94363
-5.95096
-5.93657
-5.90112
-5.84581
-5.77177
-5.68038
-5.57301
-5.45107
-5.31607
-5.16923
-5.0121
-4.84575
-4.6719
-4.49133
-4.30584
-4.11604
-3.92391
-3.7297
-3.5356
-3.34155
-3.1499
-2.96029
-2.77536
-2.59428
-2.41985
-2.25121
-2.09153
-1.93999
-1.79931
-1.66931
-1.5509
-1.44464
-1.3502
-1.26865
-1.19873
-1.1419
-1.09468
-1.05826
-1.02797
-1.00613
-0.989207
-0.978422
-0.967723
-0.956456
-0.938008
-0.914005
-0.881875
-0.844817
-0.80164
-0.762121
-0.728602
-0.685569
-0.646992
-0.573124
-0.55075
-0.443052
-0.476307
-0.281006
-0.442049
-0.132175
-0.355037
0.199283
-2.90207
-2.73019
-2.57545
-2.43928
-2.32046
-2.2023
-2.06919
-1.92321
-1.77178
-1.62104
-1.47129
-1.32336
-1.1768
-1.0338
-0.894706
-0.761234
-0.632198
-0.507482
-0.384484
-0.262737
-0.140741
-0.0206763
0.0955314
0.202191
0.295022
0.367569
0.417587
0.443632
0.451409
0.448783
0.451941
0.479313
0.547922
0.651809
0.775046
0.90439
1.03661
1.17128
1.30981
1.44637
1.57761
1.69946
1.81292
1.91632
2.01072
2.09309
2.16323
2.21737
2.25532
2.27374
2.2723
2.2495
2.20487
2.14004
2.05472
1.95126
1.82947
1.69252
1.54042
1.37775
1.20577
1.03093
0.856388
0.690222
0.535581
0.397767
0.281468
0.196743
0.139166
0.080361
0.0563712
0.00967099
0.0605026
0.00651343
0.14867
-0.0246982
0.247599
-0.249623
0.22488
-0.643173
-3.08273
-3.26484
-3.44082
-3.60546
-3.76226
-3.91584
-4.06788
-4.21706
-4.36183
-4.50078
-4.63264
-4.75626
-4.87031
-4.97367
-5.06489
-5.14296
-5.20655
-5.25495
-5.28708
-5.30269
-5.30111
-5.28269
-5.24715
-5.19542
-5.12752
-5.04491
-4.94778
-4.83797
-4.71576
-4.58335
-4.441
-4.29113
-4.13381
-3.97169
-3.80459
-3.63523
-3.4632
-3.2912
-3.1185
-2.9479
-2.77852
-2.61327
-2.45128
-2.296
-2.14642
-2.00597
-1.87339
-1.75193
-1.63999
-1.54034
-1.45206
-1.37607
-1.31291
-1.2601
-1.21824
-1.18359
-1.15765
-1.13833
-1.12693
-1.11872
-1.11314
-1.10262
-1.08695
-1.06025
-1.02572
-0.979021
-0.926659
-0.87275
-0.82821
-0.76998
-0.717044
-0.628567
-0.590143
-0.470726
-0.489888
-0.292489
-0.442611
-0.140483
-0.353352
0.181707
-2.82778
-2.73926
-2.63691
-2.51851
-2.40568
-2.29963
-2.19403
-2.08746
-1.98329
-1.8818
-1.78339
-1.68687
-1.59362
-1.50372
-1.4189
-1.33855
-1.26324
-1.19114
-1.12203
-1.05391
-0.98739
-0.921989
-0.860311
-0.803579
-0.755578
-0.717548
-0.692014
-0.676915
-0.669957
-0.663004
-0.646858
-0.604846
-0.52209
-0.393746
-0.234344
-0.0578233
0.12448
0.309705
0.49518
0.679334
0.85731
1.02867
1.19142
1.34673
1.49183
1.62623
1.74547
1.8485
1.93077
1.99177
2.02771
2.03849
2.02303
1.98196
1.91605
1.82624
1.71491
1.58295
1.43452
1.27129
1.09976
0.922743
0.749834
0.583114
0.433008
0.298123
0.191216
0.112663
0.0657642
0.0168087
0.00646293
-0.0272379
0.0365641
-0.000932362
0.154838
0.00379002
0.279526
-0.197054
0.250293
-0.603128
-2.91407
-3.00853
-3.10971
-3.20725
-3.29598
-3.37807
-3.45719
-3.53538
-3.61271
-3.68886
-3.76336
-3.83568
-3.90534
-3.9716
-4.03386
-4.09111
-4.14265
-4.18723
-4.22414
-4.25209
-4.27057
-4.27833
-4.27519
-4.26008
-4.23324
-4.19383
-4.14257
-4.07889
-4.00405
-3.91776
-3.82183
-3.71611
-3.60285
-3.48201
-3.35616
-3.22515
-3.09172
-2.9555
-2.8193
-2.68241
-2.54771
-2.4143
-2.28531
-2.15985
-2.04114
-1.92807
-1.82403
-1.72739
-1.64133
-1.56385
-1.49755
-1.44115
-1.39484
-1.35742
-1.32741
-1.30387
-1.28702
-1.27689
-1.2713
-1.26947
-1.26584
-1.25894
-1.24237
-1.21664
-1.17627
-1.1251
-1.06007
-0.997025
-0.937692
-0.866522
-0.795248
-0.690716
-0.632718
-0.500059
-0.502122
-0.302416
-0.440557
-0.1491
-0.35156
0.164699
-2.56561
-2.52751
-2.45379
-2.35222
-2.25951
-2.18584
-2.12285
-2.06583
-2.01196
-1.96114
-1.91164
-1.86428
-1.81836
-1.77527
-1.73408
-1.69555
-1.65815
-1.62229
-1.58626
-1.55077
-1.51456
-1.479
-1.44321
-1.40881
-1.37465
-1.34201
-1.30881
-1.27516
-1.23697
-1.19193
-1.13263
-1.0516
-0.935243
-0.778982
-0.589325
-0.382504
-0.169373
0.0415253
0.249115
0.450198
0.644257
0.828609
1.00436
1.16932
1.32354
1.46307
1.5867
1.6899
1.77194
1.82883
1.86094
1.86536
1.84406
1.79568
1.72269
1.62585
1.5075
1.37064
1.21787
1.0547
0.883786
0.713844
0.547545
0.393437
0.254785
0.137084
0.044704
-0.0163982
-0.0506916
-0.0817268
-0.0765279
-0.091254
-0.0131502
-0.0305055
0.13802
0.0136342
0.292812
-0.153794
0.265665
-0.563933
-2.5825
-2.60018
-2.63105
-2.66993
-2.7088
-2.74298
-2.7729
-2.80064
-2.82727
-2.85332
-2.87877
-2.90381
-2.92828
-2.95238
-2.97579
-2.99863
-3.0204
-3.04108
-3.05984
-3.0766
-3.09026
-3.10072
-3.10672
-3.1082
-3.10378
-3.09363
-3.07634
-3.05235
-3.02036
-2.98125
-2.93396
-2.87987
-2.81815
-2.75069
-2.67689
-2.59911
-2.51685
-2.43272
-2.34618
-2.25994
-2.17324
-2.08882
-2.00584
-1.92711
-1.85161
-1.78217
-1.71765
-1.66089
-1.61021
-1.56807
-1.53202
-1.50414
-1.48108
-1.4645
-1.45089
-1.44245
-1.4373
-1.43593
-1.43655
-1.43657
-1.43462
-1.42521
-1.40871
-1.37747
-1.33469
-1.2742
-1.20279
-1.12677
-1.0579
-0.971309
-0.883904
-0.761395
-0.68331
-0.534405
-0.516271
-0.312994
-0.435138
-0.157243
-0.347322
0.146139
-2.03523
-2.0234
-1.97247
-1.89475
-1.83285
-1.79498
-1.7713
-1.75205
-1.73423
-1.71558
-1.69697
-1.67748
-1.65824
-1.63775
-1.61639
-1.59218
-1.56562
-1.53528
-1.50247
-1.46662
-1.42958
-1.39084
-1.35191
-1.31129
-1.26944
-1.22379
-1.17438
-1.11846
-1.05621
-0.985149
-0.905064
-0.810803
-0.695923
-0.551778
-0.380699
-0.190479
0.00772429
0.206695
0.400044
0.58582
0.760847
0.925089
1.07669
1.21579
1.33968
1.44719
1.53513
1.60239
1.64637
1.66681
1.66198
1.63299
1.57961
1.50383
1.40636
1.29008
1.1577
1.01199
0.858138
0.698223
0.539874
0.385024
0.241446
0.110591
0.000739122
-0.0901246
-0.152635
-0.191444
-0.203169
-0.214254
-0.186555
-0.180503
-0.0854321
-0.0808124
0.0992946
0.00623649
0.286441
-0.119474
0.270648
-0.523561
-2.01349
-1.98022
-1.95398
-1.93889
-1.9345
-1.93568
-1.93919
-1.94399
-1.95027
-1.95786
-1.96673
-1.9765
-1.98712
-1.99822
-2.00992
-2.02181
-2.03413
-2.04637
-2.05884
-2.07085
-2.08274
-2.09372
-2.10422
-2.11324
-2.12123
-2.127
-2.131
-2.13193
-2.13042
-2.12511
-2.11667
-2.10384
-2.08765
-2.06706
-2.04343
-2.01588
-1.98623
-1.95389
-1.92078
-1.88632
-1.85248
-1.81866
-1.78679
-1.75628
-1.72891
-1.7041
-1.68351
-1.66637
-1.65403
-1.64522
-1.6405
-1.63805
-1.638
-1.63872
-1.64066
-1.64285
-1.64552
-1.64749
-1.647
-1.64387
-1.63426
-1.61909
-1.59226
-1.55466
-1.50138
-1.43375
-1.35062
-1.26673
-1.18561
-1.08794
-0.982929
-0.846117
-0.744818
-0.581214
-0.53625
-0.33019
-0.427814
-0.165926
-0.338692
0.12808
-0.967279
-0.975528
-0.962823
-0.931473
-0.917793
-0.927326
-0.949073
-0.972481
-0.994096
-1.01253
-1.02916
-1.04382
-1.05758
-1.06917
-1.07871
-1.08465
-1.08748
-1.08651
-1.08343
-1.07843
-1.07391
-1.06981
-1.06767
-1.06582
-1.06384
-1.05758
-1.04503
-1.02086
-0.983099
-0.927784
-0.855107
-0.762883
-0.650611
-0.514423
-0.355908
-0.179323
0.00554062
0.190177
0.366096
0.530301
0.679961
0.814916
0.93321
1.03469
1.11708
1.18012
1.22181
1.24237
1.24042
1.21706
1.17167
1.10663
1.02198
0.921184
0.805287
0.678736
0.543566
0.405008
0.265645
0.130764
0.00313364
-0.112614
-0.213877
-0.297316
-0.360303
-0.40286
-0.422101
-0.42176
-0.406189
-0.384094
-0.332809
-0.294614
-0.18652
-0.149431
0.0335026
-0.0156341
0.256059
-0.0896459
0.263429
-0.479637
-0.942859
-0.911727
-0.881527
-0.851079
-0.823081
-0.798567
-0.777573
-0.760152
-0.746002
-0.735121
-0.72746
-0.722931
-0.721612
-0.723356
-0.728139
-0.735614
-0.74596
-0.758602
-0.773722
-0.790704
-0.809876
-0.830573
-0.853198
-0.87691
-0.902374
-0.928631
-0.956385
-0.984558
-1.014
-1.04355
-1.07396
-1.10394
-1.13455
-1.16455
-1.19485
-1.22423
-1.25399
-1.28311
-1.31275
-1.34184
-1.37162
-1.40104
-1.43144
-1.46182
-1.49334
-1.52494
-1.55779
-1.59041
-1.62408
-1.65663
-1.68899
-1.71853
-1.74628
-1.76979
-1.7909
-1.80691
-1.81927
-1.82488
-1.8248
-1.81654
-1.80136
-1.77651
-1.74208
-1.695
-1.63484
-1.55933
-1.47106
-1.37948
-1.29241
-1.18519
-1.06971
-0.923202
-0.801906
-0.628592
-0.552091
-0.349987
-0.410046
-0.172431
-0.319056
0.109754
0.867099
0.78368
0.700772
0.626517
0.537285
0.433439
0.324006
0.217686
0.115141
0.0174261
-0.0778885
-0.169981
-0.260701
-0.348455
-0.434261
-0.516681
-0.597184
-0.675253
-0.753629
-0.832616
-0.915341
-1.00181
-1.09431
-1.1913
-1.2926
-1.3936
-1.49088
-1.5766
-1.64495
-1.68729
-1.69881
-1.67415
-1.61229
-1.51197
-1.37777
-1.21775
-1.04545
-0.872589
-0.709114
-0.55898
-0.425014
-0.307752
-0.208811
-0.128548
-0.0682063
-0.027485
-0.00689321
-0.00536566
-0.0226197
-0.0565488
-0.10631
-0.169
-0.243246
-0.325169
-0.412935
-0.501901
-0.589745
-0.67164
-0.745441
-0.807045
-0.855085
-0.886847
-0.901788
-0.899109
-0.87797
-0.842062
-0.786482
-0.731029
-0.667983
-0.605181
-0.514012
-0.444056
-0.308061
-0.247257
-0.0452624
-0.0678125
0.220769
-0.091761
0.266305
-0.469093
0.945534
1.00455
1.0385
1.05768
1.06904
1.07764
1.08393
1.08688
1.085
1.07853
1.06713
1.05171
1.03172
1.00806
0.980243
0.949273
0.914338
0.87671
0.835516
0.792049
0.745346
0.696538
0.644705
0.591183
0.534619
0.476294
0.414905
0.351709
0.285408
0.217185
0.145778
0.0724352
-0.00424932
-0.0830359
-0.164832
-0.24851
-0.335159
-0.423609
-0.514491
-0.606561
-0.700332
-0.79455
-0.889602
-0.984153
-1.07841
-1.1711
-1.26224
-1.35023
-1.43526
-1.51524
-1.59018
-1.6577
-1.71833
-1.76986
-1.81373
-1.84738
-1.87207
-1.88508
-1.8882
-1.87966
-1.86162
-1.83251
-1.79342
-1.74233
-1.67895
-1.60253
-1.51289
-1.42283
-1.33271
-1.22674
-1.10707
-0.960394
-0.829158
-0.649917
-0.555588
-0.347108
-0.391751
-0.153388
-0.304682
0.120889
1.66281
1.50917
1.35641
1.217
1.07559
0.931407
0.789651
0.652875
0.520751
0.392493
0.2678
0.146784
0.029795
-0.0828569
-0.190857
-0.294682
-0.394802
-0.492742
-0.590396
-0.69005
-0.794003
-0.90457
-1.02393
-1.15381
-1.29505
-1.44751
-1.60934
-1.77701
-1.94513
-2.10644
-2.25279
-2.37579
-2.4681
-2.52433
-2.54311
-2.5287
-2.49051
-2.43905
-2.383
-2.32712
-2.27413
-2.22538
-2.18225
-2.14582
-2.11709
-2.09619
-2.08343
-2.07788
-2.07913
-2.0852
-2.0954
-2.10684
-2.11848
-2.12673
-2.13042
-2.12557
-2.11099
-2.08296
-2.04093
-1.98236
-1.90802
-1.81707
-1.71164
-1.59274
-1.46256
-1.32486
-1.17968
-1.05387
-0.939071
-0.825874
-0.695633
-0.588387
-0.428703
-0.344451
-0.127397
-0.129287
0.176838
-0.108358
0.264593
-0.466742
1.80032
1.91849
2.00708
2.06694
2.10194
2.1198
2.12871
2.13076
2.12624
2.11371
2.09363
2.06527
2.02937
1.98562
1.93485
1.87668
1.81182
1.7402
1.66246
1.57883
1.48994
1.3959
1.29746
1.19504
1.08908
0.980219
0.868813
0.755351
0.640222
0.523917
0.406547
0.288601
0.169956
0.0510471
-0.0680543
-0.187121
-0.306417
-0.425527
-0.544522
-0.663018
-0.780954
-0.897829
-1.01336
-1.12678
-1.23777
-1.34529
-1.44876
-1.54685
-1.63918
-1.72392
-1.80077
-1.86749
-1.92461
-1.96994
-2.00493
-2.02706
-2.03796
-2.03528
-2.02147
-1.9951
-1.95917
-1.91259
-1.8578
-1.79297
-1.71911
-1.63413
-1.54097
-1.44577
-1.35599
-1.24812
-1.13083
-0.983536
-0.850781
-0.665151
-0.560719
-0.342437
-0.375719
-0.129614
-0.2877
0.137936
-0.85724
-0.971442
-1.09031
-1.20195
-1.3183
-1.43919
-1.55981
-1.67766
-1.79304
-1.9054
-2.01408
-2.11721
-2.2137
-2.30203
-2.38194
-2.45326
-2.51699
-2.57411
-2.62673
-2.6764
-2.72546
-2.77572
-2.82993
-2.89039
-2.96006
-3.0413
-3.13625
-3.2459
-3.37019
-3.50703
-3.65243
-3.80054
-3.94415
-4.07594
-4.1898
-4.28341
-4.35832
-4.41854
-4.4676
-4.50759
-4.53891
-4.56168
-4.57556
-4.58088
-4.57741
-4.56513
-4.54359
-4.51238
-4.47093
-4.41829
-4.35402
-4.27669
-4.1861
-4.08051
-3.96011
-3.82309
-3.67027
-3.50011
-3.31426
-3.11236
-2.8974
-2.67052
-2.43581
-2.19628
-1.9556
-1.71909
-1.48732
-1.2994
-1.1351
-0.982283
-0.815825
-0.684538
-0.506736
-0.412038
-0.188677
-0.179957
0.134018
-0.127736
0.255893
-0.458726
-0.750928
-0.651314
-0.555825
-0.462446
-0.377868
-0.304292
-0.239994
-0.181121
-0.126745
-0.0764581
-0.0315034
0.00783178
0.0406017
0.0667244
0.0854436
0.0964668
0.0992895
0.0936815
0.0793366
0.0562164
0.0242803
-0.0165121
-0.0657869
-0.123422
-0.188764
-0.261491
-0.34078
-0.42631
-0.516873
-0.612143
-0.71086
-0.812662
-0.916345
-1.02153
-1.12683
-1.23227
-1.33661
-1.4398
-1.54067
-1.63937
-1.73475
-1.82692
-1.91468
-1.99799
-2.07572
-2.14771
-2.21272
-2.27044
-2.32002
-2.3607
-2.39186
-2.41239
-2.42264
-2.42129
-2.40969
-2.38609
-2.3523
-2.30662
-2.25181
-2.18675
-2.11481
-2.03545
-1.95159
-1.86219
-1.76796
-1.66822
-1.56122
-1.46162
-1.36625
-1.26022
-1.14212
-1.00037
-0.864559
-0.680742
-0.565547
-0.343365
-0.362103
-0.112682
-0.268971
0.150115
-2.72193
-2.82266
-2.93808
-3.05365
-3.1762
-3.30524
-3.43631
-3.56827
-3.70102
-3.83464
-3.96732
-4.09738
-4.22231
-4.34087
-4.45149
-4.55419
-4.64862
-4.73578
-4.81573
-4.88941
-4.95643
-5.01774
-5.07344
-5.1257
-5.17593
-5.22776
-5.28349
-5.3474
-5.42172
-5.50983
-5.61173
-5.72765
-5.85351
-5.98545
-6.11657
-6.2426
-6.35931
-6.46587
-6.56029
-6.64206
-6.70863
-6.7589
-6.79035
-6.80243
-6.79313
-6.76187
-6.70719
-6.62873
-6.52561
-6.39761
-6.24477
-6.06685
-5.86503
-5.63926
-5.39184
-5.12305
-4.83617
-4.53181
-4.21421
-3.88475
-3.54874
-3.20844
-2.8698
-2.53648
-2.2137
-1.90654
-1.61705
-1.38775
-1.1962
-1.01877
-0.838895
-0.696794
-0.521807
-0.427961
-0.216031
-0.20831
0.0984501
-0.144545
0.243009
-0.447336
-2.645
-2.58899
-2.54518
-2.50289
-2.46056
-2.42013
-2.3838
-2.35152
-2.32251
-2.29583
-2.2712
-2.24846
-2.22761
-2.20882
-2.19226
-2.17855
-2.16784
-2.16093
-2.15783
-2.15945
-2.16565
-2.17742
-2.19427
-2.21716
-2.24528
-2.27951
-2.31868
-2.36358
-2.41257
-2.46635
-2.52294
-2.5829
-2.64408
-2.70686
-2.76888
-2.83068
-2.88979
-2.94678
-2.99936
-3.04823
-3.09117
-3.12896
-3.15943
-3.18342
-3.19894
-3.2068
-3.2053
-3.1952
-3.1753
-3.14601
-3.10673
-3.05753
-2.99894
-2.93057
-2.85411
-2.76849
-2.67605
-2.57549
-2.47002
-2.35852
-2.24482
-2.12824
-2.01248
-1.89605
-1.78058
-1.66253
-1.54474
-1.43756
-1.3421
-1.23599
-1.12451
-0.987185
-0.858107
-0.67815
-0.562096
-0.339092
-0.349614
-0.0982101
-0.251738
0.159634
-5.15448
-5.27476
-5.39311
-5.49579
-5.59019
-5.68075
-5.76672
-5.85143
-5.93546
-6.02161
-6.10782
-6.195
-6.28022
-6.36465
-6.44588
-6.52567
-6.60218
-6.67739
-6.74915
-6.81885
-6.88349
-6.94382
-6.99661
-7.04335
-7.08209
-7.116
-7.14478
-7.17325
-7.20249
-7.23834
-7.28196
-7.33814
-7.40566
-7.48531
-7.57189
-7.66274
-7.75128
-7.8349
-7.90813
-7.96915
-8.01337
-8.03946
-8.04346
-8.02451
-7.97932
-7.90709
-7.80541
-7.67419
-7.51185
-7.31892
-7.09539
-6.8422
-6.56102
-6.25332
-5.92256
-5.57056
-5.20227
-4.81975
-4.42884
-4.03202
-3.63582
-3.24306
-2.86025
-2.49118
-2.14107
-1.81498
-1.51415
-1.28178
-1.09125
-0.920577
-0.748946
-0.623254
-0.465345
-0.39385
-0.205342
-0.216483
0.0745983
-0.161414
0.228375
-0.433094
-5.05726
-4.97666
-4.91048
-4.85404
-4.80374
-4.75764
-4.71438
-4.67503
-4.63871
-4.60623
-4.5759
-4.54844
-4.52194
-4.49752
-4.47336
-4.45099
-4.42862
-4.40798
-4.38723
-4.3684
-4.34974
-4.33342
-4.31758
-4.30452
-4.29226
-4.28316
-4.27512
-4.27025
-4.2662
-4.26508
-4.26425
-4.2656
-4.26624
-4.26785
-4.26742
-4.26642
-4.26159
-4.25448
-4.24205
-4.22574
-4.2026
-4.1741
-4.13743
-4.0942
-4.04186
-3.98197
-3.91256
-3.83523
-3.74857
-3.65389
-3.55064
-3.43977
-3.32172
-3.197
-3.06719
-2.93198
-2.79376
-2.65172
-2.50901
-2.36466
-2.22246
-2.08173
-1.94609
-1.8141
-1.68713
-1.56189
-1.441
-1.33705
-1.244
-1.14829
-1.0443
-0.923369
-0.804496
-0.641693
-0.530157
-0.319763
-0.325804
-0.0817712
-0.233903
0.169812
-9.18014
-9.25044
-9.29464
-9.30717
-9.30454
-9.29901
-9.29295
-9.28996
-9.28819
-9.28866
-9.28709
-9.28395
-9.27561
-9.26397
-9.24666
-9.22658
-9.20184
-9.1754
-9.14521
-9.11393
-9.07861
-9.04074
-8.9962
-8.94617
-8.88672
-8.82009
-8.74381
-8.66169
-8.57304
-8.48352
-8.3942
-8.31164
-8.23691
-8.17438
-8.12213
-8.08054
-8.0446
-8.01209
-7.97741
-7.93849
-7.89098
-7.83335
-7.76184
-7.67505
-7.56981
-7.4445
-7.29673
-7.12556
-6.92948
-6.70825
-6.46198
-6.19114
-5.89767
-5.58263
-5.24991
-4.90105
-4.5414
-4.17271
-3.80121
-3.4288
-3.06215
-2.70316
-2.35803
-2.02945
-1.72244
-1.44041
-1.18491
-0.991164
-0.836197
-0.6987
-0.565823
-0.471916
-0.354541
-0.314712
-0.167228
-0.202828
0.0577143
-0.172267
0.211521
-0.40669
-9.10332
-9.01802
-8.92333
-8.82239
-8.71742
-8.61044
-8.50024
-8.38841
-8.27394
-8.15904
-8.04249
-7.92609
-7.80808
-7.69046
-7.57136
-7.45279
-7.33266
-7.21293
-7.09149
-6.97068
-6.84836
-6.72688
-6.60408
-6.48282
-6.36088
-6.2411
-6.12132
-6.00432
-5.88783
-5.77476
-5.66258
-5.55407
-5.44652
-5.34249
-5.23905
-5.13834
-5.03727
-4.93798
-4.83734
-4.73721
-4.63463
-4.53126
-4.42423
-4.31521
-4.20163
-4.08496
-3.96328
-3.83798
-3.70782
-3.57387
-3.43577
-3.29401
-3.14943
-3.00178
-2.85311
-2.70216
-2.55215
-2.40116
-2.25304
-2.10566
-1.96336
-1.8244
-1.69299
-1.56689
-1.44846
-1.33357
-1.2267
-1.13467
-1.05648
-0.974508
-0.89176
-0.790737
-0.696414
-0.555699
-0.464727
-0.272152
-0.288954
-0.0560999
-0.213124
0.173365
-7.52233
-7.56824
-7.61112
-7.64336
-7.6747
-7.71193
-7.75633
-7.80863
-7.86594
-7.92662
-7.9855
-8.04139
-8.09036
-8.13314
-8.16724
-8.19475
-8.21404
-8.22806
-8.23609
-8.24125
-8.24165
-8.23837
-8.2275
-8.20873
-8.17757
-8.1339
-8.0739
-7.99824
-7.90442
-7.79466
-7.66865
-7.53081
-7.38298
-7.23043
-7.07495
-6.92031
-6.76659
-6.61537
-6.46534
-6.31711
-6.16912
-6.02142
-5.87199
-5.7204
-5.56441
-5.40303
-5.23411
-5.05683
-4.86954
-4.67158
-4.46271
-4.24236
-4.0121
-3.77122
-3.52316
-3.26709
-3.00801
-2.74502
-2.48389
-2.22396
-1.97113
-1.72518
-1.49118
-1.27023
-1.06595
-0.880875
-0.714554
-0.592403
-0.495489
-0.41707
-0.33329
-0.291185
-0.216394
-0.220724
-0.111943
-0.182191
0.0490105
-0.179769
0.191788
-0.360525
-7.48997
-7.46175
-7.4299
-7.39165
-7.3472
-7.30004
-7.2503
-7.19935
-7.14575
-7.09083
-7.03319
-6.97408
-6.91197
-6.84816
-6.78115
-6.71211
-6.63918
-6.56343
-6.48322
-6.39977
-6.3113
-6.21903
-6.12135
-6.02001
-5.91349
-5.80349
-5.68871
-5.57109
-5.44946
-5.32592
-5.19935
-5.07193
-4.94251
-4.81332
-4.68302
-4.55353
-4.42346
-4.29477
-4.16597
-4.03861
-3.91128
-3.78542
-3.6594
-3.53452
-3.40927
-3.28481
-3.15978
-3.03526
-2.91038
-2.78576
-2.66108
-2.53636
-2.41219
-2.2877
-2.16475
-2.04144
-1.92078
-1.80023
-1.68355
-1.56791
-1.45743
-1.34986
-1.24918
-1.15332
-1.06435
-0.979055
-0.901107
-0.834626
-0.778274
-0.724075
-0.665175
-0.597705
-0.529763
-0.425065
-0.358134
-0.199239
-0.230537
-0.0222714
-0.185457
0.169638
-5.24056
-5.30905
-5.36146
-5.39247
-5.4133
-5.43285
-5.45383
-5.47848
-5.50568
-5.53437
-5.56161
-5.5863
-5.60688
-5.62332
-5.63492
-5.64194
-5.64409
-5.6421
-5.63673
-5.62962
-5.62158
-5.61283
-5.60211
-5.58772
-5.56702
-5.53752
-5.49614
-5.44005
-5.36612
-5.27204
-5.15593
-5.0177
-4.8583
-4.68064
-4.48807
-4.2851
-4.07561
-3.86391
-3.65305
-3.44649
-3.24615
-3.05409
-2.87069
-2.69681
-2.53231
-2.37691
-2.2299
-2.09048
-1.95823
-1.83143
-1.71098
-1.59386
-1.48227
-1.37205
-1.26696
-1.16179
-1.06146
-0.96053
-0.864419
-0.768249
-0.677634
-0.588328
-0.50539
-0.426181
-0.354795
-0.290051
-0.233255
-0.192747
-0.163923
-0.140482
-0.114105
-0.113691
-0.0850857
-0.121725
-0.0562718
-0.143929
0.0374604
-0.155714
0.149662
-0.24248
-5.17321
-5.10756
-5.04314
-4.97757
-4.91058
-4.84288
-4.77516
-4.70818
-4.64197
-4.57713
-4.51338
-4.4513
-4.3905
-4.33158
-4.27387
-4.21783
-4.16238
-4.10792
-4.05324
-3.99871
-3.94278
-3.88589
-3.82656
-3.7655
-3.70111
-3.63422
-3.56342
-3.48981
-3.41212
-3.33168
-3.24742
-3.16086
-3.07113
-2.97995
-2.88644
-2.79216
-2.69639
-2.6008
-2.50469
-2.40937
-2.31434
-2.22078
-2.12826
-2.0376
-1.9485
-1.86141
-1.77649
-1.69364
-1.61333
-1.53489
-1.45956
-1.38542
-1.31482
-1.24436
-1.17763
-1.11001
-1.04656
-0.981762
-0.921267
-0.859405
-0.802246
-0.744677
-0.692731
-0.641844
-0.596597
-0.551258
-0.512759
-0.476873
-0.450354
-0.420613
-0.394938
-0.356105
-0.32405
-0.255708
-0.224799
-0.105221
-0.156012
0.00519816
-0.141691
0.117382
-0.682715
-0.670248
-0.654599
-0.636823
-0.627837
-0.631692
-0.648406
-0.674609
-0.709142
-0.748449
-0.792132
-0.837176
-0.884475
-0.931785
-0.980371
-1.02778
-1.07476
-1.11892
-1.16162
-1.2022
-1.24341
-1.28508
-1.32914
-1.3743
-1.42125
-1.46786
-1.51336
-1.5541
-1.58743
-1.60784
-1.61146
-1.59308
-1.55051
-1.4815
-1.3881
-1.27195
-1.13909
-0.993984
-0.844475
-0.694315
-0.550238
-0.412944
-0.287336
-0.171846
-0.0713056
0.0175947
0.0902774
0.151313
0.196231
0.231055
0.251225
0.263845
0.263716
0.259381
0.244961
0.230004
0.207615
0.187588
0.162715
0.141971
0.11868
0.100043
0.080972
0.0656198
0.0509149
0.0380047
0.0282087
0.0188622
0.0129417
0.00109246
0.0010668
-0.0202327
-0.0140307
-0.0560369
-0.0221159
-0.0943594
0.0115255
-0.101961
0.0719286
-0.104177
-0.685564
-0.684298
-0.679206
-0.670262
-0.659233
-0.645643
-0.630514
-0.613078
-0.594583
-0.574267
-0.55361
-0.53201
-0.511088
-0.490204
-0.470896
-0.452474
-0.43632
-0.421644
-0.409535
-0.399084
-0.391135
-0.384592
-0.380031
-0.376414
-0.374011
-0.371754
-0.36975
-0.367045
-0.36369
-0.358928
-0.352831
-0.344841
-0.335305
-0.323886
-0.311149
-0.296639
-0.281314
-0.264681
-0.248109
-0.230632
-0.214191
-0.197375
-0.182795
-0.168228
-0.15683
-0.145499
-0.138104
-0.130626
-0.127542
-0.123921
-0.124759
-0.124102
-0.128095
-0.129164
-0.134701
-0.135904
-0.141628
-0.142198
-0.146804
-0.145942
-0.148101
-0.145471
-0.145073
-0.141619
-0.139449
-0.134208
-0.129971
-0.122814
-0.117147
-0.115431
-0.112938
-0.106562
-0.104178
-0.0790054
-0.0787592
-0.0186678
-0.0642304
0.0188865
-0.0658675
0.0756279
)
;

boundaryField
{
    inlet
    {
        type            freestreamPressure;
        freestreamValue uniform 0;
        value           nonuniform List<scalar> 
134
(
1.44232
1.29792
1.10835
0.896376
0.693564
0.498191
0.33072
0.198625
0.100527
0.0223041
0.00950007
0.0188099
0.0228768
0.0170834
0.00320549
-0.0173846
-0.0436602
-0.0744264
-0.10878
-0.14627
1.54943
-0.187041
-0.230596
-0.274865
-0.314815
-0.344246
-0.361179
-0.385874
-0.392771
-0.403479
-0.478584
-0.446545
-0.453467
-0.466296
-0.474845
-0.480523
-0.489273
-0.508379
-0.547352
-0.592519
1.61699
1.64286
1.59186
1.45413
1.21111
0.8497
0.372747
-0.635676
-0.594776
-0.553094
-0.53218
-0.519244
-0.502826
-0.483045
-0.462555
-0.442016
-0.420454
-0.397718
-0.374291
-0.351323
-0.32941
-0.309049
-0.289853
-0.271059
-0.251693
-0.230612
-0.225569
-0.22446
-0.220624
-0.215161
-0.208321
-0.195628
-0.173427
-0.116645
-0.0501191
0.102817
0.209748
0.322021
0.419199
0.502718
0.575273
0.629039
0.661649
0.675481
0.67428
0.661468
0.641836
0.617981
0.59249
0.567979
0.550426
0.541961
0.535618
0.525224
0.512368
0.497984
0.482707
0.465986
0.448224
0.42943
0.410124
0.390779
0.373326
0.360847
0.359732
0.377155
0.368654
0.334621
0.301152
0.275969
0.251125
0.224815
0.199398
0.178368
0.160304
0.145675
0.13257
0.122095
0.112255
0.103713
0.0945546
0.0856937
0.076025
0.0666186
0.0570756
0.0628696
0.0717407
0.0780786
0.0830326
0.0883307
0.090183
0.0882493
0.0610642
0.0393469
)
;
    }
    outlet
    {
        type            freestreamPressure;
        freestreamValue uniform 0;
        value           nonuniform List<scalar> 
160
(
-3.30871e-05
-2.16899e-05
-6.0993e-05
-6.77594e-06
-8.01537e-05
1.5591e-05
-8.94222e-05
3.80337e-05
-9.30858e-05
5.47131e-05
-9.32341e-05
6.54684e-05
-9.19494e-05
7.30673e-05
-9.08546e-05
7.91255e-05
-9.27072e-05
8.31806e-05
-9.87184e-05
8.69533e-05
-0.000109701
8.97959e-05
-0.000124514
9.25533e-05
-0.000142499
9.41805e-05
-0.000162041
9.53704e-05
-0.000182694
9.57574e-05
-0.000202737
9.56826e-05
-0.000221531
9.48382e-05
-0.000236918
9.3523e-05
-0.000248181
9.13623e-05
-0.000255821
8.93028e-05
-0.000263071
8.60377e-05
-0.000272921
8.25338e-05
-0.0002881
7.8084e-05
-0.000308379
7.33084e-05
-0.000333338
6.77563e-05
-0.000360708
6.19262e-05
-0.000388563
5.56076e-05
-0.000414679
4.91075e-05
-0.000437415
4.25672e-05
-0.000454808
3.60936e-05
-0.000465775
2.97753e-05
-0.00046904
2.39876e-05
-0.00046426
1.84246e-05
-0.000450951
1.35909e-05
-0.000429475
9.09008e-06
-0.000399385
5.484e-06
-0.000361312
2.09382e-06
-0.000315799
-5.18159e-07
-0.000265645
-2.96908e-06
-0.000212916
-4.69298e-06
-0.000161022
-6.59674e-06
-0.000110824
-7.81056e-06
-6.45765e-05
-9.66668e-06
-2.20853e-05
-1.09546e-05
1.4541e-05
-1.32537e-05
4.64289e-05
-1.49588e-05
7.16564e-05
-1.80605e-05
9.18971e-05
-2.04706e-05
0.000105652
-2.45114e-05
0.000115196
-2.76836e-05
0.000119138
-3.25461e-05
0.000120223
-3.6163e-05
0.00011682
-4.15783e-05
0.000112088
-4.51156e-05
0.000104159
-5.03968e-05
9.63395e-05
-5.31843e-05
8.63573e-05
-5.77826e-05
7.75057e-05
-5.95596e-05
6.73075e-05
-6.29638e-05
5.87512e-05
-6.34811e-05
4.95182e-05
-6.519e-05
4.20064e-05
-6.44184e-05
3.44322e-05
-6.45137e-05
2.81728e-05
-6.30319e-05
2.21493e-05
-6.20486e-05
1.67697e-05
-5.95846e-05
1.25346e-05
-5.75378e-05
8.67309e-06
-5.41853e-05
6.12505e-06
-5.15856e-05
1.56068e-06
-5.07001e-05
1.01774e-06
-4.95075e-05
-6.59832e-06
-4.65677e-05
-5.24262e-06
-4.54599e-05
-1.93723e-05
-3.44024e-05
-9.21912e-06
-3.41437e-05
-3.2051e-05
-8.58672e-06
2.39743e-06
-2.75805e-05
-3.2074e-05
6.1158e-06
2.8183e-05
-2.90557e-05
-2.75043e-05
2.6284e-05
)
;
    }
    walls
    {
        type            zeroGradient;
    }
    frontAndBack
    {
        type            empty;
    }
}


// ************************************************************************* //
