/*--------------------------------*- C++ -*----------------------------------*\
| =========                 |                                                 |
| \\      /  F ield         | OpenFOAM: The Open Source CFD Toolbox           |
|  \\    /   O peration     | Version:  2412                                  |
|   \\  /    A nd           | Website:  www.openfoam.com                      |
|    \\/     M anipulation  |                                                 |
\*---------------------------------------------------------------------------*/
FoamFile
{
    version     2.0;
    format      ascii;
    arch        "LSB;label=32;scalar=64";
    class       volScalarField;
    location    "50";
    object      p;
}
// * * * * * * * * * * * * * * * * * * * * * * * * * * * * * * * * * * * * * //

dimensions      [0 2 -2 0 0 0 0];

internalField   nonuniform List<scalar> 
10720
(
239.099
277.7
311.545
335.227
345.869
347.263
339.827
320.746
292.696
258.757
220.475
179.405
137.214
95.1231
54.1351
15.2575
-21.0171
-53.4698
-81.8403
-105.008
-122.879
-134.522
-140.835
-142.116
-140.206
-138.504
-136.766
-132.565
-126.028
-118.163
-109.306
-99.3957
-88.1042
-75.1156
-60.2399
-42.8245
-22.448
5.18496
43.1061
193.711
142.376
76.2636
-0.17932
-82.7873
-169.565
-253.284
-322.207
-368.831
-397.024
-408.649
-406.502
-396.815
-382.828
-366.124
-350.569
-336.686
-325.366
-316.477
-310.145
-305.453
-301.9
-298.076
-291.798
-280.255
-264.505
-248.372
-232.355
-215.302
-196.538
-176.112
-154.396
-131.866
-108.621
-84.6554
-59.2984
-31.6967
3.05798
44.0453
251.57
279.92
304.696
323.393
333.64
335.784
329.236
313.83
291.019
262.408
229.198
192.632
154.085
114.762
75.7169
37.9453
2.21947
-30.4118
-59.3714
-83.7302
-103.12
-116.917
-125.571
-129.297
-129.716
-129.449
-128.561
-125.604
-120.599
-114.045
-106.13
-96.8835
-86.0919
-73.5053
-58.9601
-41.8133
-21.6542
5.86104
42.6384
219.673
181.932
135.534
80.7312
19.6051
-45.9943
-111.747
-171.749
-221.871
-261.694
-290.168
-306.884
-314.935
-317.293
-315.754
-312.63
-308.742
-304.954
-301.586
-298.998
-296.753
-294.509
-290.991
-284.786
-274.162
-259.817
-244.681
-229.252
-212.633
-194.282
-174.267
-152.914
-130.663
-107.64
-83.8581
-58.6534
-31.1803
3.53057
43.6114
243.42
268.396
290.069
306.434
315.981
318.796
314.172
301.987
282.85
257.775
227.829
194.113
157.872
120.304
82.5164
45.5275
10.2527
-22.3488
-51.5247
-76.4513
-96.6082
-111.473
-121.119
-125.923
-127.292
-127.388
-126.579
-123.757
-118.804
-112.204
-104.266
-95.0881
-84.4709
-72.1338
-57.8644
-40.9776
-21.0304
6.26008
42.0075
215.437
182.622
142.41
94.0496
39.5789
-19.6791
-80.9492
-139.867
-192.07
-234.755
-266.37
-286.977
-298.976
-304.649
-305.678
-303.861
-300.534
-296.74
-293.126
-290.078
-287.4
-284.725
-281.115
-275.336
-265.946
-253.163
-239.141
-224.537
-208.692
-191.112
-171.817
-151.079
-129.318
-106.662
-83.1257
-58.0812
-30.7087
3.8613
43.3571
233.09
254.232
272.924
287.346
296.232
299.54
296.52
286.993
271.259
249.993
223.993
194.117
161.4
126.892
91.6338
56.6207
22.7867
-8.93639
-37.7125
-62.7329
-83.3724
-99.1168
-109.921
-116.204
-119.078
-120.291
-120.374
-118.503
-114.481
-108.725
-101.515
-92.9196
-82.7532
-70.7778
-56.8132
-40.1892
-20.4648
6.52967
41.2859
209.561
182.198
148.543
108.102
62.551
12.5047
-39.9086
-91.0862
-137.752
-177.779
-209.988
-234.354
-252.042
-264.065
-271.446
-275.359
-276.949
-277.181
-276.75
-276.097
-275.24
-273.915
-271.407
-266.667
-258.538
-247.087
-234.006
-220.089
-204.884
-187.953
-169.291
-149.13
-127.845
-105.554
-82.2776
-57.4294
-30.2103
4.11491
42.9906
220.038
238.577
255.128
268.037
276.324
279.934
278.147
270.764
257.853
239.83
217.251
190.758
161.203
129.489
96.5651
63.3904
30.9025
0.0285224
-28.3492
-53.4211
-74.488
-91.0385
-102.937
-110.501
-114.591
-116.641
-117.27
-115.904
-112.316
-106.858
-99.8156
-91.3131
-81.2374
-69.4045
-55.6443
-39.2671
-19.8066
6.80278
40.4761
199.411
175.593
146.252
110.851
70.9777
26.82
-20.0466
-66.6623
-110.419
-149.583
-182.936
-209.881
-230.5
-245.401
-255.497
-261.816
-265.419
-267.231
-267.963
-268.088
-267.734
-266.704
-264.411
-259.974
-252.468
-241.86
-229.451
-216.046
-201.343
-184.953
-166.838
-147.181
-126.32
-104.365
-81.3449
-56.7085
-29.6804
4.32598
42.3836
206.554
222.924
237.679
249.329
257.061
260.807
259.911
254.186
243.575
228.339
208.851
185.574
159.182
130.424
100.125
69.1672
38.4552
8.88516
-18.6552
-43.3458
-64.4605
-81.4638
-94.1343
-102.683
-107.811
-110.694
-111.959
-111.229
-108.264
-103.35
-96.7788
-88.6998
-79.0321
-67.6078
-54.2466
-38.2433
-19.124
7.02693
39.5651
188.383
167.544
141.835
110.758
75.8259
36.9624
-4.59222
-46.2708
-85.9168
-122.168
-153.879
-180.386
-201.698
-218.355
-230.919
-240.013
-246.346
-250.611
-253.412
-255.19
-256.119
-256.072
-254.587
-250.958
-244.464
-235.024
-223.625
-211.038
-197.098
-181.467
-164.072
-145.047
-124.694
-103.123
-80.3894
-55.9848
-29.1773
4.44087
41.5361
193.124
207.744
221.017
231.61
238.814
242.571
242.319
237.87
229.113
216.204
199.386
178.97
155.479
129.513
101.767
73.0357
44.1554
15.9843
-10.6052
-34.7977
-55.8524
-73.2077
-86.5702
-96.0504
-102.189
-105.904
-107.787
-107.624
-105.197
-100.738
-94.5382
-86.7712
-77.3856
-66.2363
-53.1488
-37.4147
-18.563
7.14205
38.5599
176.91
158.417
135.574
107.9
76.8463
42.1758
4.86678
-32.8206
-69.0693
-102.832
-133.134
-159.316
-181.311
-199.293
-213.513
-224.377
-232.442
-238.278
-242.42
-245.27
-247.025
-247.609
-246.668
-243.621
-237.884
-229.342
-218.739
-206.782
-193.427
-178.391
-161.575
-143.073
-123.157
-101.925
-79.4512
-55.2624
-28.6866
4.46389
40.4867
180.172
193.325
205.34
215.019
221.721
225.409
225.608
222.135
214.863
203.885
189.352
171.469
150.631
127.303
102.06
75.5911
48.6542
22.0519
-3.38045
-26.8478
-47.6046
-65.0664
-78.8816
-89.0611
-95.9998
-100.415
-102.857
-103.239
-101.372
-97.4327
-91.6931
-84.3356
-75.3266
-64.5374
-51.7965
-36.3995
-17.881
7.28942
37.5401
165.6
149.059
128.604
103.781
75.975
44.8573
11.2256
-22.8926
-55.9298
-87.0633
-115.454
-140.482
-162.052
-180.221
-195.176
-207.203
-216.665
-223.947
-229.433
-233.437
-236.137
-237.492
-237.234
-234.902
-230.035
-222.514
-212.872
-201.725
-189.107
-174.785
-158.646
-140.756
-121.357
-100.538
-78.3922
-54.4666
-28.1652
4.43292
39.3123
167.857
179.767
190.702
199.577
205.807
209.374
209.88
207.157
201.076
191.692
179.102
163.426
144.959
124.057
101.18
76.9139
51.929
26.958
2.78303
-19.8307
-40.1454
-57.5628
-71.686
-82.4372
-90.0845
-95.1771
-98.189
-99.1174
-97.8035
-94.3763
-89.0827
-82.1119
-73.4472
-62.9766
-50.5382
-35.4406
-17.2352
7.38909
36.4858
154.669
139.757
121.3
98.8634
73.7739
45.6396
15.1272
-15.9314
-46.1454
-74.8722
-101.397
-125.164
-146.098
-164.22
-179.614
-192.427
-202.88
-211.22
-217.735
-222.664
-226.158
-228.198
-228.58
-226.926
-222.859
-216.248
-207.465
-197.03
-185.037
-171.32
-155.77
-138.432
-119.517
-99.1033
-77.2915
-53.6405
-27.6466
4.34701
38.0836
156.253
167.094
177.089
185.247
191.037
194.455
195.162
193.014
187.891
179.824
168.876
155.113
138.751
120.056
99.3876
77.2372
54.1816
30.8775
8.04537
-13.5875
-33.3082
-50.5138
-64.771
-75.9272
-84.1399
-89.8141
-93.3446
-94.7827
-94.0005
-91.0868
-86.258
-79.6985
-71.4029
-61.2725
-49.1549
-34.382
-16.5272
7.48733
35.4113
144.251
130.728
113.974
93.5753
70.7997
45.223
17.4046
-10.9716
-38.6603
-65.1482
-89.8235
-112.18
-132.181
-149.836
-165.172
-178.282
-189.306
-198.392
-205.72
-211.451
-215.684
-218.398
-219.425
-218.46
-215.19
-209.483
-201.583
-191.911
-180.599
-167.536
-152.623
-135.888
-117.508
-97.5537
-76.1187
-52.7827
-27.1446
4.20833
36.8186
145.373
155.285
164.458
171.972
177.35
180.603
181.436
179.734
175.381
168.405
158.846
146.734
132.225
115.513
96.8793
76.7225
55.5326
33.888
12.4432
-8.12613
-27.1401
-44.0009
-58.2512
-69.6756
-78.3378
-84.5223
-88.54
-90.4657
-90.1958
-87.7838
-83.4124
-77.2595
-69.3282
-59.5326
-47.7342
-33.2923
-15.8094
7.54913
34.2992
134.4
122.071
106.785
88.1426
67.3573
43.9864
18.5095
-7.5194
-32.9697
-57.4252
-80.3517
-101.299
-120.265
-137.269
-152.316
-165.473
-176.813
-186.402
-194.342
-200.718
-205.585
-208.906
-210.538
-210.222
-207.688
-202.806
-195.724
-186.778
-176.115
-163.68
-149.387
-133.249
-115.414
-95.9397
-74.9009
-51.9142
-26.6751
4.01482
35.4846
135.205
144.299
152.743
159.681
164.675
167.757
168.663
167.303
163.577
157.506
149.124
138.433
125.55
110.612
93.8322
75.5338
56.1242
36.1052
16.061
-3.38804
-21.6017
-37.9975
-52.1058
-63.6622
-72.6516
-79.2575
-83.7094
-86.0839
-86.2971
-84.3721
-80.4597
-74.7224
-67.1698
-57.7263
-46.2643
-32.1779
-15.101
7.5471
33.1209
125.132
113.843
99.8332
82.7234
63.6676
42.2195
18.7966
-5.16321
-28.6177
-51.2251
-72.5161
-92.0855
-109.959
-126.172
-140.729
-153.681
-165.07
-174.913
-183.25
-190.108
-195.492
-199.346
-201.534
-201.83
-199.997
-195.905
-189.632
-181.431
-171.45
-159.67
-146.019
-130.498
-113.231
-94.2613
-73.6447
-51.0467
-26.2349
3.7533
34.0313
125.716
134.088
141.884
148.301
152.938
155.847
156.788
155.693
152.479
147.166
139.781
130.316
118.854
105.494
90.3927
73.8086
56.0764
37.6251
18.9695
0.671189
-16.6753
-32.5097
-46.3605
-57.927
-67.1305
-74.0723
-78.9067
-81.6936
-82.3621
-80.9074
-77.4478
-72.1288
-64.9623
-55.8807
-44.7689
-31.0564
-14.4137
7.47686
31.8669
116.441
106.064
93.1766
77.4122
59.8749
40.115
18.5027
-3.62025
-25.2927
-46.2266
-66.0052
-84.2595
-101.039
-116.397
-130.345
-142.936
-154.193
-164.104
-172.666
-179.863
-185.657
-189.967
-192.659
-193.521
-192.342
-188.987
-183.484
-176.011
-166.707
-155.575
-142.561
-127.657
-110.966
-92.5137
-72.3441
-50.1718
-25.8189
3.40032
32.43
116.874
124.604
131.818
137.762
142.068
144.807
145.756
144.866
142.073
137.396
130.861
122.452
112.233
100.272
86.6815
71.6662
55.4996
38.543
21.2448
4.10734
-12.3247
-27.5202
-41.0137
-52.4798
-61.7904
-68.9816
-74.1397
-77.2963
-78.3871
-77.3816
-74.3679
-69.4688
-62.6967
-53.9896
-43.2412
-29.9228
-13.743
7.35136
30.55
108.306
98.7386
86.8422
72.2722
56.0757
37.811
17.8093
-2.67782
-22.7524
-42.1717
-60.5565
-77.5705
-93.2801
-107.756
-121.02
-133.129
-144.107
-153.924
-162.555
-169.949
-176.038
-180.719
-183.85
-185.231
-184.658
-181.997
-177.23
-170.476
-161.85
-151.369
-138.991
-124.708
-108.601
-90.6822
-70.9915
-49.283
-25.4213
2.93942
30.6833
108.639
115.792
122.482
127.994
131.997
134.57
135.507
134.78
132.335
128.194
122.386
114.89
105.758
95.0335
82.7984
69.2122
54.4957
38.9501
22.961
6.97292
-8.51803
-23.0153
-36.0683
-47.3366
-56.6563
-64.0125
-69.4329
-72.9145
-74.3927
-73.8126
-71.2317
-66.7502
-60.3768
-52.0531
-41.6823
-28.776
-13.0846
7.18298
29.1925
100.705
91.8559
80.8451
67.3392
52.3376
35.4062
16.8429
-2.17675
-20.8148
-38.8582
-55.9628
-71.8172
-86.5016
-100.099
-112.639
-124.193
-134.786
-144.388
-152.961
-160.433
-166.714
-171.681
-175.186
-177.029
-177.01
-174.987
-170.912
-164.851
-156.889
-147.052
-135.309
-121.647
-106.133
-88.7668
-69.5861
-48.376
-25.0547
2.36224
28.8185
100.97
107.604
113.819
118.94
122.663
125.074
125.988
125.389
123.233
119.547
114.364
107.66
99.4786
89.8483
78.8262
66.5355
53.1529
38.928
24.189
9.32607
-5.21487
-18.9736
-31.519
-42.5061
-51.7462
-59.1865
-64.8058
-68.5647
-70.3914
-70.2093
-68.0465
-63.9774
-58.0059
-50.0752
-40.0931
-27.6181
-12.4405
6.97641
27.8099
93.6067
85.4029
75.1842
62.6354
48.7038
32.9679
15.698
-1.99951
-19.3389
-36.1316
-52.0611
-66.8367
-80.5476
-93.2855
-105.091
-116.045
-126.183
-135.475
-143.884
-151.328
-157.702
-162.871
-166.679
-168.923
-169.4
-167.961
-164.534
-159.137
-151.828
-142.63
-131.519
-118.482
-103.569
-86.7749
-68.1354
-47.4582
-24.7257
1.68139
26.8794
93.8298
99.9952
105.779
110.54
114.006
116.263
117.146
116.647
114.734
111.438
106.792
100.779
93.4305
84.7679
74.8287
63.7083
51.5468
38.5493
24.9942
11.22
-2.37564
-15.3707
-27.357
-37.9924
-47.0738
-54.5222
-60.2776
-64.2647
-66.3994
-66.586
-64.8219
-61.1575
-55.5885
-48.0575
-38.4789
-26.4537
-11.8141
6.73127
26.4082
86.9834
79.3603
69.8567
58.1709
45.2029
30.5465
14.4456
-2.05629
-18.2169
-33.8699
-48.7198
-62.494
-75.2875
-87.1992
-98.2758
-108.61
-118.245
-127.161
-135.323
-142.65
-149.031
-154.323
-158.363
-160.947
-161.862
-160.952
-158.123
-153.358
-146.685
-138.118
-127.637
-115.227
-100.924
-84.7207
-66.646
-46.5347
-24.4463
0.922448
24.9116
87.1826
92.9222
98.3115
102.745
105.971
108.086
108.93
108.51
106.803
103.843
99.6643
94.2522
87.6364
79.8296
70.8569
60.7917
49.7438
37.8817
25.4391
12.7087
0.0413249
-12.1783
-23.568
-33.7952
-42.6501
-50.0371
-55.8668
-60.0321
-62.4318
-62.955
-61.569
-58.2986
-53.1308
-46.0061
-36.8415
-25.2848
-11.2071
6.44971
24.992
80.8048
73.7078
64.8514
53.9496
41.8543
28.1754
13.1372
-2.27607
-17.3643
-31.9747
-45.8318
-58.6784
-70.6132
-81.7374
-92.1041
-101.814
-110.921
-119.415
-127.268
-134.406
-140.718
-146.059
-150.261
-153.121
-154.417
-153.979
-151.7
-147.532
-141.473
-133.527
-123.671
-111.889
-98.2037
-82.6052
-65.1206
-45.6122
-24.2077
0.117797
22.9515
80.9933
86.3441
91.3737
95.505
98.5132
100.491
101.295
100.939
99.4082
96.7374
92.9656
88.0807
82.11
75.0617
66.9518
57.8364
47.8014
36.9844
25.5807
13.8418
2.0763
-9.36796
-20.1373
-29.9119
-38.4826
-45.7457
-51.5908
-55.884
-58.5053
-59.3311
-58.2986
-55.4088
-50.6381
-43.9233
-35.1856
-24.1147
-10.6205
6.13605
23.5662
75.0426
68.4236
60.1577
49.9687
38.6687
25.8807
11.812
-2.60728
-16.7139
-30.3682
-43.3107
-55.2989
-66.4316
-76.811
-86.4951
-95.5904
-104.159
-112.203
-119.704
-126.595
-132.774
-138.097
-142.398
-145.472
-147.088
-147.067
-145.287
-141.677
-136.208
-128.866
-119.629
-108.472
-95.4112
-80.4315
-63.5579
-44.6869
-24.0046
-0.710441
21.0079
75.2299
80.2264
84.9251
88.7793
91.585
93.4357
94.1981
93.8935
92.5141
90.0958
86.6804
82.2593
76.8586
70.484
63.1443
54.8832
45.7674
35.9084
25.4699
14.6672
3.76964
-6.90989
-17.0463
-26.3358
-34.5749
-41.6589
-47.4644
-51.836
-54.6351
-55.7279
-55.0232
-52.4985
-48.1187
-41.8167
-33.5142
-22.9453
-10.0541
5.79611
22.139
69.67
63.4878
55.7605
46.2248
35.6507
23.6782
10.4984
-3.00868
-16.2142
-28.989
-41.0887
-52.2815
-62.665
-72.3435
-81.3768
-89.8755
-97.9084
-105.488
-112.606
-119.21
-125.203
-130.45
-134.79
-138.017
-139.896
-140.237
-138.906
-135.811
-130.903
-124.149
-115.518
-104.984
-92.5494
-78.1995
-61.9603
-43.7595
-23.8185
-1.55381
19.07
69.8636
74.5339
78.9286
82.5278
85.1478
86.8787
87.6001
87.3383
86.0893
83.8925
80.791
76.7795
71.8835
66.1076
59.4564
51.9635
43.6806
34.6985
25.1536
15.2294
5.16045
-4.77293
-14.2735
-23.0565
-30.9276
-37.7855
-43.501
-47.9038
-50.8374
-52.1605
-51.7552
-49.5774
-45.5797
-39.6901
-31.8327
-21.7794
-9.50829
5.43514
20.7185
64.6618
58.8794
51.6469
42.71
32.8029
21.5794
9.21706
-3.45082
-15.8267
-27.7896
-39.1094
-49.5653
-59.252
-68.2729
-76.6892
-84.6137
-92.1214
-99.2331
-105.952
-112.238
-118.004
-123.128
-127.452
-130.777
-132.863
-133.511
-132.577
-129.957
-125.576
-119.388
-111.352
-101.434
-89.6277
-75.9175
-60.3304
-42.8232
-23.6496
-2.41712
17.1184
64.8665
69.2371
73.3509
76.7156
79.1631
80.7838
81.4652
81.2375
80.103
78.1017
75.278
71.6298
67.1825
61.9403
55.9051
49.1032
41.5746
33.3931
24.6721
15.5679
6.28508
-2.92694
-11.7975
-20.0615
-27.5373
-34.1305
-39.7115
-44.1004
-47.1267
-48.6428
-48.5081
-46.6571
-43.0308
-37.5523
-30.1449
-20.6193
-8.98222
5.05919
19.3144
59.9939
54.5794
47.801
39.4172
30.1241
19.5905
7.98312
-3.9087
-15.5176
-26.7297
-37.3275
-47.0993
-56.1371
-64.5419
-72.3759
-79.7531
-86.7517
-93.4011
-99.7149
-105.662
-111.172
-116.131
-120.394
-123.764
-126.005
-126.908
-126.323
-124.132
-120.245
-114.599
-107.141
-97.8306
-86.6526
-73.5898
-58.6725
-41.881
-23.4906
-3.30601
15.1492
60.2126
64.307
68.1617
71.3098
73.5994
75.1158
75.7591
75.5609
74.5269
72.6988
70.1223
66.7978
62.7507
57.9855
52.5022
46.322
39.4761
32.0239
24.0607
15.7191
7.17766
-1.34218
-9.59567
-17.3374
-24.3993
-30.6967
-36.1043
-40.4382
-43.5178
-45.1896
-45.295
-43.749
-40.481
-35.4088
-28.4568
-19.4679
-8.47557
4.67287
17.9334
55.6446
50.5685
44.2098
36.3364
27.6109
17.716
6.80763
-4.36509
-15.2622
-25.7783
-35.7051
-44.841
-53.2749
-61.1048
-68.3915
-75.2494
-81.7597
-87.9584
-93.8672
-99.4665
-104.697
-109.46
-113.623
-116.993
-119.339
-120.447
-120.162
-118.357
-114.929
-109.797
-102.899
-94.1858
-83.6338
-71.2243
-56.9884
-40.929
-23.3496
-4.21857
13.1752
55.879
59.7186
63.3331
66.2813
68.4237
69.8452
70.4516
70.2776
69.3335
67.6604
65.3047
62.2695
58.5802
54.2425
49.2549
43.6349
37.4065
30.6188
23.351
15.7168
7.87054
0.0100654
-7.64481
-14.8681
-21.5052
-27.4837
-32.6858
-36.928
-40.0235
-41.8144
-42.1295
-40.8654
-37.941
-33.269
-26.773
-18.3272
-7.98652
4.28287
16.5848
51.5923
46.8298
40.8587
33.4592
25.259
15.9563
5.69813
-4.80539
-15.0418
-24.9103
-34.213
-42.7569
-50.628
-57.9205
-64.6944
-71.0627
-77.1078
-82.8709
-88.3813
-93.6292
-98.567
-103.11
-107.139
-110.47
-112.877
-114.144
-114.113
-112.652
-109.645
-104.998
-98.6391
-90.5099
-80.5786
-68.8248
-55.2822
-39.9725
-23.2189
-5.14065
11.2268
51.8441
55.4467
58.8397
61.6022
63.6095
64.9419
65.5136
65.3614
64.4973
62.9632
60.8059
58.0304
54.6627
50.7088
46.1673
41.0525
35.3833
29.2002
22.5697
15.5891
8.39254
1.15571
-5.92281
-12.6366
-18.8452
-24.4888
-29.4594
-33.5776
-36.6551
-38.5303
-39.0246
-38.0185
-35.4207
-31.1397
-25.1
-17.2
-7.51427
3.89415
15.2747
47.8186
43.3457
37.7351
30.7752
23.0637
14.3128
4.6593
-5.2212
-14.8414
-24.1058
-32.8264
-40.8189
-48.165
-54.9553
-61.2488
-67.1573
-72.762
-78.1085
-83.2312
-88.1303
-92.7696
-97.0765
-100.946
-104.202
-106.63
-108.014
-108.193
-107.034
-104.411
-100.22
-94.3758
-86.8147
-77.4974
-66.4
-53.5561
-39.0087
-23.0994
-6.05465
9.33159
48.0876
51.4711
54.658
57.2489
59.1299
60.3808
60.9199
60.7859
59.9945
58.5859
56.6075
54.0661
50.988
47.3798
43.2404
38.5819
33.4195
27.7865
21.7394
15.3613
8.7696
2.12018
-4.40793
-10.6263
-16.409
-21.7078
-26.4272
-30.394
-33.4225
-35.3492
-35.9934
-35.2206
-32.9312
-29.0307
-23.4425
-16.0884
-7.05637
3.51291
14.0109
44.3048
40.1013
34.8246
28.2757
21.0189
12.7817
3.69437
-5.60391
-14.6485
-23.3486
-31.5252
-39.0029
-45.8594
-52.1816
-58.0267
-63.5027
-68.6923
-73.6422
-78.3921
-82.9493
-87.2886
-91.3485
-95.0377
-98.1937
-100.608
-102.069
-102.419
-101.521
-99.2448
-95.4761
-90.1231
-83.1124
-74.3981
-63.9542
-51.8149
-38.0395
-22.9768
-6.94199
7.5107
44.591
47.7705
50.7659
53.1975
54.9626
56.1366
56.6456
56.5289
55.8024
54.5077
52.6914
50.362
47.5454
44.2496
40.4734
36.2276
31.5246
26.3926
20.8789
15.0553
9.025
2.92669
-3.07886
-8.81998
-14.1838
-19.1347
-23.5885
-27.3821
-30.3345
-32.2828
-33.0478
-32.4837
-30.4831
-26.9496
-21.8075
-14.9952
-6.61189
3.14274
12.7982
41.034
37.0809
32.1169
25.9498
19.1184
11.3623
2.80373
-5.94895
-14.4545
-22.6263
-30.2938
-37.2899
-43.6888
-49.5738
-54.9999
-60.0718
-64.8707
-69.4459
-73.8393
-78.0658
-82.1076
-85.9156
-89.4114
-92.4445
-94.8154
-96.3199
-96.8037
-96.1293
-94.1633
-90.7856
-85.8966
-79.4161
-71.292
-61.4957
-50.0614
-37.0609
-22.8477
-7.79224
5.77038
41.337
44.3271
47.1438
49.4274
51.0841
52.1881
52.6691
52.5673
51.9006
50.7097
49.0408
46.9036
44.3242
41.3111
37.8638
33.9919
29.7059
25.0298
20.0039
14.6903
9.17956
3.59593
-1.91635
-7.20058
-12.1571
-16.7611
-20.9408
-24.544
-27.3974
-29.3406
-30.199
-29.8189
-28.0873
-24.9059
-20.1999
-13.9224
-6.1791
2.7895
11.643
37.9906
34.2716
29.5982
23.7899
17.3558
10.0494
1.98801
-6.25278
-14.2524
-21.9286
-29.1191
-35.6644
-41.6357
-47.1116
-52.1465
-56.8407
-61.2742
-65.4964
-69.5521
-73.4604
-77.2117
-80.7677
-84.0605
-86.9537
-89.2569
-90.7752
-91.3588
-90.8723
-89.1814
-86.1624
-81.7101
-75.7379
-68.1883
-59.0308
-48.2981
-36.0722
-22.7002
-8.59488
4.11518
38.3096
41.1227
43.7732
45.919
47.4763
48.514
48.9692
48.8818
48.2695
47.1734
45.6388
43.6769
41.313
38.5567
35.4076
31.8753
27.9683
23.7071
19.1269
14.2818
9.25136
4.14654
-0.902011
-5.75263
-10.3166
-14.5792
-18.4808
-21.8811
-24.6166
-26.5315
-27.4578
-27.2375
-25.7538
-22.9081
-18.6263
-12.8726
-5.75601
2.45599
10.5485
35.1602
31.6594
27.2589
21.7856
15.7246
8.84109
1.24569
-6.51351
-14.0376
-21.2481
-27.9905
-34.1135
-39.6845
-44.7791
-49.4479
-53.7895
-57.8809
-61.7721
-65.5089
-69.114
-72.5849
-75.8914
-78.9765
-81.7176
-83.9335
-85.4406
-86.0941
-85.7631
-84.3143
-81.6224
-77.578
-72.0911
-65.0984
-56.5672
-46.5289
-35.0709
-22.5319
-9.34611
2.54648
35.4943
38.1423
40.6369
42.6549
44.1186
45.0961
45.5274
45.4522
44.8908
43.882
42.4704
40.6683
38.501
35.978
33.1003
29.8764
26.3141
22.4313
18.2582
13.8427
9.2552
4.59535
-0.0195011
-4.46019
-8.64866
-12.579
-16.2028
-19.3924
-21.995
-23.8615
-24.8325
-24.749
-23.4923
-20.9641
-17.092
-11.8479
-5.34166
2.14687
9.51985
32.5288
29.2326
25.0868
19.9294
14.218
7.73138
0.575539
-6.73004
-13.8064
-20.5785
-26.8998
-32.6263
-37.8222
-42.5599
-46.888
-50.9008
-54.6732
-58.2544
-61.6911
-65.0095
-68.2113
-71.2741
-74.151
-76.7319
-78.8454
-80.3198
-81.017
-80.812
-79.5741
-77.1785
-73.514
-68.4871
-62.0315
-54.1112
-44.7561
-34.0556
-22.3349
-10.0375
1.07235
32.8769
35.37
37.7195
39.6179
40.9955
41.9159
42.3253
42.2626
41.7476
40.8191
39.5206
37.8647
35.8769
33.5669
30.9361
27.9932
24.7448
21.2066
17.4058
13.3843
9.20477
4.95686
0.746649
-3.30903
-7.14094
-10.7507
-14.1008
-17.0758
-19.5345
-21.3363
-22.3314
-22.3627
-21.312
-19.0823
-15.6027
-10.8513
-4.9351
1.86379
8.55808
30.0838
26.979
23.0735
18.2115
12.8296
6.71733
-0.024874
-6.90309
-13.5572
-19.9162
-25.8406
-31.1946
-36.0389
-40.4428
-44.4529
-48.1594
-51.6348
-54.9269
-58.0829
-61.1307
-64.0764
-66.9036
-69.5746
-71.9906
-73.9907
-75.4151
-76.1341
-76.0284
-74.9726
-72.844
-69.5311
-64.9389
-58.9979
-51.671
-42.9835
-33.026
-22.1079
-10.6643
-0.300597
30.4444
32.7928
35.0059
36.7932
38.0896
38.9583
39.3473
39.2956
38.8241
37.9697
36.7751
35.2537
33.4302
31.3147
28.9093
26.2223
23.2601
20.0366
16.576
12.9156
9.1112
5.24377
1.40942
-2.28581
-5.78123
-9.08458
-12.1679
-14.9278
-17.2353
-18.9592
-19.9604
-20.0863
-19.2208
-17.2694
-14.1634
-9.88472
-4.53515
1.60969
7.66611
27.8131
24.8884
21.2074
16.6252
11.5528
5.79281
-0.558097
-7.03283
-13.2884
-19.2577
-24.8084
-29.812
-34.3267
-38.418
-42.1313
-45.5526
-48.7512
-51.7745
-54.6685
-57.4624
-60.1653
-62.7669
-65.2365
-67.4862
-69.3655
-70.7268
-71.4488
-71.4196
-70.5197
-68.6301
-65.641
-61.457
-56.007
-49.2522
-41.2144
-31.981
-21.8426
-11.2182
-1.56312
28.1845
30.3968
32.4827
34.1658
35.3876
36.2068
36.5774
36.5368
36.1053
35.3197
34.221
32.8231
31.1503
29.2128
27.0133
24.5601
21.859
18.923
15.7732
12.4434
8.98356
5.46699
1.98084
-1.37874
-4.55828
-7.57082
-10.3966
-12.9441
-15.0964
-16.7325
-17.7244
-17.9266
-17.2262
-15.5324
-12.7792
-8.95072
-4.14198
1.38521
6.84338
25.7054
22.9497
19.4811
15.161
10.3814
4.9546
-1.02791
-7.1208
-13
-18.6015
-23.7997
-28.4735
-32.6784
-36.4776
-39.9138
-43.0694
-46.011
-48.784
-51.4342
-53.9906
-56.4653
-58.852
-61.1268
-63.2113
-64.9656
-66.2536
-66.9638
-66.9916
-66.224
-64.5474
-61.8548
-58.0526
-53.0688
-46.863
-39.4527
-30.9211
-21.5385
-11.696
-2.71065
26.0861
28.1709
30.1369
31.7229
32.874
33.6487
34.0021
33.9712
33.5776
32.8556
31.8456
30.5616
29.0272
27.2528
25.2417
23.0022
20.5396
17.8659
15.0003
11.9731
8.8298
5.63623
2.4717
-0.576268
-3.46105
-6.19952
-8.77908
-11.1195
-13.1154
-14.6567
-15.6267
-15.8884
-15.334
-13.8769
-11.4543
-8.05161
-3.75495
1.19169
6.09073
23.7499
21.1535
17.8843
13.813
9.3089
4.19613
-1.43663
-7.16879
-12.692
-17.9458
-22.8111
-27.1744
-31.0886
-34.614
-37.7917
-40.7005
-43.403
-45.944
-48.3674
-50.7027
-52.9631
-55.1472
-57.2352
-59.1579
-60.786
-61.9941
-62.6801
-62.7479
-62.0917
-60.604
-58.1823
-54.7352
-50.1913
-44.509
-37.7015
-29.8463
-21.1895
-12.0919
-3.73959
24.1382
26.1028
27.9567
29.4515
30.5376
31.2697
31.6076
31.5869
31.228
30.5652
29.6372
28.4582
27.0511
25.4264
23.588
21.5438
19.2993
16.8653
14.2597
11.5096
8.65602
5.75929
2.89113
0.131198
-2.47956
-4.96132
-7.3075
-9.44811
-11.2891
-12.7313
-13.6691
-13.9758
-13.5493
-12.3082
-10.1929
-7.18977
-3.37514
1.02816
5.40572
21.9368
19.4902
16.4099
12.5722
8.32926
3.5143
-1.78856
-7.17901
-12.3654
-17.2902
-21.8416
-25.9122
-29.5536
-32.8226
-35.7593
-38.4376
-40.9187
-43.2444
-45.4576
-47.5873
-49.6486
-51.6417
-53.552
-55.3179
-56.8205
-57.9447
-58.5975
-58.6913
-58.1282
-56.8075
-54.6318
-51.5136
-47.3829
-42.1973
-35.9656
-28.7576
-20.796
-12.4049
-4.64907
22.3311
24.1829
25.9308
27.3403
28.3649
29.0587
29.3822
29.3704
29.0445
28.4367
27.5848
26.5026
25.2126
23.7255
22.0454
20.1801
18.135
15.9203
13.5522
11.0555
8.46753
5.84297
3.24728
0.752872
-1.60448
-3.84712
-5.97367
-7.9235
-9.61332
-10.9544
-11.8523
-12.1912
-11.8758
-10.83
-8.99837
-6.36709
-3.00296
0.894586
4.78758
20.2563
17.9513
15.0484
11.4329
7.43632
2.90251
-2.08693
-7.15353
-12.0212
-16.6351
-20.8897
-24.685
-28.0695
-31.0987
-33.8101
-36.2749
-38.55
-40.6769
-42.6953
-44.635
-46.5105
-48.325
-50.0676
-51.6832
-53.0625
-54.101
-54.7142
-54.8228
-54.3371
-53.1632
-51.2101
-48.395
-44.65
-39.9329
-34.2477
-27.6558
-20.3548
-12.6326
-5.44049
20.655
22.4002
24.049
25.3784
26.3463
27.0033
27.3139
27.3114
27.0158
26.4592
25.6777
24.6852
23.5031
22.1424
20.6075
18.9061
17.0434
15.0292
12.8783
10.6133
8.26829
5.89315
3.54731
1.2968
-0.827014
-2.84816
-4.7695
-6.53884
-8.08293
-9.32328
-10.1755
-10.5358
-10.316
-9.44564
-7.87351
-5.58597
-2.63979
0.788872
4.23255
18.6999
16.5282
13.7937
10.3872
6.62433
2.35762
-2.33577
-7.09574
-11.6613
-15.9809
-19.9553
-23.4907
-26.6345
-29.4386
-31.9401
-34.206
-36.2909
-38.2334
-40.0723
-41.836
-43.5396
-45.1881
-46.7726
-48.2454
-49.5053
-50.4577
-51.0271
-51.1415
-50.7195
-49.6746
-47.9225
-45.3858
-41.9994
-37.7217
-32.5526
-26.5437
-19.8681
-12.7761
-6.11613
19.1015
20.7466
22.3013
23.5557
24.4699
25.0936
25.3922
25.3978
25.1313
24.6226
23.9064
22.9967
21.9141
20.6698
19.2681
17.7168
16.0211
14.1901
12.2376
10.1845
8.06146
5.91432
3.7972
1.77007
-0.139358
-1.95638
-3.6872
-5.28721
-6.69236
-7.83387
-8.63684
-9.00948
-8.87086
-8.15686
-6.82046
-4.84807
-2.28698
0.709572
3.73848
17.259
15.2133
12.6373
9.42968
5.88761
1.87313
-2.53846
-7.00772
-11.2872
-15.3284
-19.038
-22.3287
-25.2458
-27.8397
-30.1455
-32.2269
-34.1354
-35.9077
-37.5811
-39.1824
-40.7274
-42.2213
-43.6586
-44.9962
-46.1419
-47.0096
-47.5322
-47.6457
-47.276
-46.344
-44.773
-42.4906
-39.4359
-35.5683
-30.8831
-25.4228
-19.3359
-12.8366
-6.68039
17.6619
19.2123
20.6789
21.8626
22.7272
23.3188
23.6065
23.6207
23.3811
22.9169
22.2613
21.4282
20.4376
19.3002
18.0209
16.6071
15.0643
13.4008
11.6295
9.76965
7.84938
5.91042
4.00221
2.17922
0.465724
-1.16403
-2.71899
-4.16136
-5.43543
-6.4814
-7.23333
-7.61079
-7.54063
-6.96487
-5.84086
-4.15522
-1.94651
0.653707
3.30066
15.926
13.9991
11.5736
8.55309
5.22076
1.44623
-2.69925
-6.89279
-10.9012
-14.679
-18.1384
-21.1985
-23.903
-26.3
-28.4234
-30.3334
-32.0787
-33.6942
-35.2151
-36.667
-38.0655
-39.4168
-40.717
-41.9277
-42.9645
-43.7503
-44.2252
-44.3325
-44.0055
-43.1727
-41.764
-39.7136
-36.9645
-33.4772
-29.2435
-24.2968
-18.7617
-12.8181
-7.13677
16.329
17.7902
19.1732
20.2907
21.1079
21.6705
21.9479
21.9696
21.7556
21.333
20.7339
19.9717
19.0659
18.027
16.8599
15.5723
14.1691
12.6587
11.0528
9.36925
7.63387
5.88471
4.16683
2.52975
0.994758
-0.463953
-1.85756
-3.15416
-4.3057
-5.26045
-5.96095
-6.33721
-6.324
-5.8695
-4.93536
-3.50866
-1.62006
0.61884
2.91588
14.6934
12.879
10.595
7.75295
4.61866
1.07076
-2.82135
-6.75347
-10.5052
-14.0336
-17.2569
-20.1
-22.6047
-24.8177
-26.7712
-28.5222
-30.1167
-31.5877
-32.9682
-34.2829
-35.5468
-36.7665
-37.9396
-39.0316
-39.966
-40.6732
-41.1008
-41.1983
-40.9063
-40.1602
-38.8971
-37.0574
-34.5884
-31.4521
-27.6373
-23.1681
-18.1477
-12.7238
-7.49133
15.0951
16.4719
17.7765
18.8314
19.6048
20.1391
20.407
20.4365
20.2459
19.8622
19.3154
18.6191
17.7915
16.8434
15.7795
14.6073
13.332
11.9613
10.5063
8.98337
7.4162
5.8397
4.29482
2.82667
1.4538
0.150597
-1.0957
-2.25839
-3.29629
-4.16492
-4.81465
-5.18511
-5.21875
-4.86978
-4.10417
-2.9096
-1.3098
0.601507
2.57907
13.5546
11.8463
9.69702
7.02264
4.07656
0.744202
-2.90873
-6.59308
-10.1016
-13.3943
-16.3945
-19.0331
-21.3507
-23.3914
-25.1868
-26.7903
-28.2455
-29.5833
-30.835
-32.0238
-33.164
-34.2628
-35.3185
-36.3006
-37.1392
-37.7721
-38.1534
-38.2388
-37.9753
-37.3054
-36.1726
-34.5236
-32.3103
-29.4964
-26.068
-22.0411
-17.4989
-12.5597
-7.74957
13.9538
15.2513
16.4813
17.4773
18.2087
18.7173
18.9761
19.0121
18.8439
18.4963
17.9982
17.3628
16.6076
15.743
14.774
13.7077
12.5492
11.306
9.98846
8.61168
7.19746
5.77768
4.38971
3.0745
1.84823
0.685822
-0.426668
-1.4671
-2.40033
-3.18843
-3.78888
-4.15004
-4.22168
-3.96384
-3.34664
-2.35858
-1.01748
0.598644
2.28611
12.503
10.8953
8.87266
6.35835
3.5899
0.460983
-2.96427
-6.41391
-9.69228
-12.762
-15.5519
-17.9983
-20.1402
-22.0201
-23.6683
-25.1351
-26.4616
-27.6769
-28.8104
-29.8837
-30.9108
-31.8987
-32.8466
-33.727
-34.4771
-35.0405
-35.3774
-35.4493
-35.2092
-34.6061
-33.5899
-32.113
-30.132
-27.6126
-24.5389
-20.9193
-16.8194
-12.3314
-7.91858
12.8984
14.1206
15.2808
16.2211
16.9135
17.3968
17.6471
17.6897
17.5418
17.2277
16.7748
16.1958
15.5075
14.7199
13.838
12.8687
11.8171
10.6902
9.49773
8.25378
6.97833
5.70054
4.45444
3.27725
2.18311
1.14772
0.156168
-0.773299
-1.61078
-2.32424
-2.87752
-3.22688
-3.32887
-3.1491
-2.66163
-1.85593
-0.745013
0.606661
2.03188
11.5328
10.02
8.11798
5.75402
3.15438
0.218837
-2.99167
-6.21888
-9.27953
-12.1387
-14.7303
-16.9957
-18.9732
-20.7028
-22.214
-23.5542
-24.7619
-25.8647
-26.8897
-27.8576
-28.7813
-29.6679
-30.517
-31.3044
-31.9728
-32.4716
-32.7666
-32.8244
-32.6037
-32.0594
-31.1472
-29.8253
-28.0546
-25.8031
-23.0532
-19.8074
-16.1151
-12.0454
-8.00626
11.9234
13.0745
14.1682
15.0562
15.7109
16.1713
16.4133
16.4611
16.3325
16.0495
15.6384
15.1116
14.485
13.7683
12.9663
12.0859
11.1319
10.111
9.03243
7.90905
6.75931
5.60991
4.4918
3.43882
2.46342
1.54198
0.659222
-0.170105
-0.920638
-1.56546
-2.07419
-2.41001
-2.53581
-2.42231
-2.04732
-1.40147
-0.493908
0.622379
1.812
10.638
9.21526
7.42663
5.20636
2.76593
0.0129052
-2.9933
-6.01018
-8.86501
-11.5255
-13.9303
-16.0261
-17.8492
-19.4388
-20.8226
-22.0456
-23.1438
-24.1431
-25.0689
-25.9404
-26.7699
-27.5642
-28.3236
-29.0259
-29.6192
-30.0586
-30.3145
-30.3584
-30.154
-29.6615
-28.8422
-27.6594
-26.0783
-24.0693
-21.6138
-18.7091
-15.3909
-11.7088
-8.01976
11.0227
12.1064
13.1377
13.9759
14.5959
15.0334
15.2676
15.3209
15.2094
14.9551
14.5827
14.104
13.5342
12.8826
12.1541
11.3551
10.4903
9.56595
8.59079
7.57673
6.54072
5.50716
4.50429
3.5628
2.69357
1.87404
1.08864
0.349212
-0.322834
-0.905049
-1.37215
-1.69344
-1.83752
-1.77975
-1.50149
-0.994676
-0.265522
0.642578
1.62174
9.8135
8.47567
6.79522
4.70975
2.42068
-0.158941
-2.97266
-5.79053
-8.45095
-10.924
-13.1531
-15.0893
-16.7684
-18.2272
-19.4927
-20.6073
-21.6047
-22.5089
-23.344
-24.1277
-24.8716
-25.5821
-26.2597
-26.8845
-27.4096
-27.7948
-28.0148
-28.0453
-27.8547
-27.408
-26.6715
-25.6133
-24.2027
-22.4124
-20.2234
-17.6288
-14.653
-11.3285
-7.96842
10.1914
11.2117
12.1834
12.9747
13.561
13.9779
14.2043
14.2617
14.1665
13.9386
13.6017
13.1673
12.6498
12.0581
11.3968
10.6722
9.88869
9.0523
8.17106
7.25604
6.32276
5.39351
4.49412
3.65243
2.87795
2.14915
1.45044
0.791298
0.189634
-0.335938
-0.764598
-1.0709
-1.22858
-1.21722
-1.02143
-0.634572
-0.0607091
0.664501
1.45686
9.05402
7.79675
6.21791
4.26121
2.11483
-0.30126
-2.93199
-5.56178
-8.03873
-10.3354
-12.3992
-14.1863
-15.7304
-17.0676
-18.2233
-19.2377
-20.1422
-20.9594
-21.7116
-22.4154
-23.0815
-23.716
-24.3196
-24.8742
-25.3373
-25.6733
-25.8606
-25.8786
-25.6999
-25.2939
-24.6312
-23.6845
-22.4268
-20.833
-18.8844
-16.5708
-13.907
-10.9123
-7.85868
9.42452
10.3845
11.3003
12.047
12.602
12.9983
13.2174
13.2789
13.198
12.9943
12.6901
12.2963
11.8268
11.2899
10.6901
10.0334
9.32405
8.56762
7.77156
6.94609
6.10545
5.27006
4.46338
3.71078
3.02056
2.37216
1.75037
1.16252
0.623665
0.148945
-0.24449
-0.535821
-0.703241
-0.730102
-0.604028
-0.319832
0.11985
0.68562
1.3135
8.35513
7.17378
5.69175
3.85571
1.8449
-0.41588
-2.87437
-5.32653
-7.63047
-9.76097
-11.6697
-13.3167
-14.7353
-15.9591
-17.0132
-17.935
-18.7542
-19.4916
-20.1683
-20.7994
-21.395
-21.9608
-22.4975
-22.9887
-23.3959
-23.6876
-23.8453
-23.852
-23.6836
-23.3139
-22.7173
-21.8701
-20.7489
-19.3314
-17.5989
-15.5391
-13.1591
-10.4668
-7.70056
8.71772
9.62089
10.4831
11.1878
11.7126
12.0903
12.3019
12.3662
12.2988
12.1172
11.8428
11.4863
11.0606
10.5737
10.0301
9.43537
8.79342
8.10955
7.39063
6.64605
5.88883
5.13763
4.4139
3.74062
3.12502
2.54778
1.99393
1.46927
0.986016
0.556756
0.195266
-0.0813994
-0.25544
-0.313498
-0.245876
-0.0488018
0.27597
0.703893
1.18789
7.71235
6.60294
5.21168
3.49086
1.60758
-0.506945
-2.8019
-5.08641
-7.22736
-9.20169
-10.965
-12.4813
-13.7824
-14.9012
-15.8612
-16.6977
-17.4385
-18.1031
-18.7109
-19.276
-19.8078
-20.3115
-20.7879
-21.2221
-21.5792
-21.8311
-21.9625
-21.9588
-21.8001
-21.4628
-20.9252
-20.1669
-19.1677
-17.9077
-16.3688
-14.5374
-12.4144
-9.9997
-7.49946
8.06641
8.91559
9.72763
10.3923
10.8891
11.2481
11.4526
11.5198
11.4639
11.3025
11.0554
10.7328
10.3471
9.90583
9.41337
8.8749
8.29416
7.67604
7.02683
6.35516
5.67292
4.99716
4.34743
3.74456
3.19498
2.68042
2.18656
1.71745
1.28342
0.894412
0.561857
0.299261
0.12103
0.0377419
0.0567677
0.180552
0.407771
0.71753
1.07715
7.12176
6.08013
4.77533
3.16219
1.40005
-0.57575
-2.71719
-4.84362
-6.83122
-8.65889
-10.2859
-11.6799
-12.872
-13.8931
-14.7662
-15.5241
-16.1931
-16.7911
-17.3363
-17.8416
-18.3157
-18.7635
-19.1856
-19.5687
-19.881
-20.0977
-20.2057
-20.1935
-20.0434
-19.7355
-19.2505
-18.5714
-17.681
-16.5613
-15.1955
-13.569
-11.6785
-9.51703
-7.26523
7.46671
8.26508
9.02908
9.65611
10.1259
10.468
10.6652
10.7342
10.6892
10.5459
10.3235
10.0318
9.68242
9.28267
8.83666
8.34925
7.82397
7.26527
6.67895
6.07287
5.45785
4.84955
4.26569
3.72523
3.23383
2.77445
2.33317
1.91301
1.52214
1.16892
0.862281
0.612947
0.43245
0.328933
0.307936
0.370668
0.515868
0.725388
0.978173
6.5793
5.60195
4.37811
2.86782
1.21954
-0.625912
-2.62169
-4.59934
-6.44289
-8.13311
-9.63269
-10.9129
-12.0034
-12.9342
-13.727
-14.4128
-15.0159
-15.5533
-16.0416
-16.4927
-16.9148
-17.3122
-17.6857
-18.0231
-18.2957
-18.4812
-18.5689
-18.5493
-18.4076
-18.126
-17.6883
-17.0801
-16.2864
-15.2916
-14.0799
-12.6369
-10.9558
-9.02561
-7.00235
6.91439
7.6644
8.38344
8.97475
9.41956
9.74472
9.93507
10.0059
9.97014
9.84333
9.64329
9.37959
9.06322
8.70108
8.29712
7.85593
7.38073
6.87564
6.34593
5.79874
5.24399
4.69582
4.17048
3.68515
3.2449
2.83384
2.43867
2.06128
1.7084
1.3867
1.10317
0.86625
0.684912
0.565542
0.511983
0.524364
0.601282
0.726608
0.88898
6.08133
5.16458
4.01795
2.60383
1.06358
-0.658274
-2.51762
-4.35531
-6.06366
-7.62521
-9.00586
-10.18
-11.1765
-12.0236
-12.7425
-13.3621
-13.9051
-14.3872
-14.8238
-15.226
-15.6012
-15.9535
-16.2835
-16.58
-16.8175
-16.9757
-17.0458
-17.0202
-16.8864
-16.6289
-16.2338
-15.6888
-14.9812
-14.0973
-13.0228
-11.7435
-10.2508
-8.53052
-6.71959
6.40584
7.11036
7.7864
8.34409
8.76477
9.07466
9.25817
9.32997
9.30293
9.19102
9.01127
8.77292
8.48637
8.1582
7.79221
7.39268
6.96263
6.50578
6.02694
5.53257
5.03163
4.53708
4.0636
3.62681
3.2314
2.8625
2.50755
2.16746
1.84784
1.55373
1.29085
1.06533
0.8845
0.752948
0.673327
0.644692
0.665453
0.72098
0.807567
5.62411
4.76486
3.69059
2.36845
0.929708
-0.676155
-2.4062
-4.11232
-5.69397
-7.13528
-8.40519
-9.48108
-10.3905
-11.1607
-11.8116
-12.3705
-12.8586
-13.2905
-13.6804
-14.0384
-14.3714
-14.6831
-14.9742
-15.2346
-15.441
-15.5753
-15.6303
-15.6001
-15.4739
-15.2386
-14.8819
-14.3933
-13.7624
-12.977
-12.0243
-10.8911
-9.56734
-8.03792
-6.42071
5.93733
6.59855
7.23433
7.76005
8.15831
8.45287
8.63
8.70304
8.68354
8.5852
8.4239
8.20852
7.94892
7.65137
7.31956
6.95749
6.56799
6.15446
5.72123
5.27413
4.82125
4.3744
3.94677
3.55276
3.19642
2.86432
2.54414
2.23659
1.94565
1.67591
1.43104
1.21639
1.03698
0.896644
0.796432
0.734855
0.710037
0.708522
0.732761
5.2044
4.39936
3.39415
2.15796
0.815542
-0.680358
-2.28944
-3.87191
-5.33482
-6.66384
-7.83078
-8.81553
-9.64482
-10.3442
-10.9329
-11.4364
-11.8745
-12.2608
-12.6083
-12.9265
-13.2216
-13.497
-13.7535
-13.9818
-14.1609
-14.2746
-14.3167
-14.283
-14.1644
-13.9493
-13.6272
-13.1894
-12.6267
-11.9289
-11.0844
-10.0813
-8.90911
-7.55188
-6.11321
5.50594
6.12644
6.72364
7.2191
7.59543
7.87599
8.04676
8.1203
8.10805
8.02212
7.8777
7.68324
7.44802
7.17808
6.87695
6.54847
6.19528
5.82052
5.42808
5.02319
4.6133
4.2088
3.82189
3.46537
3.14333
2.8429
2.55304
2.27326
2.00745
1.75847
1.52994
1.3251
1.14834
1.00174
0.885722
0.798176
0.737074
0.689794
0.6634
4.819
4.06536
3.12479
1.97071
0.718712
-0.674174
-2.16861
-3.63497
-4.98667
-6.21091
-7.28213
-8.18283
-8.9382
-9.57286
-10.1048
-10.558
-10.9507
-11.2957
-11.605
-11.8873
-12.1483
-12.3913
-12.6169
-12.8168
-12.972
-13.0678
-13.0992
-13.0631
-12.9518
-12.7555
-12.4649
-12.0725
-11.5707
-10.9508
-10.2028
-9.31568
-8.27902
-7.07747
-5.80022
5.10864
5.69037
6.25144
6.71788
7.07356
7.33985
7.50441
7.57858
7.5725
7.49796
7.36905
7.1937
6.98065
6.73565
6.46212
6.16372
5.84298
5.50282
5.14678
4.77969
4.40798
4.04133
3.69044
3.36711
3.07489
2.80215
2.53821
2.28259
2.03808
1.80737
1.59293
1.39744
1.2238
1.07328
0.945541
0.838094
0.748769
0.665477
0.598745
4.46532
3.76
2.88098
1.80342
0.636987
-0.658406
-2.04581
-3.40319
-4.65072
-5.7771
-6.75936
-7.58209
-8.26971
-8.84507
-9.32544
-9.73297
-10.0848
-10.3925
-10.6674
-10.9174
-11.148
-11.362
-11.5601
-11.735
-11.8693
-11.9498
-11.9723
-11.9347
-11.8308
-11.6518
-11.3897
-11.0383
-10.591
-10.0407
-9.37853
-8.59483
-7.67937
-6.6175
-5.48725
4.74305
5.28835
5.81478
6.25361
6.58893
6.84188
6.99992
7.07378
7.07337
7.00915
6.8944
6.73654
6.5437
6.32131
6.07266
5.80125
5.50952
5.20025
4.87669
4.54313
4.20565
3.87261
3.55378
3.25981
2.9939
2.74529
2.50392
2.26902
2.0429
1.8278
1.62574
1.43866
1.26854
1.11594
0.979945
0.857852
0.747279
0.636335
0.538242
4.14072
3.4811
2.6595
1.65482
0.568362
-0.636005
-1.92225
-3.17749
-4.32761
-5.36273
-6.26226
-7.01302
-7.63799
-8.15921
-8.59267
-8.95898
-9.27396
-9.54831
-9.79238
-10.0135
-10.2168
-10.4049
-10.5787
-10.7315
-10.8477
-10.9151
-10.9305
-10.8924
-10.7957
-10.6329
-10.397
-10.0825
-9.68429
-9.19609
-8.61062
-7.91906
-7.11175
-6.1754
-5.17709
4.4066
4.9173
5.41126
5.82362
6.13967
6.37889
6.5303
6.60362
6.60757
6.55246
6.45048
6.3085
6.13405
5.9322
5.70607
5.45897
5.19327
4.91157
4.61694
4.31339
4.00621
3.70318
3.41294
3.14513
2.90262
2.67536
2.45384
2.23702
2.02682
1.82511
1.63373
1.45405
1.28752
1.13415
0.992721
0.860532
0.734471
0.603056
0.481315
3.84307
3.2263
2.45925
1.52218
0.51118
-0.607381
-1.79963
-2.95936
-4.01854
-4.96863
-5.79126
-6.47512
-7.0425
-7.51383
-7.90449
-8.23349
-8.51538
-8.75986
-8.97648
-9.17189
-9.35091
-9.51612
-9.66839
-9.80183
-9.90227
-9.95879
-9.96853
-9.93077
-9.84139
-9.69379
-9.48187
-9.20105
-8.84694
-8.41462
-7.89756
-7.28796
-6.57698
-5.75271
-4.87337
4.09732
4.57555
5.0384
5.42563
5.72275
5.94906
6.09352
6.16514
6.17275
6.12542
6.03466
5.90686
5.74897
5.56571
5.35995
5.1348
4.8925
4.63555
4.3668
4.0899
3.80987
3.53361
3.26889
3.02459
2.80306
2.59506
2.39132
2.19067
1.99444
1.80445
1.62216
1.44894
1.28564
1.13234
0.987706
0.848744
0.711913
0.566071
0.427644
3.57014
2.99383
2.27753
1.40467
0.463985
-0.57479
-1.67846
-2.74919
-3.72379
-4.59492
-5.34626
-5.9684
-6.4823
-6.90778
-7.25919
-7.5542
-7.8062
-8.02398
-8.21618
-8.38887
-8.54648
-8.69146
-8.82481
-8.94134
-9.02831
-9.07575
-9.08129
-9.04474
-8.96279
-8.82965
-8.63994
-8.38976
-8.07558
-7.69324
-7.23704
-6.70038
-6.07532
-5.35125
-4.57795
3.81294
4.26034
4.69409
5.05727
5.33658
5.54983
5.68723
5.75698
5.76691
5.72603
5.64493
5.52956
5.38638
5.21976
5.03231
4.82692
4.60568
4.37093
4.12537
3.87237
3.61666
3.36433
3.1227
2.89949
2.69724
2.50669
2.31952
2.1335
1.95023
1.77047
1.59644
1.42846
1.26825
1.11505
0.968588
0.824928
0.681221
0.525821
0.376666
3.32011
2.78165
2.11349
1.30006
0.425613
-0.538046
-1.55973
-2.54768
-3.44381
-4.24185
-4.92738
-5.49234
-5.95717
-6.34022
-6.65544
-6.91925
-7.14399
-7.33766
-7.50807
-7.66069
-7.79952
-7.92685
-8.04373
-8.14568
-8.22122
-8.26125
-8.26389
-8.22937
-8.15503
-8.03571
-7.86664
-7.64445
-7.36626
-7.02864
-6.62676
-6.15513
-5.60629
-4.97148
-4.29281
3.5517
3.97024
4.37613
4.71652
4.97852
5.17958
5.30976
5.37673
5.38837
5.35277
5.27988
5.17529
5.04504
4.8931
4.72189
4.53408
4.33163
4.11675
3.89186
3.66048
3.42651
3.19598
2.97503
2.77142
2.58658
2.41279
2.24074
2.06919
1.89764
1.72818
1.56112
1.39845
1.24011
1.08745
0.938887
0.792323
0.643709
0.482791
0.327509
3.09099
2.5882
1.9647
1.20768
0.394878
-0.499023
-1.44352
-2.35453
-3.17797
-3.90867
-4.53376
-5.04653
-5.46607
-5.81027
-6.09218
-6.32721
-6.52687
-6.6985
-6.84924
-6.98395
-7.10629
-7.2183
-7.32104
-7.41054
-7.47655
-7.51075
-7.51167
-7.4799
-7.41335
-7.30736
-7.15757
-6.96103
-6.71538
-6.41782
-6.06437
-5.65028
-5.16949
-4.61364
-4.01884
3.31168
3.70294
4.08282
4.40145
4.6472
4.83599
4.95895
5.0231
5.03543
5.00416
4.93828
4.84309
4.72419
4.58513
4.42811
4.25567
4.06973
3.87232
3.66599
3.45364
3.23949
3.02852
2.82676
2.64095
2.47292
2.31461
2.15783
1.99989
1.84078
1.68095
1.52157
1.36333
1.20721
1.05394
0.903484
0.753695
0.601551
0.437066
0.279016
2.88121
2.41168
1.83038
1.12539
0.37061
-0.45759
-1.33061
-2.17
-2.92598
-3.59467
-4.1646
-4.62967
-5.00827
-5.31693
-5.56839
-5.777
-5.9535
-6.10479
-6.23744
-6.35591
-6.46355
-6.56215
-6.65274
-6.73179
-6.78999
-6.81978
-6.82001
-6.79162
-6.733
-6.63989
-6.50828
-6.33544
-6.11933
-5.85772
-5.5473
-5.18449
-4.7633
-4.27724
-3.75657
3.09151
3.4573
3.81233
4.11033
4.34027
4.51752
4.63318
4.69374
4.70651
4.67888
4.61907
4.53218
4.42335
4.29559
4.15085
3.99162
3.81985
3.6376
3.4472
3.25193
3.05527
2.86215
2.678
2.50904
2.35687
2.21382
2.07192
1.92807
1.78162
1.63242
1.48116
1.32812
1.17408
1.02014
0.866906
0.71326
0.55707
0.389408
0.229889
2.68919
2.25085
1.70854
1.05272
0.351812
-0.415553
-1.221
-1.99361
-2.68678
-3.2984
-3.81817
-4.24044
-4.58197
-4.85885
-5.08287
-5.26753
-5.42287
-5.55534
-5.67119
-5.77462
-5.86877
-5.95533
-6.03525
-6.10539
-6.15724
-6.18383
-6.18429
-6.15979
-6.10915
-6.02857
-5.91422
-5.76344
-5.57444
-5.34526
-5.07321
-4.75533
-4.38659
-3.96184
-3.50626
2.88953
3.2312
3.56304
3.84129
4.05634
4.22196
4.33032
4.38753
4.40013
4.37572
4.32123
4.24175
4.14199
4.02426
3.89016
3.74218
3.58228
3.41263
3.23583
3.05489
2.87378
2.69682
2.52909
2.37622
2.23945
2.11145
1.98443
1.85498
1.72186
1.58431
1.44234
1.2957
1.14465
0.990334
0.833825
0.675266
0.513639
0.341645
0.180217
2.51374
2.10444
1.59885
0.988206
0.33777
-0.372392
-1.11528
-1.82552
-2.45993
-3.01898
-3.4933
-3.87685
-4.18565
-4.4343
-4.63417
-4.79765
-4.93404
-5.04939
-5.14965
-5.23888
-5.32024
-5.39542
-5.46543
-5.52752
-5.57392
-5.59811
-5.5994
-5.57913
-5.5365
-5.46804
-5.3702
-5.24031
-5.0765
-4.87692
-4.63929
-4.36116
-4.03841
-3.66717
-3.2685
2.70438
3.02348
3.33315
3.59267
3.79321
3.94788
4.04907
4.10248
4.11511
4.09384
4.04394
3.9711
3.87964
3.77092
3.64623
3.50788
3.35779
3.19817
3.03191
2.86279
2.69475
2.53213
2.37986
2.24263
2.12135
2.00854
1.89672
1.78203
1.6629
1.53787
1.40652
1.26771
1.12113
0.967382
0.807939
0.643651
0.475137
0.296774
0.131666
2.35339
1.97137
1.4997
0.931655
0.327893
-0.329648
-1.01332
-1.66524
-2.24394
-2.75468
-3.18806
-3.53719
-3.8167
-4.04097
-4.22018
-4.36564
-4.48579
-4.58618
-4.67238
-4.74835
-4.81732
-4.88119
-4.94123
-4.9952
-5.03611
-5.05793
-5.06007
-5.04395
-5.00905
-4.9523
-4.87033
-4.76043
-4.62058
-4.44877
-4.24275
-4.00048
-3.71846
-3.39415
-3.04479
2.53522
2.83306
3.12209
3.36376
3.55062
3.69423
3.78835
3.83824
3.85046
3.83229
3.78591
3.719
3.63532
3.53493
3.41891
3.28929
3.14747
2.99557
2.83696
2.67647
2.51828
2.36793
2.22929
2.10741
2.00156
1.90471
1.80861
1.70961
1.6051
1.49381
1.37418
1.24504
1.1046
0.953387
0.7919
0.622404
0.445742
0.259396
0.0878807
2.20754
1.85086
1.41112
0.882104
0.321965
-0.286312
-0.915481
-1.51317
-2.03833
-2.50448
-2.90113
-3.21905
-3.47287
-3.67598
-3.83801
-3.96875
-4.07579
-4.16395
-4.23829
-4.30247
-4.35976
-4.41227
-4.46176
-4.50663
-4.54096
-4.55936
-4.56147
-4.54871
-4.52086
-4.47507
-4.40828
-4.31765
-4.20102
-4.05601
-3.88017
-3.67135
-3.42647
-3.14387
-2.83724
2.38277
2.66101
2.93058
3.15544
3.32891
3.46174
3.54865
3.59368
3.60526
3.5895
3.54442
3.48309
3.40717
3.31479
3.20734
3.08655
2.95269
2.80708
2.65421
2.49871
2.34757
2.20559
2.0789
1.97021
1.87992
1.7986
1.71929
1.63603
1.5473
1.44983
1.34341
1.22474
1.09299
0.94596
0.785443
0.611558
0.427991
0.23215
0.0529844
2.07657
1.74341
1.33315
0.84111
0.32146
-0.24146
-0.819285
-1.36721
-1.84369
-2.26915
-2.63232
-2.92166
-3.15176
-3.33692
-3.48471
-3.60405
-3.70116
-3.78025
-3.84552
-3.90019
-3.94715
-3.98876
-4.02699
-4.06133
-4.08687
-4.09963
-4.09943
-4.08827
-4.06584
-4.02985
-3.97712
-3.90506
-3.81114
-3.69277
-3.5468
-3.37081
-3.16137
-2.91735
-2.64894
2.24604
2.50614
2.75805
2.96725
3.12802
3.24973
3.32908
3.36845
3.37893
3.36343
3.31587
3.26079
3.19348
3.10878
3.00996
2.89873
2.77345
2.63464
2.48557
2.33377
2.186
2.0502
1.93188
1.83561
1.75905
1.69407
1.63099
1.56483
1.49128
1.40864
1.31448
1.20747
1.08448
0.9446
0.786625
0.611839
0.422568
0.219656
0.0324204
1.95982
1.64844
1.26616
0.808408
0.327379
-0.1923
-0.722331
-1.2239
-1.65782
-2.04953
-2.38241
-2.64381
-2.85234
-3.0211
-3.15769
-3.26836
-3.35913
-3.43248
-3.49243
-3.54066
-3.58009
-3.61203
-3.63931
-3.66153
-3.67606
-3.67971
-3.67404
-3.66104
-3.6416
-3.61297
-3.57269
-3.51763
-3.44571
-3.35354
-3.2378
-3.09495
-2.92096
-2.71399
-2.48069
2.14312
2.38865
2.62525
2.81903
2.96527
3.07194
3.13749
3.1623
3.1634
3.1316
3.07471
3.03687
2.98969
2.91921
2.8334
2.7354
2.62187
2.49134
2.34792
2.19854
2.05294
1.92015
1.80725
1.71901
1.65338
1.60136
1.55288
1.50144
1.44188
1.37167
1.28833
1.19061
1.07574
0.942572
0.78894
0.615832
0.424876
0.217301
0.0240948
1.87213
1.57745
1.21549
0.784628
0.334804
-0.148351
-0.629427
-1.07691
-1.44638
-1.83063
-2.1501
-2.39458
-2.58972
-2.7509
-2.88261
-2.99106
-3.08071
-3.15433
-3.21421
-3.26222
-3.29956
-3.32757
-3.34808
-3.36166
-3.36627
-3.36036
-3.34635
-3.32837
-3.30766
-3.28234
-3.24955
-3.20665
-3.15119
-3.08016
-2.98965
-2.87528
-2.73163
-2.55572
-2.35043
2.06355
2.29645
2.51896
2.69727
2.82768
2.91624
2.96359
2.96893
2.95358
2.89517
2.82452
2.81234
2.79198
2.74006
2.67019
2.58764
2.48786
2.36843
2.23208
2.08741
1.94465
1.81444
1.70512
1.62189
1.56361
1.52092
1.48407
1.44472
1.3974
1.3375
1.26346
1.17295
1.06515
0.937679
0.789676
0.620124
0.430801
0.222131
0.0246226
1.80538
1.52426
1.17943
0.770569
0.348379
-0.100461
-0.534111
-0.930591
-1.23372
-1.62096
-1.93604
-2.16879
-2.35587
-2.51284
-2.64316
-2.75195
-2.84316
-2.91924
-2.9819
-3.03258
-3.07162
-3.09958
-3.11748
-3.12583
-3.12294
-3.10812
-3.08544
-3.06086
-3.03659
-3.01138
-2.98249
-2.94742
-2.90382
-2.84899
-2.77886
-2.68845
-2.57136
-2.42327
-2.24345
1.98556
2.20588
2.41445
2.57807
2.69345
2.76535
2.79565
2.78234
2.75068
2.6674
2.58567
2.59413
2.59802
2.56414
2.50942
2.44145
2.35555
2.24794
2.12131
1.98297
1.84453
1.71727
1.61048
1.53016
1.47607
1.43994
1.41227
1.38408
1.34841
1.29908
1.23398
1.15093
1.04969
0.928894
0.78789
0.625298
0.442272
0.237566
0.0406657
1.74031
1.47318
1.14571
0.759622
0.364398
-0.0519016
-0.441243
-0.794013
-1.03681
-1.42118
-1.73033
-1.95021
-2.12634
-2.27713
-2.40463
-2.5126
-2.60489
-2.68314
-2.74908
-2.80346
-2.84617
-2.87638
-2.89437
-2.89941
-2.88995
-2.86568
-2.83333
-2.80017
-2.77026
-2.74296
-2.71622
-2.68729
-2.65426
-2.61442
-2.56415
-2.49807
-2.40893
-2.29118
-2.14052
1.90918
2.11697
2.31206
2.46164
2.563
2.61919
2.63352
2.60294
2.5552
2.44903
2.35798
2.38304
2.40831
2.3916
2.35075
2.29565
2.22242
2.12747
2.01165
1.88249
1.75054
1.62803
1.52399
1.44533
1.39239
1.35921
1.33681
1.31719
1.29149
1.25277
1.19684
1.12195
1.02704
0.913294
0.779639
0.626548
0.453038
0.257795
0.0661093
1.6771
1.42412
1.11442
0.750579
0.381542
-0.00339278
-0.353359
-0.666899
-0.858059
-1.2319
-1.53251
-1.73856
-1.90203
-2.04455
-2.16731
-2.27376
-2.36597
-2.44614
-2.51471
-2.57334
-2.62035
-2.65498
-2.67509
-2.67974
-2.66526
-2.63293
-2.59041
-2.54769
-2.50978
-2.47829
-2.45098
-2.42595
-2.40072
-2.37349
-2.34073
-2.29768
-2.23643
-2.15003
-2.02876
1.83495
2.03052
2.21236
2.34851
2.43635
2.47792
2.47713
2.42982
2.36653
2.23964
2.1409
2.17877
2.22276
2.22201
2.19378
2.14973
2.08803
2.00527
1.90259
1.78483
1.66281
1.54744
1.4484
1.37195
1.31938
1.28583
1.26452
1.2483
1.22927
1.19862
1.15211
1.08537
0.998241
0.89171
0.766951
0.62448
0.464264
0.283653
0.107012
1.61574
1.37681
1.08435
0.742629
0.398314
0.042694
-0.271704
-0.549794
-0.697151
-1.05293
-1.34185
-1.53423
-1.68425
-1.81689
-1.93425
-2.03804
-2.13011
-2.21093
-2.28187
-2.34342
-2.39503
-2.43424
-2.45871
-2.46519
-2.44934
-2.41176
-2.36176
-2.31029
-2.2651
-2.22883
-2.20067
-2.17818
-2.15917
-2.14171
-2.12335
-2.09993
-2.06431
-2.00936
-1.92342
1.76306
1.94677
2.11577
2.23877
2.31361
2.34081
2.32555
2.26256
2.18509
2.0389
1.93375
1.98181
2.04138
2.05456
2.03729
2.00283
1.9514
1.88154
1.79284
1.69004
1.58046
1.47488
1.38229
1.30929
1.25746
1.22274
1.19972
1.18303
1.16612
1.14028
1.10113
1.04201
0.961871
0.861752
0.743854
0.609887
0.460523
0.291959
0.12284
1.55632
1.3308
1.05504
0.734058
0.413193
0.0857006
-0.19762
-0.442112
-0.553551
-0.884407
-1.15803
-1.33744
-1.4744
-1.59694
-1.70785
-1.80874
-1.8999
-1.98084
-2.05208
-2.11432
-2.16739
-2.20932
-2.23704
-2.24618
-2.23052
-2.1903
-2.13441
-2.07531
-2.02249
-1.98086
-1.95046
-1.92909
-1.91392
-1.90301
-1.89457
-1.88566
-1.87007
-1.83959
-1.77587
1.69415
1.8665
2.0228
2.13285
2.19447
2.20781
2.17864
2.10078
2.01052
1.84553
1.73529
1.79121
1.86373
1.88821
1.87968
1.85309
1.81135
1.75416
1.68259
1.59766
1.50476
1.4117
1.3268
1.25689
1.20439
1.1667
1.1396
1.11984
1.10263
1.08057
1.05004
1.00312
0.936562
0.8504
0.74606
0.626301
0.492605
0.344422
0.2005
1.49908
1.28605
1.02538
0.723798
0.424432
0.122996
-0.132315
-0.345336
-0.425716
-0.725585
-0.980639
-1.14785
-1.27419
-1.38673
-1.49122
-1.5879
-1.67791
-1.7584
-1.83002
-1.89176
-1.9449
-1.98715
-2.01728
-2.02989
-2.01933
-1.98292
-1.92886
-1.86853
-1.8138
-1.77089
-1.7421
-1.72488
-1.71611
-1.71262
-1.71275
-1.71485
-1.7156
-1.7116
-1.69143
1.62894
1.79046
1.93448
2.03163
2.08023
2.07978
2.03701
1.94444
1.84214
1.65663
1.54085
1.60363
1.68778
1.72224
1.72114
1.70132
1.66738
1.62228
1.56717
1.50251
1.42966
1.35326
1.28011
1.21609
1.16378
1.1212
1.08611
1.05687
1.0317
1.00457
0.975304
0.933553
0.876858
0.802043
0.711094
0.603814
0.482408
0.341455
0.192203
1.44466
1.24269
0.995352
0.710403
0.429945
0.152386
-0.0780702
-0.259112
-0.313827
-0.577408
-0.809995
-0.966593
-1.08396
-1.18862
-1.2861
-1.37773
-1.46241
-1.53829
-1.60392
-1.66015
-1.70711
-1.74507
-1.77257
-1.78606
-1.77849
-1.74668
-1.69566
-1.63583
-1.57811
-1.53111
-1.49872
-1.48043
-1.47289
-1.47238
-1.47625
-1.48262
-1.48786
-1.48539
-1.45403
1.56835
1.71985
1.85229
1.93742
1.97356
1.96068
1.90429
1.79674
1.68184
1.47128
1.34487
1.41168
1.50656
1.5514
1.5614
1.55231
1.52875
1.49447
1.45351
1.40592
1.35058
1.28878
1.22531
1.16664
1.11657
1.07448
1.03769
1.00678
0.980856
0.95469
0.933311
0.908161
0.873556
0.826542
0.764825
0.689521
0.603356
0.510674
0.432197
1.39388
1.20174
0.965599
0.694696
0.429803
0.172868
-0.0347434
-0.185313
-0.216976
-0.440053
-0.647346
-0.79343
-0.904469
-1.00186
-1.09251
-1.1795
-1.26168
-1.33597
-1.39917
-1.45139
-1.49322
-1.52643
-1.55187
-1.56896
-1.57275
-1.55857
-1.52747
-1.48627
-1.44344
-1.40728
-1.38293
-1.37171
-1.37127
-1.37784
-1.38831
-1.40141
-1.41849
-1.44409
-1.48035
1.51349
1.65622
1.77855
1.85293
1.87828
1.85447
1.78503
1.66413
1.53655
1.28986
1.14116
1.21124
1.31147
1.36095
1.38228
1.3918
1.38867
1.3745
1.35355
1.32734
1.29359
1.25047
1.19736
1.1368
1.07344
1.01191
0.952037
0.895084
0.842159
0.791938
0.750632
0.709715
0.668504
0.625249
0.575787
0.516432
0.443256
0.34657
0.230258
1.34768
1.16409
0.937773
0.67843
0.426116
0.186534
-0.002016
-0.123092
-0.136911
-0.315762
-0.493419
-0.629445
-0.735708
-0.826785
-0.906812
-0.978932
-1.04349
-1.09989
-1.14636
-1.18351
-1.21188
-1.23384
-1.25077
-1.26205
-1.26278
-1.25008
-1.22489
-1.19062
-1.15185
-1.11462
-1.08402
-1.06337
-1.05268
-1.04985
-1.05144
-1.05389
-1.05108
-1.0327
-0.971589
1.46721
1.60382
1.71753
1.7814
1.79474
1.75754
1.67058
1.53532
1.38661
1.08995
0.916994
1.00362
1.11265
1.15622
1.17267
1.18643
1.19544
1.19739
1.1952
1.19073
1.18391
1.17449
1.16415
1.15332
1.13715
1.11248
1.08099
1.04894
1.01659
0.973098
0.939846
0.909044
0.877419
0.845428
0.810923
0.774581
0.740606
0.720655
0.737707
1.30688
1.12862
0.908341
0.656762
0.413508
0.188091
0.0166517
-0.0775073
-0.0737824
-0.205354
-0.350204
-0.471739
-0.571986
-0.658898
-0.73846
-0.814434
-0.886174
-0.95059
-1.00401
-1.04644
-1.07811
-1.10235
-1.12274
-1.14451
-1.16826
-1.18943
-1.20415
-1.21314
-1.21782
-1.22074
-1.224
-1.22979
-1.23859
-1.25013
-1.26361
-1.28018
-1.30671
-1.3582
-1.45391
1.4346
1.56969
1.67689
1.72767
1.72231
1.65869
1.53804
1.36794
1.16642
0.809109
0.637393
0.771621
0.9319
1.00894
1.04304
1.06287
1.0721
1.06997
1.05827
1.03793
1.00624
0.957772
0.889885
0.808094
0.732283
0.671471
0.61561
0.559904
0.505004
0.448226
0.397216
0.349738
0.309843
0.274415
0.241296
0.206685
0.16072
0.0827802
-0.042501
1.2728
1.09125
0.866933
0.613072
0.372473
0.15921
0.00896953
-0.0493104
-0.0290677
-0.108823
-0.217989
-0.32669
-0.417778
-0.483996
-0.52385
-0.545287
-0.556417
-0.565916
-0.57595
-0.588655
-0.60219
-0.61721
-0.631728
-0.642563
-0.643726
-0.637588
-0.628115
-0.616833
-0.603415
-0.588741
-0.573874
-0.560879
-0.550808
-0.543762
-0.538299
-0.530056
-0.508687
-0.455053
-0.333916
1.41765
1.55535
1.65908
1.69743
1.67058
1.57453
1.41024
1.18785
0.904263
0.486792
0.289197
0.429892
0.639833
0.812248
0.961059
1.09548
1.21752
1.32751
1.42764
1.52171
1.61408
1.70622
1.7903
1.85098
1.86376
1.833
1.80469
1.76207
1.73861
1.77463
1.67251
1.60302
1.56071
1.51265
1.45743
1.40845
1.37733
1.38357
1.43759
1.24874
1.05662
0.819185
0.553607
0.308688
0.104519
-0.0204882
-0.0390677
-0.00521957
-0.0266103
-0.0816906
-0.165959
-0.270228
-0.386081
-0.496881
-0.592701
-0.66745
-0.721759
-0.75796
-0.783205
-0.802163
-0.820589
-0.845153
-0.887198
-0.949283
-1.0169
-1.07737
-1.13274
-1.18469
-1.23382
-1.27857
-1.31871
-1.35451
-1.38715
-1.41968
-1.45907
-1.52086
-1.63341
-1.82482
119.86
115.999
111.703
106.932
101.826
96.5637
91.3254
86.2129
81.2406
76.4062
71.6969
67.1074
62.6569
58.3687
54.2651
50.353
46.6349
43.1072
39.7716
36.6252
33.6679
30.8936
28.299
25.8755
23.6179
21.5165
19.5654
17.7548
16.0793
14.5295
13.1001
11.7829
10.5728
9.46273
8.44808
7.5225
6.6817
5.91988
5.2327
4.6147
4.0613
3.56715
3.12747
2.73732
2.39179
2.0865
1.81681
1.57913
1.36929
1.18425
1.02079
0.876593
0.749202
0.636683
0.537207
0.449271
0.371653
0.303332
0.243128
0.189569
0.14001
0.0920316
0.0439466
-0.00432826
-0.0502743
-0.0907483
-0.117172
-0.13239
-0.138952
-0.126743
-0.102085
-0.0528397
-0.0365974
0.0576962
0.0406134
0.333032
0.119623
0.706741
-0.139249
1.4414
120.152
117.336
113.967
110.295
105.976
100.973
95.4752
89.7983
84.2183
78.8393
73.6333
68.5549
63.6017
58.8005
54.1877
49.7916
45.6309
41.7045
37.9967
34.4795
31.1333
27.9474
24.9258
22.0739
19.396
16.8861
14.5348
12.3304
10.2667
8.34155
6.55656
4.91355
3.41256
2.05181
0.826499
-0.268573
-1.2389
-2.08973
-2.82538
-3.45232
-3.9753
-4.40297
-4.74046
-4.99783
-5.17978
-5.29675
-5.35341
-5.35948
-5.3196
-5.24213
-5.13151
-4.99519
-4.83638
-4.66126
-4.47335
-4.27721
-4.07589
-3.87241
-3.6691
-3.46777
-3.26975
-3.07614
-2.88759
-2.70623
-2.53475
-2.37776
-2.23667
-2.12793
-2.03944
-1.95874
-1.86728
-1.79226
-1.66145
-1.62445
-1.38149
-1.47592
-0.895482
-1.48904
-0.246792
-1.89191
41.9348
41.8737
42.1969
42.4775
42.6862
42.778
42.7383
42.5541
42.209
41.6935
41.0007
40.1461
39.1499
38.0379
36.8225
35.5166
34.1268
32.6694
31.1559
29.6053
28.0297
26.4462
24.8648
23.3005
21.7616
20.2599
18.8015
17.395
16.0439
14.7536
13.5253
12.362
11.2632
10.23
9.26131
8.35694
7.51526
6.73524
6.01484
5.35225
4.74506
4.1907
3.68659
3.2297
2.81734
2.44607
2.11337
1.81578
1.55067
1.31499
1.10632
0.922094
0.760104
0.618064
0.494018
0.386125
0.292943
0.213234
0.145592
0.0879694
0.037745
-0.00835153
-0.0530343
-0.0977951
-0.141765
-0.182396
-0.212194
-0.23252
-0.245241
-0.239258
-0.219115
-0.170183
-0.152379
-0.0600854
-0.0689573
0.223079
0.0548572
0.621298
-0.157811
1.34106
42.1432
42.2212
42.4696
42.8639
43.2683
43.6194
43.8602
43.951
43.8711
43.598
43.095
42.3426
41.35
40.1418
38.7445
37.1901
35.5054
33.7068
31.8029
29.8082
27.7465
25.6514
23.5575
21.4926
19.4727
17.5057
15.5972
13.7552
11.9911
10.316
8.73975
7.26812
5.90272
4.64234
3.48263
2.4212
1.45389
0.581272
-0.200718
-0.89174
-1.4982
-2.02108
-2.46818
-2.84146
-3.14857
-3.39249
-3.58022
-3.71579
-3.80519
-3.85279
-3.86444
-3.84275
-3.79355
-3.71979
-3.62666
-3.51709
-3.39488
-3.26271
-3.12336
-2.97914
-2.83202
-2.68339
-2.53441
-2.38742
-2.24549
-2.11379
-1.99448
-1.90369
-1.82885
-1.76292
-1.68684
-1.63195
-1.52222
-1.51293
-1.29697
-1.41067
-0.853825
-1.42744
-0.251176
-1.81785
19.2635
19.1361
19.1641
19.2604
19.419
19.6036
19.8057
20.0027
20.1797
20.3186
20.4198
20.4856
20.5245
20.5304
20.4979
20.4126
20.2711
20.0662
19.799
19.4655
19.0684
18.6055
18.0813
17.4969
16.8591
16.172
15.444
14.6811
13.8927
13.0855
12.2686
11.4489
10.6345
9.83164
9.04682
8.28519
7.55146
6.84938
6.18182
5.55115
4.95856
4.40528
3.8912
3.41669
2.98055
2.58245
2.22055
1.89362
1.59958
1.3366
1.10257
0.895567
0.713465
0.55429
0.415964
0.296723
0.195036
0.109613
0.0389257
-0.0188161
-0.0665171
-0.10731
-0.144511
-0.180681
-0.216336
-0.250852
-0.27694
-0.297727
-0.313097
-0.311068
-0.295135
-0.250725
-0.234554
-0.151225
-0.157262
0.12332
-0.00754516
0.539565
-0.177304
1.24028
19.487
19.6941
19.9626
20.2721
20.5408
20.7144
20.7796
20.7429
20.6344
20.4954
20.3629
20.2479
20.1447
20.0355
19.9031
19.7283
19.489
19.1617
18.7318
18.1978
17.5712
16.8716
16.1165
15.3161
14.4703
13.5768
12.6358
11.6562
10.654
9.64735
8.6531
7.68123
6.73947
5.82836
4.9518
4.10939
3.30821
2.5497
1.84099
1.18202
0.576835
0.0241413
-0.474362
-0.920137
-1.3134
-1.65551
-1.94864
-2.19444
-2.39606
-2.55631
-2.67669
-2.7613
-2.81209
-2.83377
-2.82886
-2.80144
-2.75373
-2.68909
-2.61015
-2.51972
-2.42004
-2.31327
-2.2009
-2.08566
-1.9708
-1.86179
-1.76091
-1.6838
-1.61872
-1.56233
-1.49605
-1.45422
-1.36224
-1.37295
-1.18946
-1.31624
-0.803549
-1.34435
-0.254045
-1.73656
19.6282
19.3543
19.1994
19.1415
19.1416
19.1602
19.1755
19.1691
19.1298
19.0578
18.9586
18.8421
18.7088
18.5563
18.3757
18.1641
17.9184
17.6412
17.3315
16.9914
16.6191
16.2161
15.7812
15.3159
14.8198
14.2946
13.7408
13.1607
12.556
11.9299
11.2856
10.6273
9.95965
9.28756
8.6164
7.95108
7.29696
6.65834
6.04
5.44515
4.87762
4.33933
3.83304
3.35952
2.92045
2.5156
2.14533
1.80874
1.50494
1.23246
0.989808
0.775234
0.587003
0.423076
0.281608
0.160744
0.059058
-0.0247763
-0.0921133
-0.144729
-0.184961
-0.215847
-0.24075
-0.262656
-0.28339
-0.303414
-0.318226
-0.331853
-0.343009
-0.339897
-0.325632
-0.284685
-0.272798
-0.200634
-0.215983
0.0511929
-0.0683263
0.482598
-0.207197
1.17586
19.9737
20.3317
20.6612
20.8977
21.0164
21.0315
20.969
20.8394
20.6364
20.3491
19.9731
19.5017
18.9347
18.2861
17.5861
16.8657
16.1462
15.44
14.7577
14.1047
13.4855
12.9036
12.3588
11.8471
11.3595
10.8861
10.4126
9.92961
9.42858
8.91078
8.37605
7.82893
7.26635
6.68842
6.09226
5.48262
4.86459
4.24666
3.63566
3.03747
2.45782
1.90042
1.37115
0.87208
0.408825
-0.018081
-0.404694
-0.751666
-1.05759
-1.32245
-1.54721
-1.73236
-1.88084
-1.99436
-2.07651
-2.12877
-2.15452
-2.15599
-2.13639
-2.09831
-2.04475
-1.97813
-1.90059
-1.81525
-1.72545
-1.63682
-1.55125
-1.48376
-1.42465
-1.37284
-1.3107
-1.27501
-1.19286
-1.21788
-1.06019
-1.20839
-0.731783
-1.26936
-0.229498
-1.68839
19.4237
19.3814
19.2864
19.1848
19.0993
19.0185
18.9267
18.8132
18.6783
18.5307
18.3803
18.2313
18.0784
17.9123
17.724
17.5084
17.2629
16.9866
16.6774
16.3344
15.9563
15.5438
15.0975
14.6198
14.1124
13.5787
13.021
12.4432
11.8476
11.2382
10.6178
9.99032
9.35841
8.72624
8.0965
7.47347
6.85979
6.25977
5.67594
5.11237
4.57112
4.05562
3.56733
3.10895
2.68124
2.28567
1.9224
1.59151
1.29236
1.02407
0.785397
0.574996
0.391057
0.231892
0.09555
-0.0195187
-0.114765
-0.191429
-0.250571
-0.293673
-0.322852
-0.340619
-0.349978
-0.353883
-0.35471
-0.354553
-0.350038
-0.349394
-0.350145
-0.339362
-0.320684
-0.280022
-0.271587
-0.211269
-0.24346
0.00366092
-0.118909
0.434425
-0.233553
1.12222
19.363
19.2231
19.0343
18.7631
18.4111
18.0314
17.6837
17.4048
17.2024
17.0586
16.9285
16.758
16.5038
16.1463
15.6991
15.196
14.6794
14.1758
13.6993
13.2605
12.8618
12.49
12.1284
11.7586
11.3724
10.9695
10.5596
10.1519
9.75441
9.36789
8.987
8.60289
8.20427
7.78343
7.33192
6.85015
6.33877
5.80665
5.25734
4.70006
4.13723
3.57796
3.02509
2.48775
1.96916
1.47658
1.01305
0.583315
0.189515
-0.165926
-0.48162
-0.757588
-0.994085
-1.19312
-1.3552
-1.48305
-1.57809
-1.64344
-1.68106
-1.69439
-1.68593
-1.65889
-1.61569
-1.55962
-1.49408
-1.42479
-1.35318
-1.2937
-1.23887
-1.18951
-1.12818
-1.09446
-1.01589
-1.05034
-0.910689
-1.08341
-0.639684
-1.19039
-0.189606
-1.64993
18.9807
19.1738
19.1705
19.0408
18.8566
18.6386
18.3871
18.104
17.8044
17.5019
17.2075
16.9195
16.6334
16.3413
16.0425
15.7351
15.4221
15.1005
14.7706
14.4274
14.0706
13.6958
13.3032
12.8893
12.4552
11.9989
11.5225
11.0255
10.5113
9.98054
9.43783
8.88463
8.32566
7.76283
7.20092
6.64196
6.09049
5.54864
5.02056
4.50822
4.01521
3.54311
3.09497
2.672
2.27637
1.90887
1.57048
1.26143
0.981697
0.730752
0.507961
0.311967
0.141498
-0.00518719
-0.129488
-0.232948
-0.316746
-0.381666
-0.428795
-0.459333
-0.474884
-0.477519
-0.469646
-0.453693
-0.432381
-0.408107
-0.380072
-0.359815
-0.344457
-0.319991
-0.290876
-0.244078
-0.23459
-0.184519
-0.235904
-0.0188189
-0.151919
0.387822
-0.252101
1.06274
18.5808
18.0427
17.4533
16.8238
16.1503
15.4429
14.725
14.0319
13.4131
12.9055
12.5191
12.2344
12.0315
11.9005
11.8403
11.8469
11.908
12.0105
12.139
12.2781
12.4159
12.538
12.6244
12.6539
12.6085
12.4745
12.2514
11.9511
11.5983
11.2146
10.8182
10.4088
9.98038
9.52307
9.03727
8.52214
7.98386
7.42483
6.85195
6.26721
5.67624
5.0818
4.49034
3.90674
3.33685
2.78653
2.26084
1.76361
1.29918
0.870429
0.479924
0.129321
-0.181344
-0.451612
-0.682839
-0.875634
-1.03251
-1.15454
-1.24483
-1.30541
-1.33972
-1.35042
-1.34013
-1.31214
-1.26979
-1.21886
-1.16047
-1.10845
-1.05768
-1.01004
-0.948695
-0.914617
-0.83598
-0.874161
-0.748018
-0.941378
-0.533698
-1.09836
-0.145297
-1.60447
17.2683
17.3863
17.3512
17.2025
16.9887
16.7369
16.4566
16.1604
15.8584
15.5588
15.2573
14.9492
14.6257
14.288
13.9354
13.5749
13.2062
12.8342
12.4563
12.0762
11.6913
11.3049
10.9138
10.5205
10.1215
9.71873
9.30885
8.89378
8.4706
8.04154
7.60469
7.16275
6.71478
6.26395
5.81044
5.35785
4.90722
4.46239
4.02489
3.59838
3.18435
2.78612
2.40504
2.04385
1.70367
1.38628
1.09252
0.823352
0.579038
0.359909
0.165278
-0.00531813
-0.153101
-0.278966
-0.384291
-0.47002
-0.536838
-0.585529
-0.616753
-0.631354
-0.630819
-0.616603
-0.590362
-0.554026
-0.509982
-0.461279
-0.40765
-0.365326
-0.331102
-0.288427
-0.242515
-0.183464
-0.16642
-0.122009
-0.190575
-0.0103569
-0.161664
0.349516
-0.265637
1.0028
17.0146
16.6646
16.2966
15.9537
15.6031
15.2042
14.7249
14.1722
13.5787
13
12.478
12.053
11.747
11.5903
11.5902
11.7457
12.0286
12.4111
12.8448
13.2883
13.7003
14.0603
14.3471
14.5533
14.6673
14.6891
14.6133
14.4399
14.1694
13.8121
13.3861
12.9125
12.3968
11.8332
11.2227
10.5744
9.9033
9.22036
8.53419
7.84772
7.16482
6.48691
5.81926
5.16405
4.52786
3.91325
3.32463
2.76554
2.23943
1.74973
1.29922
0.889297
0.521016
0.194168
-0.0912197
-0.33678
-0.54303
-0.712537
-0.846532
-0.948326
-1.01992
-1.06431
-1.08358
-1.08092
-1.05939
-1.02496
-0.978414
-0.93336
-0.886333
-0.840541
-0.778913
-0.743939
-0.663522
-0.701573
-0.583757
-0.79124
-0.419925
-0.996311
-0.0963089
-1.55156
12.8099
12.7795
12.7016
12.5752
12.4139
12.2323
12.0444
11.8571
11.6756
11.4943
11.3081
11.1077
10.8927
10.6608
10.417
10.1601
9.89379
9.61529
9.32775
9.02902
8.72327
8.40877
8.08952
7.76388
7.43577
7.10353
6.77054
6.43509
6.09997
5.76324
5.42712
5.08964
4.7528
4.41499
4.07824
3.74162
3.40756
3.07586
2.74932
2.42817
2.11549
1.81175
1.51993
1.24067
0.976335
0.727777
0.496714
0.283868
0.0904795
-0.0834935
-0.237562
-0.372212
-0.487436
-0.584202
-0.662904
-0.724105
-0.768173
-0.795423
-0.806169
-0.801382
-0.782001
-0.748841
-0.703225
-0.646426
-0.580645
-0.508359
-0.430762
-0.366747
-0.312681
-0.24997
-0.18411
-0.106994
-0.075355
-0.0295189
-0.110119
0.0325116
-0.144789
0.328934
-0.273946
0.950406
12.8229
12.7928
12.7843
12.8729
13.0166
13.1217
13.1383
13.0621
12.9283
12.7727
12.6359
12.5443
12.5309
12.6155
12.8166
13.1266
13.5339
14.0082
14.5246
15.0444
15.5387
15.9765
16.3421
16.6124
16.776
16.8219
16.7589
16.5937
16.3376
15.9886
15.5493
15.0307
14.4546
13.8256
13.1401
12.4014
11.6262
10.8339
10.0384
9.24777
8.46557
7.6965
6.94319
6.21171
5.50402
4.82486
4.17623
3.56184
2.98445
2.44703
1.95116
1.4979
1.08754
0.720343
0.395309
0.112118
-0.131274
-0.33579
-0.504193
-0.63802
-0.740059
-0.812032
-0.856067
-0.874692
-0.870896
-0.850469
-0.814068
-0.775023
-0.731661
-0.687634
-0.626573
-0.591019
-0.50885
-0.543843
-0.43087
-0.646415
-0.307533
-0.894041
-0.0444959
-1.49916
8.53685
8.33823
8.16355
7.99168
7.81896
7.64796
7.48403
7.32909
7.18096
7.03514
6.88675
6.73378
6.57566
6.41422
6.24959
6.08265
5.91172
5.73718
5.55738
5.37345
5.18395
4.99035
4.79112
4.58808
4.37984
4.16856
3.95298
3.7356
3.51518
3.29423
3.07138
2.84899
2.62566
2.40361
2.18129
1.96101
1.74137
1.52472
1.30993
1.09954
0.892789
0.692309
0.497685
0.311317
0.133248
-0.034576
-0.191653
-0.336251
-0.468251
-0.586338
-0.690482
-0.779712
-0.8544
-0.914195
-0.959354
-0.989709
-1.00536
-1.00605
-0.992392
-0.964756
-0.923477
-0.869359
-0.8033
-0.726349
-0.640085
-0.547056
-0.448073
-0.364736
-0.293029
-0.211206
-0.124249
-0.0267191
0.0250706
0.0800748
-0.00393971
0.105339
-0.101088
0.328621
-0.272999
0.906128
8.7741
8.95083
9.07583
9.265
9.5199
9.76728
9.9492
10.0606
10.1315
10.2021
10.3039
10.4618
10.6939
11.0156
11.4319
11.9372
12.5111
13.1286
13.7611
14.3857
14.9828
15.5414
16.048
16.4895
16.8407
17.0748
17.1656
17.1107
16.9211
16.62
16.2167
15.721
15.1478
14.5233
13.8521
13.1357
12.3768
11.5918
10.793
9.99183
9.19191
8.39968
7.61993
6.85841
6.12133
5.41203
4.73557
4.09472
3.49274
2.93154
2.41258
1.93652
1.5038
1.114
0.766818
0.460759
0.195035
-0.032673
-0.223548
-0.38031
-0.50397
-0.596917
-0.659834
-0.695577
-0.706235
-0.697549
-0.669688
-0.636291
-0.596331
-0.554782
-0.495081
-0.460422
-0.377678
-0.40958
-0.298089
-0.516608
-0.204085
-0.797908
0.00701739
-1.44766
5.93415
5.54099
5.19461
4.87596
4.58204
4.31074
4.06188
3.83408
3.62397
3.42841
3.2447
3.07156
2.90841
2.75457
2.60916
2.47055
2.33765
2.20896
2.0842
1.96227
1.8434
1.72639
1.61177
1.49821
1.38637
1.27475
1.16427
1.05338
0.943128
0.831985
0.721336
0.609628
0.498538
0.386564
0.275471
0.163915
0.05373
-0.0563879
-0.164459
-0.271554
-0.375748
-0.477975
-0.576252
-0.671476
-0.761819
-0.847588
-0.927033
-1.00037
-1.06598
-1.12378
-1.17212
-1.21108
-1.23951
-1.25738
-1.26387
-1.25896
-1.24176
-1.21271
-1.17161
-1.1182
-1.05289
-0.976174
-0.889168
-0.792318
-0.687479
-0.576065
-0.459733
-0.361047
-0.274626
-0.176871
-0.0717591
0.0461046
0.120799
0.191508
0.113171
0.197883
-0.035633
0.34703
-0.26101
0.868446
6.36148
6.65968
6.77762
6.83599
6.90654
6.99632
7.09259
7.19198
7.30471
7.44408
7.61985
7.83773
8.1036
8.42445
8.80832
9.25953
9.77689
10.3509
10.9681
11.6111
12.2641
12.9103
13.5352
14.1221
14.6536
15.1032
15.4368
15.6187
15.6324
15.4847
15.2014
14.8038
14.3132
13.7545
13.1542
12.5223
11.8642
11.1817
10.4845
9.7758
9.06175
8.34361
7.62795
6.92099
6.22872
5.55759
4.91201
4.29609
3.7131
3.16603
2.65691
2.18705
1.75712
1.36739
1.01727
0.706368
0.433218
0.196691
-0.00537579
-0.173734
-0.310606
-0.416295
-0.492585
-0.540867
-0.563182
-0.564321
-0.544372
-0.516324
-0.480424
-0.441914
-0.385205
-0.352905
-0.271641
-0.300634
-0.189979
-0.407683
-0.116004
-0.712697
0.0529082
-1.40024
4.29614
3.80606
3.35237
2.92504
2.52621
2.15437
1.80963
1.49105
1.19744
0.92774
0.681065
0.456904
0.254228
0.0720556
-0.0915348
-0.238166
-0.370164
-0.488881
-0.596394
-0.693537
-0.782135
-0.862564
-0.93628
-1.0032
-1.06463
-1.1202
-1.17113
-1.21695
-1.25902
-1.2968
-1.33166
-1.36317
-1.39259
-1.41942
-1.44499
-1.46871
-1.49164
-1.51307
-1.53374
-1.55292
-1.57129
-1.58781
-1.60373
-1.61769
-1.63066
-1.64115
-1.64998
-1.65567
-1.65857
-1.65685
-1.65067
-1.63844
-1.62011
-1.59427
-1.56091
-1.51853
-1.46764
-1.40759
-1.3376
-1.2574
-1.1671
-1.06759
-0.95939
-0.843708
-0.721604
-0.594979
-0.464806
-0.3545
-0.257712
-0.148783
-0.0295698
0.104656
0.201443
0.291307
0.227362
0.297195
0.0437238
0.379113
-0.238601
0.835843
4.79144
5.12565
5.23059
5.2074
5.15893
5.15256
5.21611
5.35067
5.54413
5.78171
6.04835
6.33279
6.6268
6.92762
7.23573
7.55653
7.89667
8.26458
8.66636
9.10723
9.5873
10.1033
10.6443
11.1945
11.7303
12.2258
12.6484
12.9637
13.138
13.1556
13.0234
12.7651
12.4022
11.9597
11.4658
10.9431
10.4035
9.85295
9.29242
8.72409
8.14722
7.56356
6.9755
6.38799
5.80592
5.2344
4.67724
4.13839
3.62189
3.13134
2.6694
2.23842
1.83993
1.47489
1.14386
0.846857
0.583154
0.351493
0.151804
-0.01786
-0.157256
-0.268416
-0.351303
-0.408158
-0.438917
-0.448637
-0.436067
-0.414014
-0.38278
-0.348602
-0.29593
-0.267641
-0.189543
-0.217331
-0.106815
-0.320865
-0.0453925
-0.639845
0.0919222
-1.35457
2.38793
1.92753
1.48927
1.06805
0.667516
0.28757
-0.0710358
-0.40809
-0.723198
-1.01604
-1.28605
-1.53289
-1.75636
-1.95666
-2.13428
-2.29006
-2.42516
-2.54078
-2.63853
-2.71983
-2.78656
-2.84011
-2.88232
-2.9142
-2.93738
-2.95234
-2.96047
-2.96177
-2.95744
-2.94712
-2.93199
-2.91161
-2.88723
-2.85839
-2.82656
-2.7912
-2.75373
-2.71348
-2.67169
-2.62779
-2.58252
-2.53629
-2.48881
-2.44109
-2.39221
-2.34344
-2.2938
-2.24411
-2.19287
-2.14049
-2.08539
-2.02776
-1.96594
-1.90015
-1.8284
-1.75154
-1.66862
-1.5787
-1.48088
-1.37478
-1.26079
-1.13913
-1.01126
-0.877701
-0.740696
-0.600841
-0.460399
-0.34223
-0.238787
-0.123331
0.00351285
0.148563
0.263347
0.37207
0.327452
0.392215
0.127853
0.420155
-0.20859
0.808888
2.83685
3.15098
3.27631
3.28443
3.26893
3.30619
3.43211
3.6447
3.92251
4.24054
4.57719
4.9167
5.248
5.56443
5.86218
6.14135
6.40504
6.66031
6.91591
7.18251
7.46927
7.78422
8.13009
8.50459
8.89529
9.28248
9.63765
9.93066
10.1307
10.2172
10.1852
10.0497
9.82844
9.53565
9.18791
8.80663
8.40507
7.99385
7.57677
7.15503
6.72692
6.29246
5.85285
5.41002
4.96753
4.52735
4.09226
3.66497
3.24904
2.84729
2.46306
2.09887
1.75722
1.43985
1.14848
0.883246
0.64424
0.432375
0.246769
0.0882594
-0.044685
-0.152312
-0.236197
-0.296008
-0.332622
-0.348936
-0.343702
-0.328119
-0.302658
-0.273735
-0.226707
-0.203254
-0.129854
-0.156822
-0.0472024
-0.255597
0.00708593
-0.580517
0.122108
-1.3137
0.0545418
-0.324835
-0.6878
-1.0386
-1.37407
-1.69409
-1.99793
-2.2853
-2.5557
-2.80882
-3.04403
-3.26099
-3.45909
-3.6381
-3.79755
-3.93742
-4.05746
-4.15807
-4.23937
-4.30228
-4.34738
-4.37615
-4.38956
-4.38943
-4.37683
-4.3537
-4.32097
-4.28041
-4.23265
-4.17913
-4.12003
-4.05663
-3.98877
-3.91759
-3.84285
-3.7655
-3.68527
-3.60307
-3.51867
-3.43292
-3.34548
-3.25685
-3.16696
-3.07618
-2.98533
-2.89433
-2.80391
-2.7132
-2.62263
-2.53103
-2.43876
-2.34424
-2.24798
-2.14787
-2.04517
-1.9388
-1.8281
-1.71183
-1.58947
-1.46076
-1.32553
-1.18473
-1.03903
-0.890423
-0.740155
-0.590354
-0.442049
-0.319145
-0.212331
-0.0956618
0.033536
0.182159
0.308327
0.431815
0.40822
0.474393
0.208868
0.464281
-0.173517
0.786594
0.425336
0.7065
0.861912
0.934377
0.990499
1.08972
1.25996
1.49763
1.7848
2.10178
2.43269
2.76515
3.09069
3.40278
3.69755
3.97201
4.22611
4.461
4.6813
4.89241
5.10216
5.31715
5.54417
5.78574
6.04095
6.30021
6.5483
6.7626
6.92157
7.00713
7.01547
6.95693
6.85213
6.7104
6.53308
6.32438
6.09234
5.84248
5.58228
5.31453
5.03985
4.75756
4.46859
4.1741
3.87536
3.57366
3.27007
2.96667
2.66507
2.36806
2.07797
1.79782
1.52981
1.27689
1.03991
0.820312
0.62008
0.439557
0.280876
0.143311
0.0268944
-0.0703701
-0.14741
-0.205876
-0.243813
-0.26512
-0.266195
-0.257712
-0.238742
-0.216634
-0.175871
-0.158312
-0.0901663
-0.117537
-0.00856395
-0.20974
0.0430705
-0.533716
0.144358
-1.27482
-1.87756
-2.17497
-2.46001
-2.73585
-3.00009
-3.25229
-3.49176
-3.71792
-3.93042
-4.12886
-4.31306
-4.4827
-4.63779
-4.77801
-4.90338
-5.01353
-5.10849
-5.18782
-5.25158
-5.2994
-5.33156
-5.34793
-5.34913
-5.33541
-5.30782
-5.26696
-5.21428
-5.15066
-5.07773
-4.99642
-4.90833
-4.81433
-4.71578
-4.61329
-4.50797
-4.40012
-4.29051
-4.17925
-4.06687
-3.95344
-3.83936
-3.72461
-3.60969
-3.49453
-3.37953
-3.26443
-3.14934
-3.03413
-2.91839
-2.80215
-2.68429
-2.56525
-2.44316
-2.31956
-2.19329
-2.06425
-1.93118
-1.79394
-1.65197
-1.50487
-1.3529
-1.19627
-1.0369
-0.875879
-0.716519
-0.558624
-0.406136
-0.280711
-0.174269
-0.059322
0.066053
0.211648
0.341337
0.473092
0.467767
0.539067
0.280292
0.506539
-0.136518
0.768062
-1.58465
-1.34411
-1.18101
-1.07741
-0.991469
-0.880386
-0.723348
-0.522272
-0.288986
-0.0355851
0.227969
0.494296
0.757565
1.01425
1.26128
1.49708
1.7196
1.92841
2.12298
2.30551
2.47841
2.64666
2.81386
2.98409
3.15727
3.33115
3.49689
3.6432
3.75513
3.82255
3.84184
3.82443
3.79134
3.76114
3.73143
3.69164
3.63474
3.55865
3.46514
3.35886
3.24133
3.11263
2.97263
2.82215
2.66215
2.49359
2.3176
2.13507
1.94762
1.75678
1.56509
1.3744
1.18786
1.00653
0.832612
0.668726
0.516232
0.378295
0.255543
0.148364
0.0553627
-0.022936
-0.0876825
-0.137962
-0.173892
-0.196512
-0.203214
-0.201072
-0.189812
-0.17468
-0.141943
-0.130598
-0.0687785
-0.0964237
0.0111385
-0.181371
0.0639317
-0.498358
0.158041
-1.23979
-3.42067
-3.63887
-3.84801
-4.05087
-4.24517
-4.431
-4.60688
-4.77271
-4.92716
-5.07026
-5.2009
-5.31938
-5.42493
-5.51803
-5.59824
-5.6662
-5.72165
-5.76518
-5.79663
-5.81648
-5.82456
-5.82119
-5.8062
-5.77986
-5.74212
-5.69328
-5.63358
-5.56353
-5.48373
-5.39493
-5.29806
-5.1941
-5.08413
-4.96913
-4.8502
-4.72818
-4.60387
-4.47799
-4.35103
-4.22356
-4.09578
-3.96818
-3.84074
-3.7139
-3.58717
-3.46083
-3.33406
-3.20689
-3.07853
-2.94853
-2.8168
-2.68192
-2.54522
-2.40548
-2.26319
-2.1172
-1.96808
-1.81535
-1.65892
-1.49864
-1.33431
-1.16706
-0.997965
-0.830246
-0.664394
-0.50346
-0.348954
-0.225334
-0.12054
-0.011857
0.10603
0.242147
0.367845
0.499934
0.508268
0.584389
0.338395
0.542232
-0.0999175
0.750985
-3.20278
-3.01101
-2.86135
-2.7533
-2.66293
-2.56127
-2.43442
-2.28436
-2.11702
-1.93932
-1.7561
-1.57269
-1.39107
-1.21294
-1.03731
-0.8652
-0.696776
-0.534787
-0.380424
-0.235777
-0.0999588
0.0279787
0.151386
0.272242
0.392558
0.510909
0.624161
0.725512
0.807801
0.864376
0.894702
0.906706
0.920535
0.958905
1.03003
1.12032
1.21212
1.29252
1.35597
1.40277
1.43481
1.45178
1.45302
1.43827
1.40819
1.36364
1.30575
1.2358
1.15493
1.06512
0.96762
0.865296
0.759089
0.651481
0.544929
0.44146
0.344436
0.255661
0.175934
0.104679
0.0426599
-0.0113461
-0.0562613
-0.0940453
-0.122086
-0.143985
-0.152419
-0.157325
-0.152398
-0.146197
-0.12145
-0.117741
-0.0629019
-0.0921167
0.0138384
-0.16867
0.0710113
-0.472604
0.164415
-1.20462
-4.42302
-4.56867
-4.70926
-4.84641
-4.97932
-5.10738
-5.23011
-5.34656
-5.4561
-5.5577
-5.6507
-5.7342
-5.80765
-5.87042
-5.92221
-5.96275
-5.99206
-6.01024
-6.01752
-6.0143
-6.00093
-5.97794
-5.94565
-5.90459
-5.85495
-5.79716
-5.7313
-5.65775
-5.57662
-5.4883
-5.39306
-5.29143
-5.18387
-5.071
-4.95354
-4.8321
-4.70752
-4.58037
-4.45149
-4.32129
-4.19042
-4.05906
-3.92759
-3.79594
-3.66415
-3.53208
-3.39935
-3.26573
-3.13033
-2.99294
-2.85215
-2.70872
-2.56125
-2.41072
-2.25591
-2.09813
-1.93711
-1.77352
-1.60712
-1.43787
-1.26623
-1.09274
-0.920539
-0.749444
-0.583577
-0.422451
-0.272299
-0.151718
-0.0528737
0.0479334
0.15396
0.276384
0.391376
0.516781
0.532506
0.611344
0.381658
0.568533
-0.0656164
0.734325
-4.27871
-4.13822
-4.0108
-3.91176
-3.83333
-3.75607
-3.67163
-3.58073
-3.48462
-3.38341
-3.27997
-3.17752
-3.07797
-2.97955
-2.88003
-2.77735
-2.67234
-2.5669
-2.46451
-2.36756
-2.27792
-2.19526
-2.11851
-2.04526
-1.97398
-1.90358
-1.83506
-1.77035
-1.71276
-1.66456
-1.62573
-1.59039
-1.54441
-1.4665
-1.34131
-1.17371
-0.983439
-0.78987
-0.605789
-0.436424
-0.28231
-0.144313
-0.0237073
0.0782289
0.161592
0.226595
0.274426
0.305717
0.322166
0.324506
0.315292
0.295282
0.267221
0.232778
0.194728
0.155324
0.117413
0.0814706
0.048186
0.018058
-0.00889332
-0.0321758
-0.0533541
-0.0722853
-0.0900304
-0.105102
-0.114863
-0.12275
-0.125628
-0.126766
-0.111929
-0.1163
-0.0703695
-0.101653
0.0010052
-0.170008
0.0648929
-0.454231
0.162944
-1.16929
-5.38413
-5.46662
-5.54565
-5.62271
-5.69736
-5.76947
-5.83865
-5.90458
-5.96661
-6.02429
-6.07675
-6.12344
-6.16339
-6.19606
-6.22052
-6.23637
-6.24286
-6.23988
-6.22697
-6.20435
-6.17192
-6.13023
-6.0795
-6.0205
-5.95363
-5.87968
-5.79909
-5.71255
-5.62045
-5.52326
-5.42135
-5.31499
-5.20456
-5.09015
-4.9723
-4.85098
-4.72692
-4.6
-4.47115
-4.3401
-4.20786
-4.07393
-3.93926
-3.80306
-3.66626
-3.52777
-3.38849
-3.247
-3.10404
-2.95788
-2.80913
-2.65592
-2.49933
-2.33798
-2.17369
-2.00613
-1.8368
-1.66549
-1.49276
-1.31908
-1.14447
-0.971719
-0.800068
-0.633167
-0.471279
-0.318102
-0.175258
-0.063731
0.0276493
0.116424
0.209002
0.313459
0.413799
0.52621
0.544525
0.621884
0.411096
0.583754
-0.0338618
0.716041
-5.30111
-5.20789
-5.10958
-5.03407
-4.98526
-4.94918
-4.91668
-4.8849
-4.84876
-4.80275
-4.74715
-4.68754
-4.62839
-4.56968
-4.50875
-4.44348
-4.37423
-4.30341
-4.23437
-4.17001
-4.11217
-4.06136
-4.01703
-3.97785
-3.94215
-3.90817
-3.87451
-3.83994
-3.8036
-3.76418
-3.71949
-3.66461
-3.59039
-3.48133
-3.32206
-3.10973
-2.85969
-2.59275
-2.32661
-2.07098
-1.82986
-1.60402
-1.39533
-1.20445
-1.03253
-0.878805
-0.743554
-0.625369
-0.524411
-0.438803
-0.368317
-0.310194
-0.263861
-0.225891
-0.195676
-0.169974
-0.148912
-0.130891
-0.11588
-0.102774
-0.0908214
-0.081466
-0.074242
-0.0733248
-0.0746407
-0.0820636
-0.0871144
-0.0986589
-0.105831
-0.115435
-0.109604
-0.123592
-0.0875735
-0.122973
-0.0258626
-0.183631
0.0449856
-0.441136
0.152551
-1.12814
-5.94882
-5.97083
-5.99474
-6.02154
-6.05062
-6.08173
-6.11425
-6.14787
-6.18187
-6.21578
-6.24876
-6.28019
-6.30909
-6.33473
-6.35602
-6.37215
-6.38205
-6.38492
-6.37981
-6.36608
-6.34302
-6.31038
-6.26777
-6.21533
-6.15306
-6.08152
-6.00103
-5.91233
-5.81592
-5.71269
-5.60316
-5.48816
-5.36805
-5.24364
-5.11512
-4.98329
-4.84806
-4.71025
-4.56959
-4.42696
-4.2818
-4.1351
-3.98608
-3.83572
-3.68314
-3.5292
-3.37286
-3.21495
-3.05436
-2.89174
-2.726
-2.55768
-2.38605
-2.21212
-2.03581
-1.8585
-1.68062
-1.50278
-1.32616
-1.15052
-0.978333
-0.808635
-0.644275
-0.485287
-0.335422
-0.194054
-0.065991
0.0339373
0.112953
0.189021
0.264781
0.350924
0.43319
0.529603
0.546351
0.618267
0.428762
0.587414
-0.00380984
0.696423
-5.92981
-5.89792
-5.85606
-5.838
-5.85159
-5.88114
-5.9114
-5.93248
-5.93421
-5.90958
-5.8622
-5.80623
-5.75418
-5.71035
-5.67167
-5.63469
-5.59747
-5.56096
-5.52597
-5.49343
-5.46252
-5.43234
-5.40109
-5.36786
-5.33136
-5.29133
-5.24692
-5.19794
-5.14331
-5.08245
-5.01349
-4.93441
-4.84045
-4.7237
-4.57205
-4.37885
-4.14914
-3.89678
-3.63307
-3.36605
-3.09981
-2.83862
-2.58552
-2.344
-2.11523
-1.90063
-1.70008
-1.51439
-1.34309
-1.18663
-1.04393
-0.914735
-0.797423
-0.691239
-0.594713
-0.507569
-0.428944
-0.358495
-0.295701
-0.238979
-0.189383
-0.146052
-0.112561
-0.0880803
-0.07362
-0.0685635
-0.0691486
-0.0798921
-0.0918229
-0.107206
-0.111729
-0.134032
-0.111462
-0.150549
-0.06458
-0.205497
0.0110137
-0.430095
0.131337
-1.07954
-6.26791
-6.22264
-6.18244
-6.1486
-6.12052
-6.09829
-6.08109
-6.06901
-6.06115
-6.05752
-6.057
-6.05963
-6.0641
-6.07033
-6.07689
-6.08358
-6.08876
-6.09221
-6.09209
-6.08823
-6.07873
-6.06351
-6.04075
-6.0106
-5.97128
-5.92342
-5.86553
-5.79848
-5.72109
-5.63465
-5.53826
-5.43349
-5.31961
-5.19839
-5.0693
-4.9343
-4.79284
-4.64669
-4.49545
-4.34075
-4.18199
-4.02051
-3.8558
-3.68894
-3.51929
-3.34776
-3.17377
-2.9982
-2.82053
-2.64163
-2.46111
-2.27997
-2.09782
-1.91608
-1.73455
-1.5548
-1.37671
-1.20207
-1.0309
-0.864955
-0.704164
-0.550028
-0.403141
-0.265375
-0.13763
-0.0204436
0.0838441
0.16217
0.22451
0.28067
0.337343
0.398996
0.461311
0.533984
0.548
0.606151
0.441909
0.580961
0.0267427
0.672664
-6.31998
-6.35722
-6.37518
-6.40911
-6.47141
-6.54595
-6.61076
-6.65029
-6.65443
-6.62017
-6.55563
-6.48224
-6.42244
-6.38728
-6.37227
-6.36841
-6.36807
-6.36955
-6.37195
-6.37601
-6.37979
-6.38236
-6.38122
-6.3764
-6.36709
-6.35483
-6.339
-6.32029
-6.29644
-6.26642
-6.22621
-6.17342
-6.1029
-6.01062
-5.88832
-5.72991
-5.53207
-5.29981
-5.03998
-4.76285
-4.47623
-4.18732
-3.89924
-3.61545
-3.33695
-3.06591
-2.80268
-2.54911
-2.30519
-2.07278
-1.85142
-1.64271
-1.4458
-1.26222
-1.09082
-0.933332
-0.788454
-0.657349
-0.538288
-0.432119
-0.337767
-0.257049
-0.18996
-0.138285
-0.101029
-0.0794895
-0.0688163
-0.075871
-0.0878255
-0.10716
-0.119004
-0.147602
-0.140324
-0.180303
-0.114733
-0.228871
-0.0408681
-0.413127
0.0927454
-1.01411
-6.56375
-6.46581
-6.36888
-6.2748
-6.18344
-6.09558
-6.01088
-5.93044
-5.85377
-5.78196
-5.71414
-5.65147
-5.59289
-5.53935
-5.48958
-5.44429
-5.40187
-5.36299
-5.32567
-5.29048
-5.25515
-5.22018
-5.18312
-5.14444
-5.10154
-5.05506
-5.00241
-4.94434
-4.87841
-4.80567
-4.72399
-4.63471
-4.53599
-4.4295
-4.3138
-4.191
-4.06001
-3.92306
-3.77929
-3.63093
-3.47719
-3.31998
-3.15856
-2.99467
-2.82751
-2.65852
-2.4872
-2.31492
-2.1414
-1.96799
-1.79468
-1.62287
-1.45257
-1.28525
-1.12095
-0.961246
-0.806215
-0.65759
-0.515404
-0.381164
-0.254722
-0.137534
-0.0298516
0.0670985
0.153267
0.229481
0.292107
0.338389
0.371933
0.401221
0.428857
0.463498
0.498563
0.547678
0.549163
0.595639
0.442138
0.576499
0.0391968
0.667556
-6.66891
-6.75511
-6.81206
-6.87098
-6.94413
-7.01663
-7.06681
-7.08017
-7.05109
-6.98406
-6.89236
-6.79871
-6.72694
-6.69324
-6.69457
-6.71759
-6.74746
-6.77934
-6.81198
-6.84857
-6.88802
-6.93033
-6.97174
-7.01207
-7.04933
-7.08593
-7.12139
-7.15809
-7.19398
-7.22907
-7.25808
-7.2774
-7.278
-7.25319
-7.19147
-7.08468
-6.92496
-6.71504
-6.46191
-6.17909
-5.87676
-5.56431
-5.24525
-4.92369
-4.60051
-4.2786
-3.95843
-3.64268
-3.3317
-3.02834
-2.73301
-2.4486
-2.17542
-1.91642
-1.67153
-1.44341
-1.23142
-1.03751
-0.860437
-0.701801
-0.560547
-0.43825
-0.334473
-0.250944
-0.187024
-0.143572
-0.116885
-0.113572
-0.121885
-0.137667
-0.151674
-0.182276
-0.183994
-0.227929
-0.171033
-0.276119
-0.0877393
-0.432607
0.0800625
-1.0089
-7.68235
-7.57513
-7.4596
-7.3384
-7.21108
-7.07928
-6.94279
-6.80347
-6.66101
-6.51742
-6.3723
-6.22776
-6.08333
-5.94104
-5.80034
-5.66306
-5.52837
-5.39802
-5.27088
-5.14848
-5.0294
-4.91493
-4.80338
-4.69575
-4.59015
-4.48738
-4.38523
-4.28439
-4.1825
-4.08017
-3.975
-3.86762
-3.75579
-3.64028
-3.51902
-3.3931
-3.26097
-3.12401
-2.98103
-2.83366
-2.68107
-2.52487
-2.36439
-2.20142
-2.03543
-1.86818
-1.69934
-1.53092
-1.36273
-1.1969
-1.03334
-0.874323
-0.719636
-0.571412
-0.429475
-0.295857
-0.170407
-0.0550406
0.0506788
0.145213
0.229141
0.301071
0.361686
0.410266
0.448272
0.476297
0.493427
0.501988
0.505987
0.503973
0.504366
0.509306
0.521195
0.546394
0.5368
0.572033
0.427666
0.561659
0.0412627
0.660124
-7.78657
-7.85622
-7.87409
-7.87042
-7.86259
-7.84667
-7.81216
-7.75381
-7.67175
-7.57332
-7.46967
-7.37647
-7.30698
-7.27062
-7.26464
-7.27826
-7.29582
-7.31073
-7.32153
-7.33313
-7.34581
-7.36
-7.37073
-7.37623
-7.37279
-7.36231
-7.34491
-7.32522
-7.30427
-7.28625
-7.27045
-7.25821
-7.24448
-7.22556
-7.1911
-7.13265
-7.03856
-6.90498
-6.73069
-6.5226
-6.2865
-6.03036
-5.75732
-5.47156
-5.17385
-4.86732
-4.55265
-4.23321
-3.91025
-3.58753
-3.26661
-2.95167
-2.64418
-2.34844
-2.06537
-1.79872
-1.54862
-1.31805
-1.10641
-0.915986
-0.745733
-0.597347
-0.469946
-0.365668
-0.283408
-0.224548
-0.18402
-0.173226
-0.174544
-0.187134
-0.198181
-0.230359
-0.235975
-0.284971
-0.232685
-0.333715
-0.140197
-0.466792
0.0655602
-1.01527
-6.32173
-6.22737
-6.13247
-6.03802
-5.94253
-5.84648
-5.74848
-5.64925
-5.54726
-5.44359
-5.33679
-5.22828
-5.11672
-5.00373
-4.8881
-4.7716
-4.65302
-4.53426
-4.41408
-4.29443
-4.17398
-4.05466
-3.93501
-3.81687
-3.69875
-3.5823
-3.46584
-3.35089
-3.23562
-3.12137
-3.00618
-2.89115
-2.77428
-2.65652
-2.53583
-2.41315
-2.28672
-2.15758
-2.02425
-1.88789
-1.74753
-1.6044
-1.45776
-1.30908
-1.15814
-1.0065
-0.854294
-0.703322
-0.554099
-0.408521
-0.267243
-0.132287
-0.00405074
0.115502
0.226073
0.325827
0.414865
0.491405
0.556001
0.60725
0.646074
0.671423
0.68465
0.685778
0.677176
0.660183
0.634587
0.610091
0.585517
0.55809
0.532128
0.515539
0.506877
0.515675
0.497835
0.525849
0.394129
0.528809
0.0331942
0.639712
-6.42401
-6.49878
-6.52594
-6.52806
-6.51809
-6.49632
-6.45965
-6.41287
-6.36282
-6.32048
-6.29363
-6.28997
-6.31047
-6.35367
-6.41119
-6.47454
-6.53248
-6.58106
-6.62009
-6.65621
-6.69143
-6.72695
-6.75726
-6.77892
-6.78638
-6.77954
-6.75753
-6.72413
-6.68054
-6.63099
-6.57641
-6.52034
-6.46222
-6.4031
-6.33891
-6.26612
-6.17698
-6.06714
-5.93274
-5.77585
-5.59848
-5.40539
-5.19816
-4.97913
-4.7478
-4.50528
-4.25132
-3.98787
-3.71578
-3.43809
-3.15659
-2.87531
-2.59631
-2.32403
-2.06014
-1.80878
-1.5708
-1.34968
-1.14545
-0.960837
-0.795066
-0.650008
-0.524881
-0.421674
-0.339411
-0.278635
-0.237028
-0.22176
-0.221442
-0.229805
-0.240657
-0.27142
-0.282387
-0.332727
-0.287646
-0.383583
-0.190302
-0.496181
0.0472881
-1.00755
-4.40833
-4.29996
-4.19206
-4.08593
-3.98162
-3.87975
-3.78005
-3.68294
-3.5878
-3.495
-3.40367
-3.31419
-3.22565
-3.13844
-3.05162
-2.96564
-2.87959
-2.79399
-2.708
-2.62211
-2.53552
-2.44872
-2.361
-2.27279
-2.1835
-2.09358
-2.0025
-1.91068
-1.81766
-1.72384
-1.62885
-1.53294
-1.43576
-1.33746
-1.23764
-1.13638
-1.0333
-0.928492
-0.821773
-0.713293
-0.603069
-0.491392
-0.37843
-0.264676
-0.150578
-0.0369449
0.0756482
0.186035
0.293464
0.396436
0.494126
0.584837
0.668114
0.742117
0.806759
0.860145
0.902638
0.932397
0.95037
0.955033
0.947871
0.927876
0.897129
0.855697
0.806895
0.752011
0.692054
0.640456
0.595666
0.547508
0.505277
0.471917
0.452362
0.448847
0.430198
0.454443
0.340245
0.477189
0.0126772
0.607095
-4.52159
-4.60927
-4.65379
-4.67363
-4.68009
-4.67372
-4.65443
-4.62928
-4.60815
-4.60229
-4.6189
-4.66159
-4.72636
-4.80474
-4.88364
-4.95184
-5.00087
-5.03016
-5.04501
-5.05608
-5.07104
-5.09337
-5.11994
-5.14595
-5.16548
-5.17536
-5.17397
-5.16243
-5.14191
-5.11406
-5.07934
-5.03838
-4.99079
-4.93636
-4.87366
-4.80082
-4.71476
-4.61305
-4.49459
-4.36104
-4.21539
-4.06144
-3.90184
-3.73792
-3.5695
-3.39597
-3.21654
-3.03112
-2.83968
-2.64337
-2.44309
-2.24138
-2.03945
-1.84077
-1.64626
-1.45966
-1.28126
-1.11464
-0.959462
-0.818845
-0.691809
-0.580751
-0.484525
-0.40542
-0.34182
-0.295764
-0.262335
-0.251437
-0.250911
-0.259928
-0.269032
-0.300757
-0.312616
-0.364811
-0.32389
-0.417094
-0.225476
-0.513935
0.0349427
-0.986837
-2.75787
-2.65646
-2.55191
-2.44508
-2.33632
-2.22627
-2.11557
-2.00454
-1.89391
-1.78381
-1.67504
-1.56756
-1.4621
-1.35846
-1.25745
-1.15866
-1.06292
-0.969724
-0.879928
-0.792798
-0.709124
-0.628049
-0.550318
-0.474867
-0.4024
-0.331745
-0.263591
-0.196665
-0.131706
-0.0674003
-0.00454585
0.0581904
0.119896
0.181898
0.243308
0.305404
0.367169
0.429803
0.492178
0.555242
0.617751
0.68047
0.74214
0.803288
0.862561
0.920307
0.975274
1.02747
1.07544
1.11903
1.157
1.18884
1.21371
1.23079
1.23979
1.23957
1.23047
1.21106
1.18229
1.1429
1.09456
1.03643
0.97069
0.897404
0.81979
0.739188
0.656822
0.589916
0.533637
0.476435
0.424956
0.386264
0.360128
0.354172
0.33767
0.365076
0.268996
0.411766
-0.0191288
0.563357
-2.85324
-2.92147
-2.94722
-2.95003
-2.94391
-2.93217
-2.91636
-2.90161
-2.89497
-2.90269
-2.92886
-2.97346
-3.03234
-3.09571
-3.1517
-3.18795
-3.19753
-3.17942
-3.1423
-3.09928
-3.06503
-3.04592
-3.04243
-3.04784
-3.05648
-3.06198
-3.06287
-3.05811
-3.05071
-3.04166
-3.03322
-3.02402
-3.01382
-2.99934
-2.97877
-2.94779
-2.90416
-2.84415
-2.76799
-2.67653
-2.57445
-2.46548
-2.35452
-2.24322
-2.13325
-2.0238
-1.91497
-1.80563
-1.69596
-1.58557
-1.47487
-1.36438
-1.25466
-1.14701
-1.04159
-0.940337
-0.842931
-0.751671
-0.665886
-0.588114
-0.517346
-0.455695
-0.40193
-0.358029
-0.322367
-0.296814
-0.277059
-0.27125
-0.274073
-0.28136
-0.290654
-0.317498
-0.328961
-0.376747
-0.339723
-0.427341
-0.241448
-0.51349
0.0351359
-0.954385
1.08302
1.12971
1.17268
1.21366
1.25117
1.28765
1.32121
1.35459
1.38533
1.41637
1.44493
1.47415
1.50091
1.52845
1.55346
1.57913
1.60191
1.62501
1.64473
1.66429
1.68001
1.69507
1.70587
1.71566
1.72099
1.72525
1.72514
1.72405
1.71907
1.71358
1.70485
1.6962
1.68518
1.67487
1.66311
1.65274
1.64173
1.63249
1.62304
1.61532
1.60753
1.60101
1.59404
1.58755
1.58006
1.5721
1.56255
1.55148
1.53789
1.52166
1.50188
1.47828
1.45043
1.4177
1.38022
1.33688
1.28841
1.23332
1.173
1.10586
1.03399
0.956129
0.874616
0.788831
0.70196
0.614178
0.527673
0.459738
0.404958
0.348642
0.301526
0.263477
0.242919
0.237958
0.232155
0.262254
0.187365
0.33407
-0.0598265
0.499423
1.04298
1.01423
1.00351
0.990593
0.958568
0.907858
0.839548
0.758668
0.664812
0.563047
0.453441
0.341115
0.226251
0.116462
0.0158307
-0.0655126
-0.125207
-0.159887
-0.178234
-0.189069
-0.209802
-0.247344
-0.306003
-0.375435
-0.44928
-0.51624
-0.575291
-0.622725
-0.664277
-0.701264
-0.740829
-0.782366
-0.829035
-0.876554
-0.924939
-0.967745
-1.0033
-1.02501
-1.03255
-1.02351
-1.00219
-0.970469
-0.934198
-0.894857
-0.855752
-0.816508
-0.778528
-0.741084
-0.705048
-0.670088
-0.636502
-0.604468
-0.573503
-0.544309
-0.515534
-0.488656
-0.461689
-0.436856
-0.412111
-0.390216
-0.369132
-0.351277
-0.334448
-0.320945
-0.308401
-0.299491
-0.289623
-0.288499
-0.290373
-0.296055
-0.298642
-0.319123
-0.322814
-0.36513
-0.325809
-0.410164
-0.22797
-0.489445
0.0532249
-0.895313
3.37089
3.41365
3.4541
3.4932
3.53086
3.56757
3.60258
3.6363
3.66741
3.69656
3.72209
3.74518
3.76388
3.77963
3.79052
3.79813
3.80023
3.79862
3.79101
3.77914
3.76058
3.73717
3.70647
3.67032
3.62637
3.57663
3.5188
3.45509
3.38365
3.30683
3.22301
3.13481
3.04095
2.94423
2.84365
2.74206
2.63867
2.53618
2.43375
2.33389
2.23568
2.14109
2.04899
1.96097
1.87576
1.79462
1.71619
1.64129
1.56861
1.49859
1.43034
1.36359
1.29819
1.23305
1.16872
1.10332
1.03827
0.971127
0.903658
0.833674
0.763292
0.690889
0.618321
0.544493
0.471396
0.398586
0.327227
0.274044
0.232237
0.19155
0.154918
0.131118
0.118328
0.123679
0.126043
0.16337
0.105132
0.254782
-0.0959965
0.414838
3.33039
3.30033
3.28248
3.25594
3.20529
3.13019
3.03396
2.92318
2.80308
2.68277
2.5686
2.46679
2.37732
2.30055
2.23379
2.17762
2.12993
2.09026
2.05356
2.01579
1.96854
1.90755
1.82981
1.74213
1.6513
1.56641
1.48893
1.42029
1.35557
1.29181
1.22196
1.14356
1.05268
0.951287
0.839299
0.721709
0.60119
0.484782
0.375865
0.279324
0.194807
0.122965
0.0604878
0.00677938
-0.0406209
-0.0812602
-0.116706
-0.146572
-0.172457
-0.194669
-0.214506
-0.2325
-0.24883
-0.264183
-0.277547
-0.290131
-0.300093
-0.309337
-0.315712
-0.321655
-0.32492
-0.327537
-0.327115
-0.325575
-0.321034
-0.316047
-0.307145
-0.302936
-0.29969
-0.295595
-0.29011
-0.296913
-0.292745
-0.323113
-0.282438
-0.35903
-0.185362
-0.435129
0.0911389
-0.797875
2.90331
2.9978
3.0859
3.16776
3.24211
3.30978
3.36996
3.424
3.47112
3.51255
3.54753
3.57747
3.60168
3.62136
3.63578
3.64603
3.65132
3.65259
3.64897
3.64108
3.62799
3.61013
3.5864
3.557
3.52075
3.47769
3.42668
3.36778
3.30006
3.22379
3.13829
3.0442
2.94121
2.83048
2.7121
2.58776
2.4579
2.32465
2.18856
2.05209
1.91568
1.78179
1.65059
1.52432
1.40286
1.28818
1.17966
1.07886
0.985058
0.899092
0.820155
0.748276
0.683051
0.623394
0.569706
0.519641
0.474423
0.430882
0.391154
0.35166
0.315366
0.27851
0.243994
0.208006
0.173466
0.136225
0.0992884
0.0719709
0.0547217
0.0322434
0.0179807
0.00772555
0.0103475
0.0232323
0.0353585
0.0739213
0.0294608
0.160722
-0.119413
0.254049
2.80784
2.72035
2.64556
2.56663
2.47227
2.36266
2.24168
2.11375
1.98294
1.85684
1.74337
1.65024
1.57949
1.53022
1.49702
1.47516
1.45828
1.44251
1.42285
1.39747
1.36334
1.32109
1.27041
1.21573
1.16118
1.11492
1.08078
1.06266
1.05852
1.06697
1.08237
1.10105
1.11571
1.12152
1.11222
1.08636
1.04204
0.981814
0.907234
0.822742
0.730931
0.636174
0.540532
0.447037
0.356906
0.272082
0.193246
0.121249
0.056041
-0.00263949
-0.0548378
-0.101688
-0.142221
-0.178377
-0.208062
-0.234275
-0.253913
-0.271081
-0.28224
-0.291883
-0.2961
-0.298975
-0.296385
-0.292291
-0.283363
-0.274588
-0.260589
-0.251727
-0.240666
-0.231633
-0.216015
-0.216057
-0.202803
-0.225692
-0.183436
-0.25367
-0.0993847
-0.318836
0.131356
-0.574976
2.78581
2.88087
2.96917
3.05017
3.12355
3.18908
3.24729
3.29764
3.34082
3.3761
3.40445
3.42505
3.439
3.4454
3.44534
3.43808
3.42475
3.40475
3.37903
3.34716
3.31001
3.26723
3.21924
3.16591
3.10718
3.04303
2.97292
2.89689
2.81412
2.72488
2.62801
2.5242
2.41233
2.29351
2.16704
2.03458
1.89591
1.75327
1.60726
1.46021
1.31341
1.16904
1.02906
0.894754
0.768509
0.65041
0.543296
0.445599
0.360541
0.284738
0.221935
0.16693
0.124529
0.0875699
0.0618314
0.0387995
0.0253409
0.0121746
0.00645463
-0.000560077
-0.00218952
-0.00571977
-0.00613998
-0.00891632
-0.0108911
-0.0163259
-0.0238234
-0.0269651
-0.027925
-0.0305767
-0.0322925
-0.0305665
-0.0241124
-0.0135506
-0.00488149
0.0197024
0.000440784
0.0754243
-0.0482397
0.116267
2.67771
2.57238
2.47894
2.3905
2.30446
2.22302
2.15131
2.08964
2.03767
1.99355
1.95951
1.93666
1.92701
1.92812
1.93741
1.94916
1.9595
1.9633
1.95825
1.94211
1.9161
1.88266
1.84787
1.81766
1.79704
1.78604
1.77988
1.76978
1.74644
1.70211
1.63137
1.53252
1.40783
1.26458
1.1114
0.956515
0.805128
0.66102
0.526905
0.404965
0.296524
0.200256
0.11424
0.0344631
-0.0395909
-0.109586
-0.172316
-0.228598
-0.274535
-0.312683
-0.3395
-0.359412
-0.368231
-0.372232
-0.366387
-0.35858
-0.342906
-0.328216
-0.308101
-0.290832
-0.270117
-0.252419
-0.232302
-0.214438
-0.195454
-0.179449
-0.162744
-0.152208
-0.142112
-0.129722
-0.114597
-0.108125
-0.0926018
-0.104317
-0.0708849
-0.119022
-0.0194764
-0.157921
0.110793
-0.281289
)
;

boundaryField
{
    inlet
    {
        type            freestreamPressure;
        freestreamValue uniform 0;
        value           nonuniform List<scalar> 
134
(
1.41495
1.55239
1.65593
1.6942
1.6674
1.57154
1.40756
1.18559
0.902542
0.485865
0.157165
0.233593
0.347608
0.441195
0.52193
0.594832
0.660994
0.720606
0.774857
0.82582
1.24636
0.87586
0.925785
0.971348
1.00423
1.01113
0.987708
0.984985
0.93999
0.907177
1.0174
0.90729
0.869587
0.846633
0.820553
0.790596
0.764017
0.747129
0.750513
0.754059
1.05461
0.817627
0.552554
0.308101
0.10432
-0.0204492
-0.0389934
0.781841
0.727403
0.672731
0.637782
0.608677
0.576407
0.543887
0.515465
0.491444
0.471003
0.453319
0.438699
0.426609
0.41656
0.407302
0.398269
0.388356
0.377719
0.364836
0.362068
0.358039
0.346968
0.329277
0.305553
0.270877
0.225002
0.137792
0.0630636
-0.00238228
-0.0121458
-0.0372887
-0.0757618
-0.123377
-0.176296
-0.226922
-0.270719
-0.304899
-0.329746
-0.346324
-0.357898
-0.366602
-0.375066
-0.386344
-0.405624
-0.434079
-0.465075
-0.492814
-0.518226
-0.542081
-0.564657
-0.585237
-0.603711
-0.620199
-0.63525
-0.65026
-0.668416
-0.696854
-0.748576
-0.836448
-0.867336
-0.833466
-0.796279
-0.774279
-0.756736
-0.735978
-0.711803
-0.68786
-0.66432
-0.642648
-0.621774
-0.603098
-0.585326
-0.569317
-0.553241
-0.537083
-0.518249
-0.495987
-0.465982
-0.463642
-0.46662
-0.463119
-0.45364
-0.438758
-0.411627
-0.366844
-0.264363
-0.129332
)
;
    }
    outlet
    {
        type            freestreamPressure;
        freestreamValue uniform 0;
        value           nonuniform List<scalar> 
160
(
0.00384607
0.00365685
0.00403042
0.00346698
0.00420006
0.00329858
0.00436048
0.00315008
0.00450956
0.00302092
0.00464655
0.00290998
0.00477256
0.00281821
0.00488648
0.00274224
0.00498985
0.00268444
0.00508132
0.00264477
0.00516235
0.00262777
0.00523166
0.00263152
0.00529071
0.0026539
0.00533819
0.00268533
0.00537558
0.00271781
0.00540139
0.00274065
0.00541731
0.00274912
0.00542201
0.00273794
0.00541704
0.0027081
0.00540149
0.00265843
0.00537647
0.00259263
0.00534156
0.00251493
0.00529734
0.00243708
0.00524342
0.00237251
0.00518007
0.00233474
0.00510682
0.00232764
0.0050229
0.00234566
0.00492826
0.0023749
0.00482119
0.00239791
0.00470187
0.0023944
0.00456789
0.00234194
0.00441981
0.00222116
0.00425514
0.00202794
0.00407511
0.00178085
0.00387781
0.00151118
0.00366542
0.0012471
0.00343713
0.00100513
0.00319638
0.000792236
0.00294418
0.000609382
0.00268474
0.000454376
0.00242081
0.000323537
0.00215681
0.000210871
0.00189719
0.000111357
0.00164509
1.89175e-05
0.00140593
-6.74479e-05
0.00118073
-0.000149919
0.000975641
-0.000224646
0.00078839
-0.000292808
0.000625592
-0.000349597
0.000481294
-0.000398255
0.000362701
-0.000434146
0.000260134
-0.000462754
0.000182441
-0.000478324
0.000116107
-0.000488647
7.15833e-05
-0.000486586
3.2795e-05
-0.000482155
1.21325e-05
-0.000466957
-7.82314e-06
-0.000452688
-1.41065e-05
-0.000430293
-2.29928e-05
-0.000411089
-2.22934e-05
-0.000386166
-2.54473e-05
-0.000364647
-2.32974e-05
-0.000338813
-2.5881e-05
-0.000315422
-2.74405e-05
-0.000289705
-3.56963e-05
-0.000267693
-4.80503e-05
-0.000244273
-5.31744e-05
-0.000229236
-5.44969e-05
-0.000214796
-5.8738e-05
-0.000196542
-6.13229e-05
-0.000174353
-5.76174e-05
-0.00016449
-4.53827e-05
-0.000141974
-2.57744e-05
-0.000159203
-9.56616e-06
-0.000110493
3.44924e-05
-0.00018149
1.45492e-06
-3.20664e-05
0.000132051
-0.000236249
-8.63371e-05
0.000184746
0.000196038
-0.000393226
)
;
    }
    walls
    {
        type            zeroGradient;
    }
    frontAndBack
    {
        type            empty;
    }
}


// ************************************************************************* //
