/*--------------------------------*- C++ -*----------------------------------*\
| =========                 |                                                 |
| \\      /  F ield         | OpenFOAM: The Open Source CFD Toolbox           |
|  \\    /   O peration     | Version:  2412                                  |
|   \\  /    A nd           | Website:  www.openfoam.com                      |
|    \\/     M anipulation  |                                                 |
\*---------------------------------------------------------------------------*/
FoamFile
{
    version     2.0;
    format      ascii;
    arch        "LSB;label=32;scalar=64";
    class       volScalarField;
    location    "150";
    object      p;
}
// * * * * * * * * * * * * * * * * * * * * * * * * * * * * * * * * * * * * * //

dimensions      [0 2 -2 0 0 0 0];

internalField   nonuniform List<scalar> 
10720
(
196.54
162.198
121.191
81.7708
47.4195
14.9231
-8.36477
-20.5461
-24.5315
-19.3169
-6.91117
6.54559
12.0136
4.54646
-3.60708
-4.21161
-2.20269
-4.50835
-11.325
-19.7549
-21.666
-13.7288
-3.58561
1.91497
4.0318
2.32824
-8.45827
-31.708
-62.5907
-89.1131
-99.8438
-114.544
-160.41
-233.057
-285.793
-306.242
-313.202
-166.087
-534.607
231.123
261.715
293.597
321.684
342.711
354.599
357.143
351.043
333.835
306.344
275.762
247.451
221.674
197.058
173.431
150.918
129.922
109.79
89.8602
69.4109
48.4019
26.5162
3.80407
-19.3848
-41.0097
-59.8318
-77.0596
-93.2396
-108.267
-122.17
-135.472
-148.703
-162.477
-177.711
-195.603
-218.972
-250.678
-304.986
-410.776
240.063
215.763
188.122
158.786
129.577
101.354
76.1573
55.4615
41.4014
35.7332
35.9176
35.4465
26.2899
7.73528
-3.35714
-2.45103
-1.04636
-2.98574
-9.82374
-19.6705
-23.1741
-15.4582
-4.42065
1.69484
3.8547
1.96209
-8.99525
-32.1849
-62.8389
-89.0361
-99.2554
-113.649
-159.904
-232.958
-285.972
-306.339
-314.576
-168.757
-548.088
261.74
282.336
302.625
321.363
336.144
345.456
347.979
342.389
327.4
304.766
279.157
253.898
229.475
205.375
181.714
158.89
137.233
116.375
95.7717
74.8772
53.5637
31.6056
9.03698
-13.7789
-35.2469
-54.3076
-71.7353
-88.0671
-103.504
-118.116
-132.143
-145.972
-160.209
-175.793
-193.933
-217.439
-249.143
-303.298
-403.172
238.92
217.465
192.84
165.473
138.09
111.635
87.2809
67.1272
52.41
42.5673
36.7398
33.1995
28.466
17.9532
5.77836
0.638918
0.102299
-1.17516
-7.65509
-18.9676
-25.0925
-17.9951
-5.51223
1.60484
3.7182
1.44244
-9.79841
-32.8922
-63.1069
-88.8248
-98.637
-112.985
-160.108
-233.429
-286.71
-306.924
-317.268
-172.993
-561.46
257.989
276.46
294.666
311.216
324.119
332.415
334.974
330.514
318.247
299.581
277.345
253.849
230.104
206.413
183.077
160.425
138.682
117.668
96.971
76.1339
54.9473
33.2317
10.9959
-11.4354
-32.8227
-52.1523
-69.8488
-86.3916
-101.958
-116.617
-130.637
-144.473
-158.766
-174.441
-192.667
-216.204
-247.827
-301.466
-395.818
243.068
225.951
205.924
183.756
161.161
138.597
117.076
97.7758
81.4523
68.1422
57.5724
48.5972
39.7193
29.7333
18.9732
9.86066
3.39873
-0.0386108
-5.91824
-18.2713
-27.1082
-21.1281
-6.72726
1.88989
3.904
1.07444
-10.5055
-33.4086
-62.9598
-88.1221
-98.1809
-113.495
-161.513
-234.607
-288.093
-308.193
-320.921
-178.021
-574.317
258.153
272.573
286.962
300.389
311.09
318.244
320.651
317.054
306.935
291.365
272.202
251.155
229.275
207.11
184.981
163.135
141.78
120.91
100.263
79.4911
58.3824
36.8055
14.7754
-7.40259
-28.7223
-48.2465
-66.1813
-82.9633
-98.7868
-113.753
-128.126
-142.33
-156.954
-172.891
-191.29
-214.884
-246.381
-299.373
-388.533
238.874
224.112
206.692
187.131
167.07
146.594
126.502
107.846
91.2603
77.263
65.8482
56.305
47.1589
37.2897
27.6463
19.3775
10.6139
2.57143
-5.22785
-17.9227
-28.4786
-23.7308
-7.63866
2.82242
4.58535
1.00666
-10.8538
-33.3442
-61.9744
-86.5587
-97.5887
-114.937
-163.86
-236.46
-290.157
-310.203
-325.429
-183.771
-587.229
251.916
264.313
276.75
288.351
297.634
303.963
306.186
303.22
294.795
281.71
265.209
246.538
226.58
205.925
184.952
163.914
143.043
122.427
101.935
81.319
60.3893
39.0419
17.2988
-4.56288
-25.7278
-45.3597
-63.4969
-80.4991
-96.5509
-111.752
-126.342
-140.727
-155.484
-171.512
-189.953
-213.511
-244.798
-297.038
-381.13
234.489
221.959
207.006
190.19
172.884
154.952
137.074
120.039
104.297
90.1258
77.5164
66.2136
55.6164
45.0155
34.8411
26.2515
17.9546
8.16899
-3.36056
-17.695
-28.9753
-24.3965
-7.41026
4.67707
5.90076
1.28849
-10.7352
-32.4274
-59.8573
-83.9322
-96.7654
-117.037
-166.995
-239.033
-292.947
-313.055
-330.843
-190.323
-600.13
245.53
255.963
266.533
276.493
284.536
290.112
292.09
289.552
282.411
271.257
256.956
240.432
222.387
203.367
183.761
163.816
143.749
123.688
103.594
83.3066
62.6817
41.6424
20.2197
-1.32705
-22.3176
-42.0067
-60.3097
-77.4991
-93.7498
-109.165
-123.975
-138.578
-153.539
-169.747
-188.316
-211.904
-242.998
-294.411
-373.604
228.388
217.484
204.379
189.544
174.268
158.218
141.945
126.121
111.039
97.0082
84.2375
72.6407
61.8924
51.453
41.2283
31.9269
23.6157
14.3609
1.73996
-14.8651
-27.7222
-22.8146
-5.08311
7.70605
7.92532
1.9306
-10.0731
-30.5008
-56.4924
-80.3698
-95.782
-119.608
-170.753
-242.287
-296.484
-316.783
-337.117
-197.863
-612.47
237.982
247.001
256.192
264.88
271.928
276.853
278.564
276.31
270.139
260.49
247.991
233.349
217.099
199.696
181.498
162.724
143.571
124.189
104.598
84.721
64.4624
43.7766
22.7041
1.48814
-19.2949
-38.9804
-57.4021
-74.7499
-91.1821
-106.803
-121.829
-136.643
-151.791
-168.141
-186.787
-210.334
-241.141
-291.562
-365.961
221.946
212.445
200.927
187.845
174.37
160.066
145.403
130.952
116.899
103.522
90.9277
79.1074
67.9966
57.3588
47.0808
37.3566
28.4176
19.492
8.21427
-7.87634
-22.309
-18.5078
-0.562564
12.0038
10.5498
2.88976
-8.85262
-27.545
-51.9455
-76.0821
-94.7864
-122.549
-175.093
-246.245
-300.778
-321.448
-344.288
-206.641
-624.04
230.297
238.108
246.124
253.733
259.922
264.252
265.679
263.601
258.159
249.681
238.647
225.613
210.983
195.117
178.316
160.763
142.632
124.068
105.127
85.7875
66.0015
45.7497
25.0847
4.2328
-16.2997
-35.9203
-54.4085
-71.878
-88.463
-104.265
-119.487
-134.494
-149.814
-166.3
-185.019
-208.518
-239.013
-288.351
-358.154
215.149
206.788
196.577
184.925
172.93
160.081
146.775
133.514
120.397
107.665
95.4435
83.7871
72.7522
62.2096
52.0713
42.3551
32.9863
23.8294
13.975
0.876525
-12.6004
-10.7656
5.76781
17.2315
13.5034
4.05872
-7.11987
-23.7195
-46.5248
-71.3795
-93.7974
-125.732
-179.884
-250.799
-305.798
-327.009
-352.274
-216.76
-634.615
222.483
229.313
236.36
243.064
248.513
252.295
253.432
251.459
246.563
239.001
229.157
217.485
204.287
189.837
174.377
158.045
140.985
123.324
105.129
86.4161
67.1773
47.4187
27.2021
6.74314
-13.5049
-33.0089
-51.5157
-69.0719
-85.7839
-101.748
-117.151
-132.342
-147.829
-164.442
-183.22
-206.641
-236.767
-284.889
-350.233
208.278
200.89
191.798
181.381
170.66
159.091
147.013
134.877
122.72
110.758
99.0947
87.7651
76.8915
66.461
56.4138
46.7692
37.376
27.998
18.7915
8.67825
-1.61048
-0.822374
13.1597
22.6622
16.5325
5.17829
-5.05786
-19.2716
-40.5512
-66.4459
-92.8945
-129.145
-185.131
-255.977
-311.513
-333.474
-361.077
-228.18
-644.291
214.746
220.739
226.957
232.885
237.681
240.949
241.801
239.881
235.394
228.552
219.675
209.146
197.195
184.025
169.82
154.677
138.701
121.996
104.623
86.6203
68.0046
48.8031
29.0865
9.06045
-10.8614
-30.1924
-48.6633
-66.2641
-83.0703
-99.1685
-114.732
-130.089
-145.727
-162.452
-181.271
-204.583
-234.29
-281.082
-342.149
201.402
194.841
186.705
177.341
167.713
157.246
146.244
135.113
123.85
112.638
101.574
90.6828
80.1123
69.9286
60.0783
50.5664
41.3589
32.173
23.1776
14.8482
7.83942
8.84195
20.1392
27.2801
19.1965
6.01032
-2.90227
-14.4928
-34.3774
-61.5427
-92.1096
-132.757
-190.737
-261.668
-317.854
-340.719
-370.527
-240.806
-653.229
207.13
212.41
217.912
223.168
227.385
230.179
230.753
228.846
224.664
218.389
210.301
200.731
189.857
177.826
164.779
150.767
135.859
120.13
103.629
86.3968
68.4662
49.879
30.7086
11.1512
-8.4049
-27.5119
-45.895
-63.4983
-80.366
-96.5722
-112.275
-127.781
-143.557
-160.379
-179.22
-202.39
-231.63
-276.982
-333.931
194.595
188.749
181.444
172.997
164.315
154.818
144.773
134.555
124.132
113.663
103.238
92.8504
82.6486
72.7563
63.1603
53.8508
44.8531
36.0865
27.4504
19.8273
14.8921
16.5358
25.4059
30.1287
20.8782
6.53093
-0.946726
-9.68296
-28.2779
-56.855
-91.6356
-136.652
-196.785
-267.946
-324.779
-348.677
-380.524
-254.483
-661.755
199.685
204.347
209.223
213.885
217.586
219.943
220.249
218.325
214.369
208.543
201.101
192.336
182.386
171.363
159.366
146.411
132.534
117.778
102.174
85.7557
68.5619
50.6391
32.0593
13.0104
-6.13906
-24.9718
-43.2141
-60.7749
-77.6671
-93.9505
-109.766
-125.401
-141.295
-158.196
-177.038
-200.03
-228.749
-272.555
-325.563
187.891
182.668
176.089
168.44
160.586
151.938
142.743
133.347
123.697
113.93
104.133
94.2754
84.5008
74.9576
65.6734
56.6449
47.8893
39.5023
31.4678
24.152
19.9207
21.82
28.5965
30.8628
21.0746
6.6798
0.584288
-5.195
-22.629
-52.7256
-91.5522
-140.813
-203.151
-274.655
-332.179
-357.141
-390.777
-269.034
-669.893
192.423
196.55
200.872
205.007
208.244
210.199
210.25
208.286
204.495
199.028
192.116
184.026
174.872
164.732
153.679
141.699
128.799
114.995
100.295
84.7171
68.2961
51.0769
33.1273
14.6257
-4.07756
-22.5886
-40.6385
-58.1105
-74.9887
-91.3167
-107.218
-122.958
-138.95
-155.91
-174.728
-197.507
-225.656
-267.819
-317.053
181.313
176.637
170.696
163.752
156.623
148.729
140.289
131.636
122.695
113.592
104.402
95.0883
85.7743
76.6086
67.6599
58.9464
50.4854
42.4007
34.9278
28.0518
23.6102
24.9937
30.1145
30.0195
19.7599
6.35005
1.57399
-1.29874
-17.6756
-49.3007
-92.0014
-145.278
-209.861
-281.801
-339.966
-366.023
-401.053
-284.19
-677.053
185.355
189.012
192.845
196.507
199.322
200.91
200.719
198.699
195.027
189.846
183.372
175.853
167.379
158.012
147.801
136.713
124.729
111.84
98.032
83.3038
67.6786
51.1939
33.9092
15.9901
-2.22889
-20.3725
-38.1798
-55.5161
-72.3399
-88.6773
-104.635
-120.453
-136.521
-153.514
-172.283
-194.808
-222.336
-262.77
-308.399
174.874
170.68
165.306
158.983
152.496
145.269
137.506
129.52
121.228
112.743
104.131
95.3561
86.5112
77.7357
69.1388
60.7566
52.6235
44.8298
37.7253
31.3918
26.5546
26.6668
30.3914
28.6114
17.6678
5.58735
2.04816
1.8164
-13.6172
-46.7779
-92.9825
-149.985
-216.746
-289.167
-347.987
-375.122
-411.029
-299.527
-682.169
178.482
181.723
185.122
188.357
190.788
192.037
191.622
189.534
185.947
180.995
174.885
167.846
159.958
151.266
141.805
131.526
120.391
108.371
95.4278
81.5431
66.7247
50.9963
34.4048
17.0985
-0.601299
-18.3349
-35.8511
-53.0046
-69.7317
-86.0412
-102.021
-117.889
-134.006
-151.009
-169.699
-191.929
-218.789
-257.417
-299.605
168.579
164.815
159.943
154.175
148.256
141.624
134.466
127.083
119.383
111.47
103.402
95.147
86.7621
78.379
70.1405
62.0953
54.2909
46.8008
39.9274
33.9877
29.0206
27.515
29.7014
27.2985
15.9171
4.70956
2.23781
3.92286
-10.464
-45.1759
-94.5922
-154.986
-223.844
-296.766
-356.134
-384.34
-420.532
-314.453
-684.454
171.802
174.674
177.686
180.534
182.613
183.552
182.926
180.764
177.235
172.468
166.662
160.03
152.646
144.544
135.748
126.199
115.846
104.64
92.5267
79.4688
65.4555
50.4942
34.6152
17.9487
0.801407
-16.483
-33.6629
-50.5872
-67.1749
-83.4175
-99.3852
-115.272
-131.41
-148.393
-166.973
-188.866
-215.007
-251.769
-290.679
162.432
159.051
154.628
149.355
143.943
137.841
131.227
124.388
117.226
109.839
102.279
94.5122
86.5723
78.5817
70.6995
62.9881
55.4948
48.2992
41.6114
35.8398
30.9402
28.0396
28.3979
25.991
15.1729
4.24628
2.35612
4.79679
-8.33422
-44.601
-96.825
-160.233
-231.003
-304.376
-364.241
-393.45
-429.322
-328.29
-684.029
165.312
167.856
170.519
173.017
174.773
175.425
174.604
172.366
168.874
164.257
158.704
152.42
145.472
137.886
129.68
120.787
111.148
100.7
89.3749
77.117
63.8967
49.7043
34.5495
18.5432
1.97504
-14.8241
-31.625
-48.2751
-64.6798
-80.815
-96.7333
-112.605
-128.732
-145.665
-164.1
-185.614
-210.994
-245.839
-281.623
156.434
153.395
149.374
144.543
139.583
133.958
127.833
121.484
114.812
107.906
100.816
93.5053
85.9947
78.392
70.8537
63.4619
56.2563
49.3238
42.8106
37.0647
32.1929
28.407
26.911
24.3563
15.1197
4.51778
2.45337
4.47512
-7.54985
-45.0288
-99.7765
-165.788
-238.275
-312.007
-372.2
-402.311
-437.171
-340.573
-682.166
159.005
161.256
163.609
165.787
167.244
167.634
166.632
164.317
160.847
156.352
151.013
145.028
138.456
131.323
123.639
115.336
106.346
96.5996
86.0152
74.5229
62.0758
48.6448
34.219
18.887
2.9209
-13.3617
-29.7448
-46.0773
-62.2562
-78.2427
-94.0732
-109.893
-125.976
-142.825
-161.081
-182.171
-206.744
-239.642
-272.455
150.583
147.85
144.19
139.757
135.202
130.004
124.318
118.412
112.183
105.718
99.0607
92.1722
85.072
77.8427
70.627
63.5325
56.5934
49.8892
43.5347
37.768
32.7929
28.5119
25.5038
22.3548
14.893
5.24253
2.34095
2.98314
-8.51719
-46.6192
-103.442
-171.616
-245.518
-319.449
-379.835
-410.676
-443.794
-351.205
-680.824
152.877
154.866
156.939
158.825
160.007
160.155
158.989
156.596
153.139
148.743
143.586
137.857
131.615
124.879
117.659
109.884
101.483
92.3816
82.4896
71.7237
60.0223
47.3367
33.6363
18.987
3.64238
-12.0974
-28.0278
-44.0026
-59.9131
-75.7096
-91.4118
-107.143
-123.145
-139.874
-157.912
-178.535
-202.263
-233.195
-263.182
144.877
142.42
139.084
135.007
130.814
126.001
120.711
115.204
109.377
103.312
97.052
90.5537
83.8402
76.9591
70.0397
63.2178
56.5249
50.0194
43.7972
38.0072
32.8437
28.2149
24.1777
20.1931
13.8649
5.65056
1.68663
0.30749
-11.5126
-49.5425
-107.914
-177.777
-252.774
-326.714
-387.046
-418.389
-448.979
-360.616
-681.444
146.922
148.674
150.496
152.117
153.044
152.975
151.654
149.187
145.733
141.42
136.418
130.913
124.959
118.574
111.765
104.464
96.597
88.0869
78.8371
68.7554
57.7665
45.8055
32.8211
18.8568
4.14489
-11.0305
-26.4772
-42.057
-57.6586
-73.2235
-88.7569
-104.359
-120.243
-136.814
-154.595
-174.71
-197.552
-226.519
-253.824
139.315
137.103
134.06
130.304
126.437
121.968
117.034
111.888
106.423
100.721
94.8234
88.6829
82.3253
75.7622
69.1152
62.5431
56.0753
49.7441
43.6252
37.8139
32.444
27.4857
22.7822
18.0281
12.002
5.01619
0.17272
-3.58191
-16.6214
-54.0313
-113.235
-184.233
-259.913
-333.608
-393.668
-425.224
-452.589
-369.159
-682.243
141.135
142.674
144.268
145.648
146.344
146.072
144.612
142.074
138.618
134.373
129.507
124.197
118.496
112.421
105.98
99.1038
91.7203
83.751
75.0947
65.6535
55.3405
44.0777
31.7939
18.5099
4.43644
-10.1575
-25.0948
-40.2454
-55.4997
-70.7922
-86.1156
-101.549
-117.273
-133.647
-151.13
-170.696
-192.622
-219.637
-244.397
133.892
131.903
129.121
125.654
122.079
117.92
113.308
108.484
103.347
97.9732
92.4042
86.5886
80.5529
74.2815
67.8894
61.5455
55.278
49.0973
43.0549
37.2164
31.6559
26.3701
21.1778
15.838
9.59657
3.0496
-2.39525
-8.60492
-23.5931
-60.2742
-119.485
-191.038
-266.957
-340.131
-399.617
-431.064
-454.597
-376.89
-676.218
135.511
136.857
138.246
139.405
139.891
139.437
137.848
135.241
131.782
127.595
122.846
117.708
112.231
106.433
100.321
93.8272
86.8816
79.4049
71.2954
62.4506
52.776
42.1802
30.5757
17.9621
4.5293
-9.47158
-23.8781
-38.57
-53.4411
-68.4221
-83.4944
-98.7169
-114.242
-130.377
-147.522
-166.499
-187.476
-212.571
-234.925
128.608
126.816
124.27
121.064
117.751
113.87
109.545
105.013
100.171
95.093
89.8201
84.2987
78.5527
72.5526
66.3999
60.2593
54.1641
48.108
42.1211
36.2461
30.5163
24.9237
19.313
13.5125
6.91127
-0.0174589
-6.08235
-14.4983
-31.9012
-68.235
-126.662
-198.132
-273.787
-346.118
-404.756
-435.75
-455.042
-383.157
-656.122
130.045
131.219
132.42
133.38
133.674
133.053
131.348
128.678
125.213
121.077
116.432
111.446
106.17
100.62
94.8021
88.6526
82.1036
75.0761
67.4691
59.1781
50.1029
40.141
29.1913
17.2336
4.43728
-8.96482
-22.8237
-37.0319
-51.4873
-66.1192
-80.9
-95.8706
-111.153
-127.009
-143.773
-162.126
-182.132
-205.349
-225.431
123.458
121.844
119.51
116.538
113.459
109.829
105.763
101.491
96.9139
92.1014
87.0946
81.8385
76.3529
70.6054
64.673
58.7076
52.7563
46.8024
40.8559
34.9373
29.0532
23.1846
17.1938
10.9637
4.01992
-3.71795
-10.8086
-20.9355
-40.8584
-77.5122
-134.734
-205.49
-280.403
-351.539
-409.019
-439.209
-453.97
-387.371
-624.164
124.733
125.751
126.785
127.562
127.683
126.913
125.1
122.373
118.902
114.812
110.259
105.41
100.313
94.9858
89.434
83.5966
77.4069
70.7897
63.6439
55.8654
47.3499
37.988
27.6656
16.3452
4.17653
-8.62536
-21.9258
-35.6282
-49.6388
-63.8873
-78.3376
-93.0146
-108.014
-123.548
-139.89
-157.585
-176.6
-197.998
-215.942
118.441
116.986
114.842
112.081
109.212
105.805
101.97
97.9324
93.5923
89.0179
84.2493
79.2316
73.9801
68.4643
62.7284
56.9102
51.0776
45.2084
39.2908
33.3252
27.2977
21.1799
14.8457
8.18608
0.896197
-7.662
-16.2656
-27.6586
-49.7136
-87.361
-143.439
-212.944
-286.672
-356.246
-412.266
-441.316
-451.468
-388.915
-584.545
119.57
120.45
121.33
121.945
121.908
121.001
119.095
116.316
112.84
108.791
104.322
99.5967
94.6634
89.5378
84.2269
78.6717
72.8097
66.5658
59.8432
52.5383
44.5444
35.7469
26.0221
15.3182
3.764
-8.44018
-21.1755
-34.3561
-47.8969
-61.7289
-75.8126
-90.1562
-104.83
-120
-135.881
-152.888
-170.901
-190.544
-206.488
113.555
112.241
110.268
107.696
105.014
101.806
98.1796
94.3502
90.2218
85.8599
81.304
76.4995
71.4572
66.1495
60.5854
54.8913
49.1578
43.3589
37.4602
31.4445
25.2814
18.9351
12.2912
5.21745
-2.47564
-11.6718
-21.9688
-34.5512
-57.8675
-96.8378
-152.263
-220.284
-292.473
-360.177
-414.408
-442.007
-447.667
-387.716
-540.078
114.554
115.309
116.053
116.518
116.341
115.314
113.321
110.498
107.019
103.008
98.6164
94.0048
89.2205
84.2783
79.1864
73.8895
68.325
62.4234
56.0889
49.2211
41.7121
33.4435
24.2857
14.173
3.21893
-8.39476
-20.5619
-33.2089
-46.2586
-59.6461
-73.3279
-87.2996
-101.606
-116.373
-131.755
-148.047
-165.048
-183.016
-197.095
108.798
107.611
105.79
103.386
100.87
97.8416
94.3996
90.7564
86.8164
82.6436
78.2766
73.6616
68.805
63.6818
58.2671
52.6807
47.0315
41.2899
35.4005
29.3316
23.041
16.4834
9.55681
2.10427
-6.04119
-15.7217
-27.4769
-41.4774
-65.0598
-104.973
-160.367
-227.05
-297.522
-363.155
-415.332
-441.144
-442.774
-383.768
-492.978
109.682
110.326
110.946
111.279
110.975
109.839
107.773
104.911
101.431
97.458
93.1383
88.6318
83.9843
79.2105
74.3204
69.2583
63.9675
58.3782
52.4014
45.9354
38.8762
31.1029
22.4807
12.9347
2.5615
-8.47249
-20.0737
-32.1788
-44.7206
-57.6387
-70.8875
-84.4505
-98.3518
-112.676
-127.522
-143.078
-159.069
-175.443
-187.796
104.169
103.093
101.408
99.1542
96.7873
93.9168
90.6399
87.1619
83.389
79.3841
75.1844
70.7368
66.044
61.0815
55.8002
50.3116
44.7336
39.0353
33.1468
27.0225
20.613
13.862
6.67552
-1.10765
-9.70118
-19.8107
-32.5685
-48.1287
-71.4409
-111.101
-166.717
-232.578
-301.436
-364.967
-414.937
-438.695
-436.852
-377.448
-445.44
104.95
105.495
106.008
106.219
105.803
104.573
102.44
99.546
96.0701
92.1338
87.8829
83.4748
78.9546
74.3373
69.632
64.7871
59.7455
54.4448
48.7952
42.7013
36.0583
28.7477
20.6309
11.6244
1.8112
-8.65622
-19.6963
-31.2563
-43.2773
-55.7045
-68.4913
-81.6131
-95.0723
-108.916
-123.194
-137.996
-152.981
-167.855
-178.619
99.6659
98.6888
97.1241
95.0044
92.7687
90.0392
86.9084
83.5765
79.952
76.0955
72.0435
67.7432
63.1948
58.3721
53.2136
47.817
42.2964
36.6277
30.7327
24.5538
18.035
11.1112
3.69
-4.37641
-13.3596
-23.8806
-37.2172
-54.0837
-77.2267
-115.17
-170.319
-235.869
-303.571
-365.2
-412.99
-434.624
-429.812
-368.951
-399.342
100.356
100.816
101.229
101.335
100.819
99.5044
97.3183
94.3987
90.9296
87.0309
82.8463
78.5313
74.1303
69.6583
65.125
60.48
55.6695
50.6332
45.2868
39.5357
33.2793
26.3998
18.7576
10.2636
0.98855
-8.92838
-19.4155
-30.4299
-41.9216
-53.841
-66.1422
-78.7913
-91.7749
-105.105
-118.786
-132.82
-146.815
-160.278
-169.593
95.2882
94.3978
92.9398
90.939
88.8193
86.214
83.213
80.0108
76.5169
72.7915
68.8699
64.6992
60.2786
55.5783
50.5354
45.2226
39.7457
34.0957
28.1901
21.9608
15.3445
8.27214
0.648176
-7.65626
-16.9413
-27.8228
-41.4718
-59.0958
-82.3389
-117.724
-170.733
-235.825
-303.014
-363.28
-409.156
-428.829
-421.377
-358.553
-356.39
95.899
96.2819
96.6102
96.6206
96.0174
94.6325
92.3994
89.4614
86.0033
82.1437
78.0241
73.7984
69.5103
65.1751
60.802
56.3426
51.7459
46.9547
41.8877
36.4541
30.556
24.0788
16.882
8.87332
0.113578
-9.2699
-19.2151
-29.6876
-40.6449
-52.0433
-63.8374
-75.9882
-88.4657
-101.253
-114.311
-127.57
-140.591
-152.739
-160.741
91.0355
90.2206
88.8563
86.9606
84.9426
82.4479
79.5612
76.4729
73.095
69.4852
65.6787
61.6223
57.3149
52.7238
47.788
42.55
37.1057
31.4675
25.5525
19.281
12.5823
5.38695
-2.40039
-10.8932
-20.3877
-31.5278
-45.336
-63.1714
-86.4431
-119.348
-168.394
-231.667
-298.618
-358.313
-402.87
-421.018
-411.289
-346.326
-317.793
91.5767
91.8935
92.1449
92.0742
91.3942
89.9473
87.679
84.7296
81.2869
77.4682
73.4131
69.2738
65.0934
60.8873
56.6645
52.3786
47.981
43.4171
38.6092
33.4697
27.9058
21.8026
15.0234
7.47351
-0.793886
-9.66262
-19.0794
-29.0161
-39.4379
-50.3062
-61.5776
-73.2073
-85.1524
-97.3707
-109.786
-122.267
-134.339
-145.267
-152.093
86.9062
86.1569
84.875
83.0721
81.144
78.7454
75.9602
72.9732
69.6967
66.1888
62.4839
58.5288
54.3225
49.8296
44.9916
39.8198
34.4029
28.7753
22.8555
16.5524
9.78933
2.49959
-5.40894
-14.0342
-23.6495
-34.918
-48.7601
-66.4269
-89.3611
-120.209
-164.375
-223.577
-289.43
-349.197
-393.332
-410.69
-399.193
-332.73
-284.497
87.3878
87.6469
87.8335
87.6886
86.9444
85.448
83.1505
80.1967
76.7741
72.9989
69.0088
64.9545
60.878
56.7942
52.7138
48.5912
44.3794
40.0277
35.4601
30.5953
25.3409
19.5876
13.2002
6.08381
-1.71491
-10.0889
-18.9917
-28.4019
-38.29
-48.6232
-59.3588
-70.4494
-81.8408
-93.4685
-105.226
-116.93
-128.083
-137.885
-143.664
82.9008
82.2079
80.9973
79.2761
77.4255
75.1131
72.4169
69.518
66.3323
62.9147
59.2999
55.435
51.3193
46.9149
42.1665
37.0562
31.6669
26.0529
20.1344
13.8119
7.00496
-0.348625
-8.33201
-17.028
-26.6814
-37.9454
-51.6822
-68.9501
-91.1308
-120.12
-159.588
-212.797
-275.358
-334.888
-379.502
-397.133
-384.807
-318.111
-256.575
83.3306
83.5413
83.6695
83.4638
82.6639
81.1257
78.8102
75.859
72.4614
68.7325
64.808
60.8371
56.8615
52.896
48.9507
44.982
40.9452
36.7913
32.4493
27.8394
22.8748
17.4481
11.4278
4.7208
-2.63179
-10.5312
-18.9364
-27.831
-37.1909
-46.987
-57.1795
-67.7176
-78.5384
-89.5592
-100.648
-111.585
-121.851
-130.619
-135.478
79.0179
78.3726
77.2247
75.5747
73.7929
71.5543
68.9374
66.1177
63.0112
59.674
56.1396
52.3558
48.322
43.9985
39.3329
34.2831
28.9256
23.33
17.421
11.0933
4.26655
-3.11683
-11.128
-19.8305
-29.4405
-40.5798
-54.0652
-70.7774
-91.9127
-118.988
-154.363
-200.933
-257.673
-315.159
-360.422
-379.492
-367.721
-302.573
-233.804
79.4045
79.5733
79.6543
79.3935
78.5489
76.9804
74.6525
71.7105
68.3431
64.6639
60.8068
56.9195
53.0426
49.1911
45.3754
41.5529
37.6812
33.7139
29.5826
25.2117
20.5177
15.3961
9.72086
3.40025
-3.52854
-10.9733
-18.898
-27.2898
-36.1288
-45.3902
-55.0355
-65.012
-75.2504
-85.6535
-96.0696
-106.248
-115.667
-123.49
-127.545
75.2578
74.6532
73.5584
71.9708
70.2477
68.0759
65.5284
62.7777
59.743
56.4778
53.0157
49.3058
45.347
41.0988
36.5095
31.5241
26.2076
20.6364
14.7462
8.43058
1.6087
-5.76835
-13.7578
-22.4031
-31.891
-42.8028
-55.9002
-71.9263
-91.8471
-116.898
-148.648
-189.031
-238.449
-291.221
-335.857
-357.007
-347.433
-285.831
-215.179
75.6076
75.7425
75.7813
75.4778
74.5957
73.0036
70.6739
67.7481
64.4157
60.7896
57.002
53.1979
49.4183
45.6789
41.9866
38.305
34.5893
30.7991
26.8648
22.7193
18.2768
13.4434
8.0924
2.13656
-4.38971
-11.3999
-18.8618
-26.7651
-35.0935
-43.8253
-52.9233
-62.3345
-71.9837
-81.7636
-91.5076
-100.946
-109.558
-116.52
-119.883
71.6194
71.0483
69.9999
68.4665
66.7956
64.6803
62.1954
59.5075
56.536
53.3359
49.9403
46.2982
42.4091
38.2327
33.7163
28.8031
23.5381
17.998
12.1374
5.85256
-0.936375
-8.27063
-16.1906
-24.7175
-34.0086
-44.6021
-57.1974
-72.4256
-91.0399
-114.011
-142.423
-177.413
-219.451
-265.451
-307.037
-329.599
-323.464
-267.742
-199.38
71.9395
72.0459
72.0522
71.7103
70.8009
69.1953
66.8687
63.9658
60.6741
57.105
53.3891
49.6692
45.9872
42.3549
38.7858
35.2359
31.6727
28.0468
24.3025
20.365
16.1627
11.5979
6.55299
0.942322
-5.20188
-11.7972
-18.8141
-26.2445
-34.0744
-42.2844
-50.8392
-59.6851
-68.7433
-77.8995
-86.9774
-95.6957
-103.544
-109.726
-112.494
68.1032
67.56
66.5502
65.0641
63.4371
61.3742
58.9443
56.3113
53.3986
50.2584
46.9242
43.3462
39.5239
35.4179
30.9745
26.1404
20.936
15.4355
9.61731
3.38494
-3.34166
-10.5952
-18.399
-26.7503
-35.7769
-45.9752
-57.9798
-72.3211
-89.5789
-110.48
-135.78
-166.084
-201.525
-240.155
-276.473
-298.53
-295.969
-248.079
-185.165
68.3989
68.4832
68.4609
68.0915
67.1608
65.5478
63.2343
60.3604
57.1143
53.6062
49.9647
46.3306
42.7448
39.2209
35.768
32.3496
28.928
25.4632
21.8946
18.1575
14.1788
9.86823
5.11203
-0.172276
-5.9535
-12.1528
-18.7429
-25.7166
-33.0617
-40.7606
-48.7797
-57.0647
-65.5353
-74.073
-82.4959
-90.5195
-97.6486
-103.126
-105.393
64.7078
64.1866
63.2106
61.7653
60.1781
58.159
55.7794
53.198
50.338
47.2539
43.9778
40.4614
36.7046
32.6693
28.3012
23.5517
18.4171
12.9684
7.20844
1.05074
-5.58381
-12.72
-20.363
-28.4871
-37.1909
-46.9297
-58.2767
-71.6704
-87.55
-106.439
-128.843
-155.041
-184.846
-216.674
-246.787
-266.269
-266.116
-226.91
-171.73
64.9847
65.0515
65.0087
64.6154
63.6723
62.061
59.7651
56.9267
53.7317
50.2887
46.7243
43.1779
39.6891
36.2715
32.9341
29.6419
26.3584
23.0458
19.6461
16.0973
12.3308
8.2604
3.77667
-1.19849
-6.63422
-12.4561
-18.6373
-25.1712
-32.0467
-39.2475
-46.741
-54.4738
-62.3648
-70.2935
-78.077
-85.4334
-91.8886
-96.7322
-98.5751
61.4332
60.9301
59.9812
58.572
57.018
55.0408
52.7061
50.1708
47.3618
44.3308
41.1106
37.6547
33.9635
30.0001
25.7106
21.0513
15.9967
10.6146
4.93079
-1.13015
-7.6446
-14.6286
-22.0698
-29.9207
-38.2529
-47.4825
-58.1247
-70.537
-85.0431
-102.006
-121.739
-144.314
-169.353
-195.395
-219.605
-235.405
-236.016
-204.78
-158.375
61.6954
61.7501
61.69
61.2823
60.332
58.7277
56.4583
53.6613
50.5225
47.1487
43.6646
40.2074
36.8164
33.5045
30.2808
27.1117
23.962
20.7954
17.557
14.1874
10.622
6.77871
2.55298
-2.12805
-7.23594
-12.698
-18.4882
-24.5996
-31.0217
-37.7393
-44.7209
-51.9137
-59.2371
-66.5713
-73.7359
-80.456
-86.2836
-90.5586
-92.05
58.2783
57.7884
56.8634
55.4855
53.9623
52.0203
49.7283
47.2377
44.4757
41.4962
38.3313
34.9359
31.3109
27.422
23.2153
18.6523
13.6887
8.38946
2.79991
-3.14274
-9.51004
-16.3095
-23.5127
-31.0516
-38.9735
-47.6577
-57.5659
-68.9864
-82.1482
-97.291
-114.582
-133.962
-154.963
-176.233
-195.44
-207.557
-207.746
-182.858
-144.779
58.5305
58.5765
58.5063
58.0866
57.1369
55.5478
53.3088
50.5591
47.4816
44.1812
40.7808
37.4153
34.1227
30.9165
27.8051
24.7565
21.7367
18.711
15.6271
12.4286
9.05435
5.42618
1.44622
-2.9566
-7.75227
-12.8713
-18.288
-23.9944
-29.9805
-36.2316
-42.717
-49.3851
-56.1569
-62.9151
-69.4841
-75.6006
-80.8457
-84.6118
-85.8106
55.2431
54.7634
53.8572
52.5071
51.0097
49.1029
46.8499
44.4003
41.6857
38.7569
35.6472
32.313
28.7564
24.9447
20.8259
16.3647
11.5055
6.30596
0.827995
-4.97629
-11.1717
-17.7579
-24.6919
-31.8873
-39.3696
-47.485
-56.6469
-67.0849
-78.9516
-92.3929
-107.471
-124.044
-141.616
-158.971
-174.148
-183.197
-182.561
-162.366
-130.947
55.4882
55.53
55.4519
55.0287
54.0838
52.5139
50.3137
47.6169
44.6053
41.3823
38.0688
34.7968
31.6044
28.5037
25.5038
22.5734
19.6801
16.7909
13.8554
10.8205
7.62813
4.20497
0.457548
-3.67998
-8.17846
-12.9709
-18.0309
-23.3501
-28.9181
-34.7206
-40.7277
-46.8896
-53.1292
-59.3332
-65.3338
-70.8819
-75.5894
-78.9017
-79.8616
52.3257
51.8524
50.9631
49.6373
48.1649
46.288
44.0735
41.6654
38.9958
36.118
33.0644
29.7932
26.3076
22.5766
18.5505
14.1961
9.45653
4.3755
-0.975639
-6.62424
-12.6257
-18.9736
-25.6125
-32.4404
-39.4643
-46.9994
-55.4171
-64.8976
-75.5341
-87.4018
-100.492
-114.612
-129.275
-143.419
-155.397
-162.099
-160.733
-144.16
-117.547
52.5676
52.6078
52.528
52.103
51.1695
49.6262
47.4679
44.8291
41.8883
38.7469
35.5235
32.3477
29.2562
26.2617
23.3725
20.5587
17.7892
15.0323
12.2399
9.36185
6.3434
3.11532
-0.410775
-4.29597
-8.51179
-12.9927
-17.7125
-22.6624
-27.8311
-33.2042
-38.7528
-44.4287
-50.1581
-55.8328
-61.2943
-66.3095
-70.5224
-73.4304
-74.1929
49.5261
49.0574
48.1806
46.877
45.426
43.5804
41.4021
39.0335
36.4107
33.5847
30.5886
27.3827
23.9711
20.3248
16.3968
12.1553
7.54825
2.60301
-2.60684
-8.08425
-13.8728
-19.9612
-26.285
-32.7288
-39.2842
-46.2394
-53.927
-62.4883
-71.9706
-82.3982
-93.7145
-105.706
-117.91
-129.421
-138.864
-143.826
-142.007
-128.418
-105.518
49.767
49.8092
49.729
49.3097
48.3908
46.8776
44.7686
42.1928
39.3269
36.2708
33.1406
30.0629
27.0741
24.1859
21.4069
18.7083
16.0599
13.4317
10.7777
8.05059
5.19849
2.15628
-1.15877
-4.80426
-8.75062
-12.9342
-17.3305
-21.9289
-26.7171
-31.6808
-36.792
-42.0045
-47.2482
-52.4208
-57.3744
-61.8934
-65.6538
-68.2028
-68.8072
46.8423
46.3752
45.5101
44.2264
42.7969
40.9786
38.8372
36.5097
33.933
31.1602
28.2237
25.0858
21.7518
18.1946
14.3703
10.2488
5.78411
0.98802
-4.06573
-9.35774
-14.9179
-20.7304
-26.7242
-32.7742
-38.8596
-45.2434
-52.2262
-59.9167
-68.3286
-77.45
-87.1966
-97.3498
-107.487
-116.845
-124.289
-127.966
-125.958
-114.908
-95.3666
47.0852
47.1314
47.0561
46.6429
45.7446
44.2678
42.2106
39.7024
36.9156
33.9485
30.9145
27.9375
25.0525
22.2713
19.6021
17.0173
14.4877
11.9849
9.46486
6.88296
4.1903
1.32585
-1.78824
-5.2052
-8.89444
-12.7958
-16.8843
-21.1486
-25.5754
-30.1503
-34.8464
-39.6194
-44.4033
-49.1028
-53.5808
-57.6399
-60.9873
-63.2177
-63.6911
44.274
43.8073
42.9508
41.6857
40.275
38.4863
36.3806
34.0933
31.5655
28.8475
25.9731
22.9061
19.6534
16.1897
12.4746
8.47964
4.16514
-0.470616
-5.35482
-10.4484
-15.7679
-21.2932
-26.948
-32.6006
-38.222
-44.0518
-50.3626
-57.2379
-64.6672
-72.6148
-80.9818
-89.5578
-97.9654
-105.571
-111.446
-114.182
-112.188
-103.264
-86.9306
44.5201
44.5731
44.5033
44.1027
43.2273
41.7896
39.7909
37.3545
34.6506
31.7757
28.8408
25.9661
23.1863
20.5125
17.9528
15.4806
13.0677
10.687
8.29674
5.85498
3.31543
0.620842
-2.3017
-5.50051
-8.9453
-12.578
-16.3745
-20.3216
-24.4062
-28.6135
-32.9173
-37.2758
-41.6274
-45.8836
-49.919
-53.5545
-56.5271
-58.4758
-58.8462
41.8187
41.3504
40.5023
39.2544
37.8635
36.1015
34.033
31.7883
29.3091
26.6483
23.8384
20.8457
17.678
14.3123
10.7111
6.84864
2.69077
-1.77544
-6.479
-11.3634
-16.4331
-21.6641
-26.976
-32.2348
-37.4032
-42.7032
-48.3808
-54.5013
-61.037
-67.9383
-75.1014
-82.3314
-89.2996
-95.4854
-100.135
-102.188
-100.342
-93.1852
-79.8036
42.0703
42.1312
42.0713
41.6833
40.8356
39.4427
37.504
35.1433
32.5261
29.7466
26.9133
24.1432
21.4696
18.9037
16.453
14.0921
11.7938
9.53255
7.26824
4.96149
2.56886
0.0368704
-2.70271
-5.69378
-8.90571
-12.2835
-15.8025
-19.4499
-23.2114
-27.0722
-31.0072
-34.9767
-38.9239
-42.7674
-46.3934
-49.6401
-52.2735
-53.9732
-54.2569
39.4755
39.0053
38.1633
36.9321
35.5593
33.8268
31.795
29.5926
27.1653
24.5636
21.821
18.9055
15.8265
12.5627
9.08015
5.35502
1.35893
-2.92965
-7.44393
-12.112
-16.9264
-21.8595
-26.8299
-31.7023
-36.4357
-41.234
-46.3219
-51.7499
-57.4804
-63.4561
-69.5755
-75.6634
-81.4385
-86.4776
-90.1774
-91.7396
-90.1227
-84.4145
-73.6167
39.7332
39.8041
39.7541
39.3843
38.5659
37.2194
35.3467
33.0652
30.5377
27.8565
25.127
22.4629
19.8966
17.4387
15.0965
12.8458
10.6601
8.5153
6.37321
4.19678
1.94532
-0.431084
-2.99598
-5.78906
-8.77979
-11.9153
-15.1721
-18.5365
-21.9935
-25.5292
-29.1186
-32.7248
-36.2957
-39.7572
-43.0064
-45.8986
-48.2265
-49.7064
-49.9243
37.2418
36.7683
35.933
34.7179
33.3646
31.6594
29.6663
27.5088
25.1338
22.5937
19.9208
17.0857
14.0984
10.9401
7.57948
3.99569
0.164457
-3.93908
-8.25631
-12.7041
-17.2618
-21.8977
-26.5317
-31.0299
-35.3495
-39.6782
-44.2218
-49.0205
-54.0309
-59.1938
-64.4135
-69.5369
-74.3274
-78.444
-81.4094
-82.6242
-81.2677
-76.7497
-68.1282
37.5071
37.5886
37.552
37.1997
36.4148
35.1194
33.3134
31.1142
28.6795
26.0991
23.4756
20.9192
18.4609
16.1112
13.877
11.735
9.65981
7.62856
5.60503
3.5544
1.43859
-0.788846
-3.18701
-5.79153
-8.57203
-11.4782
-14.4873
-17.5847
-20.7566
-23.9875
-27.2543
-30.5232
-33.746
-36.8557
-39.7599
-42.3302
-44.3836
-45.6701
-45.8305
35.1163
34.6396
33.8094
32.6106
31.2757
29.601
27.6466
25.534
23.2145
20.7379
18.1373
15.3852
12.4925
9.44242
6.2065
2.76664
-0.89863
-4.81168
-8.92469
-13.1502
-17.4531
-21.7968
-26.1027
-30.243
-34.1725
-38.0659
-42.1115
-46.3428
-50.7145
-55.1678
-59.6167
-63.9292
-67.9098
-71.2861
-73.6845
-74.6564
-73.5627
-70.0162
-63.1861
35.3892
35.4827
35.4591
35.1291
34.3785
33.1351
31.4008
29.2867
26.947
24.4694
21.9536
19.5057
17.1562
14.9145
12.7875
10.7527
8.78592
6.86542
4.95681
3.02753
1.04189
-1.04308
-3.28216
-5.70719
-8.28813
-10.9774
-13.7527
-16.6002
-19.5045
-22.4508
-25.4181
-28.3749
-31.2772
-34.0642
-36.6542
-38.9335
-40.7414
-41.8576
-41.9769
33.0958
32.6152
31.7912
30.6086
29.2939
27.6482
25.7344
23.6697
21.4062
18.9952
16.4691
13.8021
11.0065
8.06688
4.95765
1.66331
-1.83515
-5.55574
-9.46064
-13.4635
-17.5157
-21.5745
-25.565
-29.3643
-32.9306
-36.4232
-40.0173
-43.741
-47.5493
-51.3875
-55.1788
-58.8121
-62.1279
-64.9112
-66.8718
-67.6748
-66.8262
-64.072
-58.6947
33.3774
33.483
33.4754
33.1668
32.4537
31.2661
29.6033
27.5766
25.3341
22.9612
20.5544
18.2163
15.9754
13.8416
11.8208
9.89168
8.03112
6.21842
4.42109
2.60878
0.748097
-1.20068
-3.28818
-5.54262
-7.93444
-10.4188
-12.9746
-15.5874
-18.2416
-20.9237
-23.6138
-26.283
-28.8911
-31.3839
-33.689
-35.7064
-37.2956
-38.2631
-38.3445
31.1789
30.6949
29.876
28.7101
27.4151
25.8015
23.9289
21.9123
19.7073
17.3638
14.9139
12.3342
9.63733
6.80992
3.82849
0.680422
-2.65123
-6.18
-9.87653
-13.658
-17.4647
-21.2486
-24.9375
-28.4169
-31.6455
-34.773
-37.9605
-41.2329
-44.5478
-47.8549
-51.0876
-54.1538
-56.9249
-59.2326
-60.8542
-61.5404
-60.9107
-58.7971
-54.5879
31.4689
31.5876
31.5951
31.312
30.6366
29.5049
27.9177
25.98
23.8362
21.5692
19.2724
17.0441
14.9122
12.8854
10.9697
9.1445
7.38774
5.67994
3.99029
2.29054
0.549637
-1.26907
-3.21231
-5.30482
-7.51774
-9.80902
-12.1586
-14.5519
-16.9736
-19.4109
-21.8452
-24.2502
-26.5894
-28.8149
-30.8628
-32.6454
-34.0402
-34.877
-34.9335
29.3624
28.8745
28.0619
26.913
25.6397
24.0571
22.2277
20.2614
18.1158
15.8413
13.4694
10.9783
8.38138
5.667
2.81402
-0.188017
-3.35382
-6.69302
-10.1835
-13.7466
-17.3144
-20.8347
-24.2385
-27.4189
-30.3376
-33.134
-35.9575
-38.8312
-41.7159
-44.5664
-47.3262
-49.9199
-52.2451
-54.1717
-55.5293
-56.1334
-55.6908
-54.0932
-50.8156
29.6614
29.7928
29.8178
29.5587
28.9234
27.8506
26.3381
24.491
22.4471
20.2869
18.1006
15.9826
13.9591
12.0387
10.2267
8.50352
6.84815
5.24216
3.65654
2.06501
0.438735
-1.25603
-3.06212
-5.00114
-7.04506
-9.15463
-11.3111
-13.4997
-15.7057
-17.9167
-20.1159
-22.279
-24.3738
-26.3573
-28.174
-29.747
-30.9698
-31.6934
-31.7258
27.6444
27.1533
26.3465
25.2153
23.9632
22.4146
20.6286
18.7133
16.6292
14.425
12.1322
9.73081
7.23459
4.63351
1.9086
-0.948547
-3.95055
-7.10383
-10.3922
-13.7417
-17.0788
-20.3476
-23.4838
-26.387
-29.0229
-31.5211
-34.0208
-36.544
-39.055
-41.5144
-43.8747
-46.0753
-48.0354
-49.6553
-50.8057
-51.3508
-51.0647
-49.8781
-47.339
27.9518
28.0964
28.1376
27.9057
27.3101
26.2956
24.861
23.1054
21.1621
19.1091
17.0335
15.0252
13.1096
11.2942
9.58434
7.96108
6.40448
4.89714
3.41188
1.92423
0.40752
-1.1692
-2.84513
-4.63895
-6.52352
-8.46248
-10.4384
-12.4367
-14.4429
-16.4457
-18.4293
-20.3722
-22.2451
-24.0107
-25.6199
-27.0062
-28.077
-28.7013
-28.7184
26.0214
25.5271
24.7274
23.6143
22.3853
20.8699
19.1292
17.2666
15.2444
13.1116
10.8987
8.58769
6.19235
3.70428
1.10638
-1.60777
-4.44908
-7.42117
-10.5129
-13.6556
-16.7706
-19.8018
-22.687
-25.3354
-27.7143
-29.9458
-32.1588
-34.3749
-36.5627
-38.6879
-40.7115
-42.5849
-44.2458
-45.618
-46.6041
-47.1048
-46.9449
-46.0834
-44.1296
26.3373
26.4945
26.5537
26.347
25.7928
24.8388
23.4807
21.8172
19.9748
18.0293
16.0642
14.1653
12.3562
10.6447
9.03502
7.50938
6.04887
4.63704
3.24838
1.86031
0.448147
-1.01636
-2.569
-4.22567
-5.9603
-7.73941
-9.54687
-11.3685
-13.1905
-15.0019
-16.7887
-18.5313
-20.204
-21.7735
-23.1978
-24.4184
-25.3557
-25.8945
-25.8974
24.4913
23.9946
23.2018
22.1074
20.9016
19.4219
17.7266
15.9171
13.9583
11.8976
9.76527
7.54461
5.24992
2.87391
0.401377
-2.1726
-4.8571
-7.65358
-10.5551
-13.4982
-16.4023
-19.2089
-21.8613
-24.2752
-26.4222
-28.4157
-30.376
-32.3244
-34.2333
-36.0736
-37.8134
-39.4149
-40.8299
-42.0008
-42.8547
-43.3195
-43.2595
-42.6528
-41.1604
24.8148
24.9845
25.0602
24.8814
24.3677
23.4729
22.1935
20.6223
18.8807
17.0423
15.1871
13.3962
11.6927
10.083
8.5714
7.14087
5.77353
4.45391
3.15812
1.86529
0.55276
-0.805272
-2.24127
-3.76866
-5.36252
-6.99217
-8.64291
-10.301
-11.9532
-13.5893
-15.1967
-16.7581
-18.2503
-19.6448
-20.9039
-21.9785
-22.7983
-23.2623
-23.2571
23.0501
22.5515
21.767
20.6921
19.5108
18.0661
16.4179
14.6626
12.7674
10.7792
8.7275
6.59698
4.40215
2.13673
-0.212751
-2.64987
-5.18215
-7.80935
-10.527
-13.279
-15.9831
-18.5801
-21.0166
-23.2162
-25.1542
-26.9363
-28.6747
-30.3901
-32.0589
-33.6567
-35.1576
-36.5325
-37.7445
-38.7509
-39.4969
-39.9308
-39.9473
-39.5386
-38.4082
23.3814
23.5627
23.6562
23.5029
23.0307
22.1967
20.9939
19.5147
17.8737
16.1418
14.3955
12.7118
11.1117
9.60202
8.18616
6.84809
5.57091
4.3401
3.13341
1.93157
0.713797
-0.543369
-1.86927
-3.27504
-4.73699
-6.22724
-7.73243
-9.23945
-10.7356
-12.2116
-13.656
-15.0535
-16.384
-17.6215
-18.7354
-19.6806
-20.3978
-20.7982
-20.7856
21.696
21.1963
20.42
19.3652
18.2086
16.8009
15.1996
13.4989
11.6679
9.75238
7.78113
5.74014
3.64395
1.48718
-0.742054
-3.04625
-5.43147
-7.89647
-10.4375
-13.006
-15.5216
-17.9234
-20.1612
-22.1656
-23.9158
-25.5106
-27.0544
-28.5676
-30.0301
-31.4215
-32.7211
-33.9068
-34.9507
-35.821
-36.4775
-36.8831
-36.957
-36.6998
-35.8531
22.0337
22.2265
22.336
22.2101
21.7781
21.0031
19.8782
18.4906
16.9491
15.3227
13.684
12.1053
10.6071
9.19496
7.87226
6.6238
5.43365
4.28821
3.16677
2.05165
0.923827
-0.237943
-1.46008
-2.75169
-4.09027
-5.45077
-6.82114
-8.18889
-9.54202
-10.872
-12.1687
-13.4186
-14.6038
-15.7029
-16.6872
-17.5194
-18.1466
-18.492
-18.4762
20.4247
19.9245
19.1579
18.1239
16.9932
15.6219
14.0686
12.4228
10.656
8.81299
6.92164
4.96921
2.97006
0.919681
-1.19254
-3.36813
-5.61194
-7.92229
-10.2946
-12.6879
-15.0253
-17.2458
-19.3011
-21.1284
-22.7106
-24.1398
-25.5133
-26.8512
-28.1364
-29.352
-30.4818
-31.5089
-32.4127
-33.1699
-33.7507
-34.1301
-34.2451
-34.1033
-33.4766
20.7688
20.9721
21.0985
20.9974
20.6059
19.8906
18.8409
17.544
16.1011
14.579
13.0464
11.5712
10.1721
8.85516
7.62287
6.461
5.35462
4.29102
3.25101
2.21839
1.17582
0.104114
-1.02043
-2.20503
-3.42852
-4.66848
-5.91425
-7.15389
-8.37623
-9.5734
-10.7366
-11.8537
-12.9097
-13.8848
-14.7556
-15.4883
-16.0384
-16.3372
-16.3184
19.2341
18.7342
17.9773
16.9647
15.8601
14.5268
13.0212
11.4304
9.72769
7.95674
6.14445
4.27925
2.37526
0.428651
-1.57002
-3.62153
-5.72981
-7.89276
-10.1053
-12.3317
-14.5013
-16.5535
-18.4414
-20.1086
-21.5404
-22.8237
-24.048
-25.234
-26.3667
-27.4327
-28.4186
-29.3126
-30.0986
-30.7611
-31.2773
-31.632
-31.7747
-31.7188
-31.2624
19.5834
19.7967
19.9383
19.8631
19.5105
18.8528
17.8786
16.671
15.3251
13.9059
12.4776
11.1031
9.80108
8.57628
7.43141
6.35298
5.32705
4.34176
3.37938
2.42509
1.46317
0.476338
-0.55656
-1.64108
-2.7574
-3.88567
-5.01646
-6.13857
-7.24151
-8.31813
-9.36078
-10.359
-11.2993
-12.1652
-12.9359
-13.5825
-14.0648
-14.3242
-14.3055
18.1201
17.6211
16.8752
15.8845
14.8068
13.5109
12.0536
10.5178
8.87883
7.17923
5.44492
3.66532
1.85435
0.00863336
-1.88006
-3.81217
-5.79071
-7.81344
-9.87487
-11.9434
-13.9557
-15.8512
-17.5863
-19.1081
-20.4062
-21.56
-22.6546
-23.7082
-24.7102
-25.6477
-26.5122
-27.2931
-27.981
-28.5625
-29.0239
-29.3537
-29.5145
-29.5208
-29.1959
18.4744
18.6967
18.8539
18.8022
18.4884
17.888
16.9862
15.8664
14.6154
13.2975
11.9713
10.6957
9.48745
8.35222
7.2917
6.29347
5.34458
4.43402
3.54544
2.6654
1.7796
0.872614
-0.0743892
-1.0655
-2.08222
-3.10713
-4.13209
-5.14654
-6.14068
-7.1082
-8.04227
-8.93385
-9.7714
-10.5405
-11.2236
-11.7944
-12.22
-12.4461
-12.4283
17.0809
16.5837
15.8486
14.8802
13.8293
12.5715
11.1621
9.68087
8.10503
6.47593
4.81836
3.12273
1.40239
-0.34545
-2.12808
-3.94542
-5.80005
-7.68962
-9.60784
-11.5284
-13.3926
-15.1433
-16.7378
-18.1288
-19.3067
-20.3469
-21.3273
-22.2667
-23.1552
-23.9836
-24.7439
-25.4298
-26.0334
-26.5471
-26.96
-27.2665
-27.4365
-27.4877
-27.2627
17.4387
17.6694
17.8404
17.8123
17.5354
16.9899
16.1602
15.1264
13.9681
12.7492
11.5229
10.3427
9.22606
8.17708
7.19777
6.27642
5.40112
4.56171
3.74319
2.93334
2.11932
1.28732
0.420704
-0.483349
-1.40767
-2.33721
-3.26489
-4.18095
-5.07623
-5.94502
-6.78156
-7.57791
-8.32407
-9.00782
-9.61375
-10.12
-10.4953
-10.6948
-10.6793
16.113
15.6182
14.8955
13.9496
12.9261
11.7055
10.3438
8.91614
7.40239
5.84239
4.25987
2.64625
1.01423
-0.638694
-2.31896
-4.0262
-5.7626
-7.52568
-9.30941
-11.09
-12.8161
-14.4324
-15.8981
-17.1702
-18.241
-19.1807
-20.0613
-20.9011
-21.6921
-22.4264
-23.0981
-23.7028
-24.2353
-24.6904
-25.061
-25.3447
-25.5183
-25.6005
-25.4519
16.4739
16.7114
16.8957
16.888
16.6472
16.1556
15.3948
14.4456
13.3783
12.2567
11.1269
10.0395
9.01059
8.04516
7.14383
6.29605
5.49095
4.7192
3.96705
3.2235
2.47701
1.71533
0.923828
0.100787
-0.737957
-1.57955
-2.41802
-3.24428
-4.0498
-4.82962
-5.57862
-6.29003
-6.95531
-7.56376
-8.10253
-8.55164
-8.88564
-9.06251
-9.05105
15.2131
14.722
14.0118
13.0891
12.093
10.9103
9.59563
8.22066
6.76775
5.27497
3.76511
2.23067
0.684082
-0.876837
-2.45805
-4.05947
-5.68298
-7.32613
-8.98235
-10.6324
-12.2288
-13.7203
-15.0678
-16.2321
-17.207
-18.0577
-18.8507
-19.6037
-20.31
-20.9633
-21.5591
-22.0943
-22.5658
-22.9704
-23.3039
-23.5658
-23.7385
-23.8413
-23.7502
15.5757
15.8191
16.0145
16.0264
15.8193
15.3781
14.6847
13.8188
12.8417
11.8169
10.7809
9.78146
8.83753
7.95171
7.12483
6.34709
5.60868
4.90107
4.21169
3.53067
2.84764
2.15181
1.43039
0.682613
-0.0769858
-0.837622
-1.59429
-2.3387
-3.06286
-3.76242
-4.43297
-5.06881
-5.66237
-6.20468
-6.68454
-7.08492
-7.38281
-7.5418
-7.53515
14.3751
13.8878
13.1912
12.2923
11.3244
10.1795
8.91222
7.58964
6.19739
4.77026
3.33113
1.87282
0.407616
-1.06498
-2.55066
-4.05039
-5.56615
-7.09516
-8.63138
-10.1573
-11.6325
-13.0079
-14.247
-15.3136
-16.2028
-16.9748
-17.691
-18.3684
-19.0014
-19.585
-20.1154
-20.5912
-21.0101
-21.3711
-21.6713
-21.9127
-22.081
-22.1966
-22.1484
14.739
14.9875
15.1942
15.2234
15.0496
14.6566
14.0263
13.2411
12.3508
11.4235
10.4797
9.56568
8.70217
7.89311
7.13712
6.42572
5.75031
5.10324
4.47301
3.85077
3.22721
2.59291
1.9367
1.25866
0.572021
-0.114296
-0.796253
-1.46613
-2.11665
-2.744
-3.3444
-3.91294
-4.4432
-4.92729
-5.35584
-5.71377
-5.98111
-6.12556
-6.12463
13.598
13.115
12.431
11.5552
10.6152
9.50739
8.28717
7.01669
5.6849
4.32206
2.95401
1.57147
0.184343
-1.2043
-2.59874
-4.00163
-5.41525
-6.83634
-8.25874
-9.66834
-11.0294
-12.2964
-13.4355
-14.4123
-15.2238
-15.9249
-16.573
-17.1836
-17.7525
-18.2752
-18.7494
-19.1737
-19.5476
-19.8703
-20.1417
-20.3632
-20.526
-20.6481
-20.6318
13.9623
14.2157
14.4324
14.479
14.3365
13.9881
13.4201
12.7114
11.8997
11.0685
10.2162
9.38453
8.60025
7.86436
7.1764
6.52828
5.91282
5.32311
4.74873
4.18177
3.61404
3.0372
2.44174
1.82828
1.20904
0.59074
-0.0229211
-0.62531
-1.20918
-1.77186
-2.30956
-2.81868
-3.29305
-3.72662
-4.11044
-4.43206
-4.67336
-4.80651
-4.81201
12.8881
12.4103
11.7406
10.8872
9.97332
8.90001
7.72351
6.50066
5.22533
3.92479
2.6225
1.31443
0.0053034
-1.30052
-2.60644
-3.91647
-5.23255
-6.551
-7.86515
-9.16499
-10.4191
-11.5869
-12.6342
-13.5315
-14.2734
-14.9131
-15.501
-16.0542
-16.567
-17.038
-17.463
-17.8435
-18.1777
-18.4681
-18.712
-18.9163
-19.0703
-19.1965
-19.2033
13.2514
13.5074
13.7311
13.7897
13.6758
13.3686
12.861
12.2265
11.4886
10.7501
9.9842
9.23316
8.52351
7.85877
7.2349
6.64711
6.08876
5.55387
5.03263
4.51818
4.003
3.48012
2.94119
2.38779
1.83057
1.27522
0.723794
0.183511
-0.340331
-0.843911
-1.32585
-1.78125
-2.20691
-2.59515
-2.94102
-3.23039
-3.45057
-3.57437
-3.58704
12.2472
11.7782
11.1243
10.2939
9.4061
8.36521
7.23006
6.04817
4.82498
3.58218
2.32917
1.08225
-0.150474
-1.36934
-2.58568
-3.80536
-5.02713
-6.24521
-7.45669
-8.64935
-9.80147
-10.8731
-11.8331
-12.6524
-13.33
-13.9114
-14.4458
-14.9459
-15.4095
-15.8335
-16.2167
-16.5575
-16.8584
-17.1189
-17.3407
-17.5281
-17.6758
-17.8009
-17.8244
12.6048
12.8588
13.0833
13.1485
13.0562
12.783
12.3365
11.774
11.1228
10.4813
9.79226
9.11278
8.4775
7.87737
7.31299
6.78027
6.27499
5.79115
5.31948
4.85407
4.38778
3.91502
3.42828
2.92979
2.42924
1.93013
1.43555
0.949896
0.481127
0.0286936
-0.401938
-0.811448
-1.19205
-1.5428
-1.85316
-2.11664
-2.31658
-2.43561
-2.4566
11.7349
11.2709
10.624
9.80568
8.93105
7.90732
6.80211
5.64751
4.47706
3.25205
2.09577
0.908341
-0.25764
-1.38783
-2.52139
-3.66768
-4.8149
-5.95453
-7.08397
-8.19762
-9.27675
-10.2827
-11.1834
-11.9516
-12.5853
-13.1282
-13.626
-14.09
-14.5185
-14.9113
-15.2608
-15.5722
-15.847
-16.084
-16.2863
-16.457
-16.592
-16.7095
-16.7305
12.0883
12.3362
12.5572
12.6094
12.5198
12.2474
11.824
11.293
10.7608
10.2648
9.65545
9.04006
8.46841
7.9281
7.41193
6.92359
6.46101
6.01796
5.58632
5.15954
4.73241
4.2986
3.85244
3.39591
2.938
2.4814
2.02828
1.58428
1.15498
0.742357
0.34849
-0.0245615
-0.372906
-0.692713
-0.977876
-1.21843
-1.40369
-1.51355
-1.53462
11.3145
10.8513
10.2041
9.38768
8.51607
7.49928
6.41312
5.27936
4.16554
2.94204
1.92023
0.788544
-0.323439
-1.36649
-2.42249
-3.50774
-4.59601
-5.67244
-6.73855
-7.79275
-8.81799
-9.77598
-10.6349
-11.3682
-11.9729
-12.4905
-12.9641
-13.4035
-13.8075
-14.1799
-14.5026
-14.7925
-15.0472
-15.2667
-15.4506
-15.6058
-15.7263
-15.8289
-15.8403
11.6644
11.9073
12.1185
12.1541
12.0539
11.7658
11.3448
10.8176
10.3699
10.0495
9.53436
8.97924
8.47171
7.98327
7.51037
7.059
6.63136
6.22162
5.82222
5.42703
5.03128
4.62939
4.21596
3.79337
3.3695
2.9469
2.52697
2.11575
1.71823
1.33687
0.972957
0.629082
0.307902
0.013087
-0.249284
-0.47179
-0.641878
-0.742904
-0.758166
10.9
10.4379
9.79181
8.97921
8.11261
7.10654
6.04254
4.93494
3.87917
2.66484
1.78979
0.714444
-0.34899
-1.30783
-2.28448
-3.30791
-4.3386
-5.35471
-6.35909
-7.35693
-8.3255
-9.23082
-10.0439
-10.7382
-11.3113
-11.8009
-12.2487
-12.6614
-13.0398
-13.3909
-13.6867
-13.9544
-14.1909
-14.3927
-14.5604
-14.7013
-14.8092
-14.9004
-14.91
11.2477
11.4867
11.69
11.708
11.6028
11.3015
10.885
10.3659
9.98869
9.83384
9.41979
8.92757
8.47715
8.04461
7.61461
7.20062
6.80724
6.43078
6.06335
5.69965
5.33521
4.96531
4.58492
4.19658
3.80731
3.41882
3.03251
2.65364
2.28773
1.93645
1.60198
1.28585
0.990981
0.720329
0.479259
0.274433
0.117878
0.024546
0.0115621
10.4941
10.0324
9.38744
8.57992
7.72061
6.7292
5.69037
4.61583
3.61883
2.4299
1.69565
0.682217
-0.331622
-1.2117
-2.11018
-3.07033
-4.04468
-5.00193
-5.95027
-6.88911
-7.80029
-8.65241
-9.41912
-10.0743
-10.6147
-11.0754
-11.4957
-11.8804
-12.2321
-12.5605
-12.8281
-13.072
-13.2895
-13.472
-13.6232
-13.748
-13.8446
-13.9233
-13.9291
10.8392
11.0757
11.2693
11.2754
11.167
10.8532
10.4468
9.93918
9.61597
9.61176
9.30748
8.8804
8.49163
8.11222
7.72664
7.34867
6.99013
6.6467
6.3126
5.9807
5.64859
5.31058
4.96363
4.60962
4.25504
3.90142
3.54852
3.20292
2.86769
2.54682
2.23999
1.95101
1.68051
1.43333
1.21163
1.02405
0.878705
0.793432
0.779158
10.1003
9.63957
8.99657
8.19563
7.34532
6.37138
5.35996
4.32384
3.38308
2.23393
1.62696
0.682281
-0.276118
-1.08097
-1.90269
-2.79815
-3.71482
-4.61715
-5.50628
-6.38703
-7.24016
-8.04011
-8.76045
-9.37676
-9.88529
-10.3182
-10.7129
-11.0721
-11.4
-11.7089
-11.9516
-12.1758
-12.3759
-12.5433
-12.6793
-12.7914
-12.8775
-12.9497
-12.9634
10.4435
10.6774
10.863
10.8563
10.7504
10.4237
10.0307
9.5287
9.2465
9.38219
9.18998
8.8345
8.5074
8.18781
7.8472
7.50432
7.17609
6.86424
6.56142
6.26246
5.9626
5.65789
5.34467
5.02528
4.70576
4.38634
4.0679
3.75474
3.45167
3.16
2.88177
2.61808
2.37206
2.14581
1.94364
1.77079
1.63764
1.55613
1.54172
9.72524
9.26491
8.62429
7.83003
6.98955
6.03477
5.05125
4.05644
3.16826
2.07066
1.57458
0.709135
-0.18495
-0.917819
-1.66622
-2.4961
-3.35423
-4.19782
-5.02944
-5.84861
-6.64503
-7.39091
-8.06319
-8.63715
-9.10994
-9.51101
-9.87629
-10.206
-10.5064
-10.7915
-11.006
-11.207
-11.3881
-11.5382
-11.6592
-11.7587
-11.8338
-11.892
-11.8825
10.0655
10.2983
10.4741
10.4624
10.3581
10.0149
9.63771
9.12806
8.86659
9.1415
9.06257
8.77244
8.51028
8.25602
7.97259
7.67115
7.37561
7.09206
6.81757
6.54766
6.27879
6.00631
5.72748
5.44324
5.15926
4.87395
4.58879
4.30769
4.03528
3.773
3.522
3.28384
3.06068
2.85558
2.6709
2.51317
2.38929
2.31318
2.2965
9.3728
8.91351
8.27382
7.48638
6.65485
5.71898
4.76157
3.80835
2.96709
1.93039
1.5253
0.747876
-0.0685302
-0.729225
-1.40895
-2.17221
-2.96557
-3.74757
-4.515
-5.27579
-6.01385
-6.70846
-7.33503
-7.87299
-8.31721
-8.69529
-9.03993
-9.35081
-9.6349
-9.90809
-10.1068
-10.2952
-10.4669
-10.6078
-10.7202
-10.8116
-10.8849
-10.9533
-10.9976
9.71319
9.94594
10.1162
10.0993
9.99606
9.62399
9.25497
8.70686
8.45389
8.89415
8.94292
8.71421
8.49469
8.29504
8.06486
7.81704
7.56683
7.32415
7.08263
6.84432
6.6047
6.36461
6.11889
5.87217
5.62518
5.37728
5.12614
4.87791
4.63534
4.40121
4.17556
3.96045
3.75842
3.57048
3.40227
3.25548
3.14172
3.06682
3.04431
9.04823
8.58605
7.94636
7.16284
6.3392
5.41991
4.48716
3.5741
2.77569
1.80286
1.4656
0.781247
0.0585003
-0.526237
-1.13861
-1.83088
-2.55199
-3.26383
-3.96694
-4.66142
-5.33709
-5.97026
-6.54003
-7.02248
-7.41837
-7.7518
-8.05651
-8.32712
-8.57391
-8.81248
-8.9744
-9.13299
-9.27877
-9.39997
-9.49377
-9.57185
-9.62464
-9.6533
-9.59098
9.39014
9.6256
9.78866
9.77313
9.65624
9.23665
8.8626
8.24222
7.95512
8.60124
8.83265
8.70205
8.54192
8.37345
8.15974
7.92546
7.70213
7.49397
7.29326
7.09224
6.88965
6.68328
6.4729
6.26149
6.05256
5.84274
5.63105
5.42092
5.21578
5.01661
4.82423
4.63912
4.46256
4.29729
4.14532
4.01325
3.90858
3.84803
3.83069
8.74895
8.28444
7.64271
6.86264
6.04474
5.14128
4.23069
3.35755
2.59432
1.67831
1.37956
0.794983
0.184005
-0.319891
-0.8596
-1.47228
-2.11298
-2.75266
-3.38872
-4.02291
-4.64325
-5.2327
-5.77147
-6.24152
-6.63518
-6.97101
-7.27928
-7.55665
-7.81603
-8.07337
-8.24719
-8.41612
-8.57443
-8.70308
-8.80612
-8.89315
-8.97865
-9.09175
-9.26298
9.09442
9.33107
9.48859
9.47087
9.32883
8.85715
8.48505
7.7238
7.34334
8.19101
8.62268
8.65574
8.65054
8.61005
8.4595
8.22836
7.97908
7.74417
7.53097
7.33213
7.14395
6.96015
6.77827
6.5965
6.41283
6.22357
6.03149
5.84168
5.65858
5.48314
5.31511
5.15551
5.00441
4.86299
4.73169
4.6157
4.518
4.45935
4.44202
8.48931
8.02318
7.38367
6.60312
5.78944
4.89628
4.00257
3.15628
2.41045
1.53114
1.24267
0.777719
0.294687
-0.122724
-0.585521
-1.10759
-1.65623
-2.20486
-2.75533
-3.29954
-3.82975
-4.32014
-4.75316
-5.1061
-5.39007
-5.63102
-5.854
-6.04675
-6.21864
-6.38672
-6.48151
-6.5836
-6.68632
-6.77011
-6.83548
-6.88543
-6.90148
-6.84768
-6.60428
8.83498
9.07146
9.21944
9.19619
9.01654
8.52789
8.1663
7.17008
6.63195
7.66579
8.20002
8.27771
8.40004
8.57502
8.67126
8.64965
8.54026
8.37414
8.18236
7.98208
7.78856
7.60529
7.43692
7.285
7.14238
6.99084
6.82434
6.64936
6.47288
6.29854
6.12755
5.96278
5.80587
5.66157
5.531
5.41804
5.31958
5.22755
5.0874
8.30568
7.83713
7.18541
6.39627
5.57047
4.67131
3.76758
2.92264
2.16208
1.30696
1.02288
0.702373
0.370952
0.0519383
-0.319037
-0.745989
-1.19961
-1.67186
-2.15753
-2.66083
-3.16964
-3.68174
-4.17724
-4.64247
-5.0398
-5.37798
-5.69028
-5.98141
-6.27255
-6.58138
-6.77717
-6.95981
-7.14051
-7.30108
-7.44024
-7.57551
-7.75421
-8.05783
-8.62385
8.65606
8.88957
9.0255
8.9761
8.74132
8.23265
7.79375
6.398
5.84542
7.31237
7.99981
7.97747
7.88567
7.88154
7.91909
7.97698
8.04233
8.08459
8.08555
8.03404
7.94323
7.81838
7.67675
7.5393
7.43089
7.34477
7.26361
7.18129
7.09689
7.01181
6.92408
6.83327
6.73673
6.63651
6.53461
6.44491
6.3918
6.44451
6.67962
8.19621
7.69748
7.00537
6.16856
5.29795
4.35344
3.41947
2.5528
1.77628
0.963914
0.696109
0.536968
0.363304
0.153388
-0.10931
-0.405233
-0.713593
-1.0235
-1.33057
-1.62811
-1.90286
-2.13226
-2.29558
-2.38609
-2.44924
-2.51492
-2.58104
-2.61867
-2.62012
-2.63965
-2.6178
-2.61032
-2.61654
-2.61755
-2.61063
-2.5931
-2.50516
-2.24378
-1.53945
8.55943
8.79342
8.90643
8.80501
8.46572
7.83531
7.00125
5.11552
4.69845
7.06472
8.56414
9.11797
9.25557
9.13575
8.81124
8.38836
7.9739
7.62382
7.36114
7.16409
7.02584
6.9259
6.85076
6.75135
6.58816
6.3888
6.19783
6.02009
5.85038
5.68646
5.53002
5.3897
5.26552
5.16396
5.07505
4.9899
4.85575
4.59097
4.04052
8.00403
7.47093
6.72436
5.82931
4.90005
3.91
2.95272
2.09265
1.33961
0.591418
0.283869
0.290502
0.302733
0.242494
0.110947
-0.0827798
-0.336284
-0.648117
-1.02127
-1.45992
-1.97486
-2.56755
-3.22116
-3.87207
-4.42643
-4.87426
-5.3421
-5.77251
-6.32836
-7.02815
-7.11294
-7.39986
-7.81652
-8.17547
-8.47515
-8.79314
-9.24691
-10.0096
-11.3485
8.38354
8.61186
8.69688
8.53952
8.095
7.26684
5.87369
3.57569
2.62346
5.16645
7.4171
9.2462
10.7886
12.0802
13.0547
13.6836
14.0616
14.214
14.2208
14.1259
13.9815
13.8127
13.6711
13.6314
13.725
13.8144
13.8279
13.7984
13.7565
13.6993
13.6182
13.5153
13.3927
13.2626
13.135
13.0359
13.0336
13.1985
13.6804
-661.664
-680.158
-698.468
-717.832
-736.242
-753.046
-768.875
-783.762
-797.021
-808.123
-816.907
-823.169
-826.642
-826.962
-824.14
-818.149
-808.886
-795.496
-776.392
-749.948
-716.182
-676.732
-632.696
-583.784
-530.367
-473.157
-413.369
-353.154
-295.338
-242.289
-195.391
-155.628
-123.583
-99.3798
-81.9424
-69.5541
-61.1696
-56.8706
-56.9161
-60.6817
-65.8623
-69.766
-71.1776
-70.505
-68.5412
-65.9124
-62.9655
-59.9034
-56.8151
-53.7651
-50.7788
-47.8821
-45.0925
-42.4199
-39.8695
-37.4434
-35.1406
-32.9586
-30.8934
-28.9396
-27.0928
-25.3461
-23.6917
-22.125
-20.6327
-19.2239
-17.8578
-16.7618
-15.8565
-14.9214
-13.931
-12.9781
-11.8658
-11.0396
-9.52003
-9.39998
-6.39041
-9.00912
-1.06812
-12.2563
-639.976
-622.716
-604.698
-586.275
-567.496
-548.416
-529.145
-509.717
-490.239
-470.746
-451.334
-432.055
-412.989
-394.194
-375.733
-357.667
-340.04
-322.911
-306.305
-290.269
-274.814
-259.969
-245.732
-232.114
-219.102
-206.693
-194.862
-183.599
-172.874
-162.669
-152.957
-143.717
-134.922
-126.556
-118.592
-111.019
-103.813
-96.9641
-90.4508
-84.2666
-78.3912
-72.8205
-67.5348
-62.5314
-57.791
-53.3129
-49.0774
-45.0854
-41.3165
-37.7716
-34.4323
-31.2952
-28.348
-25.5845
-22.9935
-20.568
-18.2985
-16.1773
-14.1965
-12.3484
-10.6259
-9.02117
-7.52683
-6.13576
-4.84042
-3.63034
-2.52018
-1.60081
-0.822549
-0.0587717
0.704494
1.45776
2.2104
2.95251
3.75574
4.40201
4.91356
6.8062
3.69536
13.7217
-537.133
-544.695
-552.665
-562.759
-573.747
-584.37
-594.649
-604.502
-613.699
-621.708
-628.28
-633.014
-635.59
-635.392
-631.854
-624.23
-611.849
-594.177
-571.338
-543.639
-510.989
-473.317
-431.296
-386.518
-339.644
-291.371
-242.848
-196.181
-154.042
-118.033
-88.2573
-64.3326
-46.0222
-33.0366
-24.9875
-20.9776
-20.0032
-20.977
-23.4559
-27.6698
-33.6223
-39.9759
-45.1785
-48.6491
-50.5747
-51.2742
-51.0755
-50.2223
-48.9215
-47.3049
-45.4829
-43.5334
-41.516
-39.4737
-37.4379
-35.4317
-33.4719
-31.5702
-29.7342
-27.9689
-26.2752
-24.6544
-23.1031
-21.6211
-20.1991
-18.8475
-17.5335
-16.4703
-15.5894
-14.6829
-13.719
-12.7926
-11.6988
-10.8988
-9.39659
-9.28707
-6.34123
-8.8697
-1.18735
-12.0752
-525.3
-509.538
-493.726
-477.621
-461.623
-445.617
-429.758
-413.992
-398.441
-383.061
-367.963
-353.102
-338.567
-324.324
-310.44
-296.885
-283.709
-270.881
-258.439
-246.357
-234.663
-223.329
-212.377
-201.786
-191.572
-181.713
-172.225
-163.086
-154.307
-145.868
-137.775
-130.008
-122.568
-115.435
-108.611
-102.073
-95.8217
-89.8379
-84.1219
-78.6551
-73.4389
-68.4563
-63.7097
-59.1823
-54.8778
-50.7795
-46.8925
-43.1995
-39.7049
-36.3934
-33.2646
-30.3089
-27.5237
-24.8988
-22.4309
-20.1108
-17.9334
-15.8912
-13.9784
-12.1885
-10.5153
-8.95296
-7.49501
-6.13537
-4.86615
-3.67808
-2.58912
-1.68331
-0.910399
-0.153051
0.601702
1.35039
2.09626
2.83165
3.61547
4.28268
4.76403
6.62071
3.75466
13.2809
-295.624
-297.286
-298.191
-299.578
-301.254
-302.804
-303.951
-304.803
-305.243
-305.286
-304.665
-303.373
-301.129
-297.908
-293.395
-287.529
-280.016
-270.82
-259.748
-246.789
-231.789
-214.68
-195.439
-174.173
-151.123
-126.62
-101.384
-76.1493
-51.9638
-30.6437
-14.1066
-2.7238
4.37119
8.3002
9.56172
8.0892
3.95372
-1.99135
-8.53747
-14.9364
-21.2217
-27.3182
-32.5595
-36.5776
-39.441
-41.3264
-42.3656
-42.7118
-42.4902
-41.8306
-40.8371
-39.6006
-38.1901
-36.6623
-35.0599
-33.4187
-31.7654
-30.1214
-28.5013
-26.916
-25.3741
-23.8796
-22.434
-21.0407
-19.6936
-18.405
-17.1459
-16.1249
-15.2751
-14.3983
-13.4613
-12.5622
-11.4955
-10.7119
-9.25278
-9.11556
-6.30167
-8.64637
-1.34291
-11.7557
-291.323
-286.116
-280.965
-275.701
-270.378
-265.007
-259.549
-254.046
-248.449
-242.809
-237.074
-231.297
-225.428
-219.521
-213.533
-207.517
-201.435
-195.338
-189.196
-183.056
-176.893
-170.749
-164.605
-158.498
-152.413
-146.381
-140.391
-134.472
-128.615
-122.846
-117.158
-111.578
-106.097
-100.741
-95.5032
-90.4032
-85.4344
-80.6143
-75.9347
-71.4099
-67.0311
-62.8106
-58.7384
-54.8258
-51.0612
-47.4563
-43.9985
-40.6973
-37.5417
-34.5357
-31.6734
-28.9565
-26.3773
-23.9368
-21.6272
-19.4476
-17.3912
-15.455
-13.6335
-11.9222
-10.3169
-8.81271
-7.4051
-6.08905
-4.85631
-3.69925
-2.63769
-1.75063
-0.991752
-0.24766
0.497873
1.23275
1.96671
2.6886
3.46046
4.13885
4.62495
6.39463
3.79603
12.8996
-191.262
-191.731
-191.57
-191.31
-191.043
-190.562
-189.789
-188.65
-187.195
-185.322
-183.041
-180.211
-176.853
-172.824
-168.146
-162.675
-156.43
-149.286
-141.264
-132.274
-122.37
-111.532
-99.8832
-87.528
-74.6849
-61.6154
-48.5765
-35.7671
-23.5733
-12.7733
-4.19621
1.77552
5.33951
6.94627
7.0825
5.91898
3.35292
-0.716581
-5.98643
-11.7939
-17.6408
-23.2426
-28.0792
-31.7783
-34.4639
-36.3433
-37.5643
-38.2113
-38.3742
-38.1302
-37.5584
-36.7226
-35.6836
-34.4893
-33.1841
-31.8036
-30.3783
-28.9304
-27.4791
-26.0388
-24.6192
-23.2288
-21.8715
-20.5529
-19.2697
-18.0341
-16.8232
-15.8375
-15.011
-14.1573
-13.242
-12.3624
-11.3159
-10.5478
-9.11736
-8.97567
-6.23508
-8.50686
-1.37095
-11.6188
-189.231
-186.958
-184.672
-182.346
-180.007
-177.625
-175.214
-172.746
-170.241
-167.666
-165.042
-162.338
-159.577
-156.727
-153.812
-150.802
-147.724
-144.549
-141.303
-137.963
-134.556
-131.061
-127.508
-123.879
-120.203
-116.467
-112.699
-108.888
-105.06
-101.205
-97.3502
-93.4852
-89.634
-85.7892
-81.9738
-78.1815
-74.4341
-70.7265
-67.0794
-63.4878
-59.9712
-56.5243
-53.1651
-49.8868
-46.7071
-43.6178
-40.6342
-37.7492
-34.972
-32.3001
-29.7396
-27.2865
-24.9455
-22.7115
-20.5876
-18.5686
-16.6558
-14.8441
-13.1321
-11.5166
-9.99424
-8.56255
-7.21786
-5.95645
-4.77052
-3.6536
-2.62669
-1.76432
-1.02403
-0.298537
0.426899
1.14764
1.86654
2.57822
3.33224
4.01357
4.50872
6.23365
3.73032
12.6913
-124.238
-124.408
-124.057
-123.517
-122.885
-122.127
-121.132
-119.901
-118.4
-116.649
-114.585
-112.214
-109.471
-106.368
-102.846
-98.9201
-94.543
-89.7324
-84.457
-78.7476
-72.5986
-66.0574
-59.1483
-51.9418
-44.4983
-36.9353
-29.3622
-21.8905
-14.6675
-8.09949
-2.71682
1.11445
3.34862
4.08168
3.49532
1.78513
-0.858957
-4.32397
-8.44349
-12.9243
-17.4569
-21.9211
-25.9818
-29.217
-31.577
-33.2552
-34.3807
-35.0465
-35.3152
-35.248
-34.8921
-34.2961
-33.5
-32.545
-31.4661
-30.2967
-29.0616
-27.7856
-26.4858
-25.1779
-23.8741
-22.5837
-21.3124
-20.0678
-18.8483
-17.6673
-16.5028
-15.5509
-14.7488
-13.9186
-13.0243
-12.1667
-11.1402
-10.3902
-8.98265
-8.84999
-6.15377
-8.40212
-1.35442
-11.5628
-123.022
-121.683
-120.373
-119.092
-117.839
-116.617
-115.413
-114.231
-113.058
-111.897
-110.73
-109.565
-108.382
-107.188
-105.96
-104.708
-103.407
-102.07
-100.67
-99.2189
-97.6929
-96.1043
-94.431
-92.685
-90.8473
-88.9326
-86.923
-84.8363
-82.6587
-80.4095
-78.0783
-75.6858
-73.2242
-70.7148
-68.1515
-65.556
-62.923
-60.2739
-57.6041
-54.9351
-52.2629
-49.6083
-46.9667
-44.3593
-41.7811
-39.2513
-36.7661
-34.3393
-31.9714
-29.6729
-27.4429
-25.2904
-23.2131
-21.2183
-19.3027
-17.4724
-15.7232
-14.0582
-12.4746
-10.972
-9.54882
-8.20338
-6.93436
-5.7386
-4.60965
-3.54215
-2.55862
-1.72574
-1.00913
-0.307464
0.398885
1.09753
1.79811
2.49167
3.23598
3.91304
4.41337
6.11074
3.65211
12.5009
-83.9528
-84.2147
-84.0966
-83.7436
-83.3088
-82.779
-82.1109
-81.2568
-80.2326
-79.0194
-77.626
-76.0205
-74.2101
-72.1665
-69.9005
-67.3874
-64.6415
-61.644
-58.4132
-54.9395
-51.2466
-47.338
-43.2424
-38.9764
-34.5798
-30.0931
-25.5734
-21.0652
-16.6672
-12.6039
-9.20848
-6.71714
-5.22469
-4.68716
-5.04521
-6.20033
-8.08048
-10.5512
-13.4561
-16.5231
-19.5321
-22.4534
-25.2728
-27.6728
-29.5053
-30.8376
-31.7716
-32.3595
-32.6445
-32.657
-32.4311
-31.9944
-31.3789
-30.6121
-29.7242
-28.7377
-27.6781
-26.5627
-25.4105
-24.2355
-23.0497
-21.8638
-20.6845
-19.5198
-18.3703
-17.2488
-16.1374
-15.2228
-14.4485
-13.647
-12.7801
-11.9469
-10.9445
-10.2153
-8.83637
-8.7115
-6.07065
-8.28121
-1.35266
-11.4706
-83.033
-82.0625
-81.1321
-80.2435
-79.3982
-78.5958
-77.8344
-77.1104
-76.423
-75.7661
-75.1406
-74.537
-73.9568
-73.388
-72.834
-72.2803
-71.7299
-71.1667
-70.5954
-69.9984
-69.3807
-68.7239
-68.0339
-67.2921
-66.505
-65.654
-64.7459
-63.7636
-62.7152
-61.5844
-60.3809
-59.0911
-57.727
-56.2773
-54.7564
-53.1559
-51.4922
-49.7587
-47.9736
-46.1322
-44.2538
-42.3338
-40.3928
-38.4269
-36.456
-34.4778
-32.5087
-30.55
-28.6155
-26.7063
-24.835
-23.0015
-21.2167
-19.4798
-17.8004
-16.1761
-14.6144
-13.1134
-11.6768
-10.3033
-8.99378
-7.74884
-6.56697
-5.44756
-4.38487
-3.37562
-2.44282
-1.64665
-0.957478
-0.281794
0.397225
1.07486
1.7542
2.43153
3.15361
3.82075
4.3243
5.98126
3.60311
12.2485
-58.8419
-59.2611
-59.3611
-59.2354
-59.0211
-58.759
-58.3912
-57.8988
-57.2679
-56.5149
-55.6249
-54.604
-53.4337
-52.1236
-50.659
-49.0524
-47.2912
-45.3912
-43.3449
-41.1706
-38.8668
-36.4572
-33.9464
-31.3596
-28.71
-26.0286
-23.3309
-20.6419
-18.0104
-15.5742
-13.5124
-11.991
-11.0925
-10.8469
-11.2174
-12.1659
-13.6195
-15.5123
-17.6989
-19.9777
-22.082
-23.9604
-25.6926
-27.2134
-28.3747
-29.223
-29.828
-30.2244
-30.4182
-30.4197
-30.2376
-29.8891
-29.3899
-28.7615
-28.0199
-27.1864
-26.2753
-25.3056
-24.2892
-23.2396
-22.1695
-21.0884
-20.0025
-18.9207
-17.8444
-16.7873
-15.7314
-14.858
-14.1162
-13.3463
-12.5085
-11.7037
-10.7293
-10.022
-8.67716
-8.55684
-5.9824
-8.13907
-1.36032
-11.3476
-58.0399
-57.2188
-56.4443
-55.712
-55.0279
-54.3903
-53.7975
-53.2508
-52.7457
-52.2846
-51.8616
-51.4787
-51.1278
-50.8116
-50.521
-50.2586
-50.0124
-49.7852
-49.565
-49.3539
-49.1383
-48.92
-48.6848
-48.4354
-48.1567
-47.851
-47.5039
-47.119
-46.6814
-46.1956
-45.6471
-45.0416
-44.3658
-43.6265
-42.8115
-41.9296
-40.9701
-39.9442
-38.8431
-37.6804
-36.449
-35.1642
-33.8212
-32.4361
-31.0059
-29.5463
-28.0574
-26.5539
-25.036
-23.5182
-22.0009
-20.4977
-19.0089
-17.5469
-16.1107
-14.711
-13.3471
-12.0269
-10.7494
-9.51862
-8.33596
-7.20263
-6.11932
-5.08614
-4.09871
-3.15593
-2.28151
-1.52733
-0.871311
-0.227548
0.425586
1.07479
1.72977
2.38249
3.08669
3.7388
4.24727
5.84657
3.57533
11.9867
-42.8063
-43.3027
-43.5633
-43.6127
-43.5919
-43.5339
-43.4131
-43.1932
-42.8809
-42.4709
-41.9727
-41.3719
-40.6755
-39.8711
-38.9686
-37.9582
-36.8519
-35.6429
-34.346
-32.9577
-31.496
-29.9619
-28.3765
-26.7452
-25.092
-23.424
-21.7626
-20.1184
-18.5426
-17.1051
-15.9112
-15.0417
-14.5684
-14.5152
-14.8942
-15.6747
-16.8311
-18.3064
-20.0365
-21.8609
-23.5656
-24.9708
-26.1317
-27.0645
-27.7201
-28.1392
-28.4123
-28.5698
-28.6137
-28.5352
-28.3342
-28.012
-27.578
-27.0379
-26.4057
-25.6891
-24.9033
-24.0563
-23.1595
-22.2259
-21.2654
-20.2842
-19.2899
-18.2906
-17.2885
-16.2961
-15.2989
-14.4691
-13.7605
-13.0239
-12.2184
-11.4425
-10.4983
-9.81361
-8.50659
-8.38988
-5.88631
-7.98961
-1.3574
-11.2154
-42.0577
-41.309
-40.5968
-39.9225
-39.2877
-38.6939
-38.1399
-37.6279
-37.1564
-36.7267
-36.3375
-35.9891
-35.6802
-35.4094
-35.1762
-34.9771
-34.8118
-34.6751
-34.5672
-34.4807
-34.4163
-34.3643
-34.3255
-34.2891
-34.2559
-34.2131
-34.1622
-34.0895
-33.9969
-33.8702
-33.7121
-33.5084
-33.2632
-32.9629
-32.6124
-32.1992
-31.7294
-31.1922
-30.5948
-29.9281
-29.2009
-28.4063
-27.5546
-26.6405
-25.6765
-24.659
-23.6015
-22.5014
-21.3728
-20.2145
-19.0405
-17.8505
-16.6585
-15.4636
-14.2786
-13.1031
-11.9481
-10.8131
-9.70525
-8.6258
-7.57991
-6.5678
-5.59251
-4.65424
-3.75044
-2.88165
-2.07229
-1.36657
-0.747839
-0.138355
0.47934
1.0999
1.7264
2.35713
3.03282
3.66391
4.17691
5.70872
3.54575
11.7289
-32.1448
-32.7071
-33.0841
-33.2799
-33.408
-33.5147
-33.5732
-33.5634
-33.4786
-33.3267
-33.1037
-32.812
-32.4437
-32.0032
-31.4836
-30.8915
-30.2214
-29.4823
-28.67
-27.7966
-26.8605
-25.8768
-24.8474
-23.7912
-22.7115
-21.6266
-20.5438
-19.4988
-18.525
-17.6795
-17.0036
-16.5508
-16.3467
-16.4241
-16.7837
-17.4271
-18.3248
-19.4591
-20.7812
-22.2264
-23.62
-24.7939
-25.6872
-26.3436
-26.745
-26.9367
-27.0064
-27.0045
-26.9326
-26.7863
-26.5586
-26.2501
-25.8579
-25.3879
-24.8404
-24.225
-23.5442
-22.8057
-22.0193
-21.1952
-20.3368
-19.4527
-18.5474
-17.6303
-16.7024
-15.7768
-14.839
-14.0539
-13.3814
-12.6797
-11.9073
-11.1626
-10.2512
-9.59033
-8.32338
-8.21149
-5.77915
-7.83196
-1.34345
-11.0867
-31.4134
-30.6849
-29.9893
-29.3236
-28.6941
-28.0982
-27.5401
-27.0178
-26.5345
-26.0884
-25.6818
-25.3137
-24.985
-24.6949
-24.4432
-24.2294
-24.0519
-23.9105
-23.8022
-23.7267
-23.6796
-23.6611
-23.6647
-23.6907
-23.7315
-23.7872
-23.8484
-23.9156
-23.9781
-24.0363
-24.0781
-24.1047
-24.1034
-24.0758
-24.0092
-23.9061
-23.7548
-23.5583
-23.3064
-23.0029
-22.6398
-22.2221
-21.742
-21.2085
-20.6141
-19.9696
-19.2686
-18.5238
-17.7301
-16.9011
-16.0335
-15.1415
-14.2224
-13.2901
-12.3432
-11.3944
-10.4428
-9.49838
-8.56148
-7.64105
-6.73573
-5.8529
-4.9914
-4.15601
-3.34298
-2.55492
-1.81688
-1.16369
-0.586859
-0.018032
0.565419
1.15013
1.74566
2.34535
2.99669
3.60203
4.12011
5.57646
3.52013
11.4901
-24.7102
-25.3141
-25.7657
-26.0526
-26.2822
-26.4963
-26.6793
-26.8069
-26.8797
-26.8964
-26.8625
-26.7714
-26.6263
-26.4204
-26.1585
-25.8347
-25.455
-25.0148
-24.5213
-23.9715
-23.375
-22.7315
-22.0529
-21.3407
-20.6076
-19.86
-19.127
-18.4341
-17.8239
-17.3221
-16.9628
-16.7588
-16.7331
-16.8902
-17.2446
-17.7832
-18.5005
-19.3652
-20.3687
-21.4606
-22.564
-23.524
-24.2641
-24.7935
-25.115
-25.2447
-25.2611
-25.2122
-25.1125
-24.9568
-24.7446
-24.4698
-24.1345
-23.7342
-23.2739
-22.7512
-22.1698
-21.5356
-20.8572
-20.1354
-19.3775
-18.5866
-17.7705
-16.9347
-16.0823
-15.2241
-14.3479
-13.61
-12.9744
-12.3093
-11.5733
-10.861
-9.98477
-9.34933
-8.12574
-8.01915
-5.66099
-7.66613
-1.31955
-10.9474
-23.9928
-23.2844
-22.6017
-21.9466
-21.3193
-20.7232
-20.1567
-19.6234
-19.1215
-18.6546
-18.221
-17.8236
-17.4609
-17.1349
-16.8451
-16.5919
-16.375
-16.1939
-16.049
-15.9379
-15.8613
-15.8155
-15.8017
-15.8142
-15.8545
-15.9155
-15.9987
-16.0956
-16.208
-16.326
-16.4508
-16.5722
-16.6914
-16.7968
-16.8895
-16.9585
-17.0043
-17.0168
-16.996
-16.9337
-16.8309
-16.678
-16.4808
-16.2281
-15.9285
-15.572
-15.1688
-14.7103
-14.2084
-13.6561
-13.0661
-12.4333
-11.7705
-11.0747
-10.3586
-9.61992
-8.8704
-8.10881
-7.34639
-6.58057
-5.8222
-5.06855
-4.32801
-3.59957
-2.88288
-2.18095
-1.5188
-0.923227
-0.391659
0.135633
0.67624
1.22491
1.78484
2.3561
2.97385
3.54807
4.06791
5.44227
3.49325
11.2354
-19.2993
-19.9279
-20.4159
-20.7536
-21.0396
-21.3202
-21.5753
-21.7888
-21.9537
-22.0767
-22.1556
-22.1924
-22.1818
-22.1259
-22.0207
-21.869
-21.6676
-21.4197
-21.1231
-20.7822
-20.3964
-19.972
-19.5089
-19.0146
-18.4926
-17.9641
-17.4501
-16.9869
-16.598
-16.3113
-16.1348
-16.083
-16.1545
-16.361
-16.6969
-17.1642
-17.741
-18.4182
-19.1703
-19.989
-20.8229
-21.5863
-22.2001
-22.6632
-22.9721
-23.1288
-23.1752
-23.1609
-23.0982
-22.9909
-22.8332
-22.6266
-22.3652
-22.0516
-21.6809
-21.2537
-20.7731
-20.2452
-19.6685
-19.0487
-18.386
-17.6888
-16.9591
-16.2055
-15.4278
-14.6385
-13.8255
-13.1356
-12.539
-11.9124
-11.2136
-10.5362
-9.6977
-9.0892
-7.91157
-7.81161
-5.53013
-7.48614
-1.28889
-10.7999
-18.5978
-17.9039
-17.2344
-16.5861
-15.9635
-15.3655
-14.7945
-14.2506
-13.735
-13.2487
-12.7923
-12.3674
-11.9736
-11.613
-11.2847
-10.991
-10.7302
-10.5048
-10.3127
-10.1561
-10.0323
-9.94332
-9.88581
-9.86153
-9.86624
-9.90119
-9.96131
-10.0475
-10.154
-10.281
-10.4216
-10.5757
-10.7361
-10.902
-11.0654
-11.2253
-11.3737
-11.509
-11.624
-11.7167
-11.7791
-11.8126
-11.8056
-11.7633
-11.674
-11.5452
-11.3656
-11.1448
-10.8725
-10.5593
-10.1971
-9.79703
-9.3532
-8.87729
-8.36444
-7.82732
-7.26203
-6.68082
-6.08034
-5.47219
-4.85346
-4.23452
-3.61297
-2.99562
-2.37768
-1.76597
-1.18416
-0.648875
-0.165604
0.314425
0.814322
1.32104
1.84374
2.37788
2.96464
3.50543
4.02595
5.311
3.47367
10.9856
-15.1224
-15.7282
-16.221
-16.584
-16.8992
-17.2087
-17.4985
-17.7548
-17.9721
-18.1548
-18.3017
-18.4136
-18.487
-18.5225
-18.5174
-18.4732
-18.3872
-18.2614
-18.0939
-17.8877
-17.6421
-17.3606
-17.0418
-16.6922
-16.319
-15.9446
-15.59
-15.2849
-15.0461
-14.8926
-14.8265
-14.8556
-14.9753
-15.1939
-15.5055
-15.9112
-16.39
-16.9319
-17.5131
-18.1312
-18.7605
-19.3601
-19.8741
-20.2894
-20.6091
-20.8145
-20.9255
-20.9739
-20.9804
-20.9433
-20.8652
-20.7398
-20.5691
-20.3462
-20.0703
-19.7421
-19.3661
-18.9385
-18.4634
-17.9388
-17.3717
-16.7631
-16.1203
-15.4458
-14.7435
-14.0224
-13.2734
-12.6328
-12.076
-11.4882
-10.8293
-10.1877
-9.38886
-8.80895
-7.68013
-7.58734
-5.38605
-7.29525
-1.24791
-10.6357
-14.4545
-13.7919
-13.149
-12.5227
-11.9175
-11.3318
-10.7689
-10.2274
-9.71043
-9.21694
-8.74973
-8.30813
-7.89441
-7.50818
-7.15144
-6.82409
-6.52745
-6.26157
-6.02753
-5.82544
-5.65562
-5.51833
-5.41323
-5.3407
-5.29941
-5.28986
-5.30942
-5.35881
-5.43443
-5.53663
-5.66056
-5.80627
-5.96829
-6.14584
-6.33251
-6.52765
-6.72304
-6.91957
-7.10739
-7.28823
-7.45386
-7.60014
-7.72488
-7.8197
-7.88711
-7.91679
-7.91403
-7.86743
-7.78487
-7.65603
-7.48983
-7.27751
-7.02901
-6.7365
-6.4123
-6.04919
-5.65936
-5.23849
-4.79736
-4.33291
-3.85599
-3.36297
-2.86294
-2.35362
-1.83745
-1.31739
-0.818118
-0.346617
0.0860177
0.519421
0.971089
1.43617
1.91702
2.41767
2.96535
3.46852
3.98515
5.17536
3.45033
10.7141
-11.4225
-12.01
-12.5034
-12.8789
-13.2117
-13.5376
-13.8504
-14.1343
-14.3881
-14.6111
-14.8061
-14.9698
-15.1033
-15.203
-15.2703
-15.3024
-15.3007
-15.2627
-15.1908
-15.0832
-14.9422
-14.7657
-14.5569
-14.3191
-14.0672
-13.8166
-13.5912
-13.4063
-13.28
-13.2163
-13.2222
-13.2923
-13.4312
-13.6363
-13.9156
-14.2606
-14.6669
-15.112
-15.587
-16.0746
-16.5754
-17.061
-17.5055
-17.8907
-18.223
-18.481
-18.6586
-18.7791
-18.8564
-18.8975
-18.8984
-18.8607
-18.7772
-18.6459
-18.4651
-18.2381
-17.9589
-17.6303
-17.2482
-16.8181
-16.3393
-15.8193
-15.2575
-14.6619
-14.0316
-13.3796
-12.6933
-12.1023
-11.5851
-11.0382
-10.419
-9.81495
-9.05774
-8.50763
-7.43
-7.34568
-5.22751
-7.08759
-1.19926
-10.4613
-10.7867
-10.1581
-9.54498
-8.94827
-8.36802
-7.80678
-7.26318
-6.7404
-6.23686
-5.75597
-5.29607
-4.86053
-4.44768
-4.06103
-3.69882
-3.36438
-3.05596
-2.77676
-2.5252
-2.3039
-2.11141
-1.94993
-1.8182
-1.71758
-1.6471
-1.60722
-1.59733
-1.61664
-1.66498
-1.7402
-1.84233
-1.96792
-2.11736
-2.28573
-2.47335
-2.67433
-2.88871
-3.10895
-3.33542
-3.55918
-3.78224
-3.99533
-4.20038
-4.38966
-4.55932
-4.70713
-4.82523
-4.91623
-4.97107
-4.99442
-4.9769
-4.92559
-4.83079
-4.70296
-4.53223
-4.32927
-4.08852
-3.81938
-3.51799
-3.19442
-2.84427
-2.4768
-2.08896
-1.68928
-1.27086
-0.843957
-0.427941
-0.0207699
0.359555
0.741303
1.14763
1.5657
2.00516
2.46343
2.97504
3.43889
3.95002
5.04078
3.43122
10.4466
-8.52504
-9.08326
-9.55901
-9.93049
-10.262
-10.5881
-10.9026
-11.1939
-11.4584
-11.6975
-11.9114
-12.0998
-12.2611
-12.3946
-12.4992
-12.5746
-12.6195
-12.6342
-12.6176
-12.5715
-12.494
-12.3862
-12.248
-12.0892
-11.9205
-11.7612
-11.624
-11.5256
-11.4708
-11.4674
-11.5099
-11.6002
-11.7317
-11.912
-12.1409
-12.4256
-12.7558
-13.1264
-13.5184
-13.9281
-14.3448
-14.7662
-15.1659
-15.5419
-15.8905
-16.2001
-16.4457
-16.6377
-16.7882
-16.9028
-16.9832
-17.0254
-17.0261
-16.9821
-16.8953
-16.7583
-16.5722
-16.3311
-16.0391
-15.6939
-15.3017
-14.8615
-14.3791
-13.8562
-13.2987
-12.7108
-12.0879
-11.5444
-11.0689
-10.5607
-9.98372
-9.41739
-8.70332
-8.18446
-7.16004
-7.08505
-5.05307
-6.86689
-1.14006
-10.2671
-7.92923
-7.33667
-6.75958
-6.19283
-5.64283
-5.10546
-4.58613
-4.08104
-3.59555
-3.12603
-2.67753
-2.24675
-1.8386
-1.45013
-1.08561
-0.742591
-0.425074
-0.131047
0.136308
0.378438
0.592758
0.780009
0.938781
1.06916
1.17064
1.24262
1.28596
1.29938
1.28484
1.24074
1.17039
1.07181
0.94936
0.801227
0.63278
0.442242
0.235891
0.0124085
-0.221513
-0.466365
-0.714525
-0.966258
-1.21334
-1.45731
-1.6897
-1.9116
-2.11607
-2.2998
-2.46031
-2.59169
-2.69549
-2.76367
-2.80198
-2.79975
-2.76547
-2.69218
-2.58731
-2.44587
-2.27646
-2.07342
-1.84568
-1.58888
-1.31271
-1.0125
-0.692663
-0.354119
-0.0211852
0.321146
0.648152
0.980778
1.33429
1.70669
2.09973
2.52125
2.98895
3.41078
3.91262
4.90025
3.40661
10.152
-5.82083
-6.3577
-6.8177
-7.17557
-7.5006
-7.81994
-8.13404
-8.42582
-8.69749
-8.94428
-9.17238
-9.37585
-9.55899
-9.71583
-9.85055
-9.9578
-10.0413
-10.0962
-10.1264
-10.1282
-10.1049
-10.0516
-9.97517
-9.88003
-9.78324
-9.69472
-9.63101
-9.59642
-9.60004
-9.63751
-9.71057
-9.81001
-9.93758
-10.0897
-10.2771
-10.5007
-10.7665
-11.0647
-11.3926
-11.7377
-12.1031
-12.4802
-12.864
-13.2409
-13.6189
-13.9779
-14.2965
-14.5626
-14.7905
-14.9809
-15.1391
-15.26
-15.3412
-15.3831
-15.3781
-15.3255
-15.2185
-15.0597
-14.8455
-14.5811
-14.264
-13.8999
-13.4881
-13.0379
-12.5445
-12.0216
-11.4562
-10.9629
-10.5249
-10.0584
-9.52212
-8.99478
-8.32496
-7.83821
-6.86934
-6.8041
-4.86267
-6.62481
-1.07456
-10.0554
-5.2604
-4.70768
-4.16687
-3.63783
-3.12187
-2.61845
-2.12943
-1.65428
-1.1956
-0.751928
-0.326582
0.0824009
0.471319
0.842611
1.19232
1.52302
1.83074
2.11802
2.38101
2.62217
2.83793
3.0304
3.19643
3.33792
3.45214
3.54076
3.60152
3.63596
3.64222
3.62204
3.57403
3.50018
3.39931
3.27415
3.12388
2.95188
2.75762
2.5453
2.31467
2.07056
1.81337
1.54872
1.27747
1.00597
0.734761
0.470852
0.213387
-0.0300609
-0.260501
-0.471365
-0.659793
-0.824635
-0.957186
-1.06229
-1.13254
-1.17264
-1.17717
-1.15183
-1.09005
-0.999607
-0.875147
-0.72564
-0.54562
-0.34442
-0.112167
0.138104
0.3936
0.671608
0.947011
1.22397
1.53005
1.85227
2.20145
2.57699
3.00369
3.38401
3.87484
4.75693
3.38523
9.85259
-3.76578
-4.25212
-4.67089
-5.00578
-5.30705
-5.60655
-5.89782
-6.17423
-6.42972
-6.66767
-6.88593
-7.08677
-7.26668
-7.42765
-7.56639
-7.68508
-7.78033
-7.85439
-7.90422
-7.93284
-7.93672
-7.91822
-7.87616
-7.82223
-7.76563
-7.7232
-7.70053
-7.70787
-7.74248
-7.80722
-7.89308
-7.9995
-8.1172
-8.25011
-8.39796
-8.57308
-8.77584
-9.01189
-9.27344
-9.56314
-9.87649
-10.2207
-10.5872
-10.9764
-11.3841
-11.804
-12.2002
-12.5585
-12.8724
-13.1514
-13.3909
-13.5934
-13.755
-13.8728
-13.9424
-13.9594
-13.9237
-13.8323
-13.6886
-13.4903
-13.2416
-12.9416
-12.5981
-12.2083
-11.7787
-11.3113
-10.806
-10.3559
-9.95862
-9.52978
-9.03611
-8.54687
-7.92255
-7.46863
-6.55697
-6.50095
-4.65533
-6.36466
-1.00179
-9.81392
-3.25754
-2.75224
-2.25727
-1.76965
-1.29343
-0.826922
-0.372383
0.0711255
0.502043
0.920613
1.32557
1.71669
2.09302
2.45378
2.79831
3.12538
3.43469
3.72468
3.9953
4.24464
4.47314
4.67858
4.86177
5.02022
5.1552
5.26409
5.34854
5.40584
5.43798
5.44237
5.42153
5.37292
5.2993
5.19856
5.07405
4.92388
4.75188
4.55664
4.34261
4.10883
3.86021
3.59648
3.32289
3.0399
2.75317
2.46356
2.17745
1.89503
1.62301
1.36086
1.11411
0.886204
0.678572
0.496467
0.340056
0.212713
0.113988
0.0490133
0.0136756
0.0130325
0.0401956
0.101563
0.187581
0.305737
0.451065
0.623698
0.801529
1.02017
1.24008
1.47013
1.72182
1.99726
2.29823
2.63519
3.01439
3.35365
3.82931
4.60441
3.35829
9.51729
-1.56259
-2.01361
-2.4068
-2.72286
-3.01183
-3.29733
-3.57941
-3.8473
-4.10068
-4.33715
-4.55986
-4.76561
-4.95644
-5.12889
-5.28516
-5.42199
-5.5416
-5.64059
-5.72119
-5.78073
-5.82192
-5.84099
-5.84084
-5.82456
-5.80776
-5.79995
-5.8138
-5.85008
-5.91308
-5.99583
-6.0976
-6.20827
-6.32681
-6.44591
-6.57241
-6.7087
-6.8674
-7.04833
-7.2578
-7.49162
-7.7587
-8.06059
-8.40671
-8.7927
-9.22563
-9.69325
-10.17
-10.6204
-11.0363
-11.409
-11.742
-12.0267
-12.2665
-12.4525
-12.586
-12.6633
-12.685
-12.6521
-12.5639
-12.4239
-12.2302
-11.9912
-11.7019
-11.3712
-10.994
-10.5843
-10.13
-9.72652
-9.36471
-8.97653
-8.52256
-8.07332
-7.49466
-7.07333
-6.22273
-6.17238
-4.43462
-6.07227
-0.930784
-9.53729
-1.09455
-0.631708
-0.178072
0.266568
0.702017
1.12727
1.54268
1.94693
2.34036
2.72164
3.09096
3.44701
3.78986
4.11834
4.43228
4.73064
5.01294
5.2785
5.5265
5.7565
5.96737
6.15906
6.33007
6.48071
6.6092
6.71623
6.79979
6.86093
6.89743
6.91082
6.89889
6.86354
6.80242
6.71805
6.60827
6.47601
6.31936
6.14176
5.94162
5.72303
5.4848
5.23151
4.96244
4.68264
4.39197
4.09574
3.79451
3.49411
3.19544
2.90414
2.62036
2.34942
2.0917
1.85317
1.63394
1.43936
1.27077
1.12977
1.0192
0.936628
0.887331
0.865079
0.876244
0.913443
0.985824
1.08093
1.19128
1.34796
1.52319
1.69889
1.90566
2.13372
2.3925
2.68088
3.01615
3.31616
3.77502
4.43906
3.33618
9.16042
0.339256
-0.0748187
-0.435964
-0.728351
-0.993537
-1.25753
-1.51711
-1.76732
-2.00323
-2.22732
-2.4376
-2.63612
-2.81985
-2.99071
-3.1458
-3.28715
-3.41197
-3.52235
-3.61532
-3.69321
-3.75392
-3.79979
-3.82705
-3.84059
-3.84691
-3.86259
-3.89591
-3.95596
-4.03993
-4.14784
-4.26976
-4.40168
-4.53215
-4.65851
-4.7743
-4.8857
-4.9952
-5.11393
-5.24516
-5.40088
-5.58912
-5.83007
-6.13734
-6.52785
-7.009
-7.58146
-8.20647
-8.82924
-9.4016
-9.90554
-10.3346
-10.6948
-10.9877
-11.2194
-11.3897
-11.5027
-11.5599
-11.562
-11.5132
-11.411
-11.2632
-11.0654
-10.8241
-10.5369
-10.2101
-9.84631
-9.44334
-9.07859
-8.75465
-8.40094
-7.98934
-7.57553
-7.04535
-6.65243
-5.86875
-5.81526
-4.20251
-5.74751
-0.8696
-9.20812
0.758617
1.17292
1.57854
1.97697
2.36697
2.74885
3.12175
3.48579
3.83997
4.18443
4.51806
4.8409
5.15182
5.45076
5.73667
6.00933
6.26772
6.51146
6.73973
6.95196
7.14744
7.32537
7.48538
7.62648
7.74845
7.85015
7.93179
7.99191
8.03092
8.04728
8.04208
8.01343
7.96276
7.88817
7.79175
7.67164
7.53022
7.36581
7.18146
6.97572
6.75211
6.50967
6.25215
5.97915
5.69493
5.39953
5.09745
4.78941
4.47994
4.17062
3.86553
3.56627
3.27739
3.00034
2.73983
2.4973
2.27624
2.0784
1.90574
1.76136
1.64332
1.55726
1.49755
1.46941
1.47131
1.50183
1.54536
1.65305
1.77688
1.91216
2.07264
2.25779
2.46656
2.71637
3.00593
3.2708
3.71122
4.2562
3.32044
8.75753
1.93779
1.57021
1.24392
0.977235
0.73601
0.497023
0.260645
0.031323
-0.187247
-0.396095
-0.594425
-0.783251
-0.960977
-1.12837
-1.28374
-1.42811
-1.55975
-1.67981
-1.78637
-1.8807
-1.96115
-2.02962
-2.08375
-2.12448
-2.15185
-2.17646
-2.20741
-2.2559
-2.32298
-2.40991
-2.50894
-2.61633
-2.72234
-2.82412
-2.91577
-3.00147
-3.08435
-3.17619
-3.28388
-3.42034
-3.59517
-3.82747
-4.13323
-4.53127
-5.02785
-5.62037
-6.27263
-6.93282
-7.54975
-8.1019
-8.57919
-8.98693
-9.3253
-9.60218
-9.81733
-9.97768
-10.0824
-10.1375
-10.1414
-10.0991
-10.0093
-9.87488
-9.69556
-9.47518
-9.21395
-8.91775
-8.58129
-8.27535
-7.99709
-7.69503
-7.33643
-6.97231
-6.50539
-6.1457
-5.45696
-5.38461
-3.95285
-5.34889
-0.832852
-8.82313
2.30286
2.66241
3.01512
3.36246
3.70253
4.03621
4.36215
4.68092
4.99128
5.2937
5.58701
5.8716
6.14623
6.41125
6.66545
6.90906
7.14075
7.36079
7.56784
7.76205
7.94214
8.10807
8.25882
8.3941
8.51301
8.61513
8.6999
8.76655
8.81475
8.84356
8.8532
8.84239
8.81158
8.75942
8.68708
8.59293
8.47849
8.3422
8.18623
8.00907
7.81331
7.5978
7.36539
7.1154
6.85124
6.57254
6.28311
5.98308
5.67649
5.36423
5.05035
4.73626
4.42637
4.12224
3.82826
3.54616
3.28005
3.03117
2.80344
2.59724
2.41682
2.26138
2.13393
2.03437
1.96743
1.92536
1.90835
1.95458
2.03502
2.12132
2.23508
2.36589
2.53072
2.73198
2.96848
3.19478
3.61541
4.01249
3.30762
8.27462
2.31324
2.00716
1.72927
1.49663
1.28467
1.07476
0.86631
0.662637
0.466372
0.277168
0.0951511
-0.0798524
-0.247141
-0.406725
-0.557886
-0.70066
-0.834286
-0.958819
-1.07357
-1.17863
-1.2732
-1.35759
-1.43122
-1.494
-1.54407
-1.58201
-1.61176
-1.64316
-1.6844
-1.74147
-1.81407
-1.90033
-1.99456
-2.09325
-2.19161
-2.28997
-2.38913
-2.49609
-2.61547
-2.7546
-2.91688
-3.11068
-3.34218
-3.62116
-3.95062
-4.33364
-4.75943
-5.20942
-5.65584
-6.0844
-6.483
-6.8509
-7.18196
-7.47762
-7.73246
-7.94861
-8.12151
-8.25362
-8.34127
-8.38707
-8.38806
-8.34667
-8.26158
-8.13579
-7.96907
-7.76471
-7.52193
-7.29018
-7.08024
-6.84239
-6.55558
-6.25449
-5.86278
-5.56146
-4.95703
-4.92404
-3.60631
-4.99232
-0.670826
-8.60206
2.62037
2.92432
3.22394
3.52095
3.81338
4.1026
4.38669
4.66694
4.94148
5.21145
5.47501
5.73309
5.98394
6.22848
6.46494
6.69407
6.91424
7.1261
7.32801
7.52058
7.70212
7.87316
8.03217
8.17952
8.3136
8.4349
8.54183
8.6348
8.71219
8.77436
8.8199
8.84905
8.86037
8.85413
8.82926
8.78575
8.72296
8.6407
8.53889
8.41717
8.27617
8.11536
7.93595
7.73752
7.52181
7.28881
7.04084
6.77818
6.50363
6.21798
5.92462
5.62449
5.32164
5.01715
4.7154
4.41775
4.12897
3.85031
3.58641
3.33799
3.10948
2.90132
2.71702
2.55856
2.42979
2.3279
2.24603
2.24627
2.27821
2.32031
2.3799
2.46548
2.577
2.72997
2.90581
3.08802
3.48147
3.76201
3.17264
7.91464
3.24347
2.99126
2.75707
2.55576
2.3694
2.18463
2
1.8185
1.64131
1.46898
1.30092
1.1377
0.979083
0.825814
0.67763
0.535251
0.398444
0.267924
0.143355
0.0253481
-0.0863123
-0.191069
-0.289223
-0.380612
-0.465235
-0.542357
-0.611507
-0.674493
-0.736691
-0.806532
-0.890122
-0.990431
-1.10494
-1.22984
-1.35853
-1.48713
-1.61148
-1.73324
-1.85473
-1.98259
-2.12028
-2.27461
-2.45022
-2.65493
-2.89207
-3.16667
-3.47785
-3.82022
-4.17612
-4.53072
-4.87127
-5.19506
-5.49702
-5.77772
-6.03266
-6.26217
-6.46099
-6.62967
-6.76345
-6.863
-6.92434
-6.94878
-6.93374
-6.88119
-6.78937
-6.66267
-6.4958
-6.33182
-6.17701
-5.99994
-5.77158
-5.53389
-5.20656
-4.96515
-4.43722
-4.45093
-3.23523
-4.63362
-0.471233
-8.3871
3.50002
3.75498
4.00696
4.25749
4.50422
4.74878
4.98893
5.22638
5.45873
5.68784
5.91122
6.1307
6.34382
6.55242
6.75399
6.95027
7.13883
7.32134
7.49533
7.66242
7.82014
7.96997
8.10956
8.24023
8.35974
8.46928
8.56664
8.65288
8.72604
8.7869
8.83371
8.86707
8.88538
8.88914
8.87697
8.84914
8.80463
8.74363
8.66532
8.56988
8.45689
8.32653
8.17867
8.01354
7.83138
7.63274
7.41817
7.18848
6.9447
6.68798
6.42009
6.14233
5.8571
5.56601
5.27207
4.97707
4.68484
4.39702
4.11808
3.84933
3.59536
3.35732
3.13899
2.9428
2.77414
2.62595
2.50413
2.45916
2.45673
2.45321
2.4756
2.51362
2.5843
2.68843
2.81697
2.95036
3.31903
3.50361
2.99733
7.52725
3.81309
3.58671
3.37839
3.20001
3.03472
2.87
2.70509
2.54181
2.38212
2.22545
2.07221
1.92173
1.77492
1.63122
1.49157
1.35523
1.22316
1.09465
0.970785
0.850813
0.735799
0.62485
0.519012
0.417302
0.32063
0.227977
0.140636
0.058244
-0.0181002
-0.0913293
-0.165621
-0.248338
-0.343241
-0.452353
-0.571761
-0.697354
-0.822856
-0.945546
-1.06379
-1.18131
-1.30173
-1.43069
-1.57278
-1.73598
-1.92548
-2.1468
-2.40172
-2.69034
-3.00181
-3.32246
-3.63695
-3.93912
-4.22289
-4.48874
-4.73301
-4.95704
-5.15656
-5.33247
-5.48029
-5.60077
-5.68977
-5.7483
-5.7732
-5.76571
-5.72328
-5.64934
-5.53834
-5.42232
-5.31294
-5.1795
-5.00446
-4.81512
-4.54834
-4.35817
-3.90388
-3.95859
-2.8445
-4.24817
-0.260344
-8.09866
4.03375
4.25029
4.46358
4.67379
4.88082
5.08456
5.28499
5.48196
5.67531
5.86504
6.05077
6.2326
6.40993
6.58305
6.75107
6.91444
7.07209
7.22456
7.37062
7.51096
7.64406
7.77077
7.88943
8.00097
8.1036
8.19831
8.28318
8.35929
8.42465
8.48036
8.52442
8.55787
8.57867
8.58795
8.5836
8.56665
8.53528
8.49032
8.43016
8.35559
8.26526
8.15991
8.03855
7.90179
7.74904
7.58103
7.39752
7.19943
6.98697
6.76135
6.52326
6.27412
6.01528
5.74823
5.47503
5.19728
4.91792
4.63859
4.36318
4.0933
3.83336
3.58486
3.35157
3.13674
2.94457
2.77306
2.61959
2.55005
2.51467
2.4869
2.47331
2.48161
2.51241
2.58313
2.65927
2.76556
3.104
3.21431
2.7878
7.02976
3.48128
3.29348
3.11961
2.96955
2.8305
2.6921
2.55358
2.41631
2.282
2.15024
2.02119
1.89432
1.77018
1.64861
1.53016
1.41459
1.30217
1.1926
1.08628
0.983158
0.883565
0.787318
0.694556
0.60513
0.51933
0.437114
0.358619
0.283697
0.212855
0.146299
0.0839274
0.0232334
-0.0402176
-0.112297
-0.196297
-0.292716
-0.396963
-0.504133
-0.609007
-0.710547
-0.809888
-0.91149
-1.01878
-1.13764
-1.27402
-1.43515
-1.62486
-1.84669
-2.0971
-2.36723
-2.64222
-2.91286
-3.17077
-3.41491
-3.64157
-3.85206
-4.04265
-4.21462
-4.36381
-4.49106
-4.59237
-4.66864
-4.71653
-4.73709
-4.7273
-4.68996
-4.61899
-4.54129
-4.46495
-4.37042
-4.23532
-4.09179
-3.87565
-3.73441
-3.34726
-3.43995
-2.42664
-3.82442
-0.0235156
-7.74192
3.66542
3.84727
4.02747
4.20633
4.38329
4.5585
4.73152
4.90244
5.07085
5.23691
5.40009
5.56061
5.71782
5.87208
6.02254
6.16974
6.31258
6.45176
6.58593
6.71602
6.84043
6.96016
7.07343
7.18141
7.28212
7.37683
7.4634
7.54313
7.61388
7.67689
7.73006
7.77452
7.8082
7.8322
7.84446
7.846
7.8349
7.81209
7.77577
7.72685
7.66366
7.58714
7.4959
7.39083
7.27069
7.13653
6.98748
6.82464
6.64742
6.45716
6.25382
6.03882
5.81275
5.57713
5.33314
5.08254
4.82738
4.56939
4.31164
4.05584
3.80597
3.56349
3.33263
3.11589
2.91881
2.73602
2.57234
2.4824
2.43551
2.38618
2.35696
2.33751
2.34731
2.37986
2.43054
2.51101
2.82268
2.86222
2.51382
6.45182
3.26824
3.1171
2.97538
2.85148
2.73636
2.62183
2.50703
2.39287
2.28061
2.17014
2.06153
1.95456
1.84933
1.74585
1.64433
1.54499
1.44777
1.35254
1.2591
1.1676
1.07807
0.990888
0.905945
0.823646
0.743946
0.667489
0.594022
0.523785
0.456074
0.391237
0.328957
0.269794
0.212499
0.155269
0.0936339
0.0235604
-0.0577198
-0.148285
-0.243459
-0.337753
-0.428486
-0.516442
-0.604719
-0.697496
-0.798596
-0.914561
-1.05131
-1.2144
-1.40463
-1.61936
-1.84735
-2.07875
-2.3032
-2.51802
-2.71861
-2.90641
-3.07803
-3.23519
-3.37406
-3.49598
-3.59696
-3.67802
-3.73573
-3.77117
-3.78123
-3.76831
-3.72654
-3.67706
-3.62747
-3.56087
-3.46249
-3.35453
-3.18727
-3.08804
-2.76472
-2.89127
-1.96968
-3.36199
0.255918
-7.30517
3.41856
3.56765
3.71553
3.86296
4.00903
4.15442
4.29817
4.44091
4.58174
4.7213
4.85856
4.99418
5.12711
5.25809
5.38595
5.51149
5.6334
5.75259
5.86765
5.97958
6.08679
6.19039
6.28863
6.38272
6.47077
6.55409
6.63056
6.70169
6.76522
6.82272
6.8718
6.9141
6.94714
6.97263
6.98791
6.99477
6.99056
6.97697
6.95147
6.91572
6.86729
6.80775
6.73507
6.65057
6.55258
6.44231
6.31853
6.18243
6.03315
5.87198
5.69861
5.51435
5.31947
5.11527
4.90262
4.68294
4.45781
4.22856
3.99765
3.7665
3.53845
3.31475
3.09911
2.89428
2.7053
2.52776
2.36512
2.2765
2.22147
2.16986
2.12543
2.09724
2.08249
2.10222
2.12364
2.18862
2.45869
2.45204
2.15775
5.78281
2.76661
2.64507
2.52959
2.42777
2.33251
2.23821
2.14322
2.0487
1.95468
1.86203
1.77039
1.68056
1.59175
1.50439
1.41767
1.33265
1.24887
1.16718
1.08656
1.00762
0.929686
0.853785
0.77946
0.70757
0.637637
0.570434
0.505574
0.443453
0.383321
0.324939
0.267753
0.211914
0.157608
0.104818
0.0530714
0.000447084
-0.0555844
-0.118495
-0.189163
-0.265722
-0.342763
-0.417075
-0.487169
-0.555932
-0.625396
-0.698258
-0.777042
-0.867509
-0.974586
-1.10244
-1.24876
-1.40824
-1.57177
-1.73539
-1.8941
-2.04802
-2.19277
-2.3289
-2.45195
-2.56274
-2.65724
-2.73633
-2.79668
-2.83931
-2.86118
-2.86457
-2.84366
-2.81563
-2.78628
-2.74562
-2.6751
-2.60334
-2.4764
-2.41792
-2.14968
-2.30644
-1.47447
-2.84407
0.57503
-6.70952
2.88889
3.01061
3.13143
3.25231
3.37183
3.49115
3.60881
3.726
3.84125
3.95575
4.06802
4.17929
4.28804
4.39551
4.50016
4.60321
4.70302
4.80094
4.89528
4.98736
5.07533
5.1607
5.24151
5.31925
5.39187
5.46098
5.52435
5.58368
5.63672
5.68514
5.72663
5.76283
5.79153
5.81424
5.82874
5.83652
5.83546
5.82683
5.80862
5.7821
5.74539
5.69961
5.64308
5.57688
5.49948
5.4121
5.3132
5.20424
5.08382
4.9536
4.8124
4.66209
4.50203
4.33396
4.15795
3.97557
3.78773
3.59574
3.40142
3.20579
3.01172
2.81956
2.633
2.45348
2.28686
2.12762
1.98173
1.8975
1.84748
1.7915
1.74939
1.70923
1.69478
1.69791
1.70758
1.74729
1.99855
1.9426
1.68884
4.97429
2.68305
2.58189
2.48593
2.4009
2.32122
2.24232
2.16356
2.08518
2.00712
1.92924
1.85211
1.77634
1.70199
1.62848
1.55525
1.48223
1.41013
1.33929
1.26989
1.20141
1.13414
1.068
1.00375
0.94106
0.880379
0.820911
0.763342
0.707104
0.652856
0.599589
0.547739
0.4964
0.44649
0.397771
0.351455
0.30713
0.265285
0.224022
0.18131
0.13312
0.0786725
0.0198753
-0.0383033
-0.0943524
-0.149792
-0.209822
-0.27912
-0.363519
-0.46716
-0.591473
-0.731575
-0.881971
-1.03335
-1.18
-1.31407
-1.43602
-1.54348
-1.64091
-1.72608
-1.80233
-1.86625
-1.92006
-1.96065
-1.98978
-2.00444
-2.00712
-1.99244
-1.9751
-1.95846
-1.93203
-1.88664
-1.83919
-1.74927
-1.722
-1.50318
-1.68724
-0.934833
-2.2635
0.927037
-5.84704
2.78135
2.87782
2.97325
3.0678
3.16112
3.25347
3.34446
3.43442
3.52288
3.61013
3.69563
3.77977
3.86199
3.94267
4.02113
4.09778
4.17191
4.24399
4.31316
4.3799
4.44329
4.5039
4.56076
4.61442
4.66369
4.70939
4.75018
4.78696
4.8182
4.84505
4.86577
4.88168
4.89086
4.8948
4.89138
4.88239
4.86551
4.84258
4.81109
4.77319
4.72635
4.67271
4.60984
4.53994
4.46081
4.3746
4.27928
4.17696
4.06612
3.94864
3.82346
3.69225
3.55465
3.41177
3.26435
3.11269
2.95846
2.8014
2.64417
2.48598
2.33013
2.17573
2.02621
1.88256
1.74952
1.622
1.50454
1.44274
1.40547
1.36664
1.32542
1.29545
1.27116
1.26795
1.24754
1.27256
1.46584
1.39683
1.13962
3.97145
0.338481
0.258474
0.185721
0.123372
0.0657292
0.00762352
-0.0494931
-0.104695
-0.157205
-0.209087
-0.260501
-0.311431
-0.360265
-0.407233
-0.452426
-0.497043
-0.540545
-0.582676
-0.622453
-0.660258
-0.695927
-0.729874
-0.761678
-0.791697
-0.82006
-0.847576
-0.874615
-0.90133
-0.927735
-0.95377
-0.97977
-1.00596
-1.03306
-1.06098
-1.09025
-1.12065
-1.15318
-1.1888
-1.22981
-1.27804
-1.33643
-1.40393
-1.47072
-1.51514
-1.51027
-1.43426
-1.27606
-1.0376
-0.735484
-0.414349
-0.136249
0.0367653
0.082003
0.0113051
-0.127837
-0.294897
-0.453701
-0.595208
-0.711576
-0.809665
-0.888064
-0.953327
-1.00332
-1.04241
-1.06787
-1.08376
-1.08492
-1.08394
-1.08275
-1.07831
-1.05543
-1.03799
-0.981584
-0.984858
-0.819887
-1.01261
-0.389608
-1.53845
1.10186
-4.21722
0.415752
0.49223
0.567664
0.642505
0.716246
0.789285
0.861085
0.93212
1.00188
1.07077
1.13813
1.20457
1.2694
1.33334
1.39537
1.45648
1.51554
1.57371
1.6295
1.68426
1.73651
1.78773
1.83606
1.88319
1.92717
1.96983
2.00907
2.04682
2.08081
2.11314
2.14154
2.16808
2.19043
2.21063
2.22651
2.24005
2.24903
2.25527
2.25673
2.25517
2.24845
2.23827
2.22283
2.20351
2.17864
2.14942
2.11482
2.07543
2.03086
1.98103
1.92686
1.86725
1.80449
1.73647
1.6665
1.59181
1.51655
1.43768
1.35933
1.27859
1.1993
1.11835
1.03848
0.9576
0.879409
0.795623
0.710165
0.657319
0.629717
0.587226
0.555174
0.519723
0.502692
0.49659
0.491623
0.511543
0.702979
0.676521
0.423395
2.57839
1.92597
1.87734
1.83178
1.79272
1.75749
1.72248
1.68619
1.65025
1.61553
1.58253
1.54939
1.51632
1.48304
1.45137
1.4207
1.39165
1.36283
1.33538
1.30866
1.28393
1.25998
1.23756
1.21562
1.19519
1.17548
1.15737
1.13989
1.12399
1.1093
1.09717
1.08789
1.08262
1.08163
1.08579
1.09574
1.11172
1.13526
1.1683
1.21796
1.29331
1.40877
1.57026
1.77183
1.97806
2.13715
2.18254
2.06179
1.7365
1.21137
0.534251
-0.184346
-0.812085
-1.23035
-1.40293
-1.36846
-1.22129
-1.03858
-0.873952
-0.738805
-0.637191
-0.557997
-0.498624
-0.450577
-0.41324
-0.381307
-0.355685
-0.33073
-0.317015
-0.308719
-0.299854
-0.28467
-0.27629
-0.245164
-0.262013
-0.167609
-0.312512
0.055222
-0.614569
0.908004
-1.88252
1.97604
2.02683
2.07623
2.12635
2.17464
2.22352
2.27018
2.31715
2.36169
2.40636
2.44827
2.49004
2.5288
2.56721
2.60231
2.63677
2.6676
2.69752
2.72344
2.74803
2.76833
2.78692
2.80071
2.81236
2.81878
2.82262
2.82081
2.81599
2.805
2.79056
2.76977
2.74516
2.71393
2.67844
2.63662
2.59033
2.53789
2.4807
2.41814
2.3509
2.27907
2.20258
2.12292
2.03901
1.95342
1.86413
1.77493
1.68288
1.59283
1.50085
1.4123
1.32239
1.23752
1.15174
1.07215
0.991715
0.918125
0.843807
0.776411
0.708838
0.648046
0.588982
0.537384
0.49284
0.460625
0.436757
0.423093
0.447123
0.472021
0.48926
0.497584
0.497716
0.488453
0.470133
0.430453
0.38628
0.392005
0.307015
0.132599
0.907777
)
;

boundaryField
{
    inlet
    {
        type            freestreamPressure;
        freestreamValue uniform 0;
        value           nonuniform List<scalar> 
134
(
7.86766
7.34364
6.60979
5.72999
4.81657
3.84338
2.90241
2.057
1.31679
0.581342
0.105155
0.107576
0.112072
0.0897404
0.0409856
-0.0308794
-0.125072
-0.241199
-0.380551
-0.544893
8.2407
-0.738486
-0.962122
-1.20966
-1.45719
-1.66914
-1.82448
-2.03908
-2.13949
-2.28046
-2.8851
-2.7127
-2.82703
-2.99138
-3.13407
-3.25437
-3.38214
-3.56291
-3.86439
-4.19754
8.46513
8.5487
8.39404
7.95709
7.14304
5.77363
3.51478
-4.74758
-4.68081
-4.56007
-4.51024
-4.49191
-4.45946
-4.41493
-4.36673
-4.31983
-4.26873
-4.21432
-4.15333
-4.08816
-4.01513
-3.93508
-3.84318
-3.73726
-3.61054
-3.46139
-3.37638
-3.29353
-3.18149
-3.04225
-2.87114
-2.6371
-2.29767
-1.65631
-0.739141
1.6493
3.24588
4.65687
5.80206
6.76709
7.57505
8.18442
8.57723
8.81296
8.90737
8.91045
8.84983
8.75825
8.65146
8.56171
8.53608
8.59412
8.64971
8.65776
8.63894
8.61234
8.57631
8.5253
8.46066
8.38372
8.30211
8.22206
8.1599
8.15846
8.26209
8.56475
8.59062
8.31452
8.07567
7.94521
7.82599
7.66805
7.50425
7.343
7.19362
7.03442
6.87827
6.70854
6.54136
6.35721
6.1701
5.96048
5.73737
5.48539
5.18336
4.95844
4.7164
4.40536
4.0439
3.62532
3.1192
2.49104
1.61772
0.569784
)
;
    }
    outlet
    {
        type            freestreamPressure;
        freestreamValue uniform 0;
        value           nonuniform List<scalar> 
160
(
0.0182694
0.0187922
0.0177773
0.0193246
0.0173137
0.0198469
0.0169129
0.0203799
0.0165479
0.0208991
0.0161868
0.021428
0.015817
0.0219395
0.0154533
0.0224583
0.0151025
0.0229577
0.0147685
0.0234627
0.0144345
0.0239451
0.0141033
0.0244308
0.0137723
0.0248913
0.0134577
0.0253531
0.0131534
0.0257867
0.0128649
0.0262188
0.0125799
0.0266195
0.0123085
0.0270161
0.0120449
0.0273774
0.0118001
0.0277302
0.0115629
0.0280446
0.0113402
0.0283467
0.0111223
0.0286046
0.0109185
0.0288455
0.0107215
0.0290374
0.010539
0.0292073
0.0103623
0.0293229
0.0101999
0.0294114
0.0100487
0.0294392
0.00992052
0.0294344
0.00981772
0.0293656
0.00975037
0.0292588
0.00972099
0.0290835
0.00973737
0.0288641
0.00980511
0.0285769
0.00992538
0.0282414
0.0101086
0.0278379
0.0103658
0.0273806
0.0107509
0.0268612
0.0113343
0.0262862
0.0122355
0.0256547
0.0135075
0.0249649
0.0151154
0.0242317
0.0167914
0.0234418
0.0181372
0.0226228
0.018605
0.0217504
0.0177068
0.0208674
0.0150185
0.0199379
0.0105041
0.0190187
0.00461349
0.0180621
-0.00156882
0.0171324
-0.00683987
0.0161709
-0.0102696
0.0152561
-0.0116767
0.0143143
-0.0114336
0.0134346
-0.0102969
0.0125286
-0.00886301
0.0116949
-0.00755677
0.0108366
-0.00647156
0.0100538
-0.00565051
0.00925444
-0.00500586
0.00853117
-0.00452268
0.00781772
-0.00413027
0.00719236
-0.00382703
0.00665103
-0.00356691
0.00626856
-0.00336006
0.00599491
-0.00315511
0.00585864
-0.00304971
0.00623985
-0.00299272
0.00663864
-0.00292993
0.00693424
-0.00280582
0.00711046
-0.00274534
0.0071745
-0.00246199
0.00710648
-0.00264748
0.00690866
-0.00172247
0.00639522
-0.00319545
0.00580507
0.000588738
0.0059664
-0.00619679
0.00475711
0.0105933
0.00208025
-0.016526
0.0143752
)
;
    }
    walls
    {
        type            zeroGradient;
    }
    frontAndBack
    {
        type            empty;
    }
}


// ************************************************************************* //
