/*--------------------------------*- C++ -*----------------------------------*\
| =========                 |                                                 |
| \\      /  F ield         | OpenFOAM: The Open Source CFD Toolbox           |
|  \\    /   O peration     | Version:  2412                                  |
|   \\  /    A nd           | Website:  www.openfoam.com                      |
|    \\/     M anipulation  |                                                 |
\*---------------------------------------------------------------------------*/
FoamFile
{
    version     2.0;
    format      ascii;
    arch        "LSB;label=32;scalar=64";
    class       volScalarField;
    location    "500";
    object      p;
}
// * * * * * * * * * * * * * * * * * * * * * * * * * * * * * * * * * * * * * //

dimensions      [0 2 -2 0 0 0 0];

internalField   nonuniform List<scalar> 
10720
(
167.563
120.794
64.8915
7.59639
-47.7021
-104.361
-155.457
-198.812
-235.625
-263.067
-281.034
-290.269
-291.235
-283.109
-264.757
-236.462
-204.509
-182.715
-187.031
-199.579
-203.187
-201.219
-200.926
-201.145
-201.52
-201.531
-201.709
-202.215
-203.142
-204.373
-205.765
-207.118
-208.23
-208.346
-206.997
-203.175
-197.602
-151.842
-174.213
211.773
251.001
289.531
322.232
344.432
353.545
353.119
342.394
320.715
293.159
264.131
236.091
209.845
185.952
164.669
145.025
126.78
109.291
92.2016
74.8686
57.2371
38.9189
20.0209
1.02191
-15.8348
-29.363
-40.8928
-50.76
-58.8528
-65.3274
-70.5042
-74.6437
-78.0159
-80.9123
-83.744
-86.9578
-91.1559
-96.7621
-107.542
206.178
171.255
131.062
87.3045
41.62
-5.49516
-51.3962
-94.1874
-132.856
-165.691
-192.241
-211.873
-223.189
-225.142
-217.589
-201.521
-182.407
-172.8
-185.643
-199.531
-201.835
-200.52
-200.436
-200.756
-201.176
-201.168
-201.345
-201.862
-202.805
-204.056
-205.468
-206.84
-207.975
-208.113
-206.833
-203.007
-197.985
-153.69
-177.272
236.815
265.138
292.14
316.029
333.455
342.449
342.71
333.78
316.769
294.591
269.96
244.772
220.095
196.669
174.897
154.489
135.269
116.863
98.9428
81.0384
62.9973
44.5409
25.745
7.0966
-9.65283
-23.4325
-35.1636
-45.4102
-54.2302
-61.5416
-67.4413
-72.1558
-75.9776
-79.2257
-82.319
-85.7116
-89.9975
-95.6461
-106.013
206.282
175.276
139.401
99.2303
56.8759
12.9137
-31.1548
-73.2325
-111.848
-145.771
-173.682
-194.314
-206.94
-211.801
-208.93
-199.397
-186.493
-177.525
-183.286
-194.717
-200.062
-199.373
-199.739
-200.333
-200.843
-200.857
-201.055
-201.585
-202.544
-203.814
-205.246
-206.634
-207.794
-207.946
-206.754
-202.782
-198.15
-155.34
-180.507
233.461
258.706
282.549
303.336
318.468
326.935
328.17
321.682
308.244
289.572
267.681
244.369
220.866
198.017
176.352
155.914
136.571
118.064
100.09
82.26
64.3549
46.1643
27.7325
9.48703
-7.20247
-21.2978
-33.3234
-43.7615
-52.6572
-59.9671
-65.8632
-70.6306
-74.5648
-77.9566
-81.1877
-84.6853
-89.0182
-94.6518
-104.415
206.721
180.758
150.464
116.625
80.689
42.7785
4.28363
-33.3013
-68.7774
-100.935
-128.589
-150.754
-166.857
-176.823
-180.603
-178.986
-174.514
-171.703
-176.391
-185.745
-193.422
-196.768
-198.782
-199.558
-200.347
-200.522
-200.778
-201.327
-202.308
-203.602
-205.057
-206.462
-207.648
-207.809
-206.734
-202.624
-198.371
-156.973
-183.302
229.46
250.515
270.672
288.576
301.925
309.974
312.008
307.483
296.984
281.68
263.078
242.65
221.456
200.286
179.689
159.863
140.794
122.358
104.342
86.4655
68.5339
50.4031
32.1169
14.0654
-2.637
-17.0198
-29.3564
-40.0996
-49.3427
-57.0704
-63.4225
-68.6286
-72.9413
-76.6326
-80.077
-83.7032
-88.0717
-93.6454
-102.791
201.158
178.298
151.503
121.441
89.4565
55.3475
20.2726
-14.4786
-47.9761
-79.0998
-106.755
-130.034
-148.225
-160.735
-167.475
-168.974
-167.331
-166.351
-170.543
-178.631
-185.591
-190.762
-195.945
-198.499
-199.501
-200.01
-200.436
-201.052
-202.072
-203.399
-204.884
-206.309
-207.522
-207.686
-206.735
-202.507
-198.665
-158.687
-185.639
221.213
239.685
257.469
273.362
285.392
293.091
295.723
292.74
284.592
272.066
256.272
238.387
219.294
199.714
180.202
161.054
142.371
124.138
106.237
88.4754
70.6906
52.7768
34.7785
17.04
0.461082
-14.0833
-26.6703
-37.6735
-47.1835
-55.1745
-61.7554
-67.1431
-71.5962
-75.3988
-78.9262
-82.6015
-86.9608
-92.4531
-100.987
194.384
174.236
150.55
124.001
95.8005
65.5374
34.2457
2.96905
-27.5954
-56.4696
-82.7323
-105.591
-124.31
-138.5
-148.134
-153.626
-156.362
-158.858
-164.295
-172.402
-179.295
-184.283
-190.429
-195.992
-198.367
-199.198
-199.935
-200.722
-201.823
-203.201
-204.725
-206.172
-207.415
-207.578
-206.752
-202.414
-198.993
-160.472
-187.54
212.096
228.377
244.198
258.47
269.457
276.841
279.882
278.068
271.754
261.503
248.16
232.667
215.732
197.969
179.888
161.803
143.876
126.166
108.628
91.1499
73.6161
55.9613
38.2406
20.7699
4.29985
-10.3831
-23.2091
-34.4597
-44.2251
-52.4872
-59.3445
-65.0061
-69.7232
-73.7707
-77.5044
-81.3287
-85.7521
-91.198
-99.1857
186.504
168.457
147.201
123.375
98.1367
70.9243
42.6445
14.1921
-13.9387
-40.9075
-65.9437
-88.377
-107.55
-123.01
-134.593
-142.455
-147.65
-152.088
-158.098
-166.046
-173.408
-178.789
-184.444
-191.278
-196.208
-198.106
-199.184
-200.262
-201.532
-202.996
-204.574
-206.05
-207.325
-207.486
-206.783
-202.346
-199.334
-162.292
-188.994
202.399
216.983
231.256
244.225
254.37
261.451
264.758
263.833
258.953
250.544
239.264
225.869
210.916
194.905
178.282
161.341
144.273
127.191
110.113
92.9961
75.7779
58.4331
41.0296
23.8562
7.54534
-7.19959
-20.2068
-31.6685
-41.6672
-50.1887
-57.3132
-63.2308
-68.1781
-72.4201
-76.2989
-80.2071
-84.6285
-89.9663
-97.3762
178.325
162.035
142.829
121.325
98.6242
74.0833
48.517
22.6961
-3.03148
-27.9615
-51.4503
-72.9539
-91.8965
-107.841
-120.683
-130.515
-137.997
-144.433
-151.408
-159.486
-167.323
-173.594
-179.238
-185.687
-192.279
-196.322
-198.195
-199.599
-201.138
-202.756
-204.417
-205.934
-207.246
-207.404
-206.822
-202.299
-199.674
-164.11
-189.95
192.705
205.883
218.874
230.761
240.196
246.982
250.448
250.192
246.433
239.508
229.949
218.374
205.222
190.889
175.749
160.054
143.996
127.712
111.262
94.6521
77.8674
60.9168
43.8824
27.0318
10.9158
-3.83421
-16.9782
-28.6228
-38.8337
-47.5966
-54.9746
-61.1394
-66.3157
-70.761
-74.8038
-78.8229
-83.2722
-88.5293
-95.4035
170.08
155.252
137.76
118.194
97.6142
75.3324
52.0785
28.5333
4.92515
-18.1478
-40.1608
-60.6847
-79.2241
-95.4011
-109.043
-120.169
-129.161
-136.977
-144.772
-153.084
-161.205
-168.25
-174.44
-180.568
-187.214
-193.203
-196.758
-198.726
-200.582
-202.437
-204.232
-205.811
-207.172
-207.329
-206.864
-202.267
-199.997
-165.894
-190.358
183.198
195.212
207.129
218.103
226.918
233.417
236.969
237.216
234.333
228.605
220.473
210.455
198.898
186.111
172.397
157.958
142.968
127.568
111.838
95.8196
79.5395
63.0373
46.4077
29.9047
14.0169
-0.685343
-13.9191
-25.7143
-36.114
-45.1014
-52.7235
-59.1323
-64.5385
-69.1885
-73.3944
-77.5183
-81.9825
-87.1323
-93.487
161.969
148.383
132.356
114.451
95.6848
75.3503
54.1151
32.5845
10.899
-10.4308
-30.9826
-50.4218
-68.3303
-84.3869
-98.4096
-110.403
-120.56
-129.527
-138.118
-146.799
-155.191
-162.75
-169.59
-175.944
-182.209
-188.812
-194.374
-197.549
-199.832
-201.987
-203.984
-205.664
-207.09
-207.253
-206.901
-202.242
-200.281
-167.602
-190.237
174.012
185.036
196.037
206.224
214.491
220.709
224.295
224.916
222.721
217.959
211.008
202.312
192.15
180.764
168.394
155.193
141.303
126.854
111.931
96.5979
80.9074
64.9229
48.7517
32.6354
17.0181
2.4211
-10.848
-22.7547
-33.3133
-42.5017
-50.351
-56.9922
-62.62
-67.4684
-71.8332
-76.0592
-80.5357
-85.5776
-91.4266
154.082
141.565
126.798
110.321
93.1143
74.4616
54.9785
35.2089
15.2344
-4.51141
-23.6905
-42.05
-59.2395
-74.9919
-89.1286
-101.627
-112.558
-122.344
-131.564
-140.607
-149.295
-157.239
-164.567
-171.398
-177.688
-184.019
-190.764
-195.752
-198.85
-201.366
-203.63
-205.464
-206.983
-207.167
-206.922
-202.215
-200.508
-169.199
-189.656
165.201
175.374
185.58
195.08
202.856
208.803
212.38
213.276
211.623
207.644
201.67
194.094
185.143
175.007
163.877
151.861
139.064
125.593
111.531
96.9457
81.9076
66.497
50.8272
35.1302
19.8205
5.37839
-7.87676
-19.8572
-30.5466
-39.9142
-47.9754
-54.8398
-60.6844
-65.7296
-70.2536
-74.582
-79.0699
-83.9954
-89.3699
146.473
134.887
121.218
105.984
90.1298
72.9419
54.993
36.7774
18.3289
0.0225739
-17.871
-35.1661
-51.5735
-66.8768
-80.9109
-93.6334
-105.063
-115.438
-125.161
-134.535
-143.508
-151.799
-159.471
-166.719
-173.378
-179.544
-186.333
-192.936
-197.447
-200.528
-203.123
-205.176
-206.825
-207.056
-206.916
-202.174
-200.655
-170.636
-188.674
156.789
166.222
175.731
184.621
191.954
197.639
201.174
202.27
201.042
197.7
192.537
185.905
178
168.971
158.971
148.066
136.33
123.843
110.672
96.8837
82.5538
67.7703
52.6473
37.4093
22.4477
8.21193
-4.97628
-16.9874
-27.7736
-37.2931
-45.5452
-52.618
-58.6695
-63.9046
-68.5828
-73.0095
-77.504
-82.3076
-87.2242
139.17
128.399
115.695
101.551
86.8788
70.975
54.374
37.5308
20.4424
3.43399
-13.2727
-29.5486
-45.156
-59.9226
-73.7079
-86.4477
-98.1395
-108.893
-118.98
-128.627
-137.839
-146.438
-154.404
-161.93
-168.995
-175.391
-181.833
-189.073
-195.287
-199.38
-202.41
-204.753
-206.586
-206.897
-206.865
-202.105
-200.708
-171.876
-187.352
148.776
157.561
166.449
174.795
181.722
187.155
190.627
191.862
190.97
188.145
183.655
177.822
170.817
162.763
153.778
143.902
133.175
121.655
109.386
96.4242
82.8414
68.7257
54.1891
39.4471
24.8723
10.8895
-2.18174
-14.1807
-25.03
-34.6736
-43.0954
-50.3618
-56.6103
-62.0292
-66.8581
-71.3806
-75.8796
-80.5569
-85.0442
132.179
122.13
110.281
97.0999
83.4699
68.6992
53.2884
37.6621
21.7872
5.95142
-9.6642
-24.9741
-39.785
-53.9617
-67.3904
-79.9951
-91.7659
-102.729
-113.055
-122.908
-132.309
-141.152
-149.387
-157.125
-164.467
-171.264
-177.662
-184.687
-192.105
-197.685
-201.426
-204.137
-206.224
-206.663
-206.744
-201.986
-200.647
-172.888
-185.728
141.156
149.365
157.698
165.552
172.107
177.295
180.688
182.017
181.388
178.986
175.057
169.9
163.669
156.466
148.39
139.454
129.677
119.089
107.714
95.5904
82.7803
69.3651
55.4504
41.2394
27.0892
13.4051
0.500488
-11.4416
-22.3169
-32.0536
-40.6204
-48.0618
-54.4944
-60.0877
-65.061
-69.6743
-74.1741
-78.7215
-82.8027
125.501
116.095
105.008
92.6848
79.9789
66.2129
51.8601
37.3156
22.5277
7.75238
-6.86296
-21.2665
-35.3017
-48.8659
-61.8671
-74.2269
-85.9334
-96.9653
-107.418
-117.403
-126.938
-135.959
-144.416
-152.351
-159.866
-166.991
-173.664
-180.387
-188.048
-195.137
-200.027
-203.266
-205.68
-206.315
-206.527
-201.788
-200.455
-173.651
-183.839
133.914
141.607
149.44
156.848
163.058
168.01
171.311
172.698
172.275
170.219
166.758
162.173
156.608
150.15
142.881
134.8
125.904
116.202
105.696
94.4073
82.3824
69.6914
56.4271
42.7779
29.0866
15.7436
3.05284
-8.7879
-19.6512
-29.4489
-38.1341
-45.7306
-52.3327
-58.0905
-63.2012
-67.9005
-72.3979
-76.8136
-80.5159
119.127
110.3
99.8963
88.3427
76.4609
63.592
50.1838
36.6066
22.7948
8.97866
-4.72172
-18.2801
-31.569
-44.513
-57.0417
-69.0806
-80.6144
-91.6034
-102.085
-112.128
-121.743
-130.882
-139.5
-147.608
-155.265
-162.583
-169.587
-176.338
-183.653
-191.592
-197.962
-202.045
-204.884
-205.794
-206.174
-201.474
-200.109
-174.126
-181.709
127.034
134.261
141.64
148.64
154.528
159.255
162.454
163.873
163.609
161.836
158.768
154.669
149.676
143.868
137.315
130.004
121.918
113.047
103.376
92.9066
81.6673
69.7123
57.1191
44.0585
30.8592
17.8962
5.46402
-6.23128
-17.0433
-26.868
-35.6431
-43.372
-50.1268
-56.0365
-61.2759
-66.0548
-70.5463
-74.8292
-78.1791
113.049
104.745
94.9581
84.0984
72.9556
60.8921
48.3308
35.6223
22.6897
9.74157
-3.12143
-15.8928
-28.4704
-40.8007
-52.8321
-64.4993
-75.7812
-86.6381
-97.0637
-107.096
-116.735
-125.938
-134.659
-142.894
-150.68
-158.119
-165.345
-172.334
-179.383
-187.305
-194.969
-200.296
-203.753
-205.032
-205.629
-201.003
-199.586
-174.263
-179.396
120.498
127.303
134.268
140.891
146.48
150.989
154.081
155.509
155.367
153.826
151.087
147.402
142.903
137.662
131.741
125.121
117.775
109.678
100.8
91.1229
80.6585
69.4421
57.5325
45.0813
32.4012
19.8537
7.72198
-3.78508
-14.5063
-24.3228
-33.1575
-40.9943
-47.8829
-53.9306
-59.2886
-64.1401
-68.6223
-72.7728
-75.7978
107.256
99.4268
90.2006
79.9679
69.4929
58.1551
46.3579
34.4319
22.2943
10.1352
-1.9603
-14.0025
-25.9071
-37.6402
-49.1647
-60.4262
-71.4005
-82.0546
-92.3545
-102.313
-111.923
-121.138
-129.91
-138.222
-146.107
-153.644
-160.983
-168.193
-175.273
-182.787
-191.009
-197.764
-202.158
-203.945
-204.81
-200.322
-198.845
-173.997
-176.97
114.286
120.707
127.292
133.567
138.876
143.176
146.156
147.575
147.527
146.176
143.714
140.383
136.31
131.564
126.202
120.2
113.525
106.143
98.0085
89.0903
79.3809
68.8967
57.6762
45.849
33.711
21.6101
9.81687
-1.46092
-12.052
-21.8243
-30.687
-38.6051
-45.6067
-51.7763
-57.2412
-62.1572
-66.6262
-70.6461
-73.3738
101.735
94.339
85.6241
75.9636
66.0931
55.4139
44.308
33.0913
21.6745
10.234
-1.15828
-12.5242
-23.7954
-34.9517
-45.97
-56.8064
-67.4352
-77.8332
-87.951
-97.7835
-107.312
-116.49
-125.266
-133.608
-141.548
-149.164
-156.568
-163.89
-171.122
-178.386
-186.404
-194.237
-199.895
-202.422
-203.628
-199.365
-197.801
-173.29
-174.466
108.381
114.45
120.686
126.637
131.682
135.783
138.648
140.046
140.067
138.872
136.644
133.616
129.912
125.598
120.729
115.28
109.212
102.484
95.0437
86.8444
77.8625
68.0953
57.5606
46.3666
34.7896
23.1618
11.7409
0.730752
-9.69165
-19.3838
-28.2414
-36.2128
-43.3044
-49.5784
-55.1371
-60.1085
-64.5604
-68.4523
-70.9104
96.4743
89.4759
81.2294
72.0914
62.7725
52.692
42.2157
31.6431
20.8827
10.0984
-0.64711
-11.3861
-22.0612
-32.6646
-43.185
-53.5879
-63.8479
-73.951
-83.8424
-93.5026
-102.906
-112.002
-120.736
-129.066
-137.016
-144.675
-152.126
-159.48
-166.81
-174.065
-181.636
-189.766
-196.719
-200.305
-201.978
-198.046
-196.347
-172.136
-171.825
102.767
108.512
114.424
120.074
124.87
128.781
131.529
132.896
132.967
131.899
129.87
127.103
123.719
119.785
115.351
110.394
104.872
98.7424
91.9438
84.4196
76.1318
67.0604
57.2026
46.644
35.6398
24.5063
13.4878
2.78055
-7.43623
-17.0119
-25.8312
-33.8263
-40.9836
-47.3422
-52.98
-57.9969
-62.4275
-66.1955
-68.4118
91.4613
84.8292
77.0139
68.3561
59.5416
50.0089
40.1071
30.1228
19.9622
9.77932
-0.371904
-10.5291
-20.6459
-30.7227
-40.7577
-50.726
-60.6045
-70.3845
-80.0144
-89.4647
-98.7033
-107.677
-116.328
-124.605
-132.525
-140.184
-147.658
-155.011
-162.347
-169.648
-176.958
-184.734
-192.491
-197.374
-199.729
-196.264
-194.391
-170.551
-168.919
97.4284
102.874
108.486
113.853
118.415
122.143
124.776
126.103
126.208
125.245
123.384
120.842
117.738
114.136
110.087
105.568
100.538
94.9525
88.7443
81.8496
74.2186
65.8161
56.6201
46.6924
36.2673
25.6446
15.0535
4.68105
-5.29507
-14.7191
-23.4664
-31.4546
-38.6514
-45.0738
-50.7747
-55.8259
-60.2309
-63.8796
-65.8815
86.685
80.3916
72.9742
64.7594
56.4087
47.3786
38.0041
28.5584
18.9486
9.31801
-0.28473
-9.90276
-19.4962
-29.0732
-38.6399
-48.1773
-57.6693
-67.1081
-76.4506
-85.6602
-94.7006
-103.517
-112.046
-120.231
-128.085
-135.703
-143.162
-150.499
-157.783
-165.064
-172.289
-179.587
-187.362
-193.413
-196.715
-193.903
-191.841
-168.504
-165.62
92.3502
97.5175
102.849
107.952
112.293
115.846
118.364
119.645
119.772
118.895
117.178
114.831
111.971
108.662
104.953
100.825
96.238
91.1445
85.4769
79.1659
72.1522
64.3872
55.8314
46.5248
36.6805
26.5799
16.4365
6.42648
-3.27679
-12.5153
-21.157
-29.1074
-36.3164
-42.7799
-48.5265
-53.6003
-57.9749
-61.5099
-63.3245
82.1341
76.1548
69.1066
61.3021
53.3783
44.812
35.9227
26.9729
17.8694
8.74847
-0.347303
-9.46345
-18.5666
-27.6704
-36.7869
-45.9032
-55.0087
-64.0964
-73.1331
-82.0782
-90.8923
-99.519
-107.893
-115.952
-123.704
-131.244
-138.649
-145.943
-153.155
-160.34
-167.492
-174.492
-181.76
-188.371
-192.737
-190.823
-188.61
-165.92
-161.859
87.5182
92.4275
97.497
102.351
106.483
109.869
112.275
113.505
113.643
112.836
111.243
109.065
106.42
103.369
99.9631
96.1834
91.9927
87.3443
82.1701
76.3976
69.9606
62.7989
54.858
46.1581
36.8902
27.3173
17.6374
8.01289
-1.38838
-10.409
-18.9125
-26.7938
-33.9869
-40.4677
-46.2414
-51.3249
-55.6643
-59.0917
-60.7449
77.7985
72.1115
65.4065
57.9832
50.4548
42.3174
33.8766
25.3842
16.7487
8.09828
-0.527429
-9.17647
-17.82
-26.4758
-35.1611
-43.8682
-52.5917
-61.3238
-70.0417
-78.704
-87.2697
-95.6804
-103.87
-111.772
-119.389
-126.817
-134.131
-141.347
-148.469
-155.522
-162.534
-169.352
-176.083
-182.493
-187.657
-186.856
-184.613
-162.734
-157.577
82.9204
87.5884
92.4128
97.0334
100.968
104.193
106.487
107.665
107.807
107.057
105.569
103.54
101.083
98.2614
95.1242
91.656
87.8212
83.575
78.85
73.5721
67.6705
61.0763
53.7222
45.6096
36.9091
27.8645
18.6579
9.43862
0.364918
-8.40866
-16.7422
-24.5231
-31.6722
-38.1456
-43.9263
-49.0062
-53.305
-56.6313
-58.1486
73.6679
68.254
61.8695
54.8011
47.6404
39.901
31.8761
23.8078
15.6055
7.39175
-0.797088
-9.01005
-17.2227
-25.4556
-33.729
-42.0403
-50.3883
-58.7656
-67.1573
-75.5236
-83.8232
-91.9965
-99.9761
-107.692
-115.145
-122.431
-129.62
-136.723
-143.73
-150.634
-157.452
-164.075
-170.43
-176.239
-181.543
-181.843
-179.779
-158.905
-152.723
78.5449
82.9873
87.5812
91.9814
95.7281
98.7991
100.986
102.109
102.248
101.545
100.149
98.2497
95.9601
93.3417
90.4441
87.2541
83.7387
79.8553
75.5381
70.7132
65.3065
59.2427
52.4445
44.8975
36.7508
28.231
19.5033
10.7035
1.97918
-6.51986
-14.6541
-22.3047
-29.3806
-35.8214
-41.5889
-46.6506
-50.9033
-54.1349
-55.5403
69.7334
64.5753
58.4907
51.7539
44.9357
37.5672
29.9293
22.255
14.4557
6.6483
-1.13358
-8.93891
-16.7466
-24.5798
-32.4608
-40.3905
-48.3719
-56.3983
-64.4603
-72.5222
-80.5422
-88.4608
-96.209
-103.715
-110.977
-118.09
-125.125
-132.081
-138.944
-145.681
-152.282
-158.656
-164.705
-169.947
-174.743
-175.725
-174.038
-154.408
-147.269
74.381
78.6115
82.9882
87.1799
90.7487
93.6727
95.7541
96.8216
96.954
96.2894
94.9721
93.188
91.0469
88.6098
85.9264
82.9855
79.757
76.2009
72.2538
67.8426
62.8917
57.3215
51.0469
44.0395
36.4306
28.4276
20.18
11.8093
3.45227
-4.7488
-12.656
-20.1471
-27.1214
-33.504
-39.2373
-44.2662
-48.4668
-51.6102
-52.9263
65.9865
61.0682
55.2653
48.8392
42.3414
35.3193
28.0426
20.736
13.3125
5.88428
-1.51742
-8.94096
-16.3683
-23.8231
-31.3305
-38.8935
-46.5185
-54.1995
-61.932
-69.6846
-77.4153
-85.0648
-92.5642
-99.8395
-106.886
-113.802
-120.655
-127.437
-134.122
-140.673
-147.044
-153.135
-158.858
-163.669
-167.716
-168.684
-167.36
-149.241
-141.221
70.4179
74.4493
78.6214
82.6161
86.0158
88.7995
90.7787
91.7903
91.9119
91.2788
90.0308
88.3486
86.34
84.0653
81.5739
78.8568
75.8867
72.626
69.0139
64.9794
60.4469
55.3343
49.5504
43.0564
35.9651
28.4669
20.6959
12.7603
4.78411
-3.09872
-10.7543
-18.0582
-24.9034
-31.2023
-36.8798
-41.861
-46.0029
-49.0642
-50.3119
62.4186
57.7265
52.1879
46.0542
39.8566
33.1593
26.2211
19.2581
12.1863
5.11292
-1.9325
-8.99799
-16.0665
-23.1638
-30.315
-37.5261
-44.8055
-52.1494
-59.5545
-66.9954
-74.4306
-81.8005
-89.037
-96.0638
-102.876
-109.572
-116.217
-122.798
-129.281
-135.618
-141.746
-147.542
-152.907
-157.33
-160.737
-161.157
-159.84
-143.393
-134.659
66.6464
70.4902
74.4693
78.2774
81.5162
84.1659
86.0462
87.0023
87.1106
86.5033
85.3163
83.7252
81.8357
79.7069
77.3883
74.8725
72.1348
69.1405
65.8319
62.1401
57.9906
53.301
47.9756
41.9661
35.3703
28.3619
21.0607
13.5614
5.97563
-1.57231
-8.95375
-16.0458
-22.7356
-28.9254
-34.526
-39.4438
-43.5205
-46.5057
-47.704
59.0223
54.5432
49.2541
43.3959
37.4808
31.0884
24.4682
17.8279
11.0859
4.34545
-2.3651
-9.09343
-15.8239
-22.5817
-29.3942
-36.268
-43.2134
-50.2287
-57.3111
-64.4399
-71.5752
-78.6587
-85.6212
-92.3866
-98.948
-105.403
-111.818
-118.176
-124.432
-130.532
-136.401
-141.896
-146.891
-150.914
-153.808
-153.593
-151.783
-136.864
-127.706
63.0579
66.7244
70.5208
74.1519
77.2379
79.7596
81.5447
82.4459
82.539
81.9532
80.8203
79.311
77.5288
75.532
73.3689
71.0348
68.507
65.7534
62.7196
59.3394
55.5405
51.24
46.3406
40.7869
34.6627
28.1266
21.2851
14.2199
7.0302
-0.169994
-7.25905
-14.1157
-20.6256
-26.6823
-32.1848
-37.024
-41.0285
-43.9422
-45.1079
55.7903
51.5125
46.4592
40.8612
35.2122
29.1076
22.7869
16.4502
10.0188
3.592
-2.80348
-9.21374
-15.6243
-22.0608
-28.5502
-35.1009
-41.7241
-48.4198
-55.1855
-62.0045
-68.8388
-75.6304
-82.3112
-88.8038
-95.1006
-101.3
-107.466
-113.579
-119.589
-125.431
-131.023
-136.211
-140.84
-144.454
-146.877
-146.186
-143.645
-129.765
-120.458
59.644
63.1426
66.7661
70.2294
73.1698
75.5692
77.2629
78.1103
78.1872
77.6193
76.5348
75.0996
73.4145
71.5374
69.5154
67.3456
65.0076
62.4716
59.6865
56.5895
53.1104
49.1677
44.6632
39.5364
33.859
27.7757
21.3809
14.7437
7.95186
1.10859
-5.6723
-12.2741
-18.5813
-24.4824
-29.8663
-34.6116
-38.5368
-41.3829
-42.5309
52.7156
48.6286
43.7984
38.4469
33.0495
27.2166
21.1787
15.1287
8.9904
2.85931
-3.23829
-9.34789
-15.4555
-21.5865
-27.768
-34.0089
-40.3217
-46.7075
-53.1631
-59.6756
-66.2093
-72.7066
-79.0998
-85.312
-91.334
-97.2631
-103.165
-109.016
-114.761
-120.33
-125.63
-130.503
-134.772
-137.989
-139.953
-138.905
-135.767
-122.369
-112.928
56.3969
59.7366
63.1959
66.4998
69.3017
71.5843
73.1901
73.9858
74.0458
73.4931
72.4521
71.0842
69.4879
67.7196
65.8259
63.8052
61.6392
59.3002
56.7408
53.9012
50.7137
47.0991
42.9595
38.2309
32.9751
27.3238
21.3599
15.1422
8.74665
2.26573
-4.19543
-10.5251
-16.6093
-22.3336
-27.5796
-32.2161
-36.0545
-38.8361
-39.9787
49.7919
45.8857
41.2673
36.1496
30.9904
25.415
19.6448
13.8659
8.00486
2.15381
-3.6621
-9.48651
-15.3065
-21.1466
-27.0343
-32.9785
-38.992
-45.0772
-51.2303
-57.4412
-63.6761
-69.8786
-75.981
-81.907
-87.6468
-93.2966
-98.9217
-104.496
-109.962
-115.244
-120.241
-124.791
-128.707
-131.548
-133.079
-131.722
-128.196
-115.063
-105.14
53.3095
56.4985
59.8018
62.9539
65.624
67.7951
69.3169
70.0625
70.1054
69.5659
68.5647
67.2589
65.7439
64.0749
62.2983
60.4134
58.4034
56.2435
53.8888
51.2827
48.3612
45.0471
41.2444
36.8865
32.0266
26.7851
21.2351
15.4253
9.42105
3.30434
-2.82827
-8.87206
-14.7159
-20.2443
-25.3343
-29.848
-33.5923
-36.3113
-37.4585
47.0128
43.2784
38.8614
33.9659
29.0329
23.7019
18.1859
12.6644
7.06631
1.48092
-4.06771
-9.62145
-15.1679
-20.7312
-26.3378
-31.9974
-37.7224
-43.5164
-49.3751
-55.29
-61.2295
-67.1382
-72.9488
-78.5858
-84.0384
-89.4018
-94.7406
-100.028
-105.203
-110.188
-114.874
-119.098
-122.667
-125.153
-126.292
-124.658
-120.844
-108.158
-97.2908
50.3748
53.4207
56.5755
59.5831
62.1276
64.1926
65.6341
66.3315
66.3578
65.8301
64.8655
63.6167
62.1766
60.5994
58.9298
57.1689
55.3011
53.3036
51.1349
48.7415
46.0623
43.0233
39.5306
35.5169
31.0278
26.1735
21.0188
15.6033
9.98283
4.22933
-1.56999
-7.31738
-12.9061
-18.2218
-23.1394
-27.517
-31.1594
-33.8168
-34.976
44.3723
40.8015
36.5763
31.8925
27.1746
22.0761
16.802
11.5249
6.17728
0.844471
-4.44985
-9.74586
-15.0316
-20.3308
-25.6687
-31.055
-36.5025
-42.0149
-47.5871
-53.2125
-58.8606
-64.4777
-69.9972
-75.3439
-80.5071
-85.5802
-90.6264
-95.6185
-100.495
-105.175
-109.547
-113.445
-116.673
-118.826
-119.616
-117.757
-113.678
-101.702
-89.7599
47.5863
50.496
53.5095
56.3797
58.8045
60.7684
62.1332
62.7846
62.7949
62.2777
61.3473
60.1516
58.781
57.2882
55.7174
54.0699
52.3319
50.4827
48.4831
46.2831
43.8248
41.0374
37.8297
34.1346
29.9919
25.5026
20.7235
15.6872
10.4404
5.04576
-0.418569
-5.86224
-11.1844
-16.2732
-21.0039
-25.2329
-28.7666
-31.362
-32.5385
41.865
38.45
34.4078
29.9258
25.4131
20.5361
15.4925
10.4487
5.3393
0.247261
-4.80464
-9.85486
-14.8919
-19.9383
-25.0188
-30.1429
-35.3226
-40.5625
-45.8569
-51.1993
-56.5616
-61.8905
-67.121
-72.1786
-77.052
-81.833
-86.5836
-91.2764
-95.8491
-100.219
-104.276
-107.853
-110.752
-112.593
-113.074
-111.052
-106.741
-95.6138
-82.982
44.9377
47.7178
50.5967
53.3358
55.6466
57.5142
58.8061
59.414
59.4088
58.9016
58.0034
56.8573
55.5516
54.1374
52.6577
51.1143
49.4952
47.7813
45.9358
43.9119
41.6551
39.0977
36.152
32.7516
28.9315
24.7847
20.3614
15.6877
10.8025
5.75983
0.629459
-4.50663
-9.55363
-14.4041
-18.9353
-23.005
-26.4228
-28.9551
-30.1514
39.4853
36.2192
32.3516
28.0625
23.7455
19.0803
14.257
9.43567
4.55382
-0.308305
-5.12858
-9.94404
-14.7433
-19.5479
-24.3815
-29.2533
-34.1753
-39.1514
-44.1763
-49.2432
-54.3253
-59.3709
-64.3158
-69.0867
-73.6723
-78.162
-82.6166
-87.0085
-91.2756
-95.336
-99.0788
-102.341
-104.925
-106.476
-106.686
-104.56
-100.095
-89.8351
-77.1365
42.4233
45.0797
47.8302
50.4444
52.6466
54.4225
55.645
56.2116
56.1922
55.6948
54.8272
53.7281
52.483
51.142
49.7465
48.2995
46.7895
45.1993
43.4944
41.6313
39.5582
37.2112
34.5062
31.3781
27.8578
24.0315
19.9439
15.6153
11.0781
6.37839
1.57768
-3.24982
-8.01617
-12.6195
-16.9413
-20.8421
-24.1375
-26.6047
-27.8218
37.2281
34.1042
30.4037
26.2991
22.1694
17.7066
13.0939
8.48555
3.82143
-0.820769
-5.41937
-10.01
-14.5814
-19.1541
-23.7508
-28.3803
-33.0537
-37.7749
-42.5387
-47.3376
-52.146
-56.9134
-61.5774
-66.0659
-70.3673
-74.5687
-78.7292
-82.8216
-86.7848
-90.5381
-93.9718
-96.9288
-99.2145
-100.5
-100.477
-98.2965
-93.7772
-84.346
-72.0694
40.0376
42.5759
45.2037
47.6988
49.7976
51.4861
52.6428
53.1705
53.1379
52.6503
51.8121
50.7576
49.57
48.2973
46.9804
45.6222
44.2128
42.736
41.16
39.4436
37.5384
35.3838
32.8995
30.0228
26.7808
23.2538
19.4817
15.4804
11.2761
6.90841
2.43084
-2.08978
-6.57305
-10.9235
-15.0278
-18.7521
-21.9191
-24.3184
-25.5546
35.0884
32.1007
28.5599
24.6322
20.6817
16.413
12.0021
7.59762
3.14242
-1.28895
-5.67534
-10.0506
-14.4034
-18.7534
-23.1226
-27.5186
-31.9525
-36.4274
-40.9384
-45.4767
-50.0184
-54.5142
-58.903
-63.1146
-67.1368
-71.055
-74.9258
-78.7229
-82.3863
-85.8378
-88.9702
-91.6336
-93.6392
-94.6852
-94.4656
-92.2693
-87.796
-79.1366
-67.5402
37.7748
40.2005
42.7111
45.0926
47.0928
48.6982
49.7926
50.2838
50.2394
49.7616
48.9518
47.9401
46.8068
45.5986
44.355
43.0795
41.7628
40.3903
38.9323
37.3501
35.5985
33.6199
31.3384
28.6933
25.7093
22.4613
18.985
15.2926
11.4056
7.35722
3.19419
-1.02419
-5.22475
-9.31911
-13.2006
-16.7423
-19.7756
-22.1036
-23.3563
33.0614
30.204
26.8165
23.0584
19.2798
15.1971
10.9798
6.77131
2.51631
-1.7128
-5.89548
-10.0638
-14.2067
-18.3431
-22.4933
-26.6647
-30.8674
-35.1046
-39.3709
-43.6566
-47.939
-52.17
-56.2903
-60.2313
-63.9815
-67.6229
-71.2105
-74.7187
-78.0892
-81.2471
-84.0887
-86.4723
-88.2176
-89.0501
-88.6718
-86.4889
-82.1409
-74.2011
-63.395
35.6301
37.948
40.3466
42.6195
44.5259
46.0525
47.0878
47.5448
47.4901
47.0225
46.2404
45.2698
44.1881
43.0408
41.8661
40.6675
39.4368
38.1604
36.8107
35.3515
33.7403
31.9232
29.8278
27.3962
24.6511
21.6624
18.4627
15.0612
11.475
7.73216
3.87314
-0.0497385
-3.97052
-7.80831
-11.4641
-14.8185
-17.7138
-19.9669
-21.2314
31.1425
28.41
25.1694
21.5742
17.9606
14.0567
10.0255
6.005
1.94255
-2.09221
-6.07897
-10.0485
-13.9899
-17.9206
-21.8603
-25.8154
-29.7955
-33.803
-37.8326
-41.8739
-45.9045
-49.8783
-53.7375
-57.4158
-60.9019
-64.2747
-67.5874
-70.8152
-73.9023
-76.7768
-79.3404
-81.46
-82.9655
-83.6095
-83.108
-80.9634
-76.7966
-69.5335
-59.5605
33.5983
35.8133
38.1047
40.2741
42.0909
43.5426
44.5222
44.9475
44.8837
44.4267
43.6718
42.741
41.7088
40.6193
39.5093
38.3826
37.2316
36.0441
34.794
33.4477
31.9653
30.2961
28.3718
26.1369
23.6127
20.865
17.9233
14.7946
11.4924
8.04044
4.47341
0.837362
-2.80906
-6.39235
-9.82152
-12.9864
-15.7403
-17.9145
-19.1856
29.3272
26.7144
23.615
20.1763
16.7211
12.9891
9.13697
5.29732
1.42001
-2.42771
-6.22619
-10.0046
-13.7519
-17.4849
-21.2217
-24.9686
-28.7341
-32.52
-36.321
-40.1259
-43.9131
-47.6378
-51.2441
-54.6681
-57.899
-61.0129
-64.0606
-67.0182
-69.833
-72.4367
-74.7368
-76.6096
-77.8967
-78.376
-77.7836
-75.6997
-71.7518
-65.1273
-55.998
31.6749
33.7912
35.9803
38.0506
39.7822
41.1627
42.0897
42.4856
42.4142
41.9684
41.2405
40.3482
39.3635
38.3289
37.2801
36.2207
35.144
34.0388
32.8806
31.638
30.2738
28.7403
26.9729
24.9195
22.5996
20.0754
17.3739
14.5003
11.4654
8.28899
5.00091
1.64114
-1.73818
-5.07116
-8.27524
-11.2496
-13.8596
-15.9513
-17.2222
27.6111
25.1133
22.1494
18.8612
15.5585
11.9918
8.31205
4.6464
0.947341
-2.72034
-6.33756
-9.93187
-13.4925
-17.035
-20.5767
-24.1229
-27.6816
-31.254
-34.8345
-38.4112
-41.9634
-45.4474
-48.8097
-51.9888
-54.9746
-57.84
-60.6339
-63.3332
-65.8884
-68.2355
-70.288
-71.9322
-73.0223
-73.3599
-72.7043
-70.7001
-66.9956
-60.9725
-52.6771
29.8551
31.877
33.9679
35.9439
37.5941
38.907
39.7846
40.1534
40.0758
39.6417
38.9405
38.0858
37.1469
36.1648
35.1738
34.1777
33.1705
32.1416
31.0683
29.9212
28.6654
27.2565
25.6336
23.7473
21.6164
19.2991
16.8208
14.1852
11.401
8.4845
5.46131
2.36617
-0.755196
-3.84414
-6.82657
-9.61143
-12.0763
-14.0817
-15.3461
25.99
23.6026
20.7691
17.6257
14.4697
11.0621
7.54832
4.05042
0.523116
-2.97113
-6.41366
-9.83076
-13.2116
-16.5708
-19.9246
-23.2777
-26.6373
-30.004
-33.372
-36.729
-40.0546
-43.307
-46.4347
-49.3789
-52.1302
-54.7587
-57.3109
-59.7651
-62.0747
-64.1805
-66.0025
-67.437
-68.3511
-68.5689
-67.8735
-65.9644
-62.5183
-57.0593
-49.5701
28.1346
30.0659
32.0629
33.9486
35.5213
36.7702
37.6013
37.9451
37.8627
37.441
36.7665
35.9484
35.0538
34.1219
33.1858
32.2495
31.3072
30.3493
29.3546
28.2955
27.1396
25.8452
24.3551
22.6229
20.6664
18.5408
16.2696
13.8555
11.3055
8.63313
5.86033
3.01701
0.143069
-2.70976
-5.47576
-8.0735
-10.3929
-12.309
-13.5595
24.4598
22.1786
19.4704
16.4664
13.4516
10.1975
6.84361
3.50731
0.145552
-3.18155
-6.45588
-9.70215
-12.9099
-16.0927
-19.2656
-22.4328
-25.6008
-28.7696
-31.9332
-35.0789
-38.187
-41.217
-44.1199
-46.8396
-49.3678
-51.7715
-54.095
-56.3182
-58.3973
-60.278
-61.8872
-63.1308
-63.8892
-64.0072
-63.2921
-61.4891
-58.3081
-53.376
-46.6514
26.5089
28.3535
30.2606
32.0599
33.5588
34.7469
35.5343
35.8554
35.7695
35.3608
34.7129
33.9308
33.079
32.1954
31.3116
30.4316
29.5502
28.6584
27.7366
26.7588
25.6949
24.5058
23.138
21.5478
19.7523
17.8039
15.7246
13.5163
11.1845
8.74063
6.20335
3.59834
0.960225
-1.66587
-4.22218
-6.63678
-8.81158
-10.6357
-11.8657
23.0166
20.8373
18.2498
15.3801
12.5013
9.39498
6.19532
3.01494
-0.18729
-3.35328
-6.46543
-9.54717
-12.5882
-15.6012
-18.6002
-21.5886
-24.5724
-27.5511
-30.5184
-33.4613
-36.3609
-39.1781
-41.8662
-44.3724
-46.6894
-48.881
-50.9896
-52.9962
-54.8605
-56.5327
-57.9469
-59.0184
-59.6405
-59.6772
-58.9588
-57.2695
-54.3531
-49.9114
-43.8996
24.974
26.7354
28.5563
30.2731
31.7017
32.8322
33.5786
33.8789
33.7909
33.396
32.7745
32.0277
31.2176
30.3802
29.5463
28.7197
27.8955
27.0655
26.2112
25.3087
24.3296
23.2374
21.9822
20.523
18.8763
17.0916
15.1897
13.1721
11.0431
8.81224
6.49551
4.11488
1.70007
-0.709778
-3.06434
-5.301
-7.33311
-9.06333
-10.2658
21.6565
19.5753
17.1039
14.3635
11.6157
8.65203
5.60107
2.57087
-0.477422
-3.48803
-6.44395
-9.36726
-12.2478
-15.0974
-17.9291
-20.7459
-23.5529
-26.3491
-29.1282
-31.877
-34.5772
-37.1915
-39.6753
-41.9792
-44.0969
-46.0896
-47.9971
-49.802
-51.4674
-52.9481
-54.185
-55.1026
-55.6065
-55.5783
-54.8701
-53.2987
-50.6407
-46.6537
-41.2985
23.5258
25.2073
26.9458
28.5837
29.9453
31.0211
31.7292
32.0107
31.9219
31.5412
30.9461
30.2341
29.4643
28.6717
27.8853
27.1093
26.3389
25.5666
24.7752
23.9423
23.0414
22.0387
20.8871
19.5487
18.0393
16.4058
14.6679
12.8266
10.8856
8.85269
6.74167
4.57119
2.36673
0.161827
-2.00009
-4.06503
-5.95742
-7.59254
-8.76169
20.3758
18.3888
16.0292
13.4134
10.7921
7.96562
5.05815
2.17291
-0.727
-3.58788
-6.39328
-9.164
-11.8902
-14.5827
-17.2536
-19.9056
-22.543
-25.1644
-27.7634
-30.3271
-32.8372
-35.2583
-37.5484
-39.6614
-41.5923
-43.3991
-45.1196
-46.7379
-48.2203
-49.5264
-50.6033
-51.3844
-51.7868
-51.7082
-51.0205
-49.5684
-47.1589
-43.5912
-38.8353
22.1605
23.7654
25.4247
26.9873
28.2849
29.3091
29.9812
30.2457
30.1573
29.7914
29.2227
28.5448
27.8143
27.0647
26.3239
25.5959
24.8762
24.158
23.4252
22.6567
21.8281
20.9077
19.8517
18.6247
17.2419
15.748
14.1614
12.483
10.7156
8.86622
6.94628
4.9718
2.96433
0.952545
-1.02661
-2.92703
-4.68345
-6.22307
-7.35304
19.1707
17.2745
15.0224
12.5268
10.0271
7.33323
4.56399
1.81839
-0.938361
-3.65485
-6.31532
-8.93921
-11.5169
-14.0585
-16.5752
-19.0692
-21.5442
-23.9985
-26.4255
-28.8126
-31.142
-33.3801
-35.4873
-37.4209
-39.1772
-40.8112
-42.3587
-43.8052
-45.1205
-46.2683
-47.2019
-47.8629
-48.1792
-48.0626
-47.4033
-46.0696
-43.8955
-40.7127
-36.5003
20.8742
22.4056
23.9891
25.4797
26.7164
27.6915
28.3299
28.5792
28.4922
28.1417
27.5994
26.9549
26.2627
25.5547
24.8575
24.175
23.5032
22.8356
22.1573
21.4486
20.6868
19.8424
18.8745
17.7502
16.4843
15.119
13.6719
12.1435
10.5365
8.85653
7.11351
5.32095
3.49716
1.66627
-0.140484
-1.88428
-3.50934
-4.9538
-6.04023
18.0379
16.2289
14.0804
11.7005
9.3182
6.75192
4.11602
1.50518
-1.11371
-3.69118
-6.21208
-8.69479
-11.1298
-13.5266
-15.8955
-18.2381
-20.5579
-22.8526
-25.1158
-27.335
-29.493
-31.5581
-33.4931
-35.2588
-36.8527
-38.327
-39.7152
-41.0046
-42.168
-43.1733
-43.9794
-44.5355
-44.7796
-44.6358
-44.0106
-42.7924
-40.8388
-38.0074
-34.2851
19.6632
21.1241
22.635
24.0567
25.2353
26.1641
26.7709
27.0066
26.922
26.5872
26.0712
25.4596
24.8046
24.1367
23.4814
22.8421
22.2155
21.5955
20.968
20.3148
19.6147
18.8404
17.9537
16.9241
15.7659
14.5192
13.2004
11.8102
10.3508
8.8269
7.24708
5.62278
3.96939
2.30709
0.662003
-0.933586
-2.4325
-3.78293
-4.82161
16.9738
15.2487
13.2
10.9316
8.66219
6.21908
3.71173
1.23062
-1.25539
-3.69908
-6.08572
-8.43266
-10.7307
-12.9886
-15.216
-17.414
-19.5855
-21.7283
-23.8356
-25.8956
-27.8916
-29.7937
-31.5674
-33.1765
-34.62
-35.9469
-37.1894
-38.3358
-39.362
-40.2398
-40.9332
-41.3986
-41.5825
-41.4207
-40.8333
-39.7262
-37.9773
-35.4652
-32.1829
18.5241
19.9173
21.3586
22.7144
23.8376
24.7225
25.2999
25.5234
25.4421
25.1234
24.6335
24.0542
23.4354
22.8062
22.1909
21.5929
21.0089
20.4335
19.8534
19.2517
18.6088
17.899
17.0872
16.145
15.0861
13.9485
12.7477
11.4845
10.1606
8.78012
7.35043
5.88117
4.3852
2.87928
1.38498
-0.0711537
-1.44975
-2.70793
-3.69622
15.9752
14.3307
12.3781
10.217
8.0565
5.73191
3.34844
0.992386
-1.36581
-3.68073
-5.93834
-8.15493
-10.3216
-12.4465
-14.5385
-16.5984
-18.6287
-20.627
-22.5865
-24.496
-26.3392
-28.0883
-29.711
-31.1747
-32.4793
-33.6714
-34.7809
-35.7979
-36.7007
-37.465
-38.0596
-38.4469
-38.5816
-38.4089
-37.8617
-36.8602
-35.2999
-33.0764
-30.1878
17.4534
18.7817
20.1561
21.4489
22.5195
23.3627
23.9125
24.1253
24.0481
23.7458
23.2817
22.7341
22.1504
21.5586
20.9816
20.4228
19.8791
19.3455
18.8097
18.2559
17.6657
17.0157
16.2728
15.4111
14.4437
13.4064
12.3141
11.1673
9.96762
8.71869
7.42667
6.09979
4.74864
3.38712
2.0328
0.707136
-0.557336
-1.72582
-2.66121
15.0389
13.4719
11.6116
9.55395
7.49818
5.28789
3.02367
0.787874
-1.4472
-3.63831
-5.77199
-7.86355
-9.9044
-11.9021
-13.8648
-15.7931
-17.6891
-19.5502
-21.3699
-23.1372
-24.8368
-26.4425
-27.9248
-29.254
-30.431
-31.4999
-32.4888
-33.389
-34.1816
-34.8455
-35.3538
-35.6746
-35.7693
-35.592
-35.0858
-34.1836
-32.7957
-30.8321
-28.2941
16.4478
17.7137
19.0242
20.2568
21.2769
22.0807
22.6047
22.808
22.7357
22.4498
22.0113
21.4947
20.9452
20.3894
19.8491
19.3275
18.822
18.3276
17.8331
17.3237
16.7824
16.1874
15.5081
14.7205
13.8374
12.8923
11.8994
10.8593
9.77332
8.64462
7.47858
6.28197
5.06367
3.83489
2.60991
1.40572
0.248919
-0.832881
-1.71447
14.1616
12.6692
10.8978
8.93958
6.98471
4.88426
2.73483
0.614888
-1.50193
-3.57411
-5.58887
-7.56058
-9.48103
-11.3572
-13.1966
-14.9998
-16.7682
-18.4994
-20.187
-21.8205
-23.3853
-24.8574
-26.2093
-27.4143
-28.4745
-29.4314
-30.3113
-31.1067
-31.8013
-32.3767
-32.8102
-33.0746
-33.1374
-32.9601
-32.4949
-31.6853
-30.4543
-28.7236
-26.4971
15.504
16.7101
17.9593
19.1342
20.1063
20.8727
21.3726
21.5675
21.5005
21.2313
20.818
20.3316
19.8153
19.2942
18.789
18.3029
17.8333
17.3758
16.9197
16.4516
15.9555
15.4112
14.7905
14.0713
13.2656
12.4052
11.5034
10.5609
9.57871
8.55977
7.50861
6.43097
5.33399
4.22688
3.12085
2.02926
0.973417
-0.0253116
-0.8523
13.3405
11.9197
10.2337
8.37118
6.51327
4.51869
2.4796
0.470884
-1.53223
-3.49024
-5.391
-7.24798
-9.05335
-10.8136
-12.5357
-14.2198
-15.8674
-17.4758
-19.039
-20.5468
-21.9856
-23.3332
-24.5644
-25.6554
-26.609
-27.4644
-28.2461
-28.948
-29.5557
-30.0537
-30.4226
-30.6394
-30.6772
-30.5036
-30.0787
-29.3548
-28.2656
-26.7429
-24.7925
14.619
15.7676
16.9581
18.0779
19.0041
19.7351
20.2123
20.3998
20.3387
20.0861
19.6976
19.2408
18.7566
18.2688
17.7972
17.3447
16.909
16.4861
16.066
15.6361
15.1818
14.6843
14.1176
13.4611
12.7267
11.944
11.1256
10.2721
9.38464
8.46564
7.51906
6.54963
5.56325
4.56712
3.57017
2.58244
1.62085
0.701345
-0.0715536
12.5725
11.2205
9.61661
7.8461
6.0815
4.18853
2.25557
0.353797
-1.54026
-3.38882
-5.1804
-6.9277
-8.62318
-10.2729
-11.8834
-13.4548
-14.988
-16.4806
-17.9267
-19.3168
-20.6381
-21.8701
-22.99
-23.9765
-24.8332
-25.5969
-26.2907
-26.9092
-27.4403
-27.8707
-28.184
-28.3613
-28.3797
-28.2127
-27.8267
-27.1815
-26.2199
-24.8824
-23.1759
13.7897
14.8831
16.0175
17.0844
17.9668
18.6642
19.1202
19.3012
19.2462
19.0101
18.6461
18.218
17.7648
17.3091
16.8695
16.449
16.0452
15.6547
15.2681
14.8737
14.458
14.0037
13.4866
12.888
12.2189
11.5074
10.7653
9.99304
9.19175
8.36357
7.51192
6.64075
5.75476
4.85971
3.9623
3.07008
2.19601
1.35147
0.631893
11.8548
10.5689
9.04391
7.36182
5.68678
3.89153
2.06044
0.261213
-1.52816
-3.27187
-4.95901
-6.60154
-8.19225
-9.73691
-11.2415
-12.7059
-14.1312
-15.5148
-16.851
-18.1311
-19.3429
-20.4679
-21.4854
-22.3764
-23.1453
-23.8265
-24.4417
-24.9863
-25.45
-25.8217
-26.0876
-26.2319
-26.2359
-26.0774
-25.7285
-25.1551
-24.308
-23.1348
-21.6436
13.0133
14.0537
15.1342
16.1506
16.9911
17.6566
18.0926
18.2679
18.2193
17.9996
17.6595
17.2593
16.836
16.4111
16.0021
15.6118
15.2382
14.878
14.5226
14.1611
13.7811
13.3665
12.8951
12.3496
11.7406
11.0943
10.4217
9.72348
9.00051
8.25473
7.48909
6.70687
5.91186
5.10844
4.30174
3.49693
2.70381
1.92982
1.26198
11.1849
9.96233
8.51304
6.91582
5.32683
3.62525
1.89194
0.191127
-1.49805
-3.1414
-4.72869
-6.27121
-7.76217
-9.20694
-10.6111
-11.9745
-13.2979
-14.579
-15.8123
-16.9897
-18.0999
-19.1262
-20.0496
-20.8536
-21.5431
-22.1503
-22.6954
-23.1747
-23.5795
-23.9004
-24.1259
-24.2432
-24.2366
-24.088
-23.774
-23.2658
-22.5209
-21.4933
-20.1917
12.2869
13.2766
14.3055
15.2734
16.0738
16.709
17.1261
17.2963
17.2542
17.0508
16.734
16.361
15.9665
15.571
15.1911
14.8294
14.4842
14.1523
13.826
13.495
13.148
12.77
12.3406
11.8439
11.29
10.7033
10.0942
9.46321
8.8113
8.14014
7.45228
6.75044
6.0376
5.31716
4.59272
3.86769
3.14902
2.44104
1.82314
10.5599
9.3982
8.02152
6.50572
4.99916
3.38756
1.74796
0.141338
-1.45182
-2.9992
-4.49118
-5.93839
-7.33445
-8.6844
-9.99343
-11.2614
-12.489
-13.6739
-14.811
-15.8929
-16.9089
-17.8441
-18.6814
-19.4063
-20.0242
-20.5651
-21.048
-21.4698
-21.823
-22.1001
-22.2916
-22.3867
-22.3728
-22.2349
-21.9535
-21.5042
-20.8505
-19.9516
-18.8166
11.6079
12.5488
13.5284
14.4498
15.212
15.8183
16.2174
16.3831
16.3475
16.1601
15.8662
15.5194
15.1525
14.7851
14.4328
14.0982
13.7797
13.4744
13.1751
12.8724
12.5557
12.2115
11.8207
11.3688
10.8653
10.333
9.78173
9.21191
8.6244
8.02071
7.40306
6.77368
6.13495
5.48934
4.83936
4.18678
3.53646
2.88997
2.31973
9.97754
8.87401
7.56699
6.12918
4.70172
3.17618
1.62637
0.110009
-1.39138
-2.8471
-4.24816
-5.60462
-6.91047
-8.17056
-9.38963
-10.5676
-11.7051
-12.7998
-13.8471
-14.8401
-15.7691
-16.6206
-17.3792
-18.0322
-18.5857
-19.0676
-19.4952
-19.8663
-20.1748
-20.4143
-20.577
-20.6542
-20.6355
-20.5088
-20.2576
-19.8616
-19.2887
-18.5033
-17.5146
10.9737
11.8679
12.8003
13.6772
14.4027
14.9815
15.3634
15.525
15.4957
15.3241
15.0525
14.7309
14.3906
14.05
13.724
13.4149
13.1215
12.841
12.5668
12.2903
12.0016
11.6883
11.3329
10.9221
10.4648
9.98229
9.4836
8.96926
8.44002
7.89725
7.34286
6.77871
6.20662
5.62839
5.04554
4.45871
3.87081
3.28131
2.75638
9.43532
8.38753
7.14714
5.78402
4.43217
2.98913
1.5252
0.0950567
-1.31857
-2.68679
-4.00119
-5.27129
-6.49152
-7.66647
-8.80056
-9.89373
-10.9465
-11.9569
-12.9206
-13.831
-14.6796
-15.4541
-16.141
-16.729
-17.2247
-17.6538
-18.0326
-18.3593
-18.6289
-18.8361
-18.9747
-19.0375
-19.0161
-18.9006
-18.6774
-18.3291
-17.828
-17.1426
-16.2822
10.3818
11.2314
12.1187
12.9527
13.6432
14.1956
14.561
14.7188
14.6956
14.5395
14.2897
13.9924
13.6773
13.3623
13.0611
12.7762
12.5063
12.249
11.9981
11.7458
11.4829
11.1981
10.8752
10.502
10.087
9.6498
9.19894
8.73489
8.25833
7.77049
7.27303
6.76748
6.25524
5.73751
5.21511
4.68765
4.15669
3.61983
3.13749
8.93108
7.93654
6.7599
5.46816
4.18867
2.82431
1.44252
0.0947849
-1.23513
-2.51987
-3.75171
-4.93966
-6.07865
-7.17305
-8.22697
-9.2403
-10.2137
-11.1452
-12.0309
-12.8649
-13.6393
-14.3433
-14.9647
-15.4941
-15.9378
-16.3201
-16.6557
-16.9435
-17.1793
-17.359
-17.4774
-17.5287
-17.5063
-17.4019
-17.2044
-16.8989
-16.4614
-15.8639
-15.1159
9.83012
10.6369
11.481
12.2738
12.9307
13.4578
13.8072
13.9616
13.9441
13.8033
13.5746
13.3004
13.0095
12.7187
12.4411
12.179
11.9311
11.6954
11.4662
11.2362
10.9972
10.7384
10.4453
10.1066
9.73018
9.33438
8.92698
8.50847
8.07949
7.64113
7.19484
6.74187
6.28326
5.81979
5.35165
4.87777
4.39845
3.90994
3.46752
8.46277
7.51916
6.40333
5.17979
3.96929
2.68015
1.37671
0.107436
-1.14257
-2.34783
-3.50111
-4.61096
-5.67294
-6.69119
-7.66946
-8.60767
-9.50652
-10.3644
-11.1776
-11.9408
-12.6468
-13.2862
-13.8481
-14.3245
-14.7217
-15.0623
-15.3599
-15.6136
-15.8202
-15.9764
-16.0779
-16.1202
-16.098
-16.0044
-15.8304
-15.5632
-15.1819
-14.6619
-14.0124
9.31641
10.0821
10.885
11.638
12.2627
12.7653
13.099
13.2503
13.2378
13.1124
12.9042
12.652
12.3839
12.1163
11.861
11.6203
11.3931
11.1776
10.9685
10.7592
10.5419
10.3072
10.0413
9.7342
9.39304
9.03489
8.66695
8.28968
7.90365
7.50983
7.10948
6.70364
6.29305
5.87812
5.45862
5.03287
4.60036
4.15595
3.7507
8.02808
7.13307
6.0753
4.91681
3.77213
2.55466
1.326
0.131545
-1.04228
-2.17191
-3.2505
-4.28626
-5.27545
-6.22183
-7.1287
-7.99618
-8.82515
-9.61415
-10.3599
-11.0575
-11.7006
-12.2809
-12.7887
-13.2172
-13.5729
-13.8765
-14.1405
-14.3646
-14.5459
-14.682
-14.7695
-14.8048
-14.7836
-14.7006
-14.5479
-14.3149
-13.9834
-13.5316
-12.9682
8.83834
9.56487
10.3284
11.0428
11.6368
12.1155
12.4336
12.5819
12.5737
12.464
12.2758
12.0444
11.7979
11.5522
11.3181
11.0976
10.8897
10.693
10.5025
10.3122
10.1151
9.90236
9.6615
9.3832
9.07425
8.75036
8.41822
8.07825
7.73094
7.37718
7.01806
6.65441
6.28676
5.91522
5.53921
5.15668
4.7663
4.36214
3.99115
7.62449
6.77565
5.77304
4.67643
3.59448
2.44529
1.28802
0.164924
-0.935911
-1.9937
-3.00077
-3.96587
-4.88647
-5.7653
-6.60491
-7.40586
-8.16935
-8.8941
-9.57708
-10.2139
-10.799
-11.3251
-11.7837
-12.169
-12.4875
-12.7583
-12.9927
-13.1908
-13.3504
-13.4694
-13.5454
-13.5754
-13.556
-13.4829
-13.3497
-13.1473
-12.8597
-12.4678
-11.98
8.39335
9.08259
9.80854
10.4859
11.0508
11.5061
11.8092
11.9544
11.9482
11.8547
11.6864
11.4745
11.2485
11.0238
10.8098
10.6082
10.4185
10.2393
10.0662
9.89348
9.71489
9.52229
9.30432
9.05242
8.77285
8.48014
8.18045
7.87416
7.56174
7.24396
6.92178
6.59585
6.26652
5.93369
5.5965
5.25261
4.90014
4.53249
4.193
7.25051
6.44542
5.49511
4.45703
3.4346
2.34992
1.26064
0.205433
-0.825701
-1.81543
-2.75316
-3.64992
-4.50569
-5.32113
-6.0974
-6.83578
-7.53806
-8.20303
-8.82778
-9.40858
-9.94035
-10.4169
-10.8308
-11.1771
-11.4623
-11.7038
-11.9122
-12.0876
-12.2282
-12.3328
-12.3992
-12.4252
-12.4081
-12.3445
-12.2291
-12.054
-11.8054
-11.4663
-11.0448
7.97994
8.6337
9.32389
9.96528
10.5026
10.9347
11.2236
11.3659
11.3586
11.2823
11.1334
10.9396
10.7329
10.528
10.333
10.1493
9.97661
9.81377
9.65676
9.50043
9.33897
9.16497
8.96805
8.74032
8.48762
8.22332
7.95309
7.67729
7.39633
7.11093
6.82185
6.52968
6.23457
5.93625
5.63368
5.32431
5.00584
4.6712
4.3605
6.90748
6.14416
5.24358
4.26082
3.29438
2.2705
1.245
0.253121
-0.712534
-1.63732
-2.50995
-3.34227
-4.13713
-4.89234
-5.60808
-6.28705
-6.93159
-7.54035
-8.11056
-8.63916
-9.12164
-9.55276
-9.92598
-10.2372
-10.4926
-10.7083
-10.8938
-11.0494
-11.1738
-11.2662
-11.3247
-11.3478
-11.3333
-11.2787
-11.1793
-11.0287
-10.8145
-10.522
-10.1584
7.59909
8.21883
8.87379
9.4796
9.98955
10.3974
10.6727
10.8118
10.8025
10.7465
10.6157
10.4379
10.2495
10.0635
9.88617
9.71898
9.56206
9.41438
9.27229
9.13108
8.98542
8.8286
8.65105
8.44553
8.21739
7.97892
7.73539
7.48712
7.23452
6.97816
6.71878
6.45678
6.19221
5.92468
5.65302
5.37446
5.08649
4.78165
4.49709
6.59507
5.87159
5.01875
4.08844
3.17516
2.20859
1.24363
0.310177
-0.593833
-1.45737
-2.27022
-3.04601
-3.78623
-4.48327
-5.1399
-5.7621
-6.35212
-6.9078
-7.4267
-7.90635
-8.3433
-8.73249
-9.06829
-9.34747
-9.57599
-9.76844
-9.93365
-10.0718
-10.1822
-10.2642
-10.3164
-10.3374
-10.326
-10.2798
-10.1951
-10.0663
-9.8829
-9.63174
-9.31971
7.25037
7.83697
8.45731
9.02688
9.50928
9.88994
10.1523
10.284
10.274
10.2474
10.1336
9.96832
9.79748
9.63042
9.47013
9.31854
9.17639
9.0429
8.9147
8.78747
8.6564
8.51532
8.3555
8.1703
7.96453
7.74952
7.53005
7.30655
7.07929
6.84889
6.61589
6.38071
6.14318
5.90293
5.65854
5.40733
5.14645
4.86837
4.60745
6.3495
5.65623
4.83748
3.94687
3.07472
2.15454
1.24481
0.367502
-0.465936
-1.27359
-1.98643
-2.71458
-3.42595
-4.08314
-4.69854
-5.28432
-5.84087
-6.36388
-6.85082
-7.29984
-7.70782
-8.06978
-8.38084
-8.63845
-8.8484
-9.02444
-9.1751
-9.30032
-9.40016
-9.47453
-9.51945
-9.53717
-9.52628
-9.48436
-9.40817
-9.29291
-9.12923
-8.90562
-8.62779
6.97644
7.5344
8.12435
8.6537
9.10068
9.43296
9.65449
9.72912
9.70966
9.767
9.6964
9.55317
9.40692
9.26395
9.1234
8.98824
8.86073
8.7407
8.62517
8.51036
8.39194
8.26425
8.11923
7.95064
7.76285
7.56624
7.36546
7.16087
6.95288
6.74202
6.52891
6.3138
6.09661
5.87677
5.65294
5.42233
5.18207
4.92437
4.68204
6.15175
5.48248
4.69057
3.83082
2.99227
2.11234
1.25299
0.431058
-0.326842
-1.08089
-1.67251
-2.36617
-3.0668
-3.69577
-4.28107
-4.84321
-5.37955
-5.88284
-6.35033
-6.78045
-7.17049
-7.51533
-7.81049
-8.05366
-8.25068
-8.41494
-8.55493
-8.67011
-8.76176
-8.83025
-8.86721
-8.88067
-8.86867
-8.82816
-8.75615
-8.64866
-8.49717
-8.29075
-8.03545
6.75469
7.2876
7.84663
8.33356
8.7374
9.00804
9.16955
9.16122
9.12406
9.29306
9.28646
9.17452
9.05732
8.94172
8.82298
8.70512
8.59231
8.48528
8.38165
8.27818
8.17108
8.05522
7.92307
7.76873
7.59606
7.41473
7.22915
7.03981
6.84716
6.6518
6.45433
6.25503
6.05381
5.85007
5.64245
5.42818
5.20427
4.96294
4.73543
5.95627
5.31133
4.54663
3.71835
2.91376
2.07466
1.2651
0.497715
-0.188389
-0.890972
-1.36512
-2.02282
-2.71037
-3.30996
-3.86291
-4.39881
-4.91298
-5.39512
-5.84186
-6.25234
-6.62379
-6.95085
-7.22956
-7.45788
-7.64175
-7.79419
-7.92369
-8.02908
-8.11281
-8.17602
-8.20558
-8.21527
-8.20296
-8.16443
-8.09709
-7.99777
-7.85873
-7.66955
-7.43731
6.53481
7.04303
7.57084
8.0166
8.37896
8.58967
8.69553
8.61182
8.55846
8.82271
8.88053
8.79986
8.70906
8.61937
8.52232
8.4218
8.32359
8.22943
8.13755
8.04523
7.94921
7.84492
7.72546
7.58522
7.42754
7.26132
7.09075
6.91636
6.73867
6.55835
6.37601
6.19199
6.00615
5.81791
5.62592
5.42735
5.2192
4.99359
4.78046
5.76401
5.14347
4.40625
3.60953
2.839
2.04071
1.27982
0.566327
-0.052582
-0.702329
-1.0701
-1.68808
-2.35641
-2.9258
-3.44552
-3.95281
-4.44266
-4.90209
-5.32706
-5.71687
-6.06885
-6.37776
-6.63999
-6.85363
-7.02479
-7.1658
-7.28531
-7.38129
-7.45763
-7.51596
-7.53862
-7.54479
-7.53233
-7.4959
-7.43319
-7.34183
-7.21487
-7.04239
-6.83182
6.31812
6.8022
7.2988
7.7051
8.02773
8.18019
8.23497
8.08307
8.01277
8.3566
8.47845
8.43064
8.36447
8.29894
8.22269
8.13907
8.05517
7.97372
7.89348
7.81219
7.72707
7.63412
7.5271
7.40074
7.25789
7.10664
6.95089
6.79115
6.62807
6.46225
6.29448
6.12503
5.95393
5.78044
5.60342
5.41984
5.22685
5.01623
4.817
5.57686
4.98048
4.27056
3.50512
2.76806
2.01
1.29585
0.634707
0.0774507
-0.518143
-0.79347
-1.36685
-2.00779
-2.54519
-3.031
-3.50759
-3.97063
-4.40568
-4.8076
-5.17571
-5.50736
-5.79777
-6.04327
-6.24233
-6.40094
-6.53094
-6.64097
-6.72832
-6.79804
-6.85232
-6.86935
-6.87306
-6.86118
-6.82755
-6.77006
-6.68691
-6.57203
-6.41638
-6.22891
6.10686
6.56752
7.0332
7.40203
7.68652
7.78166
7.78972
7.57255
7.48275
7.89389
8.07838
8.06526
8.02422
7.98284
7.92715
7.85959
7.78891
7.71933
7.65028
7.57977
7.50542
7.42364
7.32883
7.21609
7.08785
6.95141
6.81035
6.66522
6.51655
6.36505
6.21143
6.05611
5.89904
5.7397
5.57678
5.40752
5.22888
5.03272
4.8469
5.39699
4.82406
4.14068
3.4057
2.70095
1.98175
1.31174
0.700698
0.198818
-0.342363
-0.540272
-1.06338
-1.66729
-2.16972
-2.62091
-3.06486
-3.49854
-3.90711
-4.28457
-4.62983
-4.94054
-5.21211
-5.44097
-5.62571
-5.77198
-5.89108
-5.9916
-6.07026
-6.13303
-6.18278
-6.19404
-6.19496
-6.18327
-6.15207
-6.09951
-6.02432
-5.9209
-5.7804
-5.60974
5.90379
6.342
6.77721
7.11075
7.35767
7.39525
7.36045
7.0757
6.9616
7.43438
7.67991
7.70057
7.6841
7.66856
7.6364
7.58715
7.5302
7.47169
7.41255
7.35165
7.28708
7.21578
7.13259
7.03292
6.91868
6.79645
6.66951
6.53847
6.40378
6.26616
6.12632
5.9847
5.84128
5.6956
5.54636
5.39079
5.22594
5.04356
4.87081
5.22677
4.67578
4.01718
3.31066
2.63614
1.95356
1.32457
0.760378
0.307266
-0.180364
-0.316394
-0.78254
-1.33882
-1.80192
-2.21713
-2.62659
-3.0283
-3.40799
-3.75904
-4.08008
-4.36869
-4.6205
-4.83233
-5.00292
-5.13796
-5.24785
-5.34099
-5.41359
-5.47235
-5.52065
-5.52946
-5.53058
-5.52175
-5.49529
-5.44936
-5.38334
-5.29293
-5.17154
-5.0304
5.71188
6.12867
6.53388
6.83387
7.04097
7.01787
6.9418
6.58121
6.43511
6.97641
7.28894
7.34198
7.34406
7.34873
7.33913
7.31156
7.2737
7.23081
7.18435
7.13411
7.07942
7.01811
6.94602
6.859
6.75861
6.65042
6.53732
6.4198
6.2983
6.17357
6.04628
5.91699
5.78574
5.65226
5.5153
5.37225
5.21981
5.04972
4.88651
5.06682
4.53567
3.89905
3.21779
2.57023
1.92071
1.32878
0.807571
0.39672
-0.038538
-0.128225
-0.529836
-1.0271
-1.44475
-1.82177
-2.1944
-2.56097
-2.90894
-3.23206
-3.52813
-3.79427
-4.0261
-4.22013
-4.375
-4.49591
-4.593
-4.67461
-4.73673
-4.78668
-4.82844
-4.83034
-4.82749
-4.81774
-4.7931
-4.75162
-4.69292
-4.61203
-4.49975
-4.35758
5.53193
5.92814
6.30412
6.57216
6.73457
6.64684
6.52987
6.07571
5.87977
6.50512
6.90609
7.00787
7.03398
7.05128
7.04835
7.02753
7.00023
6.97167
6.94076
6.90547
6.86434
6.81567
6.75598
6.68212
6.59595
6.5028
6.40522
6.30345
6.19765
6.08827
5.97581
5.86063
5.74279
5.62189
5.49695
5.36557
5.22483
5.06764
4.91672
4.91678
4.4038
3.78688
3.12764
2.50324
1.88234
1.32218
0.838277
0.46274
0.077105
0.0187078
-0.312407
-0.73714
-1.10238
-1.43807
-1.77055
-2.09774
-2.4097
-2.70087
-2.96881
-3.21078
-3.423
-3.60267
-3.74892
-3.86587
-3.9615
-4.04367
-4.10777
-4.16226
-4.21115
-4.21891
-4.22329
-4.22223
-4.20686
-4.17551
-4.12884
-4.0659
-3.98543
-3.90733
5.36321
5.73989
6.08884
6.32809
6.44334
6.29777
6.14386
5.55791
5.27422
5.98462
6.48454
6.6614
6.75341
6.82314
6.8469
6.8286
6.79101
6.75095
6.71344
6.6777
6.64115
6.6008
6.55206
6.49017
6.41487
6.33141
6.2436
6.15226
6.05776
5.96052
5.86102
5.75946
5.65572
5.5491
5.43812
5.31994
5.19067
5.0444
4.90243
4.78382
4.28694
3.68781
3.04806
2.44352
1.84638
1.31131
0.856904
0.507262
0.162327
0.118122
-0.135689
-0.47487
-0.780659
-1.06967
-1.35778
-1.64346
-1.91856
-2.17679
-2.41407
-2.62672
-2.81013
-2.96019
-3.07507
-3.16113
-3.22904
-3.28651
-3.32805
-3.3612
-3.39045
-3.38118
-3.37294
-3.36383
-3.34505
-3.31453
-3.27158
-3.20912
-3.11233
-2.96458
5.21419
5.57426
5.90044
6.11443
6.18459
6.00213
5.80786
5.02047
4.62073
5.41565
5.97233
6.17576
6.31832
6.47472
6.6009
6.67456
6.7027
6.69868
6.67475
6.64029
6.60084
6.55863
6.51281
6.4612
6.40227
6.33514
6.25944
6.17602
6.08639
5.99171
5.89303
5.79124
5.68723
5.5815
5.47371
5.36148
5.23878
5.0918
4.91645
4.68805
4.19797
3.60678
2.97697
2.38379
1.80223
1.28496
0.852634
0.520401
0.205911
0.162646
-0.00432993
-0.249674
-0.490105
-0.722363
-0.952662
-1.18351
-1.41218
-1.63443
-1.84665
-2.04593
-2.22955
-2.39536
-2.54054
-2.66142
-2.75962
-2.84573
-2.91636
-2.98415
-3.05301
-3.07524
-3.09235
-3.10714
-3.11087
-3.10149
-3.08194
-3.05979
-3.04887
-3.09577
5.11067
5.46055
5.76771
5.95167
5.96734
5.74224
5.43377
4.36123
3.91313
4.92224
5.57137
5.74027
5.78547
5.83664
5.90143
5.97906
6.0667
6.15225
6.22145
6.26663
6.2862
6.28154
6.25527
6.21542
6.17558
6.14041
6.10536
6.06677
6.02315
5.97414
5.91922
5.85711
5.78648
5.70606
5.61529
5.51521
5.41321
5.32967
5.32913
4.63069
4.12665
3.51685
2.87074
2.26651
1.68361
1.17578
0.764234
0.45265
0.178523
0.143407
0.0748093
-0.0680604
-0.242318
-0.423769
-0.601994
-0.774668
-0.939443
-1.0931
-1.23211
-1.35189
-1.44556
-1.5068
-1.53542
-1.54931
-1.56309
-1.57765
-1.58105
-1.57562
-1.57607
-1.54466
-1.51943
-1.50209
-1.48283
-1.45849
-1.42686
-1.37167
-1.26138
-1.03022
5.06017
5.40658
5.69395
5.831
5.75787
5.41103
4.79803
3.39479
3.01021
4.48171
5.55729
6.07028
6.2875
6.31453
6.19061
5.98449
5.76406
5.58022
5.45076
5.37396
5.33976
5.33766
5.35099
5.34728
5.29657
5.21558
5.12961
5.04328
4.9565
4.86927
4.78378
4.70304
4.62911
4.56263
4.50087
4.43339
4.33144
4.13627
3.76189
4.54879
4.02123
3.3785
2.69984
2.07025
1.47549
0.973047
0.584709
0.303135
0.087002
0.0571865
0.0742693
0.0592388
0.0013908
-0.0891777
-0.204964
-0.342251
-0.498429
-0.671879
-0.862292
-1.07095
-1.29796
-1.5353
-1.7625
-1.94383
-2.0763
-2.20606
-2.31474
-2.463
-2.66847
-2.65907
-2.69976
-2.77614
-2.83695
-2.87581
-2.90886
-2.96384
-3.08292
-3.35269
4.98923
5.33201
5.59861
5.68557
5.51622
5.00083
3.99457
2.32771
1.6147
3.148
4.58632
5.80796
6.86571
7.78097
8.49005
8.97665
9.27935
9.42494
9.4544
9.40854
9.3203
9.21335
9.12129
9.10284
9.18333
9.27506
9.31303
9.31095
9.28685
9.24484
9.18147
9.09566
8.98933
8.86639
8.73459
8.60903
8.52996
8.55397
8.8145
-128.545
-132.436
-134.994
-137.713
-139.952
-141.403
-142.092
-142.104
-141.539
-140.449
-138.853
-136.781
-134.252
-131.288
-127.951
-124.327
-120.522
-116.595
-112.538
-108.336
-104.018
-99.6162
-95.1061
-90.3933
-85.4061
-80.1527
-74.7676
-69.5563
-64.9627
-61.4124
-59.1773
-58.1882
-57.932
-57.7032
-56.9901
-55.7039
-53.9735
-51.9703
-49.8532
-47.7247
-45.6276
-43.574
-41.5675
-39.6103
-37.7045
-35.8518
-34.0523
-32.306
-30.6125
-28.9723
-27.3852
-25.8516
-24.3719
-22.9462
-21.5747
-20.2571
-18.9933
-17.7825
-16.624
-15.5167
-14.4593
-13.4505
-12.4888
-11.5722
-10.6993
-9.86663
-9.07579
-8.41824
-7.84782
-7.27212
-6.68616
-6.10495
-5.49904
-4.94845
-4.26938
-3.8783
-2.86921
-3.15707
-0.885739
-3.57924
-119.615
-116.328
-113.703
-111.193
-108.677
-106.173
-103.61
-100.972
-98.3569
-95.6453
-92.9577
-90.2088
-87.4639
-84.6904
-81.9144
-79.1284
-76.3433
-73.5597
-70.7839
-68.0182
-65.2673
-62.5334
-59.8204
-57.1305
-54.4672
-51.8319
-49.228
-46.6572
-44.1224
-41.6253
-39.1696
-36.757
-34.3909
-32.0736
-29.8093
-27.6002
-25.4507
-23.3633
-21.3424
-19.3904
-17.5116
-15.7082
-13.984
-12.3405
-10.7807
-9.3054
-7.91647
-6.61371
-5.39772
-4.26731
-3.22189
-2.25917
-1.37751
-0.57385
0.154578
0.811304
1.39988
1.92418
2.38816
2.79597
3.15147
3.45879
3.72216
3.94547
4.13302
4.2881
4.41554
4.50385
4.56856
4.62441
4.67085
4.71012
4.74383
4.76773
4.80938
4.81398
4.78559
5.35728
3.50787
8.88776
-95.254
-95.7049
-96.8046
-98.3984
-99.9468
-101.246
-102.233
-102.847
-103.035
-102.766
-102.02
-100.801
-99.1364
-97.0899
-94.7006
-92.0023
-89.0254
-85.8041
-82.3998
-78.9222
-75.4495
-71.9915
-68.5407
-65.103
-61.6863
-58.2777
-54.8507
-51.3917
-47.9526
-44.7014
-41.8925
-39.7921
-38.5691
-38.1136
-37.9918
-37.8322
-37.5516
-37.1373
-36.586
-35.9107
-35.1267
-34.2489
-33.2932
-32.2739
-31.205
-30.0984
-28.9642
-27.8107
-26.6461
-25.4768
-24.309
-23.1484
-22
-20.8683
-19.7572
-18.6701
-17.6097
-16.5784
-15.5778
-14.6093
-13.6738
-12.7718
-11.9037
-11.0688
-10.2674
-9.49715
-8.76049
-8.14299
-7.60618
-7.06377
-6.50814
-5.95564
-5.37469
-4.84915
-4.19026
-3.81845
-2.83163
-3.11757
-0.911219
-3.53961
-94.2744
-92.8263
-91.175
-89.3657
-87.507
-85.6046
-83.6708
-81.7199
-79.7382
-77.7384
-75.7206
-73.6835
-71.6346
-69.5711
-67.4991
-65.4184
-63.3319
-61.241
-59.1476
-57.0542
-54.9618
-52.8726
-50.7872
-48.7088
-46.6378
-44.5766
-42.5261
-40.4891
-38.4664
-36.4608
-34.4737
-32.5084
-30.5661
-28.6506
-26.7639
-24.91
-23.0912
-21.3119
-19.5747
-17.8841
-16.243
-14.6558
-13.125
-11.6549
-10.2474
-8.90611
-7.6325
-6.42897
-5.29611
-4.23533
-3.24614
-2.32895
-1.48228
-0.705285
0.00426792
0.648249
1.22941
1.75056
2.21487
2.62556
2.98619
3.30027
3.57133
3.8031
3.99942
4.16336
4.29954
4.39521
4.46594
4.52799
4.58083
4.62626
4.66625
4.69605
4.74027
4.75605
4.71665
5.29135
3.52063
8.64027
-56.4127
-55.8901
-55.3519
-54.9938
-54.7533
-54.5658
-54.393
-54.1892
-53.9137
-53.5229
-52.9847
-52.2696
-51.3574
-50.2284
-48.8697
-47.2744
-45.4532
-43.4304
-41.2504
-38.955
-36.6059
-34.2804
-32.051
-29.9519
-28.0112
-26.2613
-24.7384
-23.4697
-22.4695
-21.7291
-21.256
-21.1111
-21.3829
-22.1174
-23.1451
-24.0816
-24.7751
-25.2898
-25.6593
-25.8933
-25.9943
-25.9644
-25.8083
-25.5347
-25.1543
-24.6791
-24.1204
-23.4901
-22.7988
-22.0573
-21.2754
-20.4619
-19.6253
-18.773
-17.9119
-17.048
-16.1866
-15.3322
-14.4886
-13.6592
-12.8467
-12.0534
-11.281
-10.5305
-9.80321
-9.09801
-8.41813
-7.84389
-7.34293
-6.83546
-6.31228
-5.79021
-5.23745
-4.73663
-4.10496
-3.74459
-2.80008
-3.05517
-0.959449
-3.45124
-56.4675
-56.1142
-55.733
-55.2916
-54.8256
-54.3225
-53.7878
-53.2165
-52.6052
-51.9573
-51.2664
-50.535
-49.7599
-48.9413
-48.0786
-47.1708
-46.219
-45.2224
-44.1824
-43.099
-41.9744
-40.8089
-39.605
-38.3639
-37.0888
-35.7811
-34.4445
-33.081
-31.6945
-30.2873
-28.8641
-27.4273
-25.9817
-24.5304
-23.0782
-21.6284
-20.1862
-18.7552
-17.3405
-15.9458
-14.5765
-13.2361
-11.9297
-10.6609
-9.43418
-8.25267
-7.12028
-6.03933
-5.01292
-4.04238
-3.13001
-2.27616
-1.48182
-0.746391
-0.0697912
0.54931
1.11212
1.62064
2.07695
2.48365
2.8433
3.15887
3.43348
3.67015
3.87233
4.04284
4.18585
4.2873
4.3632
4.4306
4.48903
4.54011
4.58564
4.62139
4.66782
4.69331
4.65564
5.19848
3.56013
8.36219
-35.7289
-35.1288
-34.3633
-33.6174
-32.892
-32.1764
-31.4796
-30.8106
-30.1613
-29.5238
-28.8797
-28.2167
-27.5128
-26.7553
-25.9243
-25.0126
-24.0064
-22.9054
-21.7085
-20.4265
-19.0731
-17.6762
-16.2704
-14.8998
-13.5818
-12.3213
-11.1234
-10.0174
-9.05232
-8.30376
-7.86916
-7.8609
-8.38206
-9.4966
-11.1509
-13.0096
-14.6447
-15.9704
-17.0569
-17.9466
-18.6636
-19.2195
-19.6223
-19.8802
-20.0033
-20.002
-19.8874
-19.6704
-19.3624
-18.9743
-18.5169
-18.0001
-17.4337
-16.8267
-16.1876
-15.524
-14.8427
-14.1499
-13.451
-12.7506
-12.0531
-11.3618
-10.68
-10.0095
-9.35296
-8.7101
-8.08515
-7.55299
-7.08577
-6.61065
-6.11775
-5.6243
-5.09827
-4.62144
-4.0148
-3.66872
-2.75844
-2.99997
-0.978091
-3.39161
-35.9389
-35.9408
-35.9347
-35.9007
-35.8506
-35.7798
-35.6875
-35.5725
-35.4331
-35.2687
-35.076
-34.8558
-34.6043
-34.3222
-34.0057
-33.6551
-33.2676
-32.8433
-32.3794
-31.8761
-31.3312
-30.7451
-30.1161
-29.4451
-28.7309
-27.9751
-27.177
-26.3388
-25.4608
-24.5458
-23.595
-22.6119
-21.5984
-20.5588
-19.4958
-18.4141
-17.3171
-16.2099
-15.0964
-13.982
-12.8708
-11.7684
-10.6789
-9.60757
-8.55862
-7.53694
-6.54618
-5.5907
-4.67329
-3.79784
-2.96626
-2.18127
-1.44379
-0.755521
-0.116496
0.472795
1.01304
1.50489
1.94973
2.34903
2.70495
3.01966
3.29549
3.53518
3.74169
3.91755
4.06636
4.17295
4.25351
4.32591
4.38957
4.44574
4.49642
4.53792
4.58843
4.62224
4.59007
5.11037
3.55254
8.1563
-19.9602
-19.3914
-18.6885
-17.9214
-17.0989
-16.2271
-15.3255
-14.4099
-13.4981
-12.5975
-11.7189
-10.8636
-10.0367
-9.23279
-8.45188
-7.68384
-6.92484
-6.16432
-5.39921
-4.62323
-3.83847
-3.04898
-2.27135
-1.53092
-0.869647
-0.317365
0.118631
0.43971
0.63401
0.681547
0.548167
0.184829
-0.478854
-1.52223
-3.00995
-4.91014
-6.89724
-8.64902
-10.1466
-11.4435
-12.5639
-13.5192
-14.3146
-14.9562
-15.4518
-15.8104
-16.0416
-16.1555
-16.1619
-16.0709
-15.8922
-15.6354
-15.3101
-14.9257
-14.491
-14.0143
-13.5033
-12.9649
-12.4054
-11.8307
-11.246
-10.6557
-10.064
-9.47371
-8.88837
-8.30858
-7.73941
-7.24993
-6.81697
-6.37468
-5.9126
-5.44839
-4.94961
-4.49764
-3.91564
-3.58669
-2.7061
-2.94537
-0.977053
-3.34641
-20.2901
-20.5267
-20.7714
-21.003
-21.2296
-21.4456
-21.6516
-21.844
-22.0229
-22.1844
-22.3283
-22.451
-22.5521
-22.6279
-22.6778
-22.6984
-22.6893
-22.6469
-22.571
-22.4583
-22.3086
-22.1192
-21.8903
-21.6192
-21.3065
-20.9505
-20.5517
-20.1091
-19.6239
-19.0956
-18.5261
-17.9157
-17.2668
-16.5805
-15.8601
-15.1075
-14.3265
-13.5198
-12.692
-11.8464
-10.988
-10.1208
-9.24981
-8.3795
-7.51498
-6.66049
-5.82116
-5.00057
-4.20381
-3.43388
-2.69492
-1.98924
-1.31998
-0.688687
-0.0973672
0.453304
0.962418
1.4301
1.85646
2.24255
2.58932
2.89829
3.17136
3.41054
3.61839
3.79704
3.94957
4.05986
4.14404
4.22028
4.28806
4.34863
4.40371
4.45025
4.50469
4.5447
4.51842
5.02161
3.51911
7.97541
-10.5609
-10.1337
-9.65869
-9.16245
-8.59871
-7.95196
-7.24984
-6.51518
-5.75243
-4.97324
-4.19013
-3.41822
-2.6648
-1.94007
-1.24712
-0.591307
0.0303032
0.617178
1.17671
1.71081
2.2267
2.72469
3.20527
3.65927
4.07098
4.40796
4.64436
4.77628
4.80504
4.71848
4.49674
4.11157
3.52687
2.69913
1.5848
0.128051
-1.64238
-3.43232
-5.02426
-6.43737
-7.70828
-8.84648
-9.85236
-10.7238
-11.4616
-12.0693
-12.5524
-12.9175
-13.1715
-13.3215
-13.3754
-13.3412
-13.2274
-13.0423
-12.7944
-12.4915
-12.1412
-11.7507
-11.3267
-10.8755
-10.4029
-9.91394
-9.41347
-8.905
-8.39288
-7.87837
-7.36735
-6.92245
-6.5257
-6.11833
-5.68931
-5.25633
-4.7869
-4.36138
-3.80598
-3.49526
-2.64645
-2.88341
-0.971256
-3.29439
-10.8522
-11.0947
-11.3449
-11.5924
-11.841
-12.0888
-12.3349
-12.5787
-12.8184
-13.0535
-13.2819
-13.5031
-13.7145
-13.9155
-14.1032
-14.277
-14.4337
-14.5724
-14.6899
-14.7852
-14.8552
-14.8987
-14.9126
-14.8959
-14.8459
-14.7615
-14.6404
-14.4821
-14.2846
-14.0479
-13.7707
-13.4537
-13.0963
-12.6999
-12.2646
-11.7927
-11.2852
-10.745
-10.174
-9.57583
-8.95335
-8.31054
-7.65105
-6.97936
-6.29939
-5.61612
-4.93321
-4.25607
-3.58823
-2.93454
-2.2982
-1.68343
-1.09291
-0.529951
0.00354018
0.505229
0.974015
1.40862
1.80881
2.17424
2.50548
2.80322
3.06847
3.30285
3.50833
3.68659
3.84013
3.9523
4.03852
4.11726
4.18806
4.25189
4.31043
4.36087
4.41846
4.46267
4.44268
4.92455
3.48359
7.78091
-4.30358
-3.94982
-3.57078
-3.19529
-2.79954
-2.35433
-1.84717
-1.2839
-0.684443
-0.0580044
0.590492
1.25381
1.91635
2.56702
3.19401
3.79071
4.34833
4.86413
5.33458
5.76118
6.14381
6.48641
6.78874
7.05139
7.26832
7.42998
7.51557
7.50593
7.39316
7.17753
6.8556
6.41729
5.84532
5.11614
4.20577
3.09249
1.71576
0.116897
-1.44492
-2.84358
-4.11359
-5.28011
-6.3466
-7.30936
-8.1639
-8.90873
-9.54467
-10.074
-10.4996
-10.8255
-11.0563
-11.1979
-11.2565
-11.2387
-11.1513
-11.0012
-10.7952
-10.54
-10.242
-9.90727
-9.54194
-9.15129
-8.74029
-8.31296
-7.87412
-7.42558
-6.9737
-6.5747
-6.21541
-5.8443
-5.44984
-5.04963
-4.61126
-4.21348
-3.68666
-3.39479
-2.58053
-2.81388
-0.962393
-3.2335
-4.56376
-4.79503
-5.03337
-5.27274
-5.51597
-5.76118
-6.00872
-6.25733
-6.50687
-6.75602
-7.0047
-7.25115
-7.49496
-7.73433
-7.96876
-8.19627
-8.41588
-8.62543
-8.82401
-9.00933
-9.18013
-9.33391
-9.46931
-9.58401
-9.6765
-9.74426
-9.78592
-9.79927
-9.78296
-9.73499
-9.65434
-9.53944
-9.38978
-9.20438
-8.98326
-8.72618
-8.43394
-8.10714
-7.74728
-7.35589
-6.93526
-6.48775
-6.01639
-5.52414
-5.01489
-4.49164
-3.95933
-3.4211
-2.88181
-2.34475
-1.81455
-1.2944
-0.78842
-0.299364
0.16944
0.61582
1.03734
1.43264
1.80014
2.1394
2.44976
2.73123
2.98441
3.21014
3.40986
3.58479
3.73683
3.84896
3.93589
4.01586
4.08844
4.15462
4.21568
4.2692
4.329
4.37586
4.36317
4.81817
3.44715
7.57399
-0.214486
0.0562712
0.345495
0.632321
0.929075
1.24702
1.59043
1.96662
2.38536
2.84316
3.32505
3.82094
4.32939
4.84281
5.34953
5.83704
6.29721
6.72191
7.10604
7.44487
7.73727
7.98288
8.18344
8.33983
8.45291
8.52048
8.53594
8.48451
8.34958
8.12276
7.805
7.39667
6.89234
6.28034
5.544
4.67314
3.64877
2.40881
1.01482
-0.318916
-1.52808
-2.64668
-3.68977
-4.65627
-5.54088
-6.33888
-7.0478
-7.66681
-8.19591
-8.63617
-8.98963
-9.25922
-9.44884
-9.5627
-9.60586
-9.58345
-9.50104
-9.36421
-9.17855
-8.94987
-8.68377
-8.38519
-8.05923
-7.70995
-7.34242
-6.9587
-6.56558
-6.21262
-5.89106
-5.55658
-5.19735
-4.83058
-4.42424
-4.05497
-3.55809
-3.28581
-2.50753
-2.7378
-0.947706
-3.16761
-0.424534
-0.619686
-0.821677
-1.02758
-1.23893
-1.45492
-1.67552
-1.90027
-2.1289
-2.36081
-2.59567
-2.83262
-3.07112
-3.31024
-3.54926
-3.787
-4.02249
-4.2544
-4.48161
-4.70262
-4.916
-5.12009
-5.31325
-5.49378
-5.65994
-5.80982
-5.94164
-6.0536
-6.14387
-6.21072
-6.25246
-6.26753
-6.25455
-6.2123
-6.13971
-6.03607
-5.90087
-5.73398
-5.5356
-5.30626
-5.04701
-4.75913
-4.44434
-4.10504
-3.74297
-3.36203
-2.96438
-2.55416
-2.1341
-1.70846
-1.28029
-0.853812
-0.432069
-0.0188458
0.383096
0.770521
1.14125
1.49277
1.82372
2.13226
2.41752
2.67898
2.91639
3.13017
3.32115
3.49007
3.63825
3.74863
3.83484
3.91483
3.98818
4.05562
4.11827
4.17393
4.23543
4.28361
4.27926
4.70384
3.40505
7.36456
2.35808
2.5591
2.77533
2.99315
3.21887
3.45896
3.71466
3.98626
4.27706
4.59373
4.94226
5.31684
5.70237
6.08997
6.4787
6.86278
7.23154
7.57473
7.88508
8.15679
8.38554
8.56861
8.70556
8.79704
8.84494
8.85014
8.8127
8.72783
8.58552
8.37144
8.07836
7.70779
7.26324
6.74261
6.13833
5.43931
4.64306
3.72879
2.63698
1.44579
0.319497
-0.716036
-1.68898
-2.60745
-3.4684
-4.2655
-4.99367
-5.64971
-6.23177
-6.73877
-7.17054
-7.52774
-7.81184
-8.02516
-8.17048
-8.2514
-8.27173
-8.23573
-8.14819
-8.01394
-7.83757
-7.62378
-7.37718
-7.1018
-6.80259
-6.48171
-6.14609
-5.83863
-5.55462
-5.25674
-4.93296
-4.59996
-4.2263
-3.88608
-3.4201
-3.16821
-2.42683
-2.65532
-0.926128
-3.09784
2.19518
2.03823
1.87545
1.70765
1.53459
1.35605
1.17268
0.983986
0.790777
0.592637
0.390547
0.184078
-0.0256577
-0.238923
-0.454463
-0.672359
-0.891256
-1.11105
-1.33021
-1.54836
-1.76383
-1.97606
-2.18319
-2.38434
-2.57762
-2.76193
-2.93516
-3.09608
-3.24259
-3.37333
-3.4862
-3.57988
-3.65246
-3.70264
-3.7288
-3.72996
-3.70481
-3.65278
-3.57308
-3.46569
-3.33045
-3.16791
-2.979
-2.76415
-2.52594
-2.2653
-1.98519
-1.68736
-1.37518
-1.05097
-0.718453
-0.380366
-0.040349
0.298753
0.633477
0.961212
1.27891
1.58461
1.87561
2.1503
2.40725
2.64529
2.86385
3.06273
3.24221
3.40259
3.54464
3.65146
3.73567
3.8144
3.88724
3.95492
4.01814
4.07514
4.13745
4.18564
4.19017
4.58208
3.35574
7.15431
3.90405
4.04863
4.20646
4.3693
4.53884
4.71895
4.91075
5.11498
5.33174
5.56241
5.80931
6.07718
6.3677
6.67221
6.9748
7.2689
7.5538
7.82508
8.07297
8.28995
8.47021
8.61043
8.70761
8.76157
8.7726
8.74305
8.67435
8.56784
8.42091
8.22669
7.97333
7.65435
7.27135
6.8295
6.3281
5.76129
5.12177
4.41269
3.60511
2.65151
1.63909
0.68881
-0.195942
-1.03823
-1.84193
-2.60265
-3.3137
-3.97013
-4.56841
-5.10616
-5.58159
-5.99345
-6.34155
-6.62613
-6.84841
-7.01005
-7.11336
-7.16143
-7.15777
-7.10572
-7.00932
-6.87221
-6.69874
-6.49234
-6.25784
-5.9972
-5.71734
-5.45445
-5.20742
-4.94584
-4.65752
-4.35844
-4.01789
-3.70716
-3.27297
-3.04205
-2.33844
-2.56608
-0.898288
-3.02372
3.78474
3.66701
3.54405
3.41653
3.28345
3.14554
3.00196
2.85354
2.69947
2.54069
2.37641
2.20765
2.03374
1.85581
1.67327
1.48733
1.29757
1.10536
0.910396
0.714153
0.516558
0.319222
0.12228
-0.0725027
-0.264797
-0.452669
-0.635515
-0.811336
-0.979355
-1.13742
-1.28454
-1.41864
-1.53866
-1.64246
-1.72902
-1.79642
-1.84377
-1.8694
-1.87274
-1.85256
-1.80861
-1.74061
-1.64807
-1.5322
-1.39286
-1.23173
-1.04942
-0.848123
-0.629174
-0.395338
-0.148654
0.107915
0.371941
0.640233
0.910247
1.17887
1.44391
1.70227
1.95183
2.1906
2.41673
2.62893
2.82607
3.00749
3.17302
3.32251
3.45624
3.55793
3.6387
3.71486
3.78608
3.85281
3.91558
3.97283
4.03519
4.08216
4.09571
4.45339
3.30025
6.94159
4.83655
4.93773
5.05003
5.16847
5.29235
5.42319
5.56277
5.71189
5.87104
6.04013
6.21984
6.41121
6.61663
6.83825
7.07447
7.31281
7.53921
7.74883
7.9424
8.1146
8.25859
8.36812
8.44049
8.47328
8.46643
8.42026
8.33739
8.21971
8.06964
7.88613
7.66503
7.39668
7.07526
6.70274
6.28465
5.82083
5.30614
4.73659
4.11427
3.40309
2.57309
1.71316
0.90675
0.146528
-0.584738
-1.28811
-1.95852
-2.58992
-3.17786
-3.71909
-4.21075
-4.65056
-5.03669
-5.36822
-5.64465
-5.86623
-6.03409
-6.14993
-6.21553
-6.23347
-6.20636
-6.13741
-6.02988
-5.88691
-5.71269
-5.50899
-5.28252
-5.06272
-4.85177
-4.62579
-4.37261
-4.10731
-3.80006
-3.51906
-3.11728
-2.90788
-2.24287
-2.47051
-0.864852
-2.9451
4.75291
4.66771
4.57852
4.48441
4.3858
4.28203
4.17359
4.0598
3.94125
3.81725
3.68846
3.55422
3.41529
3.27106
3.12238
2.96868
2.81097
2.64877
2.48317
2.31383
2.14197
1.96741
1.79152
1.61426
1.43715
1.26035
1.08555
0.91311
0.744775
0.581139
0.424114
0.274456
0.13405
0.00384903
-0.114234
-0.219238
-0.309311
-0.383568
-0.440353
-0.478887
-0.498211
-0.497191
-0.476098
-0.433968
-0.371362
-0.287952
-0.184736
-0.0620972
0.0783304
0.235415
0.407155
0.591866
0.787043
0.990609
1.19986
1.41276
1.62626
1.8381
2.04611
2.24806
2.44229
2.62702
2.80084
2.96281
3.11237
3.24897
3.37257
3.46755
3.54368
3.6161
3.68444
3.74915
3.81042
3.86706
3.92849
3.9732
3.99552
4.31785
3.23889
6.72469
5.35572
5.41854
5.49098
5.571
5.65607
5.74599
5.84234
5.94626
6.05832
6.1782
6.30629
6.44289
6.58901
6.74521
6.9132
7.09306
7.27963
7.45795
7.61682
7.75415
7.87081
7.96134
8.02103
8.04561
8.03463
7.98694
7.90445
7.78845
7.64264
7.46869
7.26836
7.03807
6.77133
6.46176
6.11278
5.72871
5.31055
4.85239
4.35343
3.80976
3.18389
2.46205
1.72721
1.03593
0.37749
-0.260303
-0.877199
-1.46846
-2.02897
-2.55467
-3.0425
-3.4894
-3.89298
-4.25102
-4.56205
-4.82537
-5.04092
-5.20873
-5.32979
-5.40512
-5.43679
-5.42663
-5.37748
-5.29146
-5.17245
-5.02163
-4.84545
-4.66678
-4.49049
-4.299
-4.08021
-3.84818
-3.5741
-3.32282
-2.95391
-2.76631
-2.14054
-2.36888
-0.826311
-2.86217
5.30314
5.247
5.18706
5.1222
5.05298
4.97872
4.89992
4.81592
4.72728
4.63331
4.53464
4.43055
4.32177
4.2076
4.08884
3.96479
3.83638
3.70298
3.56557
3.4236
3.27819
3.12887
2.97688
2.82189
2.66524
2.50676
2.34797
2.18882
2.03096
1.87451
1.7213
1.57159
1.42724
1.2887
1.15793
1.03546
0.923294
0.82204
0.733673
0.658644
0.598748
0.554115
0.526194
0.515155
0.522054
0.546684
0.589473
0.649771
0.727315
0.821121
0.930323
1.05335
1.18879
1.33467
1.48946
1.65054
1.8159
1.98351
2.15114
2.31702
2.47912
2.63564
2.78506
2.92627
3.05836
3.18057
3.29248
3.37951
3.44987
3.51742
3.58186
3.64348
3.70228
3.75729
3.81701
3.85869
3.88939
4.1758
3.17181
6.50337
5.51368
5.54743
5.59002
5.64144
5.69787
5.75792
5.82258
5.89345
5.97083
6.05472
6.14488
6.24194
6.34606
6.45789
6.57746
6.7058
6.84309
6.98817
7.13141
7.25874
7.36176
7.44205
7.49811
7.52664
7.52302
7.48686
7.41721
7.31618
7.18505
7.02767
6.84622
6.64344
6.41727
6.16291
5.87478
5.55646
5.21185
4.84124
4.43922
4.00531
3.52989
2.97704
2.34764
1.71471
1.11659
0.54247
-0.0167898
-0.560439
-1.08392
-1.58277
-2.05344
-2.49313
-2.89876
-3.2677
-3.59787
-3.88785
-4.13615
-4.34226
-4.50566
-4.62692
-4.70667
-4.74631
-4.74738
-4.71167
-4.6421
-4.53966
-4.41003
-4.26995
-4.12651
-3.968
-3.78244
-3.5828
-3.34139
-3.11952
-2.78353
-2.61798
-2.03193
-2.2617
-0.783149
-2.77511
5.48577
5.45403
5.41881
5.37972
5.33639
5.28911
5.23728
5.18134
5.1206
5.05557
4.98555
4.9111
4.83151
4.7474
4.65806
4.5642
4.46512
4.36161
4.25302
4.14021
4.0226
3.90116
3.77537
3.64632
3.51358
3.37838
3.2404
3.101
2.95997
2.81884
2.67755
2.53775
2.39951
2.26461
2.13326
2.00733
1.88712
1.77457
1.67006
1.57544
1.49106
1.4188
1.35889
1.31293
1.28095
1.26397
1.26195
1.27543
1.30416
1.34807
1.40646
1.47868
1.56357
1.66024
1.76681
1.88175
2.00353
2.13016
2.26012
2.39139
2.52214
2.6506
2.77534
2.89509
3.00886
3.11555
3.21468
3.29269
3.35635
3.41811
3.47763
3.53522
3.59058
3.64324
3.70032
3.73838
3.77677
4.02716
3.09861
6.27667
5.49803
5.51093
5.53152
5.56116
5.59567
5.63272
5.67314
5.71827
5.76886
5.8245
5.88528
5.95122
6.02299
6.10055
6.18436
6.27432
6.37122
6.47512
6.58587
6.69855
6.80207
6.88357
6.94067
6.97411
6.98322
6.96369
6.91469
6.83524
6.72764
6.59296
6.43514
6.25645
6.06022
5.84534
5.60895
5.34687
5.06188
4.75672
4.4312
4.08069
3.70362
3.28575
2.79585
2.24435
1.69509
1.17294
0.668553
0.175095
-0.306484
-0.772333
-1.21848
-1.64173
-2.03912
-2.40785
-2.74566
-3.05
-3.31925
-3.55156
-3.74627
-3.90261
-4.02088
-4.10117
-4.14474
-4.15223
-4.12645
-4.06716
-3.98007
-3.8756
-3.76287
-3.6354
-3.48156
-3.31308
-3.1035
-2.9104
-2.60722
-2.46357
-1.91754
-2.14916
-0.735943
-2.68362
5.48858
5.4748
5.45839
5.43821
5.41474
5.38742
5.35655
5.32162
5.28294
5.23996
5.19307
5.14168
5.08622
5.02608
4.96178
4.89266
4.81931
4.74108
4.65863
4.57132
4.4799
4.38374
4.2837
4.1792
4.07122
3.95921
3.84429
3.72601
3.60559
3.4827
3.35874
3.23346
3.10839
2.98344
2.86025
2.73886
2.621
2.50681
2.39809
2.29504
2.19952
2.11183
2.0337
1.96528
1.9082
1.86246
1.82933
1.80873
1.80138
1.80705
1.82588
1.85736
1.90127
1.9565
2.02214
2.09733
2.18053
2.27072
2.36613
2.46517
2.56612
2.66757
2.76803
2.86641
2.96144
3.05209
3.13757
3.20583
3.26204
3.31721
3.37106
3.42375
3.4749
3.5243
3.57805
3.61209
3.65731
3.87204
3.01941
6.04368
5.37547
5.37243
5.37697
5.39091
5.40918
5.42923
5.45145
5.47762
5.50809
5.54289
5.58144
5.62426
5.67135
5.7233
5.77981
5.84131
5.90758
5.9793
6.05631
6.13899
6.22496
6.30767
6.37429
6.41759
6.43724
6.43508
6.40816
6.35515
6.27481
6.16918
6.03936
5.88907
5.72052
5.53728
5.33921
5.12473
4.89048
4.63858
4.37076
4.08648
3.78136
3.45214
3.0809
2.64348
2.15787
1.67653
1.21621
0.769894
0.331644
-0.0976652
-0.515009
-0.916581
-1.29936
-1.6606
-1.99726
-2.30705
-2.58731
-2.83638
-3.05245
-3.23474
-3.38233
-3.49519
-3.57341
-3.61768
-3.62929
-3.60827
-3.55903
-3.48711
-3.40252
-3.30399
-3.18
-3.04111
-2.86215
-2.69698
-2.42606
-2.30403
-1.79829
-2.0317
-0.685568
-2.58739
5.37992
5.3805
5.37861
5.37377
5.36576
5.3548
5.3404
5.32288
5.30161
5.27703
5.24845
5.21635
5.18
5.13997
5.0955
5.04719
4.9943
4.93749
4.87598
4.81052
4.74035
4.66627
4.58755
4.50506
4.41812
4.32767
4.23311
4.13544
4.03415
3.93035
3.82364
3.71524
3.6048
3.49373
3.38179
3.27047
3.15969
3.05102
2.94448
2.84172
2.74285
2.64959
2.56209
2.482
2.40951
2.34614
2.29191
2.24821
2.21484
2.19278
2.18169
2.18201
2.19322
2.21506
2.24726
2.28891
2.33948
2.39772
2.46242
2.53218
2.6058
2.68188
2.75933
2.83687
2.91346
2.98775
3.05939
3.11729
3.16562
3.21368
3.26116
3.30827
3.35446
3.40006
3.4497
3.47951
3.53047
3.71019
2.93428
5.80215
5.20768
5.19526
5.18901
5.19124
5.19777
5.2056
5.21498
5.22723
5.24315
5.26246
5.28495
5.31058
5.3398
5.37263
5.40934
5.44971
5.49407
5.54222
5.59458
5.65099
5.7118
5.77579
5.84002
5.89509
5.93121
5.9444
5.93709
5.90825
5.85652
5.78
5.68036
5.55851
5.41777
5.26032
5.08969
4.90632
4.70961
4.49709
4.27062
4.03174
3.78029
3.51256
3.22291
2.894
2.50738
2.08284
1.66236
1.25693
0.859837
0.465327
0.0759476
-0.303247
-0.668249
-1.01682
-1.34665
-1.65482
-1.93884
-2.19627
-2.42564
-2.62523
-2.79427
-2.93164
-3.03766
-3.11162
-3.15503
-3.16651
-3.15082
-3.10779
-3.04876
-2.9766
-2.88035
-2.76919
-2.61935
-2.48085
-2.24163
-2.14039
-1.67524
-1.90959
-0.633131
-2.48548
5.22097
5.23064
5.23841
5.24352
5.2462
5.24608
5.2433
5.23749
5.22885
5.21695
5.20203
5.18362
5.16203
5.13671
5.10804
5.07544
5.03933
4.99912
4.95527
4.90716
4.85535
4.79919
4.7393
4.67504
4.60712
4.5349
4.4592
4.37941
4.29642
4.20968
4.12021
4.02755
3.93277
3.83551
3.73701
3.63697
3.53673
3.43612
3.33659
3.23804
3.142
3.04849
2.95906
2.87381
2.79429
2.72061
2.65424
2.59523
2.5449
2.50308
2.47075
2.44762
2.43409
2.43013
2.43564
2.45032
2.47366
2.50482
2.54289
2.58702
2.63611
2.68925
2.74524
2.80321
2.86186
2.92038
2.97803
3.02557
3.06566
3.10619
3.14686
3.18782
3.22858
3.26971
3.31468
3.34033
3.3959
3.5413
2.84414
5.54973
5.01864
4.99883
4.98467
4.97849
4.9762
4.97495
4.97452
4.97631
4.98096
4.9885
4.99838
5.01078
5.02573
5.04363
5.06427
5.08789
5.11425
5.14368
5.17587
5.21114
5.2492
5.29046
5.33431
5.37982
5.4216
5.45072
5.45967
5.44944
5.42101
5.37374
5.30494
5.21549
5.10625
4.98043
4.83992
4.68799
4.5252
4.35128
4.16383
3.96391
3.75214
3.52844
3.28949
3.03092
2.73782
2.39739
2.02732
1.65671
1.29293
0.932438
0.57175
0.215058
-0.13173
-0.464983
-0.783667
-1.08536
-1.36716
-1.62678
-1.86229
-2.07248
-2.25567
-2.4112
-2.5381
-2.63604
-2.70521
-2.74448
-2.75749
-2.74013
-2.70379
-2.65548
-2.58463
-2.49923
-2.37691
-2.26359
-2.05527
-1.97347
-1.55001
-1.78253
-0.580625
-2.37637
5.03843
5.0552
5.07015
5.08292
5.09339
5.10163
5.1073
5.11057
5.11105
5.10895
5.10382
5.09592
5.08478
5.07068
5.05313
5.03245
5.00813
4.98053
4.94911
4.9143
4.87553
4.83329
4.78699
4.73719
4.6833
4.62594
4.56454
4.49979
4.43113
4.35935
4.28392
4.20575
4.12433
4.04067
3.95435
3.86648
3.77672
3.68627
3.59488
3.50386
3.41308
3.32387
3.23622
3.15152
3.06982
2.99251
2.91965
2.85261
2.79145
2.73736
2.69023
2.65102
2.61953
2.59653
2.58169
2.57529
2.57668
2.58563
2.60154
2.62381
2.65179
2.68454
2.72137
2.7612
2.8034
2.84675
2.89107
2.92824
2.96008
2.99297
3.0265
3.06101
3.096
3.13238
3.17207
3.19393
3.25283
3.36413
2.75093
5.28147
4.85299
4.83062
4.81337
4.80365
4.7978
4.7928
4.78836
4.78556
4.78542
4.78775
4.79234
4.79896
4.80801
4.8195
4.83368
4.85038
4.86991
4.89214
4.91744
4.94561
4.97704
5.01162
5.05018
5.09301
5.14071
5.19089
5.2359
5.26179
5.26037
5.23097
5.17573
5.09307
4.98243
4.84518
4.68557
4.50789
4.31767
4.11852
3.91405
3.70718
3.50455
3.31247
3.13525
2.97252
2.81697
2.64028
2.40492
2.09353
1.71852
1.32417
0.959678
0.628162
0.308471
-0.00801737
-0.315133
-0.606362
-0.879463
-1.13398
-1.36906
-1.5827
-1.77358
-1.94006
-2.08162
-2.19683
-2.28616
-2.34763
-2.3847
-2.38907
-2.37238
-2.34487
-2.29682
-2.23454
-2.13783
-2.04736
-1.86953
-1.80433
-1.42475
-1.65013
-0.531104
-2.25766
4.87435
4.89277
4.90978
4.92477
4.93802
4.94917
4.9584
4.96539
4.97029
4.97276
4.97298
4.97057
4.96573
4.95805
4.94778
4.93447
4.91838
4.89905
4.87681
4.85114
4.8224
4.79009
4.75462
4.71546
4.67307
4.62693
4.57757
4.52446
4.46819
4.40826
4.34536
4.27899
4.20991
4.1377
4.06319
3.98603
3.90712
3.8262
3.74424
3.66107
3.57775
3.49421
3.41154
3.3298
3.25009
3.17257
3.09831
3.02753
2.96126
2.89978
2.84393
2.79394
2.75052
2.7138
2.6842
2.66162
2.6461
2.63743
2.63539
2.63969
2.64972
2.66506
2.68486
2.70876
2.73579
2.76523
2.79682
2.82406
2.84777
2.87288
2.89914
2.92701
2.95602
2.98722
3.02115
3.04009
3.10142
3.1769
2.65825
4.99364
4.54575
4.5214
4.5005
4.48587
4.47508
4.4653
4.4554
4.44614
4.43858
4.43292
4.4288
4.42592
4.42445
4.42447
4.4261
4.42917
4.43373
4.43964
4.44702
4.45565
4.46565
4.47667
4.48877
4.50145
4.51452
4.52744
4.54118
4.55562
4.56654
4.56403
4.54284
4.50464
4.45335
4.38923
4.31185
4.22175
4.1217
4.01369
3.89932
3.77844
3.65001
3.51406
3.37309
3.22488
3.0614
2.86646
2.62277
2.33293
2.02547
1.7143
1.39938
1.08895
0.78841
0.495217
0.209816
-0.0650436
-0.327361
-0.576409
-0.810542
-1.02803
-1.22704
-1.4062
-1.56417
-1.6996
-1.81195
-1.89941
-1.96412
-1.99385
-2.00003
-1.99666
-1.97535
-1.93969
-1.87332
-1.80815
-1.66745
-1.61768
-1.29367
-1.50313
-0.487463
-2.12768
4.56798
4.58758
4.60613
4.62314
4.63878
4.6528
4.66529
4.67602
4.68507
4.69219
4.69751
4.7007
4.70194
4.7009
4.69775
4.69212
4.68423
4.6737
4.66075
4.64497
4.62663
4.60531
4.58131
4.55416
4.52421
4.49102
4.45498
4.41561
4.37335
4.32774
4.27931
4.22758
4.17313
4.11554
4.05546
3.99248
3.92734
3.85969
3.79035
3.71903
3.64661
3.57291
3.49884
3.42433
3.35035
3.27692
3.20502
3.13473
3.06707
3.00219
2.94103
2.88377
2.83125
2.7836
2.74148
2.70491
2.67431
2.64963
2.63102
2.61825
2.61122
2.60952
2.6129
2.62093
2.63295
2.64838
2.66718
2.68439
2.69995
2.7175
2.73702
2.75875
2.78242
2.80926
2.83767
2.85624
2.92155
2.95544
2.56242
4.65934
3.98681
3.9643
3.94347
3.92684
3.91363
3.90149
3.88883
3.87597
3.86398
3.85324
3.8434
3.83411
3.82539
3.81737
3.81011
3.80352
3.7975
3.79197
3.78694
3.78227
3.77793
3.77368
3.76938
3.76465
3.75947
3.75411
3.75016
3.75002
3.75744
3.77455
3.79868
3.8216
3.83819
3.84931
3.8575
3.86104
3.8569
3.84203
3.81483
3.77278
3.71207
3.62765
3.5148
3.37162
3.19806
2.99487
2.76801
2.52909
2.29345
2.0654
1.82831
1.56793
1.29742
1.03418
0.779448
0.527586
0.278625
0.0359343
-0.197026
-0.418312
-0.626121
-0.818892
-0.994807
-1.15206
-1.28958
-1.40493
-1.50005
-1.55744
-1.58898
-1.61263
-1.62079
-1.61518
-1.58118
-1.54665
-1.44201
-1.41913
-1.13955
-1.36045
-0.416588
-2.03176
4.00783
4.02709
4.04573
4.06341
4.08027
4.09611
4.11101
4.12479
4.1375
4.14896
4.15924
4.16808
4.17562
4.18159
4.1861
4.18884
4.19
4.18923
4.18671
4.1821
4.17556
4.16676
4.1559
4.14257
4.12702
4.10887
4.08837
4.06514
4.03942
4.01085
3.97973
3.94569
3.90905
3.86951
3.8274
3.78242
3.73502
3.68491
3.63259
3.57783
3.52122
3.46259
3.40256
3.34105
3.27875
3.21569
3.15258
3.08953
3.02732
2.96613
2.90675
2.84939
2.79485
2.74333
2.69554
2.65169
2.61238
2.57772
2.5481
2.5235
2.50408
2.48971
2.48041
2.47591
2.47571
2.47955
2.48773
2.49647
2.50524
2.51686
2.53104
2.54812
2.56802
2.5921
2.61674
2.63537
2.70767
2.71566
2.40567
4.39875
3.73616
3.72132
3.70637
3.69359
3.68392
3.67595
3.66751
3.65855
3.64993
3.64234
3.63543
3.62895
3.62271
3.61697
3.61172
3.60707
3.60286
3.59913
3.59581
3.59294
3.59045
3.58831
3.58648
3.58491
3.58355
3.58235
3.58138
3.58062
3.58028
3.58068
3.58328
3.58891
3.59479
3.59324
3.57913
3.55328
3.51918
3.47701
3.42652
3.36745
3.30144
3.22996
3.15271
3.06905
2.97954
2.88514
2.78352
2.66491
2.5158
2.33014
2.11796
1.89196
1.65728
1.41939
1.18586
0.95577
0.726083
0.498045
0.275316
0.0601831
-0.145747
-0.340923
-0.523419
-0.691155
-0.842785
-0.975548
-1.09099
-1.1683
-1.21816
-1.26206
-1.29278
-1.31127
-1.30364
-1.29547
-1.22166
-1.22396
-0.983548
-1.22
-0.337958
-1.93921
3.75041
3.76346
3.7761
3.78802
3.79935
3.80992
3.81977
3.82877
3.83695
3.84418
3.85045
3.85565
3.8598
3.86277
3.86456
3.86504
3.86422
3.86196
3.8583
3.85305
3.84624
3.83772
3.82754
3.81549
3.80168
3.78586
3.76815
3.74834
3.72653
3.70251
3.67642
3.64805
3.61756
3.58476
3.54983
3.51258
3.47327
3.4317
3.38817
3.34256
3.29519
3.24599
3.19533
3.14317
3.08996
3.0357
2.9809
2.92561
2.8704
2.81539
2.76118
2.70796
2.65636
2.6066
2.55929
2.51469
2.47335
2.43549
2.40154
2.37163
2.34604
2.32481
2.30812
2.29588
2.28774
2.28367
2.28446
2.28705
2.29074
2.29745
2.30694
2.31971
2.33613
2.3576
2.37921
2.39917
2.47766
2.46866
2.22646
4.13555
3.44527
3.43581
3.42643
3.41839
3.41299
3.40923
3.40497
3.39984
3.39475
3.39032
3.3864
3.38255
3.37869
3.37485
3.37118
3.36761
3.36412
3.36056
3.35695
3.35317
3.34927
3.34507
3.34061
3.33567
3.33027
3.32416
3.31734
3.30948
3.30062
3.29051
3.27938
3.26769
3.25741
3.25017
3.24434
3.23326
3.21264
3.18375
3.15006
3.11198
3.06885
3.02097
2.96909
2.91344
2.85337
2.78803
2.71751
2.63922
2.5443
2.41954
2.25939
2.07358
1.87517
1.66618
1.44839
1.23116
1.01933
0.810623
0.60382
0.400547
0.203361
0.0141605
-0.165373
-0.333451
-0.488761
-0.628458
-0.753882
-0.842039
-0.902627
-0.958839
-1.00467
-1.0397
-1.05176
-1.06314
-1.01466
-1.03697
-0.832162
-1.07978
-0.259453
-1.83516
3.453
3.45956
3.46586
3.47145
3.4767
3.48126
3.48542
3.4888
3.49171
3.49381
3.49535
3.49599
3.49601
3.49505
3.49335
3.49061
3.48701
3.48228
3.47659
3.46968
3.46167
3.45235
3.44182
3.42989
3.41663
3.40187
3.38565
3.36785
3.34851
3.32749
3.30485
3.28048
3.25442
3.22659
3.19704
3.1657
3.13266
3.09786
3.06141
3.02329
2.98365
2.94248
2.89998
2.8562
2.81136
2.76555
2.71904
2.67194
2.62458
2.57713
2.52997
2.48329
2.43752
2.39287
2.34981
2.30857
2.26958
2.23309
2.19949
2.16896
2.14183
2.11818
2.09833
2.08231
2.06984
2.06116
2.05734
2.05587
2.05581
2.05879
2.06449
2.07371
2.08709
2.10601
2.125
2.14656
2.22882
2.20847
2.02879
3.83079
3.06235
3.06285
3.06191
3.06016
3.06049
3.06284
3.06486
3.06573
3.06613
3.06686
3.06786
3.0688
3.06942
3.06982
3.07
3.07004
3.06977
3.06913
3.06803
3.06646
3.06433
3.06161
3.05822
3.05408
3.04907
3.04313
3.03614
3.02796
3.01847
3.00757
2.99516
2.98118
2.9657
2.9494
2.93441
2.92279
2.91295
2.89889
2.87704
2.84918
2.818
2.78403
2.74641
2.70514
2.66035
2.61169
2.55817
2.49928
2.43459
2.35833
2.25936
2.12968
1.97206
1.79586
1.60665
1.40901
1.21249
1.02224
0.83511
0.648237
0.463106
0.282644
0.1092
-0.0552624
-0.209405
-0.350283
-0.47908
-0.571986
-0.637682
-0.700505
-0.755083
-0.80078
-0.825783
-0.851073
-0.821955
-0.859399
-0.685494
-0.940152
-0.179554
-1.72026
3.06066
3.0583
3.05603
3.05349
3.05091
3.04805
3.04508
3.04176
3.03825
3.03436
3.03023
3.02563
3.02071
3.01526
3.00943
3.00303
2.99614
2.98861
2.98052
2.97175
2.96234
2.95215
2.94122
2.92946
2.91688
2.9034
2.88898
2.8736
2.8572
2.83978
2.82124
2.8016
2.78079
2.75883
2.73561
2.71121
2.68555
2.65867
2.63053
2.60119
2.57061
2.53892
2.50611
2.4723
2.43753
2.40194
2.36566
2.32878
2.29147
2.25391
2.21627
2.17876
2.14164
2.10508
2.0694
2.03485
2.0017
1.97021
1.94068
1.91334
1.88845
1.86619
1.84685
1.83055
1.81707
1.80681
1.80098
1.79717
1.79481
1.79537
1.7986
1.80533
1.81638
1.83303
1.84937
1.87267
1.95633
1.92837
1.80355
3.48985
2.72468
2.73726
2.74661
2.75268
2.76004
2.76969
2.77922
2.78734
2.79441
2.80138
2.80827
2.81494
2.82095
2.82642
2.83126
2.83566
2.83932
2.84232
2.84443
2.8458
2.84614
2.84559
2.84389
2.84115
2.83705
2.83172
2.82487
2.81655
2.80647
2.79469
2.7809
2.76512
2.74708
2.72689
2.70455
2.68104
2.65878
2.64016
2.62311
2.6023
2.57517
2.54422
2.51167
2.4779
2.44217
2.40446
2.36443
2.32073
2.27251
2.21893
2.15576
2.0738
1.96398
1.82527
1.66587
1.49363
1.31344
1.13318
0.958766
0.788637
0.620287
0.454739
0.294396
0.141325
-0.00352944
-0.137574
-0.262048
-0.35314
-0.418304
-0.481739
-0.539406
-0.589518
-0.622116
-0.655675
-0.640843
-0.689032
-0.541089
-0.799117
-0.0946652
-1.59228
2.7117
2.69844
2.6854
2.67237
2.65951
2.64671
2.63403
2.62136
2.60877
2.59621
2.58366
2.57107
2.55845
2.54575
2.53298
2.52009
2.50704
2.49382
2.48039
2.46677
2.45286
2.43872
2.42423
2.40946
2.3943
2.37881
2.36284
2.34653
2.3297
2.3125
2.29473
2.27653
2.25776
2.23854
2.21867
2.19835
2.17739
2.15594
2.13384
2.11126
2.08801
2.0643
2.03998
2.01521
1.9899
1.96421
1.93808
1.91169
1.88497
1.85813
1.83115
1.80425
1.77746
1.75097
1.72488
1.69942
1.67471
1.65097
1.62835
1.60711
1.58741
1.56944
1.55352
1.53975
1.52796
1.51867
1.51313
1.50886
1.50572
1.50532
1.50725
1.51233
1.52152
1.53569
1.54953
1.57387
1.6566
1.62294
1.54262
3.11136
2.33691
2.36137
2.38076
2.39434
2.40802
2.42417
2.44035
2.45505
2.46809
2.48057
2.49249
2.50394
2.51428
2.52374
2.53201
2.53946
2.54566
2.55088
2.5547
2.55738
2.55853
2.55836
2.55651
2.55314
2.54791
2.54097
2.53194
2.52097
2.50773
2.49231
2.47438
2.45397
2.43077
2.40483
2.37589
2.34407
2.30949
2.27348
2.23878
2.20757
2.17704
2.14271
2.10385
2.06361
2.02373
1.98473
1.94642
1.909
1.87244
1.83643
1.80111
1.76538
1.72298
1.66362
1.58072
1.47535
1.35115
1.21139
1.06253
0.910437
0.754852
0.596088
0.438885
0.289035
0.14911
0.0211808
-0.0970801
-0.18322
-0.244321
-0.304106
-0.359353
-0.408736
-0.442775
-0.479284
-0.473034
-0.526989
-0.399572
-0.655568
-0.0051288
-1.43851
2.3125
2.28813
2.26419
2.24058
2.2173
2.19446
2.1719
2.14977
2.12791
2.1065
2.08532
2.06458
2.04409
2.02403
2.0042
1.98477
1.96553
1.9467
1.92807
1.9098
1.89166
1.8739
1.85629
1.83898
1.82178
1.80489
1.78805
1.77149
1.75497
1.73871
1.72243
1.70636
1.69027
1.67436
1.65836
1.64254
1.62662
1.61081
1.59485
1.57902
1.56301
1.54707
1.53095
1.51485
1.49861
1.48238
1.466
1.44966
1.4332
1.41677
1.40026
1.38383
1.36739
1.3511
1.33492
1.319
1.30335
1.28815
1.27344
1.25944
1.2462
1.23393
1.22287
1.2131
1.20436
1.19729
1.19296
1.18875
1.18513
1.18378
1.18413
1.1872
1.19404
1.20573
1.21713
1.24202
1.3219
1.28479
1.23323
2.67387
1.83552
1.86917
1.89775
1.91942
1.9405
1.96376
1.98741
2.00962
2.03019
2.04976
2.06872
2.0869
2.10397
2.11982
2.13446
2.14788
2.16003
2.17085
2.18024
2.18812
2.19443
2.19913
2.2021
2.20328
2.20258
2.19994
2.19524
2.18848
2.17951
2.16832
2.15479
2.13892
2.12058
2.0998
2.07643
2.05062
2.02234
1.99187
1.95981
1.92804
1.89957
1.87558
1.85238
1.82663
1.79962
1.77469
1.75219
1.73104
1.70964
1.6859
1.65675
1.61922
1.56998
1.50364
1.41454
1.30202
1.17049
1.02546
0.871793
0.723556
0.593816
0.481848
0.377955
0.276174
0.176177
0.0814997
-0.00878113
-0.0747953
-0.120398
-0.166332
-0.2108
-0.2517
-0.280999
-0.314842
-0.311906
-0.366987
-0.25536
-0.502471
0.0919134
-1.2342
1.80122
1.76704
1.73345
1.70021
1.66756
1.63537
1.60379
1.57274
1.54234
1.51251
1.48332
1.45475
1.42687
1.39966
1.37315
1.34733
1.32223
1.2979
1.2743
1.25148
1.22939
1.20814
1.1877
1.16808
1.14926
1.13132
1.1142
1.09799
1.0826
1.06816
1.05452
1.04185
1.02999
1.01906
1.00892
0.999721
0.99129
0.983713
0.976811
0.970722
0.965198
0.96034
0.955922
0.952036
0.948423
0.945156
0.941988
0.938987
0.935896
0.932771
0.929388
0.925817
0.921845
0.917588
0.912872
0.907827
0.902324
0.896566
0.890475
0.884281
0.877957
0.871778
0.865972
0.860694
0.855803
0.852092
0.850596
0.848448
0.846175
0.845606
0.846025
0.848053
0.852874
0.860941
0.867596
0.887536
0.958214
0.917691
0.87348
2.14594
1.30511
1.34824
1.38451
1.41133
1.43616
1.46276
1.4896
1.51466
1.53726
1.55807
1.57736
1.59525
1.61123
1.62531
1.63725
1.64726
1.65505
1.66074
1.66396
1.66481
1.66301
1.65867
1.65145
1.64146
1.62834
1.6122
1.59267
1.56984
1.5433
1.51313
1.47888
1.44059
1.39779
1.35036
1.29773
1.23966
1.1754
1.10443
1.02569
0.938195
0.840531
0.732358
0.613702
0.482415
0.334747
0.175716
0.0240658
-0.0942285
-0.15602
-0.14453
-0.0500691
0.130045
0.390278
0.712289
1.05566
1.35619
1.54413
1.57566
1.45283
1.2181
0.937434
0.682051
0.488025
0.346219
0.232872
0.136488
0.051995
-0.00439423
-0.0398945
-0.0739411
-0.106079
-0.135056
-0.154293
-0.179035
-0.173024
-0.220209
-0.12439
-0.336408
0.156086
-0.897263
1.26215
1.21989
1.17863
1.13835
1.09905
1.06087
1.02365
0.987699
0.952807
0.919186
0.886645
0.855445
0.825418
0.79676
0.769281
0.7432
0.718348
0.694944
0.67273
0.651971
0.632427
0.614292
0.597357
0.581814
0.567423
0.554363
0.542408
0.531701
0.522025
0.513542
0.505964
0.499466
0.493766
0.489035
0.484979
0.481762
0.479117
0.477178
0.475702
0.474799
0.474209
0.474076
0.474178
0.474625
0.475191
0.476008
0.476843
0.477828
0.478742
0.479719
0.480528
0.481292
0.481769
0.482095
0.482055
0.481792
0.481133
0.480285
0.479135
0.477909
0.476574
0.47538
0.474422
0.473604
0.472379
0.470967
0.469481
0.464825
0.458815
0.452808
0.446087
0.440388
0.4379
0.440566
0.444408
0.462779
0.527766
0.49957
0.439265
1.43515
0.223901
0.270512
0.312886
0.34705
0.377815
0.408952
0.440717
0.471772
0.501317
0.529424
0.556541
0.582806
0.608114
0.632261
0.655211
0.676988
0.697615
0.717064
0.735302
0.752297
0.768096
0.782671
0.796056
0.808245
0.81926
0.829136
0.837937
0.845675
0.852507
0.858482
0.863769
0.868534
0.873067
0.877618
0.882652
0.888598
0.895999
0.905353
0.917196
0.932591
0.9542
0.98835
1.04709
1.14862
1.31074
1.53815
1.81163
2.09173
2.32973
2.47782
2.49288
2.34094
2.00195
1.47937
0.811907
0.083912
-0.582226
-1.05389
-1.23479
-1.11741
-0.808536
-0.477106
-0.243274
-0.121809
-0.067877
-0.039998
-0.0263362
-0.0180659
-0.00883642
-0.00589077
-0.00829129
-0.0138654
-0.0169526
-0.0277805
-0.0209265
-0.0513527
0.0063389
-0.118827
0.162816
-0.387213
0.17775
0.132634
0.08858
0.0456178
0.00381505
-0.0367801
-0.076119
-0.114076
-0.150669
-0.18578
-0.219379
-0.251336
-0.281632
-0.310167
-0.336888
-0.361689
-0.384513
-0.405277
-0.42393
-0.440332
-0.454505
-0.466335
-0.475777
-0.482739
-0.487229
-0.489161
-0.488554
-0.485366
-0.479594
-0.471247
-0.460413
-0.447098
-0.431416
-0.413396
-0.393267
-0.371087
-0.347121
-0.321451
-0.294436
-0.266224
-0.237223
-0.207571
-0.177741
-0.147895
-0.118519
-0.0897553
-0.0620889
-0.0356038
-0.0107424
0.0124961
0.0337502
0.0530958
0.0702767
0.0854473
0.0984491
0.109488
0.118477
0.125644
0.130907
0.134458
0.136274
0.136646
0.135917
0.134628
0.133473
0.134039
0.137995
0.144001
0.149876
0.158226
0.167328
0.175869
0.182026
0.183711
0.177066
0.16884
0.176701
0.142408
0.0978729
0.524251
)
;

boundaryField
{
    inlet
    {
        type            freestreamPressure;
        freestreamValue uniform 0;
        value           nonuniform List<scalar> 
134
(
4.49488
3.97357
3.33846
2.66784
2.04571
1.458
0.961514
0.577779
0.299542
0.0859709
0.022402
0.0290913
0.0232024
0.000544533
-0.0349349
-0.0803126
-0.134153
-0.195456
-0.263614
-0.338529
4.9301
-0.420725
-0.510264
-0.603988
-0.693815
-0.765632
-0.810856
-0.876923
-0.892831
-0.922842
-1.13456
-1.05042
-1.06692
-1.09753
-1.12199
-1.13776
-1.15124
-1.17343
-1.22108
-1.2704
5.26882
5.53226
5.61819
5.45084
4.94156
3.94723
2.30012
-1.41847
-1.40281
-1.3678
-1.3442
-1.32632
-1.30574
-1.28165
-1.25558
-1.22797
-1.19864
-1.16751
-1.13467
-1.10019
-1.06394
-1.0258
-0.9854
-0.942131
-0.895051
-0.843479
-0.805404
-0.768659
-0.727341
-0.681717
-0.630903
-0.569865
-0.488814
-0.355266
-0.153256
0.981245
1.91201
2.78422
3.52432
4.16478
4.71885
5.14801
5.44237
5.62534
5.71313
5.73055
5.70235
5.64847
5.58326
5.52709
5.51559
5.56411
5.61952
5.64241
5.64107
5.62643
5.60097
5.56262
5.51068
5.44634
5.37195
5.29221
5.21626
5.16852
5.18332
5.34162
5.38639
5.23669
5.06843
4.9439
4.83451
4.71686
4.59166
4.46493
4.33768
4.20893
4.07763
3.94364
3.80638
3.66529
3.51901
3.36612
3.2036
3.0292
2.8266
2.66873
2.50927
2.32458
2.11793
1.88846
1.62315
1.30287
0.871465
0.31842
)
;
    }
    outlet
    {
        type            freestreamPressure;
        freestreamValue uniform 0;
        value           nonuniform List<scalar> 
160
(
0.00246003
0.00194974
0.00297443
0.00145196
0.00344376
0.000967027
0.00382391
0.000495118
0.00416747
3.6963e-05
0.00451546
-0.000407011
0.00487066
-0.0008363
0.00521842
-0.00124965
0.00555001
-0.00164729
0.0058661
-0.00202805
0.00617152
-0.00239165
0.00646768
-0.0027368
0.00675341
-0.00306335
0.00702638
-0.00337032
0.00728618
-0.00365718
0.00753298
-0.00392292
0.00776698
-0.00416695
0.00798781
-0.00438849
0.00819505
-0.00458702
0.00838832
-0.00476113
0.00856808
-0.0049111
0.00873395
-0.00503579
0.00888631
-0.00513472
0.00902502
-0.00520701
0.00915033
-0.00525272
0.00926256
-0.00527103
0.00936243
-0.00526214
0.00945001
-0.00522564
0.0095271
-0.00516151
0.00959416
-0.00506991
0.00965311
-0.00495176
0.00970578
-0.00480717
0.00975539
-0.00463736
0.0098047
-0.00444265
0.00985893
-0.00422552
0.0099229
-0.00398659
0.0100029
-0.0037287
0.0101046
-0.00345274
0.010234
-0.00316251
0.0104023
-0.00285965
0.0106368
-0.00254845
0.011004
-0.00223043
0.0116326
-0.00191059
0.0127207
-0.00159066
0.0144649
-0.00127578
0.0169232
-0.000967484
0.0198996
-0.000670888
0.02298
-0.000386869
0.0256383
-0.000120124
0.0273369
0.000129389
0.0275721
0.000357826
0.0259372
0.000566025
0.022195
0.00075125
0.0163927
0.000915165
0.00898651
0.00105606
0.000934312
0.00117614
-0.006407
0.00127444
-0.0115831
0.0013534
-0.0135423
0.00141207
-0.0122167
0.00145249
-0.0088083
0.00147436
-0.00518183
0.00148078
-0.00263526
0.00147539
-0.00131433
0.00146404
-0.000728024
0.00145429
-0.000425612
0.00146344
-0.000277856
0.0015099
-0.000188863
0.00157875
-8.96872e-05
0.00164596
-5.84782e-05
0.00174106
-8.50598e-05
0.00184519
-0.00014584
0.00194414
-0.000179755
0.00201781
-0.000296883
0.002043
-0.000223814
0.00197638
-0.000551299
0.00189203
6.96061e-05
0.00198856
-0.00127247
0.00161295
0.00178835
0.00111428
-0.00404329
0.00597086
)
;
    }
    walls
    {
        type            zeroGradient;
    }
    frontAndBack
    {
        type            empty;
    }
}


// ************************************************************************* //
