/*--------------------------------*- C++ -*----------------------------------*\
| =========                 |                                                 |
| \\      /  F ield         | OpenFOAM: The Open Source CFD Toolbox           |
|  \\    /   O peration     | Version:  2412                                  |
|   \\  /    A nd           | Website:  www.openfoam.com                      |
|    \\/     M anipulation  |                                                 |
\*---------------------------------------------------------------------------*/
FoamFile
{
    version     2.0;
    format      ascii;
    arch        "LSB;label=32;scalar=64";
    class       volScalarField;
    location    "300";
    object      p;
}
// * * * * * * * * * * * * * * * * * * * * * * * * * * * * * * * * * * * * * //

dimensions      [0 2 -2 0 0 0 0];

internalField   nonuniform List<scalar> 
10720
(
-23.1005
-94.145
-178.068
-261.669
-339.979
-420.252
-492.324
-553.785
-607.893
-651.16
-685.223
-711.037
-729.577
-742.096
-748.691
-748.779
-743.148
-730.623
-712.502
-688.34
-660.804
-631.86
-605.164
-575.888
-535.64
-485.949
-435.574
-390.946
-351.858
-315.056
-278.689
-242.504
-206.517
-170.378
-133.689
-95.3774
-55.485
-8.45824
31.6162
47.2031
110.927
177.742
239.235
290.687
327.805
346.981
351.441
345.326
327.84
303.608
277.902
252.621
228.509
206.244
185.513
166.27
148.007
130.428
112.993
95.6509
78.0707
60.3581
42.9587
27.8649
16.1646
6.7113
-0.801603
-6.18942
-9.50648
-11.0171
-10.8673
-9.1345
-5.82038
-0.90327
6.01657
15.5939
31.3451
57.8076
72.6237
18.8744
-41.7606
-106.668
-173.828
-242.995
-310.622
-374.565
-434.051
-487.253
-533.711
-573.403
-606.406
-632.642
-652.009
-663.915
-669.036
-667.221
-659.375
-645.689
-628.151
-608.498
-588.706
-564.343
-528.269
-481.603
-433.031
-389.216
-350.465
-313.863
-277.635
-241.556
-205.674
-169.657
-133.103
-94.9183
-55.1315
-8.11962
31.3317
120.719
166.284
211.324
254.189
291.218
319.636
336.347
341.695
336.792
322.604
302.741
280.491
257.511
234.734
212.891
192.136
172.515
153.787
135.722
117.954
100.37
82.7497
65.1822
48.1246
33.1447
21.2142
11.5844
3.80182
-2.17224
-6.23168
-8.39469
-8.76184
-7.43632
-4.4464
0.219768
6.9518
16.3866
32.049
57.5076
84.085
35.8601
-18.8156
-79.4999
-142.84
-208.213
-274.001
-337.528
-397.165
-451.826
-500.18
-541.811
-576.221
-603.245
-623.245
-636.47
-643.085
-643.045
-636.836
-624.869
-608.507
-589.277
-568.767
-544.562
-511.392
-469.135
-424.442
-383.145
-345.935
-310.464
-275.163
-239.816
-204.458
-168.782
-132.448
-94.4224
-54.7615
-7.86804
31.3689
127.319
168.946
209.954
248.321
280.831
305.768
321.222
327.32
324.501
313.638
297.177
277.488
256.256
234.615
213.382
192.943
173.426
154.74
136.702
119.037
101.589
84.2045
66.9511
50.2378
35.3006
23.0873
13.185
5.20536
-0.869584
-4.9496
-7.11325
-7.52446
-6.30102
-3.44896
1.07776
7.68704
17.0245
32.538
57.0131
102.568
62.1285
15.6662
-35.7211
-89.9714
-147.064
-205.329
-262.98
-318.678
-371.218
-419.427
-462.551
-499.986
-531.459
-556.788
-576.165
-589.228
-595.751
-595.885
-589.986
-578.971
-564.03
-546.288
-524.337
-494.491
-456.431
-415.32
-376.324
-340.511
-306.112
-271.764
-237.238
-202.557
-167.438
-131.539
-93.8363
-54.4018
-7.77209
31.3882
138.6
172.958
207.131
239.707
267.693
289.727
304.272
310.989
309.975
301.98
288.736
272.064
253.395
233.794
214.048
194.617
175.724
157.407
139.576
122.058
104.732
87.512
70.4719
53.9944
39.0969
26.6709
16.5219
8.29409
1.93565
-2.49255
-5.0566
-5.86197
-4.98185
-2.40394
1.9203
8.38589
17.6161
32.9371
56.4572
106.245
70.2852
28.7772
-17.4332
-66.3366
-118.387
-172.205
-226.179
-279.291
-330.352
-378.177
-421.924
-460.849
-494.375
-522.118
-543.881
-559.221
-568.119
-570.615
-567.124
-558.381
-545.424
-529.138
-508.612
-481.062
-446.006
-407.512
-370.2
-335.403
-301.812
-268.228
-234.406
-200.352
-165.786
-130.369
-93.0975
-54.0216
-7.81319
31.2018
138.358
168.819
199.219
228.224
253.198
273.201
287.056
294.233
294.692
289.079
278.621
264.699
248.462
230.855
212.63
194.283
176.117
158.276
140.766
123.504
106.414
89.4549
72.7128
56.5378
41.767
29.2106
18.8451
10.3849
3.78334
-0.892692
-3.67222
-4.65076
-3.90526
-1.44182
2.78091
9.15132
18.2775
33.3631
55.8836
107.673
75.8309
38.9013
-2.17833
-45.6439
-92.2375
-140.683
-189.696
-238.54
-286.136
-331.487
-373.799
-412.285
-446.283
-475.303
-498.964
-516.998
-529.221
-535.532
-536.101
-531.371
-522.058
-508.745
-490.8
-466.169
-434.409
-398.817
-363.526
-330.04
-297.437
-264.683
-231.561
-198.108
-164.079
-129.144
-92.3203
-53.6659
-8.02328
30.784
136.123
163.02
190.072
216.084
238.623
257.006
270.269
277.75
279.342
275.622
267.494
256.024
242.123
226.587
210.092
193.113
175.983
158.907
141.963
125.143
108.423
91.8082
75.3998
59.5289
44.9066
32.2688
21.7209
13.06
6.24353
1.33503
-1.68423
-2.90593
-2.40338
-0.173469
3.83927
10.0275
18.9829
33.7692
55.2641
105.709
76.9819
43.5842
6.409
-32.8382
-75.1255
-119.323
-164.307
-209.591
-254.222
-297.342
-338.245
-376.145
-410.346
-440.281
-465.456
-485.448
-499.878
-508.528
-511.471
-509.068
-501.897
-490.42
-474.266
-451.978
-423.125
-390.254
-356.935
-324.752
-293.126
-261.199
-228.777
-195.903
-162.372
-127.9
-91.547
-53.3885
-8.42981
30.1056
131.406
155.632
180.134
203.808
224.414
241.506
254.235
261.875
264.339
262.116
255.905
246.547
234.758
221.188
206.417
190.87
174.877
158.678
142.406
126.116
109.838
93.6189
77.5802
62.0365
47.6019
34.9437
24.2574
15.4206
8.40129
3.26188
-0.00159681
-1.45982
-1.17375
0.866781
4.72089
10.7735
19.5896
34.0701
54.5648
102.38
76.3028
45.9309
12.1573
-23.3936
-61.8102
-102.054
-143.147
-184.774
-226.126
-266.466
-305.206
-341.629
-375.063
-404.906
-430.612
-451.662
-467.724
-478.533
-484.02
-484.339
-479.831
-470.762
-456.867
-437.122
-411.177
-381.029
-349.76
-318.989
-288.44
-257.433
-225.795
-193.578
-160.601
-126.617
-90.745
-53.1485
-8.98376
29.1372
125.747
147.735
170.106
191.835
210.84
226.851
239.079
246.775
249.895
248.842
244.189
236.617
226.695
214.946
201.853
187.777
173.022
157.835
142.378
126.752
111.03
95.295
79.6874
64.5092
50.308
37.6913
26.9164
17.9375
10.7416
5.39279
1.90441
0.220871
0.288504
2.12308
5.78894
11.6653
20.2921
34.3925
53.8582
98.0694
74.1913
46.3535
15.4253
-17.0218
-52.1365
-88.9797
-126.669
-165.033
-203.368
-241.06
-277.639
-312.459
-344.896
-374.369
-400.302
-422.149
-439.484
-451.952
-459.336
-461.659
-459.153
-451.994
-440.013
-422.503
-399.18
-371.581
-342.321
-312.987
-283.548
-253.487
-222.662
-191.131
-158.747
-125.285
-89.9165
-52.9013
-9.59998
27.9151
119.502
139.643
160.242
180.339
197.993
213.076
224.831
232.513
236.111
235.974
232.58
226.501
218.198
208.091
196.574
183.938
170.451
156.344
141.786
126.909
111.818
96.6286
81.4956
66.7141
52.7825
40.2584
29.439
20.3479
12.9956
7.4512
3.74286
1.83369
1.68119
3.31035
6.79035
12.4922
20.926
34.6266
53.0888
93.2825
71.2892
45.6354
17.1721
-12.5876
-44.8143
-78.6342
-113.25
-148.593
-184.045
-219.105
-253.397
-286.354
-317.435
-346.085
-371.73
-393.82
-411.879
-425.542
-434.526
-438.704
-438.167
-432.971
-422.974
-407.683
-386.883
-361.764
-334.528
-306.689
-278.414
-249.341
-219.365
-188.556
-156.795
-123.89
-89.0645
-52.6366
-10.2598
26.5228
113.061
131.628
150.716
169.415
185.906
200.168
211.475
219.089
223.028
223.603
221.226
216.386
209.47
200.818
190.748
179.49
167.265
154.275
140.684
126.634
112.254
97.6768
83.0737
68.732
55.1149
42.7404
31.9296
22.7651
15.286
9.56856
5.6565
3.53196
3.16303
4.58329
7.86701
13.3752
21.5863
34.8348
52.2838
88.2598
67.893
44.1305
17.8031
-9.62263
-39.3277
-70.4907
-102.385
-135
-167.802
-200.382
-232.454
-263.52
-293.114
-320.736
-345.842
-367.888
-386.386
-400.908
-411.131
-416.791
-417.881
-414.387
-406.186
-392.934
-374.465
-351.694
-326.444
-300.124
-273.05
-245
-215.908
-185.854
-154.75
-122.437
-88.193
-52.3693
-10.9838
25.0025
106.609
123.825
141.603
159.086
174.567
188.091
198.965
206.478
210.652
211.779
210.219
206.404
200.668
193.289
184.527
174.557
163.553
151.682
139.093
125.922
112.31
98.4015
84.3744
70.5099
57.2474
45.0724
34.3187
25.1176
17.5386
11.6681
7.56525
5.23168
4.64836
5.85896
8.94291
14.2491
22.222
34.9894
51.4401
83.1789
64.2373
42.1355
17.6852
-7.69421
-35.1746
-63.9779
-93.4334
-123.58
-153.943
-184.189
-214.105
-243.267
-271.279
-297.696
-322.015
-343.719
-362.322
-377.361
-388.502
-395.388
-397.913
-395.993
-389.498
-378.177
-361.9
-341.363
-318.065
-293.29
-267.454
-240.464
-212.291
-183.028
-152.616
-120.928
-87.3063
-52.1204
-11.7828
23.3601
100.281
116.315
132.946
149.354
163.945
176.796
187.252
194.638
198.966
200.518
199.616
196.647
191.908
185.633
178.038
169.252
159.405
148.632
137.053
124.796
111.997
98.806
85.3995
72.0527
59.1866
47.2614
36.6154
27.419
19.772
13.7737
9.49818
6.96714
6.17508
7.17506
10.0524
15.142
22.8528
35.1023
50.5625
78.151
60.4664
39.8355
17.0468
-6.52409
-32.031
-58.7343
-86.0054
-113.922
-142.064
-170.146
-198.022
-225.328
-251.735
-276.86
-300.246
-321.412
-339.884
-355.186
-366.97
-374.821
-378.539
-377.993
-373.046
-363.503
-349.254
-330.822
-309.423
-286.199
-261.631
-235.732
-208.512
-180.075
-150.39
-119.363
-86.4032
-51.9001
-12.6546
21.606
94.1471
109.144
124.752
140.204
153.997
166.234
176.289
183.523
187.944
189.819
189.445
187.173
183.275
177.953
171.388
163.675
154.909
145.189
134.611
123.28
111.323
98.8852
86.1369
73.3452
60.9148
49.2855
38.7954
29.6448
21.9619
15.861
11.4314
8.71416
7.71905
8.50865
11.1748
16.0367
23.4665
35.1698
49.6542
73.2468
56.682
37.3654
16.0603
-5.89877
-29.6435
-54.4682
-79.7762
-105.679
-131.792
-157.876
-183.831
-209.353
-234.169
-257.954
-280.305
-300.772
-318.91
-334.248
-346.421
-355.006
-359.712
-360.37
-356.83
-348.925
-336.556
-320.103
-300.54
-278.864
-255.588
-230.807
-204.57
-176.993
-148.07
-117.741
-85.4825
-51.7077
-13.5971
19.7512
88.2551
102.326
117.021
131.61
144.683
156.349
166.02
173.088
177.553
179.674
179.722
178.025
174.833
170.329
164.666
157.917
150.146
141.424
131.817
121.408
110.307
98.6457
86.5868
74.3837
62.4259
51.1363
40.8494
31.7865
24.1023
17.9268
13.3643
10.4749
9.28484
9.86534
12.3156
16.9374
24.0655
35.196
48.7195
68.5099
52.952
34.8175
14.8472
-5.66727
-27.8306
-50.9635
-74.5045
-98.5804
-122.84
-147.084
-171.249
-195.078
-218.351
-240.789
-262.043
-281.704
-299.359
-314.556
-326.914
-336.022
-341.518
-343.202
-340.912
-334.496
-323.852
-309.246
-291.445
-271.302
-249.33
-225.691
-200.466
-173.781
-145.656
-116.061
-84.5441
-51.5386
-14.6066
17.8029
82.6302
95.8676
109.738
123.545
135.958
147.095
156.398
163.288
167.759
170.061
170.448
169.223
166.625
162.822
157.947
152.056
145.192
137.4
128.721
119.213
108.967
98.0976
86.7512
75.1643
63.7118
52.8023
42.7629
33.8295
26.1791
19.9578
15.2849
12.2389
10.8629
11.2367
13.4672
17.8378
24.6454
35.1815
47.7628
63.9668
49.322
32.2579
13.4962
-5.71571
-26.4492
-48.0526
-69.9946
-92.4116
-114.98
-137.533
-160.036
-182.269
-204.056
-225.168
-245.296
-264.08
-281.139
-296.045
-308.414
-317.858
-323.97
-326.515
-325.323
-320.247
-311.18
-298.29
-282.169
-263.533
-242.87
-220.39
-196.202
-170.441
-143.148
-114.324
-83.5883
-51.3919
-15.6751
15.7671
77.2833
89.767
102.885
115.978
127.785
138.426
147.377
154.081
158.528
160.961
161.618
160.782
158.683
155.478
151.288
146.156
140.112
133.177
125.374
116.736
107.331
97.2555
86.6349
75.6868
64.7693
54.2758
44.5254
35.7622
28.1813
21.9444
17.1854
14.0002
12.449
12.6198
14.6276
18.7362
25.2053
35.1292
46.7887
59.6343
45.8204
29.7313
12.0715
-5.95951
-25.3938
-45.6099
-66.0983
-87.0045
-108.031
-129.029
-149.989
-170.726
-191.099
-210.92
-229.923
-247.788
-264.171
-278.673
-290.914
-300.531
-307.097
-310.347
-310.102
-306.22
-298.581
-287.276
-272.746
-255.577
-236.222
-214.912
-191.782
-166.972
-140.545
-112.53
-82.6148
-51.2666
-16.7944
13.6527
72.2168
84.0144
96.4425
108.877
120.124
130.299
138.913
145.428
149.827
152.352
153.221
152.705
151.026
148.331
144.735
140.274
134.963
128.814
121.826
114.017
105.43
96.1393
86.2492
75.9549
65.5958
55.5503
46.1268
37.5727
30.0969
23.8754
19.0556
15.75
14.0357
14.0086
15.7916
19.6287
25.743
35.0416
45.8016
55.5194
42.4659
27.2726
10.6187
-6.33261
-24.584
-43.5333
-62.6978
-82.2243
-101.837
-121.406
-140.94
-160.281
-179.319
-197.898
-215.79
-232.719
-248.37
-262.379
-274.382
-284.031
-290.91
-294.721
-295.281
-292.449
-286.095
-276.243
-263.21
-247.462
-229.4
-209.266
-187.21
-163.378
-137.848
-110.677
-81.6222
-51.1617
-17.956
11.4725
67.4276
78.5959
90.3881
102.216
112.94
122.676
130.967
137.289
141.625
144.208
145.245
144.992
143.666
141.408
138.325
134.451
129.796
124.358
118.126
111.096
103.294
94.771
85.6079
75.9755
66.1926
56.6218
47.5589
39.2506
31.9149
25.7399
20.8858
17.48
15.6162
15.3975
16.9547
20.5121
26.2569
34.9219
44.8073
51.623
39.2702
24.9007
9.17422
-6.78967
-23.9553
-41.7456
-59.697
-77.9619
-96.2777
-114.532
-132.747
-150.788
-168.568
-185.961
-202.773
-218.764
-233.653
-247.108
-258.786
-268.351
-275.417
-279.659
-280.887
-278.967
-273.759
-265.232
-253.598
-239.213
-222.422
-203.463
-182.494
-159.662
-135.059
-108.767
-80.6101
-51.075
-19.1513
9.23904
62.9095
73.4973
84.7015
95.966
106.199
115.521
123.501
129.63
133.89
136.505
137.673
137.637
136.607
134.722
132.084
128.726
124.652
119.856
114.315
108.014
100.957
93.1748
84.7264
75.7575
66.5636
57.4888
48.8157
40.7866
33.6245
27.5271
22.6656
19.181
17.1826
16.7802
18.1119
21.3825
26.7456
34.7729
43.8106
47.9437
36.2394
22.6315
7.7609
-7.29283
-23.4607
-40.1844
-57.0237
-74.1295
-91.2538
-108.296
-125.291
-142.121
-158.72
-174.989
-190.761
-205.827
-219.94
-232.798
-244.083
-253.473
-260.617
-265.171
-266.943
-265.805
-261.61
-254.282
-243.945
-230.86
-215.311
-197.518
-177.642
-155.828
-132.18
-106.801
-79.5768
-51.0034
-20.3713
6.96558
58.6535
68.704
79.3618
90.1003
99.8737
108.803
116.484
122.421
126.594
129.222
130.491
130.633
129.853
128.287
126.033
123.125
119.567
115.346
110.435
104.806
98.45
91.3775
83.6253
75.3142
66.7148
58.1515
49.8927
42.1728
35.216
29.2265
24.3847
20.8437
18.7267
18.1498
19.2577
22.2364
27.2077
34.5981
42.8167
44.4766
33.3745
20.4745
6.39759
-7.81574
-23.0616
-38.8026
-54.6172
-70.6554
-86.682
-102.608
-118.474
-134.18
-149.674
-164.879
-179.655
-193.819
-207.155
-219.39
-230.233
-239.374
-246.502
-251.264
-253.468
-252.99
-249.68
-243.43
-234.289
-222.434
-208.087
-191.447
-172.664
-151.883
-129.215
-104.778
-78.5205
-50.9422
-21.6061
4.66647
54.6506
64.2007
74.3486
84.5939
93.9346
102.491
109.885
115.633
119.712
122.335
123.681
123.969
123.4
122.107
120.186
117.672
114.569
110.862
106.521
101.51
95.8063
89.4065
82.3259
74.66
66.6543
58.6129
50.7876
43.403
36.6806
30.8282
26.0332
22.4584
20.24
19.4992
20.3864
23.0699
27.6424
34.4008
41.8307
41.2158
30.675
18.434
5.09621
-8.33727
-22.7292
-37.5604
-52.4291
-67.48
-82.4938
-97.3881
-112.211
-126.872
-141.334
-155.54
-169.365
-182.658
-195.226
-206.825
-217.19
-226.028
-233.062
-237.942
-240.475
-240.544
-238.001
-232.711
-224.664
-213.964
-200.776
-185.266
-167.573
-147.834
-126.166
-102.7
-77.4395
-50.8868
-22.845
2.35666
50.8894
59.9724
69.642
79.4239
88.3562
96.5602
103.677
109.238
113.219
115.825
117.228
117.635
117.244
116.185
114.553
112.382
109.68
106.432
102.603
98.1556
93.057
87.289
80.8498
73.8111
66.3933
58.8782
51.5005
44.4728
38.0109
32.323
27.601
24.0155
21.7135
20.821
21.492
23.8791
28.0484
34.1843
40.858
38.1542
28.1377
16.5131
3.86558
-8.84399
-22.4408
-36.4283
-50.42
-64.5586
-78.634
-92.5741
-106.429
-120.119
-133.62
-146.885
-159.811
-172.267
-184.085
-195.046
-204.912
-213.406
-220.279
-225.201
-227.974
-228.487
-226.6
-222.159
-215.107
-205.485
-193.404
-178.995
-162.382
-143.69
-123.038
-100.568
-76.3314
-50.8314
-24.0783
0.0501991
47.3584
56.005
65.2251
74.5694
83.1163
90.9845
97.835
103.212
107.09
109.67
111.113
111.618
111.378
110.521
109.138
107.268
104.919
102.078
98.7095
94.7731
90.2306
85.0521
79.2203
72.7862
65.9445
58.9547
52.0335
45.3794
39.2006
33.7024
29.0787
25.5055
23.1382
22.1073
22.5684
24.6601
28.4251
33.9517
39.903
35.2837
25.7586
14.7119
2.71065
-9.32298
-22.1794
-35.3814
-48.5589
-61.8503
-75.0576
-88.113
-101.07
-113.858
-126.46
-138.844
-150.921
-162.579
-173.669
-183.999
-193.352
-201.474
-208.135
-213.033
-215.967
-216.832
-215.5
-211.804
-205.649
-197.027
-185.997
-172.656
-157.106
-139.461
-119.837
-98.3831
-75.1943
-50.7694
-25.2945
-2.23744
44.047
52.2833
61.0805
70.0121
78.1934
85.741
92.335
97.5321
101.307
103.852
105.322
105.907
105.795
105.11
103.945
102.338
100.3
97.8187
94.8624
91.3881
87.3537
82.7212
77.461
71.6044
65.3222
58.8512
52.39
46.1222
40.2453
34.9592
30.4575
26.919
24.505
23.3502
23.6093
25.4091
28.7717
33.7061
38.9705
32.5955
23.5328
13.0292
1.63423
-9.76651
-21.9312
-34.4001
-46.8193
-59.3237
-71.7241
-83.9583
-96.0814
-108.031
-119.797
-131.355
-142.632
-153.53
-163.92
-173.631
-182.468
-190.2
-196.61
-201.429
-204.456
-205.592
-204.722
-201.673
-196.324
-188.622
-178.583
-166.27
-151.762
-135.158
-116.569
-96.1484
-74.0248
-50.6941
-26.4825
-4.49139
40.9442
48.7946
57.1921
65.7325
73.5666
80.8083
87.1558
92.1781
95.8476
98.3523
99.839
100.489
100.485
99.9502
98.9737
97.597
95.832
93.6701
91.0808
88.0222
84.45
80.3201
75.5934
70.2848
64.5415
58.5787
52.576
46.702
41.1417
36.0875
31.7295
28.2472
25.8052
24.5417
24.6084
26.122
29.0876
33.4502
38.0644
30.0814
21.4546
11.4624
0.637483
-10.1697
-21.6865
-33.47
-45.1817
-56.9525
-68.6019
-80.0731
-91.4205
-102.589
-113.576
-124.362
-134.886
-145.064
-154.785
-163.895
-172.219
-179.549
-185.681
-190.377
-193.438
-194.776
-194.283
-191.793
-187.159
-180.298
-171.189
-159.86
-146.367
-130.794
-113.242
-93.8644
-72.8215
-50.5975
-27.631
-6.69674
38.039
45.5248
53.5445
61.7132
69.2173
76.1675
82.2772
87.1296
90.6946
93.1543
94.6488
95.3515
95.4402
95.0343
94.2222
93.0468
91.5223
89.6426
87.3802
84.6945
81.5408
77.871
73.6391
68.846
63.6183
58.1486
52.5989
47.1216
41.8885
37.0823
32.8874
29.4816
27.0304
25.6738
25.5593
26.7951
29.3722
33.1866
37.1882
27.7333
19.5175
10.0086
-0.279454
-10.5287
-21.4373
-32.5788
-43.6288
-54.7148
-65.6637
-76.4246
-87.0504
-97.4924
-107.752
-117.816
-127.633
-137.132
-146.214
-154.744
-162.565
-169.487
-175.322
-179.86
-182.907
-184.384
-184.198
-182.183
-178.181
-172.085
-163.841
-153.45
-140.941
-126.38
-109.861
-91.5357
-71.5811
-50.4724
-28.7306
-8.83925
35.3208
42.4618
50.1234
57.9396
65.1287
71.8008
77.6818
82.3686
85.8298
88.2415
89.7369
90.4819
90.649
90.355
89.6869
88.6881
87.3755
85.7454
83.7732
81.4209
78.6444
75.394
71.6185
67.3081
62.5692
57.5741
52.467
47.3853
42.486
37.9405
33.9254
30.6148
28.1724
26.739
26.456
27.4245
29.6248
32.917
36.3447
25.5426
17.7159
8.66304
-1.11726
-10.8417
-21.1781
-31.7167
-42.1478
-52.5929
-62.8883
-72.9865
-82.9406
-92.705
-102.287
-111.676
-120.83
-129.688
-138.163
-146.136
-153.467
-159.983
-165.508
-169.862
-172.856
-174.42
-174.475
-172.862
-169.416
-164.009
-156.568
-147.062
-135.502
-121.933
-106.438
-89.1637
-70.3017
-50.312
-29.7698
-10.9056
32.7792
39.5939
46.9162
54.3964
61.2853
67.6915
73.3522
77.8783
81.2369
83.5984
85.0895
85.8682
86.1026
85.9057
85.3634
84.5198
83.3936
81.9839
80.2692
78.2143
75.7767
72.9071
69.5506
65.6885
61.4101
56.8681
52.1904
47.4987
42.9356
38.6599
34.839
31.64
29.2238
27.7298
27.2926
28.0066
29.8448
32.6433
35.5364
23.5009
16.0428
7.42207
-1.87812
-11.1077
-20.9054
-30.8768
-40.7269
-50.572
-60.2565
-69.7354
-79.0627
-88.1962
-97.1442
-105.904
-114.437
-122.691
-130.593
-138.034
-144.889
-151.003
-156.214
-160.363
-163.274
-164.881
-165.121
-163.844
-160.882
-156.097
-149.393
-140.722
-130.07
-117.466
-102.981
-86.7527
-68.9809
-50.1067
-30.7393
-12.882
30.4049
36.91
43.9095
51.0695
57.6721
63.8236
69.2728
73.6428
76.9006
79.2103
80.6927
81.4982
81.7899
81.6781
81.2455
80.5384
79.5765
78.3614
76.875
75.0851
72.9516
70.4259
67.4518
64.0041
60.1567
56.0443
51.7794
47.4689
43.2408
39.2405
35.6244
32.5519
30.178
28.6395
28.0633
28.5379
30.0315
32.3665
34.7644
21.6004
14.4919
6.28114
-2.56459
-11.3265
-20.6157
-30.0532
-39.357
-48.6392
-57.7514
-66.652
-75.3936
-83.938
-92.2955
-100.466
-108.417
-116.106
-123.464
-130.399
-136.798
-142.52
-147.416
-151.347
-154.148
-155.764
-156.141
-155.142
-152.599
-148.368
-142.341
-134.45
-124.663
-112.994
-99.4993
-84.3068
-67.6169
-49.8511
-31.6287
-14.7561
28.1885
34.3991
41.0915
47.9465
54.2754
60.1829
65.4286
69.6475
72.8065
75.0636
76.5337
77.3603
77.7006
77.6632
77.3275
76.7403
75.9235
74.8802
73.5958
72.0415
70.1797
67.9636
65.3374
62.2708
58.8244
55.1166
51.2454
47.304
43.406
39.6831
36.2799
33.346
31.0293
29.462
28.763
29.015
30.1839
32.0872
34.0294
19.8334
13.057
5.23529
-3.17929
-11.4991
-20.3079
-29.2419
-38.0318
-46.7853
-55.3611
-63.7201
-71.9143
-79.9085
-87.7142
-95.3345
-102.742
-109.899
-116.746
-123.201
-129.162
-134.504
-139.087
-142.792
-145.467
-147.061
-147.535
-146.763
-144.582
-140.844
-135.433
-128.268
-119.302
-108.533
-96.0035
-81.8297
-66.2087
-49.5377
-32.4302
-16.5179
26.1209
32.0516
38.4513
45.0151
51.0823
56.7559
61.8055
65.8788
68.9412
71.1453
72.6001
73.4427
73.8252
73.8523
73.6018
73.1206
72.4318
71.5402
70.4346
69.0894
67.47
65.5321
63.2209
60.5029
57.4275
54.0982
50.5997
47.0126
43.4368
39.9901
36.8046
34.0193
31.7731
30.1922
29.3871
29.4349
30.3013
31.8058
33.3313
18.1924
11.7316
4.27989
-3.72549
-11.6266
-19.9811
-28.4397
-36.7458
-45.0023
-53.0744
-60.9263
-68.608
-76.0878
-83.3778
-90.484
-97.3822
-104.041
-110.407
-116.408
-121.952
-126.927
-131.206
-134.68
-137.214
-138.766
-139.303
-138.713
-136.841
-133.54
-128.689
-122.197
-114.006
-104.097
-92.5036
-79.3267
-64.7558
-49.1606
-33.1359
-18.1583
24.1936
29.858
35.9783
42.2636
48.0807
53.53
58.3911
62.3234
65.2915
67.4427
68.8803
69.7351
70.1534
70.2369
70.0615
69.6739
69.0978
68.3406
67.393
66.2331
64.8295
63.1405
61.1137
58.7135
55.9794
53.0019
49.854
46.6042
43.3398
40.1652
37.1995
34.57
32.4057
30.8257
29.9314
29.7948
30.3826
31.5217
32.6692
16.6701
10.5098
3.41011
-4.20648
-11.7107
-19.6349
-27.6442
-35.4936
-43.2822
-50.8811
-58.2577
-65.4597
-72.4585
-79.2671
-85.8924
-92.3146
-98.5058
-104.421
-109.993
-115.142
-119.764
-123.747
-126.99
-129.377
-130.867
-131.44
-130.996
-129.387
-126.472
-122.127
-116.256
-108.79
-99.7018
-89.0102
-76.8033
-63.2574
-48.7151
-33.7392
-19.6686
22.3985
27.8091
33.6627
39.6817
45.2592
50.4934
55.1733
58.969
61.8456
63.9442
65.3629
66.226
66.6749
66.8083
66.6989
66.3939
65.9177
65.2787
64.4711
63.4753
62.2634
60.7969
59.0257
56.9137
54.4924
51.84
49.0194
46.0886
43.1226
40.2131
37.4663
34.9975
32.9249
31.3592
30.3928
30.0922
30.4266
31.2342
32.0414
15.2596
9.38556
2.62114
-4.62568
-11.7532
-19.2699
-26.8539
-34.2726
-41.6198
-48.7739
-55.7041
-62.4566
-69.005
-75.3635
-81.5399
-87.517
-93.2712
-98.7628
-103.931
-108.705
-112.993
-116.689
-119.705
-121.939
-123.356
-123.943
-123.611
-122.226
-119.649
-115.761
-110.46
-103.673
-95.3611
-85.534
-74.2647
-61.7152
-48.1965
-34.2343
-21.043
20.7279
25.8963
31.4951
37.2594
42.6074
47.6352
52.1403
55.8044
58.5918
60.6381
62.0367
62.9053
63.3802
63.5571
63.5063
63.2743
62.8861
62.352
61.6677
60.8171
59.7753
58.5068
56.9648
55.1135
52.9774
50.6241
48.1072
45.4756
42.7932
40.1396
37.6085
35.3028
33.3296
31.7904
30.7686
30.3251
30.4322
30.9421
31.4455
13.9544
8.35313
1.90828
-4.98668
-11.7566
-18.8866
-26.0682
-33.0796
-40.0111
-46.7463
-53.2572
-59.5883
-65.7154
-71.6526
-77.409
-82.9702
-88.3155
-93.41
-98.2
-102.621
-106.589
-110.011
-112.806
-114.885
-116.219
-116.803
-116.559
-115.362
-113.082
-109.603
-104.824
-98.6681
-91.0886
-82.0853
-71.7173
-60.13
-47.603
-34.6178
-22.276
19.1743
24.1114
29.4666
34.9871
40.1151
44.9447
49.2817
52.8187
55.5194
57.514
58.8915
59.7628
60.2601
60.4753
60.4762
60.3085
59.9983
59.5566
58.9811
58.2588
57.3675
56.2752
54.9382
53.3215
51.4443
49.3646
47.1279
44.7751
42.3601
39.9513
37.6303
35.4881
33.6202
32.1183
31.0571
30.4918
30.3981
30.6437
30.8786
12.748
7.40706
1.26685
-5.29298
-11.7229
-18.486
-25.2862
-31.9126
-38.4519
-44.7925
-50.9094
-56.8451
-62.5773
-68.1207
-73.4847
-78.6572
-83.6201
-88.3428
-92.7775
-96.8656
-100.532
-103.693
-106.274
-108.2
-109.446
-110.013
-109.834
-108.796
-106.776
-103.663
-99.3614
-93.7895
-86.8967
-78.6739
-69.1676
-58.5043
-46.9329
-34.8863
-23.3643
17.7307
22.4469
27.5691
32.856
37.7731
42.4122
46.5872
50.0013
52.6179
54.5618
55.9173
56.7894
57.3054
57.5538
57.6003
57.4898
57.2484
56.8881
56.4088
55.7996
55.0412
54.105
52.9508
51.5451
49.9018
48.0712
46.0916
43.9968
41.8322
39.6555
37.5372
35.5566
33.7979
32.343
31.2576
30.5912
30.3233
30.3372
30.3373
11.6343
6.54198
0.692366
-5.54822
-11.6549
-18.0696
-24.5083
-30.7706
-36.9391
-42.9082
-48.6542
-54.2189
-59.5809
-64.7556
-69.7529
-74.5622
-79.168
-83.5433
-87.6452
-91.4213
-94.8037
-97.7163
-100.092
-101.868
-103.023
-103.563
-103.433
-102.527
-100.735
-97.9508
-94.0818
-89.0484
-82.7964
-75.3096
-66.6217
-56.8413
-46.1855
-35.0388
-24.3059
16.3906
20.8956
25.7946
30.8577
35.5725
40.0284
44.0475
47.3429
49.8777
51.7715
53.1044
53.9755
54.5072
54.7848
54.8714
54.8113
54.6306
54.3422
53.9474
53.4379
52.7968
51.9988
51.0072
49.79
48.3574
46.7525
45.0076
43.1503
41.2182
39.2599
37.3354
35.5129
33.8656
32.4655
31.3701
30.6228
30.2066
30.0204
29.8177
10.6077
5.75281
0.180492
-5.75564
-11.5549
-17.6385
-23.7344
-29.652
-35.4701
-41.0889
-46.4864
-51.7025
-56.7178
-61.5474
-66.2018
-70.6716
-74.9441
-78.9949
-82.7856
-86.2691
-89.3847
-92.0628
-94.244
-95.8741
-96.9372
-97.4448
-97.3481
-96.5539
-94.9599
-92.4694
-88.9934
-84.4548
-78.7981
-72.0009
-64.0865
-55.1449
-45.3624
-35.075
-25.1002
15.1473
19.4505
24.1356
28.9842
33.5047
37.7847
41.6534
44.8342
47.2895
49.1342
50.4437
51.3121
51.8568
52.1597
52.2816
52.266
52.1388
51.9137
51.5934
51.1714
50.6338
49.9577
49.1101
48.0612
46.8177
45.4165
43.8846
42.2445
40.527
38.7726
37.0317
35.3623
33.827
32.4882
31.3956
30.5865
30.0471
29.6911
29.3158
9.66265
5.03443
-0.272933
-5.91875
-11.4255
-17.1942
-22.9649
-28.556
-34.0434
-39.3318
-44.4011
-49.2897
-53.9798
-58.4867
-62.8204
-66.9734
-70.9347
-74.6827
-78.1829
-81.3929
-84.2581
-86.716
-88.7129
-90.2035
-91.1762
-91.6462
-91.5725
-90.8719
-89.4515
-87.2225
-84.1019
-80.0165
-74.9102
-68.7565
-61.5687
-53.4194
-44.4657
-34.9965
-25.7485
13.995
18.1049
22.5853
27.2279
31.5621
35.6727
39.3965
42.4663
44.8446
46.641
47.9269
48.791
49.3459
49.6708
49.8238
49.8473
49.7673
49.5977
49.3428
48.9977
48.5508
47.9822
47.2621
46.3627
45.2883
44.07
42.7305
41.2881
39.7674
38.202
36.6336
35.1109
33.6868
32.4143
31.3358
30.4829
29.8442
29.3469
28.8274
8.79383
4.38235
-0.672073
-6.04091
-11.2692
-16.7386
-22.2004
-27.4824
-32.6568
-37.6335
-42.3938
-46.9748
-51.3601
-55.5647
-59.5989
-63.4562
-67.1273
-70.5929
-73.8222
-76.7772
-79.4083
-81.6599
-83.4835
-84.8417
-85.7265
-86.1562
-86.0973
-85.4753
-84.2068
-82.2112
-79.4117
-75.7395
-71.1401
-65.5836
-59.0747
-51.6701
-43.4991
-34.8061
-26.2529
12.9279
16.853
21.1369
25.5821
29.7372
33.685
37.2689
40.2314
42.5348
44.2836
45.5454
46.4039
46.9669
47.3106
47.4905
47.5484
47.5098
47.389
47.1912
46.9136
46.5463
46.0721
45.4645
44.6976
43.7737
42.7191
41.5528
40.289
38.9479
37.5564
36.1489
34.7656
33.4505
32.2479
31.1935
30.3131
29.5975
28.9856
28.3482
7.99629
3.79198
-1.02072
-6.12532
-11.0884
-16.2731
-21.4417
-26.431
-31.3093
-35.9919
-40.4614
-44.7534
-48.8527
-52.7743
-56.5284
-60.1097
-63.5103
-66.713
-69.6902
-72.4075
-74.8208
-76.8796
-78.5412
-79.7743
-80.5749
-80.9637
-80.9131
-80.3573
-79.2221
-77.4342
-74.9243
-71.6282
-67.4936
-62.4887
-56.6111
-49.9026
-42.4672
-34.5079
-26.617
11.9406
15.6886
19.7845
24.0399
28.0229
31.8138
35.2629
38.1217
40.3521
42.0542
43.2915
44.1431
44.7121
45.0717
45.2752
45.363
45.3605
45.2824
45.1347
44.9159
44.6182
44.2267
43.7179
43.0682
42.2779
41.3692
40.3578
39.2549
38.0765
36.8442
35.5856
34.3337
33.1244
31.994
30.972
30.0789
29.307
28.6051
27.874
7.26524
3.25911
-1.32264
-6.17506
-10.8855
-15.7995
-20.6895
-25.4013
-30
-34.4049
-38.6005
-42.6207
-46.452
-50.1086
-53.6012
-56.9251
-60.0735
-63.0315
-65.7743
-68.2708
-70.4813
-72.3607
-73.8714
-74.9876
-75.7085
-76.0567
-76.0099
-75.5102
-74.4917
-72.8892
-70.6399
-67.6851
-63.9752
-59.4775
-54.1837
-48.1229
-41.3755
-34.107
-26.8461
11.028
14.6063
18.5216
22.5951
26.4126
30.0525
33.3715
36.1297
38.2892
39.9452
41.1578
42.0013
42.5743
42.9471
43.1708
43.2847
43.3138
43.2729
43.1688
43.0012
42.7641
42.4448
42.0227
41.4761
40.8041
40.0249
39.1515
38.1928
37.1611
36.0735
34.952
33.823
32.7153
31.6582
30.6754
29.7826
28.973
28.2037
27.4011
6.59626
2.77957
-1.58129
-6.19315
-10.6628
-15.3193
-19.945
-24.3937
-28.7276
-32.8704
-36.8079
-40.573
-44.1527
-47.5615
-50.8097
-53.8936
-56.8075
-59.5381
-62.063
-64.3546
-66.377
-68.0902
-69.4607
-70.4681
-71.1142
-71.4228
-71.3769
-70.9251
-70.0095
-68.5722
-66.5573
-63.9114
-60.588
-56.5547
-51.7985
-46.3369
-40.2302
-33.6098
-26.946
10.185
13.6009
17.343
21.2416
24.9001
28.3945
31.5878
34.2485
36.3389
37.9497
39.1372
39.9713
40.5466
40.9302
41.1712
41.3076
41.3641
41.3553
41.289
41.166
40.9816
40.7251
40.3787
39.9227
39.3549
38.6902
37.9393
37.1092
36.2091
35.2523
34.2562
33.2413
32.2304
31.2466
30.3083
29.427
28.5961
27.7798
26.9257
5.98503
2.34959
-1.80019
-6.18232
-10.4227
-14.8341
-19.2086
-23.408
-27.4915
-31.387
-35.0816
-38.6066
-41.9507
-45.1275
-48.1475
-51.0076
-53.7033
-56.2225
-58.5455
-60.6472
-62.4955
-64.055
-65.296
-66.203
-66.7795
-67.0506
-67.0031
-66.5927
-65.7679
-64.4781
-62.6737
-60.3067
-57.3341
-53.7242
-49.4606
-44.5511
-39.0382
-33.0234
-26.9236
9.40728
12.6674
16.2434
19.9739
23.4793
26.8335
29.9054
32.4717
34.4947
36.0607
37.2229
38.0466
38.6225
39.0147
39.2701
39.4257
39.5058
39.5249
39.4912
39.4066
39.2678
39.0659
38.7855
38.4087
37.9323
37.3684
36.7259
36.0099
35.2273
34.3882
33.506
32.5965
31.6772
30.7656
29.8759
29.0154
28.1777
27.3323
26.4446
5.42752
1.96551
-1.98252
-6.14533
-10.1672
-14.3453
-18.4814
-22.4445
-26.2911
-29.9531
-33.4188
-36.7184
-39.8415
-42.8014
-45.6085
-48.2601
-50.7528
-53.0759
-55.2117
-57.1378
-58.8255
-60.2431
-61.3649
-62.1791
-62.6915
-62.9276
-62.8777
-62.503
-61.7588
-60.6006
-58.9852
-56.8694
-54.2142
-50.9889
-47.1747
-42.7716
-37.8069
-32.3556
-26.7866
8.69026
11.8012
15.2176
18.7867
22.1449
25.3639
28.3183
30.7931
32.7502
34.2722
35.4086
36.221
36.7957
37.1944
37.4617
37.6338
37.734
37.7769
37.7712
37.7197
37.6202
37.4655
37.2422
36.9344
36.538
36.0627
35.5156
34.9003
34.2222
33.4885
32.7093
31.8965
31.0631
30.2221
29.3835
28.5516
27.7193
26.8605
25.955
4.91989
1.62383
-2.13129
-6.08474
-9.89843
-13.8545
-17.764
-21.5031
-25.1257
-28.5673
-31.8176
-34.9054
-37.8212
-40.5782
-43.1866
-45.6442
-47.9485
-50.0897
-52.0522
-53.8161
-55.3556
-56.6429
-57.6554
-58.3847
-58.8383
-59.0421
-58.9891
-58.6458
-57.9731
-56.9327
-55.4866
-53.5968
-51.2278
-48.3509
-44.9451
-41.0046
-36.5434
-31.6148
-26.5436
8.02981
10.9977
14.2609
17.675
20.8913
23.9799
26.8208
29.2066
31.0996
32.578
33.6884
34.4885
35.0605
35.4638
35.7407
35.9264
36.0436
36.1068
36.1251
36.1019
36.0361
35.9219
35.748
35.5001
35.1735
34.7756
34.312
33.7855
33.1998
32.56
31.8736
31.149
30.3957
29.6228
28.8368
28.0394
27.223
26.3641
25.4545
4.45853
1.32128
-2.24944
-6.00299
-9.61826
-13.3632
-17.0575
-20.5844
-23.9949
-27.2285
-30.2759
-33.1646
-35.8864
-38.4538
-40.8767
-43.1537
-45.2828
-47.2557
-49.0582
-50.6726
-52.0758
-53.2434
-54.1558
-54.8077
-55.2079
-55.3822
-55.3261
-55.0105
-54.4017
-53.4665
-52.1723
-50.4853
-48.374
-45.8112
-42.7753
-39.2555
-35.2555
-30.8094
-26.2033
7.42208
10.2528
13.369
16.6339
19.7138
22.6765
25.4075
27.707
29.5372
30.9726
32.0567
32.8434
33.4115
33.8174
34.1018
34.2986
34.4301
34.5104
34.5489
34.5497
34.5127
34.4333
34.3018
34.1057
33.8396
33.509
33.1185
32.6699
32.1656
31.6092
31.0058
30.3614
29.6823
28.9746
28.2419
27.4834
26.691
25.8435
24.9415
4.04005
1.05477
-2.33962
-5.90239
-9.32858
-12.8726
-16.3626
-19.6883
-22.8982
-25.9355
-28.792
-31.4938
-34.0335
-36.4237
-38.6737
-40.7829
-42.7495
-44.5665
-46.2212
-47.6978
-48.9759
-50.0338
-50.8552
-51.4368
-51.7887
-51.9364
-51.8774
-51.5865
-51.035
-50.1941
-49.0357
-47.5307
-45.6506
-43.3704
-40.6684
-37.5299
-33.9503
-29.9484
-25.775
6.86337
9.5626
12.5376
15.659
18.6075
21.4488
24.0734
26.289
28.0577
29.4506
30.5081
31.2805
31.8433
32.2502
32.5402
32.7458
32.889
32.9835
33.0391
33.0602
33.0475
32.9976
32.9025
32.7509
32.5372
32.2651
31.938
31.5574
31.1245
30.6419
30.1126
29.5407
28.9301
28.2842
27.6044
26.888
26.1261
25.2991
24.4147
3.66124
0.821355
-2.40444
-5.78503
-9.03107
-12.3839
-15.6799
-18.8148
-21.8352
-24.6873
-27.3639
-29.8902
-32.2595
-34.4841
-36.5729
-38.5259
-40.342
-42.0147
-43.5331
-44.883
-46.0465
-47.0044
-47.7429
-48.2608
-48.5693
-48.6933
-48.6318
-48.3633
-47.8631
-47.1067
-46.0701
-44.7278
-43.055
-41.0283
-38.6266
-35.8327
-32.635
-29.0402
-25.268
6.35016
8.92331
11.7626
14.7461
17.568
20.2921
22.8137
24.9476
26.6563
28.007
29.0375
29.7949
30.3511
30.7576
31.0513
31.2638
31.4163
31.5225
31.5922
31.6302
31.638
31.613
31.5489
31.4355
31.2667
31.0451
30.7732
30.4516
30.0814
29.6636
29.2003
28.6936
28.1458
27.5581
26.9302
26.2578
25.5313
24.7323
23.8733
3.31904
0.618324
-2.44627
-5.65302
-8.72739
-11.8983
-15.0099
-17.9642
-20.8053
-23.4827
-25.99
-28.3515
-30.5612
-32.631
-34.5698
-36.3777
-38.0541
-39.5937
-40.9864
-42.22
-43.2785
-44.1452
-44.8086
-45.2692
-45.5389
-45.6418
-45.5784
-45.3302
-44.8763
-44.1958
-43.268
-42.0713
-40.5838
-38.7841
-36.6518
-34.168
-31.3163
-28.0933
-24.6917
5.8792
8.33145
11.0405
13.8913
16.5912
19.2021
21.6238
23.6782
25.3281
26.6371
27.6404
28.3821
28.9305
29.335
29.6307
29.8482
30.0081
30.1238
30.2049
30.257
30.2817
30.2778
30.2398
30.1589
30.0287
29.8505
29.6261
29.3559
29.0401
28.6794
28.2744
27.8264
27.3358
26.8027
26.225
25.5974
24.9097
24.1443
23.3173
3.01062
0.443067
-2.46738
-5.50819
-8.419
-11.4168
-14.3535
-17.1366
-19.8081
-22.3206
-24.6687
-26.8755
-28.9357
-30.8609
-32.6599
-34.333
-35.8802
-37.2967
-38.5739
-39.7008
-40.6633
-41.447
-42.0424
-42.4514
-42.6866
-42.7712
-42.7065
-42.4771
-42.0649
-41.4524
-40.6221
-39.5555
-38.2333
-36.6364
-34.7451
-32.5398
-30.0005
-27.116
-24.0554
5.44744
7.78367
10.3676
13.0908
15.6731
18.1745
20.4995
22.4766
24.0688
25.3365
26.3124
27.0375
27.5771
27.9783
28.2746
28.4955
28.6608
28.7839
28.8743
28.9377
28.9765
28.99
28.974
28.9206
28.8233
28.6823
28.4988
28.2729
28.0046
27.6937
27.3404
26.9447
26.5062
26.0238
25.4942
24.9115
24.2648
23.537
22.7468
2.73329
0.293207
-2.46995
-5.35234
-8.10729
-10.9404
-13.7109
-16.3319
-18.843
-21.2
-23.3983
-25.4598
-27.3802
-29.1704
-30.8392
-32.3872
-33.8147
-35.1176
-36.2885
-37.3176
-38.1926
-38.901
-39.4351
-39.7978
-40.0024
-40.0711
-40.0058
-39.7936
-39.4191
-38.8678
-38.1248
-37.1742
-35.9995
-34.5833
-32.9072
-30.9513
-28.6932
-26.116
-23.3678
5.0519
7.2769
9.74064
12.3409
14.8099
17.2057
19.4368
21.3386
22.8743
24.101
25.0493
25.7572
26.2871
26.6837
26.9792
27.2019
27.3711
27.4998
27.5975
27.67
27.7203
27.7481
27.7504
27.7201
27.6508
27.5414
27.3929
27.2052
26.9779
26.7106
26.4027
26.0537
25.6625
25.2269
24.7432
24.2045
23.5999
22.9126
22.1626
2.48454
0.166436
-2.45587
-5.18708
-7.79357
-10.4701
-13.0828
-15.55
-17.9096
-20.1199
-22.1772
-24.1023
-25.8918
-27.556
-29.1037
-30.5355
-31.8522
-33.0505
-34.1237
-35.0631
-35.8584
-36.4985
-36.9773
-37.2988
-37.4764
-37.5314
-37.4661
-37.2699
-36.9297
-36.4333
-35.7683
-34.9213
-33.8779
-32.6227
-31.1383
-29.4052
-27.3996
-25.1005
-22.6376
4.68992
6.8082
9.15649
11.6386
13.9983
16.2919
18.432
20.2603
21.7407
22.9268
23.8472
24.5374
25.0566
25.4477
25.7411
25.9643
26.136
26.2686
26.3717
26.4515
26.5108
26.5503
26.5677
26.5568
26.511
26.4285
26.3098
26.1549
25.9631
25.7337
25.4658
25.1584
24.8098
24.4173
23.9767
23.4808
22.9185
22.2732
21.5658
2.26203
0.0606395
-2.42703
-5.01397
-7.479
-10.0065
-12.4695
-14.791
-17.0073
-19.0792
-21.0038
-22.801
-24.4678
-26.0145
-27.4494
-28.7735
-29.9877
-31.0895
-32.0729
-32.9305
-33.6531
-34.2313
-34.6605
-34.9452
-35.0991
-35.1424
-35.0778
-34.8964
-34.5874
-34.1404
-33.5453
-32.7906
-31.864
-30.7518
-29.438
-27.9036
-26.1241
-24.0759
-21.8729
4.35892
6.3748
8.61222
10.9806
13.2349
15.4296
17.4814
19.2383
20.6642
21.8102
22.7026
23.3745
23.8823
24.2668
24.5571
24.7796
24.9524
25.0876
25.1947
25.2798
25.3463
25.3952
25.4249
25.43
25.4039
25.3441
25.2508
25.124
24.9627
24.7662
24.5334
24.2628
23.9526
23.5997
23.1994
22.7446
22.224
21.6214
20.9578
2.06353
-0.0261589
-2.38515
-4.83443
-7.16468
-9.55044
-11.8712
-14.0547
-16.1355
-18.0769
-19.8766
-21.5537
-23.1058
-24.5428
-25.8726
-27.0968
-28.2163
-29.2291
-30.13
-30.9128
-31.5693
-32.0916
-32.4762
-32.7284
-32.8615
-32.8949
-32.8316
-32.664
-32.3833
-31.9808
-31.4482
-30.7758
-29.953
-28.9679
-27.8056
-26.4481
-24.8708
-23.0485
-21.0812
4.05648
5.97416
8.10506
10.3639
12.5166
14.6158
16.5817
18.269
19.6415
20.7477
21.612
22.2652
22.7609
23.138
23.4242
23.645
23.8177
23.9543
24.064
24.153
24.225
24.2812
24.3208
24.3391
24.3293
24.2886
24.2169
24.1139
23.9789
23.8109
23.6088
23.3709
23.0951
22.7782
22.4155
21.9997
21.5197
20.9596
20.3403
1.88699
-0.095816
-2.33183
-4.64969
-6.85155
-9.10252
-11.2882
-13.341
-15.2936
-17.1118
-18.794
-20.3585
-21.8031
-23.1376
-24.3698
-25.5012
-26.5331
-27.4639
-28.2892
-29.0037
-29.6001
-30.0719
-30.4166
-30.6398
-30.7549
-30.7799
-30.7184
-30.5638
-30.3088
-29.9465
-29.4698
-28.8708
-28.1403
-27.2679
-26.2401
-25.0398
-23.6429
-22.0233
-20.2695
3.78038
5.60382
7.63242
9.78591
11.8404
13.8472
15.7299
17.3492
18.6693
19.736
20.5723
21.2064
21.6894
22.0583
22.3396
22.5577
22.7294
22.8663
22.9775
23.0692
23.1451
23.207
23.2544
23.2833
23.2871
23.2623
23.2087
23.126
23.0136
22.8703
22.6949
22.4859
22.2409
21.9569
21.6289
21.2499
20.8089
20.2905
19.7151
1.73048
-0.150076
-2.26855
-4.46103
-6.54058
-8.66328
-10.7207
-12.6496
-14.481
-16.183
-17.7545
-19.2131
-20.5571
-21.796
-22.9372
-23.9826
-24.9336
-25.7888
-26.5448
-27.1967
-27.7386
-28.1648
-28.4738
-28.6715
-28.7709
-28.7891
-28.7297
-28.5873
-28.3559
-28.0297
-27.6031
-27.0694
-26.421
-25.6486
-24.74
-23.6792
-22.4431
-21.0053
-19.444
3.52851
5.26156
7.19188
9.2439
11.2037
13.1212
14.9229
16.4759
17.7444
18.7723
19.5805
20.1953
20.665
21.0251
21.3007
21.5154
21.6853
21.8216
21.9333
22.0265
22.1051
22.1711
22.2247
22.2621
22.2769
22.2653
22.2269
22.1615
22.0683
21.9464
21.7944
21.6108
21.3934
21.1391
20.843
20.4985
20.0946
19.6166
19.0842
1.59221
-0.190535
-2.19671
-4.26957
-6.23258
-8.23326
-10.1689
-11.9803
-13.6969
-15.2892
-16.7566
-18.1157
-19.3655
-20.5151
-21.5717
-22.5371
-23.4132
-24.1989
-24.8913
-25.4861
-25.9785
-26.3636
-26.6407
-26.8158
-26.9016
-26.9142
-26.8573
-26.7264
-26.5165
-26.223
-25.8413
-25.3659
-24.7904
-24.1066
-23.3037
-22.3666
-21.2735
-19.9984
-18.6105
3.2989
4.94524
6.78118
8.73554
10.604
12.4349
14.1579
15.6463
16.8641
17.8535
18.6339
19.2291
19.6851
20.0359
20.3052
20.5157
20.6831
20.818
20.9294
21.0232
21.1035
21.1725
21.2306
21.2748
21.2985
21.2978
21.272
21.2212
21.1445
21.041
20.9094
20.7483
20.5555
20.328
20.0612
19.7486
19.3798
18.9404
18.4495
1.47048
-0.218719
-2.11757
-4.07633
-5.92831
-7.81288
-9.63279
-11.3328
-12.9408
-14.4295
-15.7987
-17.0644
-18.2258
-19.292
-20.2697
-21.161
-21.9677
-22.6893
-23.3232
-23.8661
-24.3135
-24.6615
-24.9101
-25.0654
-25.1396
-25.1478
-25.0936
-24.9735
-24.7833
-24.5193
-24.1778
-23.7545
-23.2437
-22.6386
-21.9292
-21.1019
-20.1359
-19.0061
-17.7739
3.08971
4.65291
6.39823
8.25855
10.0387
11.7859
13.4324
14.8577
16.0255
16.9769
17.7298
18.3054
18.7474
19.0883
19.3508
19.5566
19.7208
19.8538
19.9641
20.0578
20.1389
20.2097
20.2712
20.3206
20.3514
20.3596
20.3444
20.3059
20.2432
20.1556
20.0418
19.9005
19.7296
19.5262
19.2861
19.0031
18.6672
18.2644
17.8133
1.36373
-0.236048
-2.03238
-3.8823
-5.62849
-7.40257
-9.11248
-10.7068
-12.2119
-13.6026
-14.8792
-16.057
-17.1357
-18.1238
-19.0279
-19.8503
-20.5929
-21.2554
-21.8357
-22.331
-22.7376
-23.0523
-23.2755
-23.4133
-23.4775
-23.4823
-23.4311
-23.3211
-23.149
-22.9117
-22.6065
-22.2296
-21.7764
-21.241
-20.6145
-19.8845
-19.0313
-18.0312
-16.9386
2.89923
4.38271
6.04107
7.81085
9.50589
11.172
12.744
14.1077
15.2259
16.1401
16.8658
17.4217
17.8494
18.1801
18.4354
18.636
18.7966
18.927
19.0358
19.1287
19.2099
19.2818
19.3455
19.3988
19.4352
19.4507
19.4443
19.416
19.3654
19.2914
19.1931
19.0692
18.9178
18.7362
18.5204
18.2645
17.9592
17.591
17.1774
1.27054
-0.243782
-1.94222
-3.68832
-5.33375
-7.00269
-8.60802
-10.102
-11.5096
-12.8076
-13.9968
-15.0916
-16.0926
-17.0077
-17.8433
-18.6015
-19.2846
-19.8926
-20.4237
-20.8755
-21.245
-21.5297
-21.7303
-21.8528
-21.9086
-21.9108
-21.8628
-21.7624
-21.6069
-21.3939
-21.1212
-20.7858
-20.3839
-19.9104
-19.3574
-18.7136
-17.9606
-17.076
-16.1085
2.72589
4.13292
5.70783
7.39037
9.00321
10.5909
12.0904
13.3939
14.4629
15.3406
16.0397
16.5759
16.9891
17.3092
17.557
17.7521
17.9086
18.0362
18.1429
18.2346
18.3152
18.3874
18.4526
18.5087
18.5495
18.5708
18.5716
18.552
18.5116
18.4494
18.3646
18.2561
18.122
17.96
17.7662
17.5352
17.2582
16.9223
16.5441
1.18959
-0.243038
-1.84806
-3.49509
-5.04449
-6.61334
-8.11922
-9.51802
-10.833
-12.0434
-13.1498
-14.1665
-15.0944
-15.9413
-16.7127
-17.4111
-18.039
-18.5965
-19.0823
-19.4945
-19.8304
-20.088
-20.2685
-20.3777
-20.4263
-20.4267
-20.3821
-20.2908
-20.1505
-19.9596
-19.7162
-19.418
-19.0619
-18.6434
-18.1555
-17.588
-16.924
-16.1425
-15.2867
2.56826
3.90197
5.39676
6.99521
8.52863
10.0402
11.4688
12.7137
13.7341
14.5765
15.2496
15.766
16.1643
16.4737
16.7137
16.9031
17.0552
17.1795
17.2839
17.3739
17.4536
17.5256
17.5915
17.6495
17.6937
17.7196
17.7264
17.7141
17.6823
17.6303
17.5574
17.4623
17.3437
17.1992
17.0254
16.8172
16.5662
16.2603
15.9153
1.1195
-0.23505
-1.75096
-3.30349
-4.76142
-6.23483
-7.646
-8.95434
-10.1811
-11.3086
-12.3366
-13.2795
-14.1391
-14.922
-15.6332
-16.2757
-16.8522
-17.3631
-17.8071
-18.1829
-18.4882
-18.7215
-18.8841
-18.9817
-19.0244
-19.0236
-18.9826
-18.8999
-18.7738
-18.603
-18.3861
-18.1213
-17.806
-17.4365
-17.0064
-16.5067
-15.9217
-15.2319
-14.476
2.42487
3.68843
5.10653
6.62387
8.0806
9.51819
10.8775
12.0649
13.0366
13.8455
14.4938
14.9901
15.3733
15.6718
15.9039
16.0872
16.2348
16.3557
16.4574
16.5454
16.6238
16.6951
16.7612
16.8204
16.8671
16.8967
16.9084
16.9022
16.8779
16.8348
16.7721
16.689
16.5841
16.4554
16.2997
16.1122
15.8852
15.6071
15.2929
1.05894
-0.221377
-1.65244
-3.11505
-4.48569
-5.86833
-7.18912
-8.41114
-9.5536
-10.6026
-11.5552
-12.4279
-13.224
-13.9472
-14.6017
-15.1917
-15.7204
-16.1881
-16.5937
-16.9361
-17.2136
-17.425
-17.5716
-17.6591
-17.6969
-17.6956
-17.6582
-17.5838
-17.4708
-17.3184
-17.1256
-16.8909
-16.6121
-16.2861
-15.9075
-15.468
-14.9532
-14.3451
-13.6786
2.29434
3.49101
4.8359
6.27544
7.65851
9.02453
10.3159
11.4464
12.3666
13.1442
13.7695
14.2457
14.6136
14.9013
15.1256
15.303
15.4459
15.5631
15.662
15.7479
15.8246
15.8949
15.9607
16.0207
16.0691
16.1017
16.1174
16.1165
16.0985
16.0631
16.0095
15.937
15.8444
15.7298
15.5904
15.4218
15.2168
14.9643
14.6788
1.00694
-0.202788
-1.55319
-2.93036
-4.21807
-5.51453
-6.74914
-7.88903
-8.95089
-9.92608
-10.8044
-11.6093
-12.346
-13.0134
-13.6143
-14.155
-14.6393
-15.067
-15.4372
-15.749
-16.0013
-16.193
-16.3258
-16.4046
-16.4384
-16.4371
-16.4036
-16.337
-16.2363
-16.1009
-15.9299
-15.7223
-15.4764
-15.1894
-14.8567
-14.4706
-14.0183
-13.4831
-12.8963
2.1756
3.30838
4.58352
5.94827
7.26074
8.55764
9.78377
10.8583
11.7227
12.4705
13.0742
13.5304
13.8829
14.1602
14.3768
14.5482
14.6864
14.8
14.896
14.9797
15.0546
15.1237
15.189
15.2493
15.2991
15.3341
15.3532
15.3567
15.3443
15.3157
15.2702
15.2071
15.1255
15.0237
14.8991
14.7477
14.5628
14.3338
14.0748
0.963588
-0.178473
-1.4516
-2.74724
-3.95602
-5.17045
-6.32358
-7.38589
-8.37164
-9.27634
-10.0836
-10.826
-11.5079
-12.1213
-12.6703
-13.164
-13.6065
-13.9966
-14.3335
-14.6171
-14.8463
-15.0203
-15.1407
-15.2121
-15.2429
-15.2421
-15.2126
-15.1536
-15.0644
-14.9447
-14.7937
-14.6108
-14.3945
-14.1425
-13.8507
-13.5124
-13.1159
-12.6458
-12.1302
2.06813
3.13948
4.3466
5.63838
6.88195
8.11077
9.27404
10.2948
11.1084
11.8305
12.4114
12.8453
13.1819
13.4485
13.6571
13.8221
13.9555
14.0653
14.1583
14.2395
14.3126
14.3804
14.445
14.5054
14.5561
14.593
14.6151
14.6225
14.615
14.5924
14.5542
14.4996
14.4279
14.3376
14.2265
14.0908
13.9242
13.7169
13.4821
0.928405
-0.148695
-1.34712
-2.56453
-3.69733
-4.83283
-5.90766
-6.8966
-7.81022
-8.64736
-9.38627
-10.0787
-10.7137
-11.2727
-11.7692
-12.218
-12.6211
-12.9755
-13.2808
-13.5377
-13.7455
-13.9033
-14.0126
-14.0777
-14.1063
-14.1065
-14.0812
-14.0297
-13.9514
-13.8464
-13.7138
-13.5532
-13.3637
-13.1433
-12.8881
-12.5924
-12.2457
-11.8338
-11.3822
1.97136
2.98324
4.12378
5.34316
6.51806
7.6775
8.77796
9.74235
10.5164
11.2275
11.7842
12.1904
12.51
12.7665
12.9671
13.1256
13.2538
13.3597
13.4497
13.5284
13.5995
13.6657
13.7294
13.7895
13.8409
13.8794
13.9039
13.9147
13.9117
13.8945
13.8627
13.8158
13.7531
13.6733
13.5743
13.4528
13.303
13.1156
12.9033
0.902016
-0.124249
-1.26481
-2.41625
-3.48149
-4.54125
-5.53082
-6.43161
-7.24526
-7.9921
-8.60494
-9.28286
-9.924
-10.4607
-10.9326
-11.3661
-11.7576
-12.1005
-12.3952
-12.6435
-12.8447
-12.9979
-13.1042
-13.168
-13.1969
-13.1992
-13.178
-13.1324
-13.0625
-12.9687
-12.8476
-12.7021
-12.5312
-12.3325
-12.1028
-11.8367
-11.5247
-11.154
-10.7479
1.89729
2.86123
3.94934
5.10354
6.21115
7.29102
8.30016
9.15423
9.83659
10.6194
11.1932
11.5905
11.9097
12.1708
12.3741
12.5338
12.6629
12.7699
12.8607
12.9403
13.0124
13.0798
13.1448
13.2068
13.2605
13.3015
13.3289
13.3427
13.3432
13.33
13.3028
13.2612
13.2044
13.1316
13.0408
12.9287
12.7902
12.6161
12.419
0.881722
-0.102716
-1.19403
-2.28785
-3.29031
-4.2748
-5.17592
-5.97829
-6.6744
-7.31178
-7.75917
-8.45663
-9.13973
-9.67646
-10.1428
-10.5802
-10.9783
-11.326
-11.6245
-11.8762
-12.0808
-12.2371
-12.3465
-12.4132
-12.4451
-12.4509
-12.4342
-12.3934
-12.3301
-12.2452
-12.1304
-11.9947
-11.8366
-11.6529
-11.4405
-11.195
-10.9074
-10.5657
-10.1913
1.83743
2.76126
3.80222
4.8951
5.93403
6.92482
7.82428
8.5463
9.11322
10.0076
10.6291
11.0324
11.3617
11.6365
11.8501
12.0164
12.1507
12.2621
12.3567
12.4396
12.5147
12.5851
12.6534
12.7188
12.7761
12.8205
12.8509
12.8679
12.8714
12.8613
12.8374
12.7994
12.7467
12.6785
12.593
12.4872
12.3561
12.1907
12.0036
0.863242
-0.0789457
-1.12052
-2.15629
-3.09607
-4.00552
-4.82029
-5.5266
-6.11193
-6.64282
-6.93632
-7.64023
-8.35627
-8.89073
-9.34769
-9.78458
-10.1864
-10.5371
-10.8377
-11.0919
-11.2994
-11.4585
-11.571
-11.6406
-11.6757
-11.6853
-11.6734
-11.6381
-11.5821
-11.5069
-11.3993
-11.2741
-11.1298
-10.9618
-10.7671
-10.5422
-10.2792
-9.96637
-9.62631
1.77876
2.66226
3.65545
4.68678
5.65808
6.55968
7.35356
7.95153
8.40507
9.38786
10.0586
10.4684
10.8042
11.0905
11.3138
11.4866
11.6258
11.7412
11.8394
11.9254
12.0034
12.0767
12.1481
12.217
12.2779
12.3257
12.3594
12.3795
12.3862
12.3794
12.359
12.3247
12.2763
12.2128
12.1327
12.0332
11.9096
11.753
11.5761
0.8464
-0.0535194
-1.0452
-2.02322
-2.90085
-3.73609
-4.46716
-5.07969
-5.56169
-5.98493
-6.14194
-6.83731
-7.57295
-8.10368
-8.5494
-8.98141
-9.3835
-9.73517
-10.0366
-10.2921
-10.5017
-10.6635
-10.779
-10.8515
-10.8899
-10.903
-10.8958
-10.8654
-10.8162
-10.7499
-10.6488
-10.5332
-10.4015
-10.2482
-10.0705
-9.86565
-9.62632
-9.34073
-9.02772
1.72147
2.56489
3.51009
4.48035
5.38542
6.19781
6.8914
7.36982
7.71684
8.76103
9.47982
9.89972
10.2394
10.5346
10.7667
10.9458
11.0897
11.209
11.3105
11.3995
11.4802
11.5563
11.6307
11.703
11.7675
11.8186
11.8557
11.8791
11.8892
11.8859
11.8692
11.839
11.7951
11.7367
11.6623
11.5694
11.4534
11.3057
11.1387
0.831337
-0.0267018
-0.968826
-1.88988
-2.70648
-3.469
-4.11943
-4.64066
-5.02678
-5.33984
-5.37939
-6.05149
-6.79109
-7.31487
-7.74793
-8.17134
-8.57009
-8.92063
-9.2215
-9.4773
-9.68825
-9.85256
-9.97107
-10.0474
-10.0905
-10.1093
-10.1092
-10.0866
-10.0472
-9.99286
-9.90182
-9.79891
-9.68249
-9.54588
-9.38645
-9.20206
-8.98675
-8.73114
-8.46002
1.66614
2.46995
3.36738
4.27755
5.11815
5.84122
6.44007
6.79915
7.0476
8.12812
8.89071
9.32462
9.66843
9.97062
10.2101
10.3946
10.5425
10.6654
10.7704
10.8626
10.9463
11.0254
11.1029
11.1787
11.2469
11.3019
11.3425
11.3694
11.3831
11.3834
11.3705
11.3443
11.3049
11.2516
11.1832
11.0971
10.9892
10.851
10.6952
0.818026
0.000958599
-0.892701
-1.7581
-2.51546
-3.20736
-3.78077
-4.21369
-4.511
-4.71053
-4.65056
-5.28507
-6.01186
-6.52399
-6.94305
-7.35461
-7.74637
-8.09342
-8.39249
-8.64789
-8.85986
-9.02631
-9.14713
-9.22561
-9.2703
-9.29091
-9.29323
-9.27349
-9.23844
-9.18991
-9.10344
-9.00814
-8.90241
-8.77899
-8.63556
-8.4704
-8.27677
-8.04184
-7.77573
1.61341
2.37869
3.2289
4.08079
4.85834
5.49201
6.00147
6.23762
6.39336
7.48985
8.28986
8.74002
9.08923
9.39925
9.6472
9.83716
9.98779
10.1127
10.22
10.3147
10.4012
10.4832
10.5641
10.6437
10.716
10.7752
10.8202
10.8517
10.8701
10.8753
10.8674
10.8464
10.8122
10.7643
10.7017
10.622
10.5213
10.391
10.2419
0.806394
0.028199
-0.819194
-1.63125
-2.3314
-2.95519
-3.45485
-3.8023
-4.01659
-4.09904
-3.95637
-4.53937
-5.23666
-5.73117
-6.13407
-6.53062
-6.91186
-7.2527
-7.54826
-7.80236
-8.01573
-8.18637
-8.31448
-8.40351
-8.4611
-8.49562
-8.51314
-8.50968
-8.49298
-8.46465
-8.39631
-8.32014
-8.23459
-8.13132
-8.00801
-7.8642
-7.69745
-7.50465
-7.32096
1.56447
2.29321
3.0976
3.89358
4.60793
5.15021
5.5734
5.67888
5.74462
6.84541
7.67915
8.14541
8.49742
8.81309
9.07147
9.27176
9.42971
9.55866
9.66782
9.7637
9.85139
9.9351
10.0184
10.1012
10.177
10.2396
10.288
10.3231
10.3454
10.3551
10.3526
10.3379
10.3111
10.2717
10.2186
10.1495
10.0608
9.94609
9.81998
0.796152
0.0534326
-0.751411
-1.51367
-2.15929
-2.71759
-3.1452
-3.40805
-3.54316
-3.50636
-3.2961
-3.81471
-4.46665
-4.93633
-5.31953
-5.69763
-6.06515
-6.3976
-6.68802
-6.93849
-7.14877
-7.31554
-7.4372
-7.51558
-7.56036
-7.58358
-7.59144
-7.57942
-7.55546
-7.52053
-7.44733
-7.371
-7.29003
-7.19611
-7.08685
-6.96065
-6.80838
-6.60968
-6.3505
1.52019
2.21522
2.97644
3.71982
4.36904
4.81689
5.15478
5.11584
5.0856
6.18596
7.05941
7.55078
7.90663
8.21836
8.47434
8.6777
8.8442
8.98431
9.104
9.20809
9.30169
9.38992
9.4774
9.56508
9.6471
9.71653
9.77144
9.81223
9.83912
9.8522
9.85173
9.83806
9.81159
9.7725
9.72038
9.65331
9.56674
9.44841
9.3005
0.787071
0.0767604
-0.689396
-1.40658
-2.00208
-2.4998
-2.85791
-3.03838
-3.09861
-2.94027
-2.66928
-3.1104
-3.70289
-4.1396
-4.49813
-4.85263
-5.20119
-5.52276
-5.81104
-6.06753
-6.29199
-6.48244
-6.63906
-6.76408
-6.85877
-6.92724
-6.97802
-7.00824
-7.02953
-7.04204
-7.00939
-6.9691
-6.921
-6.8558
-6.77206
-6.67251
-6.56394
-6.45988
-6.4275
1.47971
2.14351
2.86495
3.56095
4.1455
4.50497
4.76285
4.55156
4.40207
5.49042
6.40543
6.94282
7.33435
7.66535
7.91909
8.10374
8.24711
8.37049
8.48328
8.58835
8.68741
8.7829
8.87796
8.97283
9.06198
9.14019
9.20685
9.26278
9.30806
9.34261
9.36615
9.37823
9.37816
9.36492
9.33737
9.29438
9.23697
9.16953
9.12635
0.779554
0.0994289
-0.63119
-1.30802
-1.85982
-2.30618
-2.60346
-2.71435
-2.70866
-2.41776
-2.07677
-2.42846
-2.94731
-3.34001
-3.66988
-3.99795
-4.31864
-4.6119
-4.87141
-5.09747
-5.28737
-5.43394
-5.53048
-5.577
-5.59387
-5.60248
-5.60462
-5.59151
-5.56786
-5.53358
-5.46782
-5.40682
-5.34808
-5.28341
-5.2095
-5.12147
-4.99903
-4.79952
-4.45258
1.44289
2.07775
2.76327
3.41785
3.94317
4.23642
4.42051
3.98612
3.69261
4.75598
5.67672
6.23147
6.6657
7.0679
7.40198
7.64853
7.81988
7.93858
8.02714
8.10232
8.17473
8.25111
8.33569
8.4261
8.51025
8.57799
8.62765
8.66053
8.67825
8.68224
8.67396
8.65535
8.62842
8.59468
8.554
8.50199
8.4242
8.2845
8.03899
0.774092
0.114346
-0.590088
-1.23385
-1.7478
-2.14785
-2.38754
-2.43876
-2.36273
-1.91825
-1.50851
-1.77777
-2.20717
-2.53355
-2.82342
-3.13196
-3.45302
-3.768
-4.06962
-4.35772
-4.63315
-4.89796
-5.15289
-5.39066
-5.58315
-5.72134
-5.83219
-5.92287
-6.01694
-6.11071
-6.13972
-6.14342
-6.14016
-6.12379
-6.09073
-6.04898
-6.02821
-6.0812
-6.34602
1.41827
2.03342
2.69123
3.30747
3.77197
4.00286
4.0644
3.34127
2.94296
4.04514
4.97214
5.4808
5.82996
6.14787
6.45343
6.7496
7.0326
7.28802
7.50438
7.67988
7.82051
7.93593
8.04013
8.15308
8.28859
8.43445
8.57361
8.70091
8.81504
8.91513
8.99914
9.06427
9.10837
9.13043
9.13257
9.12287
9.12676
9.19988
9.45224
0.768587
0.100791
-0.604396
-1.23295
-1.71379
-2.05562
-2.20876
-2.16054
-1.9461
-1.33048
-0.921472
-1.15133
-1.50398
-1.74703
-1.9378
-2.12335
-2.30654
-2.47939
-2.63668
-2.77301
-2.87597
-2.9257
-2.90779
-2.83101
-2.75986
-2.7285
-2.7137
-2.68314
-2.62804
-2.58889
-2.52213
-2.464
-2.42209
-2.38388
-2.34234
-2.28877
-2.17739
-1.92593
-1.35037
1.42115
2.0402
2.68928
3.26914
3.65204
3.75689
3.52868
2.46652
2.0592
3.33396
4.47726
5.21299
5.6698
5.90398
5.94285
5.86186
5.74205
5.64893
5.60954
5.62571
5.68858
5.78915
5.91111
6.0145
6.05648
6.05601
6.04749
6.03589
6.02001
5.99949
5.97801
5.96046
5.95027
5.94835
5.9498
5.93651
5.85521
5.59801
4.99026
0.759179
0.0597874
-0.670953
-1.30548
-1.76375
-2.04327
-2.08987
-1.89878
-1.47384
-0.691604
-0.29588
-0.478041
-0.79967
-1.10339
-1.41045
-1.73153
-2.06939
-2.42569
-2.80537
-3.21745
-3.67426
-4.18198
-4.71667
-5.2175
-5.57691
-5.79509
-6.00944
-6.1797
-6.46426
-6.8783
-6.75692
-6.77634
-6.90177
-6.99386
-7.03716
-7.07884
-7.1944
-7.49073
-8.17201
1.44112
2.08231
2.74087
3.29533
3.59545
3.53066
2.91221
1.54828
0.923806
2.06048
3.33025
4.59144
5.82205
6.99224
7.98729
8.74854
9.29302
9.63828
9.83141
9.92515
9.96543
9.98935
10.0511
10.2377
10.5827
10.9594
11.2691
11.5235
11.7442
11.9353
12.0898
12.2043
12.2809
12.3263
12.3566
12.4042
12.5511
12.9222
13.7203
116.297
115.169
113.737
111.918
109.444
106.098
101.688
96.165
89.8048
83.1414
76.6204
70.4045
64.4766
58.789
53.3202
48.0725
43.0526
38.2628
33.7004
29.3595
25.2321
21.3112
17.5889
14.0582
10.7121
7.54481
4.55108
1.726
-0.93428
-3.43403
-5.77593
-7.9611
-9.99057
-11.8641
-13.5813
-15.1422
-16.5468
-17.7957
-18.8903
-19.8324
-20.6248
-21.2714
-21.7768
-22.1465
-22.3869
-22.5053
-22.5093
-22.4071
-22.2075
-21.9193
-21.5517
-21.1135
-20.6137
-20.0608
-19.4629
-18.8278
-18.1627
-17.4742
-16.7684
-16.0508
-15.3261
-14.5985
-13.8718
-13.1491
-12.4333
-11.726
-11.0308
-10.4363
-9.90616
-9.37199
-8.79175
-8.26534
-7.57237
-7.20281
-6.14402
-6.42955
-4.18283
-6.53977
-0.985197
-8.64707
115.859
112.398
108.483
104.384
100.184
95.976
91.8309
87.8008
83.8722
80.0713
76.4008
72.8707
69.4886
66.2605
63.1909
60.2824
57.5362
54.9523
52.5286
50.2616
48.147
46.1791
44.3513
42.6567
41.0877
39.6365
38.2954
37.0567
35.9126
34.8558
33.8795
32.9765
32.1402
31.3642
30.6421
29.9679
29.3355
28.7389
28.1726
27.6309
27.1085
26.6004
26.102
25.6089
25.1172
24.6236
24.1252
23.6197
23.1052
22.5806
22.045
21.4983
20.9406
20.3725
19.795
19.2093
18.6169
18.0195
17.4188
16.8168
16.2153
15.6162
15.0212
14.4323
13.8513
13.2796
12.7203
12.2495
11.843
11.4251
10.9969
10.564
10.1156
9.71595
9.17002
9.093
7.82598
9.62908
4.57802
14.0593
49.5329
49.0048
48.546
48.123
47.7198
47.3771
47.0907
46.7847
46.334
45.6445
44.7005
43.5021
42.0399
40.3267
38.3923
36.2695
33.9888
31.5786
29.0659
26.4771
23.8372
21.1702
18.4975
15.8387
13.2113
10.6297
8.10703
5.65445
3.28357
1.00421
-1.17523
-3.24765
-5.20795
-7.05132
-8.77372
-10.3721
-11.8436
-13.1863
-14.3987
-15.48
-16.4302
-17.2502
-17.9418
-18.5074
-18.9507
-19.2761
-19.4887
-19.5943
-19.5995
-19.5114
-19.3373
-19.0849
-18.762
-18.3765
-17.9358
-17.4475
-16.9187
-16.3561
-15.766
-15.1542
-14.5259
-13.886
-13.2387
-12.5876
-11.9365
-11.2873
-10.6438
-10.0903
-9.5939
-9.09455
-8.54402
-8.05136
-7.38234
-7.04504
-6.01021
-6.3095
-4.12658
-6.407
-1.08388
-8.45434
49.8654
50.1007
50.5651
50.989
51.3271
51.551
51.6479
51.6125
51.4419
51.1465
50.7282
50.1952
49.5557
48.8187
47.995
47.0957
46.1327
45.1182
44.0649
42.9854
41.8917
40.7948
39.7053
38.6325
37.5844
36.5674
35.5869
34.6467
33.7493
32.8959
32.0869
31.3215
30.5982
29.9149
29.2692
28.6579
28.0779
27.5256
26.9973
26.4894
25.998
25.5195
25.0503
24.5869
24.126
23.6648
23.2005
22.7309
22.2542
21.7688
21.2738
20.7687
20.253
19.7272
19.1918
18.6475
18.0956
17.5375
16.9746
16.4085
15.8411
15.2741
14.7094
14.1486
13.5939
13.0465
12.5097
12.0568
11.6654
11.2623
10.8482
10.4296
9.99401
9.60894
9.07419
9.00915
7.76894
9.51544
4.66861
13.7264
28.9695
28.642
28.2954
27.9349
27.5224
27.0491
26.5178
25.9314
25.2938
24.6135
23.9153
23.2273
22.5494
21.8664
21.1585
20.4066
19.5956
18.7132
17.7496
16.6984
15.5564
14.3241
13.0046
11.6043
10.1321
8.59889
7.01739
5.40096
3.76346
2.11835
0.479216
-1.14026
-2.72756
-4.27062
-5.75825
-7.18058
-8.52869
-9.7948
-10.9722
-12.0551
-13.0392
-13.9212
-14.6987
-15.3704
-15.9364
-16.3977
-16.7561
-17.0146
-17.177
-17.2479
-17.2325
-17.1365
-16.9662
-16.7279
-16.4283
-16.0741
-15.6716
-15.2274
-14.7475
-14.2378
-13.7036
-13.1499
-12.5815
-12.0023
-11.4163
-10.8263
-10.2358
-9.72468
-9.26347
-8.79938
-8.28135
-7.82056
-7.18415
-6.86673
-5.88261
-6.155
-4.10283
-6.21392
-1.23499
-8.1558
29.157
29.2828
29.4212
29.5538
29.7105
29.8925
30.1019
30.3336
30.5832
30.8443
31.1082
31.3675
31.614
31.8399
32.0376
32.2003
32.3218
32.397
32.4219
32.3939
32.3117
32.1753
31.9863
31.7473
31.4625
31.1362
30.7741
30.3819
29.9656
29.531
29.0836
28.6284
28.1698
27.7114
27.2561
26.8059
26.3622
25.9257
25.4963
25.0736
24.6565
24.2439
23.834
23.4252
23.0156
22.6033
22.1866
21.7637
21.3333
20.8941
20.4451
19.9859
19.5159
19.0354
18.5446
18.0442
17.535
17.0182
16.495
15.967
15.4356
14.9028
14.3702
13.8396
13.313
12.7916
12.2791
11.8457
11.4707
11.0839
10.6856
10.2825
9.86209
9.49069
8.97469
8.90557
7.7299
9.35019
4.81052
13.3425
27.9952
27.7994
27.5872
27.3616
27.1017
26.7862
26.3976
25.9163
25.3225
24.6055
23.776
22.8743
21.9367
20.9744
19.9894
18.9836
17.9605
16.9235
15.8733
14.8091
13.7292
12.6311
11.512
10.3696
9.20191
8.00769
6.78716
5.54147
4.27348
2.987
1.68746
0.38179
-0.922475
-2.2168
-3.49199
-4.73883
-5.94798
-7.11052
-8.21787
-9.26216
-10.2364
-11.1347
-11.9519
-12.6839
-13.3279
-13.882
-14.3455
-14.7188
-15.003
-15.2006
-15.3146
-15.3488
-15.3078
-15.1965
-15.0202
-14.7846
-14.4954
-14.1585
-13.7795
-13.3641
-12.9175
-12.4448
-11.9508
-11.4398
-10.9159
-10.3825
-9.84321
-9.37279
-8.94457
-8.51326
-8.02574
-7.59517
-6.98874
-6.69322
-5.74969
-6.01422
-4.05108
-6.06775
-1.29796
-7.96121
28.1368
28.2472
28.3339
28.3975
28.4422
28.468
28.478
28.4726
28.4547
28.4256
28.3877
28.3429
28.293
28.2396
28.1837
28.126
28.0667
28.0053
27.9408
27.872
27.7967
27.7129
27.6183
27.5105
27.3874
27.2471
27.0882
26.9097
26.7115
26.4937
26.2573
26.0035
25.7342
25.4511
25.1563
24.8519
24.5396
24.2209
23.8971
23.5691
23.2373
22.9018
22.5623
22.2184
21.8693
21.5141
21.1518
20.7814
20.4019
20.0124
19.6123
19.2009
18.778
18.3437
17.898
17.4415
16.975
16.4993
16.0157
15.5254
15.03
14.5311
14.0304
13.5297
13.031
12.5355
12.0469
11.6326
11.2733
10.902
10.5189
10.131
9.72509
9.36723
8.8673
8.80047
7.66763
9.22037
4.8541
13.0977
24.0579
23.8512
23.6422
23.4417
23.2397
23.0262
22.7923
22.5304
22.2299
21.8767
21.456
20.9635
20.409
19.7999
19.136
18.4169
17.6431
16.8171
15.942
15.0214
14.0591
13.0592
12.026
10.9634
9.87568
8.76627
7.63869
6.49609
5.34177
4.17885
3.0107
1.84123
0.674441
-0.485081
-1.6321
-2.761
-3.86565
-4.93962
-5.97622
-6.96878
-7.91086
-8.79636
-9.61962
-10.3756
-11.06
-11.6695
-12.2014
-12.6544
-13.0277
-13.3217
-13.5375
-13.6772
-13.7436
-13.7401
-13.6707
-13.5398
-13.3523
-13.1131
-12.8272
-12.4999
-12.1361
-11.7407
-11.3184
-10.8736
-10.4106
-9.93311
-9.44446
-9.01441
-8.61903
-8.22035
-7.7634
-7.36341
-6.78611
-6.51556
-5.60629
-5.87672
-3.97723
-5.9428
-1.31338
-7.81644
24.2109
24.333
24.4596
24.5833
24.7022
24.8162
24.9242
25.0241
25.1149
25.1943
25.2614
25.3148
25.3535
25.377
25.3848
25.3769
25.3535
25.3153
25.263
25.1976
25.1202
25.0319
24.934
24.8271
24.7122
24.5897
24.4598
24.3226
24.1779
24.0253
23.8646
23.6952
23.5168
23.3291
23.132
22.9257
22.71
22.4854
22.252
22.01
21.7597
21.5011
21.2341
20.9586
20.6742
20.3804
20.0768
19.7627
19.4376
19.1007
18.7518
18.3903
18.0161
17.6291
17.2296
16.818
16.3948
15.961
15.5176
15.0658
14.607
14.1427
13.6747
13.2046
12.7345
12.2657
11.8018
11.4069
11.0637
10.7083
10.3408
9.96833
9.57742
9.23343
8.74913
8.68807
7.58756
9.10058
4.8457
12.8979
19.2039
19.0211
18.8335
18.6529
18.4713
18.2839
18.0859
17.8715
17.6355
17.3723
17.0748
16.737
16.3596
15.9496
15.5105
15.0422
14.5429
14.0097
13.4404
12.8329
12.186
11.4986
10.7705
10.002
9.19451
8.3499
7.47088
6.56063
5.62298
4.66206
3.6823
2.68854
1.68559
0.678495
-0.327481
-1.32704
-2.31467
-3.28481
-4.23165
-5.14943
-6.03238
-6.87485
-7.67136
-8.41666
-9.10612
-9.73548
-10.3012
-10.8004
-11.231
-11.5918
-11.8823
-12.103
-12.2551
-12.3403
-12.3613
-12.3213
-12.2237
-12.0726
-11.8723
-11.6271
-11.3416
-11.0202
-10.6675
-10.2877
-9.88497
-9.46323
-9.02564
-8.63657
-8.27497
-7.90995
-7.48501
-7.11663
-6.57015
-6.32534
-5.45247
-5.72851
-3.89605
-5.80642
-1.32621
-7.65462
19.3314
19.4295
19.5352
19.6406
19.7489
19.8609
19.9763
20.0947
20.2158
20.3389
20.4633
20.5881
20.7122
20.8343
20.9532
21.0675
21.1756
21.276
21.3674
21.4483
21.5177
21.5746
21.6182
21.648
21.6637
21.6655
21.6533
21.6276
21.5889
21.5375
21.474
21.3988
21.3123
21.2148
21.1064
20.9872
20.8574
20.7169
20.5655
20.4034
20.2303
20.0462
19.8508
19.6439
19.4254
19.1949
18.952
18.6963
18.4276
18.1453
17.8493
17.5393
17.2151
16.8769
16.5247
16.159
15.7804
15.3895
14.9874
14.5753
14.1543
13.726
13.292
12.854
12.4139
11.9731
11.5353
11.1612
10.8351
10.4969
10.1462
9.7901
9.41538
9.08584
8.6192
8.56252
7.49916
8.96342
4.83408
12.6707
15.9085
15.7581
15.6009
15.447
15.2907
15.13
14.9636
14.7868
14.5943
14.3813
14.1423
13.8712
13.5639
13.223
12.8551
12.4643
12.0523
11.6197
11.1653
10.6879
10.1868
9.66096
9.10929
8.53076
7.92452
7.29
6.62693
5.93548
5.21638
4.47086
3.70078
2.90869
2.0976
1.27111
0.433363
-0.411128
-1.25745
-2.1005
-2.93484
-3.75497
-4.55535
-5.33044
-6.07478
-6.78302
-7.45023
-8.07171
-8.6432
-9.16103
-9.62204
-10.0238
-10.3647
-10.6437
-10.8606
-11.0157
-11.1104
-11.1464
-11.1262
-11.0525
-10.9286
-10.7583
-10.5452
-10.2934
-10.0068
-9.68944
-9.34534
-8.9784
-8.59147
-8.24347
-7.91601
-7.58502
-7.19293
-6.85658
-6.34249
-6.12312
-5.28978
-5.56861
-3.80978
-5.6563
-1.33764
-7.47263
16.0182
16.1089
16.2047
16.3006
16.3999
16.5017
16.6063
16.7134
16.8231
16.9352
17.0498
17.1666
17.2855
17.4062
17.5285
17.6521
17.7764
17.9007
18.0244
18.1468
18.2668
18.3832
18.495
18.6009
18.6997
18.7902
18.8712
18.9416
19.0007
19.0476
19.0817
19.1027
19.1102
19.1043
19.0847
19.0516
19.0051
18.9451
18.8717
18.785
18.6849
18.5714
18.4443
18.3035
18.1489
17.9801
17.797
17.5993
17.3867
17.1591
16.9161
16.6577
16.3838
16.0945
15.7899
15.4705
15.1368
14.7894
14.4293
14.0574
13.6751
13.2836
12.8845
12.4795
12.0705
11.6589
11.2485
10.8961
10.5882
10.268
9.93511
9.59639
9.23898
8.92435
8.47738
8.42301
7.40295
8.80739
4.82028
12.4219
13.6707
13.5437
13.4091
13.2757
13.1399
13.0008
12.8591
12.7131
12.5591
12.393
12.2108
12.0077
11.7781
11.518
11.2286
10.914
10.5773
10.2198
9.84254
9.44481
9.02588
8.58545
8.12333
7.63935
7.1334
6.60544
6.05552
5.48377
4.89053
4.27625
3.64164
2.98779
2.31604
1.62816
0.926432
0.213532
-0.507351
-1.23262
-1.95823
-2.67978
-3.39265
-4.09201
-4.7729
-5.43029
-6.05932
-6.65523
-7.21352
-7.73007
-8.20112
-8.62352
-8.99462
-9.31238
-9.5755
-9.78321
-9.93556
-10.0331
-10.0772
-10.0695
-10.0124
-9.90842
-9.76077
-9.57267
-9.34761
-9.08915
-8.8009
-8.48677
-8.14912
-7.84144
-7.54772
-7.25037
-6.89123
-6.58666
-6.10573
-5.91137
-5.11901
-5.39993
-3.71571
-5.4992
-1.33778
-7.28644
13.7676
13.8519
13.941
14.0318
14.1261
14.2231
14.323
14.4256
14.5309
14.6385
14.7485
14.8605
14.9744
15.0899
15.2069
15.325
15.4439
15.5634
15.6832
15.803
15.9223
16.0408
16.158
16.2732
16.386
16.4956
16.6012
16.702
16.797
16.8854
16.966
17.038
17.1004
17.1525
17.1933
17.2222
17.2387
17.2422
17.2324
17.2088
17.1712
17.1193
17.0528
16.9715
16.8752
16.7636
16.6365
16.4935
16.3345
16.1592
15.9675
15.7593
15.5345
15.2931
15.0355
14.7618
14.4725
14.1682
13.8499
13.5183
13.1746
12.8202
12.4565
12.0851
11.7078
11.326
10.9436
10.6138
10.3246
10.023
9.70862
9.38787
9.04857
8.74912
8.32324
8.26994
7.29631
8.63782
4.79332
12.1702
11.8384
11.7306
11.6148
11.4987
11.3795
11.2567
11.1317
11.0048
10.8744
10.7378
10.5919
10.4334
10.2585
10.0628
9.84269
9.59851
9.33312
9.04857
8.74605
8.42637
8.08893
7.73258
7.35662
6.96066
6.54441
6.10763
5.65031
5.17255
4.6747
4.15723
3.62082
3.06641
2.49508
1.90816
1.30732
0.694425
0.0716872
-0.558343
-1.19278
-1.82839
-2.46168
-3.08882
-3.70579
-4.30832
-4.89209
-5.45277
-5.98606
-6.48783
-6.95418
-7.38158
-7.76689
-8.10737
-8.40095
-8.64598
-8.84154
-8.98722
-9.08326
-9.13044
-9.13006
-9.08394
-8.99429
-8.86366
-8.69492
-8.49115
-8.25542
-7.99152
-7.70127
-7.43267
-7.17195
-6.90754
-6.58115
-6.3079
-5.86049
-5.69078
-4.94
-5.22334
-3.61246
-5.33705
-1.32447
-7.10071
11.9218
11.996
12.0752
12.1565
12.2414
12.3294
12.4206
12.5151
12.6128
12.7136
12.8175
12.9243
13.0341
13.1465
13.2613
13.3785
13.4975
13.6182
13.7403
13.8632
13.9867
14.1103
14.2336
14.356
14.4771
14.5964
14.7134
14.8275
14.938
15.0445
15.146
15.2421
15.3318
15.4144
15.489
15.5549
15.6111
15.657
15.6916
15.7143
15.7244
15.7212
15.7041
15.6727
15.6264
15.5648
15.4875
15.394
15.2841
15.1574
15.0138
14.8529
14.6748
14.4795
14.2669
14.0375
13.7915
13.5295
13.2522
12.9604
12.6551
12.3377
12.0093
11.6716
11.3264
10.9749
10.621
10.3141
10.0442
9.76173
9.46633
9.16406
8.84356
8.55953
8.1559
8.10295
7.17759
8.45606
4.75068
11.9177
10.2932
10.2019
10.1036
10.0039
9.90009
9.79175
9.68062
9.56758
9.45253
9.33448
9.2113
9.08036
8.93908
8.78432
8.61228
8.41998
8.20726
7.9763
7.72892
7.46637
7.18966
6.89841
6.59153
6.26823
5.92803
5.57053
5.19536
4.80224
4.39107
3.96186
3.51483
3.05046
2.56936
2.07244
1.56086
1.03602
0.499612
-0.0463949
-0.59975
-1.15792
-1.7181
-2.27726
-2.83209
-3.37905
-3.91449
-4.43459
-4.93549
-5.41335
-5.86439
-6.28505
-6.67201
-7.02219
-7.33302
-7.60229
-7.82832
-8.00995
-8.14655
-8.23805
-8.28489
-8.28803
-8.24889
-8.16928
-8.05138
-7.89772
-7.71081
-7.4942
-7.24907
-7.01804
-6.78935
-6.55701
-6.26297
-6.02046
-5.60675
-5.46127
-4.75252
-5.03841
-3.50005
-5.1686
-1.30002
-6.91283
10.3649
10.4297
10.4992
10.5708
10.6457
10.7236
10.8048
10.8891
10.9767
11.0675
11.1616
11.259
11.3597
11.4636
11.5706
11.6807
11.7937
11.9095
12.0278
12.1485
12.2712
12.3955
12.5212
12.6478
12.7748
12.9018
13.028
13.1531
13.2763
13.397
13.5146
13.6284
13.7377
13.8417
13.9397
14.031
14.1147
14.1901
14.2564
14.3127
14.3582
14.3921
14.4138
14.4223
14.4171
14.3974
14.3626
14.3123
14.2458
14.1627
14.0628
13.9455
13.8108
13.6585
13.4887
13.3014
13.0969
12.8756
12.6382
12.3852
12.1177
11.8366
11.5434
11.2393
10.9262
10.6053
10.2802
9.99669
9.7463
9.48339
9.20749
8.92417
8.62308
8.35477
7.97441
7.92133
7.046
8.26094
4.69449
11.6594
9.02601
8.94814
8.86458
8.77974
8.69069
8.59621
8.49786
8.39702
8.29419
8.18939
8.082
7.97035
7.85226
7.72555
7.58754
7.43492
7.2649
7.07697
6.87275
6.65387
6.4216
6.17708
5.9202
5.65002
5.3658
5.06716
4.75382
4.42547
4.08188
3.72288
3.34841
2.95859
2.55364
2.13395
1.70017
1.25312
0.793896
0.323832
-0.155432
-0.642008
-1.13375
-1.62824
-2.12281
-2.61452
-3.10031
-3.57689
-4.04085
-4.48874
-4.91705
-5.32236
-5.70139
-6.05098
-6.36829
-6.65077
-6.89626
-7.10304
-7.26983
-7.39584
-7.48079
-7.52486
-7.52875
-7.49354
-7.42074
-7.31229
-7.17011
-6.99741
-6.79475
-6.59946
-6.40155
-6.20012
-5.93775
-5.72513
-5.34505
-5.22318
-4.55677
-4.84504
-3.3788
-4.99306
-1.26591
-6.72053
9.08813
9.14535
9.20652
9.26978
9.33608
9.40515
9.47721
9.55227
9.6304
9.71165
9.79607
9.8837
9.97454
10.0686
10.1659
10.2664
10.37
10.4767
10.5864
10.699
10.8142
10.9321
11.0522
11.1743
11.2982
11.4235
11.5497
11.6764
11.8031
11.9292
12.0541
12.1771
12.2976
12.4148
12.528
12.6363
12.7391
12.8353
12.9243
13.0051
13.077
13.139
13.1904
13.2302
13.2578
13.2722
13.2728
13.2588
13.2295
13.1845
13.123
13.0448
12.9495
12.8367
12.7063
12.5583
12.3929
12.2103
12.0109
11.7953
11.5643
11.3189
11.0601
10.7892
10.508
10.2175
9.9214
9.66141
9.4308
9.18773
8.9317
8.6677
8.38653
8.13421
7.77801
7.7245
6.90088
8.05157
4.62602
11.3923
7.97804
7.91138
7.83982
7.76697
7.69074
7.60966
7.52396
7.43464
7.34266
7.24865
7.15283
7.05477
6.95324
6.84644
6.7325
6.60913
6.47342
6.32273
6.15624
5.97509
5.78073
5.57433
5.35705
5.12898
4.88928
4.63721
4.37243
4.09471
3.80384
3.49962
3.18192
2.85076
2.5062
2.14841
1.77777
1.39477
1.00008
0.594563
0.17934
-0.244263
-0.67469
-1.11014
-1.54855
-1.9876
-2.42479
-2.85738
-3.28247
-3.69705
-4.09796
-4.48208
-4.84627
-5.18747
-5.50279
-5.78951
-6.04523
-6.26784
-6.4556
-6.60719
-6.72174
-6.79879
-6.83837
-6.84093
-6.80732
-6.73893
-6.63705
-6.50452
-6.34126
-6.1795
-6.01082
-5.83882
-5.60709
-5.42325
-5.07637
-4.97728
-4.35321
-4.64359
-3.24901
-4.81044
-1.22255
-6.52376
8.03208
8.08255
8.13637
8.1922
8.25076
8.31189
8.37578
8.44245
8.512
8.58447
8.65994
8.73847
8.82009
8.90485
8.99275
9.08383
9.17806
9.27542
9.37589
9.47939
9.58584
9.69511
9.80709
9.92159
10.0384
10.1573
10.278
10.4002
10.5234
10.6474
10.7716
10.8955
11.0185
11.1399
11.2593
11.3757
11.4884
11.5967
11.6996
11.7964
11.8862
11.968
12.041
12.1043
12.1569
12.1981
12.2268
12.2425
12.2442
12.2312
12.2029
12.1587
12.098
12.0205
11.9258
11.8138
11.6845
11.5379
11.3743
11.1942
10.9981
10.7868
10.5614
10.3229
10.073
9.81257
9.54521
9.30873
9.09796
8.87484
8.63885
8.39441
8.1335
7.89741
7.56604
7.51197
6.74156
7.82756
4.54532
11.1152
7.09124
7.03392
6.97241
6.90962
6.84383
6.77406
6.70043
6.62282
6.54143
6.45719
6.37092
6.28293
6.193
6.10023
6.00314
5.90013
5.78923
5.66791
5.53367
5.38548
5.22408
5.05071
4.8665
4.67259
4.46925
4.25575
4.03134
3.79565
3.5485
3.28968
3.01903
2.73644
2.44187
2.13539
1.81718
1.48753
1.14689
0.79583
0.435131
0.0657405
-0.311205
-0.694376
-1.0822
-1.47289
-1.86444
-2.25468
-2.64117
-3.02136
-3.39256
-3.75196
-4.09671
-4.42395
-4.7309
-5.01485
-5.27328
-5.50391
-5.70469
-5.87396
-6.01037
-6.11299
-6.18129
-6.21516
-6.21487
-6.18127
-6.11504
-6.01866
-5.89141
-5.76068
-5.61937
-5.47506
-5.27264
-5.11618
-4.80175
-4.7244
-4.14239
-4.43445
-3.11101
-4.62092
-1.1709
-6.32263
7.13829
7.18264
7.22987
7.27898
7.33054
7.38445
7.44086
7.49982
7.56142
7.62574
7.69286
7.76283
7.83571
7.91158
7.99047
8.07242
8.15746
8.2456
8.33685
8.43118
8.52856
8.62893
8.7322
8.83828
8.94701
9.05823
9.17174
9.2873
9.40464
9.52344
9.64333
9.7639
9.88471
10.0053
10.125
10.2432
10.3594
10.4728
10.5827
10.6882
10.7885
10.8827
10.97
11.0494
11.1201
11.1811
11.2314
11.2702
11.2966
11.3098
11.3091
11.2936
11.2627
11.216
11.1529
11.0731
10.9764
10.8628
10.7323
10.5852
10.4219
10.2431
10.0495
9.84228
9.62264
9.3916
9.15246
8.93921
8.74811
8.54487
8.32893
8.10412
7.86364
7.64395
7.33786
7.28331
6.56729
7.58848
4.45248
10.8263
6.33108
6.28162
6.22857
6.17433
6.11747
6.05704
5.99333
5.9265
5.85604
5.78176
5.70442
5.62496
5.54386
5.46105
5.37588
5.28716
5.19348
5.09319
4.98406
4.86376
4.73107
4.58641
4.43086
4.26547
4.09136
3.90896
3.7177
3.51683
3.30598
3.08495
2.85361
2.6118
2.35939
2.09635
1.82272
1.53864
1.24436
0.940236
0.626801
0.304714
-0.0252056
-0.361971
-0.704393
-1.05109
-1.40048
-1.75082
-2.10014
-2.44631
-2.78705
-3.11992
-3.44242
-3.75196
-4.04593
-4.32177
-4.577
-4.80927
-5.0164
-5.19651
-5.34796
-5.46942
-5.55995
-5.619
-5.64631
-5.64226
-5.60698
-5.54257
-5.44771
-5.34527
-5.22926
-5.11066
-4.93593
-4.80523
-4.52224
-4.46535
-3.92484
-4.2179
-2.96515
-4.42426
-1.11197
-6.11595
6.37207
6.41101
6.45243
6.49557
6.54089
6.58834
6.63803
6.69004
6.74446
6.80135
6.86079
6.92286
6.98763
7.05518
7.12555
7.1988
7.27499
7.35415
7.43631
7.52149
7.60968
7.70088
7.79505
7.89213
7.99205
8.0947
8.19994
8.30762
8.41753
8.52944
8.64305
8.75806
8.87412
8.99079
9.10764
9.22414
9.33975
9.45385
9.56579
9.67487
9.78034
9.88138
9.97717
10.0668
10.1495
10.2242
10.2901
10.3462
10.3916
10.4254
10.4467
10.4548
10.4489
10.4283
10.3924
10.3407
10.273
10.1889
10.0884
9.97155
9.83865
9.69012
9.52662
9.349
9.1584
8.95569
8.74395
8.55341
8.38163
8.19799
8.00193
7.79666
7.57663
7.37343
7.09287
7.03803
6.37743
7.33351
4.34807
10.5223
5.6739
5.6311
5.58521
5.53825
5.48903
5.43671
5.38137
5.32321
5.26225
5.19807
5.13027
5.05926
4.98594
4.91097
4.83447
4.75602
4.67463
4.58908
4.49798
4.3994
4.29114
4.17184
4.04162
3.90139
3.75216
3.59501
3.43054
3.2583
3.07758
2.888
2.68937
2.48161
2.26454
2.03806
1.80215
1.55682
1.3022
1.03849
0.766028
0.48524
0.196708
-0.0988616
-0.400586
-0.707407
-1.01812
-1.33132
-1.64543
-1.9587
-2.26922
-2.57494
-2.87367
-3.16312
-3.44095
-3.70478
-3.95226
-4.18109
-4.3891
-4.57427
-4.73481
-4.86914
-4.97601
-5.05452
-5.10398
-5.1244
-5.11539
-5.0787
-5.01249
-4.93544
-4.84247
-4.7474
-4.59853
-4.49173
-4.23888
-4.20096
-3.70138
-3.99417
-2.81235
-4.21982
-1.0476
-5.90173
5.70967
5.74385
5.78017
5.81805
5.85788
5.8996
5.94335
5.98917
6.03717
6.08739
6.13994
6.19488
6.25229
6.31224
6.37479
6.44001
6.50797
6.57871
6.65228
6.72871
6.80803
6.89026
6.9754
7.06342
7.1543
7.24798
7.34437
7.44337
7.54487
7.64868
7.75459
7.86238
7.97178
8.08246
8.19404
8.30613
8.41825
8.52989
8.64049
8.74944
8.85608
8.95968
9.05949
9.15472
9.24452
9.32802
9.40433
9.47254
9.53172
9.58098
9.61941
9.64614
9.66036
9.66129
9.64824
9.62061
9.57791
9.51977
9.44594
9.35635
9.25109
9.13042
8.9948
8.84494
8.68178
8.50604
8.32059
8.15198
7.99898
7.8345
7.65794
7.47196
7.27217
7.08549
6.83049
6.77568
6.17156
7.06147
4.23347
10.1984
5.10099
5.06384
5.02402
4.98323
4.9405
4.89509
4.84704
4.79641
4.74313
4.68724
4.62857
4.56661
4.50135
4.43354
4.36399
4.29302
4.22034
4.14522
4.0666
3.98331
3.89371
3.79582
3.68823
3.57079
3.44422
3.3094
3.16741
3.01891
2.86352
2.70052
2.5295
2.3504
2.16312
1.96754
1.76358
1.55119
1.33039
1.1013
0.864124
0.619143
0.366748
0.107439
-0.158137
-0.429184
-0.70478
-0.983841
-1.2651
-1.54715
-1.82842
-2.10718
-2.38158
-2.64963
-2.90928
-3.15835
-3.39471
-3.61617
-3.82063
-4.00608
-4.17065
-4.31263
-4.43057
-4.52329
-4.58982
-4.62984
-4.64255
-4.62932
-4.58793
-4.53325
-4.46092
-4.38703
-4.26201
-4.17704
-3.95288
-3.93204
-3.47294
-3.7632
-2.65395
-4.00643
-0.979796
-5.6764
5.13223
5.16223
5.19408
5.22735
5.26233
5.29901
5.33749
5.37783
5.42011
5.4644
5.51078
5.55933
5.6101
5.66318
5.71863
5.77653
5.83694
5.89992
5.96552
6.0338
6.1048
6.17855
6.25505
6.33434
6.41641
6.50122
6.58875
6.67892
6.77167
6.86688
6.9644
7.06406
7.16567
7.26899
7.37371
7.47953
7.58606
7.6929
7.79956
7.90553
8.01025
8.11308
8.21337
8.31038
8.40336
8.49151
8.57398
8.64991
8.71842
8.77859
8.82955
8.8704
8.90028
8.91836
8.9239
8.9162
8.89464
8.85874
8.80811
8.74254
8.66194
8.56641
8.45627
8.33199
8.19435
8.04396
7.88341
7.73572
7.60072
7.45474
7.29709
7.12996
6.95005
6.7798
6.55019
6.49558
5.9495
6.76993
4.11144
9.84791
4.59458
4.56228
4.52766
4.49216
4.45499
4.41551
4.37374
4.32971
4.28328
4.23436
4.183
4.12921
4.07254
4.01259
3.94982
3.88516
3.81914
3.75168
3.68215
3.60972
3.53332
3.45148
3.36233
3.26458
3.15813
3.04367
2.9219
2.79367
2.65973
2.51972
2.37277
2.21846
2.05675
1.88765
1.71111
1.52702
1.33535
1.13613
0.929496
0.71563
0.494797
0.267352
0.0337646
-0.205366
-0.449338
-0.697308
-0.948286
-1.20114
-1.45458
-1.70722
-1.95747
-2.20364
-2.44396
-2.67649
-2.89932
-3.11048
-3.30796
-3.48981
-3.65418
-3.79935
-3.92374
-4.026
-4.10496
-4.16004
-4.19011
-4.19623
-4.17585
-4.14048
-4.08634
-4.03115
-3.92786
-3.86227
-3.66565
-3.65886
-3.24124
-3.52405
-2.49294
-3.78007
-0.913346
-5.43387
4.6219
4.64825
4.67621
4.70544
4.73618
4.76844
4.8023
4.83782
4.87507
4.91412
4.95504
4.9979
5.04276
5.08971
5.13881
5.19012
5.24372
5.29966
5.358
5.41881
5.48213
5.548
5.61647
5.68755
5.76126
5.83761
5.91657
5.99814
6.08225
6.16884
6.25781
6.34904
6.44241
6.53771
6.63473
6.73323
6.8329
6.93342
7.0344
7.13542
7.236
7.33561
7.43366
7.52954
7.62257
7.71203
7.79714
7.87712
7.95112
8.0183
8.07778
8.1287
8.17017
8.20138
8.22152
8.22979
8.22559
8.20827
8.17734
8.13249
8.07348
8.00022
7.9129
7.81183
7.69758
7.57064
7.4333
7.30536
7.18744
7.05907
6.91956
6.77066
6.61007
6.45602
6.25163
6.19664
5.71228
6.45445
3.98941
9.45858
4.15167
4.12364
4.09359
4.06278
4.03051
3.99627
3.96006
3.92188
3.88163
3.83921
3.79465
3.74805
3.69931
3.64751
3.59089
3.5282
3.45997
3.38784
3.31343
3.23806
3.16304
3.08981
3.01914
2.94964
2.87774
2.7988
2.70824
2.603
2.48412
2.35671
2.22523
2.09028
1.95015
1.80337
1.64955
1.48886
1.32154
1.14763
0.967129
0.78009
0.586669
0.387104
0.181732
-0.029004
-0.2446
-0.464389
-0.687615
-0.913389
-1.14065
-1.3683
-1.59501
-1.81933
-2.03977
-2.25468
-2.46234
-2.66098
-2.84877
-3.0239
-3.18456
-3.32911
-3.45589
-3.56353
-3.65068
-3.71654
-3.75981
-3.78128
-3.77816
-3.75893
-3.72056
-3.6813
-3.59786
-3.54838
-3.37903
-3.38122
-3.00885
-3.2744
-2.33348
-3.53676
-0.855466
-5.16787
4.17548
4.1985
4.22291
4.24845
4.27531
4.30352
4.33313
4.36421
4.39683
4.43104
4.46692
4.50452
4.54391
4.58517
4.62835
4.67352
4.72075
4.7701
4.82163
4.87541
4.93148
4.9899
5.05071
5.11395
5.17966
5.24785
5.3185
5.39163
5.46722
5.54527
5.62567
5.70835
5.7932
5.88014
5.96898
6.05948
6.15146
6.24468
6.33881
6.43349
6.52834
6.62289
6.71667
6.80917
6.89977
6.98786
7.07273
7.15367
7.22994
7.30071
7.3652
7.42257
7.47193
7.51248
7.54346
7.56399
7.57341
7.57108
7.55634
7.52883
7.48822
7.43422
7.36687
7.28639
7.19314
7.08747
6.9714
6.86175
6.75978
6.64794
6.52557
6.39409
6.25204
6.11362
5.93457
5.87691
5.46201
6.10844
3.87682
9.02145
3.62335
3.60003
3.57497
3.5492
3.52225
3.49369
3.46348
3.43163
3.39806
3.36265
3.32526
3.28572
3.24405
3.20044
3.15526
3.1084
3.05912
3.00697
2.95253
2.89671
2.83979
2.78115
2.71982
2.65502
2.58553
2.50974
2.42702
2.33831
2.24429
2.14419
2.03749
1.92504
1.8076
1.68514
1.55722
1.42358
1.28409
1.13872
0.987496
0.830471
0.667709
0.499326
0.32551
0.146551
-0.0372317
-0.225365
-0.417323
-0.612468
-0.81002
-1.00912
-1.20877
-1.40784
-1.60509
-1.7992
-1.9887
-2.17205
-2.34765
-2.51387
-2.66903
-2.8115
-2.93968
-3.05209
-3.1473
-3.22429
-3.28162
-3.31954
-3.33557
-3.33378
-3.31379
-3.29112
-3.23234
-3.19741
-3.06513
-3.06841
-2.76117
-2.98885
-2.1748
-3.25587
-0.816126
-4.87027
3.6433
3.66267
3.68319
3.70467
3.72729
3.75104
3.77599
3.80221
3.82973
3.85863
3.88896
3.92076
3.95411
3.98909
4.02573
4.06409
4.10426
4.14629
4.19023
4.23614
4.28409
4.33415
4.38636
4.44073
4.49734
4.55622
4.61739
4.68085
4.74663
4.81476
4.88516
4.95779
5.03264
5.10965
5.18867
5.26955
5.35218
5.43641
5.52198
5.60862
5.69604
5.78387
5.8718
5.95938
6.0461
6.13148
6.21493
6.29578
6.37345
6.44717
6.51624
6.57992
6.63732
6.68769
6.7303
6.76428
6.78884
6.80337
6.80712
6.79957
6.78028
6.74884
6.70514
6.64916
6.58105
6.5011
6.41081
6.3235
6.24116
6.14973
6.04872
5.939
5.82038
5.70143
5.55631
5.49215
5.17601
5.68333
3.77953
8.48445
3.0787
3.06031
3.04054
3.0202
2.99893
2.97639
2.95255
2.92742
2.90095
2.87302
2.84351
2.81234
2.77962
2.74565
2.71098
2.67632
2.64193
2.60717
2.57051
2.5305
2.48651
2.43831
2.38543
2.32747
2.26458
2.1977
2.12774
2.05521
1.98035
1.90256
1.8201
1.73166
1.63763
1.53915
1.43661
1.32965
1.21785
1.10102
0.979121
0.852189
0.720213
0.583253
0.441353
0.294658
0.143358
-0.0122922
-0.171938
-0.335182
-0.501503
-0.670284
-0.840817
-1.0123
-1.18378
-1.35421
-1.52246
-1.68725
-1.84725
-2.00104
-2.14713
-2.28403
-2.41019
-2.52418
-2.62451
-2.71004
-2.77916
-2.83182
-2.86546
-2.88091
-2.87811
-2.87356
-2.83685
-2.82228
-2.71882
-2.74031
-2.47411
-2.70731
-1.96052
-3.0133
-0.699507
-4.68124
3.09458
3.11008
3.12648
3.14369
3.16181
3.18084
3.20087
3.22193
3.24406
3.26732
3.29175
3.31739
3.34432
3.3726
3.40225
3.43333
3.46593
3.50009
3.53589
3.57335
3.61253
3.65353
3.69638
3.74109
3.78777
3.83644
3.88716
3.93995
3.99482
4.05183
4.11097
4.17221
4.2356
4.30111
4.36864
4.43815
4.50956
4.58278
4.65765
4.73399
4.81162
4.89029
4.96977
5.04969
5.12975
5.20954
5.28859
5.36637
5.44243
5.51612
5.58682
5.65392
5.71663
5.77425
5.82608
5.87132
5.9092
5.93902
5.96002
5.97158
5.97318
5.96432
5.94468
5.91403
5.87235
5.81975
5.75742
5.69461
5.63394
5.5654
5.48845
5.4037
5.31152
5.2176
5.10636
5.05361
4.80984
5.2676
3.53177
8.1467
2.61937
2.60466
2.58885
2.57256
2.55553
2.53748
2.51837
2.49823
2.47701
2.45464
2.43104
2.40612
2.37985
2.35214
2.32292
2.29219
2.25994
2.22634
2.1914
2.15468
2.11541
2.07329
2.02898
1.98347
1.93717
1.88988
1.8409
1.78914
1.73318
1.67216
1.60631
1.53607
1.46131
1.38199
1.29866
1.21178
1.12124
1.02667
0.927856
0.824716
0.717246
0.605486
0.489434
0.369156
0.244736
0.116316
-0.0158834
-0.151613
-0.290517
-0.432186
-0.57611
-0.721724
-0.868314
-1.0151
-1.1612
-1.30562
-1.44728
-1.58501
-1.71757
-1.84365
-1.96189
-2.07098
-2.16949
-2.2563
-2.32982
-2.38984
-2.43375
-2.46035
-2.46942
-2.47788
-2.45781
-2.45924
-2.37884
-2.41666
-2.18367
-2.42697
-1.73332
-2.77713
-0.56029
-4.50415
2.6322
2.64477
2.65806
2.672
2.68669
2.70215
2.71842
2.7355
2.75349
2.7724
2.79226
2.81312
2.83504
2.85807
2.88223
2.9076
2.93421
2.96213
2.99141
3.02208
3.05417
3.0878
3.12298
3.15976
3.19822
3.23836
3.28025
3.32395
3.36945
3.41682
3.46608
3.51721
3.57028
3.62528
3.68215
3.7409
3.80149
3.86383
3.92785
3.99348
4.06055
4.12894
4.19843
4.2688
4.33984
4.41126
4.48265
4.55367
4.62392
4.69295
4.76019
4.82515
4.88722
4.94575
5.00014
5.04968
5.09365
5.13141
5.16223
5.18548
5.20062
5.20707
5.20442
5.19236
5.17069
5.13943
5.09949
5.0568
5.01427
4.9652
4.90909
4.84642
4.77794
4.70743
4.62699
4.58841
4.40885
4.84059
3.24237
7.81848
2.20387
2.19206
2.1794
2.16633
2.15265
2.13816
2.12283
2.10666
2.08962
2.07167
2.05272
2.03272
2.01165
1.98943
1.96598
1.94126
1.91522
1.88783
1.85916
1.82931
1.7983
1.76569
1.73077
1.69336
1.65408
1.61389
1.57311
1.53136
1.48786
1.44144
1.39102
1.33631
1.27766
1.21516
1.14862
1.07829
1.00477
0.928272
0.848525
0.765223
0.678226
0.587535
0.49317
0.395172
0.293578
0.188458
0.0799398
-0.0318204
-0.146585
-0.264085
-0.383945
-0.505778
-0.629059
-0.753195
-0.877546
-1.00132
-1.12367
-1.24369
-1.36035
-1.47257
-1.57919
-1.67907
-1.77096
-1.85383
-1.92618
-1.98777
-2.03606
-2.06867
-2.08515
-2.10203
-2.09404
-2.10687
-2.04536
-2.09503
-1.89259
-2.14086
-1.50146
-2.52798
-0.417458
-4.29102
2.21421
2.22435
2.2351
2.24636
2.25824
2.27075
2.28391
2.29774
2.3123
2.32762
2.34371
2.36063
2.37843
2.39713
2.41676
2.43739
2.45905
2.48178
2.50564
2.53065
2.55687
2.58434
2.61313
2.64326
2.6748
2.70776
2.7422
2.77818
2.81572
2.85484
2.89561
2.93801
2.98211
3.02789
3.07534
3.12449
3.17531
3.22775
3.28179
3.33736
3.39437
3.45274
3.5123
3.57294
3.63447
3.69669
3.75932
3.82209
3.88467
3.94675
4.00788
4.06765
4.1256
4.18116
4.23387
4.2831
4.32823
4.36873
4.40392
4.43322
4.45612
4.47203
4.48054
4.48132
4.47406
4.45872
4.43598
4.40924
4.38139
4.34841
4.30984
4.26616
4.21831
4.16899
4.11627
4.09182
3.97295
4.37829
2.93058
7.40042
1.81793
1.80864
1.79868
1.78839
1.77761
1.76621
1.75414
1.74142
1.72801
1.71388
1.69897
1.68325
1.66666
1.64917
1.63072
1.61127
1.59077
1.56916
1.54641
1.52252
1.49752
1.47154
1.44453
1.41597
1.38519
1.35217
1.31766
1.28248
1.24689
1.21045
1.17229
1.13131
1.08679
1.03873
0.987311
0.932435
0.874169
0.813021
0.74942
0.68327
0.614249
0.542161
0.46695
0.388647
0.307287
0.222906
0.135569
0.0453624
-0.0475657
-0.143028
-0.240783
-0.340541
-0.441943
-0.544547
-0.647872
-0.75133
-0.854268
-0.955969
-1.05562
-1.15237
-1.24523
-1.33328
-1.41545
-1.49084
-1.55812
-1.61707
-1.66531
-1.69994
-1.72024
-1.74184
-1.74199
-1.76239
-1.71573
-1.77353
-1.59784
-1.84749
-1.25973
-2.26353
-0.262951
-4.04308
1.82609
1.83412
1.84263
1.85156
1.86097
1.87088
1.88131
1.89228
1.90382
1.91598
1.92877
1.94222
1.95636
1.97123
1.98686
2.0033
2.02056
2.03868
2.05771
2.07769
2.09867
2.12065
2.1437
2.16786
2.19317
2.21967
2.24738
2.27637
2.30666
2.33829
2.37129
2.40568
2.44151
2.4788
2.51751
2.5577
2.59938
2.6425
2.68706
2.73302
2.78032
2.82893
2.87874
2.92965
2.98153
3.03424
3.08763
3.14144
3.19544
3.2494
3.30297
3.35584
3.40766
3.45795
3.50634
3.55236
3.59546
3.63519
3.671
3.70237
3.72882
3.74986
3.76506
3.77412
3.77674
3.77283
3.76286
3.74837
3.73208
3.71199
3.68777
3.65993
3.62947
3.59859
3.56961
3.55818
3.49324
3.87099
2.57338
6.90138
1.46349
1.45634
1.44867
1.44073
1.43242
1.42363
1.41433
1.40451
1.39417
1.38326
1.37175
1.35961
1.34681
1.3333
1.31905
1.30404
1.2882
1.27148
1.25386
1.23531
1.21579
1.19531
1.17396
1.15183
1.12873
1.10412
1.07744
1.04883
1.01914
0.989101
0.958769
0.92757
0.894607
0.859027
0.820443
0.778932
0.734514
0.687148
0.637201
0.585205
0.531272
0.475157
0.416614
0.355575
0.292059
0.226102
0.15774
0.0870006
0.0139546
-0.0612765
-0.138549
-0.217649
-0.298348
-0.380329
-0.463247
-0.546681
-0.630139
-0.713078
-0.794885
-0.87489
-0.952336
-1.02647
-1.09641
-1.16144
-1.22043
-1.27323
-1.31768
-1.35094
-1.3719
-1.39491
-1.39962
-1.42406
-1.38833
-1.4508
-1.29751
-1.54561
-1.00384
-1.98151
-0.0876938
-3.75662
1.4698
1.47599
1.48254
1.48943
1.49668
1.50432
1.51236
1.52081
1.52972
1.53909
1.54895
1.55933
1.57023
1.5817
1.59377
1.60646
1.61978
1.63377
1.64847
1.66392
1.68013
1.69713
1.71497
1.73367
1.75329
1.77382
1.79531
1.81781
1.84135
1.86596
1.89166
1.91847
1.94645
1.97561
2.00593
2.03747
2.07024
2.10421
2.13941
2.17582
2.21337
2.25209
2.29191
2.33274
2.37452
2.41715
2.46052
2.50447
2.54882
2.59341
2.63798
2.68229
2.7261
2.76902
2.81077
2.851
2.88927
2.92519
2.95832
2.98828
3.01463
3.03695
3.0549
3.06818
3.07655
3.0799
3.07856
3.07282
3.065
3.05457
3.04132
3.02585
3.00913
2.99322
2.98311
2.98215
2.96254
3.31148
2.15269
6.32068
1.09754
1.09229
1.08664
1.08079
1.07467
1.0682
1.06136
1.05415
1.04655
1.03854
1.03009
1.02117
1.01178
1.00188
0.991445
0.980449
0.968853
0.956629
0.943742
0.930165
0.915857
0.90081
0.885029
0.868542
0.851433
0.833751
0.815228
0.795254
0.77344
0.750188
0.7264
0.702639
0.678777
0.654235
0.628221
0.600141
0.569832
0.537227
0.502191
0.464907
0.425854
0.385226
0.34279
0.298248
0.251502
0.202629
0.151742
0.0989237
0.0442358
-0.0122492
-0.0704255
-0.130143
-0.191222
-0.253444
-0.316558
-0.380265
-0.444213
-0.508007
-0.571207
-0.633331
-0.693817
-0.752104
-0.807528
-0.859578
-0.907304
-0.950699
-0.987879
-1.01656
-1.03524
-1.05656
-1.06243
-1.0875
-1.05884
-1.12245
-0.987076
-1.22997
-0.729116
-1.67211
0.111005
-3.39032
1.1022
1.10679
1.11165
1.11676
1.12214
1.12783
1.13381
1.14011
1.14674
1.15373
1.16109
1.16883
1.17699
1.18558
1.19463
1.20413
1.21413
1.22465
1.23572
1.24734
1.25955
1.27238
1.28586
1.29999
1.31482
1.33038
1.34667
1.36374
1.38161
1.40031
1.41986
1.44027
1.46158
1.48379
1.50692
1.531
1.55603
1.58201
1.60893
1.63681
1.66561
1.69532
1.7259
1.75731
1.78951
1.82241
1.85596
1.89005
1.92455
1.95935
1.99426
2.02914
2.06379
2.09796
2.13145
2.16398
2.19525
2.22498
2.25283
2.27853
2.30171
2.32206
2.33936
2.35332
2.36373
2.37057
2.37404
2.37366
2.37143
2.36759
2.36205
2.35547
2.34859
2.34345
2.34608
2.35009
2.36346
2.68044
1.63826
5.5983
0.798844
0.795257
0.791411
0.787436
0.783271
0.778856
0.774184
0.769261
0.764065
0.758566
0.752769
0.746653
0.74019
0.733374
0.726186
0.718589
0.710567
0.70211
0.693183
0.683754
0.673801
0.663301
0.652231
0.640591
0.628407
0.615715
0.602587
0.589002
0.574545
0.558591
0.540997
0.522431
0.503712
0.485022
0.465845
0.445422
0.423142
0.398914
0.372929
0.345238
0.315975
0.285701
0.254909
0.22354
0.191214
0.157625
0.122669
0.0863885
0.0488489
0.010096
-0.0298242
-0.0708455
-0.112869
-0.155767
-0.199379
-0.24352
-0.287957
-0.332426
-0.376627
-0.420244
-0.462885
-0.504175
-0.54365
-0.58099
-0.615467
-0.647205
-0.674637
-0.696481
-0.710622
-0.72782
-0.732055
-0.754941
-0.729856
-0.791781
-0.669527
-0.903875
-0.438557
-1.33163
0.325829
-2.89567
0.801985
0.80503
0.808267
0.811657
0.815226
0.818979
0.822922
0.827073
0.831445
0.836038
0.840857
0.845921
0.85125
0.856853
0.862735
0.868904
0.875385
0.882202
0.889353
0.896851
0.904711
0.912963
0.921631
0.930706
0.940213
0.950178
0.960618
0.971546
0.982985
0.994959
1.00747
1.02056
1.03423
1.04848
1.06335
1.07887
1.09504
1.11185
1.12931
1.14746
1.16626
1.1857
1.20579
1.22651
1.24783
1.2697
1.29209
1.31494
1.33817
1.3617
1.38543
1.40925
1.43303
1.45662
1.47989
1.50262
1.52462
1.54573
1.5657
1.58434
1.60142
1.61671
1.6301
1.64134
1.65033
1.65709
1.66174
1.66381
1.6642
1.66357
1.66198
1.66007
1.65841
1.65935
1.6691
1.67333
1.70634
1.98861
1.04251
4.66997
0.334368
0.332021
0.329484
0.326849
0.324089
0.321167
0.318076
0.314814
0.311369
0.307724
0.303877
0.299815
0.295514
0.290964
0.286159
0.281069
0.275673
0.269959
0.263901
0.257469
0.250639
0.243379
0.235654
0.227434
0.218696
0.209398
0.199458
0.188751
0.177117
0.16442
0.150689
0.136827
0.125544
0.120985
0.126704
0.14356
0.16887
0.196932
0.220606
0.233702
0.233043
0.219332
0.196642
0.170349
0.144221
0.11932
0.0951406
0.0710068
0.0466428
0.0220846
-0.00256695
-0.02726
-0.0519869
-0.0767323
-0.10146
-0.126123
-0.150652
-0.174959
-0.198933
-0.222454
-0.245353
-0.267473
-0.288587
-0.30859
-0.327006
-0.344115
-0.358664
-0.370737
-0.377821
-0.388333
-0.388227
-0.406027
-0.381961
-0.437423
-0.329442
-0.538222
-0.136256
-0.891161
0.476658
-2.02196
0.336473
0.338574
0.340812
0.343162
0.345647
0.348263
0.351011
0.35392
0.356997
0.360236
0.36364
0.367225
0.371011
0.374997
0.379187
0.383592
0.388231
0.393119
0.398242
0.40362
0.409275
0.415209
0.421429
0.427941
0.434757
0.441885
0.449339
0.457116
0.465224
0.473681
0.482476
0.491622
0.501111
0.510943
0.52112
0.531644
0.542516
0.553708
0.565233
0.577078
0.589214
0.601635
0.614341
0.627306
0.640499
0.653912
0.667502
0.68124
0.695094
0.709009
0.722953
0.736855
0.750662
0.7643
0.77771
0.790803
0.803493
0.815733
0.827389
0.838367
0.84854
0.857805
0.866096
0.873249
0.879233
0.88404
0.887747
0.889743
0.891077
0.892247
0.893421
0.895021
0.896731
0.899657
0.908075
0.899482
0.917034
1.14934
0.306627
3.2083
0.285755
0.285728
0.285723
0.285721
0.285709
0.285693
0.285674
0.285649
0.285617
0.285587
0.28556
0.285536
0.285512
0.285493
0.285492
0.28551
0.285554
0.285634
0.285762
0.285957
0.286245
0.286645
0.287175
0.287808
0.288473
0.289102
0.289807
0.29121
0.29471
0.302358
0.315916
0.334895
0.354659
0.366418
0.359949
0.327752
0.268494
0.188645
0.101722
0.0246352
-0.0284644
-0.052262
-0.0522033
-0.0400887
-0.0265936
-0.0168787
-0.0112577
-0.00821238
-0.00660503
-0.00613112
-0.00685722
-0.00880938
-0.0118849
-0.0159287
-0.0207827
-0.0263028
-0.0323508
-0.0387877
-0.0454776
-0.0522992
-0.0591303
-0.0658776
-0.0724121
-0.0787391
-0.084597
-0.0903661
-0.0952508
-0.10037
-0.102289
-0.107159
-0.104514
-0.115997
-0.0975819
-0.13681
-0.0636013
-0.200215
0.0487012
-0.383741
0.386632
-0.869091
0.285753
0.285712
0.285658
0.285585
0.285499
0.285396
0.285266
0.285115
0.284942
0.284741
0.284509
0.284242
0.283943
0.283606
0.283229
0.282806
0.282338
0.281826
0.281258
0.280637
0.279968
0.279239
0.278451
0.277608
0.276708
0.275751
0.274744
0.273683
0.272574
0.27143
0.270251
0.269047
0.267821
0.266592
0.265369
0.264163
0.262988
0.261855
0.260793
0.259803
0.258895
0.258085
0.257394
0.25682
0.256376
0.256073
0.255906
0.255881
0.255999
0.256266
0.256684
0.257234
0.257906
0.258666
0.259484
0.260306
0.261093
0.261828
0.262446
0.262933
0.263275
0.263479
0.263556
0.263494
0.263397
0.263269
0.263298
0.26466
0.264192
0.262585
0.259923
0.256668
0.253284
0.252639
0.260976
0.264143
0.287017
0.416
-0.0250491
1.35923
)
;

boundaryField
{
    inlet
    {
        type            freestreamPressure;
        freestreamValue uniform 0;
        value           nonuniform List<scalar> 
134
(
0.755931
0.0595316
-0.668083
-1.2999
-1.75621
-2.03453
-2.08093
-1.89066
-1.46753
-0.688646
-0.128708
-0.208055
-0.348298
-0.481009
-0.615471
-0.75637
-0.904964
-1.06202
-1.22975
-1.41213
1.43495
-1.61464
-1.83999
-2.0776
-2.30052
-2.46112
-2.53863
-2.67549
-2.67857
-2.73066
-3.25537
-2.99408
-3.00427
-3.06144
-3.10379
-3.12443
-3.14435
-3.19715
-3.33059
-3.49271
2.0734
2.72915
3.28124
3.58007
3.51556
2.89976
1.54166
-3.84761
-3.76206
-3.62935
-3.54298
-3.47883
-3.4071
-3.32638
-3.2438
-3.16142
-3.07807
-2.99274
-2.9054
-2.8161
-2.72429
-2.62909
-2.5289
-2.42101
-2.30262
-2.17007
-2.08587
-2.00695
-1.9119
-1.80128
-1.67344
-1.50998
-1.2893
-0.899974
-0.386622
0.521751
1.16292
1.87818
2.58759
3.27904
3.936
4.49415
4.92067
5.22527
5.41788
5.52501
5.57628
5.5975
5.60946
5.64256
5.74554
5.93737
6.14696
6.31894
6.45992
6.58202
6.68751
6.77259
6.8353
6.87683
6.90095
6.91659
6.94191
7.02283
7.22912
7.67478
7.8642
7.67817
7.46361
7.32673
7.21507
7.08802
6.94887
6.8081
6.6669
6.52245
6.3731
6.21813
6.05661
5.88673
5.70568
5.50983
5.29228
5.04801
4.74787
4.55933
4.37625
4.14298
3.86448
3.5403
3.13677
2.61775
1.79924
0.762852
)
;
    }
    outlet
    {
        type            freestreamPressure;
        freestreamValue uniform 0;
        value           nonuniform List<scalar> 
160
(
0.000734341
0.000734394
0.000734214
0.000734347
0.000734136
0.000734279
0.000734062
0.000734162
0.000733958
0.000734016
0.000733838
0.000733834
0.000733706
0.000733586
0.000733555
0.000733292
0.000733382
0.000732947
0.000733205
0.000732537
0.000733031
0.000732053
0.000732857
0.000731488
0.000732678
0.000730851
0.000732505
0.000730124
0.000732366
0.000729301
0.000732271
0.000728373
0.000732232
0.00072734
0.000732277
0.000726207
0.00073243
0.00072494
0.000732744
0.000723552
0.000733279
0.000722054
0.000734091
0.00072042
0.000735242
0.000718648
0.000736681
0.00071675
0.000738237
0.000714728
0.0007397
0.000712577
0.000741229
0.000710319
0.000744196
0.000707946
0.00075195
0.000705474
0.000769661
0.000702936
0.00080205
0.000700335
0.000848531
0.000697701
0.00089834
0.000695042
0.00093007
0.000692406
0.000917608
0.000689827
0.000840113
0.000687328
0.000691625
0.000684952
0.000487298
0.000682733
0.000262709
0.000680744
6.34347e-05
0.000679
-7.29587e-05
0.000677525
-0.000133317
0.00067637
-0.000132665
0.000675592
-0.000101648
0.0006752
-6.73707e-05
0.000675226
-4.27566e-05
0.000675714
-2.85239e-05
0.000676659
-2.08118e-05
0.000678088
-1.67405e-05
0.000680011
-1.55409e-05
0.000682459
-1.73836e-05
0.000685453
-2.23369e-05
0.000688951
-3.01431e-05
0.000692948
-4.04139e-05
0.000697367
-5.2754e-05
0.000702144
-6.68056e-05
0.000707157
-8.22279e-05
0.000712308
-9.86792e-05
0.000717576
-0.000115828
0.000722794
-0.00013338
0.000727944
-0.00015104
0.000733001
-0.000168586
0.000737996
-0.000185707
0.000742981
-0.000202429
0.000747941
-0.000218107
0.000753179
-0.000233708
0.000758745
-0.00024725
0.000765211
-0.000261384
0.000775023
-0.000267343
0.000778989
-0.000280908
0.000780222
-0.000275543
0.000778929
-0.0003064
0.000776494
-0.000260608
0.000774353
-0.000363726
0.000781358
-0.000173653
0.000817369
-0.000531113
0.000840062
0.000139117
0.000927154
-0.000982831
0.00136412
0.00122858
-8.73039e-05
-0.00192578
0.00430003
)
;
    }
    walls
    {
        type            zeroGradient;
    }
    frontAndBack
    {
        type            empty;
    }
}


// ************************************************************************* //
