/*--------------------------------*- C++ -*----------------------------------*\
| =========                 |                                                 |
| \\      /  F ield         | OpenFOAM: The Open Source CFD Toolbox           |
|  \\    /   O peration     | Version:  2412                                  |
|   \\  /    A nd           | Website:  www.openfoam.com                      |
|    \\/     M anipulation  |                                                 |
\*---------------------------------------------------------------------------*/
FoamFile
{
    version     2.0;
    format      ascii;
    arch        "LSB;label=32;scalar=64";
    class       volScalarField;
    location    "200";
    object      p;
}
// * * * * * * * * * * * * * * * * * * * * * * * * * * * * * * * * * * * * * //

dimensions      [0 2 -2 0 0 0 0];

internalField   nonuniform List<scalar> 
10720
(
262.448
227.672
184.401
136.243
85.7826
32.0602
-19.7024
-67.394
-111.205
-148.534
-179.366
-203.607
-220.754
-230.797
-233.831
-228.965
-215.385
-192.046
-162.836
-138.728
-135.809
-143.205
-145.583
-143.45
-141.818
-140.308
-139.274
-139.393
-140.261
-139.063
-134.366
-128.444
-126.044
-119.491
-91.4097
-42.3061
-39.0321
-40.6907
-84.5866
293.234
319.373
339.467
349.028
350.57
343.61
325.34
297.827
265.222
230.814
198.105
169.387
144.451
123.039
104.946
88.63
73.7537
59.5208
45.5301
31.0595
16.1124
0.29341
-16.2166
-32.8303
-47.0267
-57.5694
-65.9149
-72.3958
-77.0652
-80.1281
-81.8306
-82.3774
-81.9586
-80.7328
-78.9012
-76.5488
-73.6324
-68.5921
-61.9486
269.343
242.903
210.89
174.065
133.696
90.3434
46.1282
2.74527
-38.7299
-76.7031
-110.245
-138.609
-161.281
-177.857
-187.511
-189.081
-182.207
-166.783
-146.236
-130.796
-134.243
-143.075
-144.798
-142.96
-141.486
-140.031
-138.967
-139.026
-139.933
-138.844
-134.215
-128.261
-125.844
-119.482
-91.8861
-42.9918
-39.4367
-40.6403
-87.3565
291.659
311.099
326.9
336.226
338.289
332.629
318.755
297.848
272.078
243.702
215.065
187.977
163.066
140.579
120.554
102.329
85.5528
69.698
54.3395
38.9163
23.2796
7.13831
-9.38536
-25.7089
-39.8596
-50.7044
-59.4025
-66.585
-72.2341
-76.2304
-78.6863
-79.8266
-79.8743
-79.0168
-77.4655
-75.319
-72.4873
-67.8311
-60.7283
261.454
238.22
209.976
177.05
140.616
101.013
59.6373
18.1915
-22.0325
-59.7523
-93.6732
-122.926
-146.787
-164.432
-175.073
-178.551
-174.613
-163.72
-148.263
-134.429
-133.508
-140.427
-143.673
-142.069
-140.944
-139.731
-138.721
-138.714
-139.639
-138.675
-134.147
-128.17
-125.737
-119.591
-92.6441
-44.0747
-40.0752
-40.5909
-89.2971
280.812
297.296
310.627
319.037
321.588
317.742
306.982
289.9
267.894
242.698
216.226
190.224
165.705
143.137
122.695
104.103
86.986
70.9083
55.4372
40.0887
24.6139
8.79181
-7.30033
-23.1542
-37.2322
-48.4355
-57.4297
-64.7556
-70.4194
-74.3879
-76.865
-78.1049
-78.3158
-77.6515
-76.2822
-74.2794
-71.5486
-66.9221
-59.5988
250.763
231
206.937
178.95
147.948
113.891
77.9523
41.3888
5.20405
-29.4546
-61.4611
-89.9076
-113.953
-132.822
-145.848
-152.83
-153.619
-148.639
-139.974
-131.802
-130.794
-135.672
-139.81
-140.48
-140.1
-139.151
-138.409
-138.455
-139.397
-138.529
-134.092
-128.107
-125.698
-119.839
-93.6073
-45.3646
-40.7734
-40.434
-90.2374
267.268
281.325
292.928
300.658
303.601
301.227
293.026
279.401
261.359
240.137
217.219
194.028
171.474
150.088
130.148
111.606
94.243
77.7716
61.8625
46.1464
30.3861
14.4212
-1.68431
-17.4757
-31.7099
-43.3567
-52.7938
-60.5527
-66.7087
-71.2444
-74.3037
-76.0638
-76.6982
-76.3568
-75.2136
-73.3528
-70.6851
-66.0641
-58.5807
238.455
221.113
199.917
175.238
147.92
117.663
85.4471
52.2997
18.9755
-13.4886
-44.0813
-71.9186
-96.1295
-115.918
-130.624
-139.729
-143.002
-140.751
-134.76
-128.733
-127.829
-131.556
-135.016
-137.095
-138.446
-138.282
-137.88
-138.165
-139.176
-138.377
-134.007
-128.017
-125.68
-120.235
-94.7606
-46.8007
-41.409
-40.0891
-90.4798
252.941
265.233
275.549
282.734
285.947
284.699
278.469
267.491
252.511
234.413
214.343
193.47
172.589
152.261
132.855
114.486
97.0804
80.473
64.4245
48.6517
32.9309
17.127
1.28879
-14.1947
-28.3338
-40.2003
-49.9426
-58.0051
-64.4632
-69.2822
-72.5612
-74.4896
-75.259
-75.0375
-73.9984
-72.2215
-69.6014
-65.0216
-57.4229
225.863
210.5
191.705
169.861
145.771
118.996
90.3774
60.7578
30.6955
1.07506
-27.2505
-53.5005
-76.8487
-96.5354
-111.879
-122.46
-128.149
-129.222
-126.981
-124.066
-124.306
-127.927
-131.162
-133.138
-135.423
-136.807
-137.127
-137.729
-138.915
-138.196
-133.86
-127.867
-125.63
-120.724
-96.121
-48.3494
-41.835
-39.5257
-90.2914
238.746
249.678
259.009
265.756
269.145
268.736
264.028
255.158
242.716
227.355
209.975
191.529
172.67
153.901
135.603
117.951
100.965
84.5711
68.6163
52.8989
37.2415
21.5445
5.86052
-9.46152
-23.604
-35.7353
-45.8324
-54.2391
-61.0404
-66.2106
-69.8392
-72.1192
-73.2284
-73.3192
-72.5447
-70.9708
-68.4798
-63.9887
-56.3336
213.529
199.738
182.865
163.283
141.782
117.822
92.1518
65.4837
38.2047
11.0768
-15.1929
-39.9385
-62.4039
-81.8831
-97.7495
-109.508
-116.978
-120.273
-120.462
-119.612
-120.6
-124.168
-127.654
-129.676
-131.802
-134.299
-135.967
-137.126
-138.535
-137.937
-133.638
-127.639
-125.549
-121.305
-97.6375
-49.9329
-41.9123
-38.7131
-89.7556
225.137
234.994
243.535
249.906
253.397
253.617
250.088
242.878
232.474
219.367
204.275
187.977
170.992
153.745
136.594
119.74
103.262
87.1731
71.3965
55.8079
40.2845
24.7626
9.29929
-5.79917
-19.8593
-32.1435
-42.508
-51.1976
-58.2975
-63.7866
-67.7334
-70.3059
-71.6712
-71.9742
-71.3624
-69.9001
-67.4646
-63.0054
-55.3146
201.72
189.213
173.936
156.244
136.908
115.352
92.2415
68.1947
43.4838
18.7473
-5.42144
-28.4741
-49.7497
-68.6168
-84.494
-96.8984
-105.68
-110.911
-113.354
-114.52
-116.476
-120.135
-123.949
-126.461
-128.495
-131.089
-134.015
-136.218
-137.976
-137.525
-133.285
-127.302
-125.387
-121.882
-99.2922
-51.4948
-41.4823
-37.6474
-88.9478
212.275
221.26
229.149
235.186
238.726
239.417
236.805
230.917
222.166
210.938
197.818
183.457
168.26
152.573
136.71
120.858
105.13
89.5822
74.1967
58.9084
43.6442
28.3743
13.1638
-1.71249
-15.6784
-28.077
-38.6836
-47.6473
-55.0418
-60.847
-65.1111
-67.9862
-69.6342
-70.1949
-69.8044
-68.5179
-66.201
-61.8418
-54.1804
190.52
179.097
165.156
149.047
131.529
112.001
91.0743
69.2905
46.831
24.2436
2.01522
-19.413
-39.4704
-57.608
-73.3061
-86.1119
-95.8267
-102.469
-106.571
-109.292
-112.165
-116.026
-120.054
-123.138
-125.497
-127.894
-131.234
-134.68
-137.117
-136.873
-132.744
-126.831
-125.152
-122.456
-100.984
-52.9403
-40.4697
-36.3116
-87.8263
200.208
208.466
215.804
221.544
225.09
226.135
224.241
219.411
212.001
202.329
190.881
178.211
164.634
150.424
135.841
121.044
106.15
91.2425
76.3404
61.4298
46.4842
31.5075
16.5743
1.93793
-11.9028
-24.3608
-35.1602
-44.3647
-52.0284
-58.1312
-62.7033
-65.8786
-67.8046
-68.6124
-68.4258
-67.2933
-65.0728
-60.7888
-53.1893
179.98
169.468
156.665
141.908
125.934
108.145
89.0997
69.2896
48.8258
28.1823
7.75607
-12.1002
-30.901
-48.1847
-63.4933
-76.4059
-86.7193
-94.4347
-99.8876
-103.927
-107.691
-111.892
-116.109
-119.631
-122.49
-124.992
-128.115
-132.275
-135.703
-135.885
-131.922
-126.172
-124.784
-122.891
-102.644
-54.2147
-38.8231
-34.7171
-86.4999
188.923
196.561
203.428
208.896
212.42
213.725
212.4
208.421
202.106
193.727
183.697
172.498
160.378
147.548
134.219
120.516
106.542
92.387
78.0917
63.6753
49.1478
34.5395
19.9371
5.57501
-8.10173
-20.5632
-31.5037
-40.9142
-48.8218
-55.2026
-60.0707
-63.5377
-65.7402
-66.8002
-66.8304
-65.8705
-63.772
-59.6007
-52.1173
170.082
160.356
148.534
134.938
120.292
104
86.5857
68.4897
49.7845
30.8772
12.0918
-6.29498
-23.875
-40.2613
-55.0609
-67.901
-78.5598
-87.026
-93.4905
-98.5723
-103.111
-107.706
-112.163
-116.007
-119.309
-122.178
-125.117
-129.194
-133.447
-134.388
-130.774
-125.27
-124.285
-123.181
-104.116
-55.2125
-36.5678
-32.8166
-84.9961
178.379
185.485
191.936
197.157
200.637
202.133
201.256
197.967
192.551
185.248
176.42
166.492
155.664
144.095
131.956
119.334
106.309
92.9635
79.3475
65.4997
51.4554
37.2678
23.0312
8.96747
-4.51573
-16.9355
-27.9716
-37.5553
-45.6831
-52.3248
-57.4781
-61.2332
-63.7115
-65.0247
-65.2721
-64.4857
-62.5111
-58.4542
-51.1202
160.793
151.757
140.791
128.207
114.709
99.7206
83.7259
67.1347
49.98
32.6216
15.3244
-1.69804
-18.1049
-33.5797
-47.7871
-60.4011
-71.1965
-80.1564
-87.3737
-93.2821
-98.4857
-103.474
-108.206
-112.344
-115.965
-119.236
-122.279
-125.92
-130.344
-132.199
-129.236
-124.114
-123.552
-123.18
-105.298
-55.8541
-33.718
-30.5691
-83.4613
168.534
175.169
181.252
186.243
189.664
191.296
190.773
188.045
183.371
176.969
169.16
160.329
150.638
140.212
129.183
117.606
105.535
93.0369
80.1589
66.9483
53.4558
39.7491
25.9256
12.1989
-1.05133
-13.3779
-24.4568
-34.1723
-42.4889
-49.3658
-54.7861
-58.8175
-61.5647
-63.1292
-63.5981
-62.9935
-61.1575
-57.2396
-50.1018
152.086
143.653
133.441
121.746
109.255
95.4059
80.6586
65.3873
49.6045
33.6247
17.6698
1.90029
-13.3998
-27.9743
-41.5434
-53.8267
-64.6024
-73.8438
-81.587
-88.1221
-93.8766
-99.2294
-104.229
-108.658
-112.534
-116.097
-119.404
-122.77
-126.752
-129.219
-127.238
-122.723
-122.581
-122.895
-106.008
-55.9745
-30.3316
-27.8843
-81.8906
159.329
165.551
171.3
176.076
179.426
181.153
180.91
178.638
174.581
168.936
161.994
154.106
145.415
136.013
126.005
115.417
104.279
92.6394
80.5347
68.0082
55.1179
41.9377
28.5673
15.2112
2.22881
-9.96075
-21.0353
-30.8436
-39.3192
-46.4083
-52.079
-56.3769
-59.3892
-61.2047
-61.8974
-61.4797
-59.7913
-56.0246
-49.1191
143.916
136.023
126.479
115.57
103.968
91.126
77.4758
63.3722
48.8041
34.0545
19.3078
4.68417
-9.58197
-23.2837
-36.1934
-48.0703
-58.706
-68.0616
-76.1451
-83.135
-89.3279
-95.0045
-100.249
-104.94
-109.062
-112.817
-116.359
-119.71
-123.134
-125.638
-124.692
-121.095
-121.307
-122.141
-106.093
-55.4496
-26.4421
-24.7213
-80.3914
150.716
156.566
162.014
166.587
169.856
171.645
171.623
169.726
166.182
161.175
154.972
147.9
140.083
131.594
122.516
112.853
102.612
91.8235
80.5069
68.6966
56.4484
43.8364
30.9585
18.0094
5.33254
-6.67423
-17.6948
-27.5526
-36.1527
-43.4253
-49.3249
-53.8746
-57.1429
-59.2049
-60.1224
-59.8969
-58.3677
-54.7734
-48.1382
136.248
128.836
119.89
109.685
98.8714
86.9218
74.2479
61.1779
47.6914
34.0418
20.3837
6.804
-6.5028
-19.3733
-31.6205
-43.0408
-53.4482
-62.788
-71.0577
-78.3555
-84.8778
-90.8254
-96.2825
-101.195
-105.545
-109.46
-113.132
-116.571
-119.674
-121.823
-121.612
-119.152
-119.746
-120.881
-105.302
-54.0983
-22.0854
-21.0252
-78.9339
142.648
148.162
153.333
157.712
160.895
162.718
162.87
161.281
158.167
153.701
148.13
141.763
134.711
127.034
118.798
109.991
100.6
90.6374
80.1056
69.0267
57.4475
45.4371
33.0856
20.576
8.2388
-3.54339
-14.4638
-24.3287
-33.018
-40.4458
-46.5517
-51.3377
-54.8528
-57.1574
-58.3004
-58.2724
-56.9138
-53.5087
-47.1791
129.041
122.065
113.658
104.085
93.9768
82.8258
71.0207
58.874
46.3529
33.6885
21.0105
8.38017
-4.04047
-16.1234
-27.7186
-38.6538
-48.7675
-57.9922
-66.3228
-73.8038
-80.5569
-86.7166
-92.351
-97.4403
-101.981
-106.053
-109.794
-113.28
-116.297
-118.116
-118.129
-116.755
-117.761
-118.904
-103.413
-51.8265
-17.2728
-16.8307
-77.611
135.08
140.288
145.202
149.398
152.488
154.325
154.613
153.278
150.525
146.519
141.491
135.735
129.353
122.395
114.918
106.895
98.3013
89.1295
79.3671
69.0216
58.1267
46.7408
34.9435
22.9044
10.942
-0.575502
-11.3505
-21.1791
-29.9206
-37.4719
-43.7588
-48.7628
-52.5127
-55.0532
-56.4207
-56.5944
-55.4167
-52.2206
-46.2281
122.263
115.682
107.764
98.7636
89.2892
78.8544
67.8299
56.5088
44.853
33.0729
21.2789
9.51347
-2.09071
-13.4331
-24.3957
-34.8331
-44.608
-53.6427
-61.9343
-69.4939
-76.3884
-82.6975
-88.4687
-93.6944
-98.3815
-102.59
-106.392
-109.854
-112.851
-114.569
-114.511
-113.812
-115.223
-116.147
-100.174
-48.5153
-12.002
-12.2014
-76.4191
127.972
132.9
137.574
141.594
144.59
146.424
146.816
145.691
143.242
139.628
135.069
129.842
124.048
117.729
110.932
103.625
95.7708
87.3479
78.3296
68.7075
58.5009
47.7539
36.5317
24.9887
13.4311
2.21548
-8.37171
-18.1218
-26.8776
-34.5202
-40.9612
-46.1628
-50.1339
-52.9026
-54.4922
-54.8716
-53.8865
-50.9174
-45.2929
115.881
109.662
102.19
93.7082
84.8078
75.0204
64.6982
54.1204
43.2429
32.2597
21.2658
10.2863
-0.566827
-11.2177
-21.5725
-31.5102
-40.9162
-49.7057
-57.8798
-65.4317
-72.3893
-78.7873
-84.6506
-89.9746
-94.7661
-99.0763
-102.941
-106.361
-109.296
-111.074
-110.968
-110.376
-111.904
-112.382
-95.561
-44.1947
-6.31181
-7.34602
-75.5179
121.286
125.956
130.407
134.258
137.157
138.975
139.446
138.494
136.302
133.026
128.872
124.108
118.829
113.075
106.888
100.231
93.0577
85.3373
77.0298
68.112
58.5876
48.4849
37.8526
26.8269
15.7014
4.82142
-5.53811
-15.1683
-23.9
-31.5999
-38.1663
-43.5432
-47.7197
-50.7072
-52.5153
-53.1033
-52.3198
-49.5965
-44.3658
109.865
103.979
96.9153
88.9089
80.5296
71.3292
61.6437
51.7366
41.5625
31.2993
21.0299
10.7667
0.60374
-9.40174
-19.1768
-28.6215
-37.6404
-46.1468
-54.143
-61.6178
-68.5701
-75.0001
-80.9105
-86.2936
-91.1523
-95.5269
-99.4383
-102.832
-105.656
-107.491
-107.517
-106.66
-107.785
-107.564
-89.7535
-38.982
-0.343331
-2.50589
-74.9529
114.989
119.421
123.663
127.352
130.153
131.945
132.473
131.663
129.691
126.704
122.902
118.543
113.718
108.466
102.825
96.7554
90.2066
83.1397
75.5044
67.2646
58.4079
48.9462
38.9101
28.4183
17.7489
7.23449
-2.86133
-12.3325
-21.0022
-28.7254
-35.3871
-40.9152
-45.2794
-48.4743
-50.4955
-51.2943
-50.7228
-48.2624
-43.4493
104.189
98.6104
91.923
84.3516
76.4492
67.7842
58.6764
49.3791
39.8417
30.2315
20.6208
11.0115
1.48396
-7.9203
-17.1459
-26.1099
-34.7334
-42.9324
-50.7069
-58.0484
-64.9374
-71.3478
-77.2624
-82.6656
-87.5565
-91.9624
-95.8935
-99.2739
-101.989
-103.797
-104.018
-102.881
-102.996
-101.688
-83.1023
-33.2633
5.58006
2.00405
-74.803
109.053
113.263
117.308
120.842
123.543
125.3
125.87
125.177
123.391
120.656
117.161
113.156
108.732
103.926
98.7736
93.2347
87.2564
80.7938
73.7892
66.1947
57.9843
49.1539
39.7151
29.7674
19.5719
9.44892
-0.350183
-9.62531
-18.1959
-25.9072
-32.6334
-38.2867
-42.8193
-46.2085
-48.4367
-49.4469
-49.095
-46.914
-42.5377
98.8292
93.5346
87.1953
80.0259
72.5604
64.3848
55.8058
47.0621
38.1049
29.0892
20.0777
11.0668
2.12305
-6.72228
-15.4285
-23.9275
-32.154
-40.0305
-47.5527
-54.717
-61.4937
-67.8384
-73.717
-79.1031
-83.9927
-88.4007
-92.3233
-95.6831
-98.3189
-100.03
-100.381
-99.1118
-97.9273
-95.1098
-75.9738
-27.4962
10.9971
5.89413
-75.0172
103.451
107.453
111.313
114.696
117.299
119.015
119.612
119.016
117.389
114.871
111.646
107.954
103.885
99.4742
94.7595
89.6992
84.2404
78.3342
71.9174
64.9324
57.3418
49.126
40.2796
30.8798
21.1713
11.4612
1.98761
-7.05757
-15.4934
-23.1586
-29.9177
-35.6694
-40.3492
-43.9181
-46.3449
-47.5659
-47.4419
-45.5544
-41.6313
93.7632
88.7336
82.7163
75.9184
68.8558
61.1304
53.0347
44.7989
36.3713
27.8975
19.4342
10.9706
2.56537
-5.76082
-13.9782
-22.0301
-29.8636
-37.4102
-44.6597
-51.6132
-58.2376
-64.4773
-70.2833
-75.6178
-80.4734
-84.8573
-88.7484
-92.0693
-94.6467
-96.2498
-96.6026
-95.2849
-92.9056
-88.2772
-68.887
-22.2859
15.2973
8.79656
-75.6269
98.1587
101.966
105.649
108.889
111.394
113.064
113.677
113.16
111.669
109.341
106.353
102.937
99.1828
95.1264
90.8034
86.1752
81.188
75.7917
69.9189
63.5061
56.5051
48.8826
40.6161
31.7632
22.5505
13.2702
4.14668
-4.63792
-12.9054
-20.4907
-27.2507
-33.0726
-37.8769
-41.6092
-44.2254
-45.655
-45.7639
-44.1832
-40.7248
88.9706
84.1879
78.4711
72.0191
65.3279
58.0173
50.3678
42.5964
34.6543
26.6775
18.7163
10.756
2.84763
-4.99625
-12.7538
-20.3794
-27.8286
-35.0435
-42.0073
-48.7259
-55.1666
-61.2678
-66.9686
-72.2214
-77.0125
-81.3464
-85.1872
-88.4508
-90.9711
-92.4848
-92.7534
-91.3712
-88.1322
-81.7674
-62.2738
-18.1391
17.9161
10.3982
-76.6435
93.1541
96.7796
100.295
103.396
105.804
107.425
108.044
107.592
106.218
104.056
101.277
98.1067
94.6332
90.893
86.9216
82.6825
78.123
73.1927
67.8218
61.9429
55.4987
48.4443
40.7415
32.4295
23.7156
14.877
6.12398
-2.37361
-10.4417
-17.9147
-24.6444
-30.5081
-35.4132
-39.2911
-42.0856
-43.7198
-44.0666
-42.8026
-39.816
84.4338
79.8827
74.4462
68.3157
61.9696
55.0434
47.8042
40.4618
32.9659
25.4451
17.9452
10.4484
2.99907
-4.39556
-11.7215
-18.9412
-26.0183
-32.903
-39.5741
-46.0407
-52.2746
-58.2099
-63.7777
-68.9213
-73.6215
-77.8811
-81.6553
-84.8474
-87.3015
-88.745
-88.8996
-87.3981
-83.5948
-75.9339
-56.481
-15.4161
18.3986
10.363
-78.1594
88.4179
91.8717
95.2277
98.196
100.509
102.077
102.695
102.295
101.022
99.0062
96.4132
93.4614
90.2388
86.7817
83.1263
79.2381
75.0667
70.561
65.6522
60.2683
54.3468
47.8323
40.6735
32.891
24.6743
16.2843
7.91688
-0.270165
-8.11093
-15.4413
-22.1094
-27.9859
-32.9673
-36.9716
-39.9315
-41.7649
-42.3514
-41.4122
-38.9009
80.1357
75.8017
70.6284
64.7986
58.7735
52.2035
45.3457
38.3986
31.3142
24.2139
17.1392
10.0704
3.04604
-3.93085
-10.8517
-17.6862
-24.4046
-30.9645
-37.341
-43.5452
-49.5551
-55.3033
-60.7148
-65.7255
-70.3123
-74.4765
-78.1687
-81.2802
-83.658
-85.0382
-85.0964
-83.4512
-79.2874
-70.9221
-51.859
-14.1898
16.6065
8.47974
-80.2241
83.9326
87.2242
90.4294
93.2689
95.489
97.0017
97.6127
97.255
96.0693
94.1824
91.7548
88.9988
86.0014
82.7989
79.4279
75.8566
72.0353
67.9169
63.4313
58.5053
53.0714
47.0666
40.4286
33.1617
25.436
17.4976
9.527
1.66902
-5.91965
-13.0787
-19.6563
-25.5175
-30.5499
-34.6604
-37.7716
-39.7967
-40.6239
-40.0135
-37.9751
76.062
71.9328
67.0061
61.4575
55.7318
49.4945
42.9896
36.4095
29.7061
22.9943
16.3126
9.63965
3.00982
-3.57805
-10.1189
-16.5886
-22.9627
-29.2058
-35.289
-41.2259
-46.9999
-52.5454
-57.7816
-62.6402
-67.0948
-71.1456
-74.7413
-77.7652
-80.0611
-81.3782
-81.3673
-79.6063
-75.2192
-66.646
-48.6135
-14.4141
12.7131
4.64402
-82.8684
79.6821
82.8203
85.8808
88.5972
90.7257
92.182
92.7814
92.4581
91.348
89.5755
87.2959
84.7159
81.9207
78.9475
75.8335
72.547
69.0442
65.2774
61.1792
56.675
51.6943
46.1683
40.0252
33.2551
26.0114
18.5231
10.9558
3.44133
-3.87404
-10.8363
-17.2951
-23.113
-28.1705
-32.366
-35.6131
-37.8209
-38.8862
-38.6067
-37.0356
72.1987
68.262
63.5681
58.2838
52.8385
46.9107
40.7357
34.4963
28.1462
21.7946
15.477
9.17114
2.9076
-3.31695
-9.50148
-15.6263
-21.6713
-27.6067
-33.4015
-39.0699
-44.6014
-49.9324
-54.9797
-59.6711
-63.9783
-67.9022
-71.3897
-74.321
-76.5345
-77.7906
-77.7372
-75.9253
-71.4505
-62.9859
-46.5302
-15.8999
7.18727
-0.995564
-86.0526
75.6515
78.6442
81.5676
84.1646
86.2039
87.6041
88.187
87.8907
86.8467
85.1762
83.0299
80.6083
77.9962
75.2306
72.3473
69.3202
66.105
62.6586
58.9131
54.7962
50.235
45.1567
39.4816
33.1884
26.4132
19.3694
12.2079
5.04764
-1.97707
-8.72004
-15.0346
-20.7822
-25.8398
-30.0987
-33.4646
-35.8446
-37.1435
-37.192
-36.0764
68.5334
64.7793
60.304
55.2684
50.0857
44.4488
38.5811
32.6591
26.638
20.6212
14.6417
8.67687
2.75461
-3.131
-8.9809
-14.7798
-20.511
-26.1497
-31.6628
-37.0644
-42.3508
-47.4601
-52.3088
-56.8217
-60.9705
-64.7567
-68.1271
-70.9614
-73.0962
-74.2992
-74.2271
-72.4372
-68.0303
-59.8747
-45.3011
-18.4497
0.571301
-8.11203
-89.6724
71.8273
74.6825
77.4744
79.9575
81.9095
83.2524
83.8166
83.5416
82.5553
80.9762
78.9501
76.6724
74.2264
71.648
68.9751
66.1813
63.2278
60.0713
56.6481
52.8855
48.7114
44.05
38.8157
32.9765
26.6537
20.0454
13.2885
6.48851
-0.231985
-6.73617
-12.8826
-18.5353
-23.5679
-27.8673
-31.3344
-33.8742
-35.3987
-35.7705
-35.0964
65.0541
61.4725
57.2046
52.4037
47.4684
42.1029
36.5238
30.8988
25.184
19.479
13.8145
8.1674
2.56311
-3.00512
-8.54126
-14.0323
-19.465
-24.8185
-30.0588
-35.1985
-40.2397
-45.1242
-49.7682
-54.0961
-58.079
-61.7201
-64.968
-67.7032
-69.7652
-70.9294
-70.8667
-69.1639
-64.9839
-57.3004
-44.6875
-21.8062
-6.6149
-16.2004
-93.5726
68.1978
70.9219
73.5888
75.9611
77.8288
79.1154
79.6578
79.3991
78.4636
76.9667
75.05
72.903
70.6078
68.2003
65.7169
63.1359
60.4195
57.5269
54.3964
50.9582
47.1406
42.8654
38.0437
32.635
26.7465
20.5617
14.2049
7.76807
1.36162
-4.88775
-10.8458
-16.3796
-21.3636
-25.6817
-29.231
-31.9165
-33.6568
-34.3416
-34.0885
61.751
58.3332
54.2609
49.6816
44.9788
39.8703
34.5612
29.2137
23.7862
18.3726
13.0017
7.65114
2.34417
-2.9275
-8.16874
-13.3694
-18.5186
-23.5983
-28.5764
-33.4621
-38.2611
-42.9198
-47.3567
-51.4957
-55.3083
-58.8005
-61.923
-64.5599
-66.5564
-67.6997
-67.6785
-66.1194
-62.305
-55.2554
-44.5617
-25.7312
-13.9895
-24.7101
-97.5062
64.7515
67.3508
69.8976
72.1649
73.9499
75.1799
75.6996
75.4533
74.5628
73.1402
71.3229
69.2955
67.1377
64.8856
62.5753
60.1874
57.6863
55.0332
52.1691
49.0274
45.5367
41.6185
37.1819
32.1793
26.7051
20.9298
14.965
8.89016
2.8038
-3.1782
-8.92984
-14.3239
-19.2364
-23.5511
-27.163
-29.9785
-31.9213
-32.9072
-33.0535
58.6137
55.3511
51.4648
47.0957
42.6129
37.7447
32.6904
27.604
22.445
17.3039
12.208
7.13462
2.10566
-2.88783
-7.85212
-12.7787
-17.6592
-22.4775
-27.2042
-31.8448
-36.4068
-40.842
-45.072
-49.0218
-52.6633
-56.005
-59.0029
-61.5453
-63.4857
-64.6273
-64.683
-63.3171
-59.9684
-53.7102
-44.8204
-29.9691
-21.2791
-33.1088
-101.2
61.4782
63.9588
66.3913
68.5562
70.2615
71.4365
71.9313
71.6945
70.8438
69.4888
67.7626
65.8445
63.8128
61.7027
59.5502
57.3379
55.0325
52.5968
49.9757
47.1046
43.9127
40.3241
36.2454
31.6238
26.5433
21.1612
15.5779
9.86125
4.0978
-1.60763
-7.13838
-12.3736
-17.1935
-21.4834
-25.1383
-28.0662
-30.1966
-31.4664
-31.9843
55.6337
52.5191
48.8088
44.6386
40.3631
35.7237
30.9085
26.067
21.1608
16.2753
11.4368
6.62329
1.8549
-2.87758
-7.58162
-12.25
-16.8759
-21.4453
-25.9317
-30.337
-34.669
-38.8854
-42.9118
-46.6745
-50.1466
-53.34
-56.2157
-58.6696
-60.565
-61.724
-61.8904
-60.7639
-57.9444
-52.6071
-45.3835
-34.2939
-28.3144
-40.938
-104.298
58.3685
60.736
63.0583
65.1259
66.7536
67.8736
68.3437
68.1136
67.2984
66.0052
64.3627
62.5454
60.6293
58.649
56.6408
54.5887
52.4613
50.2238
47.8238
45.1982
42.2808
38.9949
35.2483
30.9834
26.2745
21.2679
16.0532
10.6877
5.24654
-0.17663
-5.4745
-10.5347
-15.2428
-19.4873
-23.1651
-26.1869
-28.4871
-30.022
-30.8839
52.8022
49.8279
46.2857
42.3046
38.2262
33.8012
29.2127
24.6028
19.9337
15.2885
10.6916
6.12171
1.59783
-2.88988
-7.34905
-11.774
-16.1592
-20.4923
-24.7498
-28.9297
-33.0406
-37.0451
-40.8733
-44.4536
-47.7603
-50.8095
-53.5684
-55.9414
-57.804
-58.9984
-59.3049
-58.4577
-56.199
-51.865
-46.1779
-38.4635
-34.9612
-47.8911
-106.515
55.4135
57.673
59.8905
61.8633
63.4164
64.4835
64.9275
64.7019
63.919
62.6823
61.117
59.3926
57.5828
55.7224
53.846
51.9403
49.9749
47.9178
45.7185
43.3177
40.6504
37.6427
34.203
30.2707
25.9116
21.2616
16.4011
11.3775
6.25537
1.11755
-3.939
-8.81057
-13.3896
-17.5693
-21.2501
-24.3462
-26.7967
-28.5732
-29.7464
50.1118
47.2718
43.8889
40.0874
36.1952
31.9752
27.6003
23.2079
18.7634
14.3443
9.97459
5.63371
1.33943
-2.91826
-7.14732
-11.3428
-15.5009
-19.6104
-23.6501
-27.6157
-31.5147
-35.3155
-38.9527
-42.3569
-45.5047
-48.4159
-51.0648
-53.3658
-55.2079
-56.4536
-56.9225
-56.3871
-54.6988
-51.3935
-47.133
-42.2701
-41.1425
-53.803
-107.551
52.6051
54.7616
56.8782
58.761
60.2414
61.2562
61.6746
61.452
60.698
59.5134
58.0198
56.3811
54.6699
52.9193
51.1644
49.3923
47.5748
45.6819
43.6656
41.4691
39.0302
36.2782
33.1211
29.4978
25.4667
21.1543
16.6321
11.9391
7.13007
2.27726
-2.53251
-7.20453
-11.6395
-15.7365
-19.4007
-22.5507
-25.1306
-27.1241
-28.5767
47.555
44.8426
41.6122
37.9817
34.2673
30.2398
26.0679
21.8824
17.6487
13.4428
9.2871
5.16171
1.0833
-2.95799
-6.9704
-10.9499
-14.8937
-18.7917
-22.625
-26.387
-30.0848
-33.6913
-37.1461
-40.3821
-43.3785
-46.1594
-48.7065
-50.9447
-52.7777
-54.0882
-54.7342
-54.5315
-53.4062
-51.1011
-48.1759
-45.5778
-46.7284
-58.6671
-107.274
49.9358
51.9937
54.0142
55.8095
57.2202
58.1845
58.5769
58.3561
57.6284
56.4922
55.0651
53.5064
51.8865
50.2368
48.5943
46.9437
45.2623
43.518
41.6691
39.6577
37.4288
34.9094
32.0131
28.6762
24.9517
20.9571
16.7565
12.3815
7.87747
3.30703
-1.25277
-5.71718
-9.99513
-13.9931
-17.6219
-20.8053
-23.492
-25.6744
-27.3707
45.1254
42.5354
39.4498
35.9822
32.4358
28.5933
24.6131
20.6225
16.589
12.5845
8.63061
4.70809
0.832866
-3.00485
-6.8133
-10.5894
-14.3311
-18.0295
-21.6676
-25.2372
-28.7445
-32.1671
-35.4487
-38.5256
-41.3793
-44.0385
-46.4924
-48.6767
-50.5101
-51.8956
-52.7258
-52.8634
-52.283
-50.9042
-49.2186
-48.345
-51.5472
-62.5598
-105.629
47.3985
49.3622
51.29
53.0022
54.3452
55.2602
55.6271
55.4071
54.7037
53.6124
52.2477
50.7636
49.2273
47.6729
46.1311
44.5953
43.0352
41.4294
39.7302
37.8905
35.8503
33.5451
30.8882
27.8164
24.3775
20.6811
16.785
12.7138
8.50483
4.21186
-0.0979247
-4.3492
-8.45969
-12.344
-15.9196
-19.1158
-21.8859
-24.2287
-26.1354
42.8164
40.3428
37.3962
34.084
30.6987
27.03
23.2328
19.4278
15.583
11.7689
8.00561
4.27465
0.59094
-3.05494
-6.67151
-10.2561
-13.8075
-17.3177
-20.7717
-24.1598
-27.4877
-30.7365
-33.8551
-36.7825
-39.5029
-42.0493
-44.4186
-46.557
-48.3982
-49.8651
-50.8798
-51.3511
-51.2868
-50.7335
-50.1705
-50.5895
-55.4054
-65.634
-102.807
44.9868
46.8603
48.6997
50.3311
51.6094
52.4767
52.8183
52.5982
51.9172
50.8681
49.5617
48.1471
46.69
45.2217
43.7759
42.342
40.8963
39.4137
37.8541
36.1681
34.302
32.1921
29.7545
26.9277
23.754
20.3367
16.7274
12.9452
9.02019
4.99783
0.936109
-3.09863
-7.03344
-10.7913
-14.2968
-17.4857
-20.3151
-22.7877
-24.8685
40.6224
38.2609
35.4462
32.2825
29.0496
25.5484
21.9244
18.2946
14.6299
10.996
7.41278
3.86257
0.359601
-3.10544
-6.54123
-9.94539
-13.3176
-16.6505
-19.9312
-23.1485
-26.3078
-29.3938
-32.3595
-35.1473
-37.7437
-40.186
-42.4788
-44.5781
-46.4319
-47.982
-49.1751
-49.961
-50.3743
-50.5323
-50.9396
-52.3527
-58.195
-67.9802
-99.111
42.6942
44.4815
46.2357
47.7903
49.0057
49.8268
50.144
49.9233
49.2631
48.2535
47.0019
45.6526
44.2689
42.8814
41.5235
40.1845
38.8424
37.4736
36.04
34.495
32.7873
30.8553
28.6195
26.0184
23.0906
19.9335
16.5939
13.0853
9.43178
5.67145
1.85385
-1.96363
-5.71687
-9.33748
-12.7576
-15.9198
-18.7843
-21.3568
-23.579
38.5377
36.2826
33.595
30.5732
27.4868
24.1433
20.6849
17.2228
13.728
10.2649
6.85222
3.47293
0.140773
-3.15391
-6.4191
-9.65348
-12.8568
-16.023
-19.1405
-22.1976
-25.1988
-28.1324
-30.9552
-33.6131
-36.0947
-38.4413
-40.6644
-42.7298
-44.598
-46.2286
-47.5885
-48.66
-49.5008
-50.2578
-51.4585
-53.6511
-59.9366
-69.5438
-94.9605
40.5152
42.2198
43.8927
45.3727
46.528
47.3047
47.5978
47.3762
46.7357
45.7634
44.5634
43.2753
41.9604
40.6482
39.3714
38.1199
36.8729
35.6081
34.2896
32.8731
31.3095
29.5409
27.4897
25.0958
22.3958
19.4809
16.3935
13.143
9.74792
6.23992
2.66081
-0.940394
-4.50809
-7.98243
-11.3033
-14.42
-17.2959
-19.9384
-22.2666
36.5573
34.4048
31.838
28.9519
26.0044
22.8134
19.512
16.2085
12.8762
9.57517
6.3242
3.10676
-0.0642187
-3.1977
-6.30226
-9.3764
-12.4209
-15.4301
-18.3942
-21.3008
-24.1542
-26.9453
-29.6351
-32.1722
-34.5477
-36.8057
-38.9648
-40.9994
-42.8814
-44.5852
-46.0949
-47.4159
-48.6248
-49.8733
-51.6816
-54.4766
-60.7847
-70.1846
-90.6356
38.4442
40.0698
41.6642
43.0733
44.1705
44.9043
45.1741
44.9514
44.3293
43.3922
42.2411
41.0108
39.7601
38.5185
37.3169
36.1461
34.9864
33.8168
32.6033
31.304
29.8721
28.2524
26.3699
24.1671
21.6775
18.9874
16.1355
13.1274
9.97722
6.71079
3.36302
-0.0246986
-3.40505
-6.72623
-9.9358
-12.9897
-15.8544
-18.5386
-20.9422
34.676
32.6212
30.1709
27.4146
24.601
21.5535
18.4029
15.2515
12.0727
8.92594
5.82832
2.76421
-0.254041
-3.2353
-6.1879
-9.11106
-12.0059
-14.8673
-17.687
-20.4525
-23.1676
-25.8257
-28.3916
-30.8164
-33.0928
-35.2686
-37.3678
-39.3727
-41.2647
-43.0308
-44.6685
-46.1988
-47.71
-49.3498
-51.5936
-54.8151
-60.9095
-69.8948
-86.3484
36.4764
38.0261
39.5457
40.8861
41.9276
42.6199
42.8672
42.6433
42.0388
41.1351
40.0304
38.8545
37.6646
36.4886
35.3569
34.2606
33.1813
32.0988
30.9813
29.7887
28.4768
26.9928
25.2651
23.238
20.9422
18.4608
15.8279
13.0468
10.1279
7.09168
3.96714
0.788567
-2.40407
-5.56678
-8.65453
-11.6298
-14.4619
-17.1602
-19.6069
32.8894
30.9289
28.5894
25.9576
23.271
20.3628
17.3553
14.348
11.3165
8.31624
5.36439
2.44581
-0.427666
-3.26484
-6.07385
-8.8544
-11.6078
-14.3301
-17.0139
-19.647
-22.2324
-24.7662
-27.2163
-29.5361
-31.7201
-33.8181
-35.8599
-37.8342
-39.7301
-41.5443
-43.2846
-44.9815
-46.7272
-48.6621
-51.1925
-54.6696
-60.4403
-68.7992
-82.1778
34.6067
36.0837
37.5312
38.8062
39.7939
40.4464
40.6721
40.4469
39.8589
38.9872
37.9265
36.8022
35.6693
34.5549
33.4883
32.461
31.4556
30.4531
29.4232
28.3279
27.1255
25.7654
24.1793
22.313
20.1969
17.9081
15.4786
12.9097
10.2083
7.39054
4.48011
1.50522
-1.5011
-4.50199
-7.45942
-10.342
-13.1221
-15.8095
-18.2726
31.193
29.3224
27.0898
24.5773
22.0134
19.2364
16.3665
13.4976
10.6058
7.74523
4.93212
2.15188
-0.584305
-3.28481
-5.95798
-8.6035
-11.2235
-13.8143
-16.37
-18.8782
-21.342
-23.7594
-26.101
-28.3223
-30.4178
-32.4418
-34.4272
-36.368
-38.2593
-40.1051
-41.9205
-43.7405
-45.6547
-47.7945
-50.4891
-54.0654
-59.4536
-67.0529
-78.0704
32.8308
34.238
35.6166
36.8283
37.7646
38.3788
38.5837
38.3573
37.7852
36.944
35.9252
34.8497
33.7707
32.7139
31.7079
30.7446
29.8074
28.8782
27.9285
26.9221
25.8194
24.5725
23.1158
21.398
19.4467
17.3356
15.0949
12.7237
10.2262
7.61495
4.90911
2.13139
-0.69124
-3.5284
-6.34866
-9.12621
-11.8368
-14.4897
-16.941
29.583
27.799
25.6684
23.2702
20.8227
18.1734
15.4344
12.6971
9.93935
7.21204
4.53104
1.88241
-0.723183
-3.29408
-5.83822
-8.35593
-10.8494
-13.3159
-15.7502
-18.1408
-20.49
-22.7978
-25.0369
-27.1637
-29.1753
-31.1275
-33.0557
-34.9585
-36.8351
-38.6946
-40.5562
-42.4568
-44.4776
-46.7385
-49.4968
-53.0421
-58.008
-64.7736
-73.8463
31.1442
32.4846
33.7968
34.9482
35.8348
36.4124
36.5973
36.3697
35.8129
35.0009
34.022
32.993
31.9647
30.9622
30.0128
29.1088
28.2345
27.3727
26.4963
25.571
24.5594
23.4158
22.0779
20.496
18.6962
16.7493
14.6835
12.4962
10.1894
7.77269
5.26147
2.67364
0.030878
-2.64229
-5.32046
-7.98292
-10.6088
-13.2068
-15.6245
28.055
26.3537
24.3216
22.033
19.6983
17.1695
14.5565
11.9459
9.31559
6.71557
4.16067
1.63753
-0.843777
-3.29135
-5.713
-8.10922
-10.4827
-12.8311
-15.15
-17.4291
-19.6702
-21.8738
-24.0151
-26.0506
-27.9823
-29.8623
-31.7321
-33.5908
-35.4412
-37.2959
-39.1754
-41.1157
-43.187
-45.4951
-48.2357
-51.6477
-56.1576
-62.0661
-69.4496
29.543
30.8192
32.0679
33.1611
34.0003
34.5426
34.7085
34.4799
33.9379
33.1539
32.2131
31.2282
30.248
29.2964
28.3999
27.5511
26.7348
25.9348
25.1257
24.2746
23.3461
22.2969
21.0674
19.6103
17.9501
16.1547
14.2506
12.2339
10.105
7.87113
5.54431
3.13855
0.670839
-1.8394
-4.37195
-6.91115
-9.43909
-11.9641
-14.326
26.6056
24.9843
23.046
20.8628
18.6352
16.2237
13.7309
11.2408
8.73331
6.25505
3.82054
1.4172
-0.945591
-3.27555
-5.58058
-7.86116
-10.1203
-12.3562
-14.5652
-16.7381
-18.8762
-20.9807
-23.026
-24.9757
-26.8264
-28.6363
-30.4437
-32.2511
-34.0635
-35.895
-37.7655
-39.7079
-41.7806
-44.0721
-46.7285
-49.9336
-53.9662
-59.0344
-64.9441
28.0232
29.2379
30.4255
31.4631
32.2566
32.7653
32.9128
32.6835
32.1558
31.3987
30.4944
29.5516
28.6166
27.7131
26.8661
26.0685
25.306
24.563
23.8154
23.0322
22.1796
21.2166
20.0865
18.7439
17.2122
15.5564
13.8015
11.943
9.97997
7.91737
5.76492
3.53293
1.23468
-1.11492
-3.50028
-5.91003
-8.32936
-10.7666
-13.0578
25.2312
23.6861
21.8385
19.7565
17.6327
15.332
12.9552
10.5814
8.1909
5.82913
3.51002
1.22111
-1.02831
-3.24604
-5.43949
-7.60976
-9.75965
-11.8881
-13.9918
-16.0628
-18.1022
-20.1099
-22.0642
-23.9272
-25.7005
-27.438
-29.1791
-30.9274
-32.69
-34.4809
-36.3178
-38.2284
-40.2602
-42.4833
-45.0039
-47.9536
-51.5023
-55.7807
-60.4403
26.5812
27.7368
28.8659
29.8501
30.5999
31.0761
31.2065
30.9766
30.4629
29.7316
28.8623
27.9593
27.0677
26.2093
25.4086
24.6587
23.9458
23.2554
22.5643
21.843
21.0599
20.1756
19.1365
17.899
16.4855
14.9585
13.3414
11.6296
9.82038
7.91843
5.92998
3.86324
1.72814
-0.46408
-2.70211
-4.97813
-7.28036
-9.61737
-11.8218
23.9285
22.4571
20.6961
18.7112
16.6861
14.4936
12.2273
9.96453
7.68692
5.43706
3.22836
1.04921
-1.09178
-3.20197
-5.28881
-7.35327
-9.39855
-11.4237
-13.4262
-15.399
-17.3426
-19.257
-21.1205
-22.8996
-24.5948
-26.2578
-27.9278
-29.6098
-31.312
-33.0459
-34.8271
-36.6774
-38.6332
-40.7478
-43.0942
-45.7604
-48.8362
-52.3895
-56.0015
25.2135
26.3124
27.3853
28.3183
29.026
29.4716
29.5852
29.355
28.8548
28.1485
27.3129
26.4483
25.5973
24.7817
24.0245
23.319
22.6522
22.0101
21.3709
20.7064
19.9867
19.1745
18.2186
17.0775
15.7729
14.3645
12.8748
11.2982
9.63287
7.88036
6.04597
4.13591
2.15738
0.118166
-1.97372
-4.11372
-6.29269
-8.52007
-10.6293
22.694
21.293
19.6157
17.7242
15.7949
13.7046
11.5453
9.38985
7.21987
5.07742
2.97477
0.900898
-1.13599
-3.14304
-5.12745
-7.0903
-9.03495
-10.9606
-12.8653
-14.7427
-16.5931
-18.4155
-20.1895
-21.8857
-23.5008
-25.0884
-26.6821
-28.2925
-29.9222
-31.5858
-33.2923
-35.0578
-36.9106
-38.8872
-41.0341
-43.4042
-46.03
-48.9292
-51.6698
23.9168
24.9612
25.9803
26.8641
27.5316
27.9474
28.0456
27.8153
27.3283
26.6462
25.8428
25.0146
24.2028
23.4274
22.7109
22.0468
21.4228
20.8252
20.2337
19.6212
18.9595
18.2131
17.3335
16.2811
15.0767
13.7777
12.4054
10.9548
9.4222
7.80887
6.11902
4.35707
2.5279
0.636511
-1.31165
-3.31491
-5.36668
-7.47738
-9.48074
21.5248
20.1919
18.5946
16.7929
14.9548
12.9643
10.9072
8.85413
6.7885
4.74913
2.74846
0.775776
-1.16099
-3.06887
-4.95467
-6.81972
-8.66714
-10.4966
-12.3063
-14.0907
-15.8499
-17.5804
-19.2675
-20.8779
-22.4153
-23.9219
-25.4385
-26.9678
-28.5186
-30.0985
-31.7139
-33.3776
-35.1067
-36.9257
-38.8592
-40.9324
-43.1392
-45.4563
-47.4703
22.6877
23.6799
24.6473
25.484
26.1129
26.5007
26.5838
26.3536
25.8795
25.2207
24.4485
23.6554
22.8804
22.1433
21.4652
20.8398
20.2554
19.699
19.1512
18.5864
17.9777
17.2916
16.482
15.5111
14.3991
13.201
11.9373
10.6026
9.19305
7.70939
6.15496
4.53257
2.84524
1.09605
-0.711978
-2.57941
-4.502
-6.49148
-8.38583
20.4179
19.1499
17.63
15.9147
14.165
12.269
10.3109
8.35707
6.39098
4.4509
2.54834
0.673169
-1.16725
-2.97942
-4.7702
-6.54063
-8.29406
-10.0301
-11.7472
-13.4406
-15.1088
-16.7504
-18.348
-19.8756
-21.3306
-22.7574
-24.1902
-25.6356
-27.0982
-28.5845
-30.0986
-31.646
-33.2388
-34.8883
-36.6033
-38.3883
-40.2111
-42.0195
-43.4349
21.5234
22.4655
23.3833
24.1748
24.7668
25.1273
25.1966
24.9668
24.5053
23.8691
23.1268
22.367
21.6276
20.9266
20.2846
19.6953
19.1477
18.6293
18.1218
17.6006
17.0406
16.4096
15.6642
14.7684
13.7414
12.6364
11.4728
10.2454
8.94994
7.58711
6.15904
4.66765
3.11449
1.5012
-0.171154
-1.90506
-3.69852
-5.56467
-7.34403
19.3706
18.1654
16.7194
15.0869
13.4217
11.6182
9.75458
7.8955
6.02604
4.18161
2.37361
0.59234
-1.15506
-2.87496
-4.57374
-6.25265
-7.91472
-9.55979
-11.1865
-12.79
-14.3693
-15.9208
-17.4309
-18.8738
-20.2465
-21.5902
-22.9376
-24.2938
-25.6627
-27.0487
-28.4522
-29.8766
-31.3246
-32.7999
-34.2995
-35.8115
-37.2892
-38.6596
-39.587
20.4209
21.3147
22.185
22.9333
23.4897
23.8249
23.8805
23.6513
23.2021
22.5877
21.8742
21.1468
20.4408
19.7743
19.1663
18.611
18.0976
17.6144
17.1438
16.6627
16.1472
15.5668
14.8802
14.0535
13.1051
12.0858
11.0147
9.88637
8.69677
7.44596
6.1357
4.76694
3.34056
1.85651
0.314662
-1.28924
-2.95493
-4.69729
-6.36293
18.3799
17.2347
15.8601
14.3074
12.7241
11.008
9.23604
7.46909
5.69192
3.93973
2.22296
0.532385
-1.12516
-2.75579
-4.36552
-5.95561
-7.52883
-9.08514
-10.6231
-12.1385
-13.6291
-15.0914
-16.5143
-17.8714
-19.1613
-20.4201
-21.6802
-22.944
-24.2157
-25.4964
-26.7859
-28.0813
-29.3823
-30.6851
-31.977
-33.2374
-34.409
-35.4092
-35.945
19.3773
20.2249
21.0496
21.7564
22.2789
22.5893
22.6326
22.4043
21.967
21.3738
20.6881
19.9913
19.3178
18.6837
18.1079
17.5843
17.1028
16.6521
16.2156
15.7713
15.2965
14.7624
14.13
13.3668
12.4909
11.5509
10.5651
9.52834
8.43661
7.28978
6.08914
4.83526
3.5278
2.16612
0.748792
-0.72955
-2.27063
-3.89084
-5.44151
17.4434
16.3561
15.0497
13.5738
12.0684
10.4379
8.75367
7.07455
5.38725
3.72402
2.09528
0.492378
-1.07833
-2.62248
-4.1459
-5.6496
-7.13632
-8.60583
-10.0569
-11.4855
-12.8875
-14.2624
-15.5965
-16.8695
-18.0742
-19.249
-20.4192
-21.5903
-22.7617
-23.9358
-25.1081
-26.2746
-27.4304
-28.5655
-29.6639
-30.696
-31.6017
-32.2925
-32.5199
18.3899
19.1931
19.9743
20.6414
21.1313
21.4186
21.4497
21.2223
20.7968
20.224
19.5652
18.8982
18.2552
17.6523
17.1068
16.6129
16.1612
15.7406
15.3355
14.9249
14.4875
13.996
13.4132
12.7087
11.8996
11.0328
10.1258
9.17356
8.17234
7.12186
6.02306
4.87607
3.68008
2.43365
1.13484
-0.223384
-1.64365
-3.14429
-4.58343
16.5584
15.5264
14.2859
12.8837
11.454
9.90449
8.30523
6.71164
5.11019
3.53283
1.98921
0.471012
-1.01559
-2.47592
-3.9155
-5.33525
-6.73761
-8.1223
-9.48807
-10.8302
-12.1462
-13.4326
-14.6806
-15.8674
-16.989
-18.0778
-19.1595
-20.236
-21.3079
-22.3746
-23.4309
-24.4708
-25.4857
-26.4639
-27.3833
-28.213
-28.8905
-29.3278
-29.3168
17.4563
18.2169
18.9564
19.5854
20.0442
20.309
20.3291
20.1029
19.6887
19.1358
18.5029
17.8642
17.2509
16.6772
16.1604
15.6945
15.2705
14.8778
14.5017
14.1221
13.719
13.2664
12.7294
12.0789
11.3316
10.5323
9.69801
8.82393
7.90634
6.94492
5.94054
4.893
3.80104
2.66307
1.47557
0.23207
-1.0728
-2.45799
-3.78747
15.7228
14.7441
13.5664
12.2349
10.8774
9.40707
7.88903
6.37705
4.85919
3.36475
1.90331
0.46708
-0.938071
-2.31716
-3.67534
-5.01338
-6.33345
-7.63516
-8.91704
-10.1751
-11.4046
-12.6049
-13.7667
-14.8686
-15.9067
-16.9111
-17.9046
-18.8881
-19.8613
-20.8227
-21.7661
-22.6839
-23.5661
-24.3977
-25.157
-25.8092
-26.2948
-26.5269
-26.3362
16.5739
17.2937
17.9934
18.586
19.0149
19.2589
19.2679
19.0429
18.6397
18.106
17.4981
16.8871
16.3015
15.7561
15.2663
14.8267
14.4286
14.0618
13.7124
13.3614
12.9898
12.573
12.078
11.4773
10.787
10.0502
9.28298
8.48094
7.64054
6.76146
5.84439
4.88904
3.89405
2.85681
1.77488
0.639235
-0.555825
-1.83007
-3.0552
14.934
14.0061
12.889
11.6255
10.3378
8.94229
7.50296
6.07042
4.63233
3.21795
1.83603
0.47908
-0.84716
-2.14749
-3.42659
-4.68516
-5.92501
-7.14565
-8.34564
-9.52006
-10.6661
-11.7808
-12.8574
-13.8755
-14.8316
-15.753
-16.66
-17.5527
-18.4301
-19.2897
-20.125
-20.9272
-21.6855
-22.3847
-23.001
-23.5008
-23.8269
-23.897
-23.5755
15.7405
16.4213
17.083
17.6407
18.0411
18.2646
18.2636
18.0399
17.6474
17.1323
16.5486
15.9637
15.4054
14.8864
14.4223
14.0074
13.6334
13.2906
12.9659
12.6411
12.2984
11.9145
11.4582
10.9034
10.2659
9.58668
8.88142
8.14582
7.37662
6.57345
5.73707
4.86711
3.96177
3.01922
2.03509
1.00043
-0.0911711
-1.25995
-2.38447
14.1902
13.3112
12.2517
11.0532
9.83191
8.50953
7.14539
5.78841
4.4281
3.09097
1.78577
0.505548
-0.744361
-1.9683
-3.17071
-4.35201
-5.51377
-6.65543
-7.7751
-8.86881
-9.93149
-10.9629
-11.9558
-12.8919
-13.7678
-14.6085
-15.4315
-16.2366
-17.0218
-17.7848
-18.5179
-19.2127
-19.8576
-20.4373
-20.929
-21.2997
-21.4967
-21.4413
-21.0284
14.9539
15.5973
16.2227
16.747
17.12
17.3245
17.3134
17.0909
16.7086
16.2117
15.6514
15.0921
14.5592
14.0658
13.6259
13.2342
12.8828
12.5623
12.2604
11.9598
11.6436
11.2898
10.8691
10.3568
9.76806
9.142
8.49384
7.81947
7.11585
6.38274
5.62074
4.82951
4.00739
3.1519
2.25844
1.31811
0.324264
-0.744878
-1.77528
13.4891
12.6564
11.6525
10.5163
9.35916
8.1056
6.81413
5.53074
4.24447
2.98185
1.75082
0.544732
-0.631288
-1.78129
-2.90933
-4.01564
-5.10159
-6.16625
-7.2081
-8.22225
-9.20429
-10.1543
-11.0654
-11.9219
-12.7199
-13.4828
-14.2252
-14.9464
-15.6444
-16.3162
-16.9546
-17.5505
-18.0932
-18.5674
-18.9519
-19.2154
-19.3087
-19.1592
-18.6878
14.212
14.8197
15.4104
15.9025
16.2495
16.4353
16.4148
16.1938
15.8213
15.3418
14.8044
14.2692
13.7612
13.2918
12.8748
12.505
12.1747
11.875
11.5942
11.3158
11.024
10.6979
10.3099
9.83675
9.29301
8.71604
8.1205
7.50253
6.85931
6.19054
5.49702
4.77829
4.03263
3.25744
2.4481
1.59571
0.692136
-0.283325
-1.22491
12.8289
12.0408
11.0895
10.0128
8.9164
7.73003
6.50771
5.29412
4.07987
2.88899
1.72946
0.594955
-0.509615
-1.58811
-2.64416
-3.67789
-4.69024
-5.68042
-6.64664
-7.58313
-8.48756
-9.35765
-10.1908
-10.9692
-11.6932
-12.3809
-13.0471
-13.6887
-14.3051
-14.8923
-15.4435
-15.9502
-16.4016
-16.784
-17.0774
-17.2529
-17.2656
-17.0483
-16.5435
13.5127
14.0861
14.6437
15.1047
15.4266
15.5951
15.5651
15.3455
14.9824
14.5202
14.0047
13.4931
13.0081
12.562
12.1668
11.8177
11.5072
11.2268
10.9655
10.7075
10.4381
10.1375
9.77959
9.34248
8.84029
8.3086
7.76152
7.19538
6.60763
5.99806
5.36737
4.71512
4.03973
3.33841
2.60651
1.83471
1.01628
0.127042
-0.731717
12.2075
11.4617
10.5609
9.5409
8.50319
7.3797
6.22412
5.07826
3.93234
2.81054
1.7199
0.654459
-0.381147
-1.39055
-2.37711
-3.34065
-4.28196
-5.20005
-6.09246
-6.95522
-7.78332
-8.57803
-9.33459
-10.0396
-10.6916
-11.309
-11.9025
-12.4703
-13.0105
-13.52
-13.9923
-14.4189
-14.7903
-15.0937
-15.311
-15.4154
-15.3669
-15.103
-14.5853
12.854
13.3947
13.9206
14.3516
14.6498
14.8009
14.762
14.544
14.1901
13.7447
13.2506
12.7609
12.2986
11.8741
11.4996
11.1699
10.878
10.6157
10.3725
10.1334
9.88457
9.60727
9.27708
8.87325
8.4094
7.91944
7.41691
6.89837
6.36155
5.80612
5.23303
4.64175
4.03059
3.39695
2.73597
2.0393
1.29751
0.488753
-0.293106
11.6232
10.9179
10.0647
9.09879
8.11632
7.05407
5.96179
4.87994
3.80038
2.74491
1.72048
0.721521
-0.247684
-1.19057
-2.11014
-3.00601
-3.87871
-4.7272
-5.54941
-6.33985
-7.09601
-7.81792
-8.50181
-9.13629
-9.72058
-10.2713
-10.7972
-11.2961
-11.7664
-12.2053
-12.6064
-12.9623
-13.2643
-13.5005
-13.655
-13.7035
-13.6099
-13.317
-12.8017
12.2341
12.7435
13.2395
13.6417
13.9171
14.0517
14.0034
13.7869
13.4412
13.0126
12.5393
12.0709
11.6294
11.2259
10.871
10.5597
10.2851
10.0397
9.81322
9.59161
9.36175
9.10596
8.80127
8.42815
7.99969
7.54812
7.08652
6.61162
6.12138
5.6156
5.09515
4.55947
4.00712
3.43527
2.83927
2.21033
1.5396
0.804933
0.0939952
11.074
10.4068
9.59925
8.68452
7.75508
6.74986
5.71847
4.69852
3.68186
2.69014
1.72945
0.794505
-0.11089
-0.990005
-1.84532
-2.67615
-3.48293
-4.26478
-5.01875
-5.74139
-6.42816
-7.0808
-7.69572
-8.26355
-8.78421
-9.27262
-9.73577
-10.1714
-10.578
-10.9531
-11.2911
-11.5851
-11.8272
-12.0074
-12.111
-12.1163
-11.9911
-11.6832
-11.1816
11.6511
12.131
12.5987
12.973
13.2271
13.3452
13.288
13.0729
12.7336
12.3214
11.8685
11.4202
10.9992
10.6153
10.279
9.98497
9.72671
9.49688
9.28595
9.08047
8.86811
8.63216
8.35101
8.00627
7.6105
7.19428
6.77018
6.33521
5.88756
5.42693
4.95443
4.46946
3.97052
3.45488
2.91797
2.35098
1.74511
1.07829
0.433289
10.5582
9.92734
9.16261
8.29629
7.4165
6.46646
5.49235
4.53074
3.57488
2.64412
1.74482
0.871881
0.0279951
-0.790162
-1.58414
-2.35279
-3.09663
-3.81452
-4.50461
-5.16142
-5.78302
-6.36977
-6.91972
-7.4247
-7.88589
-8.31627
-8.72163
-9.09932
-9.44835
-9.76641
-10.0486
-10.2889
-10.4804
-10.614
-10.6772
-10.6501
-10.5045
-10.1923
-9.71252
11.1031
11.5549
11.9955
12.3429
12.5772
12.6793
12.6135
12.4
12.0656
11.6692
11.2358
10.8069
10.4048
10.0402
9.72164
9.4439
9.20094
8.9857
8.78919
8.59867
8.40248
8.18484
7.92549
7.60706
7.24154
6.85792
6.46826
6.06971
5.66078
5.24127
4.81223
4.37307
3.92254
3.45776
2.97426
2.46356
1.91667
1.31214
0.727203
10.0744
9.47784
8.75384
7.93313
7.10075
6.20138
5.28209
4.37615
3.47745
2.60482
1.76439
0.951665
0.167155
-0.592692
-1.32812
-2.0374
-2.72105
-3.37879
-4.0075
-4.60321
-5.1631
-5.68836
-6.17755
-6.62419
-7.03022
-7.40718
-7.75959
-8.08486
-8.38212
-8.64967
-8.88321
-9.07735
-9.22629
-9.32191
-9.35368
-9.30338
-9.14617
-8.8382
-8.38645
10.5887
11.0138
11.4285
11.7494
11.965
12.0505
11.9769
11.766
11.4357
11.0562
10.641
10.229
9.84523
9.49828
9.19625
8.93369
8.7049
8.50326
8.32013
8.14348
7.96227
7.76166
7.52251
7.22848
6.89106
6.5376
6.17966
5.81457
5.44111
5.05893
4.66944
4.27186
3.86514
3.44634
3.0113
2.55147
2.05823
1.51034
0.980108
9.62377
9.05957
8.37356
7.59555
6.80687
5.95618
5.08769
4.23324
3.38905
2.57225
1.7866
1.0309
0.302313
-0.40232
-1.08154
-1.73357
-2.35982
-2.95969
-3.52995
-4.06791
-4.56966
-5.0376
-5.4696
-5.86251
-6.21678
-6.54523
-6.84879
-7.12721
-7.37767
-7.60117
-7.79171
-7.94697
-8.05976
-8.12537
-8.13242
-8.06661
-7.90465
-7.60775
-7.18604
10.109
10.5089
10.8985
11.1934
11.3907
11.4581
11.3761
11.1672
10.8367
10.4792
10.0821
9.68566
9.31802
8.98888
8.70219
8.45366
8.23768
8.04839
7.87741
7.71342
7.54594
7.36107
7.14061
6.86934
6.5577
6.23206
5.90291
5.56839
5.22672
4.87862
4.52439
4.16458
3.79694
3.42001
3.0282
2.61467
2.16964
1.67368
1.19243
9.20581
8.6712
8.02081
7.28231
6.53484
5.72815
4.90837
4.10196
3.30906
2.54539
1.81089
1.1096
0.431921
-0.221991
-0.847682
-1.44495
-2.01654
-2.56164
-3.07807
-3.56037
-4.00897
-4.42332
-4.80383
-5.14583
-5.45463
-5.73745
-5.99868
-6.23391
-6.4447
-6.62838
-6.78355
-6.90466
-6.98933
-7.03018
-7.01981
-6.94467
-6.78462
-6.5028
-6.11653
9.66436
10.0407
10.4069
10.6762
10.8561
10.9021
10.814
10.6012
10.2606
9.93302
9.55662
9.17338
8.82359
8.51126
8.24108
8.00605
7.803
7.62536
7.46621
7.31391
7.15952
6.9889
6.78622
6.53561
6.24868
5.94817
5.64628
5.33869
5.0268
4.70804
4.38652
4.05899
3.72734
3.38607
3.03364
2.66072
2.25975
1.80938
1.3725
8.87691
8.36401
7.73673
7.0247
6.30413
5.5281
4.7442
3.97417
3.22986
2.50354
1.8441
1.20774
0.573794
-0.0407151
-0.624793
-1.18015
-1.71213
-2.21956
-2.69714
-3.14232
-3.55308
-3.92925
-4.27122
-4.57643
-4.84957
-5.09866
-5.32661
-5.52939
-5.70888
-5.86318
-5.98823
-6.08308
-6.14451
-6.16601
-6.1418
-6.05756
-5.89693
-5.62603
-5.26499
9.31445
9.66938
10.0124
10.2481
10.3997
10.3985
10.2779
10.0082
9.6635
9.4079
9.0794
8.72191
8.39367
8.10492
7.85248
7.63271
7.44181
7.2759
7.12681
6.98542
6.84159
6.68373
6.49519
6.26252
5.99481
5.71561
5.43434
5.14923
4.85905
4.5644
4.26638
3.96491
3.65909
3.34635
3.02336
2.68207
2.3136
1.89841
1.49483
8.61269
8.11671
7.50665
6.81252
6.11098
5.35544
4.59935
3.85903
3.15877
2.45634
1.87307
1.30354
0.708779
0.127872
-0.420973
-0.941798
-1.44257
-1.9211
-2.37185
-2.78894
-3.1718
-3.52023
-3.83329
-4.11055
-4.35582
-4.57908
-4.78018
-4.95734
-5.11131
-5.24213
-5.34081
-5.41335
-5.45441
-5.45954
-5.42054
-5.32722
-5.16264
-4.89592
-4.54973
9.03164
9.36644
9.68252
9.87967
9.99113
9.92682
9.75373
9.39605
9.05479
8.89359
8.63301
8.31138
8.01243
7.7476
7.51585
7.312
7.13419
6.97942
6.84041
6.7086
6.57456
6.42727
6.25112
6.03315
5.78198
5.51996
5.25613
4.98879
4.71677
4.44074
4.1618
3.88027
3.59532
3.3047
3.00499
2.68821
2.34635
1.95916
1.58329
8.34861
7.87038
7.2774
6.60172
5.91901
5.18571
4.45654
3.74436
3.08633
2.40409
1.89527
1.38672
0.830971
0.284661
-0.227989
-0.712623
-1.18024
-1.62887
-2.04916
-2.43818
-2.79243
-3.11235
-3.39702
-3.64611
-3.86508
-4.06225
-4.23832
-4.39002
-4.52063
-4.62886
-4.70403
-4.75559
-4.77959
-4.77006
-4.72023
-4.6206
-4.45517
-4.19637
-3.86808
8.74839
9.06313
9.35206
9.51163
9.5846
9.45996
9.23954
8.80086
8.47058
8.38866
8.19333
7.90924
7.63513
7.39463
7.18224
6.99429
6.82916
6.68552
6.55634
6.43396
6.30917
6.172
6.0075
5.80356
5.56837
5.32304
5.07646
4.82657
4.57265
4.31476
4.05462
3.7921
3.52712
3.25728
2.9798
2.68639
2.36975
2.01022
1.6626
8.08647
7.62593
7.05094
6.39383
5.73069
5.0181
4.3156
3.63084
3.0114
2.34667
1.90572
1.45384
0.938725
0.428791
-0.0469815
-0.494551
-0.927014
-1.3427
-1.73376
-2.09193
-2.41706
-2.70788
-2.96445
-3.18608
-3.38004
-3.55236
-3.705
-3.8331
-3.94232
-4.03012
-4.08437
-4.11737
-4.12691
-4.10514
-4.04756
-3.94356
-3.7812
-3.53246
-3.22573
8.46675
8.76175
9.0229
9.14746
9.18246
9.00106
8.73761
8.22781
7.90782
7.89462
7.76224
7.51489
7.26667
7.0473
6.85358
6.68048
6.52747
6.39406
6.27437
6.16095
6.04517
5.91767
5.76401
5.57346
5.35284
5.12375
4.89303
4.66068
4.42379
4.18445
3.94192
3.69851
3.45203
3.20263
2.94546
2.67505
2.38202
2.05042
1.72835
7.82835
7.3858
6.82817
6.18951
5.54478
4.85342
4.17519
3.51484
2.93008
2.28003
1.89827
1.50001
1.02824
0.556676
0.118167
-0.29161
-0.687485
-1.06991
-1.42784
-1.75599
-2.05045
-2.31209
-2.53938
-2.73397
-2.90167
-3.04948
-3.17804
-3.28343
-3.37094
-3.43955
-3.47386
-3.49037
-3.48617
-3.45502
-3.39102
-3.28617
-3.1281
-2.89168
-2.60223
8.18953
8.46542
8.69952
8.79049
8.78914
8.55323
8.25031
7.67524
7.36265
7.41203
7.33979
7.1302
6.9061
6.7083
6.53259
6.37375
6.23215
6.10818
5.99729
5.89222
5.7853
5.66687
5.52403
5.34565
5.13938
4.92465
4.70971
4.49299
4.27349
4.05105
3.82693
3.6011
3.37359
3.14268
2.90583
2.65609
2.38647
2.07919
1.78284
7.57775
7.15187
6.61139
5.99018
5.36348
4.69069
4.03489
3.39659
2.84089
2.19982
1.86658
1.52018
1.09519
0.664452
0.264131
-0.107249
-0.465281
-0.811044
-1.13675
-1.43189
-1.6966
-1.92899
-2.12974
-2.29987
-2.44527
-2.57171
-2.68019
-2.76633
-2.83626
-2.88932
-2.90804
-2.91156
-2.8974
-2.85918
-2.79155
-2.68736
-2.53561
-2.31497
-2.05482
7.92075
8.17847
8.38534
8.44568
8.40708
8.1182
7.77805
7.1408
6.82743
6.93862
6.92648
6.75251
6.55389
6.3769
6.22038
6.07624
5.94667
5.83192
5.72915
5.63146
5.53237
5.42233
5.28962
5.12287
4.92999
4.72884
4.52809
4.3261
4.12225
3.91628
3.70913
3.5007
3.29079
3.07815
2.85973
2.62998
2.38096
2.09684
1.82214
7.33806
6.9283
6.40249
5.79708
5.18527
4.52983
3.89281
3.27223
2.73908
2.09999
1.80369
1.50829
1.13475
0.748137
0.387403
0.0553285
-0.26365
-0.572958
-0.861885
-1.12436
-1.35561
-1.55641
-1.7259
-1.86648
-1.98381
-2.08487
-2.16964
-2.23418
-2.28393
-2.31945
-2.32208
-2.31261
-2.28904
-2.2454
-2.17664
-2.07575
-1.93241
-1.72386
-1.47052
7.66422
7.90373
8.08389
8.11382
8.03625
7.6926
7.31766
6.61327
6.29193
6.47426
6.52698
6.38895
6.21064
6.05315
5.9125
5.78426
5.66727
5.56464
5.47095
5.38221
5.29045
5.18904
5.06524
4.91006
4.72947
4.54155
4.35376
4.16555
3.97612
3.78531
3.5941
3.40195
3.20926
3.01309
2.81277
2.60025
2.37135
2.10769
1.85491
7.11146
6.71564
6.20294
5.60971
5.00949
4.36521
3.74145
3.13248
2.61341
1.97053
1.70064
1.45862
1.14225
0.803828
0.485011
0.193451
-0.0850527
-0.35554
-0.611006
-0.8424
-1.04716
-1.22432
-1.37432
-1.49872
-1.60266
-1.68929
-1.76089
-1.81261
-1.85201
-1.87977
-1.87494
-1.8594
-1.83127
-1.7859
-1.71675
-1.62065
-1.48827
-1.30891
-1.11611
7.42077
7.64195
7.79483
7.79615
7.67431
7.27659
6.86706
6.08481
5.73472
6.00629
6.14248
6.04946
5.89816
5.75633
5.62499
5.50177
5.39131
5.2956
5.21124
5.13127
5.04919
4.95689
4.84333
4.69936
4.53121
4.35583
4.18066
4.00546
3.82922
3.6526
3.47606
3.29968
3.12221
2.94275
2.75767
2.56193
2.34856
2.10388
1.86611
6.89698
6.51506
6.01296
5.42963
4.83583
4.19829
3.57892
2.97193
2.45833
1.80785
1.55019
1.36333
1.11292
0.827519
0.55215
0.301778
0.0657424
-0.160719
-0.370486
-0.557692
-0.7191
-0.853913
-0.960761
-1.04229
-1.10717
-1.16216
-1.20632
-1.23408
-1.25051
-1.25717
-1.2356
-1.2073
-1.17153
-1.12202
-1.05515
-0.963488
-0.836663
-0.649669
-0.40689
7.19049
7.39434
7.52344
7.49851
7.33232
6.8881
6.44594
5.54763
5.13927
5.51113
5.74184
5.71302
5.61384
5.51457
5.40777
5.29194
5.17869
5.07628
4.98653
4.90406
4.82344
4.73586
4.6303
4.4967
4.33997
4.17584
4.01176
3.84745
3.68257
3.51782
3.35344
3.19014
3.02668
2.86178
2.69216
2.51291
2.3153
2.08548
1.85284
6.70501
6.33327
5.84139
5.26475
4.67625
4.04316
3.42416
2.81531
2.30097
1.62464
1.34852
1.21676
1.03948
0.813352
0.586126
0.376745
0.171838
-0.0294018
-0.220441
-0.390976
-0.541436
-0.669968
-0.78091
-0.873975
-0.949488
-1.00575
-1.04917
-1.07681
-1.09788
-1.11358
-1.09916
-1.07535
-1.04404
-0.999344
-0.938824
-0.859579
-0.762703
-0.649032
-0.573531
6.98701
7.17914
7.28961
7.24216
7.0326
6.55898
6.0662
4.99183
4.49479
4.97951
5.28295
5.28437
5.22991
5.19345
5.15607
5.10187
5.03517
4.96052
4.88327
4.80293
4.71999
4.62915
4.52269
4.39266
4.24432
4.09022
3.93548
3.77953
3.62195
3.46394
3.30631
3.1499
2.99348
2.83664
2.67586
2.50702
2.32428
2.11744
1.91893
6.56407
6.19497
5.70088
5.12252
4.53017
3.89689
3.27166
2.66331
2.13739
1.40448
1.08623
1.02066
0.914058
0.740021
0.574928
0.44009
0.318673
0.198326
0.0863608
-0.0121456
-0.0889393
-0.143147
-0.169202
-0.176685
-0.179268
-0.189271
-0.192873
-0.184504
-0.162178
-0.134013
-0.0882376
-0.048142
-0.00269969
0.0522116
0.119164
0.204774
0.328438
0.528611
0.837714
6.84358
7.02786
7.12062
7.04037
6.77494
6.25141
5.63131
4.30787
3.79815
4.5132
4.91875
4.91264
4.79984
4.69973
4.62171
4.56454
4.52879
4.50553
4.48544
4.45563
4.41246
4.34819
4.25798
4.13789
4.00021
3.85999
3.72181
3.58342
3.44315
3.30123
3.15787
3.01377
2.86758
2.71829
2.56228
2.39502
2.20798
1.99039
1.77961
6.48165
6.09841
5.58052
4.97102
4.3465
3.67941
3.01978
2.38537
1.80681
1.01936
0.720855
0.772549
0.756228
0.610446
0.433544
0.272828
0.126046
-0.011675
-0.138775
-0.252923
-0.356165
-0.452966
-0.546169
-0.631996
-0.694485
-0.730315
-0.75747
-0.779508
-0.808365
-0.831086
-0.826852
-0.816454
-0.802576
-0.783258
-0.756045
-0.721279
-0.694316
-0.701968
-0.833593
6.76198
6.93406
6.99348
6.85148
6.48454
5.83164
4.9214
3.34863
2.9363
4.11776
4.90786
5.18129
5.20732
5.09812
4.89587
4.6489
4.40679
4.19993
4.04368
3.92929
3.8506
3.79185
3.73793
3.66097
3.54883
3.41872
3.28826
3.15873
3.03092
2.9052
2.78262
2.66482
2.55122
2.44332
2.33735
2.23009
2.10944
1.95734
1.76264
6.36827
5.96928
5.41764
4.76389
4.08745
3.36361
2.64316
1.95083
1.2755
0.472178
0.215454
0.36644
0.537172
0.626852
0.674237
0.700654
0.714296
0.721554
0.728785
0.744964
0.777834
0.835523
0.913414
0.999407
1.06159
1.10319
1.15733
1.21298
1.31217
1.44513
1.42554
1.4818
1.58638
1.68141
1.76843
1.87714
2.04279
2.32732
2.79068
6.6467
6.79798
6.81625
6.604
6.12746
5.30948
4.06085
2.31759
1.61786
2.95678
4.12219
5.01512
5.71822
6.27373
6.66347
6.88055
6.97132
6.95031
6.85362
6.70209
6.51964
6.31496
6.10434
5.9179
5.78284
5.65459
5.4974
5.31258
5.11285
4.90247
4.68251
4.45308
4.21418
3.96758
3.71338
3.45159
3.1916
2.93407
2.78245
-55.6014
-61.7339
-65.4062
-68.2291
-70.3325
-71.6776
-72.4395
-72.8154
-73.0033
-73.1204
-73.2494
-73.417
-73.6838
-74.0903
-74.7148
-75.5915
-76.7717
-78.2928
-80.2572
-82.7172
-85.7168
-89.2396
-93.2495
-97.6573
-102.327
-107.113
-111.883
-116.515
-120.848
-124.725
-127.952
-130.366
-131.777
-132.059
-131.082
-128.81
-125.242
-120.512
-114.848
-108.589
-102.021
-95.3721
-88.7888
-82.3207
-76.0083
-69.9398
-64.1665
-58.6969
-53.526
-48.6597
-44.1047
-39.8605
-35.9245
-32.2861
-28.9346
-25.8566
-23.0385
-20.4649
-18.1205
-15.9897
-14.0569
-12.3066
-10.7249
-9.29634
-8.01248
-6.85228
-5.8243
-5.00716
-4.31482
-3.65456
-3.03421
-2.42799
-1.91246
-1.32921
-1.03593
-0.272379
-0.577227
1.0109
-0.944835
3.07522
-47.1587
-44.655
-43.5099
-42.5918
-41.8419
-41.2054
-40.582
-39.9535
-39.4218
-38.8663
-38.3944
-37.9365
-37.5346
-37.1667
-36.8415
-36.5524
-36.2962
-36.0676
-35.8597
-35.6654
-35.4764
-35.2822
-35.0749
-34.8421
-34.5774
-34.2674
-33.9077
-33.4851
-32.9985
-32.436
-31.8001
-31.0815
-30.2858
-29.4067
-28.4534
-27.4231
-26.3277
-25.1674
-23.9563
-22.6968
-21.4046
-20.0837
-18.7496
-17.4069
-16.0714
-14.7477
-13.4505
-12.1831
-10.9583
-9.77791
-8.65188
-7.58223
-6.57438
-5.62961
-4.75063
-3.93753
-3.19058
-2.50882
-1.89071
-1.33443
-0.837047
-0.395376
-0.00662711
0.332445
0.626458
0.875485
1.0904
1.23695
1.34482
1.4466
1.53341
1.60582
1.66179
1.71049
1.74188
1.73152
1.82244
1.6906
1.63396
2.71796
-12.4952
-14.1187
-16.496
-19.5055
-22.9324
-26.7005
-30.7548
-35.0656
-39.5977
-44.3277
-49.2675
-54.4421
-59.8756
-65.6406
-71.7942
-78.3405
-85.2701
-92.606
-100.321
-108.366
-116.628
-124.981
-133.246
-141.266
-148.895
-156.05
-162.61
-168.377
-173.124
-176.606
-178.62
-178.959
-177.485
-174.08
-168.743
-161.556
-152.778
-142.798
-132.172
-121.504
-111.298
-101.758
-92.9547
-84.8436
-77.3041
-70.298
-63.8123
-57.8141
-52.2746
-47.1729
-42.4859
-38.1936
-34.2672
-30.6828
-27.4143
-24.4398
-21.7362
-19.2824
-17.0582
-15.0445
-13.2239
-11.5787
-10.0943
-8.75464
-7.55156
-6.46382
-5.4996
-4.72937
-4.07702
-3.4566
-2.87352
-2.29924
-1.81545
-1.25674
-0.986495
-0.246489
-0.551003
0.984183
-0.895923
3.02032
-10.5621
-9.5244
-9.58397
-10.1959
-11.1239
-12.2239
-13.4087
-14.6456
-15.9119
-17.2004
-18.5049
-19.806
-21.0991
-22.3688
-23.6041
-24.7956
-25.9283
-26.9967
-27.9853
-28.8917
-29.7002
-30.4109
-31.0095
-31.4984
-31.8646
-32.1126
-32.2314
-32.2276
-32.0923
-31.8345
-31.4476
-30.943
-30.3166
-29.582
-28.738
-27.8001
-26.7701
-25.6646
-24.4877
-23.2569
-21.9777
-20.668
-19.3335
-17.9909
-16.646
-15.3143
-14.0007
-12.719
-11.4728
-10.2731
-9.12307
-8.0295
-6.99458
-6.02336
-5.11626
-4.27572
-3.50129
-2.79273
-2.14868
-1.56713
-1.0457
-0.581875
-0.172173
0.186256
0.497901
0.763303
0.994754
1.15293
1.26907
1.37824
1.47138
1.55277
1.616
1.67068
1.70667
1.69908
1.78641
1.6726
1.59947
2.62021
0.547875
-1.88988
-4.76184
-7.95497
-11.5554
-15.572
-20.0013
-24.8041
-30.0052
-35.6002
-41.6684
-48.2112
-55.2755
-62.7746
-70.7046
-79.0511
-87.8629
-97.0372
-106.51
-116.149
-125.865
-135.494
-144.881
-153.824
-162.143
-169.648
-176.211
-181.722
-186.046
-189.043
-190.584
-190.566
-188.843
-185.286
-179.772
-172.291
-162.945
-152.03
-140.019
-127.583
-115.451
-104.111
-93.7365
-84.4204
-76.0484
-68.4615
-61.5757
-55.3302
-49.6686
-44.5414
-39.9072
-35.7165
-31.9294
-28.5052
-25.4116
-22.6165
-20.0922
-17.8125
-15.7546
-13.8974
-12.2214
-10.709
-9.34538
-8.11484
-7.0094
-6.00912
-5.12121
-4.40697
-3.80242
-3.2289
-2.68906
-2.15572
-1.70764
-1.1837
-0.93218
-0.234029
-0.517291
0.931882
-0.845313
2.92558
2.4014
2.92277
2.5465
1.40468
-0.302365
-2.36476
-4.64481
-7.01118
-9.3557
-11.6456
-13.867
-16.0101
-18.0695
-20.0309
-21.8931
-23.6396
-25.271
-26.7695
-28.1391
-29.3616
-30.4431
-31.3669
-32.1417
-32.7528
-33.2111
-33.5049
-33.6474
-33.6302
-33.4681
-33.1562
-32.7105
-32.1291
-31.429
-30.6105
-29.6911
-28.6735
-27.5753
-26.4007
-25.1671
-23.8801
-22.5567
-21.2034
-19.8361
-18.4609
-17.0926
-15.7365
-14.4057
-13.1047
-11.8445
-10.6289
-9.46532
-8.35601
-7.30717
-6.31945
-5.3969
-4.53915
-3.74773
-3.02144
-2.35957
-1.76036
-1.22176
-0.74098
-0.315191
0.0587486
0.384844
0.664118
0.909274
1.07821
1.2015
1.31741
1.41839
1.50562
1.57553
1.63422
1.67862
1.67798
1.75763
1.65175
1.59528
2.46877
-40.317
-42.6341
-45.1558
-47.8205
-50.6879
-53.8203
-57.1943
-60.8808
-64.8663
-69.2429
-73.9619
-79.0945
-84.5698
-90.4445
-96.641
-103.179
-109.955
-117.008
-124.275
-131.744
-139.277
-146.811
-154.192
-161.302
-167.942
-173.935
-179.073
-183.202
-186.194
-187.93
-188.283
-187.136
-184.394
-179.989
-173.938
-166.303
-157.195
-146.784
-135.378
-123.44
-111.58
-100.357
-89.9477
-80.4853
-72.0404
-64.463
-57.6486
-51.5267
-46.035
-41.1169
-36.7099
-32.7601
-29.2151
-26.0332
-23.1746
-20.6058
-18.2954
-16.2167
-14.3454
-12.6594
-11.1401
-9.76976
-8.53438
-7.41903
-6.41662
-5.5079
-4.7005
-4.04751
-3.4924
-2.96662
-2.47231
-1.98106
-1.57071
-1.08329
-0.855989
-0.195607
-0.480454
0.920463
-0.829403
2.90355
-38.675
-37.8076
-37.2083
-36.836
-36.6465
-36.6601
-36.8671
-37.2523
-37.6981
-38.1507
-38.5709
-38.9777
-39.3436
-39.6859
-39.9784
-40.2376
-40.4369
-40.5919
-40.677
-40.7075
-40.6591
-40.5456
-40.345
-40.0712
-39.7041
-39.257
-38.7139
-38.0881
-37.3667
-36.5636
-35.6701
-34.7005
-33.6492
-32.531
-31.3436
-30.1018
-28.8055
-27.469
-26.0943
-24.6951
-23.2748
-21.8466
-20.4148
-18.9916
-17.5812
-16.1949
-14.8364
-13.5158
-12.2366
-11.0063
-9.8271
-8.70564
-7.64245
-6.64256
-5.70538
-4.83383
-4.02661
-3.28461
-2.60621
-1.99036
-1.43485
-0.937372
-0.495176
-0.105046
0.236525
0.530727
0.790588
0.97046
1.10307
1.22805
1.3366
1.43336
1.51182
1.57918
1.62888
1.63785
1.71602
1.60453
1.58716
2.2996
-79.2834
-80.9517
-82.7799
-84.7283
-86.8291
-89.0625
-91.463
-93.9729
-96.6333
-99.3756
-102.243
-105.164
-108.209
-111.336
-114.626
-118.036
-121.616
-125.3
-129.103
-132.975
-136.962
-141.015
-145.094
-149.079
-152.889
-156.386
-159.452
-161.92
-163.67
-164.582
-164.543
-163.408
-161.051
-157.371
-152.321
-145.892
-138.164
-129.317
-119.618
-109.407
-99.1433
-89.3503
-80.2384
-71.7864
-64.1539
-57.3336
-51.2068
-45.7137
-40.8026
-36.4149
-32.4958
-28.9897
-25.8517
-23.0398
-20.5193
-18.2571
-16.2247
-14.3969
-12.7515
-11.269
-9.931
-8.72248
-7.63128
-6.64413
-5.75517
-4.94655
-4.2285
-3.64204
-3.14051
-2.66629
-2.21953
-1.77305
-1.40316
-0.953909
-0.756524
-0.130079
-0.430391
0.940962
-0.817077
2.92071
-78.1916
-77.1826
-76.1625
-75.0474
-73.8554
-72.5715
-71.2982
-70.0675
-68.8708
-67.6472
-66.4162
-65.1559
-63.8907
-62.5975
-61.3017
-59.9793
-58.6552
-57.3067
-55.9576
-54.5865
-53.2152
-51.8237
-50.4318
-49.0216
-47.6101
-46.1808
-44.7491
-43.2997
-41.8457
-40.3742
-38.8969
-37.4032
-35.9031
-34.389
-32.8703
-31.3418
-29.8124
-28.2788
-26.7499
-25.2239
-23.7094
-22.2066
-20.7237
-19.2621
-17.8294
-16.4274
-15.0637
-13.74
-12.4631
-11.2343
-10.0601
-8.9409
-7.88181
-6.88226
-5.94595
-5.07131
-4.26076
-3.51231
-2.82655
-2.20134
-1.6356
-1.12686
-0.672541
-0.270001
0.084053
0.39065
0.662933
0.852771
0.993066
1.12595
1.24381
1.34781
1.4343
1.50813
1.56639
1.58351
1.66407
1.54361
1.56367
2.14409
-99.3079
-100.551
-101.915
-103.382
-104.891
-106.457
-108.055
-109.695
-111.328
-112.973
-114.585
-116.185
-117.731
-119.228
-120.616
-121.865
-122.912
-123.796
-124.58
-125.366
-126.184
-127.035
-127.896
-128.771
-129.64
-130.455
-131.12
-131.54
-131.599
-131.218
-130.305
-128.773
-126.505
-123.423
-119.453
-114.577
-108.798
-102.208
-94.9674
-87.3369
-79.6128
-72.1752
-65.2775
-58.7619
-52.6924
-47.2204
-42.3014
-37.8782
-33.9121
-30.3592
-27.1738
-24.316
-21.7493
-19.444
-17.3711
-15.5046
-13.8222
-12.304
-10.9331
-9.69133
-8.5663
-7.54573
-6.61997
-5.77861
-5.01788
-4.32209
-3.70167
-3.19016
-2.74807
-2.32942
-1.93536
-1.53784
-1.21178
-0.803962
-0.638961
-0.0499799
-0.366725
0.967605
-0.787623
2.93596
-98.2975
-97.0729
-95.7077
-94.18
-92.4845
-90.6593
-88.7602
-86.8379
-84.8852
-82.9084
-80.9007
-78.8768
-76.8279
-74.7711
-72.6954
-70.6189
-68.53
-66.4476
-64.3592
-62.2837
-60.209
-58.1534
-56.1049
-54.0808
-52.0698
-50.0872
-48.1227
-46.1891
-44.2768
-42.3966
-40.54
-38.7155
-36.9154
-35.1472
-33.4044
-31.693
-30.0079
-28.3546
-26.7291
-25.136
-23.5729
-22.0441
-20.5486
-19.0906
-17.6693
-16.2898
-14.951
-13.6584
-12.4115
-11.2157
-10.0707
-8.98143
-7.94699
-6.97142
-6.05311
-5.19542
-4.39604
-3.65696
-2.97592
-2.35353
-1.78739
-1.27588
-0.817255
-0.408786
-0.0478741
0.266484
0.547257
0.743797
0.889848
1.02914
1.1522
1.26333
1.3562
1.4372
1.49878
1.52191
1.60434
1.47771
1.52577
1.99653
-95.9069
-96.6505
-97.5211
-98.5098
-99.5032
-100.449
-101.386
-102.292
-103.148
-103.926
-104.615
-105.2
-105.66
-105.981
-106.146
-106.158
-106.023
-105.761
-105.35
-104.744
-103.843
-102.614
-101.131
-99.5649
-98.0606
-96.6833
-95.4089
-94.1718
-92.8956
-91.52
-90.0039
-88.2771
-86.2771
-83.9149
-81.1399
-77.891
-74.17
-69.9869
-65.4404
-60.667
-55.8624
-51.2261
-46.9684
-42.93
-38.932
-35.186
-31.7826
-28.6931
-25.8941
-23.3615
-21.0678
-18.989
-17.1053
-15.3977
-13.8474
-12.4388
-11.1575
-9.99237
-8.92862
-7.95745
-7.06946
-6.25698
-5.51386
-4.83262
-4.21209
-3.63827
-3.12684
-2.69569
-2.31718
-1.96024
-1.62331
-1.27869
-1.00025
-0.637738
-0.507636
0.039359
-0.291869
0.996582
-0.748667
2.94003
-95.0352
-93.8698
-92.5926
-91.1821
-89.6683
-88.0758
-86.4244
-84.7194
-82.9631
-81.1585
-79.3115
-77.424
-75.5024
-73.5482
-71.5692
-69.5658
-67.5464
-65.5102
-63.4665
-61.414
-59.3625
-57.31
-55.2666
-53.2303
-51.2114
-49.2071
-47.227
-45.2684
-43.3394
-41.4368
-39.5676
-37.7286
-35.925
-34.1536
-32.419
-30.7181
-29.0548
-27.4265
-25.8363
-24.2823
-22.767
-21.2895
-19.8522
-18.4538
-17.098
-15.7819
-14.5104
-13.2812
-12.0991
-10.9624
-9.87582
-8.83777
-7.85238
-6.91813
-6.03861
-5.21186
-4.44063
-3.7226
-3.05982
-2.45015
-1.89312
-1.38726
-0.931306
-0.523068
-0.160483
0.1573
0.442651
0.643589
0.793234
0.936363
1.06509
1.18044
1.27842
1.36305
1.43014
1.45848
1.54125
1.41077
1.48328
1.8511
-76.4953
-76.841
-77.2321
-77.7631
-78.3154
-78.8105
-79.2691
-79.6879
-80.0472
-80.3126
-80.4761
-80.5161
-80.4244
-80.1719
-79.7545
-79.1467
-78.3537
-77.3468
-76.1295
-74.6801
-73.044
-71.2648
-69.4233
-67.5055
-65.4509
-63.1816
-60.7721
-58.3882
-56.1926
-54.2124
-52.3733
-50.5862
-48.7813
-46.9259
-44.9821
-42.941
-40.7759
-38.509
-36.1586
-33.8174
-31.5631
-29.4985
-27.705
-26.0998
-24.3228
-22.4253
-20.6195
-18.9382
-17.3764
-15.9269
-14.5825
-13.3349
-12.1787
-11.1059
-10.1111
-9.18802
-8.33387
-7.53967
-6.80207
-6.1154
-5.47809
-4.88478
-4.33439
-3.82211
-3.34953
-2.90663
-2.50718
-2.1624
-1.85281
-1.55988
-1.28351
-0.996394
-0.768551
-0.454911
-0.361813
0.139495
-0.207788
1.02986
-0.705522
2.94752
-75.9511
-75.1689
-74.3622
-73.4821
-72.5667
-71.5969
-70.5902
-69.5275
-68.4271
-67.2716
-66.0799
-64.8353
-63.5565
-62.2292
-60.8715
-59.4704
-58.0427
-56.5778
-55.0903
-53.5714
-52.0338
-50.4712
-48.8944
-47.2998
-45.6966
-44.0837
-42.4689
-40.8529
-39.2419
-37.6379
-36.0457
-34.4675
-32.9061
-31.3642
-29.8434
-28.3458
-26.8725
-25.4252
-24.0047
-22.6126
-21.2496
-19.9177
-18.6166
-17.3502
-16.1152
-14.9176
-13.7542
-12.6302
-11.5434
-10.4985
-9.49339
-8.53246
-7.61421
-6.74253
-5.91578
-5.1374
-4.40544
-3.7227
-3.08765
-2.50101
-1.96113
-1.46854
-1.02165
-0.619237
-0.259668
0.0575975
0.344398
0.547019
0.69903
0.845541
0.976665
1.09632
1.19821
1.28803
1.35675
1.38983
1.47114
1.33758
1.4354
1.69661
-53.8253
-53.6943
-53.5478
-53.5134
-53.4912
-53.431
-53.3312
-53.2153
-53.0543
-52.8398
-52.538
-52.1484
-51.6325
-50.9862
-50.1683
-49.1813
-47.9874
-46.5957
-44.9775
-43.1653
-41.1688
-39.0664
-36.8956
-34.7216
-32.5455
-30.4072
-28.3081
-26.2531
-24.1915
-22.1478
-20.2188
-18.5137
-17.0413
-15.7463
-14.5766
-13.496
-12.5085
-11.6103
-10.8433
-10.2278
-9.8312
-9.67048
-9.7734
-10.0753
-10.24
-10.059
-9.71617
-9.3395
-8.93816
-8.52136
-8.08988
-7.64942
-7.20232
-6.75442
-6.30838
-5.87103
-5.44028
-5.01975
-4.60866
-4.21171
-3.82713
-3.45792
-3.10374
-2.7646
-2.44425
-2.13326
-1.85324
-1.59723
-1.35743
-1.13226
-0.919768
-0.691413
-0.516644
-0.254481
-0.200745
0.251913
-0.113453
1.07315
-0.660485
2.95944
-53.7471
-53.5041
-53.2421
-52.9408
-52.5968
-52.2223
-51.7983
-51.3431
-50.8363
-50.2975
-49.7058
-49.0813
-48.4048
-47.6964
-46.938
-46.1495
-45.3148
-44.453
-43.5494
-42.621
-41.6553
-40.6674
-39.6462
-38.6045
-37.5337
-36.4451
-35.3319
-34.2041
-33.0574
-31.9004
-30.7308
-29.5561
-28.3753
-27.1943
-26.0131
-24.8366
-23.665
-22.502
-21.3482
-20.2066
-19.0784
-17.9648
-16.8702
-15.7913
-14.7358
-13.7004
-12.6914
-11.7066
-10.7514
-9.82372
-8.92857
-8.06476
-7.23655
-6.44283
-5.68761
-4.9697
-4.29252
-3.65517
-3.05949
-2.5039
-1.99084
-1.51822
-1.0875
-0.696487
-0.344716
-0.0320787
0.252501
0.455182
0.607325
0.754719
0.888685
1.01032
1.11549
1.20709
1.27926
1.31688
1.39652
1.25976
1.38424
1.54512
-33.4449
-33.0653
-32.6506
-32.2904
-31.9302
-31.5202
-31.0771
-30.603
-30.1002
-29.546
-28.9412
-28.2651
-27.5155
-26.6609
-25.6937
-24.5773
-23.3065
-21.8439
-20.1921
-18.3222
-16.2603
-14.0066
-11.631
-9.18427
-6.78944
-4.53176
-2.5039
-0.685585
0.956385
2.46969
3.83741
5.06079
6.1191
6.98643
7.64408
8.09951
8.37306
8.45179
8.32931
7.9567
7.31255
6.35595
5.10672
3.62741
2.12859
0.949116
0.0988249
-0.574819
-1.13792
-1.59461
-1.95402
-2.22101
-2.40909
-2.52697
-2.58944
-2.60053
-2.57104
-2.50411
-2.41011
-2.29128
-2.15606
-2.00532
-1.84615
-1.67855
-1.50988
-1.33534
-1.17199
-1.00672
-0.839774
-0.683096
-0.534786
-0.368392
-0.248131
-0.0394886
-0.0266674
0.375825
-0.009923
1.12292
-0.610198
2.97822
-33.6322
-33.6976
-33.7653
-33.8003
-33.824
-33.819
-33.7998
-33.7502
-33.6845
-33.5859
-33.4687
-33.3158
-33.1414
-32.9285
-32.6917
-32.4148
-32.1125
-31.7693
-31.4003
-30.9914
-30.5572
-30.0844
-29.5869
-29.0528
-28.4948
-27.9021
-27.286
-26.6376
-25.967
-25.2669
-24.5464
-23.8005
-23.0368
-22.2522
-21.4531
-20.6381
-19.8125
-18.9758
-18.1323
-17.2827
-16.4294
-15.5762
-14.721
-13.8717
-13.0253
-12.1888
-11.3604
-10.5458
-9.74352
-8.95908
-8.19191
-7.44672
-6.72301
-6.02551
-5.35367
-4.71172
-4.09927
-3.51929
-2.97081
-2.45755
-1.9774
-1.53376
-1.12506
-0.751295
-0.412372
-0.108711
0.170356
0.369561
0.520126
0.667521
0.800998
0.924117
1.03072
1.12532
1.19746
1.2386
1.31521
1.17568
1.32522
1.39034
-17.3568
-16.9081
-16.4181
-15.9615
-15.4953
-14.9915
-14.4524
-13.887
-13.2842
-12.6394
-11.9411
-11.1911
-10.3753
-9.49218
-8.52111
-7.45888
-6.27909
-4.97663
-3.51988
-1.90511
-0.102819
1.87804
4.04854
6.36524
8.78837
11.2074
13.5075
15.5363
17.2094
18.516
19.5532
20.4153
21.1328
21.6609
21.9612
22.034
21.8986
21.5703
21.0293
20.2469
19.1693
17.769
16.0563
14.0757
11.9495
9.93523
8.24236
6.81452
5.56727
4.4644
3.50346
2.67687
1.97817
1.38846
0.900295
0.49773
0.176643
-0.0767119
-0.268213
-0.409288
-0.504063
-0.562206
-0.587749
-0.587083
-0.566975
-0.522387
-0.477584
-0.402096
-0.306524
-0.218708
-0.136905
-0.0319246
0.032839
0.186858
0.157645
0.507815
0.100823
1.1794
-0.556978
2.99611
-17.6519
-17.8777
-18.1037
-18.3225
-18.5319
-18.737
-18.9298
-19.1177
-19.2915
-19.459
-19.6104
-19.7539
-19.8786
-19.9929
-20.0855
-20.1647
-20.219
-20.2567
-20.2664
-20.2568
-20.2168
-20.1553
-20.0614
-19.9441
-19.7936
-19.6185
-19.4091
-19.1739
-18.9049
-18.6093
-18.2805
-17.9249
-17.5378
-17.1245
-16.6822
-16.2154
-15.7226
-15.2077
-14.6707
-14.1142
-13.5409
-12.9498
-12.3479
-11.7327
-11.111
-10.4812
-9.84883
-9.21289
-8.5791
-7.94729
-7.32251
-6.70475
-6.09929
-5.50621
-4.93035
-4.37176
-3.83447
-3.31835
-2.82777
-2.36154
-1.924
-1.51422
-1.13402
-0.782399
-0.461305
-0.170701
0.0990186
0.292396
0.439274
0.583573
0.716589
0.83889
0.946243
1.04039
1.11353
1.15808
1.23143
1.09009
1.26295
1.24323
-6.10112
-5.65776
-5.18973
-4.74697
-4.28845
-3.79448
-3.26826
-2.71751
-2.13377
-1.51243
-0.846612
-0.137077
0.622499
1.43459
2.30844
3.24841
4.26561
5.36645
6.56511
7.87019
9.29894
10.8582
12.5635
14.4098
16.3962
18.4837
20.6256
22.7142
24.6296
26.2196
27.4129
28.2246
28.7729
29.1484
29.3773
29.4119
29.217
28.7835
28.1309
27.2505
26.1207
24.7158
23.0181
21.0428
18.848
16.5802
14.4503
12.5737
10.9096
9.41184
8.05795
6.85001
5.78026
4.84461
4.02377
3.31537
2.70543
2.18745
1.7489
1.38419
1.08172
0.837236
0.639441
0.486437
0.367709
0.285323
0.218936
0.207131
0.231847
0.251385
0.269281
0.311948
0.321341
0.419808
0.347998
0.645547
0.216483
1.2372
-0.500278
3.0159
-6.43042
-6.72025
-7.01365
-7.30732
-7.59916
-7.89258
-8.18232
-8.47297
-8.75848
-9.04392
-9.32293
-9.60078
-9.87063
-10.1379
-10.3952
-10.6482
-10.889
-11.1231
-11.3422
-11.552
-11.7439
-11.9235
-12.082
-12.2251
-12.3441
-12.4448
-12.5185
-12.5708
-12.594
-12.5932
-12.5615
-12.5036
-12.4139
-12.2965
-12.1472
-11.9696
-11.761
-11.524
-11.2574
-10.9638
-10.6424
-10.2973
-9.9276
-9.53759
-9.12628
-8.69829
-8.25314
-7.79593
-7.3268
-6.85043
-6.36722
-5.88244
-5.39653
-4.91474
-4.43715
-3.96886
-3.51026
-3.06602
-2.63615
-2.22535
-1.83357
-1.46371
-1.11561
-0.791433
-0.49179
-0.218105
0.0387584
0.223722
0.364435
0.505104
0.634481
0.755347
0.861427
0.956434
1.02798
1.07478
1.14321
1.00138
1.19417
1.09273
1.66354
2.06342
2.47365
2.86621
3.27555
3.71791
4.18597
4.67466
5.18788
5.73149
6.3077
6.91772
7.56276
8.24611
8.97101
9.74184
10.5624
11.4383
12.3746
13.3789
14.4571
15.6176
16.8651
18.2079
19.6443
21.1761
22.7856
24.4521
26.1193
27.7137
29.1169
30.2255
30.9801
31.4322
31.6707
31.7616
31.6853
31.4014
30.8799
30.1352
29.1716
27.9867
26.5575
24.8737
22.9556
20.8647
18.7291
16.6999
14.8474
13.159
11.6139
10.1942
8.90389
7.73533
6.69342
5.76484
4.94371
4.21929
3.5869
3.03592
2.56187
2.15403
1.80792
1.51638
1.27078
1.07383
0.901924
0.807408
0.764899
0.719958
0.674802
0.657494
0.612317
0.655946
0.54181
0.785661
0.334346
1.29796
-0.443236
3.03294
1.33654
1.03052
0.71657
0.400204
0.0779396
-0.247064
-0.577161
-0.909194
-1.24557
-1.58286
-1.9236
-2.26391
-2.60644
-2.94715
-3.28872
-3.62681
-3.96412
-4.29603
-4.62535
-4.94716
-5.2642
-5.5712
-5.87087
-6.15774
-6.43442
-6.6951
-6.94237
-7.17043
-7.38174
-7.57055
-7.73924
-7.88248
-8.00242
-8.09434
-8.16027
-8.19638
-8.20446
-8.18168
-8.12971
-8.04723
-7.93535
-7.79335
-7.62248
-7.42274
-7.19681
-6.94505
-6.67084
-6.37445
-6.05948
-5.72656
-5.38015
-5.02082
-4.65357
-4.27843
-3.90094
-3.52179
-3.1456
-2.77323
-2.4094
-2.05489
-1.71325
-1.38505
-1.0739
-0.779437
-0.505465
-0.251599
-0.0105235
0.163527
0.296681
0.430792
0.556399
0.673499
0.778273
0.870659
0.941725
0.990522
1.05383
0.913137
1.12393
0.950744
6.38922
6.75058
7.11432
7.46315
7.8266
8.21873
8.62946
9.05535
9.49693
9.96107
10.4473
10.9584
11.4926
12.054
12.642
13.2612
13.9109
14.5959
15.3164
16.0774
16.8798
17.7287
18.6258
19.5748
20.5771
21.6335
22.7435
23.9015
25.1002
26.3191
27.528
28.6636
29.646
30.3872
30.8613
31.0977
31.1589
31.0565
30.7735
30.2783
29.5765
28.6758
27.5839
26.2857
24.7773
23.0723
21.2231
19.3269
17.491
15.771
14.1746
12.6925
11.3072
10.0296
8.85999
7.79893
6.83783
5.97313
5.19714
4.50791
3.89625
3.35898
2.88751
2.47886
2.12343
1.82351
1.55697
1.38667
1.28188
1.17654
1.07286
0.997867
0.900301
0.889949
0.734294
0.9255
0.45255
1.35598
-0.384808
3.04985
6.08002
5.78042
5.47547
5.16591
4.8512
4.53134
4.20644
3.87635
3.54147
3.20162
2.8576
2.50914
2.15731
1.80177
1.44406
1.08376
0.72264
0.360223
-0.00138102
-0.362733
-0.721413
-1.07815
-1.43016
-1.77824
-2.1192
-2.45396
-2.77891
-3.09495
-3.3981
-3.68925
-3.96421
-4.22379
-4.46375
-4.68487
-4.88319
-5.05934
-5.2098
-5.3351
-5.43251
-5.50254
-5.54334
-5.5553
-5.53778
-5.49105
-5.41519
-5.31092
-5.17903
-5.02129
-4.83878
-4.63408
-4.40814
-4.1646
-3.90379
-3.63084
-3.34627
-3.0544
-2.75646
-2.45684
-2.15672
-1.86018
-1.56812
-1.28489
-1.01121
-0.750191
-0.5031
-0.272219
-0.0486621
0.11197
0.235948
0.362725
0.481423
0.594425
0.695434
0.786921
0.854972
0.904849
0.961914
0.823733
1.04879
0.806906
9.57804
9.88892
10.2005
10.4989
10.8086
11.1389
11.4824
11.8336
12.1946
12.5688
12.9582
13.3623
13.7822
14.2183
14.6725
15.1452
15.6383
16.1516
16.6875
17.2455
17.8282
18.435
19.0683
19.7274
20.4143
21.1287
21.8718
22.6433
23.4433
24.2718
25.1258
25.9989
26.8672
27.6847
28.3735
28.8652
29.1285
29.1922
29.0858
28.8236
28.3901
27.785
27.0111
26.0758
24.9679
23.6845
22.232
20.6515
19.0107
17.3923
15.8443
14.3851
13.0158
11.7255
10.5171
9.39536
8.3629
7.41488
6.5511
5.76619
5.0586
4.42262
3.85497
3.35135
2.90498
2.51781
2.16934
1.93156
1.77167
1.61164
1.45377
1.32502
1.17798
1.11649
0.921494
1.06056
0.567308
1.41218
-0.327888
3.06069
9.28826
8.9992
8.70407
8.4031
8.09591
7.78348
7.46465
7.14038
6.80926
6.47287
6.12954
5.78127
5.42632
5.06715
4.70201
4.33364
3.96033
3.58508
3.20634
2.82722
2.44634
2.06684
1.68752
1.31154
0.937864
0.569594
0.205887
-0.150128
-0.499133
-0.837997
-1.16715
-1.48341
-1.78706
-2.07498
-2.34722
-2.60074
-2.83544
-3.04859
-3.2399
-3.40702
-3.54963
-3.66601
-3.75589
-3.81848
-3.85337
-3.86079
-3.8403
-3.79294
-3.7187
-3.61925
-3.49591
-3.34976
-3.18435
-3.0001
-2.80054
-2.58693
-2.36282
-2.1297
-1.89153
-1.64944
-1.40776
-1.16796
-0.933702
-0.705407
-0.487846
-0.279687
-0.077295
0.0700062
0.18275
0.299642
0.411511
0.51806
0.615793
0.702585
0.768636
0.819384
0.870145
0.736406
0.97338
0.673524
10.768
11.061
11.3456
11.6115
11.8844
12.1746
12.4745
12.7793
13.0896
13.4091
13.7381
14.0774
14.426
14.7857
15.1558
15.5383
15.9322
16.3394
16.7585
17.1915
17.6367
18.0961
18.5674
19.0529
19.5498
20.0606
20.583
21.1202
21.6711
22.2399
22.8275
23.4384
24.0731
24.7257
25.3722
25.9583
26.4123
26.6745
26.7397
26.6366
26.3999
26.0334
25.5339
24.8945
24.1164
23.1898
22.1146
20.8931
19.5584
18.1593
16.7587
15.398
14.101
12.8665
11.6869
10.5656
9.51331
8.53681
7.63238
6.79745
6.02885
5.32772
4.69064
4.11701
3.59976
3.14297
2.7257
2.43158
2.22314
2.01529
1.80871
1.63128
1.4392
1.3294
1.0978
1.18673
0.676647
1.45904
-0.27158
3.06529
10.491
10.2141
9.93423
9.65132
9.36444
9.07409
8.77988
8.48189
8.18026
7.87452
7.56521
7.25152
6.93418
6.61222
6.28658
5.95626
5.62232
5.2839
4.94223
4.5966
4.24841
3.89719
3.54449
3.19007
2.83564
2.48117
2.12849
1.77779
1.43097
1.08841
0.752166
0.422765
0.102283
-0.208604
-0.507719
-0.794312
-1.06627
-1.3227
-1.56161
-1.78202
-1.98221
-2.1611
-2.31742
-2.45006
-2.55846
-2.64157
-2.69969
-2.73185
-2.73912
-2.72072
-2.67804
-2.61191
-2.52341
-2.41432
-2.28627
-2.1411
-1.98098
-1.80858
-1.62562
-1.4355
-1.24012
-1.04298
-0.845425
-0.650762
-0.460604
-0.278226
-0.0955232
0.0353249
0.136024
0.243266
0.345431
0.445619
0.537535
0.62154
0.683488
0.734462
0.777741
0.650901
0.89396
0.540714
11.5181
11.7829
12.0349
12.2642
12.4975
12.7434
12.9968
13.2512
13.5088
13.7707
14.0393
14.3129
14.5932
14.8787
15.1716
15.4707
15.778
16.0918
16.4143
16.7437
17.0819
17.427
17.7806
18.1407
18.5087
18.8827
19.2643
19.6518
20.0475
20.451
20.8656
21.2922
21.7345
22.1929
22.6649
23.1374
23.5775
23.9324
24.1448
24.1919
24.0918
23.8826
23.5806
23.1814
22.6684
22.0335
21.267
20.3692
19.3452
18.2228
17.0396
15.8404
14.6534
13.5046
12.3983
11.3325
10.3109
9.3449
8.43871
7.58889
6.79543
6.05863
5.3805
4.76012
4.1934
3.68343
3.21374
2.87242
2.62442
2.37556
2.12773
1.90694
1.67491
1.52124
1.25762
1.29786
0.775833
1.49496
-0.217317
3.05575
11.2573
10.9931
10.7257
10.4545
10.1798
9.90174
9.62003
9.33512
9.04655
8.75467
8.45912
8.16023
7.85777
7.55193
7.24261
6.92999
6.61409
6.29502
5.97297
5.64804
5.3206
4.99077
4.65908
4.32575
3.99151
3.65667
3.32212
2.98834
2.65638
2.32685
2.00097
1.67953
1.36382
1.05478
0.753835
0.462034
0.180817
-0.0887049
-0.345037
-0.587067
-0.813257
-1.02262
-1.21358
-1.38538
-1.5365
-1.66657
-1.77416
-1.85956
-1.92158
-1.96105
-1.97692
-1.9706
-1.9414
-1.89165
-1.82111
-1.7326
-1.62674
-1.50603
-1.37218
-1.22752
-1.07465
-0.915477
-0.753296
-0.58868
-0.427209
-0.268252
-0.10743
0.00778908
0.0966069
0.191634
0.285121
0.377891
0.464471
0.541798
0.600655
0.65131
0.686779
0.569751
0.814391
0.419661
11.3256
11.5731
11.8032
12.0102
12.2182
12.438
12.6627
12.8884
13.1142
13.3435
13.5758
13.8123
14.0515
14.2949
14.5415
14.793
15.0481
15.3084
15.5726
15.8423
16.1159
16.3949
16.6778
16.9658
17.2569
17.5528
17.8512
18.1539
18.4589
18.7686
19.0819
19.4031
19.7332
20.0777
20.4387
20.8184
21.2085
21.5855
21.9009
22.09
22.1019
21.9318
21.6211
21.2208
20.762
20.2546
19.6995
19.0918
18.4215
17.6737
16.8362
15.8994
14.8696
13.7797
12.7033
11.6987
10.7662
9.87149
8.99591
8.15175
7.35453
6.61133
5.9184
5.27498
4.67683
4.13142
3.62259
3.24599
2.96572
2.68503
2.40239
2.14544
1.8793
1.6863
1.39634
1.38866
0.864936
1.51096
-0.161166
3.02907
11.0771
10.8243
10.5708
10.3142
10.0563
9.79597
9.53392
9.26955
9.00331
8.73482
8.46422
8.19139
7.91631
7.63905
7.35941
7.07768
6.79351
6.50742
6.21891
5.92868
5.63617
5.34225
5.04633
4.74944
4.45099
4.15217
3.85246
3.55321
3.25402
2.95634
2.65996
2.36649
2.07588
1.78982
1.5085
1.23368
0.965735
0.706376
0.456145
0.216758
-0.0111567
-0.225919
-0.426855
-0.612388
-0.781887
-0.933852
-1.06784
-1.18244
-1.27758
-1.3522
-1.40657
-1.43997
-1.45326
-1.44609
-1.4199
-1.37482
-1.31245
-1.23377
-1.14055
-1.03472
-0.917815
-0.793059
-0.661221
-0.525775
-0.389651
-0.253797
-0.113218
-0.0129712
0.0629087
0.147469
0.231938
0.315874
0.394357
0.466599
0.522721
0.571795
0.59794
0.494644
0.732898
0.301372
10.6845
10.9219
11.14
11.331
11.5191
11.7172
11.9192
12.1212
12.3216
12.5234
12.726
12.9307
13.1357
13.3427
13.55
13.7597
13.9699
14.1827
14.396
14.6119
14.8285
15.0477
15.2672
15.4892
15.7113
15.9355
16.1597
16.3858
16.6114
16.8386
17.0651
17.2929
17.5199
17.7478
17.9746
18.2015
18.4256
18.6443
18.8487
19.0244
19.1434
19.1751
19.0977
18.9188
18.6636
18.3574
18.007
17.6087
17.1546
16.6293
16.0146
15.2967
14.489
13.6208
12.7284
11.8422
10.9874
10.1603
9.34842
8.55159
7.78403
7.05469
6.36384
5.71085
5.09492
4.52269
3.9845
3.5762
3.26835
2.95822
2.64542
2.35235
2.05688
1.82283
1.51514
1.45212
0.943365
1.49953
-0.100078
2.97908
10.447
10.2074
9.96815
9.7278
9.48711
9.24573
9.00381
8.76123
8.51805
8.27422
8.02971
7.78453
7.53856
7.292
7.04447
6.79635
6.54718
6.2975
6.04665
5.7954
5.54295
5.2903
5.03648
4.78267
4.52786
4.2734
4.01819
3.76371
3.50888
3.2553
3.00196
2.75058
2.50025
2.25276
2.00743
1.76616
1.52838
1.29607
1.06892
0.848897
0.635886
0.431849
0.236851
0.0527806
-0.120175
-0.280208
-0.427083
-0.558992
-0.675899
-0.776119
-0.859881
-0.925775
-0.974424
-1.00471
-1.01781
-1.0129
-0.991498
-0.953349
-0.900285
-0.832806
-0.753219
-0.662742
-0.56363
-0.457952
-0.348871
-0.236363
-0.117687
-0.0338714
0.0298651
0.102946
0.176191
0.250159
0.321868
0.388372
0.440463
0.488101
0.502665
0.422563
0.646757
0.190932
9.80976
10.0374
10.2451
10.4241
10.5981
10.7796
10.9639
11.1471
11.3274
11.5075
11.6867
11.8661
12.044
12.2218
12.3981
12.5742
12.7486
12.9226
13.0947
13.2664
13.436
13.6049
13.7716
13.9373
14.1004
14.2619
14.4201
14.5762
14.7282
14.8769
15.02
15.1577
15.2863
15.405
15.509
15.5979
15.6689
15.7275
15.7803
15.8433
15.9293
16.0451
16.1735
16.2809
16.3249
16.2801
16.1398
15.9111
15.5987
15.2055
14.7334
14.1912
13.5986
12.9784
12.338
11.6577
10.9286
10.1764
9.43752
8.72049
8.01971
7.33213
6.66375
6.01983
5.40372
4.82251
4.2668
3.83925
3.51106
3.17976
2.84044
2.51972
2.19669
1.93235
1.60233
1.50368
0.988866
1.49983
-0.0833614
2.98761
9.58197
9.35352
9.12573
8.89821
8.67098
8.44436
8.21793
7.99216
7.76656
7.5416
7.31677
7.09256
6.86844
6.64499
6.4215
6.19862
5.97566
5.75333
5.53081
5.30889
5.08666
4.86514
4.64332
4.42225
4.20097
3.98066
3.76028
3.54117
3.32223
3.1049
2.8881
2.67337
2.45967
2.24864
2.03924
1.83325
1.62972
1.43048
1.23472
1.04439
0.858716
0.679722
0.50679
0.341993
0.184855
0.0372899
-0.100962
-0.228037
-0.344141
-0.447531
-0.538401
-0.615197
-0.678219
-0.726172
-0.759548
-0.777336
-0.780383
-0.768076
-0.741718
-0.701145
-0.648383
-0.583862
-0.509755
-0.427133
-0.3399
-0.246569
-0.145368
-0.0755054
-0.0222818
0.0402626
0.103997
0.17082
0.236905
0.29721
0.346571
0.39518
0.401106
0.339337
0.569084
0.0783483
8.60001
8.81861
9.01774
9.18831
9.35229
9.52214
9.69413
9.86446
10.0316
10.1977
10.3624
10.5265
10.6884
10.8492
11.0077
11.1651
11.32
11.4735
11.6241
11.7732
11.9192
12.0636
12.2044
12.3433
12.4781
12.6106
12.7383
12.8629
12.9822
13.0975
13.2065
13.3104
13.4065
13.4959
13.5754
13.6465
13.7068
13.7598
13.8063
13.853
13.9034
13.9622
14.0225
14.0724
14.0865
14.0442
13.9366
13.7765
13.5841
13.3715
13.1375
12.8699
12.5523
12.1643
11.6955
11.1478
10.5398
9.89737
9.25245
8.62047
7.99608
7.36907
6.74381
6.13065
5.5356
4.96617
4.41421
3.98244
3.6482
3.30762
2.95711
2.61963
2.28238
1.99743
1.65343
1.53001
1.00921
1.4931
-0.085096
2.99338
8.38133
8.16252
7.9448
7.72796
7.51179
7.29689
7.08254
6.86949
6.65705
6.44603
6.23557
6.02663
5.81839
5.61177
5.40586
5.20169
4.99829
4.7967
4.59592
4.39695
4.1987
4.00237
3.80681
3.61318
3.42034
3.22948
3.03947
2.85169
2.66484
2.48043
2.2972
2.11673
1.93776
1.762
1.5881
1.41795
1.25022
1.08685
0.926561
0.771395
0.620124
0.474811
0.334345
0.200803
0.0732488
-0.0463188
-0.158774
-0.262155
-0.357134
-0.441888
-0.51709
-0.581033
-0.634324
-0.675516
-0.705186
-0.722176
-0.727126
-0.719235
-0.699409
-0.667388
-0.624521
-0.571179
-0.508534
-0.438137
-0.362808
-0.280716
-0.190486
-0.129732
-0.0845051
-0.030042
0.0269611
0.0878174
0.148446
0.204095
0.252405
0.300116
0.302406
0.255878
0.493046
-0.0158504
7.41538
7.62236
7.81047
7.9709
8.12491
8.28394
8.44487
8.60368
8.75937
8.91353
9.06624
9.21758
9.36664
9.51369
9.65817
9.80067
9.94047
10.078
10.2126
10.3448
10.4738
10.6002
10.7232
10.8431
10.9592
11.0721
11.1806
11.2854
11.3853
11.4812
11.5717
11.6575
11.7371
11.8115
11.8787
11.9399
11.9929
12.0392
12.0767
12.1069
12.1276
12.14
12.1406
12.1297
12.1039
12.0632
12.0037
11.9243
11.8234
11.7024
11.5623
11.3992
11.2032
10.9568
10.6427
10.2527
9.79839
9.29928
8.76987
8.22036
7.66442
7.10677
6.54731
5.98845
5.43653
4.90031
4.37438
3.95765
3.63321
3.30215
2.95617
2.62074
2.28289
1.99303
1.64751
1.51059
0.99702
1.45615
-0.100652
2.96799
7.20758
6.99959
6.79292
6.58685
6.38185
6.17797
5.97511
5.77348
5.57297
5.37392
5.17601
4.97975
4.78476
4.59162
4.3998
4.21011
4.02185
3.83589
3.65148
3.46956
3.28924
3.11158
2.93561
2.76244
2.59099
2.42245
2.25565
2.09197
1.93012
1.77151
1.61492
1.46179
1.3109
1.16379
1.01919
0.878778
0.741297
0.608477
0.479062
0.354878
0.234682
0.12039
0.0106836
-0.0924069
-0.19009
-0.280396
-0.364499
-0.440578
-0.509607
-0.569955
-0.622455
-0.66574
-0.700461
-0.725511
-0.741382
-0.747204
-0.743469
-0.729508
-0.706062
-0.672688
-0.630688
-0.579765
-0.521231
-0.455877
-0.386823
-0.311504
-0.229062
-0.17535
-0.13653
-0.0878186
-0.0369915
0.0179344
0.0727919
0.12392
0.167348
0.217186
0.216136
0.185459
0.42127
-0.089171
6.18302
6.38147
6.56206
6.71543
6.86197
7.01268
7.16535
7.31575
7.46304
7.60839
7.75226
7.89457
8.03454
8.17218
8.30709
8.43979
8.56966
8.69704
8.82125
8.94283
9.0609
9.17613
9.28753
9.39583
9.49976
9.60031
9.69607
9.788
9.8746
9.95703
10.0336
10.1055
10.171
10.2312
10.2843
10.3315
10.3707
10.403
10.4261
10.4413
10.4459
10.4413
10.4254
10.4005
10.3663
10.3274
10.2843
10.2367
10.1768
10.0959
9.98849
9.85629
9.70401
9.53025
9.32767
9.08151
8.78132
8.42421
8.01614
7.56295
7.0801
6.58869
6.09945
5.60836
5.11283
4.62176
4.13374
3.74496
3.44452
3.13701
2.81302
2.49436
2.17388
1.8947
1.5638
1.42856
0.933345
1.38067
-0.142125
2.90787
5.98412
5.7859
5.58899
5.39326
5.19872
5.0058
4.81412
4.62419
4.43563
4.24909
4.06403
3.88112
3.69982
3.52089
3.34374
3.16919
2.99657
2.82673
2.65902
2.4944
2.33207
2.17302
2.01641
1.86332
1.71281
1.56602
1.42186
1.28165
1.14417
1.01082
0.880267
0.754041
0.630793
0.512079
0.396478
0.285725
0.178384
0.0761809
-0.0222937
-0.115258
-0.204142
-0.287087
-0.365501
-0.437597
-0.504674
-0.565
-0.619733
-0.667311
-0.708815
-0.742804
-0.770228
-0.789864
-0.802607
-0.807478
-0.805191
-0.795029
-0.777635
-0.752474
-0.720174
-0.680533
-0.634415
-0.581926
-0.523559
-0.460743
-0.395362
-0.325278
-0.249237
-0.201426
-0.167032
-0.124033
-0.0789006
-0.0305399
0.0188914
0.0622352
0.105556
0.153422
0.149623
0.129392
0.359789
-0.142716
4.9527
5.14192
5.31516
5.46191
5.60095
5.74319
5.8876
6.0299
6.16898
6.30557
6.44044
6.57346
6.7041
6.83213
6.95742
7.08024
7.20015
7.3172
7.43094
7.5417
7.64883
7.75271
7.8527
7.94932
8.04165
8.13028
8.21412
8.29388
8.36835
8.4384
8.50266
8.5622
8.61542
8.66356
8.7049
8.74063
8.7689
8.791
8.80493
8.81206
8.8103
8.80107
8.78244
8.7561
8.72084
8.67934
8.63141
8.57898
8.52015
8.45188
8.36784
8.26506
8.14563
8.01417
7.87195
7.71164
7.52044
7.28286
6.99122
6.64501
6.25221
5.8307
5.4038
4.98101
4.55739
4.13335
3.70559
3.36419
3.10317
2.83347
2.54347
2.25659
1.96524
1.71102
1.40693
1.28584
0.822135
1.26403
-0.21268
2.81015
4.76302
4.57464
4.38745
4.20187
4.01749
3.83513
3.65406
3.47517
3.29778
3.12282
2.94949
2.77879
2.60992
2.44391
2.27996
2.1191
1.96049
1.80523
1.65248
1.50339
1.35703
1.21463
1.07521
0.940053
0.808158
0.68079
0.556842
0.437749
0.322293
0.211883
0.105229
0.00381284
-0.0936457
-0.185723
-0.27376
-0.356182
-0.434367
-0.506784
-0.574754
-0.636734
-0.694103
-0.745272
-0.791581
-0.831515
-0.866407
-0.894803
-0.917899
-0.934429
-0.945526
-0.950137
-0.949279
-0.942141
-0.929578
-0.911107
-0.887356
-0.858075
-0.823742
-0.78424
-0.739956
-0.690994
-0.637975
-0.580979
-0.52052
-0.457405
-0.393719
-0.326374
-0.255232
-0.21182
-0.182248
-0.144078
-0.105183
-0.0618517
-0.0197253
0.020646
0.0599983
0.105871
0.0947331
0.0884508
0.308195
-0.179576
3.87902
4.0591
4.22411
4.3635
4.49406
4.62699
4.76187
4.89489
5.02415
5.15042
5.27434
5.39636
5.51569
5.63254
5.74636
5.85766
5.96564
6.07083
6.17233
6.27076
6.36513
6.45621
6.54299
6.62619
6.70476
6.77949
6.8491
6.91446
6.97434
7.02959
7.07896
7.12333
7.16147
7.19433
7.22066
7.24131
7.25504
7.26278
7.26328
7.25749
7.24417
7.22422
7.19646
7.16189
7.1195
7.07049
7.01429
6.9525
6.88563
6.81501
6.73965
6.65762
6.5666
6.46713
6.36305
6.25587
6.14316
6.01434
5.85511
5.64871
5.38442
5.0611
4.69552
4.31014
3.91633
3.52143
3.12529
2.819
2.59361
2.36459
2.11984
1.87694
1.63109
1.41782
1.15704
1.06782
0.645957
1.0954
-0.319502
2.63233
3.69922
3.52125
3.34456
3.16995
2.9966
2.82582
2.65639
2.4897
2.32457
2.16243
2.00203
1.84487
1.68972
1.53804
1.38861
1.24287
1.09962
0.960353
0.823863
0.691575
0.562317
0.437594
0.316264
0.199663
0.0867729
-0.0210718
-0.124936
-0.223482
-0.317747
-0.406482
-0.490754
-0.569306
-0.64319
-0.71123
-0.774507
-0.831782
-0.884205
-0.930557
-0.971999
-1.00724
-1.03757
-1.06169
-1.08088
-1.09388
-1.102
-1.10406
-1.10136
-1.09278
-1.07963
-1.0609
-1.03786
-1.00972
-0.977559
-0.940885
-0.900623
-0.856605
-0.809406
-0.75917
-0.70623
-0.651007
-0.593761
-0.534956
-0.474445
-0.413779
-0.353654
-0.29213
-0.22815
-0.192099
-0.168104
-0.137474
-0.104543
-0.0692457
-0.0318477
0.00122265
0.0381986
0.0759979
0.0647278
0.0602005
0.271465
-0.187975
2.44804
2.61368
2.76543
2.89305
3.01219
3.13265
3.25522
3.37591
3.49342
3.6075
3.71951
3.82912
3.93637
4.04064
4.14219
4.24063
4.33612
4.42844
4.51756
4.60328
4.68548
4.76415
4.83894
4.90993
4.97665
5.0394
5.09754
5.15155
5.20061
5.24532
5.28473
5.31958
5.34882
5.37331
5.39187
5.40552
5.41306
5.41544
5.41155
5.4025
5.38708
5.36636
5.33928
5.30695
5.26853
5.22505
5.17578
5.12193
5.06384
5.0028
4.94
4.87569
4.80941
4.73786
4.66098
4.578
4.48761
4.3817
4.25383
4.09653
3.9036
3.66585
3.38598
3.09064
2.81657
2.57418
2.33272
2.13738
1.98603
1.82361
1.63862
1.45075
1.25659
1.09065
0.879053
0.823934
0.452118
0.900182
-0.434052
2.34809
2.28389
2.12193
1.96166
1.80346
1.64699
1.49299
1.34084
1.19138
1.04403
0.899632
0.757572
0.61873
0.482533
0.349855
0.220088
0.0941277
-0.0286008
-0.14715
-0.262185
-0.372728
-0.479437
-0.581247
-0.67885
-0.771224
-0.859052
-0.94122
-1.0185
-1.08973
-1.15576
-1.2154
-1.26963
-1.31718
-1.35916
-1.39432
-1.42387
-1.44653
-1.46365
-1.47398
-1.4789
-1.47722
-1.47041
-1.45731
-1.43947
-1.4158
-1.38784
-1.35458
-1.31765
-1.27613
-1.23147
-1.183
-1.13201
-1.07821
-1.02248
-0.965005
-0.906117
-0.84652
-0.786004
-0.72559
-0.664666
-0.604426
-0.544244
-0.485031
-0.426041
-0.368744
-0.313614
-0.25774
-0.201591
-0.17233
-0.153932
-0.127601
-0.102074
-0.0715704
-0.0435138
-0.0165518
0.00998025
0.04633
0.0274811
0.0318761
0.231099
-0.169472
2.2326
2.3794
2.51024
2.61749
2.71502
2.81274
2.9109
3.00712
3.09907
3.18734
3.27233
3.35476
3.43386
3.50973
3.58171
3.65025
3.71482
3.7759
3.83273
3.88575
3.93426
3.97872
4.01827
4.05349
4.08346
4.10892
4.129
4.14441
4.1543
4.15945
4.15889
4.15344
4.14225
4.12605
4.10409
4.07715
4.04453
4.0069
3.96377
3.91576
3.86254
3.80466
3.74168
3.67398
3.60144
3.52417
3.4418
3.35452
3.26267
3.16715
3.07055
2.97677
2.89322
2.82808
2.79462
2.81098
2.90504
3.08936
3.34018
3.57928
3.70105
3.60899
3.27109
2.74247
2.15526
1.65413
1.30601
1.10972
1.00456
0.91961
0.816952
0.711093
0.604824
0.526578
0.402127
0.414323
0.134582
0.557254
-0.535882
1.67946
2.08993
1.95027
1.81253
1.67794
1.54512
1.41578
1.28823
1.1645
1.04277
0.925022
0.809493
0.698194
0.589392
0.484989
0.383314
0.286251
0.19215
0.102833
0.0166451
-0.0645796
-0.142523
-0.215487
-0.284981
-0.349375
-0.410214
-0.465959
-0.518031
-0.565002
-0.608221
-0.646377
-0.680826
-0.7103
-0.73611
-0.757084
-0.774543
-0.787405
-0.796925
-0.802072
-0.80407
-0.801998
-0.797046
-0.788328
-0.776932
-0.762099
-0.744838
-0.724608
-0.70213
-0.677161
-0.650143
-0.62126
-0.590431
-0.558505
-0.52472
-0.490571
-0.454807
-0.41938
-0.382631
-0.346649
-0.309789
-0.273985
-0.237791
-0.202783
-0.167618
-0.134552
-0.103097
-0.0720581
-0.0402224
-0.030457
-0.0279535
-0.0226749
-0.0134447
-0.00189529
0.0145201
0.0297624
0.054449
0.0848052
0.0731508
0.0644045
0.224833
-0.0830347
-0.936168
-0.854842
-0.775614
-0.706522
-0.645648
-0.587689
-0.528298
-0.46847
-0.409584
-0.353028
-0.297701
-0.243727
-0.190545
-0.139037
-0.0888065
-0.0403605
0.00684895
0.052256
0.0962629
0.138231
0.178732
0.217167
0.254097
0.288951
0.322316
0.353629
0.383561
0.411427
0.437992
0.462633
0.48597
0.507326
0.527495
0.545699
0.562827
0.577997
0.592129
0.604325
0.615725
0.625119
0.634031
0.641251
0.648569
0.654582
0.661967
0.6698
0.681788
0.697962
0.723626
0.759533
0.811276
0.877764
0.959461
1.04413
1.11115
1.11153
0.979289
0.647687
0.107157
-0.569688
-1.21918
-1.63315
-1.63206
-1.18782
-0.48355
0.168562
0.541648
0.627415
0.614874
0.578946
0.525111
0.467028
0.40277
0.352553
0.268001
0.274361
0.0931786
0.33339
-0.33102
0.845706
-1.02125
-1.1055
-1.18898
-1.27138
-1.35246
-1.43217
-1.51012
-1.58627
-1.66039
-1.73244
-1.80203
-1.86913
-1.9334
-1.99486
-2.05303
-2.10793
-2.15909
-2.20654
-2.24981
-2.28883
-2.32328
-2.35301
-2.3777
-2.39712
-2.41116
-2.41941
-2.42196
-2.41827
-2.40853
-2.3922
-2.36971
-2.3404
-2.30487
-2.26255
-2.21419
-2.15938
-2.09888
-2.03265
-1.96131
-1.88533
-1.80508
-1.72156
-1.63479
-1.54639
-1.45592
-1.36564
-1.27458
-1.18541
-1.09669
-1.01127
-0.927481
-0.848357
-0.771577
-0.700441
-0.632042
-0.569944
-0.51066
-0.457812
-0.407763
-0.36375
-0.322517
-0.286186
-0.251998
-0.221357
-0.192322
-0.1618
-0.130524
-0.118758
-0.110798
-0.0946539
-0.0796512
-0.065233
-0.0566898
-0.0556006
-0.0574574
-0.0537383
-0.0615074
-0.0571745
0.0325814
-0.0456575
)
;

boundaryField
{
    inlet
    {
        type            freestreamPressure;
        freestreamValue uniform 0;
        value           nonuniform List<scalar> 
134
(
6.29279
5.89854
5.35343
4.70743
4.039
3.32374
2.61184
1.92771
1.26038
0.466582
0.0843564
0.143388
0.210029
0.244898
0.263215
0.273343
0.278495
0.281169
0.283843
0.290011
6.56792
0.302678
0.325001
0.355173
0.388485
0.412529
0.424616
0.453223
0.460238
0.482863
0.604934
0.552991
0.574648
0.615021
0.651654
0.685154
0.727019
0.790878
0.900631
1.0306
6.71741
6.73546
6.52574
6.05485
5.24655
4.01273
2.29012
1.18881
1.16716
1.13017
1.12127
1.1275
1.13298
1.13414
1.13662
1.1408
1.14761
1.15405
1.16121
1.16729
1.1733
1.17696
1.1782
1.17399
1.16319
1.14348
1.14623
1.14792
1.13768
1.11418
1.07635
1.00797
0.898984
0.643066
0.323752
0.983195
1.79602
2.5029
3.04408
3.47006
3.80663
4.04277
4.17429
4.22927
4.2165
4.15784
4.06593
3.95528
3.83115
3.70343
3.5904
3.5086
3.43096
3.33579
3.22385
3.10287
2.97542
2.84215
2.70312
2.55832
2.40883
2.25469
2.09592
1.9382
1.78196
1.69001
1.65102
1.59178
1.49991
1.39723
1.30284
1.21325
1.12495
1.03111
0.939083
0.845039
0.755645
0.664177
0.577872
0.490429
0.409336
0.32858
0.25497
0.183034
0.115867
0.0473872
-0.00991038
-0.0545038
-0.0870621
-0.109464
-0.114542
-0.103244
-0.0505985
-0.0278053
)
;
    }
    outlet
    {
        type            freestreamPressure;
        freestreamValue uniform 0;
        value           nonuniform List<scalar> 
160
(
-0.0154379
-0.0167723
-0.0141431
-0.0180832
-0.0128749
-0.0193718
-0.0117649
-0.0206325
-0.0107863
-0.0218615
-0.00985136
-0.0230582
-0.0088864
-0.0242167
-0.00790782
-0.0253364
-0.00693934
-0.0264143
-0.00600496
-0.0274498
-0.00508645
-0.0284375
-0.00418616
-0.0293773
-0.00329483
-0.0302644
-0.00242771
-0.0310995
-0.00157841
-0.0318761
-0.000755861
-0.0325951
4.90081e-05
-0.0332497
0.000826239
-0.0338416
0.00158245
-0.0343639
0.00230636
-0.0348165
0.00300755
-0.0351957
0.00367536
-0.0354997
0.00431926
-0.0357248
0.00492902
-0.0358687
0.00551461
-0.0359305
0.00606598
-0.0359051
0.00659455
-0.0357949
0.00708821
-0.0355929
0.00756007
-0.0353031
0.00799904
-0.0349187
0.00841583
-0.0344472
0.00879842
-0.0338799
0.0091606
-0.0332267
0.00948858
-0.0324807
0.00979793
-0.0316538
0.010073
-0.0307413
0.0103299
-0.029755
0.0105529
-0.0286954
0.0107619
-0.0275722
0.0109356
-0.0263931
0.011101
-0.0251638
0.0112365
-0.0238995
0.0113738
-0.0226003
0.0114881
-0.0212898
0.0116264
-0.0199614
0.0117723
-0.018647
0.0119909
-0.0173329
0.0122823
-0.0160555
0.0127398
-0.0147945
0.013376
-0.0135886
0.0142899
-0.012414
0.0154628
-0.0113115
0.0169061
-0.0102487
0.0184103
-0.00926917
0.0196225
-0.00833317
0.0196835
-0.00748725
0.0174005
-0.00668438
0.0115082
-0.00597146
0.00176348
-0.00530002
-0.0104707
-0.00471161
-0.0220527
-0.00416321
-0.0291309
-0.00368173
-0.0286652
-0.00323114
-0.0205254
-0.002829
-0.00822672
-0.00245013
0.00280368
-0.0020552
0.00892021
-0.00165407
0.0102324
-0.0015011
0.00993596
-0.00139598
0.00925433
-0.0011899
0.0082963
-0.000998934
0.0072922
-0.00081639
0.00621311
-0.000707412
0.0053787
-0.000690631
0.00403717
-0.000709746
0.00410243
-0.000660987
0.00136931
-0.000752587
0.00493672
-0.000694553
-0.00465984
0.000388532
0.0128729
-0.000561219
)
;
    }
    walls
    {
        type            zeroGradient;
    }
    frontAndBack
    {
        type            empty;
    }
}


// ************************************************************************* //
