/*--------------------------------*- C++ -*----------------------------------*\
| =========                 |                                                 |
| \\      /  F ield         | OpenFOAM: The Open Source CFD Toolbox           |
|  \\    /   O peration     | Version:  2412                                  |
|   \\  /    A nd           | Website:  www.openfoam.com                      |
|    \\/     M anipulation  |                                                 |
\*---------------------------------------------------------------------------*/
FoamFile
{
    version     2.0;
    format      ascii;
    arch        "LSB;label=32;scalar=64";
    class       volScalarField;
    location    "450";
    object      p;
}
// * * * * * * * * * * * * * * * * * * * * * * * * * * * * * * * * * * * * * //

dimensions      [0 2 -2 0 0 0 0];

internalField   nonuniform List<scalar> 
10720
(
95.0526
45.1093
-13.1401
-69.7902
-120.893
-171.035
-212.575
-243.252
-264.373
-273.96
-273.501
-262.945
-241.974
-213.387
-186.103
-174.399
-186.447
-199.238
-200.994
-198.954
-198.218
-197.821
-198.093
-199.146
-201.049
-202.66
-202.766
-201.464
-200.202
-200.372
-202.424
-205.573
-209.234
-212.994
-216.237
-219.218
-218.926
-173.403
-209.683
145.029
190.643
238.619
282.783
319.341
344.515
355.466
356.181
347.768
329.064
305.459
281.038
256.929
233.732
212.088
191.629
172.267
153.496
135.019
116.288
97.2248
77.4584
57.0467
36.3885
17.5012
1.53892
-12.6707
-25.4727
-36.6896
-46.3965
-54.9409
-62.6135
-69.7201
-76.6196
-83.8361
-92.0476
-102.229
-115.807
-138.677
160.388
122.869
81.1202
37.3747
-6.55434
-50.0506
-90.2194
-125.278
-154.711
-176.713
-189.501
-192.223
-185.782
-173.194
-162.334
-165.27
-186.29
-198.63
-199.317
-198.275
-197.725
-197.386
-197.667
-198.72
-200.687
-202.396
-202.562
-201.257
-199.974
-200.143
-202.21
-205.379
-209.054
-212.828
-216.114
-219.05
-219.259
-175.158
-213.374
194.334
226.784
259.109
289.96
316.39
335.962
346.343
347.816
340.516
325.438
305.891
284.461
262.327
240.249
218.882
198.311
178.528
159.277
140.315
121.261
101.973
82.1904
61.9578
41.6884
22.9659
6.8102
-7.535
-20.5447
-32.2979
-42.7338
-51.951
-60.1675
-67.7022
-74.9363
-82.4009
-90.778
-101.031
-114.609
-136.853
166.548
132.964
95.3811
54.4544
12.8961
-28.456
-68.085
-103.746
-133.808
-156.715
-171.389
-178.404
-178.431
-173.317
-167.089
-166.994
-179.644
-191.974
-197.498
-197.012
-197.026
-196.964
-197.283
-198.34
-200.37
-202.203
-202.45
-201.118
-199.775
-199.92
-202.003
-205.203
-208.9
-212.69
-216.051
-218.841
-219.447
-176.752
-217.242
196.966
226.472
255.728
283.164
306.211
323.328
333.133
335.444
330.186
318.23
301.604
282.279
261.591
240.453
219.562
199.221
179.497
160.266
141.323
122.371
103.225
83.6908
63.7919
43.8951
25.2413
8.81843
-5.7886
-18.9914
-30.8443
-41.2986
-50.5083
-58.756
-66.3753
-73.7262
-81.3041
-89.7625
-100.035
-113.554
-134.91
177.186
149.209
117.474
83.0544
47.6717
11.6902
-23.3847
-55.9815
-84.8182
-108.761
-127.157
-140.009
-147.578
-151.034
-153.051
-157.476
-167.647
-179.471
-188.957
-193.605
-195.992
-196.144
-196.76
-197.941
-200.047
-202.02
-202.372
-201.006
-199.575
-199.682
-201.783
-205.024
-208.751
-212.557
-216.025
-218.693
-219.731
-178.395
-220.63
202.389
226.614
250.892
274.096
293.874
309.014
318.332
321.323
317.798
308.442
294.665
277.981
259.538
240.192
220.597
201.126
181.933
163.013
144.243
125.422
106.394
87.0317
67.3648
47.7331
29.1514
12.5428
-2.28745
-15.7169
-27.8307
-38.6111
-48.1949
-56.8192
-64.7713
-72.3903
-80.1603
-88.7305
-99.0191
-112.432
-132.903
177.474
152.724
124.504
93.6609
61.8286
28.9879
-3.61602
-34.6005
-62.9849
-87.7368
-108.032
-123.302
-133.637
-139.805
-144.004
-149.427
-158.706
-169.481
-178.277
-185.405
-192.046
-194.914
-195.91
-197.377
-199.68
-201.84
-202.314
-200.905
-199.358
-199.415
-201.543
-204.837
-208.601
-212.419
-216.009
-218.583
-220.12
-180.221
-223.55
199.812
221.159
242.619
263.146
280.687
294.385
303.284
306.774
304.64
297.424
286.104
271.816
255.484
237.869
219.591
201.053
182.487
163.979
145.492
126.909
108.113
89.0216
69.6715
50.3708
31.9478
15.2359
0.212271
-13.4291
-25.7683
-36.7813
-46.5762
-55.3731
-63.4596
-71.1847
-79.0302
-87.6363
-97.8915
-111.162
-130.759
176.14
154.356
129.387
102.111
73.9386
44.6063
15.2377
-13.0673
-39.5697
-63.3739
-83.7606
-100.465
-113.545
-123.5
-131.614
-139.824
-149.954
-160.827
-169.658
-176.652
-184.476
-191.391
-194.753
-196.599
-199.182
-201.633
-202.259
-200.801
-199.118
-199.115
-201.281
-204.644
-208.453
-212.281
-216.001
-218.506
-220.582
-182.236
-226.047
195.808
214.536
233.51
251.796
267.521
280.052
288.559
292.375
291.302
285.776
276.51
264.372
250.086
234.292
217.54
200.213
182.566
164.741
146.769
128.597
110.159
91.4113
72.4076
53.4346
35.1896
18.4234
3.24192
-10.5779
-23.1118
-34.3408
-44.3623
-53.3875
-61.6963
-69.6284
-77.6454
-86.3665
-96.6441
-109.792
-128.56
172.438
152.897
130.429
105.848
80.486
53.8853
27.0202
0.831398
-24.1626
-47.2045
-67.7077
-85.3494
-99.9821
-111.81
-121.75
-131.203
-141.503
-152.326
-161.879
-169.388
-176.675
-184.983
-192.014
-195.643
-198.504
-201.299
-202.161
-200.668
-198.834
-198.772
-200.996
-204.448
-208.31
-212.144
-216
-218.46
-221.098
-184.413
-228.124
190.096
206.852
223.918
240.438
254.71
266.286
274.413
278.414
278.149
273.956
266.38
256.097
243.669
229.608
214.382
198.326
181.693
164.659
147.301
129.624
111.612
93.2608
74.6399
56.0186
37.9921
21.2364
5.9455
-8.02342
-20.7353
-32.1733
-42.4182
-51.6632
-60.1729
-68.2754
-76.4171
-85.2004
-95.4439
-108.408
-126.319
167.782
150.145
129.814
107.574
84.671
60.5303
36.026
11.9577
-11.3153
-33.1623
-53.091
-70.8141
-86.2585
-99.5413
-111.166
-122.008
-132.928
-143.948
-154.129
-162.673
-170.111
-177.932
-186.854
-193.699
-197.675
-200.75
-201.914
-200.463
-198.493
-198.38
-200.686
-204.249
-208.177
-212.012
-216.005
-218.449
-221.657
-186.727
-229.798
183.741
198.847
214.319
229.368
242.43
253.191
260.945
265.033
265.369
262.218
256.015
247.307
236.527
224.08
210.35
195.61
180.093
163.979
147.373
130.32
112.842
94.9705
76.7902
58.5551
40.7906
24.1068
8.75682
-5.32608
-18.1883
-29.8117
-40.2609
-49.7112
-58.414
-66.6875
-74.9628
-83.8238
-94.049
-106.836
-123.925
162.445
146.381
127.831
107.538
86.6843
64.627
42.1395
19.9223
-1.79499
-22.4824
-41.74
-59.3519
-75.1668
-89.227
-101.788
-113.453
-124.839
-136.05
-146.56
-155.927
-164.154
-171.808
-180.536
-189.81
-196.219
-199.972
-201.406
-200.097
-198.059
-197.923
-200.349
-204.052
-208.056
-211.887
-216.014
-218.466
-222.247
-189.15
-231.025
176.995
190.741
204.887
218.699
230.735
240.785
248.176
252.283
253.058
250.72
245.631
238.242
228.898
217.913
205.592
192.15
177.782
162.656
146.883
130.535
113.666
96.3331
78.6357
60.8179
43.3522
26.7938
11.4326
-2.7301
-15.7175
-27.5074
-38.1493
-47.7994
-56.6935
-65.1374
-73.5439
-82.4748
-92.6654
-105.243
-121.513
156.777
142.055
125.033
106.416
87.3267
67.0831
46.387
25.8543
5.61946
-13.8676
-32.2887
-49.4749
-65.2706
-79.7112
-92.9084
-105.215
-117.045
-128.516
-139.308
-149.177
-158.21
-166.372
-174.603
-184.301
-193.259
-198.677
-200.573
-199.473
-197.488
-197.392
-199.977
-203.854
-207.95
-211.772
-216.027
-218.51
-222.855
-191.649
-231.761
170.128
182.718
195.733
208.484
219.634
229.049
236.094
240.169
241.258
239.554
235.364
229.074
220.964
211.28
200.262
188.068
174.851
160.754
145.881
130.317
114.132
97.4034
80.2424
62.8834
45.7605
29.3851
14.0675
-0.133629
-13.2138
-25.1446
-35.9596
-45.7951
-54.8699
-63.4753
-72.0055
-80.9991
-91.1461
-103.499
-118.966
150.946
137.377
121.668
104.493
86.9242
68.2541
49.1247
30.0845
11.205
-7.13574
-24.6854
-41.3224
-56.8977
-71.4104
-84.9026
-97.5614
-109.667
-121.339
-132.387
-142.607
-152.161
-161.035
-169.337
-178.441
-188.52
-196.23
-199.263
-198.516
-196.716
-196.757
-199.567
-203.657
-207.861
-211.671
-216.042
-218.573
-223.462
-194.186
-232.038
163.265
174.865
186.905
198.737
209.112
217.955
224.663
228.67
229.979
228.768
225.302
219.926
212.871
204.331
194.496
183.475
171.378
158.317
144.382
129.653
114.21
98.1411
81.562
64.6983
47.9587
31.8179
16.595
2.39617
-10.7455
-22.792
-33.7615
-43.7695
-53.0164
-61.7779
-70.4277
-79.4792
-89.5741
-101.684
-116.365
145.076
132.51
117.948
102.03
85.7844
68.4926
50.7484
33.0478
15.4095
-1.83964
-18.5009
-34.4928
-49.6799
-64.0468
-77.6132
-90.4433
-102.717
-114.529
-125.78
-136.297
-146.164
-155.562
-164.334
-173.056
-182.802
-192.147
-197.107
-197.156
-195.704
-196
-199.107
-203.455
-207.787
-211.582
-216.059
-218.656
-224.052
-196.722
-231.917
156.5
167.239
178.427
189.449
199.141
207.46
213.841
217.757
219.214
218.384
215.504
210.884
204.725
197.184
188.41
178.472
167.444
155.405
142.421
128.562
113.908
98.5478
82.5944
66.2663
49.9516
34.0967
19.0219
4.86964
-8.29748
-20.4302
-31.5308
-41.694
-51.1003
-60.008
-68.7692
-77.8697
-87.9013
-99.7507
-113.661
139.246
127.558
114.004
99.1898
84.1033
68.0258
51.5083
35.0056
18.4974
2.26635
-13.5259
-28.8337
-43.5383
-57.6145
-71.0763
-83.9146
-96.2379
-108.111
-119.482
-130.231
-140.347
-150.027
-159.273
-168.083
-177.143
-186.721
-193.686
-195.254
-194.417
-195.102
-198.586
-203.246
-207.726
-211.504
-216.072
-218.749
-224.6
-199.21
-231.452
149.88
159.867
170.301
180.603
189.686
197.525
203.592
207.395
208.946
208.408
206.002
202.009
196.609
189.934
182.102
173.153
163.128
152.076
140.039
127.067
113.231
98.6151
83.3256
67.5707
51.7207
36.1993
21.3234
7.26252
-5.89363
-18.0819
-29.2892
-39.5891
-49.1413
-58.1849
-67.0492
-76.1907
-86.1489
-97.7228
-110.883
133.505
122.594
109.933
96.0957
82.0341
67.0327
51.6069
36.1801
20.6995
5.41589
-9.53945
-24.1486
-38.3102
-51.9989
-65.2277
-77.9548
-90.2276
-102.09
-113.505
-124.397
-134.723
-144.579
-154.095
-163.196
-171.955
-180.88
-188.949
-192.589
-192.864
-194.073
-197.994
-203.013
-207.671
-211.433
-216.079
-218.851
-225.096
-201.608
-230.698
143.439
152.76
162.523
172.18
180.713
188.109
193.874
197.552
199.154
198.84
196.815
193.341
188.584
182.656
175.655
167.6
158.504
148.393
137.28
125.195
112.194
98.3478
83.7541
68.6064
53.2587
38.1162
23.489
9.56521
-3.54093
-15.7516
-27.0381
-37.4533
-47.1349
-56.3017
-65.2586
-74.4305
-84.3043
-95.5887
-108.018
127.885
117.668
105.803
92.8369
79.686
65.6438
51.1954
36.735
22.1907
7.78596
-6.3734
-20.2906
-33.8805
-47.1243
-60.029
-72.5486
-84.685
-96.4649
-107.859
-118.81
-129.277
-139.277
-148.911
-158.22
-167.047
-175.389
-183.418
-188.952
-190.955
-192.932
-197.332
-202.745
-207.607
-211.363
-216.067
-218.946
-225.525
-203.86
-229.691
137.195
145.92
155.082
164.157
172.189
179.174
184.651
188.194
189.814
189.669
187.95
184.907
180.693
175.41
169.14
161.886
153.644
144.414
134.189
122.976
110.812
97.7534
83.8802
69.3681
54.5563
39.8348
25.5034
11.7623
-1.254
-13.4525
-24.789
-35.296
-45.0889
-54.3645
-63.4022
-72.5936
-82.3719
-93.3543
-105.075
122.408
112.814
101.664
89.4794
77.1434
63.961
50.3915
36.8048
23.1137
9.52135
-3.88753
-17.1318
-30.1405
-42.9026
-55.4227
-67.6634
-79.5953
-91.2298
-102.543
-113.485
-124.013
-134.116
-143.82
-153.19
-162.162
-170.373
-177.884
-184.427
-188.508
-191.677
-196.603
-202.419
-207.513
-211.277
-216.028
-219.025
-225.884
-205.929
-228.474
131.157
139.346
147.964
156.51
164.085
170.687
175.889
179.29
180.903
180.883
179.412
176.725
172.971
168.242
162.612
156.073
148.607
140.195
130.813
120.447
109.111
96.8442
83.7065
69.8541
55.6097
41.3469
27.3556
13.8415
0.955722
-11.1944
-22.5497
-33.1227
-43.0063
-52.3741
-61.4789
-70.6775
-80.3488
-91.0187
-102.053
117.087
108.055
97.5506
86.0724
74.4685
62.0622
49.2859
36.4908
23.5794
10.7357
-1.9686
-14.565
-26.9961
-39.2586
-51.3574
-63.2671
-74.9403
-86.3766
-97.5538
-108.426
-118.946
-129.091
-138.843
-148.207
-157.218
-165.571
-172.838
-179.473
-185.314
-190.158
-195.801
-202.011
-207.362
-211.159
-215.941
-219.063
-226.156
-207.791
-227.072
125.328
133.034
141.156
149.218
156.372
162.618
167.556
170.812
172.398
172.468
171.195
168.804
165.44
161.189
156.118
150.213
143.448
135.791
127.2
117.645
107.119
95.6381
83.2432
70.0673
56.4148
42.6449
29.0345
15.7904
3.07575
-8.98894
-20.3302
-30.9415
-40.8932
-50.3349
-59.4916
-68.6837
-78.2365
-88.5851
-98.9587
111.93
103.407
93.4907
82.6517
71.7118
60.007
47.9509
35.8759
23.6777
11.5262
-0.518122
-12.4977
-24.3643
-36.1235
-47.7817
-59.3228
-70.6966
-81.8906
-92.8839
-103.634
-114.09
-124.216
-133.976
-143.324
-152.282
-160.772
-168.211
-174.675
-181.404
-188.106
-194.825
-201.482
-207.104
-210.977
-215.79
-219.037
-226.329
-209.429
-225.508
119.708
126.974
134.643
142.261
149.026
154.937
159.624
162.733
164.278
164.409
163.295
161.15
158.117
154.277
149.693
144.35
138.215
131.248
123.395
114.608
104.863
94.1554
82.5026
70.0133
56.9727
43.7244
30.5317
17.5982
5.0947
-6.84692
-18.1401
-28.7601
-38.7552
-48.2504
-57.4419
-66.6131
-76.0353
-86.056
-95.7945
106.939
98.8818
89.5014
79.2466
68.9089
57.844
46.4437
35.0264
23.4825
11.9708
0.542276
-10.8522
-22.1738
-33.4336
-44.6434
-55.7923
-66.8365
-77.7537
-88.5235
-99.1074
-109.451
-119.505
-129.224
-138.544
-147.435
-155.943
-163.703
-170.297
-177.131
-185.246
-193.433
-200.75
-206.678
-210.684
-215.55
-218.91
-226.379
-210.811
-223.805
114.294
121.158
128.411
135.619
142.021
147.621
152.067
155.029
156.52
156.692
155.703
153.763
151.011
147.525
143.368
138.522
132.951
126.611
119.439
111.374
102.375
92.4185
81.4985
69.7001
57.2866
44.5837
31.8407
19.2552
7.00175
-4.77944
-15.9895
-26.5871
-36.5991
-46.1254
-55.3333
-64.4677
-73.7477
-83.4354
-92.5661
102.116
94.4864
85.5976
75.8771
66.0908
55.6096
44.8098
33.995
23.0528
12.133
1.28019
-9.56167
-20.359
-31.13
-41.8914
-52.6355
-63.33
-73.9453
-84.4605
-94.8399
-105.03
-114.971
-124.605
-133.866
-142.702
-151.159
-159.152
-166.176
-172.95
-181.582
-191.28
-199.635
-206.003
-210.214
-215.178
-218.655
-226.288
-211.902
-222.022
109.082
115.577
122.448
129.275
135.339
140.644
144.861
147.677
149.107
149.301
148.412
146.643
144.129
140.951
137.165
132.757
127.691
121.919
115.371
107.979
99.6874
90.4537
80.2512
69.1409
57.3621
45.2227
32.9571
20.7537
8.78709
-2.79647
-13.8881
-24.4312
-34.4317
-43.9652
-53.1691
-62.2501
-71.3759
-80.7276
-89.2786
97.4612
90.225
81.7889
72.5603
63.2789
53.3345
43.0858
32.8247
22.438
12.0669
1.75061
-8.56997
-18.8679
-29.1652
-39.4833
-49.8185
-60.1502
-70.4442
-80.6793
-90.8239
-100.825
-110.616
-120.13
-129.297
-138.072
-146.477
-154.558
-162.041
-169.025
-177.47
-188.113
-197.846
-204.953
-209.497
-214.605
-218.232
-226.018
-212.647
-220.211
104.069
110.222
116.739
123.212
128.96
133.989
137.987
140.658
142.022
142.223
141.412
139.786
137.476
134.562
131.102
127.081
122.465
117.205
111.228
104.459
96.8313
88.2877
78.7818
68.3496
57.2072
45.6443
33.8786
22.0876
10.4422
-0.908035
-11.8459
-22.3012
-32.2607
-41.7757
-50.9542
-59.9641
-68.9238
-77.9384
-85.9389
92.9724
86.0999
78.082
69.3078
60.4925
51.0419
41.3015
31.5516
21.679
11.8172
2.00204
-7.82878
-17.6517
-27.4929
-37.3783
-47.3059
-57.2679
-67.2274
-77.1644
-87.0501
-96.8327
-106.443
-115.807
-124.848
-133.539
-141.902
-149.995
-157.782
-165.183
-173.349
-184.028
-195.061
-203.325
-208.44
-213.767
-217.59
-225.524
-212.987
-218.392
99.2477
105.086
111.272
117.416
122.867
127.635
131.424
133.955
135.247
135.445
134.695
133.187
131.052
128.368
125.193
121.514
117.299
112.5
107.042
100.846
93.8383
85.948
77.1117
67.3425
56.8337
45.8546
34.6059
23.2528
11.96
0.877292
-9.87205
-20.2061
-30.094
-39.5635
-48.6935
-57.614
-66.3957
-75.0737
-82.5535
88.6472
82.1122
74.4824
66.1298
57.7441
48.7514
39.4813
30.2042
20.8081
11.421
2.07403
-7.29531
-16.6675
-26.0717
-35.5368
-45.0644
-54.6542
-64.2723
-73.8986
-83.5068
-93.0472
-102.45
-111.637
-120.528
-129.104
-137.415
-145.5
-153.425
-161.211
-169.361
-179.47
-191.138
-200.845
-206.911
-212.591
-216.664
-224.721
-212.85
-216.547
94.6136
100.159
106.037
111.873
117.046
121.567
125.157
127.549
128.767
128.954
128.25
126.841
124.857
122.373
119.447
116.071
112.214
107.827
102.84
97.1707
90.738
83.4623
75.265
66.1393
56.2549
45.8611
35.1419
24.2473
13.3347
2.55167
-7.97552
-18.1552
-27.9398
-37.3357
-46.3933
-55.2053
-63.7976
-72.141
-79.1307
84.4826
78.2615
70.9931
63.0329
55.0465
46.478
37.6445
28.8068
19.8542
10.9087
2.00013
-6.93528
-15.8803
-24.8665
-33.9255
-43.0626
-52.2824
-61.5559
-70.863
-80.18
-89.4603
-98.6332
-107.621
-116.339
-124.774
-133.004
-141.071
-149.041
-157.05
-165.354
-174.89
-186.299
-197.257
-204.7
-210.981
-215.382
-223.502
-212.188
-214.622
90.1612
95.4336
101.024
106.571
111.483
115.77
119.169
121.427
122.57
122.738
122.069
120.744
118.889
116.579
113.873
110.765
107.226
103.211
98.6494
93.4599
87.5583
80.8574
73.2665
64.7601
55.4864
45.6742
35.4907
25.0718
14.5634
4.10853
-6.16414
-16.1562
-25.8067
-35.1002
-44.0601
-52.7441
-61.1355
-69.1477
-75.6782
80.4753
74.5475
67.6166
60.0223
52.4075
44.2349
35.8081
27.3792
18.8402
10.3077
1.81003
-6.71653
-15.2574
-23.8454
-32.5137
-41.2711
-50.1256
-59.0552
-68.0391
-77.0555
-86.0615
-94.9875
-103.756
-112.281
-120.552
-128.667
-136.691
-144.662
-152.742
-161.17
-170.404
-181.062
-192.524
-201.544
-208.787
-213.655
-221.757
-210.995
-212.454
85.8849
90.9024
96.2231
101.498
106.164
110.229
113.447
115.575
116.643
116.787
116.144
114.888
113.145
110.989
108.477
105.606
102.35
98.6676
94.4905
89.7383
84.3252
78.1587
71.1391
63.2255
54.5444
45.3061
35.6603
25.728
15.6434
5.54345
-4.44533
-14.2183
-23.7028
-32.8647
-41.7019
-50.2377
-58.4175
-66.1032
-72.2053
76.6216
70.9686
64.3539
57.1019
49.8346
42.0312
33.9844
25.9382
17.7857
9.64019
1.52814
-6.61307
-14.7711
-22.9799
-31.2734
-39.663
-48.1596
-56.7488
-65.4082
-74.1185
-82.8402
-91.5059
-100.037
-108.351
-116.437
-124.408
-132.349
-140.289
-148.352
-156.784
-165.868
-175.848
-186.96
-197.22
-205.778
-211.357
-219.389
-209.246
-209.83
81.7795
86.5577
91.6251
96.6442
101.077
104.932
107.977
109.98
110.972
111.09
110.464
109.267
107.621
105.6
103.259
100.6
97.597
94.2129
90.3827
86.0278
81.0624
75.3905
68.9064
61.5557
53.4469
44.7704
35.6596
26.2205
16.5754
6.85229
-2.82474
-12.3485
-21.6363
-30.6375
-39.3263
-47.6941
-55.6514
-63.0163
-68.7204
72.9184
67.5231
61.2054
54.2747
47.3328
39.8759
32.1852
24.4969
16.7073
8.92525
1.17584
-6.60189
-14.3976
-22.2449
-30.1797
-38.2142
-46.3623
-54.6153
-62.9518
-71.3535
-79.7839
-88.1781
-96.4591
-104.544
-112.427
-120.227
-128.045
-135.912
-143.909
-152.243
-161.165
-170.717
-181.082
-191.749
-201.67
-208.282
-216.276
-206.82
-206.61
77.8391
82.3929
87.2216
91.9997
96.2125
99.8684
102.748
104.63
105.549
105.637
105.023
103.876
102.315
100.412
98.2242
95.7524
92.9765
89.8601
86.3426
82.3478
77.7913
72.5762
66.5916
59.7737
52.2129
44.0821
35.499
26.5558
17.3611
8.03353
-1.30779
-10.5539
-19.6155
-28.4276
-36.9421
-45.1226
-52.8472
-59.8975
-65.234
69.3615
64.209
58.1706
51.5426
44.9066
37.7749
30.4191
23.0674
15.6187
8.1786
0.77118
-6.66358
-14.1154
-21.6191
-29.2099
-36.9024
-44.7122
-52.6358
-60.652
-68.7446
-76.8797
-84.9945
-93.0142
-100.855
-108.516
-116.123
-123.783
-131.53
-139.421
-147.6
-156.289
-165.52
-175.244
-185.488
-196.264
-204.141
-212.264
-203.569
-202.714
74.059
78.4016
83.0056
87.5554
91.5603
95.0277
97.7494
99.5151
100.361
100.419
99.8129
98.7079
97.2212
95.4236
93.3718
91.0683
88.4948
85.6192
82.3834
78.715
74.5312
69.7365
64.2167
57.8995
50.8608
43.257
35.1911
26.7415
18.0041
9.08687
0.103044
-8.84057
-17.6482
-26.2427
-34.5585
-42.5318
-50.0141
-56.7574
-61.7551
65.9475
61.0241
55.2491
48.9069
42.5587
35.7339
28.6937
21.6587
14.5317
7.414
0.329773
-6.78018
-13.9061
-21.0819
-28.3442
-35.7074
-43.1898
-50.7911
-58.4917
-66.276
-74.1133
-81.9437
-89.6928
-97.279
-104.702
-112.092
-119.562
-127.147
-134.888
-142.879
-151.284
-160.17
-169.44
-178.941
-189.654
-198.631
-207.131
-199.339
-198.025
70.4343
74.5777
78.9689
83.3031
87.111
90.3994
92.9709
94.625
95.4008
95.4267
94.825
93.7563
92.3355
90.632
88.7017
86.5489
84.1575
81.4982
78.5167
75.1439
71.3001
66.8907
61.801
55.9531
49.4094
42.3112
34.7489
26.7875
18.51
10.0138
1.40436
-7.21316
-15.7412
-24.0923
-32.1849
-39.9328
-47.1641
-53.6075
-58.2946
62.6727
57.9655
52.44
46.3679
40.292
33.7567
27.0147
20.2797
13.4564
6.64391
-0.134703
-6.93664
-13.7526
-20.6164
-27.564
-34.611
-41.7768
-49.0634
-56.4541
-63.9334
-71.4728
-79.0144
-86.4865
-93.8069
-100.977
-108.131
-115.385
-122.769
-130.317
-138.089
-146.187
-154.677
-163.532
-172.394
-182.289
-191.633
-200.623
-193.984
-192.357
66.9602
70.9149
75.1053
79.2351
82.8563
85.9749
88.4033
89.9505
90.6583
90.6525
90.0525
89.0153
87.6528
86.0341
84.2131
82.1959
79.9686
77.504
74.752
71.6469
68.1123
64.0559
59.3637
53.9537
47.8771
41.2621
34.1868
26.7043
18.8857
10.8174
2.59671
-5.67584
-13.9009
-21.9842
-29.8309
-37.3357
-44.3077
-50.4585
-54.8613
59.5334
55.0312
49.7418
43.926
38.1073
31.847
25.3874
18.9358
12.4008
5.87742
-0.610938
-7.12032
-13.6415
-20.2073
-26.8537
-33.5966
-40.4563
-47.4368
-54.5236
-61.7016
-68.944
-76.1949
-83.3842
-90.4309
-97.3355
-104.236
-111.25
-118.403
-125.717
-133.234
-141.012
-149.08
-157.468
-165.809
-174.691
-183.415
-192.571
-187.339
-185.546
63.632
67.4083
71.408
75.3444
78.7883
81.7455
84.0377
85.4834
86.1258
86.0886
85.4883
84.4787
83.1691
81.6264
79.9043
78.0095
75.9302
73.6416
71.097
68.2346
64.9814
61.248
56.9219
51.9192
46.2821
40.1263
33.5192
26.5037
19.1394
11.5019
3.67974
-4.23138
-12.1331
-19.9265
-27.5064
-34.7516
-41.4572
-47.3234
-51.4666
56.5259
52.2181
47.1531
41.5806
36.0066
30.0065
23.8154
17.6333
11.3714
5.12296
-1.08969
-7.32032
-13.5603
-19.8412
-26.1992
-32.6497
-39.2134
-45.896
-52.6856
-59.5669
-66.5141
-73.4737
-80.3766
-87.1427
-93.7722
-100.404
-107.156
-114.052
-121.101
-128.33
-135.768
-143.407
-151.277
-159.089
-167.09
-174.578
-183.105
-179.255
-177.504
60.4454
64.0526
67.8714
71.6236
74.8996
77.7037
79.8663
81.2153
81.795
81.7273
81.1259
80.1412
78.8791
77.4054
75.773
73.9895
72.044
69.915
67.5581
64.9158
61.9185
58.4803
54.4915
49.8668
44.6412
38.92
32.761
26.198
19.2802
12.0729
4.65618
-2.88098
-10.4424
-17.9263
-25.2202
-32.1914
-38.6243
-44.2131
-48.1193
53.6468
49.5238
44.6722
39.3314
33.9895
28.2378
22.302
16.3761
10.3748
4.38817
-1.5618
-7.52675
-13.498
-19.5068
-25.5877
-31.7568
-38.0343
-44.4273
-50.9268
-57.5162
-64.1713
-70.8398
-77.4541
-83.9347
-90.2809
-96.6312
-103.104
-109.719
-116.477
-123.388
-130.465
-137.671
-145.003
-152.228
-159.448
-165.666
-172.754
-169.742
-168.2
57.3959
60.8427
64.4892
68.0668
71.1832
73.8419
75.8817
77.1385
77.659
77.5619
76.9587
75.9961
74.7777
73.3674
71.8169
70.1345
68.311
66.3263
64.1401
61.6975
58.9333
55.7649
52.0858
47.8115
42.9706
37.6588
31.927
25.8
19.3183
12.5375
5.52864
-1.62568
-8.83289
-15.9908
-22.9825
-29.6667
-35.8213
-41.1402
-44.8303
50.8923
46.9451
42.2971
37.1771
32.057
26.5414
20.8494
15.1682
9.41552
3.67875
-2.02024
-7.73113
-13.4454
-19.1933
-25.0084
-30.9063
-36.9072
-43.0193
-49.2351
-55.5383
-61.904
-68.2825
-74.6071
-80.7985
-86.8556
-92.9149
-99.0932
-105.409
-111.854
-118.426
-125.119
-131.883
-138.678
-145.277
-151.729
-156.869
-162.221
-159.141
-157.641
54.4794
57.7735
61.2566
64.6679
67.6327
70.1535
72.0764
73.246
73.7103
73.5854
72.9803
72.0383
70.8601
69.5082
68.033
66.4431
64.7307
62.8778
60.8465
58.5858
56.0339
53.1118
49.7171
45.7668
41.2846
36.3583
31.0313
25.3227
19.2644
12.9031
6.30155
-0.464419
-7.30727
-14.126
-20.8013
-27.1873
-33.0598
-38.1159
-41.6078
48.2591
44.4797
40.0257
35.1169
30.2079
24.9187
19.4594
14.0119
8.49706
2.99947
-2.45935
-7.9269
-13.3949
-18.8922
-24.4514
-30.0879
-35.8211
-41.6603
-47.5994
-53.6213
-59.7018
-65.7921
-71.8269
-77.7272
-83.4906
-89.2517
-95.125
-101.126
-107.24
-113.455
-119.748
-126.059
-132.321
-138.289
-143.963
-148.169
-151.965
-148.107
-145.984
51.6916
54.8404
58.1678
61.4211
64.2417
66.6316
68.4439
69.5312
69.9423
69.7912
69.1847
68.2619
67.1214
65.824
64.4181
62.9134
61.3027
59.5703
57.68
55.5852
53.2264
50.53
47.3966
43.7456
39.5971
35.032
30.0881
24.7788
19.1291
13.1778
6.98015
0.604137
-5.86761
-12.3371
-18.6854
-24.7647
-30.3521
-35.1523
-38.4622
45.7437
42.1244
37.856
33.149
28.4425
23.3693
18.1334
12.9101
7.6227
2.35436
-2.87397
-8.10811
-13.3395
-18.596
-23.9087
-29.2928
-34.7669
-40.3409
-46.0096
-51.7559
-57.5552
-63.36
-69.1059
-74.7143
-80.1817
-85.6396
-91.1997
-96.8743
-102.645
-108.489
-114.372
-120.222
-125.953
-131.305
-136.215
-139.572
-142.076
-137.317
-133.661
49.0287
52.039
55.2181
58.3209
61.0045
63.2702
64.9776
65.9871
66.3487
66.1735
65.566
64.6617
63.5568
62.3097
60.9689
59.5425
58.026
56.4033
54.6426
52.6985
50.5167
48.0263
45.1331
41.7588
37.9203
33.693
29.1102
24.1806
18.9235
13.3708
7.57005
1.58264
-4.51472
-10.6283
-16.6417
-22.4079
-27.7087
-32.2593
-35.4008
43.3427
39.8766
35.7858
31.2722
26.7592
21.8938
16.8719
11.8633
6.79483
1.74664
-3.26014
-8.26978
-13.2735
-18.2979
-23.373
-28.5132
-33.7363
-39.0525
-44.4573
-49.9335
-55.456
-60.9781
-66.4369
-71.754
-76.9247
-82.0767
-87.3185
-92.6598
-98.0776
-103.542
-109.009
-114.394
-119.599
-124.357
-128.541
-131.123
-132.52
-127.171
-121.401
46.4869
49.3651
52.4025
55.3621
57.9154
60.0631
61.6714
62.6078
62.923
62.7258
62.1181
61.2322
60.1612
58.9622
57.6814
56.3283
54.898
53.377
51.7346
49.929
47.9087
45.6071
42.9346
39.8156
36.2649
32.3532
28.1098
23.5401
18.6582
13.4905
8.0776
2.47442
-3.2488
-9.00347
-14.677
-20.1265
-25.1405
-29.448
-32.433
41.0526
37.7331
33.8125
29.4845
25.1576
20.4911
15.675
10.8733
6.01521
1.17902
-3.61475
-8.40822
-13.1925
-17.9929
-22.8385
-27.7426
-32.7224
-37.7877
-42.9349
-48.1462
-53.3968
-58.6401
-63.8143
-68.8418
-73.7164
-78.5621
-83.4836
-88.4875
-93.5473
-98.6279
-103.676
-108.6
-113.288
-117.477
-120.987
-122.879
-123.308
-117.732
-110.073
44.0621
46.8142
49.7164
52.5393
54.9689
57.0049
58.5194
59.3873
59.6595
59.4424
58.8356
57.9679
56.9297
55.7761
54.5522
53.2674
51.9172
50.4898
48.9563
47.2775
45.4055
43.2771
40.8073
37.924
34.6406
31.0231
27.0981
22.8682
18.3438
13.546
8.50969
3.28327
-2.06911
-7.46482
-12.7969
-17.928
-22.6565
-26.7269
-29.5646
38.8701
35.6911
31.9338
27.7843
23.6357
19.1612
14.543
9.94013
5.28501
0.653061
-3.93531
-8.52012
-13.0925
-17.6768
-22.3003
-26.9758
-31.7195
-36.5407
-41.4362
-46.3884
-51.3719
-56.3406
-61.2333
-65.974
-70.5552
-75.0963
-79.6975
-84.3634
-89.0641
-93.7605
-98.3928
-102.864
-107.052
-110.701
-113.592
-114.888
-114.499
-108.929
-100.141
41.7507
44.3822
47.1553
49.848
52.1598
54.0899
55.516
56.3196
56.5524
56.3178
55.713
54.8638
53.8573
52.7472
51.5771
50.3563
49.081
47.7402
46.3072
44.7451
43.0091
41.0399
38.7568
36.0912
33.0556
29.712
26.0851
22.1753
17.9899
13.5459
8.87295
4.01356
-0.974253
-6.01427
-11.0062
-15.8201
-20.2659
-24.1051
-26.804
36.792
33.7476
30.1471
26.1692
22.1926
17.9024
13.4753
9.06453
4.6049
0.17009
-4.21969
-8.60302
-12.9707
-17.3459
-21.7545
-26.2084
-30.7229
-35.3065
-39.9562
-44.655
-49.3765
-54.075
-58.6906
-63.1484
-67.44
-71.6799
-75.9639
-80.2941
-84.6385
-88.9545
-93.1779
-97.2095
-100.919
-104.061
-106.392
-107.184
-106.15
-100.698
-91.5274
39.549
42.0652
44.715
47.2834
49.4833
51.3132
52.6559
53.3994
53.596
53.3462
52.7449
51.9144
50.9391
49.8709
48.7519
47.5915
46.3863
45.126
43.7859
42.3316
40.7208
38.898
36.7871
34.3226
31.5167
28.4282
25.0798
21.4706
17.6057
13.4985
9.17417
4.67007
0.0379018
-4.65254
-9.3083
-13.8084
-17.9755
-21.5897
-24.1553
34.8149
31.8998
28.45
24.6374
20.8259
16.714
12.4712
8.24542
3.97513
-0.269056
-4.46703
-8.6555
-12.8251
-16.9978
-21.198
-25.4369
-29.7289
-34.0812
-38.4911
-42.9423
-47.4073
-51.8408
-56.1841
-60.3637
-64.3709
-68.315
-72.287
-76.2867
-80.2808
-84.224
-88.0497
-91.658
-94.9149
-97.5887
-99.4222
-99.7929
-98.2859
-93.0014
-83.9435
37.4534
39.8593
42.3911
44.8412
46.9346
48.6693
49.9335
50.6214
50.785
50.5223
49.926
49.1148
48.1702
47.1427
46.0727
44.9693
43.8298
42.6449
41.391
40.0362
38.5409
36.8531
34.9008
32.6225
30.0297
27.1783
24.0897
20.7624
17.1995
13.4116
9.42014
5.2575
0.969927
-3.3796
-7.70605
-11.898
-15.7921
-19.1873
-21.6252
32.9355
30.1445
26.8399
23.1863
19.5345
15.594
11.5294
7.48298
3.39527
-0.664433
-4.67675
-8.67645
-12.6542
-16.6306
-20.6288
-24.6591
-28.7346
-32.862
-37.0383
-41.2477
-45.4619
-49.6359
-53.7124
-57.62
-61.3492
-65.0044
-68.6717
-72.3487
-76.0012
-79.5829
-83.0259
-86.2314
-89.0656
-91.3118
-92.71
-92.7319
-90.9041
-85.8162
-77.1413
35.4604
37.7606
40.1796
42.5166
44.5088
46.1536
47.3441
47.9801
48.1139
47.8408
47.2509
46.4595
45.5456
44.5575
43.5346
42.4856
41.4082
40.2938
39.1202
37.8576
36.4691
34.9059
33.1001
30.9941
28.5989
25.968
23.1217
20.058
16.7787
13.2923
9.61701
5.78093
1.82487
-2.19468
-6.20082
-10.0923
-13.7202
-16.9026
-19.2164
31.1506
28.479
25.3139
21.8138
18.3158
14.5415
10.6489
6.77548
2.86505
-1.01601
-4.84838
-8.66525
-12.4571
-16.2431
-20.0455
-23.8732
-27.7386
-31.6472
-35.596
-39.5696
-43.5388
-47.4595
-51.2757
-54.918
-58.377
-61.7518
-65.1234
-68.4881
-71.8107
-75.0449
-78.1232
-80.9495
-83.3929
-85.2536
-86.2775
-86.0158
-83.9874
-79.1244
-70.968
33.5664
35.7654
38.0765
40.3057
42.2015
43.7613
44.8825
45.4707
45.5778
45.2965
44.7145
43.9437
43.0603
42.1109
41.1334
40.1364
39.1176
38.0693
36.9708
35.7941
34.5045
33.0564
31.3863
29.4396
27.2278
24.8019
22.1812
19.3635
16.3499
13.1472
9.77085
6.24518
2.60603
-1.09639
-4.79338
-8.39383
-11.7637
-14.7398
-16.9332
29.4569
26.9
23.8695
20.5175
17.1682
13.5539
9.82803
6.12257
2.38343
-1.32454
-4.98259
-8.62207
-12.2336
-15.8352
-19.4473
-23.0785
-26.7398
-30.4358
-34.1634
-37.9073
-41.6381
-45.312
-48.8748
-52.2599
-55.4575
-58.5615
-61.6483
-64.7127
-67.7195
-70.6229
-73.3571
-75.8299
-77.9161
-79.4329
-80.1403
-79.6545
-77.5178
-72.906
-65.3323
31.768
33.8701
36.0778
38.2039
40.0082
41.4876
42.5439
43.088
43.1714
42.8842
42.3117
41.5622
40.7094
39.7978
38.8643
37.9171
36.9541
35.9682
34.9399
33.8431
32.6453
31.304
29.7594
27.9604
25.9187
23.6831
21.2723
18.6839
15.9187
12.982
9.88704
6.65492
3.31695
-0.0827419
-3.4833
-6.80384
-9.92469
-12.7014
-14.7766
27.8514
25.4049
22.5039
19.2949
16.0888
12.6299
9.06523
5.52205
1.94929
-1.59091
-5.07984
-8.54735
-11.984
-15.4066
-18.8345
-22.2748
-25.7381
-29.2278
-32.7404
-36.2612
-39.7602
-43.1946
-46.5118
-49.6482
-52.5941
-55.4384
-58.2526
-61.0305
-63.7375
-66.3288
-68.7413
-70.888
-72.6511
-73.865
-74.3085
-73.6524
-71.4773
-67.1376
-60.1727
30.0619
32.0709
34.1798
36.2076
37.9249
39.3282
40.3238
40.8273
40.8899
40.599
40.0374
39.3101
38.4877
37.6136
36.7227
35.8235
34.9136
33.9865
33.0241
32.0019
30.8896
29.6472
28.2189
26.557
24.6732
22.6144
20.3985
18.0236
15.4898
12.8017
9.97059
7.01475
3.96123
0.848717
-2.26947
-5.32253
-8.20463
-10.7892
-12.7491
26.3308
23.9905
21.2145
18.1434
15.076
11.767
8.35852
4.97293
1.56107
-1.81633
-5.14131
-8.44207
-11.7091
-14.9582
-18.2073
-21.4628
-24.7341
-28.0237
-31.328
-34.6323
-37.9067
-41.1092
-44.1895
-47.0864
-49.7913
-52.3877
-54.9426
-57.4493
-59.8737
-62.1731
-64.2878
-66.1364
-67.6104
-68.5608
-68.7875
-68.0084
-65.8485
-61.7941
-55.4399
28.4446
30.3644
32.3786
34.3126
35.9471
37.2787
38.2174
38.6838
38.7284
38.4359
37.8866
37.1822
36.3905
35.5532
34.7039
33.8507
32.9915
32.1202
31.2198
30.2673
29.2346
28.0842
26.7637
25.2291
23.492
21.5973
19.5624
17.3856
15.0671
12.6106
10.0259
7.32874
4.54261
1.70087
-1.15012
-3.94895
-6.60327
-9.0032
-10.8496
24.892
22.654
19.9984
17.0606
14.1271
10.9634
7.70606
4.47277
1.21725
-2.00236
-5.16841
-8.30742
-11.4101
-14.4909
-17.5668
-20.6432
-23.7286
-26.8246
-29.9272
-33.0222
-36.0795
-39.0585
-41.9106
-44.5783
-47.0533
-49.4146
-51.7247
-53.9763
-56.1367
-58.1654
-60.0067
-61.5857
-62.8034
-63.5272
-63.579
-62.7172
-60.6125
-56.8497
-51.0898
26.9129
28.747
30.6706
32.5151
34.0707
35.3347
36.2202
36.6528
36.682
36.3899
35.8544
35.1735
34.4126
33.6117
32.803
31.9942
31.1834
30.3651
29.5231
28.6359
27.6773
26.6124
25.3922
23.9757
22.3748
20.6323
18.7653
16.7723
14.6536
12.4123
10.0569
7.601
5.06478
2.47697
-0.122661
-2.68148
-5.11961
-7.34287
-9.0787
23.5318
21.3923
18.853
16.0438
13.2399
10.2164
7.10551
4.02007
0.915821
-2.15075
-5.16273
-8.14504
-11.0884
-14.0064
-16.9145
-19.8178
-22.7233
-25.6322
-28.5401
-31.433
-34.2812
-37.0452
-39.679
-42.1281
-44.3851
-46.5247
-48.6049
-50.6183
-52.5338
-54.3136
-55.906
-57.2432
-58.2363
-58.7677
-58.6812
-57.7704
-55.7497
-52.2787
-47.084
25.4634
27.2153
29.052
30.8109
32.2919
33.4919
34.3279
34.7298
34.746
34.4563
33.9358
33.279
32.5491
31.7841
31.0151
30.2492
29.4847
28.7166
27.9297
27.1038
26.2145
25.2292
24.1022
22.7954
21.3208
19.7196
18.0081
16.1854
14.2516
12.2096
10.0669
7.83504
5.53137
3.18037
0.815914
-1.51748
-3.75146
-5.80635
-7.43349
22.2472
20.2026
17.7753
15.0905
12.4115
9.52416
6.55494
3.61239
0.654968
-2.26343
-5.12611
-7.95671
-10.7458
-13.5063
-16.2523
-18.9881
-21.7201
-24.4487
-27.1688
-29.8672
-32.5146
-35.0729
-37.4983
-39.7399
-41.7914
-43.7231
-45.5889
-47.3812
-49.0712
-50.6237
-51.9916
-53.1142
-53.9121
-54.2824
-54.0892
-53.1568
-51.2396
-48.0557
-43.3899
24.0929
25.7659
27.5194
29.1966
30.6064
31.7462
32.5361
32.9102
32.9158
32.6301
32.1258
31.494
30.795
30.0656
29.3352
28.6108
27.8908
27.1704
26.4355
25.6671
24.8425
23.9313
22.8909
21.6861
20.3289
18.8585
17.291
15.6256
13.8627
12.0049
10.0588
8.03417
5.94591
3.81473
1.66913
-0.453673
-2.49584
-4.39078
-5.91293
21.0351
19.0818
16.7626
14.1979
11.64
8.88386
6.0519
3.24806
0.432475
-2.34246
-5.06063
-7.74433
-10.3844
-12.9925
-15.582
-18.1564
-20.7212
-23.2762
-25.816
-28.3276
-30.783
-33.145
-35.3724
-37.418
-39.2768
-41.0146
-42.6814
-44.2701
-45.7539
-47.1005
-48.2677
-49.2011
-49.8311
-50.0683
-49.7956
-48.8635
-47.0622
-44.1563
-39.9801
22.7981
24.3953
26.0692
27.6683
29.0104
30.0936
30.8405
31.1895
31.1869
30.9068
30.4198
29.8134
29.1454
28.451
27.7584
27.0741
26.3967
25.7218
25.0359
24.3216
23.5575
22.7153
21.7555
20.6454
19.3971
18.048
16.6135
15.0934
13.4882
11.8001
10.035
8.2014
6.31184
4.38372
2.44077
0.513702
-1.34916
-3.09297
-4.51252
19.8924
18.0271
15.8122
13.3635
10.9222
8.29344
5.59421
2.92424
0.246149
-2.38994
-4.96841
-7.51015
-10.0062
-12.4674
-14.906
-17.3249
-19.729
-22.1174
-24.4845
-26.8175
-29.0897
-31.2651
-33.3054
-35.1667
-36.8453
-38.4032
-39.8868
-41.2891
-42.5855
-43.7472
-44.736
-45.5045
-45.9915
-46.1203
-45.7907
-44.876
-43.1976
-40.5574
-36.8308
21.5759
23.1004
24.6979
26.2225
27.5003
28.5301
29.2371
29.5637
29.5546
29.2817
28.813
28.2324
27.5954
26.9356
26.2798
25.6343
24.9977
24.366
23.7266
23.063
22.3554
21.5777
20.6928
19.6707
18.5233
17.2865
15.9749
14.5887
13.1285
11.5964
9.99762
8.33942
6.63245
4.89115
3.13505
1.38903
-0.306935
-1.90839
-3.22972
18.8162
17.0355
14.9212
12.5844
10.2561
7.75005
5.17929
2.63903
0.0937578
-2.40811
-4.85159
-7.25632
-9.61352
-11.9332
-14.2266
-16.4961
-18.746
-20.9749
-23.177
-25.3397
-27.4377
-29.4367
-31.3006
-32.9894
-34.5008
-35.8928
-37.2084
-38.4412
-39.5686
-40.565
-41.3969
-42.0224
-42.3891
-42.4313
-42.0637
-41.1791
-39.6261
-37.2373
-33.9206
20.4233
21.8779
23.4024
24.8557
26.0725
27.0519
27.7218
28.0283
28.0147
27.7503
27.3006
26.7462
26.1401
25.5143
24.8944
24.2864
23.689
23.0985
22.5029
21.887
21.2323
20.5145
19.6993
18.7589
17.7052
16.5721
15.3739
14.1109
12.7839
11.3949
9.9484
8.45082
6.91095
5.3408
3.75613
2.17684
0.635572
-0.832609
-2.05884
17.8034
16.1044
14.0869
11.8582
9.63872
7.2515
4.80477
2.38967
-0.0270881
-2.39936
-4.71257
-6.98519
-9.20866
-11.3922
-13.5462
-15.6726
-17.7749
-19.8514
-21.8962
-23.8971
-25.8302
-27.6629
-29.3614
-30.8896
-32.2463
-33.4862
-34.6487
-35.728
-36.7041
-37.554
-38.2485
-38.7515
-39.0181
-38.9922
-38.602
-37.757
-36.3289
-34.1753
-31.2305
19.3371
20.7247
22.1793
23.5648
24.7234
25.6554
26.2908
26.5794
26.5629
26.3081
25.8781
25.3502
24.7748
24.1825
23.5976
23.0258
22.4659
21.9144
21.3602
20.7892
20.1839
19.522
18.7715
17.907
16.94
15.9028
14.809
13.6592
12.4543
11.1962
9.88888
8.53778
7.1504
5.7364
4.30852
2.88215
1.48363
0.140041
-0.995981
16.8514
15.2307
13.3066
11.182
9.06777
6.79503
4.4681
2.17408
-0.118843
-2.36604
-4.5537
-6.69911
-8.79398
-10.8468
-12.8672
-14.8566
-16.818
-18.7495
-20.6449
-22.4927
-24.2703
-25.9467
-27.4908
-28.87
-30.0846
-31.1854
-32.2091
-33.1506
-33.9919
-34.7128
-35.2881
-35.6869
-35.8709
-35.793
-35.3925
-34.5937
-33.2873
-31.3524
-28.7436
18.3146
19.6379
21.0257
22.3463
23.4496
24.3371
24.9403
25.2129
25.1949
24.9508
24.5412
24.0398
23.4948
22.9353
22.3844
21.8475
21.3235
20.8091
20.2941
19.7651
19.2061
18.5962
17.9059
17.1118
16.2251
15.2764
14.2786
13.2327
12.1395
11.0008
9.82029
8.60254
7.35374
6.08181
4.7966
3.50998
2.24263
1.01476
-0.0350658
15.9574
14.4121
12.5777
10.5535
8.54047
6.37842
4.16705
1.98956
-0.183769
-2.31048
-4.3773
-6.40046
-8.37184
-10.2994
-12.192
-14.0507
-15.8779
-17.6716
-19.4257
-21.129
-22.7603
-24.2906
-25.6912
-26.9329
-28.0172
-28.9917
-29.8903
-30.7086
-31.4305
-32.0387
-32.5113
-32.8222
-32.9392
-32.8226
-32.4218
-31.6731
-30.4837
-28.7505
-26.4443
17.3529
18.6145
19.9385
21.1971
22.2478
23.0933
23.6666
23.9251
23.9068
23.6742
23.2854
22.8106
22.2957
21.7682
21.2503
20.747
20.2573
19.7783
19.3001
18.8106
18.2948
17.7333
17.0988
16.3699
15.5575
14.6903
13.7809
12.83
11.8389
10.8091
9.7438
8.64702
7.52389
6.38061
5.22498
4.06547
2.91828
1.79772
0.829027
15.1187
13.6457
11.8978
9.97013
8.05473
5.99899
3.89903
1.83402
-0.2243
-2.23509
-4.18576
-6.09153
-7.94459
-9.75235
-11.5229
-13.2571
-14.9569
-16.6202
-18.2407
-19.8081
-21.3026
-22.6966
-23.9643
-25.0796
-26.0452
-26.9056
-27.6921
-28.4007
-29.0176
-29.5278
-29.9126
-30.1502
-30.2134
-30.0695
-29.6758
-28.9793
-27.9011
-26.3531
-24.3183
16.4493
17.6517
18.9148
20.1141
21.1148
21.9206
22.4659
22.712
22.6946
22.4741
22.1065
21.6582
21.1729
20.6768
20.1908
19.7198
19.2629
18.8172
18.3739
17.9213
17.4458
16.9294
16.3467
15.6782
14.9343
14.1423
13.3139
12.45
11.5519
10.6211
9.66035
8.6731
7.66352
6.63664
5.598
4.55387
3.5163
2.49464
1.60257
14.3327
12.9291
11.2642
9.42947
7.6078
5.65466
3.66184
1.70482
-0.242747
-2.14215
-3.9813
-5.77455
-7.51443
-9.20778
-10.8621
-12.478
-14.0571
-15.5971
-17.092
-18.532
-19.8987
-21.1663
-22.3114
-23.3112
-24.1691
-24.9268
-25.6131
-26.2249
-26.7499
-27.1754
-27.4858
-27.6627
-27.6836
-27.5214
-27.1408
-26.497
-25.5236
-24.1446
-22.3528
15.601
16.7467
17.9513
19.094
20.047
20.8156
21.3348
21.5698
21.5542
21.3467
21.0005
20.5785
20.1222
19.6566
19.2015
18.7615
18.3358
17.9219
17.5113
17.0934
16.6554
16.1807
15.6461
15.0334
14.3528
13.6299
12.8757
12.0913
11.2779
10.4369
9.57079
8.68245
7.77532
6.85313
5.92015
4.98031
4.0425
3.11178
2.29125
13.5967
12.2598
10.6746
8.9291
7.19764
5.34287
3.45309
1.60003
-0.241328
-2.03382
-3.76613
-5.45172
-7.08349
-8.66782
-10.2117
-11.7154
-13.1803
-14.6042
-15.9813
-17.3021
-18.5501
-19.7008
-20.7333
-21.6277
-22.3884
-23.0541
-23.6514
-24.178
-24.6231
-24.976
-25.2237
-25.3509
-25.3393
-25.1663
-24.8028
-24.2114
-23.3357
-22.1106
-20.5357
14.8052
15.8965
17.0453
18.1337
19.0413
19.7747
20.2694
20.4949
20.4819
20.2879
19.9633
19.5673
19.1394
18.7034
18.2781
17.8679
17.472
17.088
16.7082
16.3227
15.9197
15.4838
14.9936
14.4325
13.8102
13.1507
12.4644
11.7525
11.0161
10.2565
9.47585
8.67669
7.86167
7.03373
6.19573
5.34998
4.50248
3.65502
2.9014
12.9082
11.6353
10.1265
8.46668
6.82171
5.06158
3.27065
1.5172
-0.222155
-1.91225
-3.54233
-5.12509
-6.65377
-8.13444
-9.57341
-10.971
-12.3283
-13.6431
-14.9098
-16.1197
-17.2575
-18.3005
-19.2301
-20.0288
-20.702
-21.2857
-21.8044
-22.2563
-22.6323
-22.9233
-23.1187
-23.2059
-23.1698
-22.992
-22.6485
-22.1083
-21.3233
-20.2375
-18.8559
14.0594
15.0984
16.1938
17.2301
18.0946
18.7948
19.2665
19.4837
19.4739
19.2941
18.9912
18.6208
18.2206
17.8133
17.4166
17.0348
16.6672
16.3117
15.9608
15.6056
15.2351
14.8352
14.3861
13.8725
13.3039
12.7026
12.0783
11.4323
10.7658
10.0798
9.37627
8.65733
7.92511
7.18168
6.42895
5.66773
4.90202
4.13052
3.43886
12.2646
11.0529
9.61759
8.03983
6.47788
4.80831
3.11224
1.45436
-0.187404
-1.7795
-3.31191
-4.79656
-6.22715
-7.60936
-8.94904
-10.2464
-11.5024
-12.7149
-13.8786
-14.9855
-16.0213
-16.9655
-17.8012
-18.5135
-19.1083
-19.6191
-20.0687
-20.4556
-20.7721
-21.0107
-21.1628
-21.2181
-21.1643
-20.9865
-20.665
-20.1739
-19.4725
-18.5128
-17.303
13.3608
14.3497
15.3942
16.3806
17.204
17.8727
18.3226
18.5327
18.5267
18.3614
18.0804
17.7351
17.3618
16.9822
16.6131
16.2585
15.9178
15.589
15.2654
14.9386
14.5983
14.2318
13.8205
13.3508
12.8314
12.2833
11.7156
11.1296
10.5263
9.90676
9.27272
8.62587
7.96787
7.30018
6.62381
5.93857
5.24639
4.54405
3.90987
11.6636
10.5107
9.14553
7.64638
6.16378
4.58101
2.97571
1.40916
-0.139131
-1.63755
-3.0767
-4.46785
-5.80521
-7.09414
-8.34
-9.5429
-10.7038
-11.8205
-12.8883
-13.8996
-14.8416
-15.6952
-16.4456
-17.0801
-17.6049
-18.0513
-18.4403
-18.7709
-19.0365
-19.2311
-19.3476
-19.3779
-19.3121
-19.1381
-18.8396
-18.3954
-17.7708
-16.9246
-15.8674
12.7072
13.6482
14.644
15.5823
16.3667
17.0055
17.4347
17.6388
17.6366
17.4866
17.2273
16.9066
16.5592
16.2065
15.8638
15.5352
15.22
14.9165
14.6185
14.3181
14.006
13.6702
13.294
12.8646
12.3905
11.8911
11.3749
10.8432
10.2971
9.73756
9.16595
8.58374
7.9922
7.39224
6.78418
6.16683
5.54105
4.90145
4.32013
11.1033
10.0064
8.70841
7.28437
5.87769
4.37769
2.85916
1.37987
-0.0792609
-1.48832
-2.83859
-4.14072
-5.38956
-6.59021
-7.74749
-8.86149
-9.93316
-10.9606
-11.9392
-12.8622
-13.7179
-14.4887
-15.1618
-15.7263
-16.189
-16.5787
-16.9149
-17.1969
-17.4193
-17.5772
-17.665
-17.6761
-17.6027
-17.4352
-17.1603
-16.7603
-16.2059
-15.4618
-14.5399
12.0965
12.9915
13.9408
14.8329
15.5802
16.1902
16.5996
16.7986
16.8003
16.6663
16.4287
16.1317
15.8096
15.4826
15.1654
14.8614
14.5703
14.2907
14.0166
13.7409
13.455
13.1478
12.8039
12.4118
11.9792
11.5242
11.0549
10.5725
10.078
9.57235
9.05677
8.53244
8.00028
7.46078
6.9137
6.35726
5.79095
5.20827
4.67537
10.5811
9.53792
8.30392
6.95166
5.6173
4.19649
2.76078
1.36454
-0.00939444
-1.33339
-2.59913
-3.81676
-4.98186
-6.0991
-7.17277
-8.2031
-9.19117
-10.1352
-11.0311
-11.8725
-12.6491
-13.3446
-13.9479
-14.4499
-14.8575
-15.1974
-15.4877
-15.7281
-15.914
-16.0414
-16.1062
-16.1031
-16.0259
-15.867
-15.6156
-15.2571
-14.7666
-14.1141
-13.312
11.5262
12.3774
13.2824
14.1298
14.8419
15.424
15.8142
16.009
16.0141
15.8972
15.6814
15.4072
15.1094
14.8075
14.5146
14.2341
13.9658
13.7085
13.4568
13.2041
12.9425
12.6619
12.3478
11.99
11.5955
11.1812
10.7545
10.3167
9.86875
9.41153
8.94613
8.4735
7.99434
7.50875
7.01606
6.51394
6.00109
5.46978
4.98116
10.0943
9.102
7.92894
6.64495
5.37975
4.03423
2.67774
1.36094
0.0685641
-1.17456
-2.35949
-3.49671
-4.58297
-5.62184
-6.61676
-7.56845
-8.4783
-9.34471
-10.1638
-10.93
-11.6339
-12.2609
-12.8013
-13.2474
-13.6064
-13.903
-14.1537
-14.3586
-14.5138
-14.6164
-14.663
-14.6498
-14.5717
-14.4229
-14.1945
-13.8748
-13.4424
-12.872
-12.1756
10.9936
11.8032
12.6661
13.4708
14.1499
14.7047
15.0765
15.2675
15.2741
15.1758
14.9821
14.7297
14.4554
14.1778
13.9084
13.6503
13.4036
13.1673
12.9366
12.7053
12.4662
12.2101
11.9237
11.5974
11.238
10.8609
10.473
10.0755
9.66951
9.25572
8.83517
8.40866
7.97667
7.53905
7.09479
6.64114
6.17611
5.69111
5.2427
9.64153
8.69732
7.58181
6.36236
5.16259
3.88841
2.60737
1.36605
0.151873
-1.01463
-2.12123
-3.18067
-4.19261
-5.15812
-6.07903
-6.95694
-7.79391
-8.58834
-9.33659
-10.0337
-10.6713
-11.2361
-11.7199
-12.1163
-12.4324
-12.691
-12.9075
-13.0822
-13.2119
-13.2944
-13.327
-13.307
-13.2304
-13.0927
-12.8868
-12.6031
-12.2233
-11.7263
-11.1234
10.4973
11.2675
12.0906
12.8541
13.5021
14.03
14.3848
14.5724
14.5767
14.4989
14.3274
14.0959
13.8443
13.5901
13.3432
13.1064
12.8802
12.6638
12.4527
12.2414
12.0233
11.7898
11.529
11.2319
10.9048
10.5618
10.2092
9.84836
9.48015
9.10535
8.72487
8.33945
7.94942
7.55443
7.15324
6.74278
6.32049
5.87721
5.46524
9.225
8.32662
7.26582
6.10716
4.96888
3.76146
2.55102
1.38004
0.239036
-0.854492
-1.88754
-2.87319
-3.81506
-4.71103
-5.56149
-6.3696
-7.13808
-7.86522
-8.54752
-9.1808
-9.75768
-10.2663
-10.6996
-11.0521
-11.3308
-11.5568
-11.7442
-11.8935
-12.0022
-12.0686
-12.0908
-12.0666
-11.9934
-11.8674
-11.683
-11.4324
-11.1004
-10.6688
-10.1482
10.0392
10.7717
11.5552
12.2779
12.8951
13.3948
13.7337
13.9181
13.9201
13.8668
13.7165
13.5038
13.2741
13.0427
12.8171
12.6004
12.3935
12.1958
12.003
11.8103
11.6115
11.3991
11.1619
10.8918
10.5944
10.2826
9.96231
9.63464
9.30052
8.96065
8.61591
8.26701
7.91414
7.55697
7.19399
6.82201
6.43794
6.0322
5.65319
8.84499
7.99053
6.9822
5.8811
4.80093
3.65639
2.51265
1.40587
0.333465
-0.691589
-1.65804
-2.57922
-3.45797
-4.28669
-5.06858
-5.81028
-6.51434
-7.17821
-7.79879
-8.37284
-8.89373
-9.35082
-9.738
-10.051
-10.2965
-10.494
-10.6565
-10.7846
-10.8761
-10.9301
-10.9449
-10.9191
-10.8507
-10.7369
-10.5732
-10.3535
-10.0646
-9.69183
-9.24424
9.6189
10.3143
11.0585
11.7391
12.3252
12.7931
13.1175
13.294
13.2982
13.2812
13.1502
12.9527
12.7445
12.5359
12.331
12.1337
11.9453
11.7654
11.59
11.4146
11.2338
11.0406
10.825
10.5796
10.3094
10.0262
9.73531
9.43776
9.13433
8.82566
8.51261
8.19584
7.87564
7.55152
7.22214
6.88398
6.53386
6.16161
5.81267
8.54472
7.72331
6.75203
5.69392
4.65809
3.56328
2.47978
1.4336
0.439106
-0.527167
-1.38137
-2.24829
-3.09204
-3.87257
-4.60528
-5.30345
-5.96688
-6.5906
-7.17189
-7.70801
-8.19272
-8.61671
-8.97412
-9.26118
-9.48448
-9.66249
-9.80781
-9.92076
-10.0001
-10.0456
-10.0529
-10.0245
-9.95849
-9.85223
-9.70183
-9.50241
-9.24263
-8.91025
-8.5132
9.28711
9.95005
10.6598
11.293
11.839
12.2495
12.5269
12.6368
12.6344
12.7203
12.6393
12.4678
12.2897
12.1102
11.9292
11.7521
11.5823
11.4194
11.2601
11.1002
10.9351
10.7582
10.5605
10.3351
10.0866
9.82592
9.55794
9.28369
9.00384
8.71892
8.42974
8.13698
7.84101
7.54147
7.23693
6.92415
6.59966
6.25318
5.92839
8.30144
7.5061
6.56344
5.53804
4.53756
3.48516
2.45548
1.46772
0.55633
-0.357109
-1.07368
-1.90017
-2.7284
-3.47233
-4.16753
-4.83643
-5.4742
-6.07248
-6.62867
-7.14062
-7.60225
-8.00508
-8.34312
-8.61274
-8.82081
-8.9851
-9.11831
-9.21996
-9.29026
-9.32979
-9.32932
-9.2975
-9.2322
-9.13003
-8.98787
-8.80178
-8.562
-8.25778
-7.89705
9.01715
9.65194
10.3263
10.9099
11.4068
11.7445
11.9522
11.9659
11.945
12.1681
12.1619
12.0271
11.8843
11.7379
11.5832
11.4273
11.2758
11.1294
10.9852
10.8396
10.6885
10.5261
10.3439
10.1355
9.90514
9.66291
9.41361
9.15825
8.89745
8.63164
8.36156
8.08789
7.81104
7.53074
7.24578
6.95289
6.64883
6.32306
6.01793
8.06021
7.2912
6.37755
5.38543
4.42066
3.41097
2.43433
1.50394
0.671179
-0.192655
-0.774591
-1.55909
-2.36957
-3.07552
-3.73058
-4.36753
-4.9778
-5.54924
-6.07914
-6.56578
-7.00353
-7.38421
-7.70209
-7.95393
-8.14669
-8.29761
-8.41927
-8.51044
-8.57246
-8.60747
-8.60031
-8.56646
-8.50347
-8.40692
-8.27424
-8.10275
-7.88406
-7.60881
-7.28518
8.74905
9.35636
9.99497
10.5307
10.9805
11.2474
11.3906
11.3179
11.2791
11.6214
11.692
11.5938
11.4832
11.3683
11.2397
11.1052
10.972
10.8421
10.713
10.5818
10.4448
10.2968
10.1299
9.93822
9.72563
9.50149
9.27048
9.03367
8.79166
8.54479
8.29364
8.03883
7.78072
7.51911
7.25295
6.97911
6.69456
6.38858
6.10243
7.82215
7.07941
6.19487
5.23607
4.30691
3.34003
2.41491
1.541
0.781484
-0.031312
-0.491473
-1.22937
-2.01504
-2.6822
-3.29608
-3.89848
-4.47915
-5.02228
-5.52455
-5.98496
-6.39847
-6.75699
-7.05509
-7.28979
-7.46812
-7.60657
-7.71765
-7.79926
-7.85409
-7.88559
-7.87294
-7.83803
-7.77827
-7.68817
-7.56559
-7.40917
-7.21161
-6.96489
-6.67613
8.48425
9.06498
9.6677
10.1581
10.5629
10.7604
10.845
10.6949
10.6363
11.0804
11.2291
11.1701
11.0899
11.0045
10.901
10.7869
10.6718
10.5582
10.4444
10.3277
10.2049
10.0712
9.91968
9.74464
9.54954
9.3431
9.12986
8.91107
8.68738
8.45905
8.22652
7.99028
7.75056
7.50716
7.25911
7.00347
6.73737
6.45017
6.18182
7.58967
6.87276
6.01707
5.09115
4.19695
3.27196
2.39606
1.57696
0.883794
0.123241
-0.231682
-0.917065
-1.66851
-2.29496
-2.86688
-3.43245
-3.98087
-4.49393
-4.96737
-5.40079
-5.7895
-6.12568
-6.40408
-6.62211
-6.78683
-6.91385
-7.01569
-7.08925
-7.13862
-7.16824
-7.1524
-7.11834
-7.06346
-6.98123
-6.87004
-6.72931
-6.55317
-6.33507
-6.08349
8.22562
8.78063
9.34776
9.79533
10.1568
10.2855
10.3176
10.0934
10.011
10.5438
10.7702
10.7531
10.705
10.6506
10.5722
10.4773
10.3782
10.2797
10.1804
10.0779
9.96932
9.85023
9.71414
9.55576
9.37804
9.189
8.99308
8.79177
8.58585
8.37559
8.16135
7.94338
7.72176
7.49621
7.2657
7.02749
6.77881
6.50935
6.25767
7.36579
6.67381
5.84589
4.95176
4.09092
3.2063
2.37632
1.60924
0.974635
0.266532
-0.00113562
-0.627184
-1.33333
-1.91568
-2.44488
-2.97156
-3.48497
-3.96569
-4.40896
-4.81458
-5.17798
-5.49167
-5.75054
-5.95231
-6.10367
-6.21946
-6.31206
-6.37765
-6.4213
-6.44862
-6.42951
-6.39618
-6.34589
-6.27131
-6.17124
-6.04592
-5.89007
-5.69738
-5.47203
7.97669
8.50717
9.03909
9.44671
9.76508
9.82427
9.80981
9.50753
9.39424
10.0121
10.3148
10.3373
10.3206
10.3004
10.2527
10.1809
10.099
10.0144
9.92778
9.83794
9.74241
9.63732
9.51654
9.37488
9.21451
9.04244
8.86303
8.67806
8.48856
8.29505
8.09788
7.89722
7.69296
7.4847
7.27118
7.04975
6.81746
6.56483
6.32768
7.15367
6.48477
5.68244
4.81763
3.98757
3.14029
2.35214
1.63302
1.04861
0.39208
0.192907
-0.365921
-1.01477
-1.54763
-2.03308
-2.5189
-2.99401
-3.43958
-3.85089
-4.22735
-4.5645
-4.85529
-5.09517
-5.28213
-5.42267
-5.53037
-5.61728
-5.67902
-5.72147
-5.75121
-5.73373
-5.7055
-5.66372
-5.60004
-5.51352
-5.40534
-5.27226
-5.11162
-4.93386
7.74141
8.24852
8.74583
9.11572
9.38783
9.37301
9.31426
8.92042
8.76641
9.48525
9.87521
9.9347
9.93896
9.94368
9.92418
9.88021
9.82301
9.75887
9.68892
9.61337
9.53132
9.4402
9.33474
9.2104
9.06849
8.91466
8.75249
8.58392
8.41013
8.23198
8.04999
7.86453
7.67553
7.48251
7.28427
7.07808
6.86064
6.62294
6.39509
6.9533
6.30493
5.52487
4.68566
3.88236
3.0681
2.31665
1.64051
1.09827
0.49199
0.343684
-0.141437
-0.718299
-1.19507
-1.63488
-2.0767
-2.50949
-2.91701
-3.29468
-3.64096
-3.95108
-4.2182
-4.43756
-4.60684
-4.73221
-4.82679
-4.9025
-4.95456
-4.98941
-5.01456
-4.99242
-4.96346
-4.92481
-4.86779
-4.79138
-4.69706
-4.58028
-4.43371
-4.25178
7.51983
8.0044
8.46778
8.80231
9.02155
8.92733
8.82417
8.31213
8.09207
8.93943
9.45193
9.57529
9.61102
9.63048
9.61601
9.5767
9.53007
9.48204
9.43048
9.37289
9.30776
9.23287
9.14392
9.03706
8.91385
8.77947
8.63719
8.48841
8.33404
8.17473
8.01102
7.84323
7.67125
7.49455
7.3118
7.12076
6.91808
6.69768
6.4853
6.76245
6.1327
5.37246
4.55529
3.77466
2.98846
2.2677
1.6285
1.12012
0.560192
0.443045
0.039127
-0.449648
-0.864217
-1.25479
-1.64769
-2.03268
-2.39713
-2.73694
-3.05011
-3.33236
-3.57806
-3.78332
-3.94634
-4.07143
-4.16878
-4.24985
-4.30929
-4.35514
-4.39526
-4.38641
-4.37275
-4.35147
-4.31276
-4.25624
-4.18522
-4.1014
-4.00997
-3.93252
7.30929
7.77231
8.2045
8.50743
8.66986
8.50525
8.36362
7.67964
7.34119
8.31679
8.96474
9.19052
9.32081
9.41754
9.44332
9.40953
9.3499
9.28601
9.22406
9.16347
9.10186
9.03585
8.96011
8.86862
8.75949
8.6371
8.50618
8.36897
8.22666
8.07988
7.92932
7.77554
7.61848
7.45744
7.29053
7.11478
6.92496
6.71558
6.50809
6.59338
5.97968
5.23716
4.43869
3.67678
2.91327
2.21576
1.6048
1.11858
0.592371
0.481635
0.170163
-0.216375
-0.562186
-0.897754
-1.23659
-1.5708
-1.89036
-2.18997
-2.46554
-2.7121
-2.92308
-3.09303
-3.21905
-3.30862
-3.375
-3.42869
-3.46295
-3.48423
-3.50149
-3.47369
-3.44706
-3.41844
-3.37768
-3.32375
-3.25758
-3.17103
-3.04774
-2.85651
7.12388
7.56951
7.97668
8.25154
8.35735
8.15009
7.96585
7.01549
6.52542
7.62696
8.34243
8.59008
8.78186
8.99441
9.16016
9.25438
9.28969
9.28244
9.24731
9.19597
9.13623
9.07144
9.00167
8.9255
8.8407
8.74323
8.63162
8.50807
8.37523
8.23453
8.08727
7.93471
7.77813
7.61841
7.4552
7.2863
7.10505
6.89709
6.65987
6.48309
5.87362
5.13545
4.34242
3.58679
2.83381
2.1479
1.5537
1.07541
0.568096
0.448573
0.243997
-0.0299066
-0.299789
-0.567364
-0.835124
-1.10205
-1.36503
-1.62062
-1.86551
-2.09617
-2.30905
-2.50117
-2.66815
-2.80476
-2.91362
-3.00954
-3.08826
-3.16324
-3.24218
-3.26384
-3.28035
-3.29521
-3.29788
-3.2872
-3.26987
-3.26011
-3.28455
-3.39906
7.00832
7.44534
7.83304
8.07215
8.10733
7.84866
7.51873
6.1825
5.65094
7.08514
7.93287
8.12068
8.16303
8.21676
8.28174
8.3603
8.4527
8.54439
8.61709
8.66051
8.67263
8.65441
8.60852
8.54392
8.47678
8.41338
8.34884
8.2788
8.20152
8.11661
8.02354
7.92093
7.8073
7.68131
7.5422
7.39133
7.2371
7.104
7.06955
6.42955
5.79888
5.03171
4.21057
3.43119
2.66351
1.97353
1.38775
0.913849
0.438202
0.32817
0.250023
0.0990735
-0.0966677
-0.306842
-0.514175
-0.71368
-0.902501
-1.07746
-1.23491
-1.36969
-1.47387
-1.54019
-1.56818
-1.57742
-1.58373
-1.58869
-1.57944
-1.55532
-1.53787
-1.48994
-1.44844
-1.41312
-1.37346
-1.32794
-1.275
-1.19262
-1.04027
-0.727365
6.96627
7.40127
7.76505
7.94601
7.86978
7.4579
6.72149
4.92979
4.50014
6.64353
8.12524
8.80633
9.09575
9.13591
8.97465
8.70308
8.41092
8.16243
7.98066
7.86384
7.80101
7.77955
7.77962
7.76062
7.68356
7.56631
7.43947
7.30936
7.17628
7.04041
6.90485
6.77379
6.65004
6.53469
6.42439
6.30652
6.14583
5.87021
5.38226
6.29961
5.6414
4.8331
3.97067
3.1554
2.36484
1.66964
1.09795
0.640793
0.224274
0.117479
0.154427
0.166734
0.122279
0.0366123
-0.0797181
-0.222384
-0.388588
-0.576627
-0.786389
-1.01966
-1.2769
-1.54956
-1.81422
-2.03117
-2.19781
-2.36591
-2.51307
-2.70741
-2.96612
-2.96947
-3.04636
-3.17093
-3.27342
-3.3513
-3.43251
-3.55856
-3.79383
-4.2418
6.84747
7.27417
7.60545
7.72285
7.53199
6.91173
5.65905
3.5098
2.56323
4.81545
6.83296
8.48994
9.8929
11.0843
11.9927
12.6071
12.9848
13.1623
13.1927
13.1266
13.0052
12.8574
12.7251
12.6812
12.7561
12.8384
12.8498
12.8108
12.7443
12.6542
12.536
12.389
12.2161
12.0221
11.8162
11.6156
11.468
11.4358
11.6834
-180.943
-185.985
-190.068
-194.342
-198.054
-200.933
-203.008
-204.315
-204.925
-204.952
-204.438
-203.404
-201.865
-199.822
-197.277
-194.28
-190.894
-187.189
-183.245
-179.156
-174.98
-170.722
-166.4
-162.055
-157.698
-153.317
-148.801
-143.919
-138.446
-132.28
-125.465
-118.272
-111.189
-104.81
-99.4851
-94.9823
-90.5937
-85.8119
-80.6626
-75.3704
-70.1462
-65.144
-60.4457
-56.072
-52.0115
-48.2428
-44.7427
-41.4902
-38.4656
-35.6513
-33.0308
-30.5897
-28.315
-26.1953
-24.22
-22.3796
-20.6654
-19.069
-17.5829
-16.1998
-14.9127
-13.715
-12.6004
-11.5628
-10.5966
-9.69608
-8.85753
-8.1738
-7.59063
-7.01284
-6.43357
-5.87413
-5.28153
-4.78789
-4.09318
-3.86746
-2.69248
-3.46712
-0.506411
-4.54509
-171.263
-167.009
-163.218
-159.531
-155.808
-152.047
-148.221
-144.316
-140.394
-136.392
-132.376
-128.309
-124.224
-120.112
-115.989
-111.855
-107.72
-103.589
-99.4689
-95.3656
-91.2848
-87.2332
-83.2155
-79.2385
-75.3065
-71.4263
-67.6015
-63.839
-60.142
-56.5174
-52.9688
-49.5025
-46.1213
-42.8319
-39.6373
-36.5433
-33.5527
-30.6709
-27.9001
-25.245
-22.7071
-20.2904
-17.9953
-15.8245
-13.7773
-11.8552
-10.0563
-8.38057
-6.8246
-5.38729
-4.06395
-2.85194
-1.74609
-0.742271
0.165062
0.980927
1.71104
2.36099
2.93654
3.44341
3.88752
4.27444
4.60957
4.89845
5.14628
5.35734
5.53778
5.67065
5.774
5.87168
5.96376
6.05238
6.13647
6.21568
6.32421
6.3666
6.4733
7.06513
5.04706
11.7051
-154.962
-156.031
-157.931
-160.576
-163.186
-165.488
-167.458
-169.029
-170.144
-170.755
-170.838
-170.37
-169.342
-167.785
-165.744
-163.232
-160.276
-156.877
-153.053
-148.853
-144.359
-139.67
-134.928
-130.218
-125.567
-120.976
-116.461
-112.01
-107.553
-102.96
-98.0904
-92.821
-87.1566
-81.3098
-75.6667
-70.7006
-66.5831
-62.9742
-59.6018
-56.403
-53.3303
-50.3532
-47.4746
-44.7053
-42.0532
-39.5203
-37.1054
-34.8057
-32.6185
-30.54
-28.5663
-26.6935
-24.9181
-23.2365
-21.6455
-20.1417
-18.7219
-17.3828
-16.1211
-14.9334
-13.8164
-12.7665
-11.7798
-10.853
-9.98272
-9.16499
-8.39795
-7.76802
-7.22856
-6.69277
-6.15133
-5.62825
-5.06686
-4.60541
-3.9369
-3.73582
-2.59856
-3.36115
-0.510118
-4.45269
-153.063
-150.25
-147.139
-143.862
-140.505
-137.084
-133.609
-130.09
-126.524
-122.921
-119.288
-115.626
-111.945
-108.247
-104.542
-100.834
-97.1301
-93.4346
-89.7557
-86.0969
-82.4659
-78.8653
-75.3022
-71.7792
-68.303
-64.8748
-61.5009
-58.1827
-54.9254
-51.73
-48.6022
-45.5425
-42.5559
-39.6435
-36.8103
-34.0574
-31.3897
-28.8083
-26.3181
-23.9199
-21.6186
-19.4146
-17.312
-15.3109
-13.4145
-11.6221
-9.93586
-8.35414
-6.87779
-5.50421
-4.23281
-3.06023
-1.98452
-1.0015
-0.108082
0.700425
1.42818
2.08006
2.66084
3.17568
3.62943
4.02719
4.37407
4.67488
4.93465
5.15761
5.34975
5.49256
5.60472
5.71134
5.81216
5.90864
5.99962
6.08386
6.19361
6.25098
6.34279
6.94732
5.03083
11.358
-111.178
-111.639
-111.731
-111.976
-112.504
-113.175
-113.863
-114.506
-115.035
-115.386
-115.488
-115.297
-114.755
-113.838
-112.502
-110.737
-108.524
-105.896
-102.89
-99.5478
-95.9046
-92.0102
-87.9145
-83.7054
-79.5042
-75.4225
-71.5124
-67.8126
-64.3599
-61.1805
-58.2557
-55.5426
-52.9577
-50.4102
-47.8969
-45.5675
-43.6911
-42.199
-40.741
-39.2625
-37.8266
-36.4262
-35.0391
-33.6539
-32.265
-30.8727
-29.4798
-28.0919
-26.7147
-25.3546
-24.017
-22.707
-21.4288
-20.1863
-18.9824
-17.8197
-16.6999
-15.6243
-14.5936
-13.6082
-12.6677
-11.7716
-10.9189
-10.1083
-9.33877
-8.60821
-7.91681
-7.3443
-6.85081
-6.35867
-5.85705
-5.37104
-4.84418
-4.41228
-3.77893
-3.58952
-2.51395
-3.23023
-0.532134
-4.31193
-109.949
-108.209
-106.507
-104.718
-102.89
-101.007
-99.0722
-97.0882
-95.0509
-92.9682
-90.8346
-88.6577
-86.4336
-84.1695
-81.8629
-79.5202
-77.1405
-74.7307
-72.2898
-69.8256
-67.3378
-64.8341
-62.3149
-59.7883
-57.2556
-54.7244
-52.1963
-49.6791
-47.1745
-44.69
-42.2278
-39.7948
-37.3929
-35.0291
-32.7054
-30.4282
-28.1996
-26.0258
-23.9089
-21.8545
-19.8646
-17.9448
-16.0965
-14.3247
-12.6303
-11.0175
-9.48675
-8.04086
-6.67944
-5.40418
-4.21374
-3.10855
-2.08629
-1.14617
-0.284948
0.499484
1.21077
1.8522
2.42776
2.94133
3.39725
3.7997
4.15288
4.4613
4.72948
4.96148
5.16286
5.31381
5.43328
5.54755
5.65605
5.7593
5.85657
5.94657
6.05833
6.12894
6.21892
6.79972
5.03424
10.9892
-74.8284
-74.8284
-74.6101
-74.2536
-73.7071
-73.0739
-72.5107
-72.0349
-71.6128
-71.2018
-70.78
-70.3018
-69.736
-69.0322
-68.1626
-67.0858
-65.7837
-64.226
-62.4102
-60.3206
-57.9719
-55.3796
-52.5889
-49.6415
-46.5952
-43.5239
-40.5312
-37.6773
-34.9619
-32.3745
-29.9344
-27.6826
-25.6951
-24.0609
-22.8827
-22.2482
-22.2666
-22.9306
-23.7299
-24.2128
-24.4082
-24.416
-24.2771
-24.015
-23.6455
-23.1787
-22.626
-21.9984
-21.3079
-20.5661
-19.7842
-18.9721
-18.1397
-17.2951
-16.4459
-15.5985
-14.7587
-13.9311
-13.1196
-12.3272
-11.5565
-10.8093
-10.0866
-9.38965
-8.71904
-8.0745
-7.45741
-6.9414
-6.49244
-6.0421
-5.57906
-5.12923
-4.63574
-4.2333
-3.6314
-3.46013
-2.42719
-3.13387
-0.514461
-4.24137
-74.3221
-73.5439
-72.7804
-71.9565
-71.1078
-70.2171
-69.2923
-68.3256
-67.3228
-66.2771
-65.1928
-64.0647
-62.8975
-61.6862
-60.435
-59.1393
-57.8044
-56.426
-55.0092
-53.5503
-52.0545
-50.5191
-48.9496
-47.3436
-45.7069
-44.0387
-42.3443
-40.6238
-38.8832
-37.1234
-35.351
-33.5675
-31.7797
-29.9898
-28.205
-26.428
-24.6659
-22.9218
-21.2027
-19.5117
-17.8555
-16.2375
-14.6638
-13.1373
-11.6638
-10.2456
-8.88756
-7.59129
-6.36068
-5.19639
-4.1011
-3.07452
-2.11802
-1.23026
-0.411254
0.341144
1.02815
1.6526
2.21686
2.72428
3.17779
3.58093
3.93745
4.25096
4.52546
4.76471
4.97376
5.13165
5.25753
5.37831
5.49349
5.60361
5.70794
5.80571
5.92328
6.00494
6.09783
6.66476
4.98022
10.7137
-44.2102
-43.7599
-43.1572
-42.5412
-41.8432
-40.945
-39.8278
-38.6195
-37.4352
-36.3122
-35.2407
-34.2218
-33.2386
-32.2843
-31.332
-30.3689
-29.3645
-28.306
-27.1673
-25.9416
-24.609
-23.1708
-21.6179
-19.959
-18.2014
-16.3773
-14.5306
-12.7442
-11.0955
-9.62228
-8.3289
-7.21945
-6.306
-5.63298
-5.28803
-5.38815
-6.05514
-7.44275
-9.38144
-11.2391
-12.7012
-13.8321
-14.7029
-15.3574
-15.8243
-16.1244
-16.2748
-16.2926
-16.1937
-15.9935
-15.7061
-15.3448
-14.9213
-14.447
-13.9319
-13.3853
-12.8149
-12.2281
-11.631
-11.0294
-10.4272
-9.82865
-9.23687
-8.65467
-8.08448
-7.52752
-6.98671
-6.52801
-6.12474
-5.71783
-5.29506
-4.88272
-4.42381
-4.05284
-3.48171
-3.33428
-2.33511
-3.05075
-0.480074
-4.19961
-44.2506
-44.1214
-44.0009
-43.8561
-43.698
-43.5227
-43.3268
-43.1109
-42.87
-42.605
-42.31
-41.9869
-41.6297
-41.2399
-40.8116
-40.3467
-39.8396
-39.2923
-38.6997
-38.0639
-37.3805
-36.6521
-35.8753
-35.0527
-34.1817
-33.2658
-32.3028
-31.2968
-30.2468
-29.1574
-28.0285
-26.8652
-25.6686
-24.4441
-23.1939
-21.9242
-20.6376
-19.3408
-18.0371
-16.7335
-15.4338
-14.1449
-12.8706
-11.6179
-10.3904
-9.19452
-8.03354
-6.91315
-5.83584
-4.80633
-3.82627
-2.89923
-2.02575
-1.20809
-0.445819
0.260066
0.910916
1.50717
2.05082
2.54331
2.98729
3.3852
3.73968
4.05392
4.33112
4.57458
4.78871
4.95179
5.08251
5.20852
5.32946
5.4456
5.55662
5.66173
5.78586
5.87643
5.97312
6.52993
4.90184
10.4602
-23.3836
-22.8792
-22.2586
-21.6164
-20.9336
-20.1679
-19.2883
-18.2593
-17.0983
-15.8856
-14.6953
-13.5491
-12.457
-11.4176
-10.4349
-9.50025
-8.61121
-7.75395
-6.92153
-6.09726
-5.2728
-4.43179
-3.56778
-2.6691
-1.73592
-0.766619
0.226113
1.22381
2.1832
3.05625
3.80808
4.42693
4.89629
5.18562
5.23681
4.96581
4.2758
3.03776
1.12782
-1.1628
-3.28276
-5.05892
-6.55034
-7.80948
-8.86655
-9.73758
-10.4354
-10.9735
-11.366
-11.6269
-11.7706
-11.8097
-11.757
-11.6239
-11.4216
-11.16
-10.8483
-10.4951
-10.1085
-9.69488
-9.26076
-8.81141
-8.35174
-7.88614
-7.4185
-6.95159
-6.48903
-6.09
-5.73492
-5.37349
-4.99317
-4.62053
-4.19839
-3.86068
-3.32285
-3.1998
-2.23831
-2.95899
-0.448771
-4.14384
-23.603
-23.7284
-23.8673
-24
-24.1344
-24.2656
-24.3941
-24.5168
-24.633
-24.7395
-24.8359
-24.9184
-24.9863
-25.0354
-25.0653
-25.0717
-25.0535
-25.0063
-24.9296
-24.8187
-24.6733
-24.4887
-24.265
-23.9979
-23.6877
-23.3309
-22.9281
-22.4767
-21.9782
-21.4305
-20.8361
-20.1939
-19.5072
-18.7761
-18.0045
-17.1938
-16.3486
-15.4712
-14.5671
-13.6394
-12.6942
-11.7352
-10.7687
-9.79908
-8.83277
-7.87385
-6.92908
-6.00186
-5.09844
-4.2218
-3.37733
-2.5672
-1.79562
-1.06392
-0.375058
0.270587
0.871421
1.42795
1.93973
2.4083
2.83434
3.21955
3.56602
3.87573
4.15124
4.39523
4.61135
4.77727
4.91115
5.04075
5.16587
5.28693
5.40338
5.51462
5.64349
5.74112
5.84256
6.38187
4.82505
10.1832
-9.825
-9.38292
-8.85224
-8.292
-7.69383
-7.04031
-6.32357
-5.53684
-4.66071
-3.68624
-2.64555
-1.59471
-0.56399
0.433754
1.39282
2.30543
3.16933
3.9796
4.73826
5.44444
6.10382
6.71911
7.29915
7.8487
8.37706
8.88869
9.38931
9.87674
10.3446
10.7681
11.1167
11.3651
11.5066
11.5296
11.4049
11.0766
10.4692
9.4963
8.02818
5.99478
3.73321
1.66229
-0.130366
-1.69963
-3.08601
-4.30624
-5.36564
-6.2697
-7.02548
-7.64274
-8.13088
-8.50061
-8.76177
-8.92475
-8.99898
-8.99416
-8.9192
-8.78337
-8.59424
-8.36007
-8.08737
-7.78287
-7.4526
-7.10209
-6.73633
-6.35924
-5.97592
-5.63749
-5.33142
-5.01649
-4.67973
-4.34757
-3.9635
-3.65973
-3.15723
-3.05786
-2.13847
-2.8588
-0.419133
-4.07434
-10.0874
-10.304
-10.5356
-10.7724
-11.0184
-11.2709
-11.5292
-11.7921
-12.0579
-12.3255
-12.5931
-12.859
-13.1207
-13.3769
-13.6249
-13.8631
-14.0881
-14.2983
-14.4903
-14.6626
-14.8114
-14.9349
-15.0294
-15.0936
-15.1237
-15.1182
-15.0739
-14.99
-14.8633
-14.6935
-14.4783
-14.2179
-13.9109
-13.5586
-13.1601
-12.7177
-12.2318
-11.7056
-11.1403
-10.5403
-9.90772
-9.2475
-8.56292
-7.85949
-7.14069
-6.41319
-5.68021
-4.94838
-4.2211
-3.50461
-2.80203
-2.11888
-1.45775
-0.823133
-0.216864
0.357686
0.899575
1.40654
1.87871
2.31498
2.71609
3.0826
3.41536
3.71576
3.98548
4.2265
4.44165
4.60828
4.74345
4.87501
5.00296
5.12731
5.24785
5.36384
5.49641
5.59934
5.70736
6.22104
4.74766
9.89223
-1.61134
-1.25337
-0.838438
-0.399061
0.0696541
0.57684
1.12504
1.71535
2.35161
3.042
3.79362
4.59674
5.42056
6.24077
7.04601
7.83004
8.58437
9.30302
9.97864
10.6075
11.1843
11.7091
12.1802
12.6017
12.9758
13.3098
13.608
13.8776
14.1206
14.3364
14.5115
14.6249
14.6581
14.6064
14.4606
14.1936
13.7534
13.0714
12.0675
10.6094
8.68356
6.61708
4.71209
3.01601
1.48559
0.0925984
-1.16958
-2.29827
-3.29411
-4.15962
-4.90046
-5.52198
-6.03126
-6.43458
-6.73966
-6.9538
-7.08547
-7.14183
-7.13134
-7.06075
-6.93762
-6.76898
-6.56144
-6.32115
-6.05388
-5.76472
-5.45875
-5.18049
-4.92341
-4.65463
-4.36143
-4.07001
-3.72458
-3.45489
-2.98884
-2.91251
-2.03663
-2.75594
-0.38649
-4.00298
-1.85612
-2.08107
-2.31825
-2.56419
-2.82009
-3.08553
-3.35951
-3.64214
-3.93203
-4.22917
-4.53193
-4.83992
-5.15126
-5.46529
-5.77991
-6.09402
-6.40526
-6.71213
-7.01226
-7.30368
-7.58386
-7.85037
-8.10067
-8.33214
-8.54235
-8.72826
-8.8877
-9.0177
-9.11631
-9.18066
-9.20923
-9.1995
-9.15063
-9.06058
-8.92922
-8.75527
-8.53949
-8.28151
-7.98296
-7.6445
-7.26871
-6.85726
-6.41381
-5.94041
-5.44246
-4.92204
-4.38513
-3.83448
-3.27618
-2.71329
-2.15175
-1.59457
-1.04714
-0.512137
0.00590546
0.504876
0.981101
1.4334
1.85908
2.25783
2.62854
2.97107
3.28557
3.5725
3.83278
4.06771
4.27923
4.44447
4.57943
4.71142
4.84049
4.9669
5.09022
5.21008
5.34521
5.45168
5.5679
6.05098
4.66302
9.60003
3.2941
3.56728
3.87558
4.20163
4.54978
4.92521
5.32757
5.75775
6.21757
6.70934
7.23515
7.79886
8.39953
9.02396
9.65418
10.2818
10.9023
11.5087
12.0931
12.6475
13.1655
13.6403
14.0684
14.4464
14.7751
15.055
15.2915
15.4879
15.651
15.7836
15.8882
15.9569
15.9741
15.9243
15.8044
15.6078
15.3099
14.8639
14.2101
13.2657
11.9062
10.1638
8.32135
6.59858
5.02595
3.57196
2.21987
0.970353
-0.168581
-1.19489
-2.10811
-2.9107
-3.60466
-4.19382
-4.68215
-5.07562
-5.37928
-5.60031
-5.74434
-5.81854
-5.82978
-5.78503
-5.69079
-5.55357
-5.37944
-5.17393
-4.94294
-4.72309
-4.51378
-4.29052
-4.04065
-3.78968
-3.48313
-3.2475
-2.81843
-2.76527
-1.93314
-2.65254
-0.350437
-3.93288
3.09118
2.89557
2.68916
2.47384
2.24782
2.01236
1.76646
1.51139
1.24626
0.97261
0.689785
0.399346
0.100954
-0.203613
-0.514381
-0.829392
-1.14834
-1.46912
-1.79099
-2.11166
-2.42994
-2.74348
-3.05064
-3.34885
-3.63624
-3.91018
-4.16831
-4.40813
-4.62715
-4.82294
-4.99287
-5.13492
-5.24663
-5.32623
-5.37165
-5.38181
-5.35508
-5.29108
-5.18896
-5.04912
-4.87157
-4.65789
-4.40836
-4.12664
-3.81299
-3.47207
-3.1052
-2.71752
-2.31115
-1.89156
-1.46134
-1.02585
-0.587928
-0.152599
0.277543
0.69797
1.10662
1.49963
1.87574
2.23242
2.56859
2.88308
3.1754
3.44514
3.69267
3.91858
4.12392
4.28599
4.41915
4.55008
4.67906
4.80605
4.93088
5.0533
5.19024
5.29853
5.42373
5.87309
4.57068
9.30678
6.18502
6.39148
6.61913
6.85791
7.11293
7.38685
7.67871
7.98787
8.31643
8.66587
9.03703
9.43032
9.84742
10.2902
10.7561
11.2349
11.7178
12.2018
12.6821
13.1514
13.6006
14.0224
14.4097
14.7587
15.0659
15.332
15.5577
15.7472
15.9042
16.0341
16.14
16.2241
16.2798
16.2925
16.2456
16.1352
15.9549
15.6796
15.2673
14.6623
13.7815
12.5233
10.9483
9.2991
7.72807
6.264
4.89023
3.59605
2.38457
1.2659
0.244006
-0.678493
-1.5018
-2.2257
-2.85268
-3.38462
-3.82626
-4.18096
-4.45428
-4.65185
-4.77992
-4.84451
-4.85188
-4.80837
-4.72008
-4.59303
-4.43245
-4.26831
-4.10531
-3.92612
-3.71859
-3.50748
-3.23962
-3.03775
-2.64612
-2.61575
-1.82769
-2.54743
-0.312289
-3.86163
6.02035
5.85596
5.68331
5.50176
5.31156
5.11191
4.9035
4.6855
4.45877
4.22254
3.9778
3.72386
3.46191
3.19145
2.91373
2.62852
2.33731
2.04011
1.73852
1.43293
1.12514
0.815863
0.507068
0.199909
-0.103531
-0.401718
-0.692358
-0.973651
-1.24324
-1.49899
-1.73848
-1.9595
-2.1598
-2.33699
-2.48912
-2.61404
-2.71009
-2.77552
-2.80921
-2.80994
-2.77746
-2.71063
-2.61122
-2.4778
-2.31332
-2.11751
-1.89401
-1.64355
-1.37045
-1.0762
-0.765429
-0.440359
-0.105754
0.235947
0.580067
0.92428
1.26409
1.59772
1.92169
2.23415
2.53276
2.81621
3.08299
3.33256
3.56442
3.77866
3.97553
4.13256
4.26257
4.39113
4.51851
4.6449
4.7699
4.8938
5.03114
5.13973
5.27378
5.687
4.47176
9.0081
7.79225
7.94755
8.11642
8.29287
8.48077
8.68254
8.897
9.1236
9.36352
9.61808
9.88767
10.1723
10.4723
10.7885
11.1224
11.4755
11.8446
12.2229
12.606
12.9886
13.3644
13.725
14.0641
14.3764
14.6599
14.9135
15.1387
15.3372
15.5129
15.6684
15.8072
15.9306
16.0377
16.1214
16.167
16.1575
16.0823
15.9307
15.6789
15.2886
14.7103
13.8626
12.6818
11.2428
9.73588
8.28017
6.91056
5.61645
4.38875
3.23114
2.15396
1.16237
0.259949
-0.552713
-1.27421
-1.90646
-2.44978
-2.90741
-3.28287
-3.58074
-3.80567
-3.96297
-4.05811
-4.09719
-4.0857
-4.02957
-3.9339
-3.82187
-3.70244
-3.56517
-3.39835
-3.22564
-2.99563
-2.82671
-2.47222
-2.46425
-1.72053
-2.44011
-0.272441
-3.78721
7.66105
7.5272
7.38644
7.23834
7.08245
6.91884
6.74709
6.56732
6.37918
6.18284
5.978
5.76493
5.54344
5.3139
5.07621
4.83086
4.57795
4.31813
4.05161
3.77925
3.50153
3.21954
2.93393
2.64605
2.35687
2.06799
1.78063
1.49661
1.21745
0.945172
0.681644
0.428918
0.189015
-0.0359005
-0.243715
-0.432368
-0.599833
-0.744216
-0.863727
-0.956952
-1.02205
-1.05908
-1.06559
-1.0429
-0.989394
-0.907188
-0.795607
-0.6575
-0.493037
-0.305593
-0.09633
0.130885
0.374335
0.629844
0.895426
1.16654
1.44146
1.71636
1.98892
2.25616
2.51607
2.76629
3.00572
3.23272
3.44669
3.64701
3.83325
3.98369
4.10915
4.23401
4.35875
4.4832
4.60716
4.73109
4.86776
4.97535
5.11777
5.49279
4.36675
8.70348
8.6288
8.74917
8.87959
9.01607
9.16121
9.31649
9.48161
9.65585
9.84027
10.0356
10.2425
10.4607
10.6908
10.9332
11.1888
11.4576
11.7406
12.0371
12.3435
12.6528
12.959
13.2559
13.5396
13.8067
14.0562
14.2874
14.5018
14.7001
14.8849
15.0569
15.2182
15.3692
15.509
15.6343
15.737
15.8017
15.8094
15.7437
15.5926
15.3346
14.9374
14.3571
13.5307
12.4147
11.0846
9.69541
8.34489
7.06767
5.85868
4.70894
3.62148
2.60615
1.66791
0.810391
0.0337406
-0.65962
-1.27036
-1.79952
-2.24953
-2.62305
-2.92362
-3.15534
-3.32302
-3.43168
-3.48626
-3.49252
-3.45458
-3.38981
-3.3107
-3.21234
-3.08365
-2.94729
-2.7536
-2.61623
-2.29831
-2.31163
-1.61218
-2.33057
-0.23104
-3.70947
8.52326
8.41335
8.2983
8.17697
8.04944
7.91533
7.77452
7.62675
7.47186
7.30967
7.14006
6.96289
6.77809
6.58565
6.38553
6.17782
5.96258
5.74006
5.51037
5.27397
5.0311
4.78242
4.52831
4.26969
4.00711
3.74177
3.47446
3.20658
2.93916
2.67389
2.41209
2.15565
1.90609
1.6655
1.43559
1.21844
1.01592
0.829912
0.662249
0.514705
0.388593
0.286287
0.208105
0.15613
0.12967
0.13037
0.156885
0.210188
0.288275
0.391134
0.516115
0.662531
0.827164
1.00878
1.20338
1.40972
1.62419
1.84447
2.06752
2.29093
2.51193
2.72897
2.93978
3.14308
3.33744
3.52213
3.69607
3.83839
3.95817
4.07829
4.19906
4.32056
4.44226
4.56526
4.69984
4.80535
4.95531
5.2908
4.25506
8.39238
9.02243
9.11719
9.21914
9.32714
9.44249
9.56621
9.69762
9.83639
9.9828
10.1382
10.3031
10.4779
10.6625
10.8577
11.0636
11.2807
11.5084
11.7461
11.9917
12.2421
12.4919
12.7365
12.9718
13.1964
13.4091
13.6104
13.8001
13.9794
14.1486
14.3084
14.4589
14.6005
14.7321
14.8522
14.9568
15.038
15.0816
15.068
14.9797
14.8041
14.5236
14.1128
13.536
12.741
11.7017
10.4879
9.22313
7.98803
6.81613
5.70692
4.65235
3.65429
2.72097
1.85605
1.06349
0.344252
-0.300586
-0.871169
-1.368
-1.79252
-2.14681
-2.43408
-2.65777
-2.82201
-2.9309
-2.98933
-3.00121
-2.97813
-2.93514
-2.87186
-2.77823
-2.67545
-2.51599
-2.40832
-2.12567
-2.15908
-1.5035
-2.21954
-0.188543
-3.62873
8.93568
8.84304
8.74624
8.64391
8.53631
8.42308
8.30411
8.17913
8.04802
7.91052
7.76656
7.61589
7.45852
7.2942
7.12303
6.94479
6.75972
6.56763
6.36886
6.1633
5.95149
5.73337
5.50965
5.2804
5.04655
4.80833
4.56685
4.32254
4.07673
3.83007
3.58413
3.33979
3.09876
2.86219
2.63196
2.4094
2.19652
1.99479
1.80619
1.63228
1.47481
1.33508
1.2147
1.11452
1.03645
0.980625
0.948576
0.939569
0.95447
0.991918
1.05216
1.13316
1.23458
1.35333
1.48893
1.6384
1.79983
1.97055
2.14823
2.33011
2.51447
2.69877
2.88144
3.06034
3.23441
3.40224
3.56254
3.69566
3.80873
3.92297
4.03898
4.15639
4.27487
4.39565
4.52717
4.62977
4.78629
5.08163
4.13666
8.07499
8.96922
9.04606
9.12713
9.21288
9.30466
9.40307
9.50769
9.6178
9.73344
9.85567
9.98527
10.1226
10.2675
10.4202
10.5809
10.7495
10.9259
11.11
11.3009
11.4968
11.6941
11.8893
12.0792
12.2622
12.4373
12.6043
12.7632
12.9139
13.0565
13.1908
13.3162
13.4324
13.5383
13.633
13.7144
13.7792
13.8209
13.8278
13.7826
13.6691
13.475
13.1871
12.7857
12.2415
11.5129
10.5839
9.51121
8.39159
7.29286
6.24775
5.25878
4.31859
3.42716
2.5917
1.81627
1.1034
0.454567
-0.128983
-0.646501
-1.09805
-1.48474
-1.80841
-2.07127
-2.27652
-2.42658
-2.52703
-2.57957
-2.59197
-2.58009
-2.54778
-2.48527
-2.41288
-2.285
-2.20469
-1.95578
-2.00754
-1.39512
-2.10716
-0.145637
-3.54452
8.89584
8.81608
8.73303
8.64559
8.55364
8.45734
8.35601
8.25003
8.13865
8.0223
7.90021
7.77285
7.63946
7.50054
7.35539
7.20452
7.04728
6.88426
6.71488
6.53978
6.35848
6.17172
5.97911
5.78151
5.57867
5.37155
5.16009
4.9454
4.72757
4.50787
4.28666
4.06537
3.8445
3.62569
3.40969
3.19826
2.99236
2.79384
2.60379
2.42415
2.25605
2.10134
1.96116
1.83709
1.73004
1.64146
1.57179
1.52243
1.49322
1.48502
1.49699
1.52956
1.5808
1.651
1.73802
1.8406
1.95678
2.08461
2.22177
2.36669
2.51691
2.67082
2.82612
2.98133
3.13476
3.28527
3.43113
3.55413
3.65966
3.76731
3.87743
3.98996
4.10421
4.22203
4.34925
4.44838
4.61016
4.86548
4.01136
7.74914
8.56293
8.6212
8.68114
8.74442
8.81135
8.8829
8.95888
9.03873
9.12175
9.20863
9.29989
9.39587
9.49628
9.60124
9.71075
9.82466
9.94294
10.0668
10.1969
10.3322
10.4704
10.6092
10.7464
10.8808
11.0118
11.1387
11.2616
11.3803
11.4944
11.6031
11.706
11.8015
11.8887
11.9656
12.0309
12.082
12.1162
12.128
12.1087
12.0442
11.9217
11.7305
11.4606
11.0963
10.6139
9.98166
9.18832
8.27543
7.3176
6.37281
5.4717
4.61753
3.80393
3.03054
2.30227
1.62351
0.997367
0.426313
-0.0879144
-0.544411
-0.943183
-1.28468
-1.5702
-1.80104
-1.98019
-2.11094
-2.19523
-2.23569
-2.24998
-2.24353
-2.20805
-2.16224
-2.06276
-2.00707
-1.78978
-1.85783
-1.28791
-1.9935
-0.103278
-3.4558
8.50155
8.43274
8.36157
8.2863
8.20771
8.1252
8.03899
7.94856
7.85413
7.75522
7.65208
7.54421
7.43192
7.31471
7.19292
7.06605
6.93448
6.79773
6.65621
6.50949
6.35805
6.20147
6.04034
5.87429
5.70401
5.52921
5.35071
5.16832
4.98298
4.79463
4.60442
4.41242
4.2199
4.02713
3.83559
3.64568
3.45905
3.27628
3.09915
2.92834
2.76573
2.61213
2.46938
2.33831
2.22058
2.11694
2.0288
1.95662
1.90153
1.86364
1.84395
1.84176
1.85792
1.8912
1.94107
2.00638
2.08581
2.1777
2.28091
2.39337
2.51364
2.6396
2.7698
2.90223
3.03579
3.16899
3.30004
3.41233
3.50976
3.60989
3.71364
3.82037
3.92967
4.04341
4.16552
4.26095
4.42646
4.64238
3.87955
7.41339
7.72356
7.76999
7.81643
7.86421
7.91388
7.96599
8.02129
8.07894
8.13828
8.19931
8.26258
8.32819
8.39601
8.46592
8.53797
8.61183
8.68715
8.76532
8.8478
8.93467
9.02417
9.11486
9.20506
9.29423
9.3815
9.46711
9.5506
9.63245
9.71202
9.78953
9.86383
9.93449
9.99974
10.0586
10.1087
10.1486
10.1753
10.1865
10.1774
10.1414
10.0681
9.94807
9.77321
9.53626
9.2251
8.82223
8.30464
7.66253
6.92247
6.1402
5.36342
4.61654
3.90008
3.20907
2.54729
1.92267
1.34034
0.802896
0.312271
-0.129973
-0.522468
-0.864942
-1.15676
-1.40002
-1.59488
-1.74567
-1.85128
-1.91321
-1.94778
-1.96237
-1.94913
-1.92579
-1.85118
-1.81688
-1.62902
-1.71056
-1.18279
-1.87815
-0.0627163
-3.36048
7.67263
7.61565
7.55734
7.49664
7.43348
7.36801
7.29976
7.22904
7.1553
7.07887
6.99918
6.91656
6.83037
6.74098
6.64774
6.55105
6.45023
6.34576
6.2369
6.12422
6.00702
5.88591
5.76021
5.63062
5.49653
5.35871
5.21662
5.07115
4.92183
4.7697
4.61441
4.45713
4.29762
4.13722
3.97584
3.81496
3.65466
3.49656
3.34091
3.18942
3.0425
2.90194
2.76824
2.64321
2.52738
2.42248
2.32901
2.24847
2.18117
2.12835
2.09005
2.06736
2.05992
2.06798
2.09098
2.12846
2.17942
2.2433
2.31862
2.40433
2.49869
2.60046
2.70788
2.81963
2.93443
3.05087
3.16711
3.26847
3.35724
3.44969
3.54617
3.64658
3.75015
3.85925
3.97533
4.06707
4.23455
4.41191
3.7419
7.06445
6.84578
6.88075
6.91441
6.94857
6.98294
7.01836
7.05545
7.09401
7.13308
7.17275
7.21328
7.255
7.29777
7.34157
7.3865
7.43256
7.47924
7.52596
7.57355
7.62281
7.67368
7.72453
7.77444
7.82207
7.86762
7.91049
7.95165
7.99081
8.02917
8.06624
8.10298
8.13829
8.17249
8.20383
8.23178
8.25383
8.26877
8.27342
8.26561
8.24078
8.19388
8.11692
8.00355
7.84789
7.64501
7.38662
7.06194
6.65633
6.16132
5.58965
4.97629
4.35324
3.74194
3.14806
2.57195
2.01924
1.49731
1.01008
0.559713
0.148489
-0.221881
-0.549302
-0.834046
-1.07562
-1.27507
-1.43419
-1.5522
-1.62795
-1.67731
-1.70735
-1.71152
-1.706
-1.65247
-1.63577
-1.47502
-1.56611
-1.08152
-1.75941
-0.0266908
-3.25534
6.80539
6.75925
6.71234
6.66321
6.61266
6.56009
6.50588
6.4495
6.39134
6.33078
6.26826
6.20312
6.13585
6.06572
5.99328
5.91776
5.83976
5.75848
5.67455
5.58715
5.49698
5.40319
5.30652
5.20614
5.10285
4.99583
4.88597
4.77246
4.65629
4.53673
4.4149
4.29015
4.16366
4.03496
3.90535
3.77446
3.64373
3.51297
3.38372
3.25593
3.13126
3.00983
2.89334
2.78202
2.67758
2.58035
2.49199
2.4128
2.34429
2.28667
2.2412
2.20785
2.18749
2.17985
2.18534
2.20348
2.23434
2.27703
2.33101
2.39509
2.46832
2.54941
2.63724
2.73049
2.82804
2.9286
3.03057
3.1209
3.20121
3.28532
3.37442
3.46784
3.56518
3.66864
3.778
3.86634
4.03375
4.17291
3.60082
6.69796
5.96959
5.99589
6.02065
6.04557
6.07049
6.09556
6.12178
6.14877
6.17605
6.20339
6.23127
6.25975
6.28888
6.31857
6.34889
6.37992
6.41163
6.44379
6.47543
6.50589
6.5348
6.56234
6.58708
6.60802
6.62317
6.63226
6.63421
6.63003
6.61961
6.60513
6.58712
6.56818
6.5483
6.52954
6.51075
6.49223
6.47149
6.44668
6.41375
6.36961
6.3094
6.22901
6.1245
5.9959
5.84648
5.68302
5.5123
5.3373
5.14504
4.89954
4.55416
4.08466
3.51753
2.94053
2.41925
1.94862
1.50398
1.07857
0.678569
0.309271
-0.0260215
-0.3271
-0.592343
-0.822153
-1.01517
-1.17378
-1.29528
-1.37843
-1.43709
-1.47786
-1.49468
-1.50272
-1.46682
-1.4635
-1.32859
-1.42363
-0.985918
-1.63539
0.00043734
-3.13581
5.93703
5.89974
5.8618
5.82247
5.78184
5.74008
5.69676
5.65223
5.60599
5.55845
5.509
5.45811
5.40513
5.35059
5.29379
5.23529
5.17436
5.11163
5.04631
4.97909
4.90913
4.83719
4.76243
4.68564
4.60596
4.52424
4.43959
4.35292
4.26341
4.17202
4.07795
3.98223
3.88414
3.78481
3.68364
3.58176
3.47875
3.37584
3.27274
3.17075
3.06975
2.97113
2.87493
2.78255
2.6942
2.61124
2.53402
2.46382
2.40106
2.34685
2.30158
2.2661
2.24069
2.22587
2.22178
2.22864
2.24633
2.2746
2.31298
2.36084
2.41746
2.48197
2.55346
2.63076
2.71304
2.79924
2.88765
2.96755
3.03909
3.11506
3.19621
3.28222
3.37279
3.4705
3.5725
3.65838
3.82392
3.92338
3.46006
6.30972
4.72817
4.74597
4.76154
4.77646
4.79048
4.80387
4.81773
4.8318
4.84553
4.85864
4.87148
4.88408
4.89645
4.9083
4.9196
4.93038
4.94046
4.94977
4.95794
4.96484
4.96943
4.97124
4.9696
4.96484
4.95542
4.94094
4.92025
4.89403
4.86164
4.82491
4.78396
4.74152
4.69778
4.65573
4.61521
4.57854
4.54513
4.516
4.48927
4.4651
4.4407
4.41454
4.38261
4.34217
4.28983
4.22432
4.14232
4.03824
3.89887
3.70479
3.43898
3.1163
2.76592
2.39604
2.01563
1.64656
1.2947
0.957453
0.635578
0.333322
0.0534394
-0.20187
-0.431301
-0.633564
-0.807303
-0.953487
-1.06896
-1.15224
-1.21546
-1.26205
-1.28801
-1.30517
-1.28586
-1.29071
-1.18544
-1.27426
-0.897201
-1.49656
0.0130441
-3.00137
4.70484
4.67808
4.65109
4.62347
4.59518
4.56646
4.53686
4.50688
4.4759
4.44448
4.412
4.37895
4.34472
4.3099
4.27374
4.23684
4.19852
4.15939
4.11866
4.07701
4.03362
3.98928
3.94306
3.89574
3.84645
3.79602
3.74351
3.68981
3.63395
3.57692
3.51774
3.4574
3.39501
3.33164
3.2664
3.20043
3.13292
3.06509
2.99625
2.92764
2.85869
2.79071
2.72335
2.65793
2.59419
2.53349
2.47576
2.42228
2.37311
2.32948
2.2915
2.26028
2.23596
2.21941
2.21073
2.21052
2.21873
2.23558
2.26082
2.2943
2.33558
2.38422
2.4395
2.50073
2.56743
2.63861
2.71319
2.78196
2.84483
2.91225
2.98529
3.06343
3.14712
3.23812
3.33117
3.41663
3.57989
3.63382
3.31257
5.86602
3.45556
3.46896
3.48
3.48944
3.49705
3.50362
3.51054
3.51759
3.52395
3.52924
3.53378
3.53772
3.54103
3.54347
3.5449
3.54541
3.54481
3.54309
3.53997
3.53561
3.52983
3.52272
3.51333
3.50151
3.48699
3.47058
3.45102
3.42778
3.39949
3.36729
3.33061
3.29126
3.24892
3.20623
3.16325
3.12296
3.08558
3.05371
3.02685
3.00649
2.99051
2.97848
2.96515
2.94578
2.91163
2.85444
2.76445
2.63394
2.4584
2.24528
2.01418
1.79302
1.6006
1.42639
1.23252
1.00734
0.774039
0.549575
0.333603
0.125256
-0.0735873
-0.25948
-0.430058
-0.583405
-0.717663
-0.833425
-0.926091
-0.997085
-1.05401
-1.0968
-1.12191
-1.14113
-1.12884
-1.13982
-1.05078
-1.14374
-0.798183
-1.38693
0.0597356
-2.93107
3.43844
3.41945
3.40055
3.38169
3.36265
3.34379
3.32465
3.30574
3.28647
3.26744
3.24798
3.22872
3.20898
3.18946
3.16934
3.14938
3.12879
3.10832
3.08713
3.06599
3.04401
3.02208
2.99923
2.97628
2.95236
2.92831
2.9032
2.8779
2.8514
2.82464
2.79664
2.76831
2.73869
2.70874
2.6775
2.64593
2.61315
2.58015
2.54609
2.51201
2.47712
2.44249
2.40749
2.37321
2.3391
2.3063
2.27441
2.24455
2.21647
2.19125
2.1688
2.15013
2.13525
2.12509
2.11973
2.1199
2.12567
2.13753
2.15546
2.17964
2.20992
2.24622
2.28817
2.33553
2.38826
2.44577
2.50697
2.56545
2.6198
2.67891
2.74369
2.81382
2.88952
2.97269
3.05584
3.13822
3.30218
3.32415
3.09548
5.50373
2.47644
2.486
2.49456
2.5017
2.50642
2.50958
2.51327
2.51729
2.52069
2.52272
2.52391
2.52446
2.52454
2.52375
2.522
2.51925
2.51545
2.51062
2.50463
2.49748
2.4889
2.47911
2.4678
2.45515
2.44015
2.4222
2.40004
2.37433
2.3435
2.30633
2.26046
2.20712
2.14609
2.07969
2.00797
1.93371
1.85746
1.78227
1.70856
1.63855
1.57158
1.50934
1.44936
1.39177
1.33354
1.27316
1.20856
1.14083
1.07067
0.99976
0.926972
0.847089
0.7511
0.639296
0.517082
0.383749
0.240732
0.10025
-0.0319505
-0.158849
-0.282457
-0.400663
-0.511058
-0.611885
-0.701401
-0.780189
-0.843048
-0.894638
-0.939816
-0.973097
-0.992206
-1.00782
-0.997185
-1.00976
-0.931016
-1.02658
-0.704015
-1.28826
0.113012
-2.86732
2.46382
2.45033
2.43693
2.42395
2.41093
2.39843
2.38586
2.37379
2.36166
2.35007
2.33836
2.32718
2.31593
2.30523
2.29441
2.28414
2.27375
2.2639
2.25391
2.2444
2.23468
2.22545
2.216
2.20699
2.19771
2.18883
2.17961
2.17078
2.16153
2.1526
2.14321
2.13407
2.12441
2.11497
2.10491
2.09503
2.08452
2.07418
2.06321
2.05246
2.04117
2.03018
2.01878
2.00782
1.99674
1.98635
1.97614
1.96695
1.95842
1.95135
1.94548
1.94159
1.93957
1.94014
1.9433
1.94971
1.95942
1.97294
1.99034
2.01193
2.03778
2.068
2.10249
2.14128
2.1847
2.23225
2.28303
2.33238
2.37911
2.43013
2.48692
2.54876
2.61677
2.69246
2.76733
2.84714
3.00998
3.00973
2.85337
5.13473
1.62481
1.63119
1.63579
1.63875
1.63942
1.63838
1.63773
1.63738
1.63651
1.6344
1.63146
1.62797
1.62402
1.6193
1.61361
1.60702
1.5995
1.59117
1.58186
1.57167
1.56034
1.54806
1.5345
1.51994
1.504
1.48701
1.46809
1.44685
1.4218
1.39295
1.35865
1.31724
1.26563
1.20464
1.13471
1.05836
0.976042
0.890706
0.803188
0.716708
0.631663
0.551161
0.474621
0.40374
0.337327
0.275645
0.216694
0.160739
0.108412
0.062204
0.0229925
-0.0097527
-0.0429634
-0.0843627
-0.136441
-0.193103
-0.253039
-0.317214
-0.38085
-0.440006
-0.496959
-0.552933
-0.607158
-0.65808
-0.704068
-0.745804
-0.777881
-0.808919
-0.840666
-0.863325
-0.874213
-0.8846
-0.873194
-0.885615
-0.815003
-0.910766
-0.610612
-1.18553
0.165889
-2.78142
1.61695
1.60873
1.60077
1.59342
1.5862
1.57973
1.57333
1.5677
1.56217
1.55746
1.55283
1.54902
1.54537
1.54254
1.53986
1.53806
1.53643
1.53567
1.5351
1.53537
1.53584
1.53716
1.53868
1.54101
1.54351
1.54679
1.55021
1.55437
1.55862
1.56353
1.56847
1.57399
1.57946
1.58542
1.59121
1.59738
1.60331
1.60952
1.61539
1.62148
1.6272
1.6331
1.63861
1.6443
1.64968
1.65532
1.66076
1.66656
1.67236
1.67875
1.68543
1.69297
1.7012
1.71068
1.72134
1.73371
1.7478
1.76408
1.78261
1.80373
1.82757
1.85438
1.88413
1.91706
1.95366
1.99358
2.0356
2.07728
2.11726
2.16115
2.21022
2.26422
2.32453
2.3929
2.46008
2.53801
2.69611
2.68108
2.58892
4.71539
0.87076
0.868751
0.866765
0.864917
0.860677
0.854024
0.847529
0.841646
0.835723
0.828754
0.821119
0.812968
0.804603
0.795614
0.786025
0.775725
0.764936
0.753565
0.741688
0.72921
0.716139
0.702476
0.688181
0.673278
0.657583
0.641278
0.624123
0.606341
0.587476
0.56733
0.544249
0.517653
0.485699
0.446139
0.395246
0.333281
0.261317
0.182217
0.0970416
0.00887408
-0.0811926
-0.169576
-0.255383
-0.335888
-0.410941
-0.479008
-0.54094
-0.596944
-0.647751
-0.691818
-0.726999
-0.750088
-0.759319
-0.755908
-0.746154
-0.734817
-0.723363
-0.713843
-0.70769
-0.702197
-0.696033
-0.69197
-0.692493
-0.697275
-0.703885
-0.712296
-0.716445
-0.728237
-0.747393
-0.759285
-0.761832
-0.765679
-0.752606
-0.763136
-0.698928
-0.79322
-0.51348
-1.0758
0.223872
-2.67467
0.871674
0.872441
0.873297
0.87463
0.87603
0.878039
0.880124
0.882888
0.885763
0.889402
0.893186
0.897756
0.902508
0.908071
0.913876
0.920516
0.927429
0.93517
0.943247
0.952169
0.961459
0.971565
0.982073
0.993399
1.00514
1.01768
1.03062
1.04435
1.05846
1.0733
1.08849
1.10432
1.12043
1.1371
1.15392
1.17119
1.1885
1.20611
1.22363
1.2413
1.25874
1.27623
1.29337
1.31044
1.32708
1.3436
1.35967
1.37558
1.39105
1.40641
1.42145
1.43652
1.45146
1.46665
1.48204
1.49801
1.5146
1.53215
1.55078
1.57076
1.59231
1.61564
1.64082
1.66817
1.6984
1.73109
1.76497
1.79935
1.8332
1.87014
1.91189
1.95796
2.01058
2.07086
2.13038
2.20514
2.3553
2.32952
2.29114
4.256
0.377132
0.36377
0.352544
0.343954
0.333354
0.319996
0.306693
0.294616
0.283123
0.271064
0.258521
0.245716
0.233035
0.220214
0.20732
0.194216
0.181139
0.167987
0.154926
0.141823
0.128776
0.115711
0.102753
0.0898631
0.0771002
0.0644429
0.0518974
0.0394979
0.0272552
0.0152897
0.00347468
-0.00852162
-0.0218742
-0.0375738
-0.0576934
-0.0857647
-0.126195
-0.179544
-0.244102
-0.31681
-0.396157
-0.479167
-0.564031
-0.647482
-0.728189
-0.803615
-0.87299
-0.935464
-0.991563
-1.04111
-1.08357
-1.11653
-1.13671
-1.14074
-1.12721
-1.09857
-1.05933
-1.01453
-0.968259
-0.921671
-0.874062
-0.826655
-0.782984
-0.745766
-0.714509
-0.689822
-0.665847
-0.657963
-0.663495
-0.664073
-0.656889
-0.653472
-0.636491
-0.643787
-0.583381
-0.6743
-0.411347
-0.958558
0.291767
-2.54337
0.389101
0.400768
0.412368
0.424246
0.436008
0.448091
0.460048
0.472371
0.484588
0.497219
0.509766
0.522767
0.535725
0.549155
0.562593
0.576522
0.590486
0.604947
0.619502
0.634554
0.649718
0.665362
0.681158
0.697413
0.713848
0.730716
0.747783
0.765272
0.782972
0.801047
0.819324
0.837916
0.856676
0.875675
0.894767
0.914013
0.933275
0.952578
0.97179
0.990938
1.00988
1.02867
1.04717
1.06543
1.08333
1.10095
1.11817
1.1351
1.15161
1.16782
1.18364
1.19922
1.21449
1.22964
1.24465
1.25975
1.275
1.29061
1.30671
1.32352
1.34123
1.36004
1.38002
1.40154
1.42542
1.4511
1.47702
1.50455
1.53216
1.56209
1.59587
1.63351
1.67723
1.72822
1.77809
1.84704
1.98544
1.95116
1.95186
3.75513
-0.37245
-0.400479
-0.423419
-0.440726
-0.458944
-0.480419
-0.501819
-0.521822
-0.540544
-0.55961
-0.578686
-0.597852
-0.616149
-0.634069
-0.651244
-0.668243
-0.68452
-0.700483
-0.715613
-0.730308
-0.74418
-0.75758
-0.770137
-0.782095
-0.793169
-0.803539
-0.813017
-0.821722
-0.829636
-0.836766
-0.843163
-0.848733
-0.853762
-0.858362
-0.863464
-0.869904
-0.880319
-0.898865
-0.930765
-0.97639
-1.0334
-1.0983
-1.16914
-1.24274
-1.31654
-1.38668
-1.45055
-1.50512
-1.54816
-1.57779
-1.59286
-1.59128
-1.56952
-1.52397
-1.45207
-1.35532
-1.24023
-1.11886
-1.00512
-0.906447
-0.822236
-0.752243
-0.697581
-0.656631
-0.624194
-0.597482
-0.56904
-0.556267
-0.558574
-0.555583
-0.544789
-0.537179
-0.518705
-0.523373
-0.466182
-0.552824
-0.304581
-0.831375
0.365981
-2.36048
-0.346084
-0.319905
-0.294081
-0.268227
-0.242613
-0.217003
-0.191583
-0.166143
-0.140832
-0.115467
-0.0901958
-0.0648307
-0.0395106
-0.0140687
0.0113702
0.0369576
0.0625759
0.0883678
0.11423
0.140271
0.166425
0.192742
0.21917
0.245775
0.272509
0.29938
0.326395
0.353544
0.380831
0.408224
0.435744
0.463316
0.490976
0.518612
0.54625
0.573751
0.601134
0.628246
0.655089
0.681469
0.707406
0.732705
0.757371
0.78123
0.804298
0.82644
0.847668
0.867917
0.887198
0.905495
0.92284
0.939283
0.954892
0.969739
0.983964
0.997665
1.01103
1.02414
1.03721
1.05033
1.06374
1.07748
1.09164
1.10648
1.12292
1.1402
1.15658
1.17527
1.1956
1.21744
1.24287
1.27168
1.30675
1.34825
1.38895
1.45078
1.57656
1.53619
1.55633
3.18741
-0.188238
-0.22428
-0.255251
-0.279316
-0.303189
-0.329915
-0.356748
-0.381992
-0.405656
-0.429
-0.452049
-0.474664
-0.49617
-0.516609
-0.535876
-0.554202
-0.571421
-0.587528
-0.602337
-0.61581
-0.627867
-0.638431
-0.64749
-0.654877
-0.66061
-0.664489
-0.666548
-0.666499
-0.664482
-0.660172
-0.65367
-0.644611
-0.633089
-0.6186
-0.601235
-0.580692
-0.557701
-0.533212
-0.510444
-0.494991
-0.492975
-0.505089
-0.528295
-0.559361
-0.596709
-0.638337
-0.6826
-0.727764
-0.772979
-0.818079
-0.863775
-0.911207
-0.960393
-1.00918
-1.05209
-1.08116
-1.08767
-1.06683
-1.02475
-0.976499
-0.929376
-0.874643
-0.802829
-0.719525
-0.63675
-0.565706
-0.503774
-0.469515
-0.457003
-0.443557
-0.424678
-0.411273
-0.389865
-0.391675
-0.336861
-0.418834
-0.18385
-0.681969
0.45096
-2.07933
-0.152075
-0.116184
-0.0808336
-0.0455927
-0.0110056
0.0233363
0.0569855
0.09035
0.122991
0.155256
0.186739
0.217794
0.248066
0.277846
0.306809
0.335224
0.362814
0.389791
0.415907
0.441341
0.465914
0.489712
0.51259
0.534623
0.555684
0.575809
0.59493
0.613036
0.630099
0.6461
0.661049
0.674888
0.687674
0.699331
0.709946
0.719448
0.727949
0.735367
0.741827
0.747255
0.751818
0.755452
0.758337
0.760432
0.761937
0.762851
0.763364
0.763517
0.763506
0.763361
0.763276
0.763283
0.763553
0.764094
0.765104
0.766555
0.768653
0.771366
0.774901
0.779233
0.784615
0.790989
0.798417
0.807094
0.817789
0.8292
0.839101
0.852811
0.867526
0.882055
0.898048
0.915782
0.937789
0.964861
0.990011
1.03632
1.13999
1.0944
1.10613
2.51801
-1.38323
-1.43527
-1.4802
-1.51514
-1.54896
-1.58553
-1.62245
-1.65752
-1.69045
-1.72229
-1.75325
-1.78331
-1.81188
-1.83906
-1.86453
-1.88862
-1.91103
-1.93198
-1.95109
-1.96861
-1.98436
-1.99858
-2.01106
-2.02219
-2.03175
-2.04017
-2.04737
-2.05365
-2.05909
-2.06427
-2.06918
-2.07454
-2.08072
-2.08857
-2.09871
-2.11235
-2.13024
-2.15434
-2.18639
-2.22891
-2.2863
-2.36751
-2.48005
-2.62178
-2.77804
-2.92809
-3.05088
-3.12718
-3.13981
-3.07509
-2.92387
-2.68239
-2.35148
-1.93729
-1.4519
-0.922562
-0.395057
0.0701288
0.409213
0.57364
0.554778
0.395299
0.173342
-0.0280859
-0.158478
-0.224516
-0.247314
-0.260148
-0.278465
-0.286009
-0.280557
-0.275298
-0.260365
-0.264837
-0.217496
-0.291325
-0.0859465
-0.506069
0.443944
-1.53947
-1.33149
-1.2801
-1.22938
-1.1792
-1.12975
-1.08092
-1.03277
-0.985379
-0.938708
-0.892811
-0.847661
-0.803318
-0.75975
-0.716986
-0.674997
-0.633814
-0.593397
-0.553782
-0.514886
-0.476832
-0.439424
-0.402738
-0.366717
-0.331457
-0.296797
-0.262847
-0.229474
-0.196764
-0.164621
-0.133144
-0.102146
-0.0717664
-0.0418472
-0.0125876
0.0162561
0.0444742
0.0722212
0.0992398
0.125695
0.151356
0.176329
0.200335
0.22345
0.245412
0.266268
0.285787
0.304023
0.320779
0.336158
0.349975
0.362454
0.373454
0.383319
0.391947
0.399784
0.406736
0.413292
0.419308
0.425152
0.430474
0.435403
0.439241
0.441546
0.441719
0.440223
0.435508
0.425486
0.41823
0.416123
0.414276
0.416272
0.422558
0.436919
0.459422
0.483318
0.525743
0.618247
0.587906
0.566793
1.64998
0.935885
0.883735
0.837536
0.801833
0.769992
0.737233
0.703804
0.671789
0.642244
0.614794
0.588869
0.564309
0.541472
0.520552
0.501727
0.484807
0.469953
0.457094
0.446504
0.438107
0.432127
0.428471
0.427519
0.42911
0.433712
0.441176
0.452009
0.466257
0.484486
0.506727
0.533863
0.566097
0.604384
0.649244
0.701881
0.762935
0.833938
0.915863
1.01141
1.12476
1.264
1.43998
1.66386
1.93731
2.24758
2.56871
2.86905
3.114
3.27024
3.3075
3.20258
2.93918
2.50983
1.91385
1.16278
0.286564
-0.653433
-1.56253
-2.31461
-2.77284
-2.83457
-2.49577
-1.89127
-1.25216
-0.757115
-0.44304
-0.252996
-0.15804
-0.110434
-0.0778115
-0.0519735
-0.0371934
-0.022395
-0.0259335
0.00383049
-0.0484514
0.0751353
-0.169623
0.38449
-0.660519
0.986834
1.03611
1.08381
1.1298
1.17417
1.21675
1.2576
1.2964
1.33337
1.36819
1.40097
1.43136
1.4595
1.48512
1.50826
1.52865
1.54631
1.56106
1.5729
1.5815
1.58706
1.5893
1.58821
1.5836
1.57554
1.56384
1.54855
1.52958
1.50688
1.48049
1.45047
1.41688
1.37977
1.33925
1.29557
1.2489
1.19951
1.14762
1.09367
1.03801
0.981103
0.923292
0.865203
0.807181
0.749902
0.693675
0.63922
0.586706
0.536848
0.489636
0.445716
0.404823
0.36749
0.33322
0.302433
0.274468
0.249729
0.227594
0.208612
0.1925
0.180206
0.171974
0.168887
0.17179
0.181794
0.196827
0.213938
0.236654
0.25486
0.267242
0.27367
0.272795
0.265748
0.253342
0.234185
0.218031
0.220377
0.177217
0.147899
0.572311
)
;

boundaryField
{
    inlet
    {
        type            freestreamPressure;
        freestreamValue uniform 0;
        value           nonuniform List<scalar> 
134
(
6.19228
5.54528
4.75075
3.90301
3.10164
2.32455
1.64119
1.07924
0.629875
0.220453
0.0435252
0.0572019
0.0617489
0.0452821
0.0135586
-0.0295322
-0.0824144
-0.144086
-0.213954
-0.292016
6.7308
-0.378975
-0.475033
-0.577026
-0.676201
-0.757705
-0.812786
-0.891501
-0.917893
-0.959638
-1.19982
-1.11283
-1.14242
-1.18994
-1.22921
-1.25927
-1.29063
-1.33894
-1.42859
-1.52595
7.15023
7.47587
7.59128
7.40367
6.79398
5.56264
3.45001
-1.71368
-1.67923
-1.6265
-1.60027
-1.58492
-1.56428
-1.53844
-1.51189
-1.48581
-1.45928
-1.43155
-1.40255
-1.3724
-1.34092
-1.30772
-1.27199
-1.23253
-1.18759
-1.13694
-1.11058
-1.08668
-1.05436
-1.01409
-0.964475
-0.895227
-0.788645
-0.583809
-0.250544
1.61162
3.02598
4.29148
5.32972
6.20834
6.95441
7.5231
7.90753
8.14373
8.25437
8.27278
8.23071
8.15398
8.06073
7.97723
7.94927
7.996
8.04745
8.05451
8.03002
7.98836
7.93194
7.85797
7.76599
7.65779
7.53639
7.40749
7.28203
7.18979
7.17011
7.32618
7.34036
7.12305
6.89212
6.71967
6.56102
6.38763
6.20545
6.02248
5.83884
5.65178
5.46098
5.2661
5.06726
4.86309
4.6527
4.43401
4.20428
3.96087
3.68264
3.45552
3.22418
2.96121
2.67305
2.35878
2.00247
1.58218
1.03693
0.359753
)
;
    }
    outlet
    {
        type            freestreamPressure;
        freestreamValue uniform 0;
        value           nonuniform List<scalar> 
160
(
0.013515
0.0142733
0.0127501
0.01501
0.0120693
0.0157251
0.01154
0.0164172
0.0110663
0.0170873
0.010581
0.0177328
0.0100882
0.0183544
0.00961731
0.0189472
0.00918295
0.0195143
0.00877953
0.0200507
0.00839903
0.0205579
0.00803912
0.0210306
0.00770486
0.0214707
0.00739876
0.0218739
0.00712329
0.0222409
0.00687559
0.0225672
0.00665791
0.0228535
0.00646904
0.0230966
0.00631282
0.0232963
0.00618796
0.023448
0.00609763
0.0235542
0.00604027
0.0236108
0.00602122
0.0236176
0.00603801
0.0235716
0.00609716
0.0234739
0.00619637
0.0233214
0.00634273
0.023115
0.00653662
0.022853
0.00678593
0.0225349
0.00709079
0.022161
0.00746345
0.021732
0.0079063
0.0212489
0.00843249
0.0207122
0.0090488
0.0201236
0.00977179
0.0194865
0.0106101
0.0188036
0.0115846
0.0180785
0.0127076
0.0173146
0.0140129
0.0165183
0.0155513
0.0156947
0.0174245
0.0148507
0.0197722
0.0139914
0.0227457
0.0131262
0.0263817
0.0122602
0.0305427
0.0114036
0.0349263
0.0105612
0.0391485
0.00974381
0.0427597
0.00895419
0.0452868
0.00820326
0.0462507
0.00749105
0.0452287
0.00682752
0.0418752
0.00620885
0.0359849
0.00564331
0.0275094
0.00512355
0.0166746
0.00465613
0.00407281
0.00423114
-0.00922101
0.00385491
-0.0217576
0.00351809
-0.0318475
0.00322928
-0.0378176
0.00298435
-0.0384719
0.00279812
-0.0338369
0.00267473
-0.0256945
0.00263132
-0.0170815
0.00268147
-0.0103765
0.00284307
-0.00609367
0.0030845
-0.00348601
0.00336007
-0.0021767
0.00372388
-0.00152037
0.0040175
-0.00107024
0.00422098
-0.000712996
0.00433248
-0.000509499
0.00433001
-0.000304696
0.00423084
-0.000357742
0.00404716
6.17155e-05
0.00375591
-0.00068279
0.00351196
0.0010838
0.0035672
-0.00239716
0.00288871
0.00568199
0.00242513
-0.00894036
0.0094244
)
;
    }
    walls
    {
        type            zeroGradient;
    }
    frontAndBack
    {
        type            empty;
    }
}


// ************************************************************************* //
