/*--------------------------------*- C++ -*----------------------------------*\
| =========                 |                                                 |
| \\      /  F ield         | OpenFOAM: The Open Source CFD Toolbox           |
|  \\    /   O peration     | Version:  2412                                  |
|   \\  /    A nd           | Website:  www.openfoam.com                      |
|    \\/     M anipulation  |                                                 |
\*---------------------------------------------------------------------------*/
FoamFile
{
    version     2.0;
    format      ascii;
    arch        "LSB;label=32;scalar=64";
    class       volScalarField;
    location    "450";
    object      p;
}
// * * * * * * * * * * * * * * * * * * * * * * * * * * * * * * * * * * * * * //

dimensions      [0 2 -2 0 0 0 0];

internalField   nonuniform List<scalar> 
10720
(
186.537
142.389
89.2555
34.4112
-18.8905
-73.7418
-123.395
-165.693
-201.709
-228.568
-246.09
-254.924
-255.45
-246.769
-228.05
-200.621
-172.772
-159.185
-169.097
-178.688
-179.203
-177.751
-177.096
-177.525
-177.91
-177.792
-177.25
-176.567
-176.178
-176.195
-176.247
-176.204
-176.043
-175.983
-176.584
-177.86
-180.135
-142.872
-173.452
227.981
264.454
299.691
328.676
347.124
353.67
351.075
337.407
313.178
283.858
253.71
224.956
198.26
174.138
152.784
133.131
114.894
97.4085
80.3094
62.9393
45.242
26.8256
7.80116
-11.3455
-28.3416
-41.9825
-53.6256
-63.6327
-71.8911
-78.5627
-83.9864
-88.4423
-92.2237
-95.6544
-99.1958
-103.368
-108.922
-116.461
-130.464
220.137
187.387
149.401
107.741
64.0273
18.7787
-25.4442
-66.785
-104.211
-136.03
-161.742
-180.62
-191.136
-192.412
-184.524
-169.25
-153.978
-151.865
-168.81
-177.83
-178.162
-177.153
-176.624
-177.159
-177.595
-177.49
-176.974
-176.308
-175.93
-175.97
-176.056
-176.037
-175.889
-175.835
-176.48
-177.708
-180.418
-144.479
-176.908
248.688
274.91
299.605
320.917
335.696
342.414
340.492
329.261
310.238
286.525
260.78
234.776
209.51
185.692
163.683
143.125
123.798
105.306
87.3083
69.3173
51.1746
32.596
13.6583
-5.14643
-22.0442
-35.9531
-47.8097
-58.1966
-67.1879
-74.7113
-80.8725
-85.9137
-90.1516
-93.9383
-97.745
-102.097
-107.736
-115.296
-128.908
218.657
189.663
155.846
117.728
77.3605
35.3041
-6.99809
-47.4994
-84.7358
-117.471
-144.342
-164.091
-176.031
-180.446
-177.581
-168.896
-158.349
-154.043
-164.01
-173.345
-177.026
-176.004
-176.043
-176.769
-177.3
-177.246
-176.774
-176.122
-175.741
-175.792
-175.905
-175.905
-175.764
-175.702
-176.418
-177.503
-180.547
-145.929
-180.466
243.886
267.133
288.837
307.366
320.288
326.773
326.051
317.565
302.325
282.149
259.068
234.841
210.654
187.319
165.328
144.673
125.179
106.558
88.4886
70.5641
52.5549
34.2441
15.6751
-2.72054
-19.5569
-33.7851
-45.9403
-56.5228
-65.5939
-73.1174
-79.2733
-84.3656
-88.7153
-92.6466
-96.5919
-101.048
-106.73
-114.268
-127.247
217.387
193.199
164.754
132.769
98.6583
62.5376
25.7328
-10.2963
-44.3639
-75.2715
-101.845
-123.103
-138.562
-148.095
-151.856
-150.958
-148.27
-148.342
-155.684
-164.671
-171.429
-173.997
-175.147
-176.101
-176.877
-176.967
-176.562
-175.936
-175.559
-175.62
-175.765
-175.784
-175.65
-175.569
-176.375
-177.327
-180.729
-147.413
-183.545
238.423
257.751
276.057
292.007
303.447
309.73
309.988
303.666
291.534
274.82
255.058
233.708
211.798
190.088
169.1
148.993
129.716
111.115
92.9606
74.9558
56.8933
38.622
20.1835
1.97076
-14.8898
-29.4189
-41.8983
-52.7967
-62.2229
-70.1704
-76.7891
-82.3269
-87.0602
-91.2942
-95.4536
-100.037
-105.75
-113.219
-125.544
210.706
189.478
164.399
136.069
105.808
73.4134
39.9853
6.77859
-25.291
-55.1262
-81.6471
-103.961
-121.377
-133.364
-139.918
-141.844
-141.548
-142.867
-149.251
-157.263
-163.522
-168.709
-173.056
-175.151
-176.143
-176.526
-176.272
-175.712
-175.359
-175.44
-175.623
-175.666
-175.537
-175.428
-176.328
-177.166
-180.978
-149.047
-186.176
229.2
246.106
262.223
276.368
286.709
292.803
293.798
289.18
279.53
265.675
248.752
229.936
210.092
189.92
169.954
150.461
131.513
113.07
94.9922
77.0744
59.1394
41.0726
22.9146
5.01094
-11.7306
-26.4283
-39.1658
-50.3309
-60.029
-68.2445
-75.0964
-80.8188
-85.6936
-90.0397
-94.2817
-98.9117
-104.608
-111.984
-123.659
203.051
184.403
162.305
137.367
110.776
82.1284
52.4007
22.6079
-6.56684
-34.1702
-59.2995
-81.1814
-99.1106
-112.797
-122.262
-128.06
-131.734
-135.806
-142.838
-150.917
-157.009
-162.117
-168.368
-173.232
-175.121
-175.795
-175.832
-175.417
-175.124
-175.245
-175.481
-175.55
-175.426
-175.278
-176.272
-177.008
-181.26
-150.829
-188.409
219.331
234.185
248.487
261.167
270.632
276.529
278.036
274.718
267.008
255.502
241.068
224.654
206.955
188.57
169.994
151.518
133.282
115.321
97.5734
79.9105
62.2046
44.3802
26.4876
8.84225
-7.79946
-22.6463
-35.6337
-47.0557
-57.017
-65.5099
-72.6433
-78.6434
-83.7852
-88.3781
-92.8267
-97.6039
-103.357
-110.676
-121.757
194.489
177.836
158.064
135.749
112.021
86.3352
59.5425
32.5122
5.72732
-19.9982
-43.9138
-65.3705
-83.749
-98.6401
-109.945
-117.917
-123.734
-129.262
-136.436
-144.56
-151.299
-156.456
-162.419
-169.282
-173.399
-174.775
-175.14
-174.991
-174.833
-175.026
-175.33
-175.432
-175.314
-175.12
-176.205
-176.852
-181.556
-152.723
-190.245
209.055
222.321
235.192
246.699
255.445
261.13
262.992
260.662
254.474
244.876
232.547
218.248
202.529
185.878
168.727
151.357
133.939
116.568
99.2461
81.9149
64.501
46.9687
29.3799
12.022
-4.46939
-19.3879
-32.5665
-44.2084
-54.4099
-63.1677
-70.573
-76.8329
-82.2076
-86.9964
-91.5897
-96.4477
-102.19
-109.388
-119.836
185.764
170.779
152.968
132.885
111.607
88.5091
64.3537
39.8887
15.4529
-8.27489
-30.6707
-51.2119
-69.3526
-84.7051
-97.2159
-107.031
-114.885
-122.024
-129.774
-138.066
-145.514
-151.417
-157.033
-163.904
-170.173
-173.251
-174.18
-174.354
-174.435
-174.76
-175.163
-175.31
-175.199
-174.952
-176.123
-176.696
-181.852
-154.694
-191.661
198.902
210.854
222.538
233.068
241.197
246.661
248.758
247.178
242.183
234.126
223.558
211.102
197.189
182.207
166.519
150.365
133.923
117.317
100.592
83.7411
66.7381
49.5821
32.3485
15.3024
-1.00394
-15.9378
-29.2637
-41.098
-51.5194
-60.525
-68.1894
-74.7007
-80.3074
-85.3008
-90.0576
-95.0234
-100.784
-107.887
-117.744
177.076
163.476
147.301
129.079
109.843
88.9274
67.0123
44.7582
22.3861
0.469798
-20.4838
-40.0644
-57.8051
-73.3664
-86.6135
-97.5948
-106.753
-115
-123.295
-131.759
-139.621
-146.355
-152.293
-158.582
-165.463
-170.656
-172.849
-173.471
-173.874
-174.417
-174.958
-175.17
-175.075
-174.772
-176.023
-176.534
-182.133
-156.703
-192.595
189.025
199.888
210.577
220.278
227.863
233.102
235.35
234.338
230.281
223.473
214.37
203.496
191.188
177.75
163.476
148.557
133.157
117.407
101.373
85.0882
68.5673
51.841
34.9971
18.2863
2.19723
-12.6996
-26.126
-38.1208
-48.7391
-57.9756
-65.8894
-72.6491
-78.4883
-83.6874
-88.6064
-93.6728
-99.4373
-106.417
-115.688
168.596
156.173
141.394
124.765
107.273
88.2361
68.2735
47.9723
27.4681
7.24828
-12.2803
-30.7994
-47.9157
-63.3365
-76.9174
-88.6757
-98.8394
-108.019
-116.893
-125.638
-133.795
-141.113
-147.676
-153.857
-160.303
-166.704
-170.813
-172.308
-173.103
-173.944
-174.691
-175.003
-174.935
-174.577
-175.901
-176.365
-182.382
-158.709
-193.048
179.534
189.471
199.311
208.293
215.392
220.405
222.742
222.158
218.841
213.045
205.16
195.633
184.735
172.701
159.765
146.069
131.75
116.926
101.676
86.0519
70.099
53.8718
37.4709
21.1339
5.30397
-9.49874
-22.9714
-35.0877
-45.8732
-55.3176
-63.4643
-70.4607
-76.5246
-81.9233
-86.9998
-92.1637
-97.9284
-104.782
-113.48
160.397
148.985
135.407
120.145
104.151
86.7328
68.4613
49.8639
31.0179
12.3359
-5.85722
-23.322
-39.7295
-54.8353
-68.4895
-80.6773
-91.4844
-101.313
-110.644
-119.676
-128.125
-135.816
-142.918
-149.439
-155.565
-161.933
-167.686
-170.702
-172.104
-173.307
-174.321
-174.781
-174.765
-174.359
-175.751
-176.184
-182.58
-160.664
-193.074
170.465
179.608
188.71
197.064
203.724
208.511
210.887
210.627
207.897
202.924
196.049
187.667
177.997
167.221
155.524
143.004
129.762
115.899
101.488
86.5912
71.2707
55.5994
39.6843
23.7533
8.21885
-6.44033
-19.9101
-32.1103
-43.0354
-52.6662
-61.0306
-68.2548
-74.5383
-80.1346
-85.3683
-90.6292
-96.3911
-103.107
-111.255
152.52
141.988
129.455
115.382
100.685
84.6749
67.8822
50.7855
33.4162
16.1295
-0.814568
-17.2411
-32.8791
-47.5291
-61.0489
-73.4032
-84.6073
-94.8934
-104.59
-113.878
-122.606
-130.602
-138.04
-144.993
-151.259
-157.204
-163.526
-168.332
-170.806
-172.462
-173.811
-174.478
-174.551
-174.114
-175.568
-175.987
-182.71
-162.519
-192.737
161.832
170.283
178.737
186.533
192.792
197.355
199.735
199.717
197.452
193.152
187.119
179.707
171.099
161.441
150.876
139.464
127.273
114.379
100.842
86.7242
72.0936
57.0323
41.6485
26.1628
10.9642
-3.50038
-16.9144
-29.1558
-40.1867
-49.9766
-58.5381
-65.9752
-72.4685
-78.2554
-83.6411
-88.9938
-94.747
-101.317
-108.927
144.981
135.22
123.604
110.573
97.0079
82.2309
66.7353
50.9622
34.9068
18.8766
3.08424
-12.3494
-27.2014
-41.3129
-54.5599
-66.8858
-78.2757
-88.8368
-98.7891
-108.275
-117.227
-125.504
-133.178
-140.423
-147.055
-152.925
-158.959
-164.987
-169.014
-171.383
-173.113
-174.05
-174.264
-173.826
-175.343
-175.765
-182.761
-164.22
-192.086
153.627
161.473
169.349
176.646
182.535
186.881
189.236
189.395
187.502
183.753
178.421
171.831
164.142
155.47
145.926
135.542
124.356
112.418
99.7703
86.4625
72.5627
58.1532
43.341
28.3376
13.5133
-0.710033
-14.0184
-26.2581
-37.3612
-47.2828
-56.02
-63.6554
-70.3486
-76.3196
-81.8532
-87.2942
-93.0346
-99.451
-106.546
137.782
128.702
117.898
105.787
93.2181
79.5276
65.1762
50.5748
35.6905
20.7941
6.05949
-8.43385
-22.5046
-36.0277
-48.9011
-61.0563
-72.4689
-83.1593
-93.2653
-102.889
-112.002
-120.507
-128.397
-135.809
-142.749
-148.906
-154.619
-160.87
-166.442
-169.956
-172.193
-173.454
-173.874
-173.483
-175.064
-175.509
-182.724
-165.727
-191.165
145.836
153.143
160.505
167.348
172.897
177.03
179.34
179.628
178.03
174.733
169.989
164.097
157.2
149.393
140.766
131.326
121.086
110.074
98.3098
85.8276
72.6862
58.9628
44.7583
30.2726
15.8605
1.92399
-11.229
-23.4223
-34.5606
-44.5831
-53.4715
-61.2866
-68.1665
-74.3122
-79.9865
-85.51
-91.2323
-97.4877
-104.086
130.916
122.443
112.362
101.069
89.3828
76.6545
63.3186
49.758
35.9212
22.0489
8.28316
-5.32879
-18.6397
-31.5546
-43.9896
-55.8735
-67.1804
-77.8778
-88.0421
-97.7419
-106.956
-115.618
-123.698
-131.245
-138.348
-144.867
-150.655
-156.562
-162.993
-167.974
-170.988
-172.639
-173.335
-173.059
-174.717
-175.202
-182.591
-167.016
-189.996
138.441
145.265
152.163
158.594
163.826
167.752
170.002
170.379
169.016
166.092
161.841
156.543
150.329
143.281
135.47
126.89
117.532
107.402
96.5004
84.8431
72.4753
59.4631
45.896
31.9593
17.9939
4.38681
-8.56348
-20.6658
-31.8013
-41.8926
-50.9058
-58.8805
-65.9325
-72.2423
-78.0499
-83.6496
-89.3487
-95.4374
-101.561
124.37
116.443
107.01
96.45
85.5502
73.68
61.2499
48.6185
35.7215
22.7747
9.8943
-2.89642
-15.4775
-27.7789
-39.7356
-51.2795
-62.3833
-72.9908
-83.13
-92.8408
-102.102
-110.858
-119.075
-126.752
-133.945
-140.701
-146.819
-152.517
-158.925
-165.189
-169.369
-171.563
-172.599
-172.521
-174.287
-174.825
-182.35
-168.066
-188.598
131.42
137.81
144.286
150.339
155.277
159.003
161.18
161.616
160.44
157.824
153.988
149.197
143.573
137.188
130.104
122.301
113.756
104.457
94.3853
83.5399
71.9481
59.6609
46.753
33.3931
19.9079
6.66938
-6.03327
-18.0005
-29.0939
-39.2199
-48.3292
-56.4408
-63.6478
-70.109
-76.0401
-81.7085
-87.3792
-93.2959
-98.9668
118.134
110.699
101.85
91.9504
81.7549
70.6541
59.035
47.2374
35.1858
23.0756
11.0048
-1.02204
-12.9086
-24.6046
-36.0624
-47.2213
-58.051
-68.4928
-78.5351
-88.196
-97.4514
-106.247
-114.544
-122.324
-129.599
-136.464
-142.897
-148.746
-154.764
-161.575
-167.118
-170.15
-171.615
-171.818
-173.751
-174.358
-181.985
-168.844
-186.997
124.753
130.75
136.841
142.545
147.208
150.742
152.838
153.309
152.279
149.919
146.434
142.075
136.962
131.158
124.718
117.614
109.814
101.29
92.0089
81.9516
71.1273
59.5696
47.3349
34.5732
21.5962
8.76229
-3.65056
-15.4395
-26.4511
-36.5767
-45.7517
-53.9754
-61.3182
-67.9162
-73.9602
-79.6889
-85.3253
-91.0664
-96.3076
112.193
105.203
96.8861
87.5822
78.0222
67.6138
56.7258
45.6779
34.39
23.0396
11.71
0.390304
-10.84
-21.9486
-32.9009
-43.6459
-54.1523
-64.3681
-74.2542
-83.8104
-93.0098
-101.797
-110.122
-117.96
-125.311
-132.239
-138.847
-145.002
-150.853
-157.446
-164.052
-168.264
-170.339
-170.909
-173.062
-173.778
-181.484
-169.311
-185.261
118.42
124.058
129.796
135.178
139.583
142.932
144.94
145.427
144.514
142.365
139.177
135.19
130.52
125.225
119.355
112.878
105.755
97.9494
89.4128
80.1114
70.037
59.2042
47.6497
35.5022
23.0569
10.6592
-1.42528
-12.9946
-23.8847
-33.9737
-43.1825
-51.4916
-58.949
-65.6672
-71.8114
-77.5909
-83.1873
-88.75
-93.5855
106.532
99.9493
92.1153
83.3545
74.3691
64.5882
54.3605
43.9919
33.3954
22.7361
12.0849
1.42019
-9.19342
-19.7361
-30.1863
-40.5018
-50.6529
-60.5978
-70.2797
-79.6847
-88.7822
-97.5146
-105.824
-113.675
-121.072
-128.059
-134.74
-141.135
-147.13
-153.289
-160.209
-165.713
-168.694
-169.753
-172.174
-173.05
-180.824
-169.417
-183.447
112.4
117.71
123.124
128.205
132.367
135.54
137.456
137.944
137.122
135.149
132.214
128.548
124.262
119.413
114.048
108.134
101.625
94.4784
86.6375
78.0545
68.7043
58.583
47.7071
36.184
24.2904
12.3562
0.634522
-10.6763
-21.4062
-31.422
-40.6315
-48.9976
-56.5463
-63.3663
-69.5966
-75.4163
-80.9663
-86.3494
-90.8031
101.137
94.9282
87.5363
79.2709
70.8089
61.5978
51.9708
42.2177
32.2503
22.2214
12.1932
2.13484
-7.89927
-17.9008
-27.8593
-37.7405
-47.5176
-57.1593
-66.5993
-75.814
-84.7695
-93.4058
-101.66
-109.484
-116.886
-123.917
-130.639
-137.144
-143.368
-149.358
-155.947
-162.368
-166.55
-168.304
-171.043
-172.136
-179.949
-169.13
-181.577
106.675
111.684
116.798
121.6
125.534
128.537
130.358
130.835
130.084
128.258
125.539
122.15
118.2
113.744
108.826
103.413
97.4598
90.9171
83.7215
75.8147
67.1572
57.7281
47.5233
36.6284
25.2993
13.8506
2.52246
-8.49398
-19.0261
-28.9324
-38.1088
-46.5019
-54.1169
-61.0185
-67.3192
-73.1674
-78.665
-83.868
-87.9647
95.9964
90.1304
83.1449
75.3339
67.3499
58.6591
49.5793
40.3881
30.9944
21.5424
12.0862
2.58964
-6.90272
-16.3902
-25.8713
-35.3203
-44.7146
-54.0293
-63.1985
-72.1912
-80.9701
-89.4737
-97.6355
-105.398
-112.767
-119.809
-126.564
-133.101
-139.469
-145.552
-151.703
-158.316
-163.737
-166.479
-169.623
-170.991
-178.777
-168.428
-179.619
101.231
105.961
110.797
115.337
119.056
121.896
123.623
124.081
123.382
121.679
119.145
115.997
112.341
108.231
103.709
98.7454
93.2926
87.3006
80.7003
73.4254
65.425
56.6628
47.1156
36.8456
26.0885
15.1429
4.23414
-6.45539
-16.7542
-26.5151
-35.6243
-44.0134
-51.6679
-58.6293
-64.9832
-70.8473
-76.2855
-81.3094
-85.0739
91.0964
85.5472
78.9359
71.5435
63.9981
55.7841
47.206
38.5279
29.6606
20.7376
11.8083
2.83166
-6.15386
-15.1547
-24.1768
-33.2002
-42.2092
-51.1823
-60.0603
-68.8057
-77.3792
-85.7184
-93.7539
-101.423
-108.726
-115.739
-122.508
-129.053
-135.455
-141.675
-147.665
-153.921
-160.157
-164.139
-167.856
-169.572
-177.241
-167.324
-177.48
96.0493
100.522
105.098
109.394
112.911
115.595
117.227
117.658
117
115.399
113.026
110.087
106.689
102.884
98.7156
94.153
89.1513
83.6593
77.6054
70.918
63.5366
55.4114
46.5018
36.8485
26.6662
16.2359
5.76782
-4.56632
-14.5989
-24.1799
-33.1878
-41.5412
-49.2073
-56.2051
-62.5935
-68.4599
-73.8322
-78.6787
-82.1363
86.4254
81.1694
74.9046
67.8993
60.757
52.982
44.8645
36.6585
28.2738
19.8382
11.3951
2.9016
-5.61006
-14.1514
-22.7338
-31.3433
-39.9694
-48.5939
-57.1672
-65.6464
-73.9906
-82.1382
-90.018
-97.5627
-104.77
-111.721
-118.469
-125.011
-131.394
-137.664
-143.701
-149.57
-155.921
-161.11
-165.643
-167.821
-175.282
-165.827
-175.008
91.117
95.3503
99.6838
103.75
107.077
109.612
111.15
111.55
110.92
109.407
107.171
104.417
101.246
97.7124
93.8574
89.6538
85.0582
80.0195
74.4655
68.3216
61.5199
53.9988
45.703
36.6532
27.0427
17.1346
7.12378
-2.83102
-12.5674
-21.9355
-30.8088
-39.0947
-46.7433
-53.7525
-60.1559
-66.0101
-71.3089
-75.981
-79.1565
81.9725
76.9886
71.0456
64.399
57.6292
50.2595
42.5672
34.7953
26.8563
18.8698
10.8767
2.83187
-5.2366
-13.3441
-21.5069
-29.716
-37.9657
-46.2399
-54.4995
-62.6984
-70.7952
-78.7285
-86.4276
-93.8212
-100.905
-107.763
-114.453
-120.971
-127.319
-133.553
-139.651
-145.393
-151.383
-157.3
-162.828
-165.654
-172.848
-163.89
-172.109
86.4207
90.4312
94.5383
98.3897
101.536
103.929
105.374
105.738
105.129
103.689
101.574
98.9815
96.0122
92.7193
89.1444
85.2627
81.0326
76.4046
71.3071
65.6636
59.4012
52.4499
44.741
36.2768
27.2303
17.846
8.30355
-1.25116
-10.6649
-19.7902
-28.4963
-36.6825
-44.2848
-51.2799
-57.6766
-63.5035
-68.7218
-73.2228
-76.1413
77.727
72.9968
67.3534
61.0401
54.6159
47.6215
40.3225
32.9527
25.4252
17.8547
10.279
2.65203
-5.00198
-12.7011
-20.4644
-28.2881
-36.1699
-44.0968
-52.0385
-59.9474
-67.7828
-75.4844
-82.9809
-90.1993
-97.1343
-103.872
-110.473
-116.934
-123.235
-129.397
-135.471
-141.245
-146.888
-152.834
-159.244
-162.936
-169.875
-161.432
-168.755
81.9485
85.751
89.6458
93.2942
96.2697
98.5266
99.882
100.209
99.6134
98.2351
96.2257
93.7762
90.9865
87.9086
84.5844
80.9912
77.0903
72.8338
68.1519
62.9678
57.2054
50.7878
43.6362
35.737
27.2423
18.3796
9.3122
0.172677
-8.89562
-17.7496
-26.2584
-34.3142
-41.84
-48.7944
-55.1632
-60.9465
-66.0764
-70.4107
-73.0965
73.6795
69.1862
63.8225
57.82
51.7169
45.0714
38.1377
31.1403
23.995
16.8107
9.62289
2.3857
-4.8799
-12.1943
-19.5784
-27.032
-34.5565
-42.1422
-49.765
-57.3786
-64.9425
-72.3984
-79.6749
-86.6975
-93.4605
-100.053
-106.537
-112.907
-119.14
-125.221
-131.202
-136.989
-142.514
-148.065
-154.826
-159.481
-166.286
-158.396
-164.921
77.6891
81.2967
84.9919
88.4488
91.263
93.3905
94.6582
94.9464
94.3596
93.0342
91.1176
88.7956
86.1663
83.281
80.1816
76.8479
73.2435
69.3234
65.0197
60.2563
54.9555
49.0357
42.4102
35.0514
27.0937
18.7458
10.1557
1.44235
-7.26164
-15.82
-24.1028
-31.9979
-39.4178
-46.305
-52.6233
-58.3467
-63.3806
-67.5528
-70.0299
69.8211
65.5495
60.4477
54.7355
48.9321
42.6116
36.0178
29.3675
22.5775
15.7528
8.92652
2.05343
-4.84828
-11.7997
-18.8241
-25.9237
-33.1029
-40.3546
-47.6605
-54.9765
-62.2625
-69.4618
-76.504
-83.3138
-89.8846
-96.3098
-102.652
-108.902
-115.037
-121.027
-126.888
-132.599
-138.113
-143.303
-149.745
-155.118
-161.968
-154.737
-160.5
73.6316
77.0566
80.5644
83.8406
86.502
88.5066
89.6892
89.938
89.3557
88.0759
86.2416
84.0339
81.5485
78.8365
75.9398
72.84
69.5036
65.8878
61.9277
57.5484
52.6724
47.2154
41.0842
34.2405
26.8008
18.9569
10.8418
2.56165
-5.76331
-14.0046
-22.0358
-29.7415
-37.027
-43.8202
-50.0651
-55.7123
-60.6418
-64.6567
-66.9482
66.1431
62.0798
57.2231
51.7834
46.26
40.2435
33.9676
27.6405
21.1823
14.6933
8.20482
1.67222
-4.88738
-11.4969
-18.1797
-24.9411
-31.7875
-38.7147
-45.7073
-52.7258
-59.7306
-66.6656
-73.4627
-80.045
-86.4071
-92.6443
-98.822
-104.927
-110.934
-116.813
-122.547
-128.12
-133.574
-138.6
-144.372
-149.832
-156.792
-150.418
-155.392
69.7666
73.0202
76.3516
79.4572
81.974
83.8615
84.9622
85.1714
84.5907
83.3506
81.59
79.4851
77.1301
74.5747
71.8609
68.9724
65.8779
62.5378
58.8896
54.861
50.3751
45.3468
39.6786
33.3223
26.3794
19.0258
11.3802
3.53549
-4.39971
-12.3063
-20.0621
-27.5528
-34.6763
-41.3489
-47.4981
-53.0518
-57.8691
-61.7322
-63.8599
62.6377
58.7701
54.1441
48.9604
43.6997
37.9677
31.9895
25.9653
19.8173
13.6423
7.47047
1.25753
-4.98073
-11.2668
-17.6261
-24.0646
-30.5909
-37.2033
-43.8883
-50.6115
-57.3335
-64.0001
-70.5434
-76.888
-83.0273
-89.059
-95.0514
-100.99
-106.844
-112.584
-118.18
-123.59
-128.893
-133.817
-139.006
-143.87
-150.681
-145.36
-149.558
66.0853
69.1775
72.3425
75.2868
77.6667
79.4429
80.4651
80.6352
80.054
78.8488
77.1548
75.1431
72.9062
70.4931
67.945
65.2479
62.3728
59.2825
55.9179
52.2091
48.0811
43.4485
38.2115
32.3149
25.8462
18.9662
11.7812
4.371
-3.16768
-10.7255
-18.1867
-25.4376
-32.3735
-38.9003
-44.9311
-50.3748
-55.072
-58.788
-60.7725
59.2976
55.6143
51.2057
46.263
41.2489
35.7848
30.0861
24.3458
18.4893
12.6092
6.73441
0.822044
-5.11316
-11.0942
-17.1462
-23.2768
-29.4958
-35.8032
-42.1879
-48.62
-55.0603
-61.4551
-67.7394
-73.8373
-79.7424
-85.5545
-91.3432
-97.0946
-102.774
-108.348
-113.787
-119.024
-124.117
-128.878
-133.676
-137.661
-143.753
-139.477
-143.003
62.5792
65.5191
68.527
71.3191
73.5693
75.2397
76.187
76.319
75.7359
74.5619
72.9283
71.002
68.8727
66.5895
64.1923
61.6691
58.9932
56.1297
53.0227
49.6054
45.8049
41.5371
36.7009
31.2359
25.2175
18.793
12.0565
5.07597
-2.06321
-9.26188
-16.4115
-23.402
-30.1263
-36.4835
-42.3743
-47.6916
-52.2607
-55.8342
-57.6949
56.1158
52.6065
48.4028
43.6877
38.9061
33.694
28.2585
22.7857
17.2031
11.6003
6.0054
0.376198
-5.2731
-10.9651
-16.7254
-22.5621
-28.4863
-34.4993
-40.5915
-46.7375
-52.8982
-59.0209
-65.0421
-70.8875
-76.5497
-82.1297
-87.7
-93.2462
-98.7308
-104.117
-109.373
-114.424
-119.285
-123.8
-128.262
-131.517
-136.366
-132.739
-135.723
59.2406
62.0368
64.8962
67.5444
69.6716
71.2417
72.1175
72.2131
71.6274
70.4816
68.9034
67.0554
65.0253
62.8608
60.6014
58.2367
55.742
53.0847
50.2121
47.0608
43.5602
39.6278
35.1631
30.1017
24.5094
18.5205
12.218
5.65968
-1.08044
-7.91337
-14.7386
-21.4502
-27.9414
-34.1066
-39.8371
-45.0121
-49.4453
-52.8808
-54.6352
53.0857
49.7408
45.731
41.2311
36.6688
31.6948
26.5078
21.2868
15.9627
10.6215
5.29044
-0.0711123
-5.44991
-10.8679
-16.3508
-21.9072
-27.5486
-33.2775
-39.0857
-44.9515
-50.8358
-56.6874
-62.4441
-68.0326
-73.4456
-78.7846
-84.1236
-89.4485
-94.7213
-99.9012
-104.95
-109.795
-114.414
-118.636
-122.721
-125.456
-128.979
-125.299
-127.689
56.0623
58.7229
61.4415
63.9532
65.9644
67.4392
68.2472
68.308
67.7192
66.5995
65.0728
63.2977
61.359
59.3035
57.1706
54.9511
52.6215
50.1523
47.4933
44.5844
41.358
37.7339
33.6131
28.9287
23.7375
18.163
12.2784
6.13182
-0.212947
-6.67708
-13.1679
-19.5857
-25.8252
-31.7782
-37.3291
-42.3472
-46.6373
-49.9385
-51.6023
50.2011
47.0117
43.1857
38.8895
34.5349
29.786
24.834
19.8516
14.7718
9.678
4.59633
-0.512081
-5.63452
-10.7927
-16.0115
-21.3001
-26.6702
-32.125
-37.6582
-43.2501
-48.8627
-54.4454
-59.9375
-65.2672
-70.4266
-75.5175
-80.615
-85.7057
-90.7509
-95.7075
-100.53
-105.146
-109.511
-113.428
-117.091
-119.382
-121.851
-117.556
-118.924
53.0374
55.5695
58.1549
60.5374
62.4385
63.8235
64.5672
64.595
64.0036
62.9082
61.4297
59.7222
57.8685
55.9143
53.8979
51.8113
49.633
47.3352
44.8712
42.1836
39.2081
35.8672
32.064
27.7304
22.9162
17.7344
12.2502
6.50286
0.546893
-5.54829
-11.6988
-17.811
-23.783
-29.506
-34.8601
-39.7075
-43.8471
-47.0174
-48.6044
47.456
44.4142
40.7624
36.6597
32.5018
27.9665
23.2374
18.4807
13.6327
8.77333
3.92817
-0.940088
-5.8192
-10.7304
-15.6978
-20.7303
-25.8403
-31.0314
-36.2981
-41.6233
-46.9688
-52.2856
-57.5147
-62.5849
-67.4886
-72.3268
-77.1752
-82.0212
-86.8258
-91.5445
-96.126
-100.493
-104.589
-108.2
-111.431
-113.278
-114.936
-109.975
-109.641
50.1593
52.5697
55.0289
57.2892
59.0861
60.3861
61.0691
61.0661
60.4724
59.4003
57.9674
56.3236
54.5492
52.6889
50.7804
48.8162
46.7766
44.636
42.35
39.8646
37.1188
34.0378
30.5274
26.5199
22.0588
17.2483
12.1458
6.78353
1.20749
-4.52199
-10.3294
-16.1276
-21.8194
-27.2972
-32.4392
-37.1033
-41.0864
-44.1287
-45.6505
44.845
41.9431
38.4569
34.538
30.5671
26.2345
21.7172
17.1752
12.547
7.91029
3.28976
-1.35026
-5.99805
-10.6738
-15.4012
-20.1889
-25.0493
-29.9863
-34.9955
-40.0606
-45.1449
-50.2
-55.1685
-59.9802
-64.6274
-69.2103
-73.8045
-78.3982
-82.9518
-87.4201
-91.748
-95.8522
-99.6653
-102.969
-105.785
-107.192
-108.135
-102.83
-100.269
47.4219
49.7169
52.0565
54.2008
55.8993
57.119
57.7451
57.7136
57.1182
56.0686
54.6794
53.0956
51.3959
49.6236
47.8151
45.964
44.0522
42.0557
39.9326
37.6323
35.0965
32.2543
29.0143
25.3092
21.1781
16.7171
11.9772
6.98457
1.77734
-3.59221
-9.05638
-14.5356
-19.9378
-25.1581
-30.0751
-34.5452
-38.3658
-41.2822
-42.7484
42.3625
39.5938
36.2651
32.5212
28.728
24.5886
20.2729
15.935
11.516
7.09123
2.68462
-1.7382
-6.1656
-10.6169
-15.1149
-19.6683
-24.2891
-28.9812
-33.7412
-38.5535
-43.3827
-48.1812
-52.8925
-57.4479
-61.8397
-66.1665
-70.5033
-74.8392
-79.1346
-83.3434
-87.4078
-91.2405
-94.7612
-97.7565
-100.181
-101.186
-101.448
-96.1316
-91.4118
44.8194
47.005
49.2309
51.2656
52.8709
54.0148
54.5875
54.5297
53.9339
52.9066
51.5594
50.0329
48.4037
46.7136
44.9984
43.2524
41.4586
39.5944
37.621
35.4902
33.1471
30.524
27.5332
24.1089
20.2855
16.1528
11.7562
7.11641
2.26533
-2.75224
-7.87645
-13.0347
-18.1408
-23.0942
-27.7758
-32.0427
-35.6959
-38.4882
-39.9065
40.0036
37.3616
34.183
30.6058
26.9821
23.0266
18.9031
14.7599
10.5405
6.31772
2.11512
-2.10041
-6.31734
-10.5543
-14.8329
-19.1618
-23.5524
-28.0087
-32.5276
-37.0945
-41.6749
-46.2219
-50.6804
-54.983
-59.1217
-63.1932
-67.272
-71.3472
-75.3798
-79.323
-83.1171
-86.6726
-89.898
-92.5858
-94.6425
-95.3007
-94.9436
-89.8049
-83.5563
42.3465
44.4279
46.546
48.4767
49.9939
51.0665
51.5894
51.5076
50.9124
49.9073
48.6008
47.1294
45.5672
43.9549
42.327
40.6787
38.994
37.2521
35.4163
33.4411
31.2748
28.8531
26.092
22.9276
19.391
15.566
11.4933
7.18941
2.68039
-1.99533
-6.7852
-11.6233
-16.4301
-21.1102
-25.5484
-29.6051
-33.0868
-35.7563
-37.1323
37.7633
35.2421
32.2065
28.7885
25.3264
21.5467
17.6067
13.6493
9.62071
5.59103
1.58312
-2.43439
-6.45013
-10.4818
-14.5504
-18.6638
-22.8331
-27.0621
-31.348
-35.6764
-40.0151
-44.3166
-48.5272
-52.5812
-56.4704
-60.2894
-64.1111
-67.9252
-71.6928
-75.3676
-78.8879
-82.1643
-85.0965
-87.484
-89.1972
-89.5653
-88.6958
-83.8024
-76.7869
39.9976
41.9802
43.9955
45.8278
47.2619
48.2674
48.7439
48.6407
48.0473
47.0647
45.7979
44.3796
42.8814
41.3426
39.797
38.24
36.6567
35.0279
33.3187
31.4867
29.4829
27.2463
24.697
21.7732
18.5036
14.9665
11.1987
7.21314
3.03123
-1.31442
-5.77766
-10.2995
-14.8068
-19.21
-23.3995
-27.2408
-30.5479
-33.0955
-34.4332
35.6369
33.2309
30.3318
27.066
23.7583
20.1466
16.3822
12.6027
8.75649
4.91146
1.08987
-2.73802
-6.56108
-10.3963
-14.2634
-18.1699
-22.1263
-26.1364
-30.1971
-34.2945
-38.3979
-42.4602
-46.4284
-50.239
-53.8835
-57.454
-61.0214
-64.576
-68.0794
-71.4856
-74.7323
-77.731
-80.3762
-82.4762
-83.8731
-83.9987
-82.7473
-78.1055
-70.8892
37.7677
39.6563
41.5741
43.3129
44.6685
45.6111
46.0446
45.9223
45.3323
44.3724
43.1448
41.778
40.3411
38.8724
37.4044
35.933
34.4442
32.9201
31.3281
29.6278
27.7735
25.7075
23.3536
20.6527
17.6313
14.3629
10.8814
7.19667
3.32615
-0.702449
-4.84887
-9.06055
-13.2707
-17.3965
-21.3345
-24.9571
-28.0878
-30.5141
-31.8159
33.62
31.3238
28.5551
25.435
22.275
18.8242
15.228
11.6188
7.9474
4.27931
0.63644
-3.00981
-6.64831
-10.295
-13.9688
-17.6765
-21.4282
-25.227
-29.07
-32.9439
-36.8189
-40.6484
-44.3804
-47.9535
-51.3591
-54.6864
-58.0042
-61.303
-64.5452
-67.6856
-70.6621
-73.3879
-75.7556
-77.5845
-78.6969
-78.6186
-77.1085
-72.7087
-65.6191
35.652
37.4512
39.2763
40.9266
42.208
43.0916
43.4854
43.3464
42.7612
41.8245
40.6356
39.319
37.9413
36.5395
35.145
33.7541
32.3537
30.9269
29.4432
27.8648
26.1483
24.2394
22.066
19.5714
16.7806
13.7631
10.5497
7.14833
3.57309
-0.15255
-3.99356
-7.90319
-11.8213
-15.6717
-19.3581
-22.7609
-25.7142
-28.02
-29.2868
31.7081
29.5168
26.8729
23.8922
20.8736
17.577
14.1421
10.6962
7.19259
3.69436
0.2228
-3.24914
-6.71044
-10.1762
-13.6641
-17.1807
-20.7353
-24.3306
-27.9634
-31.6209
-35.2747
-38.878
-42.3806
-45.7225
-48.8959
-51.9865
-55.0607
-58.1093
-61.0958
-63.9757
-66.6883
-69.1493
-71.2519
-72.828
-73.6906
-73.4423
-71.7731
-67.6121
-60.8234
33.646
35.3598
37.0969
38.6633
39.8747
40.7031
41.0602
40.907
40.328
39.4152
38.2648
36.9973
35.6768
34.3391
33.0145
31.6995
30.382
29.0461
27.6629
26.197
24.6077
22.8438
20.8369
18.5336
15.9571
13.1732
10.2107
7.07549
3.77928
0.341822
-3.20635
-6.82413
-10.4573
-14.0367
-17.4737
-20.6574
-23.4338
-25.6196
-26.8512
29.8969
27.8059
25.2814
22.4344
19.5513
16.4027
13.1227
9.83356
6.49097
3.15585
-0.151136
-3.45556
-6.74662
-10.0384
-13.3478
-16.6805
-20.0453
-23.4444
-26.8744
-30.3229
-33.7624
-37.1466
-40.4267
-43.5448
-46.4934
-49.3548
-52.193
-54.9985
-57.7365
-60.3637
-62.8212
-65.0285
-66.8812
-68.2243
-68.871
-68.4851
-66.7325
-62.8142
-56.4223
31.745
33.3776
35.0308
36.5177
37.6631
38.4398
38.7635
38.5984
38.0271
37.1388
36.0268
34.8073
33.5425
32.2665
31.0085
29.7655
28.5258
27.2748
25.985
24.6233
23.1516
21.5216
19.6687
17.5425
15.1652
12.5989
9.87053
6.98486
3.9514
0.786907
-2.48214
-5.81949
-9.17693
-12.4919
-15.6839
-18.6511
-21.252
-23.3186
-24.5142
28.1824
26.1872
23.7772
21.0583
18.3054
15.2987
12.1675
9.02909
5.84137
2.66307
-0.485612
-3.62905
-6.75641
-9.88099
-13.0186
-16.1745
-19.3565
-22.5666
-25.801
-29.0477
-32.28
-35.4525
-38.5175
-41.4196
-44.1515
-46.7921
-49.4028
-51.9743
-54.4727
-56.8571
-59.0706
-61.0373
-62.657
-63.7881
-64.251
-63.7583
-61.9795
-58.31
-52.37
29.9447
31.4999
33.0733
34.4849
35.5681
36.2966
36.5898
36.4149
35.8528
34.9897
33.916
32.744
31.5332
30.3166
29.1225
27.9477
26.7814
25.6098
24.4073
23.1424
21.7795
20.2733
18.5629
16.6008
14.4084
12.0446
9.53457
6.88217
4.09537
1.18836
-1.81585
-4.88551
-7.97788
-11.0369
-13.9902
-16.7452
-19.1733
-21.1217
-22.2797
26.5606
24.6572
22.3568
19.7609
17.1328
14.2626
11.2745
8.28104
5.24227
2.21485
-0.781641
-3.7701
-6.74007
-9.70379
-12.6761
-15.6617
-18.6679
-21.696
-24.7418
-27.7939
-30.8264
-33.7946
-36.6524
-39.3467
-41.8707
-44.2997
-46.6924
-49.0399
-51.3096
-53.4625
-55.4451
-57.1859
-58.5911
-59.5316
-59.8398
-59.2693
-57.508
-54.0912
-48.6308
28.2409
29.7224
31.2197
32.5599
33.5845
34.268
34.5336
34.3512
33.7997
32.9625
31.9272
30.8018
29.6439
28.4848
27.3518
26.2419
25.145
24.048
22.9268
21.7519
20.4899
19.0983
17.5199
15.7101
13.6892
11.5137
9.20693
6.7723
4.21639
1.55135
-1.20281
-4.01836
-6.85757
-9.67076
-12.3932
-14.9419
-17.2009
-19.0326
-20.1509
25.0276
23.2121
21.0168
18.539
16.0309
13.2919
10.4413
7.58745
4.69205
1.80983
-1.04009
-3.87944
-6.6979
-9.50691
-12.3203
-15.1421
-17.979
-20.832
-23.6963
-26.561
-29.4011
-32.1727
-34.8312
-37.3264
-39.6517
-41.8792
-44.0644
-46.199
-48.2518
-50.1861
-51.9519
-53.483
-54.6924
-55.4639
-55.6441
-55.0213
-53.3104
-50.1472
-45.1727
26.6296
28.0406
29.4657
30.7382
31.7075
32.3494
32.5899
32.402
31.8625
31.052
30.0551
28.9759
27.8694
26.7661
25.6918
24.644
23.6126
22.5857
21.5406
20.4496
19.2812
17.9958
16.5397
14.871
13.0096
11.0088
8.89118
6.65937
4.319
1.88053
-0.638611
-3.21419
-5.81323
-8.39186
-10.8927
-13.2424
-15.3369
-17.0539
-18.1303
23.5797
21.8483
19.7538
17.3894
14.9966
12.3839
9.66585
6.94622
4.1889
1.44658
-1.26227
-3.95811
-6.63073
-9.29085
-11.9514
-14.6158
-17.29
-19.9744
-22.6644
-25.3488
-28.004
-30.5868
-33.0547
-35.3596
-37.4961
-39.5323
-41.5212
-43.4546
-45.3033
-47.0328
-48.5971
-49.9353
-50.9681
-51.5915
-51.6675
-51.0144
-49.3775
-46.4662
-41.9666
25.1067
26.4506
27.8068
29.0153
29.9326
30.5355
30.7538
30.5624
30.0362
29.253
28.2945
27.2609
26.2049
25.1556
24.1378
23.1491
22.18
21.2192
20.2453
19.2324
18.1511
16.9642
15.6214
14.0837
12.3703
10.5319
8.5899
6.5466
4.40693
2.17994
-0.119205
-2.4694
-4.8418
-7.19811
-9.4879
-11.6467
-13.5825
-15.1871
-16.2194
22.2132
20.5625
18.5647
16.3093
14.0273
11.536
8.94552
6.35524
3.73094
1.12333
-1.44969
-4.00734
-6.5397
-9.05657
-11.57
-14.0831
-16.6009
-19.1236
-21.6461
-24.1578
-26.6355
-29.0377
-31.3234
-33.4475
-35.4049
-37.2608
-39.065
-40.8097
-42.4676
-44.007
-45.3855
-46.548
-47.4229
-47.918
-47.911
-47.2459
-45.6994
-43.0346
-38.9881
23.6686
24.9483
26.239
27.3867
28.2551
28.8221
29.0203
28.8272
28.3155
27.5604
26.6403
25.6517
24.6451
23.6484
22.685
21.7528
20.8428
19.9444
19.0374
18.0974
17.0971
16.0016
14.7639
13.3477
11.7717
10.084
8.3049
6.43657
4.48332
2.45307
0.359033
-1.78035
-3.94016
-6.087
-8.17706
-10.1542
-11.9376
-13.4326
-14.419
20.9247
19.3511
17.4461
15.2955
13.12
10.7456
8.27797
5.81219
3.31606
0.838291
-1.60394
-4.02862
-6.42596
-8.8052
-11.1774
-13.5451
-15.9128
-18.2804
-20.6424
-22.9884
-25.2963
-27.5262
-29.6387
-31.5914
-33.3801
-35.0666
-36.6979
-38.2667
-39.7477
-41.1117
-42.3204
-43.3242
-44.0594
-44.4447
-44.3732
-43.7111
-42.2648
-39.8388
-36.2164
22.3115
23.53
24.7582
25.8484
26.6708
27.2043
27.3848
27.1918
26.6958
25.9691
25.0875
24.1434
23.1853
22.2395
21.3287
20.4506
19.5967
18.7572
17.9129
17.0411
16.1162
15.1056
13.9655
12.6621
11.2135
9.66557
8.03739
6.33115
4.55068
2.70291
0.799454
-1.14377
-3.10511
-5.05577
-6.95793
-8.76316
-10.4013
-11.7901
-12.7287
19.7105
18.2109
16.3951
14.3451
12.2721
10.0102
7.66078
5.31499
2.94228
0.589478
-1.72681
-4.02358
-6.29111
-8.53805
-10.7746
-13.0028
-15.2267
-17.4456
-19.6541
-21.8418
-23.9876
-26.0535
-28.0018
-29.7927
-31.423
-32.9513
-34.4217
-35.8275
-37.1455
-38.349
-39.4038
-40.2655
-40.8782
-41.1708
-41.0505
-40.4032
-39.0623
-36.8648
-33.6351
21.0317
22.1918
23.3606
24.3963
25.1753
25.678
25.8428
25.6514
25.172
24.4744
23.6312
22.7311
21.8203
20.9242
20.064
19.2377
18.4373
17.6534
16.8681
16.06
15.2053
14.2736
13.224
12.0253
10.695
9.27645
7.788
6.23166
4.61094
2.932
1.20491
-0.556474
-2.33346
-4.10137
-5.82782
-7.47146
-8.97182
-10.2581
-11.148
18.5674
17.1387
15.4084
13.4552
11.4807
9.32709
7.09159
4.86128
2.60742
0.374885
-1.82022
-3.99388
-6.13668
-8.25658
-10.363
-12.4575
-14.5437
-16.6205
-18.6824
-20.7191
-22.7107
-24.621
-26.4141
-28.0529
-29.5353
-30.9164
-32.2379
-33.4936
-34.6622
-35.7201
-36.6363
-37.3719
-37.8781
-38.0934
-37.9378
-37.3143
-36.0802
-34.0989
-31.2292
19.8259
20.9302
22.0424
23.0264
23.7647
24.2387
24.3899
24.2016
23.7398
23.0715
22.2665
21.4098
20.5454
19.6975
18.8862
18.1095
17.36
16.6287
15.8988
15.1504
14.3611
13.5027
12.5372
11.4355
10.2148
8.91617
7.55684
6.13891
4.66562
3.14233
1.57796
-0.0154936
-1.622
-3.22053
-4.78358
-6.27617
-7.64667
-8.83471
-9.67495
17.4921
16.1314
14.4832
12.623
10.7432
8.69376
6.56788
4.44876
2.30925
0.192489
-1.8861
-3.94146
-5.96448
-7.96246
-9.94412
-11.9107
-13.8653
-15.8064
-17.7286
-19.6218
-21.4669
-23.2301
-24.877
-26.3734
-27.7181
-28.9631
-30.1474
-31.2657
-32.2985
-33.2249
-34.0172
-34.6419
-35.0563
-35.2078
-35.0282
-34.435
-33.3066
-31.5277
-28.9859
18.6906
19.7416
20.7999
21.7349
22.4349
22.8826
23.0219
22.838
22.3945
21.7557
20.9888
20.1748
19.3558
18.5547
17.7905
17.0615
16.3603
15.6788
15.0009
14.3083
13.58
12.7898
11.9023
10.8907
9.77156
8.58372
7.34362
6.05326
4.71565
3.3356
1.92088
0.481926
-0.967616
-2.40987
-3.82173
-5.1739
-6.42263
-7.51699
-8.30748
16.4815
15.186
13.6164
11.8456
10.0569
8.10766
6.08728
4.0751
2.04567
0.040246
-1.92635
-3.86812
-5.77627
-7.65745
-9.51971
-11.364
-13.1929
-15.0048
-16.7942
-18.5511
-20.2577
-21.8821
-23.3918
-24.7554
-25.9724
-27.0921
-28.1508
-29.1439
-30.0539
-30.8623
-31.5449
-32.0725
-32.4086
-32.5084
-32.3139
-31.7554
-30.7294
-29.1384
-26.8931
17.6226
18.6226
19.6296
20.5183
21.1822
21.6055
21.7346
21.5563
21.1317
20.5225
19.7934
19.0215
18.2468
17.491
16.7724
16.0889
15.4338
14.7992
14.1705
13.53
12.8585
12.1317
11.3164
10.3884
9.36331
8.27789
7.14768
5.97472
4.76177
3.51312
2.23567
0.93833
-0.367225
-1.66597
-2.93862
-4.16091
-5.29604
-6.30166
-7.04241
15.5324
14.2993
12.8054
11.1203
9.41918
7.56627
5.64731
3.73806
1.81443
-0.0840068
-1.94306
-3.77584
-5.57387
-7.34324
-9.09141
-10.819
-12.5282
-14.2172
-15.8805
-17.5084
-19.0842
-20.5781
-21.9596
-23.1997
-24.2991
-25.3039
-26.248
-27.1277
-27.9273
-28.6304
-29.2163
-29.6598
-29.9297
-29.9881
-29.7861
-29.265
-28.3368
-26.9186
-24.9401
16.6186
17.57
18.5281
19.3728
20.0027
20.4037
20.524
20.3523
19.947
19.3676
18.6758
17.9452
17.2137
16.502
15.8271
15.1872
14.5759
13.9858
13.4031
12.8115
12.193
11.5249
10.7768
9.92612
8.98807
7.99719
6.96818
5.90304
4.80437
3.67602
2.52403
1.35611
0.182119
-0.985346
-2.13036
-3.23306
-4.26279
-5.18467
-5.87653
14.642
13.4686
12.0472
10.4446
8.82745
7.06717
5.24571
3.43531
1.61337
-0.182313
-1.93819
-3.66651
-5.35911
-7.02162
-8.66086
-10.2772
-11.8725
-13.4449
-14.9888
-16.4951
-17.9478
-19.3195
-20.5814
-21.7072
-22.6983
-23.5982
-24.4384
-25.2158
-25.9167
-26.5266
-27.0278
-27.3987
-27.6132
-27.6391
-27.4355
-26.9531
-26.117
-24.8566
-23.117
15.6756
16.5805
17.492
18.2951
18.893
19.2732
19.3862
19.222
18.8364
18.2867
17.6317
16.9415
16.2521
15.583
14.9502
14.352
13.7824
13.2343
12.6949
12.1489
11.5797
10.9663
10.2804
9.5013
8.64367
7.73997
6.80401
5.83774
4.84363
3.82512
2.78755
1.73751
0.683369
-0.3645
-1.39302
-2.3861
-3.31849
-4.16185
-4.80588
13.8072
12.6911
11.3392
9.81564
8.27925
6.60793
4.88014
3.16472
1.44038
-0.256734
-1.91372
-3.54206
-5.13384
-6.69431
-8.22972
-9.74033
-11.2276
-12.6894
-14.1206
-15.5122
-16.8495
-18.1069
-19.2578
-20.2781
-21.1702
-21.9746
-22.721
-23.4066
-24.0196
-24.5474
-24.9748
-25.2837
-25.452
-25.453
-25.2523
-24.8087
-24.0585
-22.9415
-21.4148
14.7906
15.6511
16.5183
17.2816
17.8494
18.2106
18.3175
18.1614
17.7958
17.2754
16.6568
16.0062
15.3577
14.7297
14.1374
13.579
13.0489
12.5405
12.0417
11.5384
11.0151
10.4524
9.82406
9.11125
8.32789
7.50444
6.65391
5.7782
4.87958
3.96117
3.02765
2.08469
1.13929
0.199998
-0.722553
-1.6156
-2.45847
-3.2285
-3.82642
13.0253
11.9641
10.6788
9.23107
7.77212
6.18616
4.54831
2.92401
1.29332
-0.309324
-1.87162
-3.40432
-4.89984
-6.36303
-7.79965
-9.20978
-10.5946
-11.952
-13.2769
-14.5609
-15.7901
-16.941
-17.989
-18.9124
-19.714
-20.4321
-21.094
-21.6977
-22.2328
-22.6886
-23.0521
-23.3083
-23.4386
-23.4209
-23.2266
-22.8211
-22.1503
-21.1627
-19.8252
13.9607
14.7786
15.6036
16.3294
16.8687
17.2123
17.3141
17.1668
16.8212
16.33
15.747
15.135
14.5262
13.9379
13.3844
12.864
12.3713
11.9004
11.4397
10.9763
10.4956
9.97991
9.40491
8.75336
8.03848
7.28886
6.51665
5.7237
4.91213
4.08473
3.24562
2.39965
1.55264
0.711647
-0.114961
-0.917003
-1.67789
-2.37992
-2.9335
12.2935
11.2848
10.0634
8.68837
7.30367
5.79959
4.24797
2.71106
1.17008
-0.342087
-1.81378
-3.2551
-4.6588
-6.02937
-7.37212
-8.68697
-9.97492
-11.2338
-12.4588
-13.6419
-14.7702
-15.8222
-16.7752
-17.6096
-18.3292
-18.9693
-19.5555
-20.0863
-20.5527
-20.9456
-21.2542
-21.4658
-21.5651
-21.5339
-21.3484
-20.9797
-20.3819
-19.5104
-18.3405
13.183
13.9604
14.7452
15.4352
15.9477
16.275
16.3725
16.2344
15.9088
15.4464
14.8984
14.3241
13.7536
13.2035
12.6871
12.2029
11.7457
11.31
10.8851
10.4589
10.0179
9.54571
9.02001
8.42499
7.77324
7.09141
6.3909
5.67347
4.9411
4.19629
3.44264
2.68429
1.9261
1.1737
0.433808
-0.285772
-0.971907
-1.61108
-2.12257
11.6094
10.6509
9.49052
8.18517
6.87158
5.44595
3.97699
2.52374
1.0687
-0.356901
-1.74204
-3.09617
-4.41239
-5.6949
-6.94859
-8.17326
-9.36973
-10.5359
-11.6671
-12.7558
-13.7902
-14.7506
-15.616
-16.3693
-17.0143
-17.5843
-18.1029
-18.5691
-18.9752
-19.3134
-19.5749
-19.7491
-19.8235
-19.783
-19.608
-19.2743
-18.7429
-17.9755
-16.9534
12.455
13.1936
13.9402
14.5962
15.0832
15.3954
15.4894
15.3609
15.055
14.621
14.1073
13.5694
13.036
12.5225
12.0416
11.5918
11.1682
10.7657
10.3742
9.98264
9.57852
9.14666
8.6665
8.12364
7.52996
6.91033
6.27536
5.62675
4.96631
4.29629
3.61984
2.94048
2.26219
1.58953
0.927726
0.282571
-0.335701
-0.917049
-1.38863
10.9704
10.0598
8.95789
7.71915
6.47365
5.1231
3.73323
2.3601
0.987236
-0.355663
-1.65819
-2.92922
-4.1622
-5.36111
-6.53038
-7.66981
-8.78006
-9.85909
-10.9025
-11.9031
-12.8502
-13.7259
-14.511
-15.1901
-15.7679
-16.275
-16.7334
-17.1426
-17.4958
-17.7868
-18.0081
-18.151
-18.2055
-18.1591
-17.9957
-17.6951
-17.224
-16.5492
-15.6573
11.7741
12.4756
13.1858
13.8094
14.2724
14.5707
14.6616
14.5427
14.2562
13.8502
13.3699
12.8674
12.3696
11.8913
11.4442
11.027
10.6352
10.2638
9.90367
9.54435
9.17441
8.77983
8.3417
7.84687
7.30657
6.74391
6.16879
5.58278
4.98756
4.38516
3.7783
3.16996
2.56345
1.96233
1.37061
0.79242
0.235689
-0.292704
-0.726797
10.3741
9.50929
8.46316
7.28809
6.10764
4.8289
3.51468
2.21809
0.923761
-0.340168
-1.56392
-2.75582
-3.90972
-5.02931
-6.1187
-7.17766
-8.20675
-9.204
-10.1653
-11.084
-11.9502
-12.7477
-13.4591
-14.071
-14.588
-15.0389
-15.4439
-15.8028
-16.1099
-16.3601
-16.5473
-16.6644
-16.7032
-16.6536
-16.5023
-16.2326
-15.8159
-15.2235
-14.446
11.1377
11.804
12.4796
13.0721
13.5124
13.7975
13.8858
13.7767
13.5091
13.1305
12.6829
12.2144
11.7508
11.3062
10.8914
10.5052
10.1432
9.80112
9.47019
9.14087
8.80256
8.44242
8.04302
7.59238
7.10108
6.59056
6.06998
5.54084
5.00468
4.46329
3.91906
3.3745
2.83228
2.2952
1.76624
1.24822
0.746895
0.266975
-0.13209
9.81828
8.99715
8.00428
6.88995
5.77159
4.56133
3.31935
2.09584
0.876447
-0.312158
-1.46084
-2.57743
-3.65623
-4.70072
-5.71465
-6.69774
-7.65054
-8.57119
-9.4558
-10.2983
-11.0896
-11.8152
-12.4593
-13.0101
-13.4725
-13.8733
-14.231
-14.5457
-14.8127
-15.0279
-15.1862
-15.282
-15.3086
-15.2579
-15.119
-14.8779
-14.5101
-13.9908
-13.3138
10.5438
11.1763
11.819
12.3818
12.8006
13.0733
13.1591
13.0597
12.8104
12.4587
12.0428
11.607
11.1762
10.7638
10.3797
10.0228
9.68909
9.37439
9.07073
8.76926
8.46023
8.13183
7.76807
7.35805
6.91165
6.44877
5.97786
5.50032
5.01755
4.53115
4.04318
3.55576
3.07105
2.59118
2.11828
1.65403
1.20276
0.766854
0.400395
9.30104
8.52152
7.57937
6.52293
5.46371
4.3187
3.14558
1.99158
0.843626
-0.273267
-1.35054
-2.39553
-3.40309
-4.3765
-5.31917
-6.2308
-7.11194
-7.96092
-8.77408
-9.54585
-10.268
-10.9275
-11.5102
-12.0056
-12.4191
-12.7752
-13.091
-13.367
-13.5993
-13.7845
-13.9184
-13.9968
-14.0141
-13.964
-13.8374
-13.6226
-13.2987
-12.8441
-12.2551
9.99011
10.5904
11.2017
11.7359
12.1342
12.3949
12.4782
12.3886
12.1568
11.8317
11.4465
11.0421
10.6426
10.2608
9.90591
9.57675
9.26962
8.98064
8.70243
8.42681
8.14484
7.84568
7.51467
7.14191
6.73662
6.3172
5.89145
5.46067
5.02611
4.5892
4.15171
3.71543
3.28204
2.85318
2.43026
2.01413
1.60775
1.2117
0.875409
8.81992
8.08008
7.18624
6.18494
5.182
4.09913
2.99158
1.90374
0.823822
-0.224915
-1.23438
-2.21149
-3.15168
-4.05794
-4.93332
-5.77762
-6.5915
-7.37342
-8.12
-8.82615
-9.48449
-10.0834
-10.6101
-11.0555
-11.425
-11.7414
-12.0204
-12.2626
-12.4647
-12.6242
-12.7378
-12.8019
-12.8124
-12.764
-12.6493
-12.4587
-12.1741
-11.7768
-11.2649
9.47427
10.0438
10.6253
11.1317
11.5105
11.7594
11.8402
11.7603
11.5449
11.2465
10.8912
10.5165
10.1468
9.79424
9.46714
9.16418
8.88204
8.61712
8.36263
8.11101
7.85404
7.58181
7.28088
6.94226
6.57455
6.19472
5.80996
5.42148
5.03039
4.63797
4.24571
3.85511
3.4675
3.08406
2.70563
2.3324
1.9662
1.60621
1.29755
8.37222
7.66998
6.82198
5.87304
4.9237
3.8999
2.85493
1.83012
0.815311
-0.168733
-1.11343
-2.02596
-2.90267
-3.74578
-4.55774
-5.33871
-6.08955
-6.80882
-7.49342
-8.13873
-8.73815
-9.28139
-9.75704
-10.1573
-10.4875
-10.7687
-11.0152
-11.2279
-11.4041
-11.5417
-11.6382
-11.6909
-11.6964
-11.6506
-11.5475
-11.379
-11.1296
-10.7829
-10.3385
8.99344
9.53382
10.0868
10.5665
10.9272
11.1644
11.2429
11.1724
10.9715
10.6999
10.3739
10.0274
9.68604
9.36137
9.06061
8.78239
8.52373
8.28137
8.049
7.81967
7.58583
7.3384
7.06511
6.75776
6.42436
6.08055
5.73294
5.38266
5.0307
4.67816
4.32636
3.97651
3.62964
3.28655
2.94767
2.61258
2.28228
1.95472
1.67133
7.9564
7.28969
6.48501
5.58545
4.6868
3.71874
2.73324
1.76837
0.815707
-0.107057
-0.989098
-1.83922
-2.65597
-3.43987
-4.19218
-4.91367
-5.60559
-6.26656
-6.89363
-7.48272
-8.02796
-8.52026
-8.94954
-9.30895
-9.60399
-9.85384
-10.0717
-10.2586
-10.4123
-10.5313
-10.6136
-10.6571
-10.6592
-10.6168
-10.5248
-10.3765
-10.1584
-9.85663
-9.47138
8.54616
9.05884
9.58484
10.0386
10.3822
10.6077
10.6841
10.6227
10.4333
10.1891
9.8917
9.57184
9.25724
8.95914
8.68327
8.42834
8.19174
7.97051
7.75882
7.55024
7.33786
7.11337
6.86552
6.58686
6.28483
5.9738
5.65985
5.34405
5.02729
4.71057
4.39492
4.08142
3.77078
3.46352
3.15969
2.85848
2.56012
2.26168
2.00125
7.57422
6.94134
6.17771
5.3246
4.47343
3.55751
2.62759
1.71828
0.823715
-0.0406337
-0.864232
-1.65532
-2.41545
-3.14314
-3.83867
-4.5038
-5.14022
-5.74647
-6.31973
-6.85661
-7.35179
-7.79747
-8.18461
-8.50739
-8.77109
-8.99339
-9.18626
-9.35075
-9.48515
-9.58844
-9.65901
-9.69526
-9.6953
-9.65652
-9.57497
-9.445
-9.25504
-8.99284
-8.65938
8.13381
8.61994
9.1192
9.54712
9.87356
10.0858
10.1604
10.1075
9.92719
9.71278
9.44256
9.14721
8.85839
8.58557
8.33312
8.09992
7.88385
7.68226
7.48977
7.30045
7.10795
6.90468
6.68033
6.42804
6.1547
5.87342
5.58995
5.3052
5.0201
4.73538
4.45208
4.17094
3.89253
3.61706
3.34438
3.07318
2.80328
2.53089
2.29121
7.22554
6.62502
5.90076
5.09152
4.28515
3.41811
2.54058
1.68195
0.841769
0.0322004
-0.739173
-1.47828
-2.18684
-2.86016
-3.50049
-4.11186
-4.69582
-5.25036
-5.77308
-6.26114
-6.71004
-7.1126
-7.46093
-7.75017
-7.98552
-8.18305
-8.3538
-8.49867
-8.61642
-8.70642
-8.76738
-8.79792
-8.79694
-8.76231
-8.6907
-8.5775
-8.4128
-8.18598
-7.89839
7.75602
8.21605
8.68881
9.08987
9.39877
9.59478
9.66827
9.61959
9.44851
9.2712
9.02659
8.75252
8.48844
8.24076
8.01079
7.79819
7.60145
7.41828
7.24363
7.07216
6.898
6.71427
6.51143
6.28334
6.03608
5.78185
5.5257
5.26883
5.01182
4.75566
4.5009
4.24845
3.99837
3.751
3.5056
3.26089
3.016
2.76681
2.54571
6.95096
6.37463
5.67759
4.90019
4.12679
3.29689
2.46465
1.65141
0.870502
0.104808
-0.580363
-1.27204
-1.94763
-2.57997
-3.17939
-3.75405
-4.30344
-4.82398
-5.3134
-5.76936
-6.18754
-6.56128
-6.88356
-7.15008
-7.36589
-7.54603
-7.70112
-7.83165
-7.93724
-8.01777
-8.06957
-8.09462
-8.0916
-8.05846
-7.99227
-7.88919
-7.74046
-7.53701
-7.27975
7.45859
7.89538
8.34365
8.71205
8.99394
9.15152
9.19704
9.10716
8.94612
8.85267
8.6546
8.40793
8.17304
7.95282
7.74591
7.55289
7.37387
7.20695
7.04771
6.89123
6.73232
6.56452
6.37912
6.17025
5.94354
5.71009
5.47493
5.23904
5.00327
4.76838
4.53514
4.30408
4.07547
3.84917
3.6245
3.39993
3.17441
2.94335
2.73765
6.72929
6.17178
5.49523
4.74118
3.993
3.19339
2.40018
1.62942
0.910114
0.182072
-0.399451
-1.05213
-1.70808
-2.30774
-2.87488
-3.42341
-3.94947
-4.44718
-4.91432
-5.34877
-5.74659
-6.10105
-6.40574
-6.65662
-6.85864
-7.0263
-7.16994
-7.28964
-7.38595
-7.45948
-7.50242
-7.52197
-7.51634
-7.48286
-7.41898
-7.32153
-7.18264
-6.99377
-6.75658
7.21763
7.63393
8.05652
8.38911
8.63568
8.74171
8.74093
8.5846
8.42602
8.44095
8.30706
8.09507
7.89188
7.7011
7.51782
7.34408
7.1817
7.02968
6.88416
6.74081
6.595
6.44082
6.27013
6.07738
5.86763
5.65123
5.43297
5.2139
4.99493
4.77688
4.56054
4.34643
4.13476
3.92527
3.71722
3.50896
3.29919
3.08322
2.89028
6.50986
5.97133
5.31562
4.58552
3.86297
3.09427
2.33982
1.61115
0.950499
0.258546
-0.221262
-0.834914
-1.47035
-2.03664
-2.56972
-3.09015
-3.59148
-4.06528
-4.5092
-4.92159
-5.29858
-5.63312
-5.91955
-6.15428
-6.3422
-6.49727
-6.62961
-6.73869
-6.82602
-6.89322
-6.92793
-6.94264
-6.93536
-6.90238
-6.84157
-6.75048
-6.62216
-6.44845
-6.23253
6.97872
7.37512
7.77194
8.07028
8.28314
8.33946
8.29635
8.08026
7.92467
8.03358
7.96445
7.78685
7.61326
7.4506
7.29106
7.13671
6.99099
6.85378
6.72189
6.5915
6.45859
6.31783
6.16172
5.98499
5.79213
5.59273
5.39121
5.18869
4.98612
4.78438
4.58429
4.38647
4.19101
3.99766
3.80556
3.61293
3.41833
3.21671
3.03593
6.29375
5.77419
5.13949
4.43349
3.73676
2.99923
2.28275
1.59603
0.990329
0.336278
-0.0510456
-0.623478
-1.23414
-1.76681
-2.26525
-2.75581
-3.2309
-3.67975
-4.09963
-4.48933
-4.8448
-5.1592
-5.42751
-5.64629
-5.82061
-5.96345
-6.08504
-6.1839
-6.26284
-6.32415
-6.35125
-6.36152
-6.3529
-6.32074
-6.26313
-6.17849
-6.06055
-5.90168
-5.70535
6.74326
7.12042
7.49168
7.75738
7.93831
7.94671
7.86538
7.59635
7.44155
7.63088
7.62649
7.48482
7.33899
7.20305
7.06649
6.93127
6.80205
6.67961
6.56126
6.4437
6.32348
6.19587
6.05412
5.89322
5.7172
5.53468
5.34985
5.16362
4.97714
4.79111
4.60668
4.42428
4.24424
4.0661
3.88919
3.71134
3.53122
3.34312
3.17414
6.08314
5.58226
4.96847
4.28639
3.61512
2.90844
2.22847
1.58269
1.02715
0.412413
0.105521
-0.422486
-1.00224
-1.5003
-1.96365
-2.4227
-2.86962
-3.29223
-3.68724
-4.05347
-4.38681
-4.68095
-4.93103
-5.1341
-5.29507
-5.42632
-5.53781
-5.62745
-5.69903
-5.75556
-5.7766
-5.78378
-5.77492
-5.7446
-5.69117
-5.61356
-5.50645
-5.36313
-5.18927
6.51362
6.87222
7.21808
7.45311
7.60345
7.56495
7.44937
7.13027
6.9721
7.23159
7.29132
7.1873
7.07
6.96081
6.84702
6.73009
6.61642
6.50808
6.40288
6.29789
6.19008
6.07533
5.94756
5.8022
5.64277
5.4771
5.30888
5.13905
4.96846
4.79805
4.62872
4.46119
4.29565
4.1319
3.96901
3.80508
3.63838
3.46317
3.30533
5.88042
5.39768
4.80408
4.14531
3.49858
2.82175
2.17614
1.56952
1.05853
0.483255
0.243625
-0.235882
-0.77728
-1.23874
-1.66656
-2.09248
-2.50923
-2.90412
-3.2732
-3.61514
-3.92591
-4.19965
-4.43163
-4.61922
-4.76698
-4.88667
-4.98799
-5.06829
-5.13212
-5.18328
-5.19803
-5.20174
-5.1922
-5.16338
-5.11387
-5.04306
-4.94603
-4.81585
-4.65561
6.29263
6.63342
6.95423
7.16038
7.28073
7.19521
7.04889
6.67731
6.50959
6.83531
6.95815
6.89087
6.80161
6.72126
6.63322
6.53667
6.43891
6.34388
6.25065
6.15709
6.06063
5.95784
5.84323
5.71263
5.56904
5.41949
5.26732
5.11339
4.95839
4.8032
4.64869
4.49555
4.34404
4.19398
4.04452
3.89361
3.73967
3.57663
3.42981
5.68827
5.22236
4.64749
4.01028
3.38626
2.73728
2.12319
1.55272
1.08015
0.543382
0.357291
-0.0684994
-0.563032
-0.984776
-1.37623
-1.76744
-2.15186
-2.51709
-2.85882
-3.17521
-3.46262
-3.71526
-3.92912
-4.10165
-4.23765
-4.34773
-4.44135
-4.5153
-4.57477
-4.62416
-4.63643
-4.64018
-4.63316
-4.60864
-4.56527
-4.50319
-4.41894
-4.30837
-4.18022
6.08338
6.40715
6.70306
6.88197
6.97005
6.83452
6.65844
6.22608
6.03986
6.44041
6.63279
6.60021
6.53281
6.47589
6.41327
6.3408
6.26443
6.18719
6.10875
6.02769
5.94272
5.85131
5.74909
5.63249
5.50419
5.3702
5.23341
5.09451
4.95408
4.81294
4.67185
4.53162
4.39248
4.25456
4.11689
3.97776
3.835
3.68264
3.5433
5.50754
5.05675
4.49813
3.87967
3.27532
2.65086
2.06434
1.52616
1.08593
0.586534
0.439859
0.0737576
-0.364265
-0.741664
-1.09524
-1.4497
-1.799
-2.13228
-2.44526
-2.73573
-2.99952
-3.23123
-3.42632
-3.58245
-3.70372
-3.80067
-3.88226
-3.94527
-3.99513
-4.03706
-4.04182
-4.04079
-4.03193
-4.00811
-3.96811
-3.91187
-3.83516
-3.72983
-3.59376
5.88701
6.19436
6.46606
6.61897
6.67006
6.48005
6.27345
5.76252
5.53947
6.03233
6.31658
6.33457
6.29311
6.25097
6.19733
6.1344
6.07161
6.01178
5.95172
5.88816
5.8189
5.74187
5.65355
5.55147
5.43877
5.32123
5.20138
5.07954
4.95597
4.83111
4.70545
4.57952
4.45365
4.32774
4.20131
4.07274
3.94031
3.79875
3.66849
5.33832
4.90117
4.357
3.75449
3.16655
2.56272
1.99886
1.4878
1.07346
0.607811
0.48553
0.183571
-0.186448
-0.514058
-0.827253
-1.14188
-1.45206
-1.74929
-2.02974
-2.2908
-2.52897
-2.73954
-2.91908
-3.06553
-3.1823
-3.27741
-3.35953
-3.42456
-3.47928
-3.52889
-3.54009
-3.54697
-3.54747
-3.53394
-3.50528
-3.46306
-3.40738
-3.33968
-3.27754
5.70335
5.9953
6.24469
6.37461
6.3857
6.14652
5.91177
5.28522
4.98687
5.57462
5.96307
6.05913
6.08571
6.09664
6.06915
6.00834
5.93608
5.86695
5.80343
5.74288
5.68152
5.61569
5.54063
5.45231
5.35196
5.24558
5.13709
5.02745
4.91702
4.80604
4.69488
4.58375
4.47267
4.36115
4.24826
4.13203
4.01015
3.8792
3.75913
5.18866
4.76354
4.23231
3.64382
3.06968
2.48268
1.93574
1.44543
1.04781
0.604155
0.487174
0.255407
-0.0354436
-0.307782
-0.576069
-0.847212
-1.1168
-1.37854
-1.62712
-1.85855
-2.06804
-2.25065
-2.40141
-2.5179
-2.60508
-2.67337
-2.73087
-2.77296
-2.80511
-2.83354
-2.82682
-2.81992
-2.81068
-2.79145
-2.76076
-2.71834
-2.65739
-2.56395
-2.4189
5.54151
5.82051
6.05131
6.16094
6.13325
5.86373
5.59749
4.78766
4.3855
5.06782
5.51882
5.64634
5.72923
5.83188
5.90845
5.93764
5.92721
5.89048
5.83847
5.77905
5.71619
5.65088
5.58135
5.50536
5.42216
5.33187
5.23486
5.13256
5.02665
4.91816
4.80798
4.69694
4.58594
4.4755
4.3655
4.25416
4.13643
4.00065
3.84242
5.08023
4.65924
4.13233
3.54869
2.9799
2.40101
1.86278
1.38512
0.992866
0.5579
0.43405
0.284017
0.0800846
-0.132356
-0.346315
-0.559249
-0.772214
-0.984158
-1.19264
-1.39392
-1.58502
-1.76221
-1.92321
-2.06387
-2.18146
-2.27777
-2.36383
-2.43562
-2.50419
-2.57407
-2.60022
-2.62145
-2.64069
-2.64958
-2.64675
-2.63607
-2.62648
-2.63408
-2.69976
5.42747
5.69804
5.91181
5.99474
5.91741
5.6122
5.24461
4.17136
3.72999
4.63507
5.18129
5.27424
5.2642
5.27219
5.30091
5.34582
5.40212
5.45728
5.49739
5.51544
5.50986
5.48175
5.43305
5.37161
5.31092
5.25528
5.20021
5.14271
5.08187
5.01747
4.94912
4.87563
4.79592
4.70896
4.61459
4.51439
4.41612
4.33967
4.34238
5.01433
4.57981
4.0326
3.42815
2.84078
2.24937
1.70552
1.23204
0.838659
0.422239
0.310084
0.260308
0.153372
-0.00157823
-0.174309
-0.346515
-0.513528
-0.673389
-0.823493
-0.960589
-1.08041
-1.17672
-1.24359
-1.28024
-1.30047
-1.31679
-1.33133
-1.33497
-1.32778
-1.32579
-1.29888
-1.2751
-1.25543
-1.23264
-1.20465
-1.16948
-1.1113
-1.00093
-0.77795
5.36713
5.63254
5.82523
5.86177
5.69982
5.28257
4.63171
3.25178
2.88012
4.25539
5.22638
5.6494
5.79394
5.76618
5.60543
5.37647
5.14147
4.94606
4.80406
4.71225
4.65997
4.63688
4.62661
4.59893
4.52739
4.42956
4.32961
4.23145
4.13459
4.03883
3.94634
3.8597
3.78077
3.70973
3.64416
3.57456
3.47581
3.29695
2.96536
4.92381
4.46783
3.88753
3.24709
2.62698
2.01123
1.45536
0.984312
0.592621
0.215646
0.110806
0.151341
0.177301
0.153227
0.0924628
0.00444747
-0.106539
-0.237745
-0.387149
-0.554056
-0.738821
-0.941075
-1.15339
-1.3581
-1.5257
-1.65492
-1.78302
-1.89531
-2.0386
-2.22714
-2.23542
-2.29077
-2.37698
-2.44687
-2.49799
-2.54854
-2.6259
-2.77201
-3.05888
5.28461
5.54351
5.71307
5.69914
5.44439
4.86911
3.84746
2.22508
1.54588
3.00777
4.35898
5.48619
6.44664
7.26653
7.88988
8.30544
8.55131
8.65446
8.65261
8.58335
8.4759
8.35105
8.23801
8.18924
8.22737
8.27391
8.27178
8.23499
8.1802
8.11085
8.02405
7.91908
7.79813
7.66454
7.52515
7.39272
7.30164
7.29957
7.50144
-151.891
-156.383
-159.716
-162.998
-165.671
-167.521
-168.579
-168.909
-168.609
-167.757
-166.379
-164.508
-162.16
-159.351
-156.142
-152.61
-148.85
-144.949
-140.949
-136.843
-132.652
-128.425
-124.204
-119.989
-115.675
-111.08
-106.104
-100.748
-95.1076
-89.4109
-84.0338
-79.4412
-75.9095
-73.2842
-71.0208
-68.5083
-65.509
-62.1328
-58.5733
-55.0043
-51.5509
-48.2749
-45.1925
-42.2987
-39.5827
-37.034
-34.6409
-32.3927
-30.2789
-28.2901
-26.4175
-24.6534
-22.991
-21.4241
-19.9471
-18.5549
-17.2428
-16.0064
-14.8415
-13.7442
-12.711
-11.7381
-10.8223
-9.96021
-9.14883
-8.3848
-7.66618
-7.07734
-6.57284
-6.06894
-5.55873
-5.06359
-4.5393
-4.0942
-3.49514
-3.24318
-2.31347
-2.75045
-0.633975
-3.25942
-143.406
-140.467
-138.054
-135.75
-133.399
-131.013
-128.528
-125.923
-123.29
-120.518
-117.717
-114.811
-111.858
-108.833
-105.758
-102.63
-99.4621
-96.2567
-93.0227
-89.766
-86.4943
-83.2134
-79.9307
-76.652
-73.3842
-70.1327
-66.9037
-63.7028
-60.5352
-57.4065
-54.3222
-51.2873
-48.3065
-45.3851
-42.5279
-39.7399
-37.0254
-34.3893
-31.8357
-29.3687
-26.9919
-24.7092
-22.5231
-20.4364
-18.4508
-16.5681
-14.7888
-13.1135
-11.5411
-10.0712
-8.70176
-7.43063
-6.2552
-5.17227
-4.17826
-3.26929
-2.44114
-1.68947
-1.00977
-0.397384
0.152131
0.643404
1.08111
1.4696
1.8134
2.1163
2.38251
2.58497
2.74678
2.90065
3.04635
3.18455
3.31646
3.43613
3.56896
3.67877
3.72006
4.3604
2.74346
7.54337
-135.073
-135.653
-136.869
-138.581
-140.125
-141.299
-142.087
-142.443
-142.325
-141.707
-140.577
-138.937
-136.824
-134.301
-131.407
-128.169
-124.603
-120.729
-116.607
-112.344
-108.06
-103.833
-99.6816
-95.6237
-91.6897
-87.8792
-84.1395
-80.3917
-76.5532
-72.554
-68.374
-64.0871
-59.8988
-56.1211
-53.0156
-50.5001
-48.2598
-46.1498
-44.1232
-42.1334
-40.1674
-38.2347
-36.3468
-34.5104
-32.7306
-31.0097
-29.3492
-27.7488
-26.208
-24.7257
-23.3006
-21.9313
-20.6168
-19.3562
-18.1482
-16.9919
-15.8865
-14.8307
-13.8235
-12.8638
-11.9502
-11.0814
-10.2561
-9.47245
-8.72919
-8.02412
-7.35668
-6.80552
-6.33207
-5.8588
-5.37613
-4.90749
-4.40593
-3.98366
-3.40412
-3.16734
-2.26497
-2.68963
-0.650372
-3.19768
-133.709
-131.528
-129.055
-126.418
-123.714
-120.959
-118.164
-115.343
-112.488
-109.61
-106.713
-103.796
-100.868
-97.9282
-94.9837
-92.0353
-89.0875
-86.142
-83.202
-80.2706
-77.35
-74.4426
-71.5507
-68.6773
-65.8247
-62.9951
-60.1915
-57.4164
-54.6726
-51.9626
-49.2898
-46.6571
-44.0673
-41.5238
-39.0301
-36.5892
-34.2051
-31.8807
-29.6201
-27.4263
-25.303
-23.2533
-21.2805
-19.3869
-17.5755
-15.8479
-14.2063
-12.6512
-11.1837
-9.80364
-8.51057
-7.30374
-6.18169
-5.14244
-4.18365
-3.30253
-2.49596
-1.76051
-1.09252
-0.488224
0.0563568
0.545197
0.982297
1.37168
1.71743
2.02308
2.29235
2.4979
2.66255
2.81955
2.96882
3.11037
3.24567
3.36852
3.50106
3.6186
3.65167
4.28699
2.75307
7.31616
-96.2775
-96.228
-95.8619
-95.6231
-95.5199
-95.3963
-95.176
-94.8267
-94.3112
-93.5855
-92.6125
-91.3675
-89.8274
-87.9796
-85.8099
-83.3208
-80.5348
-77.4974
-74.2553
-70.858
-67.3587
-63.8226
-60.3491
-57.0198
-53.8741
-50.9557
-48.3124
-45.9681
-43.9152
-42.1197
-40.5101
-38.9993
-37.5362
-36.1345
-34.9202
-34.0123
-33.2131
-32.3397
-31.4466
-30.5718
-29.7007
-28.8212
-27.9247
-27.0062
-26.0652
-25.1044
-24.1276
-23.1396
-22.1454
-21.1496
-20.1569
-19.1714
-18.1971
-17.2373
-16.2953
-15.3737
-14.475
-13.6011
-12.7538
-11.9342
-11.1435
-10.3822
-9.65075
-8.94916
-8.27748
-7.63474
-7.02162
-6.51167
-6.07168
-5.63078
-5.17801
-4.73723
-4.26185
-3.86144
-3.30864
-3.07957
-2.22138
-2.61201
-0.680317
-3.10284
-95.5944
-94.4154
-93.2596
-92.0191
-90.7383
-89.3992
-88.0089
-86.5649
-85.0657
-83.5166
-81.9139
-80.2626
-78.5615
-76.8142
-75.022
-73.1874
-71.3131
-69.4021
-67.4571
-65.4817
-63.4789
-61.4521
-59.4044
-57.3396
-55.2612
-53.1725
-51.0769
-48.9781
-46.8793
-44.7842
-42.6964
-40.6195
-38.5567
-36.5124
-34.4897
-32.4928
-30.5253
-28.5913
-26.6944
-24.8388
-23.028
-21.2664
-19.5569
-17.9037
-16.3094
-14.7777
-13.3106
-11.9109
-10.5799
-9.31919
-8.12968
-7.01184
-5.96548
-4.99008
-4.08445
-3.24717
-2.47623
-1.76934
-1.12384
-0.536792
-0.00514146
0.474373
0.905159
1.29056
1.63421
1.9393
2.20898
2.41542
2.58142
2.74017
2.89154
3.03545
3.17294
3.29865
3.43049
3.55359
3.58976
4.19219
2.78066
7.06874
-65.7786
-65.5692
-65.1576
-64.6033
-63.8587
-63.0076
-62.1517
-61.2831
-60.365
-59.3805
-58.3215
-57.1703
-55.9084
-54.5159
-52.9782
-51.2828
-49.423
-47.3949
-45.2068
-42.8707
-40.4154
-37.8807
-35.3197
-32.801
-30.407
-28.1811
-26.1191
-24.2123
-22.4732
-20.9261
-19.6084
-18.5708
-17.8776
-17.5777
-17.699
-18.2966
-19.2005
-19.9582
-20.4198
-20.6826
-20.804
-20.8105
-20.7178
-20.5338
-20.2652
-19.9187
-19.5015
-19.0218
-18.4874
-17.9065
-17.2869
-16.6361
-15.9613
-15.269
-14.5653
-13.8556
-13.145
-12.4378
-11.7379
-11.0485
-10.3725
-9.71225
-9.06961
-8.44596
-7.84261
-7.25968
-6.69895
-6.22888
-5.82045
-5.4098
-4.98513
-4.571
-4.12044
-3.7421
-3.21263
-2.99719
-2.16963
-2.55232
-0.679781
-3.05048
-65.5414
-65.064
-64.5962
-64.0743
-63.5269
-62.9421
-62.3236
-61.6678
-60.9761
-60.2461
-59.4774
-58.6691
-57.8211
-56.9321
-56.002
-55.0296
-54.0159
-52.9599
-51.8626
-50.7234
-49.5438
-48.324
-47.066
-45.77
-44.439
-43.0741
-41.678
-40.2524
-38.8008
-37.3252
-35.8297
-34.3169
-32.7908
-31.2545
-29.7126
-28.1686
-26.6272
-25.0919
-23.5679
-22.0589
-20.5698
-19.1046
-17.6682
-16.2641
-14.8972
-13.5706
-12.2886
-11.0538
-9.8695
-8.73819
-7.66205
-6.64262
-5.68109
-4.77804
-3.93366
-3.14754
-2.41905
-1.74679
-1.12923
-0.564407
-0.0500321
0.416361
0.837419
1.21597
1.55508
1.85758
2.126
2.33239
2.499
2.65875
2.81159
2.95691
3.09604
3.22418
3.35752
3.48552
3.52629
4.10839
2.76638
6.88666
-39.8755
-39.3464
-38.7099
-38.0818
-37.3753
-36.4712
-35.3429
-34.0823
-32.7877
-31.4811
-30.1481
-28.7932
-27.4233
-26.0437
-24.6499
-23.2393
-21.8022
-20.3348
-18.8281
-17.2821
-15.6934
-14.0718
-12.4281
-10.7921
-9.20946
-7.75491
-6.49445
-5.45964
-4.65468
-4.07998
-3.73391
-3.6204
-3.7572
-4.18078
-4.92376
-6.05164
-7.63427
-9.36308
-10.8209
-11.9759
-12.9074
-13.6525
-14.2343
-14.6683
-14.9662
-15.1393
-15.1992
-15.1569
-15.0235
-14.8089
-14.5235
-14.1764
-13.7769
-13.3332
-12.8535
-12.345
-11.8146
-11.2685
-10.7122
-10.1505
-9.58788
-9.02797
-8.47407
-7.92869
-7.39435
-6.87203
-6.3646
-5.93495
-5.55872
-5.17895
-4.7832
-4.39643
-3.97119
-3.61626
-3.10946
-2.9115
-2.10937
-2.49562
-0.664202
-3.01228
-40.0553
-40.0787
-40.1075
-40.1102
-40.0987
-40.0677
-40.0162
-39.9427
-39.8451
-39.7223
-39.5711
-39.3915
-39.1803
-38.937
-38.6585
-38.3448
-37.993
-37.6028
-37.1718
-36.6999
-36.1848
-35.6271
-35.0252
-34.3796
-33.6892
-32.9556
-32.1779
-31.358
-30.4962
-29.5949
-28.6551
-27.6798
-26.6705
-25.6309
-24.5633
-23.472
-22.3597
-21.2312
-20.0897
-18.9404
-17.7871
-16.6351
-15.4881
-14.3517
-13.2297
-12.1273
-11.0483
-9.99689
-8.97718
-7.99264
-7.04641
-6.14128
-5.27941
-4.46276
-3.69243
-2.96954
-2.29417
-1.66641
-1.08557
-0.550706
-0.0604955
0.386683
0.792791
1.15995
1.49064
1.78722
2.05158
2.25596
2.42168
2.58102
2.73382
2.87961
3.01945
3.14937
3.28373
3.41485
3.45954
4.02619
2.73248
6.72368
-22.0954
-21.5682
-20.9573
-20.3517
-19.7196
-19.0162
-18.2184
-17.2883
-16.199
-14.9869
-13.7316
-12.4706
-11.2103
-9.9569
-8.7271
-7.5279
-6.36575
-5.23789
-4.14272
-3.07214
-2.02192
-0.98455
0.0392599
1.04738
2.02469
2.94635
3.76426
4.4247
4.89019
5.15282
5.20933
5.05249
4.6654
4.02589
3.11623
1.93361
0.393134
-1.51373
-3.40796
-5.02362
-6.40034
-7.58965
-8.61239
-9.47876
-10.1955
-10.7696
-11.2097
-11.5264
-11.7295
-11.8296
-11.8366
-11.7605
-11.6108
-11.3965
-11.1266
-10.8093
-10.4525
-10.0633
-9.6484
-9.21385
-8.76501
-8.30679
-7.84348
-7.37858
-6.91557
-6.45636
-6.00466
-5.6175
-5.27553
-4.92872
-4.56393
-4.20645
-3.80856
-3.4785
-2.99666
-2.81642
-2.04341
-2.42999
-0.647972
-2.96319
-22.3748
-22.5634
-22.7622
-22.9523
-23.1417
-23.3256
-23.5049
-23.6766
-23.8406
-23.9938
-24.1362
-24.2647
-24.3785
-24.4745
-24.5522
-24.6083
-24.6418
-24.6494
-24.6304
-24.5814
-24.5017
-24.388
-24.2398
-24.0539
-23.8302
-23.5657
-23.2606
-22.9127
-22.5225
-22.0885
-21.6119
-21.0919
-20.5303
-19.9273
-19.2856
-18.606
-17.892
-17.1453
-16.37
-15.5686
-14.7459
-13.9049
-13.0508
-12.1873
-11.3196
-10.4517
-9.58833
-8.73414
-7.89357
-7.07069
-6.26955
-5.49352
-4.74603
-4.02963
-3.34693
-2.69954
-2.08915
-1.51644
-0.982104
-0.485981
-0.0277696
0.393309
0.778396
1.12888
1.44656
1.73324
1.9901
2.18998
2.35277
2.50981
2.66117
2.8059
2.94521
3.07542
3.20998
3.34207
3.39095
3.93677
2.69946
6.54759
-9.96474
-9.50576
-8.97921
-8.44449
-7.88528
-7.2768
-6.61185
-5.88795
-5.09261
-4.19968
-3.18706
-2.08409
-0.95185
0.170541
1.27209
2.33836
3.35759
4.31692
5.21358
6.04372
6.81142
7.5186
8.17229
8.77447
9.32806
9.8277
10.2607
10.5955
10.789
10.8046
10.6352
10.2823
9.74337
9.00363
8.04497
6.86876
5.47548
3.7623
1.8169
-0.00146128
-1.57414
-2.95995
-4.19301
-5.28605
-6.24261
-7.06465
-7.75632
-8.3232
-8.77258
-9.11184
-9.34929
-9.49304
-9.55175
-9.53366
-9.44726
-9.30061
-9.10161
-8.85758
-8.57561
-8.26207
-7.92317
-7.56435
-7.19053
-6.80594
-6.41479
-6.01964
-5.625
-5.2818
-4.97541
-4.66288
-4.33063
-4.00378
-3.63491
-3.33077
-2.87607
-2.71351
-1.97311
-2.35737
-0.630326
-2.9054
-10.2524
-10.4919
-10.7425
-10.9958
-11.2549
-11.5185
-11.7852
-12.0551
-12.326
-12.5978
-12.8685
-13.1375
-13.4021
-13.662
-13.9142
-14.1583
-14.3908
-14.6108
-14.8153
-15.0033
-15.1712
-15.3181
-15.4402
-15.537
-15.6048
-15.6426
-15.6472
-15.6181
-15.5522
-15.4492
-15.3065
-15.1243
-14.9008
-14.6366
-14.3307
-13.9844
-13.5976
-13.1726
-12.7099
-12.2127
-11.6826
-11.1233
-10.5374
-9.92917
-9.30177
-8.65968
-8.00706
-7.34838
-6.68786
-6.02997
-5.37868
-4.73824
-4.11214
-3.50413
-2.91695
-2.35364
-1.81615
-1.30665
-0.826184
-0.375824
0.0439423
0.433002
0.791767
1.12086
1.42137
1.6945
1.94073
2.13367
2.29165
2.44474
2.59287
2.73526
2.87277
3.0023
3.13576
3.26701
3.32087
3.84013
2.66656
6.36202
-2.08953
-1.7345
-1.32642
-0.90209
-0.457353
0.0225179
0.543109
1.10587
1.71171
2.36659
3.07984
3.86867
4.7351
5.64612
6.55292
7.43029
8.26295
9.04118
9.75321
10.3949
10.9616
11.4561
11.8796
12.2392
12.5381
12.7826
12.9717
13.1008
13.1488
13.0812
12.8651
12.4942
11.9714
11.2952
10.4507
9.42517
8.23371
6.85237
5.18435
3.40179
1.77987
0.347776
-0.943759
-2.11456
-3.17004
-4.11043
-4.93564
-5.64808
-6.25111
-6.74947
-7.14822
-7.45337
-7.67111
-7.8081
-7.87121
-7.86755
-7.80396
-7.6874
-7.52429
-7.32122
-7.08427
-6.81897
-6.53055
-6.22355
-5.90261
-5.57075
-5.23296
-4.93401
-4.66366
-4.38592
-4.0869
-3.7915
-3.45275
-3.17529
-2.74906
-2.60476
-1.8981
-2.28104
-0.608224
-2.8464
-2.33189
-2.55254
-2.78556
-3.02651
-3.27793
-3.53814
-3.8076
-4.08502
-4.37062
-4.66286
-4.96191
-5.26583
-5.57457
-5.88598
-6.19988
-6.51369
-6.82697
-7.13687
-7.44288
-7.74181
-8.03285
-8.31252
-8.57986
-8.83133
-9.06591
-9.27976
-9.47194
-9.63876
-9.77932
-9.8901
-9.97035
-10.0169
-10.0295
-10.0053
-9.9445
-9.84504
-9.70763
-9.53104
-9.31666
-9.06413
-8.77569
-8.45193
-8.0958
-7.70888
-7.29449
-6.8556
-6.39588
-5.9188
-5.42848
-4.92857
-4.42339
-3.91661
-3.41251
-2.91436
-2.42604
-1.95036
-1.4906
-1.04882
-0.627289
-0.227621
0.148752
0.501264
0.829357
1.1331
1.41286
1.66924
1.90203
2.08592
2.23735
2.38476
2.52831
2.66688
2.80139
2.9289
3.06077
3.18975
3.24936
3.73878
2.6296
6.17649
2.77729
3.0315
3.3276
3.64434
3.97921
4.33851
4.72785
5.14862
5.60208
6.08942
6.61376
7.17881
7.79309
8.45942
9.15975
9.85472
10.5155
11.1261
11.6797
12.1678
12.5876
12.9354
13.2139
13.4238
13.5718
13.6611
13.6985
13.6852
13.6207
13.4903
13.2688
12.9287
12.4655
11.8826
11.1793
10.3421
9.36858
8.27804
7.01225
5.51103
3.98168
2.60024
1.35264
0.204944
-0.852225
-1.81831
-2.69073
-3.46813
-4.15115
-4.7415
-5.24196
-5.65562
-5.98644
-6.23877
-6.41771
-6.52853
-6.57684
-6.56816
-6.50843
-6.4034
-6.25861
-6.07936
-5.8707
-5.63723
-5.38371
-5.1133
-4.83136
-4.57628
-4.34188
-4.09902
-3.8337
-3.57013
-3.26227
-3.01209
-2.61536
-2.49009
-1.81788
-2.20117
-0.581088
-2.7863
2.59558
2.4194
2.2319
2.0336
1.82414
1.60333
1.37174
1.12902
0.875938
0.612266
0.339093
0.0560972
-0.235302
-0.535267
-0.84206
-1.15569
-1.47415
-1.79731
-2.12277
-2.45018
-2.77681
-3.10219
-3.42322
-3.73909
-4.04662
-4.34482
-4.63007
-4.90137
-5.1551
-5.39012
-5.60274
-5.79203
-5.95456
-6.08941
-6.19355
-6.26653
-6.30577
-6.3113
-6.28121
-6.21617
-6.11512
-5.97945
-5.80899
-5.60563
-5.3706
-5.10638
-4.81495
-4.49953
-4.16271
-3.80821
-3.43908
-3.05941
-2.67232
-2.28191
-1.89125
-1.50417
-1.12334
-0.751857
-0.392144
-0.0467407
0.28296
0.595172
0.889222
1.16422
1.42011
1.65687
1.87367
2.04644
2.18971
2.32993
2.46722
2.60071
2.73093
2.85552
2.98463
3.10995
3.17551
3.633
2.58742
5.99079
5.63542
5.80269
6.00438
6.22986
6.47097
6.72927
7.00932
7.31407
7.64363
7.99893
8.38087
8.79158
9.23274
9.70767
10.2127
10.7318
11.2353
11.7007
12.1143
12.472
12.7685
13.0035
13.175
13.2863
13.3387
13.3381
13.2879
13.1946
13.0603
12.8864
12.6628
12.3708
11.9887
11.5135
10.9474
10.2885
9.52495
8.66516
7.71837
6.60154
5.31036
4.04308
2.89403
1.83399
0.842118
-0.0838643
-0.940189
-1.72285
-2.42952
-3.05962
-3.61338
-4.09156
-4.49578
-4.82838
-5.09228
-5.29098
-5.42821
-5.50839
-5.53612
-5.51603
-5.45293
-5.35133
-5.21598
-5.05114
-4.86142
-4.65
-4.42222
-4.21016
-4.01133
-3.80317
-3.57157
-3.34008
-3.06365
-2.8412
-2.47486
-2.36913
-1.73224
-2.11658
-0.549946
-2.72359
5.51259
5.38686
5.25041
5.10312
4.94426
4.77424
4.59242
4.39938
4.19452
3.97857
3.75097
3.5126
3.26305
3.00341
2.73331
2.45409
2.16559
1.86944
1.56554
1.25585
0.940487
0.621712
0.29984
-0.0225344
-0.344921
-0.664394
-0.980178
-1.28919
-1.5905
-1.88072
-2.15873
-2.42119
-2.66697
-2.89257
-3.097
-3.27704
-3.43186
-3.5586
-3.6568
-3.72421
-3.76087
-3.7652
-3.73772
-3.67789
-3.58691
-3.46511
-3.31444
-3.136
-2.93247
-2.70573
-2.45908
-2.19485
-1.91672
-1.62737
-1.33062
-1.02914
-0.726411
-0.425154
-0.128588
0.161334
0.441857
0.711706
0.968972
1.21268
1.44207
1.65672
1.8552
2.0151
2.14865
2.2801
2.40985
2.53681
2.66157
2.7818
2.90737
3.02774
3.09919
3.52301
2.54132
5.8036
7.15156
7.24899
7.37662
7.52954
7.69601
7.87385
8.0678
8.28081
8.51375
8.766
9.03859
9.33223
9.64841
9.98753
10.3495
10.7245
11.0948
11.4375
11.7383
11.9889
12.188
12.3333
12.4268
12.4679
12.4606
12.4065
12.3108
12.1766
12.0098
11.8128
11.5876
11.3276
11.0188
10.6454
10.2048
9.69844
9.1217
8.4659
7.74468
6.94458
5.98145
4.90172
3.86771
2.91904
2.02784
1.18275
0.385203
-0.360006
-1.0486
-1.67802
-2.24647
-2.75292
-3.19702
-3.57919
-3.90041
-4.16224
-4.36695
-4.51737
-4.61655
-4.66802
-4.67531
-4.64231
-4.57293
-4.47102
-4.34071
-4.18497
-4.00908
-3.83867
-3.67457
-3.50044
-3.30238
-3.10279
-2.85801
-2.66348
-2.32818
-2.24231
-1.64165
-2.02748
-0.515087
-2.65712
7.08014
7.00101
6.91287
6.81402
6.70492
6.58479
6.45397
6.31174
6.15859
5.99377
5.81789
5.63025
5.43163
5.22139
5.00047
4.76829
4.52604
4.27329
4.01136
3.74001
3.46082
3.17375
2.88062
2.5816
2.27879
1.9726
1.66545
1.35794
1.05267
0.750529
0.454453
0.165473
-0.113482
-0.381124
-0.634442
-0.872162
-1.09138
-1.29089
-1.46806
-1.62186
-1.75015
-1.85214
-1.92622
-1.9723
-1.98935
-1.97807
-1.93808
-1.87085
-1.77683
-1.6582
-1.51612
-1.35338
-1.17176
-0.974494
-0.763704
-0.542741
-0.314088
-0.0811197
0.154025
0.388163
0.61959
0.845682
1.06494
1.27554
1.47666
1.66725
1.84553
1.99097
2.11345
2.23496
2.35574
2.475
2.59303
2.70801
2.82874
2.94293
3.01987
3.40869
2.49129
5.61299
7.80199
7.85158
7.9248
8.02196
8.1315
8.24919
8.37824
8.52179
8.68073
8.85459
9.04374
9.24883
9.47087
9.70981
9.96652
10.2368
10.5062
10.7546
10.9674
11.1367
11.2615
11.341
11.3777
11.3721
11.3275
11.2452
11.1292
10.9816
10.8074
10.6091
10.3914
10.1544
9.89522
9.60217
9.26542
8.88168
8.45203
7.96878
7.42842
6.84041
6.16996
5.35106
4.45981
3.61596
2.83068
2.08263
1.3657
0.682799
0.0386508
-0.562465
-1.11784
-1.62505
-2.08255
-2.48899
-2.84391
-3.1473
-3.39994
-3.60299
-3.75828
-3.86776
-3.93411
-3.96
-3.94872
-3.9032
-3.82715
-3.72313
-3.59605
-3.4654
-3.33472
-3.19361
-3.02831
-2.86018
-2.64695
-2.48026
-2.17639
-2.11047
-1.54668
-1.9341
-0.477073
-2.58772
7.76878
7.72653
7.67686
7.61789
7.55002
7.47261
7.38566
7.2887
7.18175
7.06435
6.9366
6.79802
6.64887
6.4887
6.31789
6.13599
5.94361
5.74039
5.52704
5.30334
5.07023
4.82759
4.57662
4.31735
4.05124
3.7785
3.50093
3.21889
2.93441
2.64809
2.36237
2.07798
1.79752
1.52197
1.25415
0.995072
0.747726
0.513093
0.294144
0.0917459
-0.0915729
-0.254479
-0.395509
-0.513078
-0.606635
-0.674898
-0.71805
-0.735357
-0.727822
-0.695362
-0.639664
-0.56134
-0.46273
-0.344992
-0.210911
-0.0622382
0.0979587
0.26779
0.444156
0.625267
0.808235
0.9913
1.17204
1.34906
1.52075
1.68608
1.84285
1.97261
2.08303
2.1934
2.30426
2.41468
2.525
2.63346
2.74853
2.85561
2.93752
3.2905
2.43771
5.41976
7.9983
8.0109
8.04239
8.09611
8.16111
8.23181
8.31018
8.3993
8.50024
8.61278
8.73674
8.87271
9.02124
9.18273
9.35704
9.54354
9.73406
9.91168
10.0595
10.17
10.2413
10.2753
10.2734
10.2388
10.1728
10.0787
9.95765
9.81307
9.64671
9.46238
9.26239
9.05036
8.82679
8.58981
8.33068
8.04251
7.72278
7.37052
6.97762
6.54333
6.06791
5.50274
4.80841
4.07177
3.37639
2.72083
2.08923
1.47807
0.891063
0.33284
-0.19268
-0.682908
-1.13513
-1.54735
-1.91768
-2.24515
-2.52902
-2.76943
-2.96659
-3.12161
-3.23578
-3.31107
-3.34951
-3.35351
-3.32597
-3.26909
-3.18723
-3.0939
-2.99489
-2.88527
-2.75171
-2.61417
-2.43204
-2.29282
-2.02044
-1.97443
-1.44794
-1.83732
-0.43621
-2.51524
7.99391
7.98016
7.95986
7.93146
7.89512
7.85049
7.79731
7.73539
7.66442
7.58426
7.49458
7.39533
7.28618
7.16713
7.0379
6.89858
6.74893
6.58918
6.41911
6.23912
6.04907
5.84955
5.6405
5.42273
5.1963
4.96226
4.7208
4.47326
4.21994
3.96247
3.70137
3.43853
3.17458
2.91173
2.65079
2.39417
2.14283
1.89941
1.66491
1.44199
1.23154
1.0361
0.856491
0.694846
0.552352
0.4302
0.329585
0.250802
0.194694
0.160823
0.149551
0.159639
0.190953
0.241567
0.310712
0.396006
0.496166
0.608561
0.731708
0.862881
1.0004
1.14168
1.28517
1.42863
1.57096
1.71043
1.84496
1.95827
2.05581
2.15434
2.2543
2.35507
2.45666
2.55797
2.66625
2.76543
2.85149
3.16829
2.38006
5.22249
7.80193
7.79017
7.79355
7.81711
7.85081
7.88877
7.93174
7.98263
8.04255
8.11149
8.18901
8.27539
8.37105
8.47644
8.59145
8.71652
8.84963
8.97913
9.08788
9.16457
9.2072
9.21733
9.19809
9.15187
9.08172
8.98934
8.87731
8.74684
8.60047
8.43955
8.2671
8.08486
7.89582
7.70044
7.49733
7.27998
7.04357
6.7858
6.50405
6.19087
5.8456
5.45725
4.97429
4.38312
3.768
3.18601
2.63107
2.09124
1.56469
1.05503
0.566577
0.102965
-0.333135
-0.738773
-1.11181
-1.45009
-1.75231
-2.01714
-2.24425
-2.4334
-2.58526
-2.70049
-2.7806
-2.82695
-2.84202
-2.82721
-2.78649
-2.72759
-2.65817
-2.57822
-2.47488
-2.36677
-2.21494
-2.1025
-1.86141
-1.83495
-1.34603
-1.73696
-0.393337
-2.43971
7.81752
7.82436
7.82595
7.82087
7.8092
7.79065
7.76492
7.73184
7.69106
7.64244
7.58568
7.52057
7.4469
7.36445
7.27309
7.17255
7.06282
6.94364
6.81511
6.67699
6.52951
6.37245
6.20624
6.03073
5.84652
5.65354
5.45264
5.24385
5.02823
4.80599
4.57847
4.34601
4.11018
3.87153
3.6319
3.39197
3.15385
2.91832
2.68765
2.46275
2.24604
2.03845
1.84242
1.65865
1.48943
1.3354
1.19837
1.07917
0.978738
0.897825
0.836495
0.795234
0.773276
0.770773
0.786188
0.819042
0.867442
0.930468
1.0059
1.09248
1.18782
1.29054
1.39833
1.50987
1.62327
1.73724
1.84934
1.9459
2.03011
2.11622
2.20477
2.29513
2.3874
2.48054
2.58142
2.6722
2.7615
3.04214
2.31873
5.02119
7.47313
7.44415
7.42829
7.43103
7.44266
7.45745
7.47518
7.49863
7.52871
7.56574
7.60887
7.65849
7.71454
7.77778
7.84792
7.92519
8.00994
8.09945
8.18101
8.24045
8.27062
8.2727
8.24915
8.20359
8.13817
8.05586
7.95797
7.84679
7.72312
7.58907
7.44557
7.29502
7.13866
6.97894
6.81606
6.64892
6.47243
6.28311
6.07845
5.85484
5.60549
5.32768
5.00081
4.57882
4.06833
3.54538
3.04781
2.56939
2.10066
1.64027
1.19135
0.757964
0.343789
-0.048352
-0.415549
-0.755565
-1.066
-1.34536
-1.59217
-1.80588
-1.98596
-2.13268
-2.24646
-2.32833
-2.37976
-2.40188
-2.39777
-2.37017
-2.32785
-2.27544
-2.20053
-2.12027
-1.99755
-1.9109
-1.70054
-1.69298
-1.24185
-1.63377
-0.34906
-2.36014
7.50122
7.52122
7.53683
7.54684
7.55131
7.55014
7.54286
7.52948
7.50941
7.48279
7.44899
7.40818
7.35973
7.30391
7.24005
7.16847
7.08852
7.00058
6.904
6.79922
6.68564
6.56377
6.43304
6.29407
6.14638
5.99068
5.82659
5.65498
5.47556
5.28938
5.09635
4.8977
4.69342
4.48502
4.27267
4.05811
3.84168
3.62531
3.40952
3.19638
2.98658
2.78236
2.58445
2.39516
2.21518
2.04674
1.89038
1.74809
1.62028
1.50844
1.41309
1.33477
1.27416
1.23072
1.20469
1.19508
1.20154
1.22269
1.25779
1.30501
1.36335
1.43082
1.50622
1.58759
1.6738
1.76295
1.85335
1.93307
2.00396
2.07745
2.15417
2.23374
2.31602
2.40071
2.49334
2.57545
2.66688
2.91165
2.2535
4.81332
6.98594
6.95257
6.92899
6.92035
6.91987
6.92196
6.92609
6.9339
6.94678
6.96473
6.9874
7.01453
7.04642
7.08318
7.12507
7.17175
7.22333
7.28012
7.33931
7.39047
7.42234
7.43006
7.41562
7.38173
7.33144
7.26657
7.18942
7.10106
7.00317
6.8964
6.78233
6.6616
6.53601
6.40655
6.27501
6.14149
6.00499
5.86157
5.70856
5.54358
5.36292
5.16091
4.93142
4.64878
4.27768
3.83651
3.38804
2.95774
2.5383
2.12128
1.70747
1.30259
0.911344
0.536423
0.179956
-0.155266
-0.466836
-0.752491
-1.01082
-1.24041
-1.4406
-1.61071
-1.75093
-1.86144
-1.94332
-1.99684
-2.02482
-2.02501
-2.00723
-1.97985
-1.93126
-1.87699
-1.78188
-1.71963
-1.53937
-1.54947
-1.13655
-1.52733
-0.304714
-2.2758
7.01828
7.04412
7.06689
7.08543
7.09985
7.10979
7.11516
7.11567
7.11125
7.10154
7.08649
7.06569
7.03911
7.0063
6.96726
6.92151
6.86909
6.80953
6.74289
6.66871
6.58713
6.49769
6.40062
6.29548
6.18263
6.06165
5.93303
5.79641
5.65241
5.50079
5.34237
5.177
5.00564
4.82832
4.64623
4.45952
4.26959
4.07676
3.88267
3.68774
3.4938
3.30143
3.11258
2.92793
2.74952
2.57806
2.4156
2.26274
2.12139
1.99197
1.87594
1.77393
1.68657
1.6144
1.5575
1.51588
1.48918
1.47711
1.47867
1.49328
1.51954
1.5566
1.60282
1.65716
1.71801
1.78421
1.85367
1.91739
1.97507
2.03604
2.10094
2.16943
2.24158
2.31719
2.40122
2.47473
2.56729
2.77645
2.18535
4.59771
6.57964
6.54366
6.51511
6.4986
6.48895
6.48145
6.47488
6.47051
6.46953
6.4723
6.47834
6.48751
6.49977
6.51542
6.53441
6.55682
6.58227
6.61091
6.64294
6.67642
6.70392
6.71702
6.71165
6.68964
6.6537
6.60625
6.54846
6.48206
6.40784
6.32714
6.24039
6.14875
6.05264
5.95335
5.85143
5.74805
5.64295
5.53487
5.42025
5.29654
5.16099
5.00983
4.83766
4.63658
4.3829
4.05236
3.66774
3.27494
2.89062
2.51086
2.13039
1.752
1.38224
1.02529
0.682758
0.356657
0.0496229
-0.236215
-0.499008
-0.737554
-0.950488
-1.13712
-1.29697
-1.42994
-1.53635
-1.61614
-1.67142
-1.69599
-1.69984
-1.69486
-1.67014
-1.63969
-1.57048
-1.53079
-1.37978
-1.40546
-1.03191
-1.41779
-0.262164
-2.18462
6.61317
6.64132
6.66662
6.68843
6.70673
6.72144
6.73228
6.73922
6.74195
6.74041
6.73431
6.72355
6.70784
6.6871
6.66101
6.62951
6.59226
6.54923
6.50008
6.44481
6.38306
6.3149
6.23995
6.15837
6.06976
5.97437
5.87184
5.7625
5.64603
5.52287
5.39281
5.25643
5.11355
4.96495
4.81058
4.6514
4.48748
4.31996
4.14909
3.97618
3.80165
3.62698
3.45273
3.28053
3.11103
2.94598
2.78609
2.63313
2.48782
2.35181
2.22563
2.11068
2.00732
1.9167
1.8389
1.77464
1.72377
1.6863
1.66197
1.65014
1.65035
1.66154
1.683
1.71339
1.7519
1.79699
1.84743
1.89584
1.94103
1.98996
2.04321
2.10073
2.16256
2.22924
2.30413
2.36943
2.46203
2.63537
2.11578
4.36962
6.21721
6.18443
6.15679
6.13875
6.12676
6.11684
6.1074
6.09915
6.09332
6.09028
6.08977
6.09141
6.09527
6.10141
6.10997
6.12082
6.13395
6.14909
6.16635
6.18577
6.20633
6.22402
6.23352
6.23042
6.21384
6.18521
6.1465
6.09819
6.04079
5.97446
5.89975
5.817
5.72652
5.62889
5.52467
5.41456
5.29964
5.18033
5.0569
4.92942
4.80053
4.67416
4.55444
4.44357
4.33553
4.1972
3.98129
3.66658
3.26951
2.84378
2.45017
2.09559
1.75614
1.41995
1.09157
0.777645
0.480841
0.20174
-0.05879
-0.299238
-0.518191
-0.714558
-0.887658
-1.0368
-1.16203
-1.26281
-1.34072
-1.38584
-1.40839
-1.42283
-1.41947
-1.41029
-1.36522
-1.34555
-1.22363
-1.26128
-0.930023
-1.30381
-0.22471
-2.08441
6.24633
6.27076
6.29312
6.31261
6.32954
6.34356
6.35468
6.36265
6.36743
6.36876
6.36656
6.36058
6.35072
6.33673
6.31852
6.29578
6.26847
6.23627
6.19914
6.15676
6.10912
6.05588
5.99708
5.93241
5.86194
5.78536
5.70282
5.61401
5.51916
5.41803
5.31095
5.1977
5.0787
4.95385
4.82373
4.6883
4.54826
4.40375
4.25561
4.10409
3.95022
3.79441
3.63781
3.48101
3.32529
3.17133
3.02052
2.87361
2.732
2.59653
2.46847
2.34857
2.23798
2.13729
2.04739
1.96865
1.90155
1.84623
1.80275
1.77102
1.75059
1.7412
1.74198
1.75236
1.77138
1.79809
1.83131
1.86587
1.8994
1.93687
1.9789
2.02568
2.07753
2.13508
2.20071
2.2587
2.35096
2.48664
2.04781
4.1267
5.62282
5.59627
5.57178
5.55333
5.53986
5.52872
5.51763
5.50657
5.49643
5.488
5.48104
5.47523
5.47036
5.46649
5.46361
5.46171
5.46058
5.4601
5.46005
5.46034
5.4608
5.46092
5.45959
5.45544
5.4466
5.43081
5.40737
5.3777
5.34387
5.30691
5.26712
5.22489
5.18035
5.13421
5.08658
5.03804
4.98895
4.93951
4.88908
4.83635
4.7784
4.71287
4.63822
4.55015
4.43901
4.28549
4.0649
3.77627
3.45412
3.12138
2.78289
2.45049
2.13048
1.81892
1.51428
1.21894
0.935113
0.664069
0.407079
0.165635
-0.0587912
-0.264925
-0.451609
-0.617854
-0.763032
-0.886368
-0.9885
-1.05591
-1.0988
-1.1342
-1.15443
-1.16771
-1.15007
-1.14996
-1.06264
-1.10757
-0.829533
-1.17925
-0.195792
-1.97441
5.64533
5.66419
5.68178
5.69746
5.7114
5.72335
5.73327
5.74102
5.74651
5.74958
5.75017
5.74805
5.74318
5.73538
5.72454
5.71042
5.69299
5.67201
5.64738
5.61887
5.58639
5.54975
5.50883
5.46339
5.41339
5.35862
5.29905
5.23444
5.1648
5.09
5.01008
4.92487
4.83454
4.73901
4.63851
4.533
4.42284
4.30812
4.18931
4.06657
3.94052
3.81146
3.68015
3.54704
3.41302
3.27865
3.14499
3.01265
2.8828
2.75613
2.63383
2.51663
2.40568
2.30163
2.20551
2.11786
2.03945
1.9706
1.91182
1.86318
1.82486
1.79665
1.77838
1.76964
1.76989
1.77837
1.79459
1.81509
1.83674
1.86261
1.89345
1.92964
1.97142
2.02006
2.07571
2.12734
2.22003
2.31098
1.97914
3.84574
4.80312
4.78881
4.77415
4.76175
4.7529
4.74641
4.73993
4.73278
4.7255
4.719
4.7132
4.70788
4.70272
4.6978
4.69301
4.68848
4.68395
4.67947
4.67482
4.67002
4.66486
4.65938
4.65343
4.64708
4.64047
4.63459
4.63
4.62588
4.62116
4.6169
4.61497
4.6166
4.62157
4.6297
4.64033
4.65306
4.66685
4.68036
4.69109
4.6957
4.68836
4.66205
4.60826
4.52066
4.39378
4.22555
4.02032
3.79019
3.55155
3.31328
3.06158
2.78343
2.49302
2.20953
1.93423
1.66228
1.39343
1.13077
0.877112
0.634428
0.40433
0.188339
-0.0119851
-0.195255
-0.360331
-0.505937
-0.632212
-0.721869
-0.785287
-0.842054
-0.885592
-0.922418
-0.930507
-0.95329
-0.894752
-0.957811
-0.715536
-1.06954
-0.142282
-1.90469
4.81491
4.82453
4.83368
4.84189
4.84936
4.85586
4.86141
4.86588
4.8692
4.87125
4.87196
4.87113
4.86874
4.86465
4.85872
4.8508
4.84085
4.82867
4.8142
4.79723
4.77765
4.75537
4.73024
4.70206
4.67076
4.63619
4.59825
4.5568
4.5117
4.46285
4.41016
4.35353
4.29288
4.22821
4.15941
4.08651
4.00953
3.92854
3.84363
3.75493
3.66266
3.56704
3.46839
3.36703
3.26343
3.15805
3.05149
2.94429
2.8372
2.73086
2.62611
2.52364
2.42438
2.32897
2.23837
2.15322
2.07439
2.00241
1.93798
1.88145
1.8333
1.79365
1.76272
1.74041
1.72653
1.7207
1.72294
1.73164
1.74309
1.75905
1.78029
1.80717
1.84024
1.8808
1.9273
1.97185
2.0652
2.12543
1.85972
3.62909
4.3344
4.33537
4.33393
4.33136
4.33073
4.33247
4.33429
4.33518
4.33521
4.33539
4.33571
4.33619
4.33632
4.33627
4.3358
4.33522
4.33418
4.33286
4.33094
4.32858
4.32544
4.32167
4.31694
4.31137
4.3045
4.29642
4.28707
4.2779
4.26996
4.26298
4.25505
4.2462
4.23731
4.2294
4.2217
4.2135
4.20374
4.19209
4.17794
4.16085
4.13988
4.11462
4.08242
4.04188
3.99198
3.93228
3.85899
3.76214
3.62554
3.44128
3.21984
2.97735
2.72156
2.46121
2.2063
1.95641
1.70766
1.46062
1.21823
0.982985
0.756548
0.540467
0.336369
0.145918
-0.0294247
-0.188044
-0.329562
-0.43441
-0.512254
-0.584501
-0.645465
-0.700507
-0.728939
-0.77082
-0.735897
-0.815737
-0.603078
-0.965789
-0.083435
-1.83853
4.33252
4.32952
4.32648
4.32308
4.31938
4.3153
4.31073
4.30564
4.29994
4.29359
4.28643
4.27847
4.26958
4.25976
4.2488
4.23674
4.22339
4.20875
4.19267
4.17508
4.15578
4.13483
4.11199
4.08727
4.06046
4.03155
4.00032
3.96683
3.93079
3.89227
3.85105
3.80717
3.76042
3.71089
3.65835
3.60293
3.54446
3.48306
3.41864
3.35138
3.28126
3.20848
3.13311
3.0554
2.97555
2.89389
2.81067
2.7263
2.64121
2.55585
2.47077
2.38648
2.30363
2.22278
2.14464
2.0698
1.99897
1.93274
1.87174
1.81648
1.76747
1.72507
1.68964
1.66138
1.64028
1.6263
1.62004
1.62084
1.62515
1.63382
1.64741
1.66668
1.6922
1.72582
1.76449
1.8042
1.8977
1.93579
1.72303
3.41052
3.88094
3.89143
3.89881
3.90339
3.90896
3.91669
3.92459
3.93132
3.93685
3.94195
3.94677
3.95126
3.95507
3.95817
3.96045
3.96208
3.96285
3.96279
3.96169
3.95954
3.95616
3.95156
3.94555
3.9381
3.92899
3.91822
3.90548
3.89074
3.87422
3.85759
3.84268
3.82992
3.81752
3.80498
3.7932
3.78324
3.77452
3.76638
3.75774
3.74828
3.73699
3.72393
3.70763
3.68704
3.6598
3.62482
3.58114
3.52571
3.44849
3.33516
3.17777
2.98598
2.77465
2.54968
2.31607
2.08425
1.85774
1.63392
1.41164
1.19275
0.979459
0.773544
0.576496
0.389842
0.215144
0.0541116
-0.0925185
-0.204144
-0.289417
-0.369979
-0.441441
-0.507992
-0.550758
-0.605788
-0.58984
-0.681493
-0.496192
-0.861709
-0.0265937
-1.75916
3.8681
3.8541
3.84012
3.8257
3.81123
3.79646
3.78158
3.76634
3.75097
3.73527
3.71934
3.70301
3.6864
3.66934
3.65186
3.63387
3.61535
3.59621
3.57644
3.55592
3.5346
3.51242
3.48931
3.46522
3.44001
3.41367
3.38603
3.35716
3.32681
3.29506
3.2617
3.22678
3.1901
3.15176
3.11147
3.06941
3.02532
2.97934
2.93127
2.88128
2.82919
2.77523
2.71924
2.66149
2.60194
2.54087
2.47832
2.4146
2.34989
2.28456
2.21888
2.15325
2.08807
2.02375
1.9608
1.89967
1.84087
1.78492
1.73235
1.68362
1.63924
1.59961
1.56519
1.53628
1.513
1.49562
1.48508
1.48126
1.48102
1.48459
1.49269
1.50596
1.52553
1.55308
1.58548
1.62148
1.7137
1.73483
1.57215
3.15735
3.25517
3.27736
3.29539
3.30859
3.32157
3.33651
3.35186
3.36615
3.379
3.39105
3.40252
3.41348
3.42355
3.43273
3.44085
3.4481
3.45425
3.45936
3.46317
3.46578
3.46691
3.46668
3.46483
3.46145
3.45618
3.4492
3.44017
3.42916
3.41583
3.40032
3.38277
3.36503
3.34902
3.33567
3.32325
3.3111
3.2998
3.29055
3.28278
3.27603
3.2688
3.26101
3.25135
3.2394
3.2232
3.2013
3.17179
3.13452
3.08788
3.02602
2.93761
2.81428
2.65788
2.47875
2.28362
2.07924
1.87577
1.67778
1.48204
1.28638
1.09207
0.901649
0.717308
0.540821
0.373839
0.218067
0.0744604
-0.0368006
-0.123053
-0.20535
-0.280307
-0.351721
-0.401802
-0.463946
-0.460624
-0.558803
-0.395686
-0.759532
0.030044
-1.66853
3.2316
3.20761
3.18411
3.16074
3.13775
3.11499
3.09254
3.0703
3.04834
3.02662
3.00515
2.98387
2.9628
2.94189
2.92115
2.90055
2.88004
2.8596
2.83919
2.81883
2.79841
2.77793
2.75728
2.73649
2.71544
2.69416
2.67244
2.65039
2.62778
2.60472
2.58095
2.55658
2.53138
2.50544
2.47848
2.45066
2.42171
2.39175
2.36052
2.32818
2.29445
2.25954
2.22322
2.18567
2.14671
2.10657
2.06514
2.02263
1.97899
1.93452
1.88924
1.84347
1.79736
1.75124
1.70536
1.66014
1.61587
1.57301
1.53193
1.4931
1.4569
1.42378
1.39414
1.36839
1.34666
1.32945
1.31781
1.31189
1.30904
1.30959
1.31393
1.32308
1.33793
1.36075
1.38716
1.42025
1.50924
1.5172
1.39869
2.8751
2.71087
2.7427
2.7699
2.79084
2.81035
2.83134
2.85287
2.87349
2.89251
2.91041
2.92744
2.94379
2.95908
2.97334
2.98631
2.99823
3.00879
3.0181
3.02591
3.03237
3.03715
3.04043
3.0419
3.04174
3.03958
3.03561
3.02947
3.02133
3.01085
2.99821
2.98302
2.96551
2.94579
2.92581
2.9075
2.89181
2.87684
2.86194
2.84744
2.83482
2.82343
2.81308
2.80242
2.79134
2.77844
2.76305
2.74312
2.71702
2.68363
2.64247
2.58915
2.51565
2.41324
2.28103
2.12603
1.95589
1.77704
1.59885
1.42595
1.25626
1.08749
0.920517
0.757355
0.599806
0.449342
0.307476
0.175345
0.0716928
-0.00947892
-0.0873113
-0.159643
-0.229511
-0.280993
-0.344
-0.347451
-0.446934
-0.300779
-0.657875
0.0898167
-1.56483
2.67845
2.64602
2.61424
2.58292
2.55222
2.52211
2.49257
2.46361
2.43526
2.40753
2.38036
2.35381
2.3278
2.30241
2.27758
2.25334
2.22959
2.20641
2.18372
2.16158
2.13987
2.11867
2.09785
2.07748
2.05745
2.03781
2.01838
1.99931
1.98038
1.96172
1.9431
1.92463
1.90613
1.88769
1.86903
1.85035
1.83136
1.81219
1.79257
1.77266
1.75214
1.73121
1.70958
1.68739
1.66442
1.64082
1.6164
1.59131
1.56538
1.53879
1.51145
1.48354
1.45504
1.42614
1.39691
1.36764
1.33841
1.30957
1.28131
1.25403
1.22798
1.20357
1.18116
1.16111
1.14359
1.12918
1.11903
1.11311
1.10969
1.10893
1.11141
1.11766
1.12923
1.14741
1.1685
1.19814
1.28232
1.27892
1.19608
2.56303
2.03216
2.0697
2.10246
2.12815
2.1513
2.1753
2.19978
2.22359
2.24571
2.26657
2.28631
2.30529
2.32305
2.33972
2.35493
2.36896
2.38145
2.39266
2.4022
2.41035
2.41667
2.42146
2.4243
2.42546
2.42454
2.4218
2.41679
2.40978
2.40035
2.38877
2.3746
2.35811
2.33886
2.31722
2.29335
2.26918
2.2464
2.22573
2.20515
2.18439
2.16407
2.14573
2.12912
2.11436
2.10067
2.08845
2.07688
2.06552
2.0531
2.03975
2.02572
2.00962
1.98434
1.93985
1.86885
1.77136
1.65069
1.51281
1.36557
1.21396
1.05829
0.90063
0.745746
0.597914
0.459264
0.330517
0.212038
0.119542
0.047607
-0.0207776
-0.0844172
-0.146751
-0.192669
-0.250396
-0.253979
-0.349319
-0.213503
-0.557657
0.14981
-1.43297
1.99474
1.95774
1.92155
1.88608
1.85135
1.81747
1.78432
1.75204
1.72052
1.68991
1.66007
1.6312
1.60315
1.5761
1.5499
1.52472
1.50041
1.47716
1.45482
1.43354
1.41315
1.39386
1.37548
1.35815
1.34173
1.32634
1.31181
1.29829
1.28558
1.27382
1.26279
1.25262
1.2431
1.23433
1.22609
1.21848
1.21126
1.2045
1.19795
1.19169
1.18544
1.17927
1.17289
1.16636
1.15944
1.15216
1.1443
1.13593
1.12681
1.11703
1.10639
1.09502
1.08276
1.06975
1.05591
1.04144
1.0263
1.01078
0.994921
0.979084
0.963383
0.948207
0.933791
0.920432
0.908191
0.897715
0.88985
0.884606
0.880887
0.879181
0.879508
0.883042
0.890747
0.904669
0.920402
0.947044
1.02492
1.01364
0.95355
2.20229
1.57719
1.61518
1.64887
1.6759
1.70011
1.72464
1.74965
1.77418
1.79727
1.81905
1.83976
1.85968
1.87849
1.89625
1.91271
1.92801
1.94192
1.95464
1.96588
1.97578
1.9841
1.99104
1.99628
2.00002
2.00199
2.00237
2.00088
1.99779
1.99274
1.986
1.97725
1.9668
1.95435
1.94025
1.92421
1.90677
1.88825
1.87067
1.85536
1.84217
1.82877
1.81525
1.80259
1.79214
1.78308
1.77501
1.7662
1.75575
1.74131
1.72054
1.69079
1.65122
1.60055
1.53679
1.45698
1.35999
1.24583
1.11741
0.982922
0.858015
0.750123
0.653891
0.560439
0.466357
0.372967
0.282481
0.196645
0.128224
0.0739142
0.0218739
-0.0276031
-0.0771425
-0.113468
-0.161996
-0.162196
-0.249541
-0.121476
-0.444642
0.216827
-1.24397
1.53905
1.50121
1.46405
1.42747
1.39155
1.35633
1.32182
1.28809
1.25515
1.22303
1.19172
1.16131
1.1318
1.10325
1.07562
1.04899
1.02334
0.998784
0.975221
0.952766
0.93135
0.911096
0.891928
0.873913
0.856979
0.84123
0.826573
0.813091
0.800684
0.789448
0.77924
0.77017
0.762091
0.755071
0.748976
0.743888
0.739648
0.736277
0.733613
0.731704
0.730335
0.729526
0.72907
0.728974
0.729009
0.729174
0.729244
0.729224
0.728892
0.72824
0.727082
0.725419
0.723076
0.720089
0.716312
0.711811
0.706478
0.700474
0.693748
0.686531
0.678852
0.671025
0.663225
0.655704
0.648624
0.642629
0.638478
0.635811
0.633949
0.633223
0.633943
0.636098
0.641289
0.650268
0.65964
0.678633
0.745321
0.726047
0.671501
1.76722
0.671579
0.706903
0.73752
0.761448
0.781975
0.802263
0.822632
0.842539
0.860833
0.877731
0.893179
0.90766
0.920698
0.932512
0.942714
0.951619
0.958823
0.964639
0.968614
0.971003
0.971376
0.97001
0.966464
0.960996
0.953167
0.943219
0.930692
0.915837
0.898136
0.877721
0.85409
0.827329
0.796827
0.762577
0.723869
0.680512
0.6316
0.576589
0.514663
0.446442
0.371218
0.28691
0.191492
0.0896573
-0.00777744
-0.0858868
-0.130974
-0.13013
-0.0734893
0.0462898
0.231592
0.480448
0.782711
1.11327
1.42484
1.65567
1.74988
1.68436
1.47937
1.19072
0.892063
0.645009
0.465206
0.334357
0.232157
0.14816
0.0788488
0.0287685
-0.00592256
-0.0358583
-0.0622055
-0.0891244
-0.104727
-0.132982
-0.119654
-0.185714
-0.0656189
-0.329998
0.223931
-0.912132
0.637345
0.603914
0.571439
0.539888
0.509246
0.479651
0.450987
0.423492
0.397017
0.371756
0.347561
0.324674
0.302956
0.282605
0.263472
0.245772
0.22937
0.21447
0.200894
0.188834
0.178173
0.169058
0.161353
0.155173
0.150409
0.147142
0.14527
0.144839
0.145743
0.14801
0.151509
0.156266
0.162134
0.169095
0.177021
0.185887
0.195545
0.205924
0.21689
0.228358
0.240164
0.252226
0.264379
0.276527
0.288478
0.300169
0.31138
0.32208
0.33206
0.341313
0.349629
0.357049
0.363352
0.368654
0.372752
0.375829
0.37771
0.378698
0.378686
0.378044
0.376763
0.375268
0.373542
0.371685
0.369329
0.366517
0.362698
0.357598
0.351363
0.344339
0.33616
0.328616
0.323758
0.324698
0.328463
0.344185
0.403421
0.392099
0.327776
1.17878
0.376365
0.395358
0.414244
0.431207
0.445801
0.459456
0.473622
0.48832
0.502881
0.516863
0.530496
0.54391
0.557235
0.57029
0.583115
0.595627
0.607929
0.619964
0.631784
0.643369
0.654773
0.666011
0.677124
0.688177
0.699188
0.710296
0.721491
0.732994
0.744815
0.757215
0.770249
0.784319
0.799512
0.816335
0.83491
0.855763
0.879159
0.90621
0.938764
0.981451
1.04155
1.1293
1.25302
1.41371
1.60056
1.79385
1.96803
2.09544
2.14757
2.09735
1.92094
1.60097
1.13299
0.536055
-0.134622
-0.785143
-1.29474
-1.54954
-1.49315
-1.17512
-0.746718
-0.373783
-0.132372
-0.00459236
0.0579713
0.0881199
0.100187
0.10111
0.0960007
0.0872339
0.075986
0.0607182
0.0507875
0.0300071
0.0357348
-0.0110072
0.056987
-0.0983458
0.213462
-0.380206
0.35671
0.33707
0.317656
0.298277
0.279256
0.260349
0.241885
0.223589
0.205811
0.188274
0.171326
0.154684
0.1387
0.123104
0.108235
0.0938311
0.0802206
0.0671705
0.0549872
0.0434293
0.032811
0.0229112
0.0140166
0.00590908
-0.00113182
-0.00732557
-0.0124087
-0.0165929
-0.0196427
-0.0217774
-0.0227937
-0.0228948
-0.0219142
-0.0200629
-0.0172238
-0.0135877
-0.00908005
-0.00388967
0.00199271
0.0083975
0.015282
0.0225029
0.0299576
0.0375333
0.0450846
0.0525492
0.0597413
0.0666624
0.0731137
0.0791782
0.0846487
0.0896683
0.0939966
0.0978573
0.100958
0.103577
0.105354
0.106596
0.106864
0.106436
0.104929
0.102687
0.099641
0.0964109
0.0937513
0.0930757
0.095635
0.102158
0.109897
0.11986
0.131186
0.14197
0.150306
0.154113
0.149894
0.141854
0.14689
0.119068
0.0736142
0.430839
)
;

boundaryField
{
    inlet
    {
        type            freestreamPressure;
        freestreamValue uniform 0;
        value           nonuniform List<scalar> 
134
(
4.86545
4.41488
3.84145
3.20861
2.59584
1.98739
1.43811
0.972646
0.585597
0.21309
0.0434017
0.0592672
0.0694202
0.0599875
0.0361982
0.00174089
-0.0417229
-0.0931358
-0.151728
-0.21725
5.22197
-0.289866
-0.369448
-0.453086
-0.533829
-0.600043
-0.645315
-0.707716
-0.729935
-0.762626
-0.945706
-0.881829
-0.904061
-0.938489
-0.96649
-0.987081
-1.00746
-1.03847
-1.09678
-1.15783
5.4778
5.64536
5.63159
5.37987
4.8114
3.80186
2.19871
-1.29055
-1.26624
-1.2288
-1.2082
-1.19321
-1.17391
-1.15115
-1.12791
-1.10423
-1.0795
-1.05328
-1.02588
-0.997256
-0.967407
-0.935945
-0.902579
-0.866484
-0.826798
-0.783204
-0.755579
-0.72936
-0.697883
-0.66193
-0.620781
-0.568451
-0.493437
-0.361757
-0.150786
0.939452
1.82693
2.64641
3.3294
3.91106
4.40752
4.78489
5.03635
5.18501
5.24718
5.24571
5.2034
5.13796
5.06198
4.99318
4.9634
4.98637
5.0145
5.01317
4.99087
4.95768
4.91571
4.86318
4.79965
4.72646
4.6456
4.56124
4.48112
4.42608
4.42507
4.54783
4.57353
4.43598
4.28616
4.17595
4.07732
3.97072
3.85836
3.74602
3.63357
3.52021
3.40476
3.28772
3.16821
3.04626
2.92031
2.78965
2.65142
2.50417
2.33382
2.20251
2.07003
1.91654
1.74538
1.5561
1.33725
1.07321
0.715953
0.261731
)
;
    }
    outlet
    {
        type            freestreamPressure;
        freestreamValue uniform 0;
        value           nonuniform List<scalar> 
160
(
0.00422975
0.00400657
0.00444488
0.00378386
0.00465859
0.00356389
0.00485053
0.00334451
0.00501606
0.00312939
0.00517118
0.00291578
0.00533189
0.00270737
0.00549831
0.0025011
0.005663
0.00230091
0.00582106
0.00210366
0.00597503
0.00191327
0.00612635
0.00172655
0.00627642
0.00154743
0.0064232
0.0013729
0.00656714
0.00120672
0.00670729
0.00104594
0.00684477
0.000894217
0.00697896
0.000748923
0.0071104
0.00061345
0.00723886
0.000485091
0.00736495
0.00036731
0.00748879
0.000257626
0.00761085
0.000159194
0.00773185
6.95704e-05
0.00785196
-8.17614e-06
0.00797273
-7.65002e-05
0.00809404
-0.000132514
0.00821833
-0.000178579
0.00834569
-0.00021212
0.00847903
-0.000235579
0.00861891
-0.000246732
0.0087698
-0.000247837
0.00893269
-0.000237073
0.00911326
-0.00021678
0.00931297
-0.000185674
0.00953775
-0.000145868
0.00979025
-9.65403e-05
0.0100818
-3.9774e-05
0.0104309
2.45402e-05
0.0108856
9.45367e-05
0.0115237
0.000169761
0.012458
0.000248643
0.0137837
0.000330076
0.0155223
0.000412828
0.0175717
0.00049533
0.0197336
0.000576903
0.0217394
0.000655539
0.0232822
0.000731259
0.0240251
0.000801907
0.0236271
0.000868397
0.0217712
0.000928475
0.0182189
0.00098371
0.0129093
0.00103148
0.00609824
0.00107422
-0.0015102
0.00110875
-0.00878982
0.0011381
-0.0143838
0.00115831
-0.0170873
0.00117273
-0.0163606
0.00117656
-0.0128112
0.00117278
-0.00811284
0.00115721
-0.00405329
0.00113356
-0.00143334
0.00110109
-4.82224e-05
0.0010666
0.000628427
0.00103844
0.000952541
0.0010323
0.00108026
0.00106216
0.00108791
0.00113606
0.00103128
0.00122348
0.000935463
0.00133608
0.000813453
0.00146444
0.000648809
0.00158748
0.000542
0.001684
0.000319506
0.0017307
0.000380603
0.00168806
-0.000116975
0.00160255
0.000608401
0.00166516
-0.00103506
0.00135706
0.00231595
0.000842972
-0.00386712
0.00493319
)
;
    }
    walls
    {
        type            zeroGradient;
    }
    frontAndBack
    {
        type            empty;
    }
}


// ************************************************************************* //
