/*--------------------------------*- C++ -*----------------------------------*\
| =========                 |                                                 |
| \\      /  F ield         | OpenFOAM: The Open Source CFD Toolbox           |
|  \\    /   O peration     | Version:  2412                                  |
|   \\  /    A nd           | Website:  www.openfoam.com                      |
|    \\/     M anipulation  |                                                 |
\*---------------------------------------------------------------------------*/
FoamFile
{
    version     2.0;
    format      ascii;
    arch        "LSB;label=32;scalar=64";
    class       volScalarField;
    location    "150";
    object      p;
}
// * * * * * * * * * * * * * * * * * * * * * * * * * * * * * * * * * * * * * //

dimensions      [0 2 -2 0 0 0 0];

internalField   nonuniform List<scalar> 
10720
(
-5.67882
-75.392
-157.822
-240.313
-318.034
-397.854
-469.867
-531.659
-586.297
-630.333
-665.315
-692.208
-711.775
-725.231
-732.846
-734.048
-729.566
-718.218
-701.238
-678.047
-651.047
-621.866
-594.276
-564.815
-525.783
-477.93
-429.113
-385.317
-346.748
-310.496
-274.702
-239.06
-203.573
-167.901
-131.662
-93.825
-54.3603
-7.9763
32.3177
62.9357
125.009
189.553
248.566
297.496
331.927
348.325
351.153
343.486
324.397
299.371
273.29
247.749
223.523
201.306
180.69
161.588
143.475
126.05
108.76
91.5514
74.0891
56.4831
39.1871
24.2237
12.6851
3.40306
-3.92377
-9.1209
-12.2585
-13.5971
-13.2807
-11.3884
-7.92313
-2.86484
4.1881
13.8875
29.7775
56.3792
83.83
31.1168
-28.4847
-92.4613
-158.83
-227.336
-294.503
-358.192
-417.606
-470.921
-517.652
-557.695
-591.103
-617.863
-637.865
-650.56
-656.458
-655.408
-648.274
-635.143
-617.776
-597.692
-577.054
-552.532
-517.722
-473.121
-426.284
-383.411
-345.232
-309.212
-273.593
-238.08
-202.707
-167.162
-131.063
-93.358
-54.0043
-7.63814
32.014
130.903
175.375
219.149
260.56
296.017
322.671
337.505
341.336
335.015
319.666
299.115
276.444
253.168
230.224
208.346
187.632
168.089
149.462
131.513
113.861
96.3916
78.8767
61.409
44.4533
29.5994
17.8269
8.36432
0.745774
-5.06412
-8.95613
-10.952
-11.156
-9.67411
-6.53562
-1.73027
5.13349
14.6895
30.4927
56.0792
94.2179
46.9509
-6.76353
-66.4683
-128.956
-193.631
-258.862
-322.019
-381.486
-436.154
-484.691
-526.65
-561.595
-589.272
-609.925
-623.814
-631.158
-631.849
-626.326
-614.911
-598.804
-579.362
-558.259
-533.827
-501.546
-460.959
-417.743
-377.314
-340.667
-305.777
-271.082
-236.301
-201.461
-166.274
-130.405
-92.864
-53.6387
-7.39425
32.0389
136.49
177.016
216.759
253.751
284.818
308.18
322.156
326.938
322.863
311.027
293.852
273.673
252.11
230.266
208.95
188.514
169.051
150.45
132.518
114.965
97.629
80.3522
63.2027
46.5957
31.7838
19.7223
9.98264
2.16759
-3.73887
-7.64741
-9.64497
-9.89679
-8.52109
-5.52402
-0.86082
5.87827
15.3362
30.9896
55.5959
110.525
70.8528
25.1941
-25.3929
-78.9118
-135.36
-193.082
-250.313
-305.731
-358.13
-406.333
-449.583
-487.271
-519.066
-544.756
-564.49
-578.035
-585.081
-585.727
-580.259
-569.475
-554.448
-536.363
-514.336
-485.253
-448.589
-408.778
-370.612
-335.357
-301.514
-267.74
-233.755
-199.575
-164.931
-129.493
-92.2768
-53.2839
-7.30378
32.0418
145.81
179.346
212.571
244.068
270.89
291.638
304.956
310.539
308.452
299.601
285.701
268.556
249.56
229.746
209.889
190.429
171.559
153.3
135.549
118.123
100.893
83.7681
66.8235
50.4458
35.665
23.3796
13.384
5.31247
-0.887462
-5.15667
-7.56469
-8.21794
-7.18976
-4.46931
-0.00997424
6.58473
15.9355
31.3962
55.0541
113.126
77.8619
37.0865
-8.37107
-56.5751
-107.985
-161.233
-214.733
-267.488
-318.308
-366.017
-409.77
-448.817
-482.567
-510.606
-532.739
-548.521
-557.913
-560.886
-557.79
-549.277
-536.295
-519.789
-499.248
-472.352
-438.504
-401.193
-364.679
-330.424
-297.356
-264.308
-230.996
-197.418
-163.31
-128.339
-91.5426
-52.9073
-7.34446
31.8297
144.556
174.273
203.823
231.876
255.833
274.733
287.534
293.726
293.263
286.889
275.825
261.444
244.872
227.034
208.668
190.256
172.083
154.274
136.822
119.636
102.631
85.7623
69.1129
53.0367
38.3792
25.9568
15.7382
7.42896
0.981
-3.53949
-6.16345
-6.99021
-6.09729
-3.49254
0.863906
7.36213
16.6081
31.8326
54.4953
113.507
82.266
45.9804
5.56005
-37.2853
-83.2975
-131.216
-179.777
-228.256
-275.582
-320.764
-363.009
-401.528
-435.648
-464.862
-488.78
-507.085
-519.631
-526.273
-527.12
-522.554
-513.229
-499.78
-481.87
-457.816
-427.118
-392.607
-358.088
-325.145
-293.059
-260.833
-228.212
-195.221
-161.635
-127.135
-90.7769
-52.559
-7.54959
31.3768
141.371
167.634
193.959
219.147
240.798
258.234
270.577
277.187
277.983
273.584
264.901
252.998
238.769
222.997
206.347
189.283
172.124
155.058
138.153
121.394
104.747
88.2124
71.8898
56.112
41.5962
29.0831
18.6734
10.1562
3.48681
-1.27196
-4.14193
-5.21769
-4.57322
-2.20658
1.93644
8.25012
17.3242
32.2484
53.8895
110.782
82.5973
49.7837
13.2112
-25.4665
-67.2092
-110.9
-155.437
-200.342
-244.669
-287.568
-328.338
-366.189
-400.425
-430.464
-455.804
-476.012
-490.704
-499.645
-502.84
-500.596
-493.454
-481.915
-465.83
-444.036
-416.093
-384.189
-351.602
-319.952
-288.828
-257.415
-225.481
-193.061
-159.963
-125.913
-90.0102
-52.2816
-7.94158
30.6559
135.952
159.613
183.467
206.406
226.222
242.488
254.404
261.267
263.036
260.205
253.487
243.722
231.616
217.808
202.871
187.22
171.175
154.966
138.714
122.468
106.249
90.1005
74.1405
58.6845
44.3505
31.8092
21.2535
12.5537
5.6755
0.680188
-2.439
-3.75512
-3.32969
-1.15433
2.82877
9.00597
17.9406
32.5586
53.2032
106.81
81.2183
51.3739
18.1439
-16.8917
-54.8092
-94.5838
-135.255
-176.515
-217.562
-257.664
-296.239
-332.57
-365.984
-395.872
-421.681
-442.887
-459.125
-470.13
-475.792
-476.226
-471.748
-462.66
-448.859
-429.546
-404.388
-375.107
-344.529
-314.28
-284.219
-253.708
-222.545
-190.771
-158.22
-124.649
-89.2151
-52.0335
-8.4661
29.6474
129.705
151.19
172.982
194.052
212.352
227.632
239.133
246.135
248.636
247.039
241.922
233.97
223.746
211.763
198.499
184.307
169.484
154.27
138.817
123.22
107.545
91.8704
76.3339
61.2371
47.1298
34.622
23.9693
15.1203
8.05905
2.8484
-0.500787
-2.04686
-1.84405
0.121681
3.91354
9.91208
18.6562
32.8928
52.5107
101.977
78.5392
51.1827
20.7515
-11.2244
-45.8783
-82.2833
-119.573
-157.581
-195.609
-233.051
-269.438
-304.128
-336.498
-365.962
-391.938
-413.872
-431.327
-443.938
-451.464
-453.89
-451.428
-444.287
-432.42
-415.29
-392.644
-365.818
-337.206
-308.377
-279.409
-249.825
-219.46
-188.362
-156.393
-123.336
-88.3957
-51.7791
-9.05127
28.3973
122.98
142.667
162.743
182.245
199.262
213.689
224.791
231.849
234.891
234.262
230.445
224.014
215.425
205.091
193.4
180.641
167.073
152.923
138.355
123.492
108.435
93.2955
78.2249
63.5177
49.6727
37.2494
26.5441
17.5755
10.3513
4.93895
1.36434
-0.412073
-0.433244
1.32404
4.9278
10.7503
19.3008
33.1366
51.7537
96.7488
75.1574
49.944
21.9352
-7.39338
-39.1957
-72.6094
-106.852
-141.856
-177.01
-211.819
-245.909
-278.715
-309.698
-338.302
-363.947
-386.08
-404.212
-417.966
-427.047
-431.3
-430.805
-425.644
-415.769
-400.814
-380.598
-356.166
-329.533
-302.182
-274.36
-245.747
-216.216
-185.826
-154.471
-121.962
-87.5535
-51.511
-9.68601
26.9872
116.136
134.292
152.904
171.059
186.975
200.643
211.357
218.409
221.845
221.973
219.208
214.042
206.857
197.986
187.745
176.358
164.044
150.999
137.385
123.336
108.978
94.441
79.8916
65.6166
52.0788
39.7972
29.0924
20.0431
12.6853
7.09379
3.31003
1.31343
1.07159
2.61649
6.02116
11.6478
19.9745
33.3565
50.9615
91.3538
71.3557
47.9984
22.0889
-4.94074
-34.2537
-65.0393
-96.5842
-128.878
-161.393
-193.725
-225.588
-256.49
-285.963
-313.508
-338.58
-360.628
-379.158
-393.729
-404.017
-409.735
-410.867
-407.422
-399.347
-386.393
-368.43
-346.265
-321.574
-295.722
-269.084
-241.474
-212.812
-183.166
-152.457
-120.53
-86.6928
-51.2442
-10.3873
25.4522
109.344
126.183
143.527
160.509
175.466
188.449
198.782
205.786
209.503
210.222
208.306
204.189
198.201
190.613
181.683
171.583
160.483
148.549
135.925
122.745
109.143
95.2644
81.282
67.4761
54.2852
42.1951
31.539
22.4456
14.981
9.23009
5.24976
3.03914
2.57854
3.91034
7.11256
12.5352
20.6227
33.5222
50.13
85.9543
67.3523
45.6246
21.5598
-3.45473
-30.5723
-59.0253
-88.1546
-117.999
-148.088
-178.093
-207.802
-236.791
-264.669
-290.989
-315.247
-336.925
-355.527
-370.584
-381.758
-388.685
-391.246
-389.379
-383.008
-371.951
-356.111
-336.11
-313.326
-288.996
-263.578
-237.009
-209.25
-180.383
-150.355
-119.044
-85.8171
-50.9985
-11.1645
23.7983
102.725
118.414
134.643
150.59
164.702
177.058
187.018
193.939
197.849
199.027
197.797
194.549
189.573
183.101
175.343
166.428
156.482
145.639
134.016
121.739
108.941
95.7702
82.3995
69.1031
56.3007
44.4523
33.8959
24.7995
17.2601
11.3749
7.21621
4.8031
4.12917
5.24675
8.23938
13.4431
21.2673
33.647
49.2645
80.6518
63.2813
42.9972
20.5652
-2.6685
-27.839
-54.2166
-81.1833
-108.816
-136.698
-164.548
-192.219
-219.351
-245.615
-270.629
-293.935
-315.05
-333.496
-348.791
-360.582
-368.458
-372.206
-371.715
-366.886
-357.578
-343.708
-325.748
-304.818
-282.016
-257.847
-232.351
-205.529
-177.474
-148.162
-117.502
-84.9256
-50.782
-12.0168
22.0351
96.3414
111.019
126.256
141.28
154.634
166.414
176.013
182.821
186.858
188.389
187.712
185.182
181.063
175.554
168.833
160.993
152.127
142.333
131.704
120.345
108.38
95.9519
83.2308
70.4812
58.1065
46.5459
36.1374
27.0791
19.4967
13.5024
9.18365
6.5791
5.69737
6.60086
9.37932
14.3531
21.895
33.7265
48.3678
75.5091
59.2359
40.2415
19.2676
-2.3791
-25.8113
-50.3328
-75.3571
-100.993
-126.861
-152.722
-178.48
-203.828
-228.497
-252.162
-274.419
-294.818
-312.911
-328.223
-340.382
-348.977
-353.707
-354.415
-350.986
-343.289
-331.248
-315.21
-296.074
-274.795
-251.898
-227.5
-201.646
-174.438
-145.877
-115.904
-84.017
-50.5933
-12.9413
20.1729
90.2327
104.007
118.359
132.55
145.216
156.462
165.711
172.387
176.496
178.3
178.069
176.131
172.734
168.054
162.242
155.37
147.499
138.699
129.037
118.592
107.475
95.816
83.7759
71.6067
59.6966
48.4679
38.2545
29.2763
21.6854
15.6099
11.1523
8.37039
7.28881
7.97933
10.5387
15.2698
22.5085
33.7651
47.4446
70.5637
55.2775
37.4432
17.7811
-2.44314
-24.3155
-47.1659
-70.442
-94.2682
-118.297
-142.329
-166.303
-189.963
-213.087
-235.4
-256.551
-276.132
-293.727
-308.882
-321.21
-330.315
-335.828
-337.558
-335.369
-329.137
-318.778
-304.536
-287.121
-267.349
-245.737
-222.461
-197.602
-171.273
-143.498
-114.249
-83.0917
-50.4286
-13.9341
18.2184
84.4188
97.3814
110.931
124.367
136.404
147.15
156.063
162.59
166.732
168.74
168.867
167.419
164.63
160.661
155.645
149.636
142.673
134.803
126.064
116.516
106.247
95.3719
84.0362
72.4754
61.0627
50.2062
40.2325
31.3762
23.8119
17.6839
13.1098
10.1659
8.89344
9.37323
11.7096
16.1869
23.1035
33.7634
46.4993
65.8375
51.4462
34.6627
16.1886
-2.75314
-23.2152
-44.555
-66.2496
-88.4327
-110.784
-133.136
-155.456
-177.524
-199.165
-220.149
-240.17
-258.865
-275.853
-290.707
-303.034
-312.463
-318.583
-321.169
-320.066
-315.153
-306.333
-293.762
-277.99
-259.698
-239.375
-217.239
-193.4
-167.981
-141.026
-112.538
-82.1496
-50.2873
-14.9872
16.1784
78.9061
91.1334
103.951
116.698
128.154
138.433
147.022
153.388
157.53
159.69
160.106
159.062
156.784
153.424
149.101
143.856
137.715
130.702
122.837
114.154
104.722
94.6334
84.0163
73.0866
62.2014
51.7532
42.0608
33.3671
25.8652
19.715
15.0486
11.9599
10.5073
10.7799
12.8901
17.1027
23.6789
33.7243
45.5363
61.3432
47.7665
31.9402
14.5493
-3.22952
-22.4102
-42.38
-62.6371
-83.3242
-104.145
-124.955
-145.74
-166.319
-186.549
-206.243
-225.135
-242.907
-259.212
-273.652
-285.845
-295.435
-302.003
-305.287
-305.121
-301.38
-293.956
-282.93
-268.714
-251.864
-232.826
-211.842
-189.043
-164.562
-138.46
-110.769
-81.1909
-50.1683
-16.0927
14.0617
73.6934
85.2511
97.3973
109.509
120.428
130.264
138.543
144.742
148.858
151.127
151.772
151.063
149.216
146.377
142.655
138.086
132.683
126.456
119.406
111.549
102.929
93.6202
83.727
73.4439
63.1096
53.1021
43.7291
35.2371
27.8332
21.6917
16.9583
13.7437
12.1229
12.1932
14.0751
18.0133
24.2328
33.6502
44.5603
57.0846
44.2537
29.307
12.905
-3.81047
-21.8246
-40.5433
-59.4914
-78.8125
-98.2326
-117.623
-136.992
-156.181
-175.08
-193.534
-211.316
-228.148
-243.717
-257.659
-269.608
-279.222
-286.097
-289.934
-290.562
-287.853
-281.686
-272.079
-259.326
-243.87
-226.106
-206.279
-184.537
-161.019
-135.802
-108.945
-80.2141
-50.0707
-17.2422
11.8813
68.7748
79.718
91.2453
102.771
113.188
122.608
130.585
136.612
140.683
143.028
143.856
143.423
141.94
139.546
136.346
132.37
127.626
122.112
115.817
108.738
100.9
92.3536
83.1815
73.5537
63.7887
54.2486
45.229
36.9755
29.7047
23.6031
18.8292
15.5088
13.7334
13.6077
15.2601
18.9155
24.7633
33.5444
43.5769
53.0603
40.9168
26.779
11.2889
-4.45399
-21.3971
-38.9714
-56.7201
-74.7924
-92.9276
-111.014
-129.073
-146.969
-164.615
-181.887
-198.59
-214.483
-229.287
-242.671
-254.292
-263.816
-270.871
-275.132
-276.419
-274.605
-269.56
-261.247
-249.862
-235.745
-219.232
-200.56
-179.888
-157.355
-133.053
-107.063
-79.2188
-49.9923
-18.4273
9.64921
64.1416
74.5178
85.4727
96.453
106.399
115.425
123.111
128.964
132.976
135.368
136.34
136.135
134.96
132.947
130.199
126.744
122.586
117.717
112.114
105.762
98.666
90.8574
82.3949
73.4246
64.2421
55.1912
46.5544
38.5731
31.4691
25.4384
20.6509
17.246
15.3309
15.0168
16.44
19.8056
25.2693
33.4099
42.5913
49.2666
37.7593
24.3696
9.72129
-5.12508
-21.0841
-37.6052
-54.2545
-71.1794
-88.1341
-105.018
-121.866
-138.558
-155.03
-171.182
-186.846
-201.816
-215.844
-228.629
-239.855
-249.199
-256.326
-260.893
-262.715
-261.668
-257.613
-250.472
-240.358
-227.517
-212.224
-194.701
-175.104
-153.575
-130.216
-105.126
-78.2033
-49.9299
-19.6389
7.37864
59.7828
69.6341
80.0569
90.5278
100.032
108.683
116.088
121.766
125.707
128.126
129.211
129.195
128.278
126.593
124.236
121.238
117.599
113.308
108.337
102.657
96.2601
89.158
81.3873
73.0694
64.4754
55.9297
47.7006
40.0217
33.1163
27.1871
22.4132
18.9461
16.9073
16.414
17.6094
20.6799
25.7493
33.2499
41.6085
45.6967
34.7804
22.0862
8.21868
-5.79974
-20.8492
-36.3999
-52.0362
-67.9047
-83.7719
-99.5494
-115.276
-130.852
-146.225
-161.318
-175.99
-190.06
-203.311
-215.473
-226.255
-235.348
-242.455
-247.224
-249.468
-249.068
-245.88
-239.792
-230.849
-219.215
-205.106
-188.716
-170.197
-149.686
-127.292
-103.134
-77.166
-49.8789
-20.8673
5.08358
55.688
65.0502
74.9762
84.969
94.0565
102.352
109.486
114.99
118.851
121.278
122.452
122.592
121.895
120.49
118.472
115.873
112.693
108.92
104.52
99.4588
93.7142
87.2824
80.1798
72.5024
64.4966
56.4669
48.665
41.315
34.6375
28.8391
24.1058
20.5994
18.4539
17.792
18.7627
21.5346
26.2024
33.0679
40.6338
42.3435
31.9782
19.9314
6.79112
-6.4589
-20.666
-35.3182
-50.0194
-64.9109
-79.775
-94.5297
-109.221
-123.759
-138.107
-152.205
-165.931
-179.132
-191.618
-203.144
-213.449
-222.238
-229.245
-234.127
-236.692
-236.828
-234.39
-229.242
-221.371
-210.87
-197.901
-182.623
-165.177
-145.694
-124.287
-101.088
-76.1052
-49.8345
-22.1015
2.77886
51.8443
60.7497
70.2095
79.7529
88.4468
96.4051
103.277
108.609
112.383
114.805
116.046
116.314
115.803
114.64
112.917
110.666
107.893
104.581
100.696
96.1995
91.0592
85.2576
78.7934
71.7393
64.3165
56.8078
49.4477
42.4484
36.0252
30.385
25.7188
22.1961
19.9619
19.1433
19.8938
22.3658
26.6275
32.8671
39.6724
39.1984
29.3478
17.907
5.44586
-7.09076
-20.5134
-34.3324
-48.1666
-62.1554
-76.0901
-89.899
-103.63
-117.205
-130.597
-143.76
-156.592
-168.959
-180.697
-191.588
-201.392
-209.838
-216.681
-221.6
-224.398
-224.968
-223.171
-218.854
-211.957
-202.515
-190.634
-176.442
-160.058
-141.608
-121.204
-98.9895
-75.0185
-49.7911
-23.3319
0.478231
48.2389
56.7176
65.739
74.8577
83.1798
90.8165
97.4357
102.596
106.28
108.686
109.977
110.351
109.999
109.044
107.576
105.631
103.215
100.313
96.8915
92.9074
88.3235
83.1104
77.2515
70.7986
63.9477
56.9592
50.0503
43.4189
37.2728
31.8164
27.2427
23.7267
21.4222
20.4602
20.9967
23.1697
27.0239
32.6509
38.7292
36.2522
26.8843
16.0115
4.18649
-7.68393
-20.376
-33.4192
-46.4486
-59.5991
-72.6741
-85.6063
-98.4474
-111.126
-123.626
-135.914
-147.9
-159.474
-170.487
-180.748
-190.041
-198.116
-204.745
-209.636
-212.589
-213.501
-212.246
-208.658
-202.641
-194.181
-183.333
-170.191
-154.856
-137.438
-118.049
-96.8391
-73.9038
-49.742
-24.5467
-1.803
44.8605
52.9377
61.5465
70.2646
78.2336
85.5625
91.9377
96.9304
100.522
102.903
104.229
104.691
104.473
103.697
102.452
100.775
98.6741
96.1364
93.1291
89.6088
85.5336
80.8662
75.5772
69.699
63.404
56.93
50.476
44.2257
38.3758
33.1258
28.6685
25.1818
22.8255
21.7347
22.065
23.9423
27.3909
32.4221
37.8086
33.4953
24.5816
14.2429
3.01466
-8.23188
-20.2414
-32.5606
-44.8402
-57.212
-69.4881
-81.6065
-93.6205
-105.467
-117.137
-128.604
-139.795
-150.614
-160.93
-170.575
-179.354
-187.039
-193.416
-198.225
-201.265
-202.441
-201.637
-198.683
-193.454
-185.897
-176.024
-163.894
-149.586
-133.195
-114.828
-94.6397
-72.7581
-49.6806
-25.7352
-4.05027
41.6969
49.3962
57.6151
65.9532
73.5864
80.6215
86.7619
91.5906
95.0869
97.4367
98.7874
99.3218
99.2188
98.5977
97.5467
96.1043
94.2805
92.0654
89.4278
86.3252
82.7133
78.5485
73.7919
68.4596
62.7003
56.7306
50.7309
44.8693
39.3308
34.3073
29.9882
26.5523
24.1632
22.9587
23.0924
24.6797
27.7279
32.1836
36.9149
30.9187
22.4333
12.5975
1.93052
-8.73089
-20.101
-31.7431
-43.3232
-54.9692
-66.5016
-77.864
-89.109
-100.181
-111.077
-121.778
-132.221
-142.324
-151.974
-161.021
-169.289
-176.573
-182.672
-187.355
-190.426
-191.796
-191.36
-188.951
-184.424
-177.693
-168.734
-157.574
-144.266
-128.891
-111.549
-92.392
-71.5796
-49.5988
-26.8857
-6.24886
38.7366
46.0787
53.9289
61.9059
69.2195
75.9742
81.8877
86.5567
89.9575
92.2707
93.6367
94.2303
94.2256
93.739
92.8572
91.6204
90.0409
88.1114
85.8034
83.0759
79.8838
76.1794
71.9171
67.0986
61.8524
56.3725
50.8217
45.3524
40.1363
35.3557
31.1945
27.83
25.4267
24.1245
24.0725
25.3781
28.0341
31.9379
36.0515
28.5136
20.4321
11.0716
0.933353
-9.1779
-19.9477
-30.9556
-41.8816
-52.8499
-63.6888
-74.3474
-84.877
-95.2287
-105.403
-115.387
-125.128
-134.555
-143.571
-152.04
-159.808
-166.686
-172.487
-177.01
-180.064
-181.567
-181.43
-179.486
-175.578
-169.597
-161.49
-151.253
-138.915
-124.539
-108.218
-90.1008
-70.3651
-49.4895
-27.9888
-8.38483
35.9681
42.9724
50.4732
58.1074
65.1159
71.6027
77.2974
81.8102
85.1159
87.3887
88.7626
89.4045
89.4837
89.114
88.3806
87.3245
85.9605
84.2838
82.2688
79.8768
77.0634
73.7792
69.9731
65.6361
60.8766
55.8685
50.7569
45.6792
40.7923
36.2676
32.2814
29.0071
26.6079
25.2241
24.9993
26.0337
28.3092
31.6868
35.2214
26.2706
18.5717
9.65988
0.0216981
-9.57203
-19.777
-30.1893
-40.5033
-50.8375
-61.0294
-71.0314
-80.8952
-90.5748
-100.076
-109.391
-118.473
-127.263
-135.676
-143.592
-150.872
-157.345
-162.838
-167.175
-170.172
-171.758
-171.855
-170.303
-166.94
-161.637
-154.318
-144.954
-133.551
-120.154
-104.845
-87.767
-69.1128
-49.3458
-29.0329
-10.4447
33.3807
40.0654
47.2346
54.5421
61.2596
67.4899
72.9737
77.3346
80.5456
82.7754
84.1514
84.8327
84.9842
84.7162
84.1126
83.2154
82.0413
80.5881
78.8333
76.7409
74.2681
71.3657
67.9788
64.0893
59.7887
55.2315
50.5462
45.8549
41.3002
37.0409
33.2442
30.0767
27.6991
26.2502
25.8668
26.6427
28.5522
31.4323
34.4269
24.181
16.8445
8.35797
-0.80727
-9.91283
-19.5861
-29.438
-39.1775
-48.918
-58.505
-67.8935
-77.1359
-86.1899
-95.063
-103.752
-112.218
-120.409
-128.252
-135.639
-142.446
-148.52
-153.699
-157.831
-160.742
-162.367
-162.643
-161.42
-158.53
-153.837
-147.244
-138.701
-128.194
-115.749
-101.438
-85.3951
-67.8201
-49.158
-30.0085
-12.415
30.9646
37.3458
44.1997
51.1956
57.6353
63.6197
68.9007
73.1137
76.2313
78.4161
79.7893
80.5026
80.7162
80.5374
80.0475
79.2902
78.2836
77.028
75.5041
73.6789
71.512
68.9545
65.9505
62.4752
58.6043
54.4748
50.1999
45.8867
41.6633
37.6752
34.079
31.0336
28.6939
27.1961
26.6693
27.2017
28.7628
31.1752
33.6693
22.2367
15.2439
7.16079
-1.55669
-10.201
-19.3721
-28.6965
-37.8958
-47.0794
-56.0996
-64.9152
-73.5771
-82.0469
-90.3343
-98.4385
-106.327
-113.957
-121.26
-128.144
-134.497
-140.181
-145.046
-148.96
-151.759
-153.389
-153.797
-152.845
-150.366
-146.217
-140.29
-132.515
-122.862
-111.34
-98.0072
-82.989
-66.485
-48.9208
-30.9054
-14.2837
28.7099
34.8024
41.3562
48.0551
54.2292
59.9776
65.0634
69.1328
72.1586
74.2969
75.6635
76.4029
76.6694
76.5689
76.1794
75.5455
74.687
73.6059
72.2865
70.6991
68.8056
66.5592
63.9036
60.8094
57.3387
53.6123
49.729
45.7821
41.8856
38.1713
34.784
31.873
29.5862
28.0554
27.4016
27.7073
28.9397
30.9163
32.9494
20.4292
13.763
6.06294
-2.22969
-10.4377
-19.1346
-27.9615
-36.6526
-45.3129
-53.8022
-62.0812
-70.2005
-78.1248
-85.8648
-93.423
-100.772
-107.873
-114.669
-121.077
-126.995
-132.3
-136.855
-140.542
-143.213
-144.82
-145.32
-144.589
-142.464
-138.799
-133.478
-126.419
-117.575
-106.942
-94.5628
-80.5525
-65.1065
-48.6266
-31.7154
-16.041
26.6072
32.4253
38.6928
45.1081
51.028
56.5502
61.4476
65.3785
68.3142
70.4053
71.7618
72.5218
72.8345
72.8022
72.5013
71.9763
71.2486
70.3219
69.1836
67.8075
66.1583
64.1913
61.8516
59.1062
56.0062
52.6572
49.1449
45.55
41.9728
38.5315
35.3581
32.5918
30.3715
28.823
28.0589
28.1564
29.0822
30.6559
32.2671
18.751
12.3953
5.05937
-2.82998
-10.625
-18.8731
-27.2302
-35.4429
-43.6113
-51.6018
-59.3785
-66.9899
-74.4042
-81.6327
-88.6808
-95.5243
-102.131
-108.45
-114.406
-119.91
-124.851
-129.102
-132.558
-135.088
-136.65
-137.21
-136.656
-134.834
-131.598
-126.828
-120.432
-112.351
-102.568
-91.1145
-78.0905
-63.6842
-48.2696
-32.4308
-17.678
24.6476
30.2046
36.1989
42.3428
48.0195
53.3246
58.0406
61.8374
64.6847
66.7284
68.0726
68.849
69.2014
69.2289
69.0061
68.5775
67.9652
67.1753
66.1974
65.0086
63.577
61.8604
59.8061
57.3789
54.6201
51.6221
48.459
45.1996
41.9313
38.759
35.8022
33.1881
31.0459
29.4945
28.6371
28.5461
29.1893
30.3934
31.6213
17.1942
11.1341
4.14488
-3.36126
-10.7646
-18.5878
-26.5008
-34.2618
-41.9672
-49.4892
-56.795
-63.9309
-70.8682
-77.6194
-84.1904
-90.5615
-96.7047
-102.575
-108.106
-113.217
-117.808
-121.765
-124.99
-127.372
-128.87
-129.463
-129.05
-127.485
-124.628
-120.356
-114.572
-107.208
-98.2352
-87.6728
-75.6084
-62.2169
-47.8449
-33.0446
-19.1859
22.8228
28.1308
33.8641
39.7485
45.1923
50.289
54.8304
58.497
61.2584
63.2547
64.5846
65.3733
65.7598
65.8403
65.6864
65.3431
64.8331
64.1637
63.3279
62.3052
61.067
59.5744
57.7768
55.6386
53.1926
50.5192
47.6824
44.7404
41.7685
38.8588
36.1179
33.6612
31.6071
30.0663
29.1329
28.874
29.2598
30.1282
31.0106
15.7518
9.97345
3.31432
-3.82729
-10.8589
-18.2796
-25.7723
-33.1072
-40.3758
-47.4573
-54.3208
-61.0113
-67.5021
-73.8067
-79.9325
-85.862
-91.5715
-97.0212
-102.151
-106.891
-111.148
-114.82
-117.819
-120.048
-121.471
-122.075
-121.772
-120.425
-117.901
-114.077
-108.856
-102.161
-93.9558
-84.2481
-73.1115
-60.7064
-47.3478
-33.5513
-20.5589
21.1248
26.1952
31.6792
37.3151
42.5357
47.4323
51.8053
55.3461
58.0238
59.9726
61.2866
62.0846
62.5004
62.6274
62.5347
62.2669
61.8471
61.2847
60.5742
59.6987
58.6322
57.3391
55.772
53.8951
51.7346
49.3602
46.8264
44.1823
41.4923
38.8363
36.3084
34.0119
32.054
30.5362
29.5436
29.1379
29.2924
29.8589
30.4325
14.4171
8.90713
2.56274
-4.23198
-10.9105
-17.9494
-25.0443
-31.9763
-38.8335
-45.5002
-51.9483
-58.2211
-64.2942
-70.1811
-75.8902
-81.407
-86.7107
-91.7663
-96.5205
-100.909
-104.849
-108.249
-111.028
-113.101
-114.441
-115.04
-114.82
-113.658
-111.425
-108.004
-103.297
-97.2258
-89.7438
-80.8506
-70.6058
-59.1533
-46.7764
-33.9472
-21.7917
19.5459
24.3893
29.635
35.0329
40.0394
44.7437
48.9546
52.3739
54.9699
56.8716
58.1685
58.9728
59.414
59.582
59.5435
59.3423
59.0026
58.5346
57.9349
57.1893
56.275
55.1596
53.7986
52.1573
50.2562
48.1554
45.9014
43.5352
41.1112
38.6981
36.378
34.2422
32.3866
30.903
29.8674
29.3361
29.2859
29.584
29.884
13.1832
7.92952
1.88518
-4.5791
-10.9221
-17.5984
-24.3163
-30.8676
-37.3365
-43.6125
-49.6702
-55.5511
-61.2326
-66.729
-72.049
-77.18
-82.1042
-86.7909
-91.1924
-95.2506
-98.8914
-102.031
-104.597
-106.517
-107.768
-108.348
-108.192
-107.184
-105.206
-102.147
-97.9099
-92.4149
-85.6113
-77.49
-68.0978
-57.56
-46.1289
-34.229
-22.881
18.0789
22.7056
27.723
32.893
37.6941
42.2136
46.2681
49.5697
52.0864
53.9416
55.2204
56.0287
56.4915
56.6954
56.7048
56.5628
56.294
55.9093
55.4074
54.7766
53.9968
53.0389
51.862
50.4325
48.7659
46.9145
44.9174
42.8086
40.6337
38.4512
36.3319
34.3554
32.6063
31.1666
30.1035
29.4675
29.2392
29.3015
29.3619
12.044
7.03501
1.27694
-4.87253
-10.8963
-17.2286
-23.5891
-29.7801
-35.8821
-41.7901
-47.4804
-52.9936
-58.3081
-63.4388
-68.3949
-73.1658
-77.7356
-82.0774
-86.1486
-89.8971
-93.2555
-96.1486
-98.5109
-100.281
-101.44
-101.993
-101.882
-101.004
-99.2492
-96.5133
-92.7031
-87.7397
-81.5694
-74.1758
-65.5934
-55.9296
-45.4046
-34.3954
-23.8247
16.7171
21.1364
25.9353
30.8868
35.4908
39.8324
43.7363
46.9243
49.3636
51.1729
52.4326
53.243
53.7242
53.9596
54.0112
53.9216
53.7153
53.4042
52.9886
52.4591
51.7981
50.9798
49.9666
48.7267
47.2716
45.6461
43.8837
42.012
40.0688
38.1034
36.1761
34.3557
32.7156
31.3281
30.2517
29.5315
29.1511
29.0093
28.8621
10.9936
6.21836
0.733466
-5.11575
-10.8361
-16.8412
-22.8628
-28.7128
-34.4679
-40.029
-45.374
-50.5417
-55.5124
-60.3009
-64.9169
-69.351
-73.5901
-77.6098
-81.3721
-84.8301
-87.9235
-90.5838
-92.7524
-94.3775
-95.4439
-95.9624
-95.8836
-95.1148
-93.5547
-91.1076
-87.6849
-83.21
-77.628
-70.9165
-63.0993
-54.2659
-44.605
-34.4461
-24.6222
15.4536
19.6749
24.2642
29.0062
33.4209
37.5916
41.3502
44.4283
46.7924
48.5563
49.7961
50.6066
51.1033
51.3663
51.4553
51.412
51.2609
51.0147
50.675
50.2345
49.6785
48.9833
48.1155
47.0449
45.7796
44.3584
42.8091
41.1544
39.4253
37.6627
35.9176
34.2484
32.7182
31.3895
30.313
29.5277
29.0206
28.705
28.3807
10.0263
5.47427
0.250425
-5.31247
-10.744
-16.438
-22.1381
-27.6651
-33.0927
-38.3266
-43.3465
-48.1896
-52.8379
-57.3063
-61.6042
-65.7239
-69.6542
-73.3735
-76.8475
-80.034
-82.8788
-85.3203
-87.3057
-88.7916
-89.7674
-90.2474
-90.19
-89.5124
-88.1227
-85.9331
-82.861
-78.8337
-73.7956
-67.7205
-60.6223
-52.573
-43.7322
-34.3828
-25.2748
14.2825
18.3141
22.7029
27.2437
31.4767
35.4828
39.1013
42.0728
44.364
46.0832
47.3024
48.1115
48.6209
48.9079
49.0297
49.0272
48.9249
48.7357
48.4628
48.1006
47.6366
47.0503
46.3112
45.3911
44.2958
43.058
41.7015
40.2443
38.7117
37.1373
35.5636
34.0396
32.6186
31.354
30.2891
29.4569
28.8471
28.3863
27.9134
9.13672
4.79811
-0.176513
-5.46621
-10.6227
-16.0209
-21.4157
-26.6369
-31.7548
-36.68
-41.3936
-45.9318
-50.2779
-54.4465
-58.4473
-62.2736
-65.916
-69.3551
-72.5602
-75.4935
-78.106
-80.3426
-82.1558
-83.5097
-84.3974
-84.8364
-84.7924
-84.1914
-82.9509
-80.9911
-78.2357
-74.6165
-70.0794
-64.595
-58.1684
-50.8561
-42.7896
-34.2081
-25.7846
13.1979
17.0481
21.2444
25.5922
29.6505
33.4984
36.9816
39.8501
42.0701
43.7451
44.9433
45.7494
46.269
46.5768
46.7274
46.7608
46.7014
46.5623
46.3479
46.0544
45.6712
45.1805
44.5551
43.7685
42.8246
41.7513
40.5683
39.2899
37.9366
36.5356
35.1218
33.736
32.4223
31.2256
30.1825
29.3199
28.6299
28.0509
27.4558
8.31976
4.18514
-0.55129
-5.58034
-10.475
-15.592
-20.6967
-25.6282
-30.4531
-35.0869
-39.5125
-43.7642
-47.8267
-51.7146
-55.4377
-58.9902
-62.3641
-65.5423
-68.4972
-71.1947
-73.5908
-75.636
-77.2881
-78.5175
-79.3209
-79.7184
-79.6817
-79.1451
-78.0355
-76.2802
-73.8105
-70.5628
-66.4851
-61.5462
-55.7442
-49.1207
-41.7818
-33.926
-26.1551
12.1944
15.8706
19.8827
24.045
27.9355
31.6307
34.9833
37.7521
39.9028
41.5344
42.711
43.5126
44.0403
44.3659
44.5416
44.6064
44.5844
44.4893
44.3263
44.0928
43.7804
43.3735
42.8479
42.1797
41.3703
40.4436
39.416
38.2987
37.108
35.8659
34.6004
33.3448
32.1356
31.0093
29.9964
29.1185
28.3691
27.6967
27.0039
7.5705
3.63105
-0.877798
-5.65808
-10.3033
-15.1527
-19.9821
-24.639
-29.1869
-33.5457
-37.6999
-41.6822
-45.479
-49.1041
-52.5677
-55.8649
-58.9886
-61.924
-64.6463
-67.1245
-69.3195
-71.1865
-72.6887
-73.8016
-74.5254
-74.8817
-74.8479
-74.3659
-73.3709
-71.7983
-69.5857
-66.675
-63.0171
-58.5798
-53.3554
-47.3727
-40.7143
-33.5417
-26.3915
11.2665
14.7762
18.6113
22.5957
26.3246
29.873
33.0996
35.7717
37.8549
39.4435
40.5981
41.3938
41.9276
42.2681
42.4656
42.5578
42.5686
42.5118
42.3935
42.2123
41.9616
41.6281
41.1903
40.6262
39.936
39.1395
38.2505
37.2778
36.2339
35.1362
34.0073
32.8738
31.765
30.7105
29.7348
28.8548
28.0647
27.3217
26.5536
6.88444
3.13152
-1.15963
-5.70259
-10.11
-14.7049
-19.2729
-23.6696
-27.9553
-32.0546
-35.953
-39.6824
-43.2298
-46.6091
-49.8303
-52.8893
-55.7804
-58.49
-60.9961
-63.2711
-65.2793
-66.9813
-68.3443
-69.3489
-69.9979
-70.3143
-70.2804
-69.8451
-68.9511
-67.5412
-65.56
-62.9544
-59.6786
-55.7005
-51.0078
-45.6181
-39.5932
-33.0613
-26.4995
10.4094
13.7595
17.4248
21.2382
24.8119
28.2187
31.3235
33.9017
35.9191
37.4654
38.5975
39.386
39.924
40.2769
40.493
40.609
40.6483
40.6249
40.5453
40.4098
40.2128
39.9431
39.582
39.1095
38.5245
37.8433
37.0774
36.2336
35.3215
34.3547
33.3507
32.3307
31.3178
30.3352
29.4024
28.5316
27.7177
26.9245
26.1013
6.25716
2.68275
-1.4004
-5.71672
-9.89769
-14.2504
-18.5701
-22.72
-26.7578
-30.6122
-34.2699
-37.7613
-41.0751
-44.2243
-47.2191
-50.056
-52.7306
-55.2305
-57.5363
-59.6227
-61.4582
-63.0076
-64.242
-65.1466
-65.7261
-66.0047
-65.9686
-65.5735
-64.7687
-63.5042
-61.7306
-59.4005
-56.4714
-52.912
-48.7065
-43.8629
-38.4252
-32.4921
-26.486
9.61823
12.8154
16.3179
19.967
23.3912
26.6614
29.6486
32.1359
34.089
35.5933
36.7024
37.4827
38.023
38.386
38.6179
38.7543
38.8183
38.8236
38.7777
38.6815
38.5311
38.317
38.0229
37.6305
37.1377
36.5582
35.9013
35.1722
34.3779
33.5288
32.6385
31.7234
30.8012
29.8898
29.004
28.1522
27.3289
26.5037
25.6435
5.68453
2.28092
-1.60339
-5.70334
-9.66857
-13.7907
-17.8746
-21.7906
-25.594
-29.2171
-32.648
-35.9159
-39.0105
-41.9446
-44.7282
-47.3583
-49.8315
-52.1369
-54.2568
-56.169
-57.845
-59.2537
-60.3697
-61.1821
-61.6974
-61.9408
-61.9016
-61.5413
-60.8156
-59.6807
-58.0936
-56.0117
-53.3963
-50.2173
-46.4562
-42.1135
-37.2177
-31.8416
-26.3587
8.88868
11.9393
15.2855
18.7766
22.0571
25.1956
28.0688
30.4679
32.3581
33.821
34.9068
35.6776
36.2184
36.5894
36.8345
36.9884
37.0735
37.1035
37.0865
37.0243
36.9141
36.748
36.5119
36.1895
35.7777
35.2875
34.7267
34.0989
33.4094
32.6658
31.8785
31.0597
30.2228
29.381
28.545
27.72
26.9
26.0587
25.1775
5.16267
1.9225
-1.77168
-5.66509
-9.42471
-13.3275
-17.1873
-20.8817
-24.4633
-27.868
-31.0854
-34.1434
-37.0325
-39.7654
-42.3519
-44.7895
-47.0757
-49.2006
-51.1486
-52.8998
-54.4288
-55.7081
-56.7155
-57.4435
-57.9002
-58.1111
-58.0683
-57.7384
-57.083
-56.0641
-54.6441
-52.7853
-50.4528
-47.6181
-44.261
-40.3757
-35.9777
-31.1181
-26.1259
8.21647
11.1267
14.3227
17.662
20.804
23.8155
26.5786
28.8919
30.7207
32.1426
33.2046
33.9649
34.5047
34.8816
35.1374
35.3059
35.4089
35.4602
35.4679
35.4348
35.3591
35.2344
35.0486
34.787
34.4457
34.0338
33.5572
33.0187
32.422
31.7726
31.0781
30.3473
29.59
28.8156
28.0311
27.2391
26.4327
25.5891
24.7009
4.6879
1.60413
-1.90832
-5.60451
-9.16816
-12.8623
-16.5093
-19.9937
-23.3654
-26.5641
-29.5804
-32.4411
-35.1378
-37.6826
-40.085
-42.3435
-44.4559
-46.4137
-48.2029
-49.8058
-51.1996
-52.3601
-53.2682
-53.9191
-54.3226
-54.5037
-54.4574
-54.1544
-53.5617
-52.6465
-51.3763
-49.7179
-47.64
-45.1159
-42.1245
-38.6552
-34.7129
-30.3302
-25.7964
7.59769
10.3732
13.4251
16.6184
19.6271
22.516
25.1724
27.4024
29.1712
30.5525
31.5902
32.339
32.8762
33.2571
33.5214
33.702
33.8202
33.8893
33.9181
33.9097
33.8635
33.7743
33.6318
33.4228
33.1429
32.7991
32.3962
31.9361
31.4213
30.8556
30.2443
29.5936
28.9102
28.2003
27.4681
26.7137
25.9296
25.095
24.2118
4.25676
1.32266
-2.01601
-5.52398
-8.90091
-12.3965
-15.8414
-19.1268
-22.2999
-25.3041
-28.1312
-30.8067
-33.3229
-35.6919
-37.9228
-40.0148
-41.9659
-43.7691
-45.4116
-46.8778
-48.1474
-49.1991
-50.0168
-50.5978
-50.9531
-51.1075
-51.0578
-50.7789
-50.2424
-49.4201
-48.2839
-46.8052
-44.9558
-42.7109
-40.0495
-36.9573
-33.4304
-29.4865
-25.3793
7.02859
9.675
12.5884
15.6413
18.5216
21.2922
23.8453
25.9943
27.7042
29.0452
30.0583
30.7946
31.3279
31.711
31.9819
32.1722
32.3028
32.3869
32.4334
32.446
32.4248
32.3659
32.2605
32.0969
31.8701
31.5855
31.2468
30.8553
30.4124
29.9208
29.3838
28.8056
28.1904
27.5419
26.8618
26.1483
25.3931
24.577
23.7088
3.86599
1.07508
-2.09743
-5.42568
-8.6247
-11.9313
-15.1845
-18.2811
-21.2664
-24.0872
-26.7362
-29.2377
-31.5848
-33.7896
-35.8606
-37.7977
-39.5994
-41.2595
-42.7667
-44.1072
-45.2631
-46.2155
-46.9508
-47.4686
-47.7805
-47.9111
-47.8585
-47.6013
-47.1153
-46.3762
-45.3601
-44.042
-42.3974
-40.4032
-38.0385
-35.2867
-32.1373
-28.5955
-24.8838
6.50561
9.02821
11.8086
14.7266
17.4831
20.1394
22.5925
24.6625
26.3148
27.6159
28.604
29.3268
29.8549
30.2386
30.5142
30.7122
30.8529
30.9494
31.0105
31.0407
31.0406
31.0073
30.9336
30.8089
30.628
30.3945
30.1116
29.7798
29.4
28.9736
28.5028
27.9899
27.4374
26.8468
26.218
25.5474
24.8262
24.0363
23.1914
3.51248
0.858635
-2.15502
-5.31177
-8.34128
-11.4681
-14.539
-17.4569
-20.2647
-22.9125
-25.3937
-27.7317
-29.9206
-31.9719
-33.8941
-35.6872
-37.3504
-38.8783
-40.2609
-41.4859
-42.5377
-43.3996
-44.0603
-44.5211
-44.7943
-44.9036
-44.8488
-44.6114
-44.1707
-43.5063
-42.5976
-41.4233
-39.9616
-38.1917
-36.0933
-33.6479
-30.8402
-27.6658
-24.3193
6.02544
8.42932
11.082
13.8701
16.5073
19.0532
21.4093
23.4026
24.9984
26.2599
27.2226
27.9312
28.4527
28.8355
29.1141
29.3178
29.4666
29.5731
29.6463
29.6911
29.7086
29.6969
29.65
29.5585
29.4169
29.2276
28.9928
28.7129
28.3882
28.0192
27.607
27.1529
26.6576
26.1213
25.5422
24.9156
24.2321
23.4741
22.659
3.19337
0.670656
-2.19109
-5.18416
-8.05214
-11.008
-13.9058
-16.6543
-19.2943
-21.7788
-24.1022
-26.2869
-28.3276
-30.2354
-32.019
-33.6783
-35.2133
-36.6191
-37.887
-39.0062
-39.9627
-40.7422
-41.3355
-41.745
-41.9837
-42.0745
-42.0181
-41.7988
-41.3991
-40.8017
-39.9892
-38.9432
-37.6448
-36.0751
-34.2148
-32.0446
-29.5454
-26.7054
-23.6949
5.58501
7.87496
10.4049
13.0681
15.5904
18.0296
20.2916
22.2101
23.7506
24.9727
25.9097
26.6032
27.1172
27.4977
27.7777
27.9855
28.1403
28.2548
28.3378
28.3945
28.4266
28.4329
28.4086
28.3453
28.2373
28.0858
27.8925
27.6575
27.3807
27.062
26.7018
26.3002
25.8571
25.3713
24.84
24.2575
23.6139
22.8922
22.1121
2.90593
0.508732
-2.20788
-5.04468
-7.75877
-10.5519
-13.2855
-15.8735
-18.3547
-20.6852
-22.8601
-24.9008
-26.8029
-28.5769
-30.2312
-31.7664
-33.1827
-34.4758
-35.6382
-36.6603
-37.53
-38.2348
-38.7672
-39.1307
-39.3389
-39.4135
-39.3562
-39.1536
-38.791
-38.2537
-37.5272
-36.5957
-35.4429
-34.0517
-32.404
-30.4801
-28.2586
-25.7219
-23.0195
5.18129
7.36202
9.77417
12.317
14.7285
17.0646
19.2354
21.081
22.5672
23.7503
24.6613
25.339
25.8444
26.2213
26.5013
26.7116
26.8709
26.9914
27.0822
27.1485
27.1925
27.2136
27.2082
27.1687
27.0893
26.9701
26.8124
26.6162
26.3809
26.1062
25.7917
25.4371
25.0413
24.6023
24.1165
23.5776
22.9752
22.2926
21.5512
2.6476
0.370506
-2.20733
-4.89501
-7.46252
-10.1009
-12.6785
-15.1144
-17.4457
-19.6309
-21.666
-23.5716
-25.3438
-26.9928
-28.527
-29.947
-31.2533
-32.4425
-33.508
-34.4413
-35.2317
-35.8687
-36.3463
-36.6688
-36.85
-36.9108
-36.8531
-36.6661
-36.337
-35.8537
-35.2041
-34.3748
-33.3516
-32.1193
-30.6609
-28.957
-26.9847
-24.7226
-22.3014
4.8116
6.88753
9.18649
11.6136
13.9183
16.1547
18.2369
20.0115
21.4443
22.5887
23.4735
24.1347
24.6305
25.0028
25.2815
25.4929
25.6552
25.7801
25.8768
25.9507
26.0043
26.0376
26.0478
26.0282
25.9729
25.8812
25.754
25.5911
25.3918
25.1554
24.8812
24.5684
24.2153
23.8195
23.3766
22.8801
22.3192
21.6777
20.9774
2.41601
0.253831
-2.19135
-4.73675
-7.1646
-9.6558
-12.0853
-14.3772
-16.5666
-18.6147
-20.5184
-22.2971
-23.9478
-25.4802
-26.9025
-28.2156
-29.4202
-30.5136
-31.4901
-32.3421
-33.0605
-33.6361
-34.0644
-34.3503
-34.5078
-34.5566
-34.4993
-34.3267
-34.0281
-33.5934
-33.0126
-32.2743
-31.3663
-30.2752
-28.9852
-27.4775
-25.7285
-23.714
-21.5489
4.47332
6.4487
8.63894
10.9547
13.1563
15.2962
17.2926
18.9979
20.3783
21.4843
22.3426
22.9869
23.4723
23.8389
24.1151
24.3265
24.4903
24.6183
24.7194
24.799
24.8602
24.9033
24.9263
24.9233
24.8882
24.8199
24.7186
24.5842
24.4159
24.2128
23.9741
23.6984
23.3839
23.0276
22.625
22.1692
21.6494
21.0497
20.3921
2.2089
0.156697
-2.16172
-4.57136
-6.86616
-9.21735
-11.5063
-13.6616
-15.7169
-17.6357
-19.4157
-21.0755
-22.6123
-24.0359
-25.354
-26.5679
-27.6786
-28.6838
-29.5784
-30.3561
-31.0089
-31.529
-31.9131
-32.1666
-32.3033
-32.342
-32.2857
-32.1264
-31.8555
-31.4646
-30.9452
-30.2881
-29.4825
-28.5168
-27.3763
-26.0432
-24.4936
-22.702
-20.7692
4.16401
6.04297
8.12877
10.3373
12.4394
14.4862
16.3991
18.0369
19.3658
20.4337
21.2654
21.8921
22.3664
22.7264
22.9992
23.2094
23.3737
23.5035
23.6075
23.6914
23.7584
23.8092
23.8426
23.8533
23.8351
23.7863
23.7071
23.5971
23.4555
23.2814
23.0737
22.8309
22.551
22.2309
21.8657
21.4487
20.9691
20.4111
19.7967
2.02421
0.0772121
-2.12006
-4.40012
-6.56818
-8.78623
-10.9417
-12.9677
-14.8961
-16.693
-18.3566
-19.9046
-21.3349
-22.657
-23.8781
-25
-26.0238
-26.9476
-27.7672
-28.477
-29.0702
-29.5402
-29.8846
-30.1093
-30.2279
-30.2582
-30.2032
-30.0565
-29.8108
-29.4593
-28.9949
-28.41
-27.6955
-26.8409
-25.8331
-24.6551
-23.2834
-21.6919
-19.9694
3.88142
5.66786
7.65334
9.75864
11.7649
13.7214
15.5532
17.1252
18.4035
19.4336
20.2386
20.8474
21.3099
21.6625
21.9311
22.1391
22.3028
22.4333
22.5391
22.626
22.6973
22.7541
22.7957
22.8176
22.8134
22.7811
22.7204
22.6312
22.5125
22.3635
22.183
21.9694
21.7205
21.4333
21.1029
20.7225
20.2815
19.7645
19.1932
1.85997
0.0136108
-2.0679
-4.22433
-6.27167
-8.36305
-10.3917
-12.2952
-14.1036
-15.7855
-17.3395
-18.7826
-20.1132
-21.3403
-22.4713
-23.5078
-24.4512
-25.3001
-26.0508
-26.6987
-27.2377
-27.6625
-27.9714
-28.1706
-28.2734
-28.2967
-28.2436
-28.1086
-27.8859
-27.5698
-27.1547
-26.6342
-26.0004
-25.2444
-24.3542
-23.3138
-22.1007
-20.6885
-19.1557
3.62342
5.32112
7.21025
9.21618
11.1298
12.9991
14.7522
16.2598
17.4883
18.481
19.2594
19.85
20.3001
20.6446
20.9081
21.1131
21.2754
21.4057
21.5123
21.6011
21.6754
21.7367
21.7848
21.8156
21.823
21.8042
21.7592
21.6877
21.5887
21.4614
21.3046
21.1168
20.8957
20.6383
20.3399
19.9938
19.5897
19.1126
18.5834
1.71436
-0.0357366
-2.00664
-4.04515
-5.9775
-7.94837
-9.85669
-11.644
-13.3389
-14.9121
-16.3629
-17.7075
-18.9446
-20.0832
-21.1303
-22.0875
-22.9565
-23.7364
-24.4239
-25.0152
-25.5051
-25.889
-26.1662
-26.3429
-26.4321
-26.4496
-26.3986
-26.2748
-26.0731
-25.789
-25.418
-24.9547
-24.3928
-23.7241
-22.938
-22.0196
-20.9475
-19.6957
-18.3337
3.38802
5.00061
6.79721
8.70751
10.5317
12.3166
13.9931
15.438
16.6174
17.5732
18.325
18.897
19.3344
19.6702
19.9279
20.1293
20.2894
20.4186
20.5252
20.6149
20.6911
20.7557
20.8087
20.8466
20.8634
20.856
20.8241
20.7675
20.6854
20.5769
20.4408
20.2757
20.0794
19.849
19.5799
19.2657
18.8965
18.4576
17.9694
1.58568
-0.0723712
-1.9376
-3.86365
-5.68644
-7.54267
-9.33664
-11.0137
-12.6012
-14.0719
-15.4254
-16.6774
-17.827
-18.8828
-19.8516
-20.7353
-21.5355
-22.2517
-22.8813
-23.4209
-23.8661
-24.2132
-24.4621
-24.619
-24.6965
-24.7093
-24.6608
-24.5473
-24.3648
-24.1097
-23.7782
-23.3661
-22.8678
-22.2766
-21.5827
-20.7724
-19.8256
-18.7171
-17.5084
3.17338
4.70437
6.41212
8.23035
9.96828
11.6714
13.2733
14.657
15.788
16.7073
17.4327
17.9861
18.4103
18.7369
18.9883
19.1854
19.3427
19.4703
19.5761
19.6659
19.7431
19.8099
19.8665
19.91
19.9344
19.9363
19.9154
19.8715
19.8038
19.7115
19.5935
19.4484
19.2742
19.0681
18.8259
18.5412
18.2047
17.8022
17.3532
1.47233
-0.0977398
-1.86204
-3.68082
-5.39924
-7.1464
-8.8317
-10.4043
-11.89
-13.2637
-14.5255
-15.6904
-16.7579
-17.7364
-18.6322
-19.4475
-20.1841
-20.8416
-21.418
-21.9103
-22.315
-22.629
-22.8526
-22.9921
-23.0595
-23.0687
-23.0229
-22.9191
-22.7542
-22.5252
-22.2292
-21.8627
-21.4211
-20.8985
-20.2861
-19.5717
-18.7361
-17.7553
-16.6842
2.97775
4.4305
6.05302
7.78258
9.43724
11.0612
12.5906
13.9144
14.9974
15.8808
16.5803
17.115
17.5256
17.8426
18.0873
18.2796
18.4336
18.5589
18.6634
18.7526
18.8302
18.8982
18.9575
19.0052
19.0356
19.0452
19.0334
19.0001
18.9447
18.8664
18.7642
18.6368
18.4824
18.2982
18.0803
17.8229
17.5168
17.1486
16.7367
1.37289
-0.113117
-1.78105
-3.49753
-5.11657
-6.75995
-8.34196
-9.81541
-11.2046
-12.4866
-13.6618
-14.7445
-15.735
-16.6411
-17.4689
-18.2206
-18.8981
-19.5015
-20.029
-20.4782
-20.8461
-21.1302
-21.3313
-21.4556
-21.5143
-21.5207
-21.4778
-21.3833
-21.2345
-21.0292
-20.7651
-20.4393
-20.0481
-19.5863
-19.0463
-18.4167
-17.6797
-16.8129
-15.8648
2.79956
4.17729
5.71801
7.36217
8.93643
10.4838
11.9424
13.2078
14.2433
15.0914
15.7654
16.2813
16.6781
16.9852
17.2228
17.41
17.5602
17.6829
17.7855
17.8737
17.9509
18.0195
18.0805
18.1314
18.1666
18.1823
18.1781
18.1538
18.109
18.0428
17.9544
17.8425
17.7056
17.5412
17.3454
17.1129
16.8351
16.499
16.1222
1.28602
-0.119645
-1.69564
-3.31453
-4.83885
-6.38347
-7.86725
-9.24663
-10.5442
-11.7394
-12.8328
-13.838
-14.7562
-15.5946
-16.3587
-17.051
-17.6738
-18.2271
-18.7097
-19.1195
-19.4539
-19.7112
-19.8922
-20.0031
-20.0546
-20.0589
-20.0191
-19.9333
-19.7993
-19.6155
-19.3801
-19.0908
-18.7445
-18.3368
-17.8608
-17.3063
-16.6569
-15.8915
-15.0535
2.63736
3.94315
5.40535
6.96717
8.46376
9.93676
11.3264
12.5348
13.5231
14.3372
14.9863
15.4832
15.8659
16.1628
16.393
16.5748
16.721
16.8406
16.9411
17.0277
17.1042
17.1728
17.2347
17.2879
17.3267
17.3475
17.3495
17.3329
17.297
17.2413
17.1649
17.0669
16.9456
16.7988
16.6232
16.4135
16.1617
15.8554
15.5114
1.21032
-0.118571
-1.60689
-3.13269
-4.56684
-6.01728
-7.40755
-8.69753
-9.90792
-11.0211
-12.0368
-12.969
-13.8194
-14.5944
-15.2988
-15.9356
-16.5074
-17.0144
-17.4555
-17.8291
-18.1332
-18.3662
-18.5294
-18.6287
-18.6741
-18.677
-18.6405
-18.5629
-18.4427
-18.2785
-18.069
-17.8124
-17.5062
-17.1465
-16.7273
-16.2395
-15.6678
-14.9926
-14.2528
2.48966
3.72665
5.11371
6.59611
8.0177
9.41848
10.7405
11.893
12.834
13.6158
14.2411
14.7188
15.087
15.3735
15.5963
15.7724
15.9143
16.0306
16.1286
16.2135
16.2888
16.3569
16.4192
16.4739
16.5155
16.5402
16.5475
16.5373
16.5091
16.4625
16.3968
16.3109
16.2036
16.0728
15.9153
15.7264
15.4986
15.22
14.9066
1.14446
-0.11146
-1.51631
-2.95356
-4.30167
-5.66258
-6.96363
-8.16833
-9.29537
-10.3309
-11.2719
-12.1346
-12.922
-13.6378
-14.2861
-14.8708
-15.3952
-15.8593
-16.2622
-16.6027
-16.8791
-17.0902
-17.2376
-17.3266
-17.367
-17.3691
-17.336
-17.2663
-17.1588
-17.0124
-16.8264
-16.5993
-16.3288
-16.0119
-15.6432
-15.2145
-14.7119
-14.1172
-13.4651
2.3551
3.52648
4.84181
6.24804
7.5976
8.92846
10.1843
11.2814
12.1724
12.924
13.5271
13.9855
14.3391
14.6154
14.8308
15.0012
15.1386
15.2515
15.3469
15.4297
15.5035
15.5708
15.633
15.6886
15.7323
15.7603
15.7719
15.7671
15.7457
15.707
15.6506
15.5755
15.4806
15.3641
15.2232
15.0532
14.8473
14.5943
14.3093
1.08747
-0.0990772
-1.4246
-2.77774
-4.04413
-5.32005
-6.53606
-7.65963
-8.70703
-9.66953
-10.5371
-11.3326
-12.0612
-12.7216
-13.3168
-13.8526
-14.3329
-14.7573
-15.125
-15.4352
-15.6864
-15.878
-16.0114
-16.0917
-16.1279
-16.1298
-16.1002
-16.0381
-15.9424
-15.8126
-15.6479
-15.4472
-15.2089
-14.9302
-14.6065
-14.2303
-13.7891
-13.266
-12.6924
2.23257
3.34129
4.58828
5.9213
7.2018
8.46514
9.65733
10.7
11.5368
12.2596
12.8419
13.2811
13.6199
13.8862
14.0943
14.259
14.392
14.5015
14.5941
14.6748
14.747
14.8132
14.8751
14.9313
14.9765
15.0072
15.0224
15.0224
15.0067
14.9751
14.927
14.8615
14.7779
14.6743
14.5482
14.3956
14.2098
13.9803
13.7216
1.03939
-0.080676
-1.33023
-2.60313
-3.79177
-4.98682
-6.12244
-7.1694
-8.14159
-9.03435
-9.83167
-10.5652
-11.2394
-11.8465
-12.3902
-12.8795
-13.3182
-13.7053
-14.04
-14.322
-14.5502
-14.7241
-14.8451
-14.9179
-14.9509
-14.9531
-14.9271
-14.8723
-14.7877
-14.6731
-14.5279
-14.3513
-14.1419
-13.8974
-13.6139
-13.2846
-12.898
-12.439
-11.9353
2.12157
3.17006
4.35043
5.61199
6.82514
8.02192
9.1528
10.1431
10.9305
11.6284
12.1888
12.6065
12.93
13.1861
13.3865
13.5452
13.6735
13.7794
13.8692
13.9476
14.018
14.083
14.1444
14.2008
14.2473
14.2801
14.2985
14.3025
14.292
14.2666
14.2259
14.1692
14.0957
14.0038
13.8913
13.7544
13.587
13.3791
13.1446
0.999734
-0.0565479
-1.2327
-2.42866
-3.54248
-4.65975
-5.71813
-6.69264
-7.59358
-8.41951
-9.14923
-9.83315
-10.4608
-11.014
-11.5058
-11.9506
-12.3503
-12.702
-13.0052
-13.2607
-13.4676
-13.6253
-13.7351
-13.8015
-13.8321
-13.835
-13.813
-13.7652
-13.6912
-13.5909
-13.4636
-13.3087
-13.1255
-12.9119
-12.6641
-12.3766
-12.0389
-11.6371
-11.1962
2.0215
3.01173
4.12692
5.31764
6.46365
7.59261
8.66223
9.59763
10.3462
11.0339
11.5709
11.9618
12.269
12.5154
12.7082
12.8605
12.984
13.0861
13.1729
13.249
13.3175
13.3811
13.4417
13.4981
13.5454
13.58
13.6011
13.6087
13.6028
13.583
13.5489
13.5001
13.4356
13.3543
13.2541
13.1316
12.981
12.793
12.5809
0.969926
-0.0364485
-1.15578
-2.28694
-3.33438
-4.37724
-5.3518
-6.23966
-7.04224
-7.77931
-8.38488
-9.05354
-9.68655
-10.2176
-10.6848
-11.1141
-11.502
-11.8421
-12.1347
-12.3814
-12.5817
-12.7346
-12.8413
-12.9062
-12.9369
-12.9417
-12.9235
-12.8813
-12.8153
-12.7258
-12.6095
-12.4693
-12.3042
-12.1119
-11.8889
-11.6303
-11.3266
-10.9652
-10.5689
1.94491
2.88811
3.95189
5.07869
6.15878
7.20966
8.18998
9.01726
9.67639
10.4345
10.989
11.3714
11.6785
11.9296
12.1251
12.2788
12.4032
12.5064
12.5942
12.6712
12.7408
12.8056
12.8676
12.9259
12.9757
13.013
13.037
13.0479
13.0456
13.0299
13.0005
12.9571
12.8988
12.8246
12.7327
12.6196
12.4804
12.3058
12.1089
0.946962
-0.018336
-1.08933
-2.16396
-3.14982
-4.11882
-5.00662
-5.79789
-6.48509
-7.11474
-7.55787
-8.24452
-8.91792
-9.44857
-9.90994
-10.3426
-10.7367
-11.0812
-11.3772
-11.6272
-11.8305
-11.9863
-12.0958
-12.1634
-12.1968
-12.2048
-12.1908
-12.1532
-12.0935
-12.0125
-11.9023
-11.7715
-11.6188
-11.441
-11.235
-10.9963
-10.7165
-10.3834
-10.0184
1.88308
2.7869
3.80436
4.87088
5.88353
6.84689
7.7198
8.41743
8.96431
9.83185
10.4336
10.8225
11.1396
11.4042
11.6099
11.7702
11.8998
12.0074
12.0989
12.1792
12.2518
12.3196
12.3849
12.4467
12.5002
12.541
12.5681
12.5822
12.583
12.5706
12.5447
12.5049
12.4508
12.3814
12.295
12.1883
12.0566
11.8907
11.7039
0.925769
0.00194863
-1.02022
-2.03792
-2.96226
-3.85766
-4.66071
-5.35773
-5.93616
-6.46137
-6.75339
-7.44543
-8.15044
-8.6785
-9.13028
-9.56199
-9.95925
-10.3064
-10.6043
-10.8564
-11.0623
-11.2207
-11.3331
-11.4033
-11.4397
-11.4511
-11.4417
-11.4092
-11.3564
-11.2848
-11.1815
-11.0609
-10.9215
-10.7588
-10.57
-10.3515
-10.0956
-9.79079
-9.45922
1.82241
2.68665
3.65717
4.66325
5.6095
6.48527
7.25483
7.83072
8.26752
9.22178
9.87222
10.268
10.5916
10.8676
11.083
11.2497
11.3841
11.4956
11.5907
11.6741
11.7495
11.8203
11.8887
11.9541
12.0112
12.0554
12.086
12.1033
12.1074
12.0984
12.076
12.0401
11.9903
11.9257
11.8448
11.7447
11.6206
11.4636
11.2871
0.906211
0.0239014
-0.949318
-1.91034
-2.7737
-3.59631
-4.31722
-4.92224
-5.39922
-5.81893
-5.97693
-6.65983
-7.38343
-7.90743
-8.34781
-8.77428
-9.17142
-9.51919
-9.81752
-10.0706
-10.2784
-10.4391
-10.5542
-10.627
-10.6665
-10.6813
-10.6762
-10.6483
-10.6021
-10.539
-10.4418
-10.3305
-10.2034
-10.0551
-9.88278
-9.68382
-9.45103
-9.17286
-8.86788
1.76314
2.58802
3.51143
4.45753
5.33879
6.12701
6.79844
7.25709
7.59049
8.60513
9.30306
9.70908
10.0368
10.3215
10.5456
10.7185
10.8575
10.9729
11.0712
11.1575
11.2357
11.3092
11.3806
11.4495
11.5102
11.5579
11.5919
11.6125
11.6201
11.6147
11.5961
11.5644
11.5192
11.4598
11.3847
11.2912
11.1748
11.0269
10.8604
0.888456
0.0472582
-0.877323
-1.78246
-2.58595
-3.33723
-3.97901
-4.49449
-4.87735
-5.1892
-5.2318
-5.8913
-6.61821
-7.13499
-7.56257
-7.98016
-8.37359
-8.71986
-9.01732
-9.27034
-9.47916
-9.64207
-9.75988
-9.83625
-9.88003
-9.90011
-9.90159
-9.88109
-9.84422
-9.79261
-9.70507
-9.60593
-9.49356
-9.3614
-9.20684
-9.02778
-8.81837
-8.56929
-8.30473
1.70584
2.49185
3.36835
4.25551
5.07348
5.77413
6.35287
6.69459
6.93226
7.98283
8.72402
9.14413
9.47609
9.76786
9.99919
10.1774
10.3203
10.4392
10.541
10.6304
10.7115
10.7879
10.8625
10.9349
10.9994
11.0509
11.0885
11.1127
11.124
11.1222
11.1075
11.0799
11.0393
10.9851
10.916
10.8294
10.7212
10.5829
10.4274
0.872507
0.0715357
-0.805506
-1.65604
-2.40141
-3.08343
-3.64967
-4.07859
-4.3743
-4.57512
-4.51998
-5.14211
-5.85594
-6.36088
-6.77434
-7.17989
-7.56601
-7.90845
-8.20375
-8.45603
-8.66553
-8.83024
-8.95007
-9.02837
-9.0736
-9.09531
-9.09912
-9.08131
-9.04855
-9.0026
-8.91946
-8.82768
-8.72571
-8.60639
-8.46741
-8.30707
-8.11884
-7.89017
-7.63138
1.6512
2.39941
3.22955
4.05953
4.81566
5.42869
5.91997
6.14133
6.28887
7.35555
8.13376
8.57014
8.90759
9.20714
9.44677
9.63037
9.77599
9.89691
10.0008
10.0927
10.1765
10.2559
10.3337
10.4099
10.4785
10.5343
10.5763
10.6051
10.6211
10.6242
10.6146
10.5922
10.5568
10.5081
10.4449
10.3648
10.2639
10.1336
9.98507
0.858344
0.0955082
-0.736141
-1.53436
-2.22361
-2.83887
-3.33278
-3.67798
-3.8923
-3.97877
-3.84242
-4.41363
-5.09805
-5.58529
-5.98251
-6.3729
-6.74826
-7.08417
-7.37564
-7.62625
-7.83671
-8.00508
-8.13162
-8.21973
-8.27708
-8.31189
-8.33009
-8.32773
-8.31245
-8.28579
-8.21992
-8.14647
-8.06391
-7.96404
-7.84454
-7.70492
-7.54268
-7.35452
-7.17438
1.60042
2.31277
3.09794
3.87311
4.56721
5.09072
5.49757
5.59108
5.65097
6.72246
7.53411
7.98657
8.32704
8.63221
8.8821
9.07577
9.22856
9.35337
9.45916
9.55212
9.63715
9.71814
9.79849
9.87777
9.94991
10.0091
10.0546
10.087
10.1069
10.1146
10.1103
10.0941
10.0661
10.0258
9.97193
9.90232
9.81334
9.69837
9.57217
0.845703
0.117701
-0.672239
-1.42164
-2.05747
-2.60858
-3.03191
-3.29435
-3.43113
-3.40125
-3.19858
-3.70626
-4.34572
-4.80818
-5.18571
-5.55757
-5.91899
-6.24618
-6.53218
-6.7789
-6.98605
-7.15051
-7.27074
-7.34865
-7.39369
-7.41764
-7.42653
-7.41594
-7.39371
-7.3608
-7.29026
-7.21669
-7.13864
-7.04788
-6.94212
-6.8197
-6.6719
-6.47897
-6.22808
1.55437
2.23362
2.97643
3.7
4.33022
4.76124
5.08463
5.03678
5.00309
6.0749
6.92589
7.40322
7.7477
8.04924
8.29685
8.49352
8.65456
8.79021
8.90621
9.00717
9.09793
9.18336
9.26778
9.35196
9.43028
9.49625
9.54809
9.5862
9.61077
9.62189
9.61982
9.6049
9.57749
9.53773
9.48518
9.41788
9.33133
9.21344
9.06704
0.834404
0.138211
-0.613793
-1.31905
-1.90583
-2.3977
-2.75308
-2.93509
-2.99869
-2.85023
-2.58812
-3.01949
-3.60007
-4.02974
-4.38271
-4.73108
-5.07343
-5.38938
-5.6726
-5.9244
-6.14459
-6.33124
-6.48455
-6.60677
-6.69938
-6.7665
-6.81643
-6.84622
-6.86727
-6.87975
-6.84801
-6.809
-6.76248
-6.69934
-6.61809
-6.52131
-6.4153
-6.31275
-6.27821
1.51224
2.16084
2.86461
3.54172
4.10847
4.45302
4.69806
4.48144
4.33112
5.39212
6.28442
6.80706
7.18668
7.50729
7.7529
7.93144
8.06992
8.18915
8.29826
8.40004
8.49602
8.58847
8.68028
8.77151
8.85683
8.93138
8.99468
9.04748
9.0899
9.12185
9.14307
9.15313
9.15134
9.1367
9.10804
9.06416
9.00589
8.93712
8.89152
0.824879
0.158289
-0.558912
-1.22462
-1.76864
-2.21026
-2.50624
-2.62035
-2.61952
-2.34199
-2.01191
-2.35534
-2.86316
-3.24909
-3.57341
-3.89544
-4.21019
-4.49832
-4.75335
-4.97556
-5.16224
-5.30661
-5.40215
-5.44898
-5.46672
-5.47615
-5.47914
-5.4672
-5.44509
-5.41273
-5.34913
-5.29019
-5.23354
-5.17108
-5.09957
-5.01432
-4.89585
-4.70307
-4.36871
1.47399
2.09423
2.7628
3.3993
3.90799
4.18764
4.36026
3.92486
3.63364
4.6713
5.56992
6.10996
6.5316
6.92197
7.24618
7.48532
7.65133
7.76619
7.85177
7.9244
7.99435
8.06811
8.14967
8.23662
8.31725
8.3819
8.42896
8.4597
8.47568
8.47831
8.46901
8.44966
8.42219
8.38804
8.34708
8.29496
8.21765
8.08002
7.84007
0.817778
0.171072
-0.520493
-1.15388
-1.66087
-2.05718
-2.29686
-2.35257
-2.28301
-1.85638
-1.45997
-1.72227
-2.14206
-2.46269
-2.74725
-3.04907
-3.36285
-3.67062
-3.96525
-4.24632
-4.51472
-4.77225
-5.01978
-5.25024
-5.43694
-5.57105
-5.6787
-5.76647
-5.85745
-5.94804
-5.97568
-5.97894
-5.97551
-5.95923
-5.92667
-5.88543
-5.86382
-5.91237
-6.16426
1.44814
2.04909
2.69047
3.28935
3.73824
3.95667
4.00863
3.29017
2.89656
3.97372
4.87921
5.37444
5.7133
6.02159
6.31795
6.60533
6.88006
7.12816
7.33831
7.50876
7.64517
7.75692
7.85743
7.96608
8.09636
8.23662
8.37034
8.4925
8.60183
8.69746
8.77744
8.83905
8.88022
8.89991
8.90013
8.88857
8.88974
8.95721
9.19827
0.811167
0.156569
-0.535921
-1.15469
-1.62962
-1.96933
-2.12483
-2.08361
-1.8795
-1.28686
-0.891067
-1.1134
-1.45695
-1.69594
-1.88422
-2.06696
-2.24714
-2.41712
-2.57178
-2.70586
-2.80737
-2.85715
-2.84123
-2.76805
-2.69986
-2.66993
-2.65601
-2.62682
-2.57413
-2.5369
-2.4718
-2.41536
-2.3749
-2.33803
-2.29786
-2.24605
-2.13852
-1.89583
-1.3405
1.44969
2.05428
2.68683
3.24962
3.61804
3.71245
3.47974
2.42923
2.02765
3.27641
4.39492
5.11286
5.55736
5.78426
5.8205
5.73985
5.62141
5.52928
5.48976
5.50474
5.5654
5.66298
5.78136
5.88155
5.92173
5.92053
5.91148
5.89943
5.88321
5.86247
5.84082
5.82297
5.81231
5.80968
5.81034
5.79662
5.71681
5.46597
4.87454
0.801193
0.115675
-0.602047
-1.22713
-1.68062
-1.96021
-2.01254
-1.83274
-1.42484
-0.670214
-0.28657
-0.461615
-0.772405
-1.06688
-1.36513
-1.67721
-2.00569
-2.35209
-2.72109
-3.12132
-3.56461
-4.05698
-4.57519
-5.06062
-5.40904
-5.62054
-5.82797
-5.99249
-6.26758
-6.66862
-6.55117
-6.56922
-6.68955
-6.77789
-6.81897
-6.85798
-6.96761
-7.25104
-7.9062
1.46827
2.09418
2.73548
3.2727
3.55925
3.48681
2.8711
1.5255
0.910734
2.02697
3.2718
4.50609
5.70895
6.85188
7.82296
8.56527
9.09554
9.43114
9.61799
9.70768
9.74501
9.76621
9.82409
10.0035
10.3374
10.7023
11.0018
11.2474
11.4599
11.6434
11.7914
11.9003
11.9722
12.0137
12.0403
12.0834
12.2227
12.5794
13.3515
115.498
114.317
112.822
110.934
108.38
104.951
100.469
94.9205
88.6222
82.0979
75.7429
69.6817
63.8874
58.3172
52.9543
47.803
42.8701
38.1578
33.6638
29.383
25.3082
21.4333
17.7511
14.2554
10.9399
7.79949
4.82941
2.02488
-0.618058
-3.10332
-5.43304
-7.60793
-9.62883
-11.4953
-13.2068
-14.7634
-16.1649
-17.4119
-18.5056
-19.448
-20.2417
-20.8907
-21.3996
-21.7735
-22.0191
-22.1434
-22.154
-22.0591
-21.8673
-21.5874
-21.2285
-20.7993
-20.3088
-19.7653
-19.177
-18.5515
-17.8961
-17.2172
-16.521
-15.8127
-15.0972
-14.3787
-13.6609
-12.9468
-12.2395
-11.5403
-10.8531
-10.2651
-9.74064
-9.2116
-8.63861
-8.1152
-7.43449
-7.05894
-6.02917
-6.27903
-4.10939
-6.35092
-0.988154
-8.36682
115.047
111.548
107.626
103.511
99.292
95.065
90.9012
86.8539
82.9084
79.0924
75.4077
71.8651
68.4718
65.234
62.1562
59.241
56.4896
53.9019
51.4759
49.208
47.0937
45.1273
43.3023
41.6117
40.0476
38.6026
37.2686
36.0379
34.9028
33.856
32.8905
31.9993
31.1756
30.413
29.7053
29.0462
28.4297
27.8499
27.3011
26.7776
26.274
25.7855
25.3071
24.8345
24.3637
23.8914
23.4145
22.9308
22.4382
21.9355
21.4219
20.897
20.361
19.8144
19.258
18.6932
18.1212
17.5438
16.9626
16.3796
15.7965
15.2151
14.6374
14.065
13.5001
12.9439
12.3996
11.941
11.5451
11.1377
10.7202
10.2978
9.86064
9.4693
8.93921
8.85732
7.63278
9.36844
4.47327
13.6803
49.0541
48.5681
48.1508
47.7743
47.4182
47.1202
46.8719
46.5878
46.1394
45.4437
44.4939
43.2905
41.8274
40.12
38.198
36.0925
33.8331
31.447
28.9606
26.3997
23.7885
21.1503
18.5063
15.8751
13.274
10.717
8.21697
5.78579
3.43565
1.17612
-0.984587
-3.03967
-4.9841
-6.81316
-8.52276
-10.1099
-11.5716
-12.906
-14.1114
-15.1872
-16.1331
-16.9501
-17.6399
-18.2048
-18.6484
-18.9752
-19.1901
-19.2988
-19.308
-19.2244
-19.0556
-18.809
-18.4923
-18.1133
-17.6795
-17.1983
-16.6769
-16.1217
-15.5392
-14.9349
-14.3143
-13.6818
-13.042
-12.3982
-11.7543
-11.1121
-10.4757
-9.92781
-9.43655
-8.94161
-8.39777
-7.90731
-7.2501
-6.90616
-5.89956
-6.16374
-4.05473
-6.22462
-1.083
-8.18353
49.3388
49.5386
49.9769
50.3698
50.6804
50.8784
50.9512
50.8931
50.7013
50.3861
49.9493
49.399
48.7435
47.9917
47.1543
46.2427
45.2685
44.2439
43.1819
42.0948
40.9948
39.8928
38.7994
37.724
36.6744
35.6573
34.6778
33.7398
32.8457
31.9967
31.1933
30.4345
29.7189
29.0444
28.4084
27.8079
27.2395
26.6998
26.185
25.6914
25.2152
24.7526
24.3
23.8538
23.4107
22.9677
22.5222
22.0718
21.6145
21.1487
20.6735
20.1881
19.6924
19.1863
18.6705
18.1457
17.6129
17.0736
16.5292
15.9812
15.4314
14.8815
14.3333
13.7885
13.2492
12.7167
12.1944
11.7534
11.3721
10.9793
10.5756
10.1671
9.74255
9.36542
8.84621
8.77617
7.57722
9.25878
4.56078
13.357
28.2022
27.8731
27.5255
27.1686
26.7636
26.3015
25.7872
25.2256
24.6204
23.9798
23.3282
22.688
22.0554
21.4145
20.7459
20.0311
19.2552
18.4068
17.476
16.4569
15.3465
14.1452
12.8563
11.4861
10.0436
8.53953
6.98654
5.39761
3.78606
2.16543
0.549302
-1.04857
-2.61575
-4.14009
-5.61051
-7.0171
-8.35098
-9.6043
-10.7704
-11.8434
-12.819
-13.6938
-14.4655
-15.1325
-15.695
-16.1539
-16.511
-16.7691
-16.932
-17.0043
-16.991
-16.8979
-16.7309
-16.4966
-16.2014
-15.8519
-15.4546
-15.0158
-14.5416
-14.0377
-13.5094
-12.9617
-12.3993
-11.8261
-11.2462
-10.662
-10.0777
-9.5713
-9.11459
-8.65425
-8.1423
-7.68309
-7.05766
-6.73358
-5.77581
-6.01526
-4.03163
-6.03987
-1.22933
-7.89698
28.3898
28.5183
28.6607
28.7966
28.9576
29.1424
29.3534
29.5854
29.8343
30.0937
30.3549
30.6109
30.8535
31.0749
31.268
31.4258
31.5424
31.6126
31.6327
31.6001
31.5137
31.3735
31.1811
30.9394
30.6523
30.3245
29.9616
29.5694
29.1539
28.7209
28.276
27.8243
27.3701
26.917
26.468
26.0251
25.5895
25.1621
24.7427
24.3309
23.9257
23.5257
23.1292
22.7346
22.3398
21.943
21.5423
21.136
20.7225
20.3006
19.8692
19.4277
18.9758
18.5132
18.0405
17.558
17.0666
16.5674
16.0616
15.5506
15.036
14.5194
14.0026
13.4872
12.9754
12.4684
11.9698
11.5479
11.1827
10.8058
10.4175
10.0243
9.61449
9.25081
8.74968
8.67602
7.53928
9.09896
4.69881
12.9832
27.2687
27.0771
26.8694
26.6502
26.399
26.0932
25.715
25.2458
24.6669
23.9689
23.1652
22.2955
21.3917
20.4639
19.5138
18.543
17.5549
16.5525
15.5363
14.5052
13.4576
12.3907
11.3021
10.1892
9.0501
7.88351
6.68979
5.46993
4.22674
2.96395
1.68705
0.40284
-0.88109
-2.15629
-3.41351
-4.64362
-5.83723
-6.98546
-8.07972
-9.11215
-10.0758
-10.9646
-11.7735
-12.4984
-13.1364
-13.6856
-14.1452
-14.5155
-14.7978
-14.9943
-15.1081
-15.1427
-15.1028
-14.9933
-14.8193
-14.5865
-14.3006
-13.9673
-13.5924
-13.1812
-12.739
-12.271
-11.7818
-11.2756
-10.7568
-10.2283
-9.69411
-9.22773
-8.80349
-8.37532
-7.89333
-7.46379
-6.8677
-6.56525
-5.64694
-5.87933
-3.98181
-5.89931
-1.29123
-7.70944
27.407
27.5151
27.5998
27.6626
27.7075
27.7335
27.744
27.7392
27.7219
27.6935
27.656
27.6116
27.5618
27.5083
27.4522
27.3939
27.3339
27.2715
27.206
27.1358
27.0592
26.974
26.878
26.769
26.6448
26.5037
26.3443
26.1657
25.9678
25.7509
25.5159
25.2642
24.9976
24.718
24.4275
24.1281
23.8217
23.5097
23.1935
22.8738
22.5512
22.2258
21.8972
21.565
21.2283
20.8862
20.5376
20.1815
19.8168
19.4426
19.0581
18.6627
18.2561
17.8382
17.409
16.9691
16.5192
16.06
15.5927
15.1186
14.6391
14.1558
13.6702
13.1842
12.6997
12.218
11.7429
11.3397
10.9898
10.6281
10.2548
9.87639
9.48093
9.13057
8.64515
8.57389
7.47874
8.97287
4.74167
12.7437
23.4848
23.2842
23.0813
22.8875
22.694
22.4907
22.2678
22.0175
21.7293
21.389
20.9823
20.5061
19.9698
19.3798
18.7358
18.0372
17.2845
16.4803
15.6275
14.7296
13.7904
12.8137
11.8035
10.7641
9.6991
8.61217
7.50664
6.38567
5.25246
4.11018
2.96206
1.81203
0.663961
-0.477542
-1.60735
-2.71984
-3.80896
-4.86828
-5.89118
-6.87097
-7.80127
-8.67596
-9.48944
-10.2366
-10.9132
-11.5158
-12.0419
-12.49
-12.8593
-13.1501
-13.3636
-13.5018
-13.5673
-13.5636
-13.4947
-13.3649
-13.1789
-12.9416
-12.6582
-12.3337
-11.973
-11.5809
-11.1622
-10.7212
-10.2622
-9.78857
-9.30423
-8.87752
-8.48556
-8.08943
-7.63753
-7.23795
-6.67046
-6.39252
-5.50768
-5.74618
-3.91046
-5.77896
-1.30685
-7.56984
23.6325
23.7497
23.8705
23.9886
24.1023
24.2111
24.3139
24.4087
24.4943
24.5687
24.6309
24.6795
24.7136
24.7327
24.7362
24.7242
24.6971
24.6552
24.5995
24.531
24.4507
24.3598
24.2594
24.1504
24.0336
23.9095
23.7784
23.6403
23.4951
23.3425
23.1822
23.0137
22.8368
22.6512
22.4569
22.2539
22.0424
21.8226
21.5947
21.3591
21.116
20.8653
20.607
20.341
20.0668
19.7841
19.4921
19.1902
18.8779
18.5545
18.2194
17.8721
17.5125
17.1404
16.756
16.3596
15.9518
15.5333
15.1052
14.6686
14.2249
13.7755
13.322
12.866
12.4096
11.9541
11.5032
11.119
10.7848
10.4387
10.0806
9.71743
9.33669
9.00001
8.52987
8.46435
7.40072
8.85618
4.7338
12.548
18.6699
18.4903
18.3055
18.1285
17.9515
17.7703
17.5803
17.375
17.1492
16.8973
16.6127
16.2891
15.928
15.5354
15.1143
14.6641
14.1832
13.6685
13.1178
12.5291
11.9012
11.2329
10.5239
9.77475
8.98661
8.16134
7.30164
6.41057
5.49195
4.54979
3.58852
2.61286
1.62763
0.637754
-0.351498
-1.33493
-2.30704
-3.26235
-4.19504
-5.09946
-5.96979
-6.80049
-7.58602
-8.32123
-9.00144
-9.62244
-10.1806
-10.6732
-11.0981
-11.4539
-11.7403
-11.9577
-12.1071
-12.1904
-12.2102
-12.1695
-12.0718
-11.9211
-11.7217
-11.4779
-11.1941
-10.8748
-10.5245
-10.1473
-9.74751
-9.32873
-8.89455
-8.50808
-8.14934
-7.78626
-7.36579
-6.99727
-6.46001
-6.2074
-5.35804
-5.60249
-3.83158
-5.64756
-1.3195
-7.41411
18.7941
18.8891
18.9914
19.0939
19.1996
19.3089
19.4215
19.537
19.6551
19.775
19.8961
20.0175
20.138
20.2566
20.3718
20.4823
20.5866
20.6833
20.7709
20.8482
20.9141
20.9676
21.0079
21.0347
21.0477
21.047
21.0327
21.0051
20.9649
20.9124
20.8483
20.7729
20.6867
20.59
20.483
20.3659
20.2386
20.1013
19.9539
19.7964
19.6287
19.4506
19.262
19.0627
18.8525
18.631
18.3977
18.1525
17.8947
17.624
17.3401
17.0425
16.7314
16.4064
16.0679
15.716
15.3514
14.9747
14.5868
14.1889
13.7821
13.3678
12.9476
12.523
12.0961
11.668
11.2428
10.8788
10.5614
10.232
9.89043
9.54329
9.17842
8.85593
8.40308
8.34195
7.31447
8.72261
4.7225
12.3258
15.3984
15.2503
15.0949
14.9434
14.7899
14.633
14.4718
14.3018
14.1172
13.9129
13.6838
13.4238
13.1291
12.8024
12.4498
12.0749
11.6793
11.2633
10.8257
10.3653
9.8813
9.37275
8.83846
8.27739
7.68866
7.07172
6.4262
5.75228
5.05063
4.32248
3.56958
2.79449
2.00012
1.19008
0.368405
-0.460393
-1.2915
-2.11981
-2.93997
-3.74647
-4.53387
-5.29661
-6.02931
-6.72659
-7.3836
-7.99564
-8.55845
-9.06837
-9.52224
-9.91767
-10.2529
-10.527
-10.7397
-10.8914
-10.9833
-11.0172
-10.9953
-10.9206
-10.7963
-10.626
-10.4133
-10.1623
-9.87701
-9.5612
-9.21901
-8.85407
-8.46967
-8.12353
-7.79832
-7.46867
-7.08052
-6.74345
-6.23794
-6.01042
-5.19953
-5.44731
-3.74751
-5.50277
-1.33051
-7.23872
15.5053
15.5932
15.6868
15.7808
15.8782
15.9782
16.0809
16.1861
16.2939
16.4041
16.5167
16.6315
16.7484
16.867
16.9872
17.1086
17.2306
17.3526
17.474
17.5939
17.7114
17.8254
17.9348
18.0383
18.1349
18.2231
18.3021
18.3707
18.4281
18.4736
18.5066
18.5269
18.534
18.5281
18.5091
18.477
18.4319
18.374
18.3032
18.2198
18.1236
18.0146
17.8928
17.7579
17.6099
17.4484
17.2733
17.0843
16.8809
16.6631
16.4306
16.1831
15.9206
15.6431
15.3507
15.0438
14.7228
14.3884
14.0413
13.6825
13.3134
12.935
12.549
12.1568
11.7604
11.361
10.9625
10.6199
10.3203
10.0085
9.68425
9.35409
9.00613
8.6983
8.2646
8.2059
7.22045
8.57063
4.70891
12.0826
13.201
13.0764
12.9436
12.812
12.6782
12.5416
12.4032
12.2619
12.114
11.955
11.7806
11.5862
11.3662
11.1168
10.8392
10.5373
10.2138
9.87011
9.50681
9.12328
8.71879
8.293
7.84571
7.3767
6.88586
6.3731
5.83848
5.28206
4.70421
4.1053
3.48606
2.84748
2.19093
1.51808
0.831222
0.13294
-0.573573
-1.28482
-1.99672
-2.70501
-3.40503
-4.09205
-4.7611
-5.40722
-6.02558
-6.61145
-7.16032
-7.66809
-8.13104
-8.54601
-8.91037
-9.22208
-9.47982
-9.68283
-9.8311
-9.92525
-9.96646
-9.95651
-9.89764
-9.79249
-9.6441
-9.45571
-9.23082
-8.97287
-8.68556
-8.37252
-8.03655
-7.73
-7.43797
-7.14136
-6.78558
-6.47978
-6.00679
-5.80398
-5.03295
-5.28336
-3.65567
-5.35084
-1.33055
-7.05902
13.2952
13.3772
13.4645
13.5534
13.6458
13.7409
13.8388
13.9394
14.0425
14.1481
14.2559
14.3658
14.4776
14.5909
14.7057
14.8216
14.9384
15.0558
15.1734
15.291
15.4082
15.5246
15.6397
15.7529
15.8638
15.9715
16.0753
16.1745
16.268
16.355
16.4345
16.5056
16.5674
16.6191
16.6599
16.6893
16.7066
16.7114
16.7033
16.682
16.6472
16.5987
16.5363
16.4596
16.3686
16.2628
16.1422
16.0064
15.8552
15.6883
15.5055
15.3067
15.0919
14.861
14.6141
14.3516
14.0738
13.7813
13.4749
13.1553
12.8239
12.4817
12.1302
11.7709
11.4056
11.0355
10.6645
10.344
10.0627
9.7692
9.46302
9.15041
8.82013
8.52716
8.11403
8.05657
7.1162
8.40538
4.68249
11.8365
11.4025
11.2969
11.1832
11.0688
10.9511
10.8299
10.707
10.5829
10.4566
10.3254
10.1857
10.0343
9.86736
9.68027
9.46962
9.23578
8.98143
8.70844
8.41791
8.11047
7.78541
7.44161
7.07835
6.69525
6.29198
5.86835
5.42429
4.95992
4.47554
3.97162
3.44878
2.90799
2.35026
1.77692
1.18956
0.590077
-0.0194088
-0.636335
-1.25791
-1.88088
-2.50183
-3.11695
-3.72228
-4.3136
-4.88661
-5.43699
-5.96047
-6.45297
-6.9106
-7.32987
-7.70763
-8.04119
-8.32844
-8.56777
-8.75824
-8.89942
-8.99155
-9.03539
-9.03222
-8.98378
-8.89235
-8.7604
-8.59083
-8.38661
-8.15092
-7.88723
-7.59783
-7.32969
-7.07007
-6.80582
-6.48224
-6.20725
-5.76713
-5.58869
-4.85812
-5.11148
-3.55471
-5.19375
-1.31735
-6.87944
11.4839
11.5563
11.6339
11.7136
11.7968
11.883
11.9725
12.0652
12.161
12.26
12.362
12.467
12.5747
12.6852
12.7981
12.9132
13.0302
13.1489
13.2688
13.3897
13.5112
13.6327
13.754
13.8745
13.9937
14.1112
14.2264
14.3389
14.4479
14.553
14.6534
14.7484
14.8374
14.9194
14.9938
15.0597
15.1164
15.163
15.1987
15.223
15.2351
15.2344
15.2204
15.1926
15.1505
15.0936
15.0216
14.934
14.8306
14.711
14.5749
14.4222
14.2528
14.0666
13.8636
13.6441
13.4085
13.1571
12.8906
12.6098
12.3157
12.0096
11.6926
11.3663
11.0324
10.692
10.3491
10.0512
9.78871
9.51394
9.22635
8.93181
8.61987
8.34203
7.9505
7.89357
7.00006
8.22807
4.6407
11.5895
9.88378
9.79414
9.69773
9.59993
9.49769
9.39054
9.28062
9.16918
9.05645
8.94171
8.82303
8.69763
8.56274
8.41514
8.25091
8.06709
7.86361
7.64252
7.40551
7.1537
6.88794
6.60773
6.31202
6.00004
5.67135
5.32551
4.96215
4.58094
4.1818
3.76469
3.32985
2.87774
2.40896
1.92436
1.42513
0.912593
0.388457
-0.145386
-0.686662
-1.23292
-1.78135
-2.32899
-2.87258
-3.40857
-3.93334
-4.44314
-4.93411
-5.40246
-5.84444
-6.25652
-6.63539
-6.97801
-7.28182
-7.54463
-7.76474
-7.94102
-8.07283
-8.16007
-8.20316
-8.20306
-8.1612
-8.07935
-7.9597
-7.8047
-7.61697
-7.39975
-7.1547
-6.92346
-6.69532
-6.46257
-6.17078
-5.92603
-5.51898
-5.3645
-4.67486
-4.93127
-3.44463
-5.03025
-1.29317
-6.69769
9.95391
10.0175
10.0856
10.1558
10.2293
10.3058
10.3855
10.4683
10.5544
10.6437
10.7363
10.8321
10.9312
11.0335
11.1389
11.2473
11.3587
11.4728
11.5894
11.7084
11.8294
11.952
12.076
12.2009
12.3263
12.4516
12.5762
12.6998
12.8216
12.941
13.0574
13.1702
13.2786
13.3819
13.4795
13.5706
13.6544
13.7301
13.7971
13.8544
13.9014
13.9372
13.9612
13.9725
13.9705
13.9546
13.9241
13.8786
13.8175
13.7404
13.6468
13.5365
13.4093
13.265
13.1036
12.9251
12.7298
12.5181
12.2904
12.0474
11.7901
11.5195
11.2367
10.9433
10.6408
10.3303
10.0157
9.74075
9.49754
9.24196
8.97352
8.69753
8.40452
8.14204
7.77316
7.71627
6.87132
8.0377
4.58566
11.3368
8.64203
8.56576
8.48369
8.40024
8.31282
8.2199
8.12263
8.0227
7.92103
7.81797
7.71319
7.6053
7.49201
7.37093
7.23927
7.09365
6.9312
6.75147
6.55602
6.34636
6.12364
5.88887
5.64186
5.38174
5.10775
4.81951
4.51666
4.19892
3.86603
3.51784
3.15429
2.77551
2.38167
1.97318
1.55063
1.11486
0.666907
0.208116
-0.25993
-0.735342
-1.21602
-1.69959
-2.18339
-2.66451
-3.13991
-3.60636
-4.06046
-4.49882
-4.91794
-5.31444
-5.68507
-6.0267
-6.3365
-6.61195
-6.85092
-7.05169
-7.21296
-7.33393
-7.41435
-7.45438
-7.45474
-7.41647
-7.34111
-7.23052
-7.08673
-6.91265
-6.70934
-6.51321
-6.31531
-6.11293
-5.85225
-5.63693
-5.26283
-5.13175
-4.48331
-4.74266
-3.32576
-4.85971
-1.25936
-6.51143
8.70282
8.75889
8.81884
8.88089
8.94594
9.01375
9.08453
9.15827
9.23507
9.31496
9.39802
9.48426
9.5737
9.66636
9.76222
9.86129
9.96349
10.0687
10.177
10.2881
10.402
10.5184
10.637
10.7578
10.8803
11.0042
11.129
11.2545
11.3799
11.5049
11.6287
11.7508
11.8705
11.987
12.0997
12.2077
12.3103
12.4067
12.4961
12.5776
12.6505
12.714
12.7671
12.8091
12.8391
12.8566
12.8606
12.8505
12.8257
12.7856
12.7296
12.6573
12.5684
12.4625
12.3394
12.1993
12.042
11.8679
11.6773
11.4708
11.249
11.0131
10.7639
10.5028
10.2315
9.95084
9.66462
9.41276
9.18902
8.95298
8.70404
8.44703
8.17348
7.92669
7.58124
7.52409
6.7293
7.83333
4.51849
11.0755
7.61853
7.55328
7.48304
7.41132
7.33626
7.25666
7.1725
7.08425
6.99295
6.89972
6.80514
6.70914
6.61074
6.50808
6.39905
6.28132
6.15186
6.00795
5.84876
5.67543
5.4893
5.29151
5.08304
4.86392
4.63326
4.39036
4.13481
3.86644
3.58503
3.29042
2.98248
2.66122
2.32664
1.97895
1.61848
1.24572
0.861303
0.466119
0.0612287
-0.352035
-0.772168
-1.19735
-1.62557
-2.05453
-2.48174
-2.90454
-3.32002
-3.72521
-4.117
-4.49227
-4.84793
-5.18096
-5.48847
-5.7678
-6.01657
-6.23265
-6.41432
-6.56028
-6.66965
-6.74201
-6.77736
-6.77617
-6.73929
-6.66805
-6.56384
-6.42924
-6.26464
-6.10147
-5.93228
-5.75884
-5.52824
-5.34126
-4.9997
-4.89121
-4.28398
-4.54598
-3.19841
-4.68201
-1.21646
-6.32074
7.67137
7.72077
7.77348
7.8282
7.88563
7.94561
8.00833
8.07381
8.14215
8.21339
8.28762
8.36489
8.44524
8.52871
8.61532
8.7051
8.79804
8.8941
8.99327
9.09547
9.20064
9.30864
9.41936
9.53262
9.64823
9.76594
9.88548
10.0065
10.1288
10.2517
10.375
10.498
10.6203
10.7412
10.86
10.9761
11.0886
11.197
11.3002
11.3974
11.488
11.5708
11.6451
11.71
11.7646
11.8082
11.8398
11.8586
11.864
11.8551
11.8314
11.7922
11.737
11.6655
11.5772
11.472
11.3499
11.2109
11.0551
10.8831
10.6954
10.4928
10.2762
10.0467
9.80582
9.55456
9.29644
9.06764
8.86339
8.64697
8.41779
8.18
7.92631
7.69542
7.37412
7.31662
6.57341
7.6147
4.43939
10.8045
6.75219
6.6962
6.63597
6.57433
6.50967
6.44104
6.36876
6.29272
6.21255
6.12893
6.04315
5.95604
5.86776
5.77764
5.68419
5.58554
5.47972
5.36413
5.23612
5.09462
4.94038
4.77455
4.59819
4.41224
4.21689
4.01141
3.79513
3.5677
3.329
3.07879
2.81691
2.54321
2.25764
1.96023
1.65121
1.33082
0.999527
0.657879
0.306659
-0.0532198
-0.420612
-0.794229
-1.1725
-1.55368
-1.93579
-2.31666
-2.6939
-3.06499
-3.42725
-3.77791
-4.11416
-4.43316
-4.73218
-5.00853
-5.25972
-5.48344
-5.67773
-5.8409
-5.97165
-6.06903
-6.13255
-6.16207
-6.15791
-6.12083
-6.05165
-5.95256
-5.82337
-5.6907
-5.54843
-5.40218
-5.20038
-5.04037
-4.73061
-4.64369
-4.07739
-4.34167
-3.06292
-4.49753
-1.1653
-6.12561
6.79807
6.84141
6.8876
6.9357
6.98624
7.03914
7.09453
7.15248
7.21306
7.27635
7.34243
7.41136
7.48319
7.558
7.63583
7.71672
7.80069
7.88776
7.97794
8.07121
8.16754
8.26686
8.36909
8.47415
8.58188
8.69213
8.80469
8.91934
9.03581
9.15379
9.27291
9.39279
9.51299
9.633
9.75229
9.87027
9.98629
10.0997
10.2097
10.3155
10.4163
10.5113
10.5997
10.6804
10.7527
10.8156
10.8682
10.9097
10.9391
10.9558
10.9589
10.9477
10.9215
10.8799
10.8224
10.7485
10.6582
10.5512
10.4277
10.2879
10.1322
9.96118
9.77563
9.57656
9.36525
9.14262
8.91204
8.70595
8.52098
8.32412
8.11466
7.89623
7.66258
7.44787
7.15113
7.09337
6.40289
7.38133
4.34836
10.5219
6.01319
5.96508
5.9133
5.86023
5.80452
5.74526
5.6826
5.61684
5.54768
5.47459
5.39784
5.31865
5.23806
5.15643
5.07335
4.98766
4.89778
4.80199
4.69801
4.58336
4.45671
4.31847
4.16961
4.01112
3.844
3.66865
3.48456
3.29105
3.08776
2.87446
2.65094
2.41707
2.17268
1.91776
1.65235
1.37662
1.09078
0.795221
0.490421
0.177061
-0.144075
-0.471989
-0.805534
-1.14332
-1.48381
-1.82527
-2.16575
-2.50316
-2.83523
-3.15956
-3.47369
-3.77504
-4.06107
-4.32921
-4.577
-4.80214
-5.00249
-5.17617
-5.32157
-5.43738
-5.52267
-5.57689
-5.59982
-5.59177
-5.55298
-5.48532
-5.38797
-5.28314
-5.16574
-5.04479
-4.87017
-4.73556
-4.45658
-4.39001
-3.86411
-4.13001
-2.91965
-4.30589
-1.10699
-5.92507
6.05302
6.09093
6.13131
6.17343
6.21775
6.26419
6.3129
6.36392
6.41736
6.47328
6.53176
6.59285
6.65666
6.72325
6.79267
6.86498
6.94022
7.01845
7.09969
7.18395
7.27124
7.36155
7.45485
7.55108
7.65016
7.752
7.85647
7.96339
8.07259
8.18383
8.29683
8.41127
8.52682
8.64307
8.75957
8.87582
8.99128
9.10536
9.21742
9.32677
9.43268
9.53434
9.63096
9.7217
9.80566
9.88197
9.94972
10.008
10.0559
10.0926
10.1172
10.1289
10.127
10.1108
10.0797
10.0332
9.97094
9.89273
9.79847
9.68817
9.5621
9.42063
9.2644
9.09422
8.9112
8.71617
8.51227
8.32834
8.16225
7.98459
7.79468
7.5955
7.38196
7.18351
6.91166
6.85389
6.21714
7.1325
4.24605
10.2249
5.37694
5.33549
5.29086
5.24502
5.19691
5.14572
5.09145
5.03419
4.97402
4.91081
4.84409
4.77369
4.70051
4.62569
4.54988
4.47291
4.39393
4.31161
4.22445
4.13042
4.0272
3.91326
3.7887
3.65437
3.51127
3.3604
3.20234
3.03664
2.86263
2.67983
2.48807
2.28723
2.0772
1.85788
1.62928
1.3914
1.14437
0.888362
0.623732
0.350879
0.0704016
-0.217032
-0.510523
-0.809055
-1.11141
-1.41623
-1.72193
-2.02682
-2.32898
-2.62641
-2.91694
-3.19834
-3.46827
-3.72437
-3.96435
-4.18593
-4.38698
-4.56548
-4.71969
-4.84805
-4.94933
-5.02262
-5.0673
-5.08325
-5.0703
-5.0299
-4.96073
-4.88087
-4.78613
-4.68835
-4.53916
-4.42813
-4.17868
-4.13101
-3.64491
-3.91127
-2.76952
-4.10673
-1.04325
-5.7171
5.41154
5.44467
5.47994
5.5168
5.55561
5.59634
5.6391
5.68397
5.73101
5.78029
5.83191
5.88593
5.94242
6.00147
6.06312
6.12746
6.19454
6.26441
6.33713
6.41272
6.49123
6.57265
6.657
6.74426
6.8344
6.92737
7.02309
7.12146
7.22234
7.3256
7.431
7.53832
7.64732
7.75765
7.86896
7.98085
8.09286
8.2045
8.3152
8.42439
8.5314
8.63553
8.73604
8.83215
8.92304
9.00784
9.08571
9.15573
9.21703
9.26871
9.30988
9.33971
9.35733
9.36202
9.35309
9.32993
9.29206
9.23912
9.17081
9.08705
8.9879
8.8736
8.74457
8.60148
8.4452
8.27643
8.09813
7.93552
7.78772
7.62879
7.45797
7.27777
7.0841
6.90203
6.6551
6.59767
6.01568
6.86702
4.13369
9.90834
4.82482
4.78891
4.75022
4.71041
4.66861
4.62415
4.57698
4.52716
4.47455
4.41916
4.36107
4.29995
4.23532
4.16757
4.09786
4.02705
3.95527
3.88197
3.80599
3.72599
3.64027
3.54673
3.44382
3.33138
3.21007
3.08077
2.94447
2.80174
2.65214
2.49495
2.3298
2.15668
1.97554
1.7863
1.58886
1.38315
1.16919
0.947089
0.717026
0.479313
0.234306
-0.0174706
-0.275409
-0.538694
-0.806446
-1.07757
-1.35085
-1.62486
-1.89809
-2.16882
-2.43524
-2.69538
-2.94722
-3.18862
-3.41747
-3.63163
-3.82902
-4.00767
-4.16571
-4.30149
-4.41357
-4.50078
-4.56217
-4.59741
-4.60579
-4.58848
-4.54373
-4.48593
-4.4115
-4.33459
-4.20885
-4.1194
-3.89806
-3.86748
-3.42078
-3.68543
-2.61387
-3.89877
-0.976159
-5.49844
4.85496
4.88396
4.9148
4.94706
4.98106
5.01677
5.05429
5.09369
5.13505
5.17842
5.2239
5.27155
5.32145
5.37365
5.42824
5.48529
5.54486
5.607
5.67177
5.73924
5.80944
5.8824
5.95814
6.0367
6.11805
6.20218
6.28905
6.37861
6.47079
6.56547
6.66251
6.76174
6.86298
6.96599
7.07046
7.1761
7.28254
7.38936
7.4961
7.60227
7.7073
7.81058
7.91145
8.00921
8.10311
8.19236
8.27614
8.3536
8.42388
8.48609
8.53936
8.58281
8.61561
8.63692
8.64602
8.6422
8.62489
8.59355
8.54782
8.48743
8.4123
8.3225
8.21832
8.10018
7.9688
7.82475
7.67065
7.52839
7.39809
7.25716
7.10482
6.94308
6.7689
6.60303
6.3809
6.32407
5.79836
6.58259
4.01404
9.56615
4.33497
4.30381
4.27024
4.2356
4.19924
4.16057
4.11955
4.07621
4.03043
3.98206
3.9311
3.87765
3.82157
3.76226
3.69963
3.63461
3.56841
3.50146
3.43339
3.3632
3.2897
3.21139
3.12631
3.03289
2.93097
2.8212
2.70426
2.58088
2.45176
2.31661
2.17471
2.02565
1.86942
1.706
1.53535
1.3573
1.17184
0.978973
0.778854
0.571654
0.357663
0.137204
-0.0892323
-0.321088
-0.557643
-0.798099
-1.04146
-1.28663
-1.53233
-1.77722
-2.01972
-2.25818
-2.49083
-2.71581
-2.93121
-3.13509
-3.32548
-3.50047
-3.65822
-3.79705
-3.91541
-4.01194
-4.08555
-4.13557
-4.16107
-4.1628
-4.13876
-4.1
-4.0435
-3.98506
-3.88069
-3.81047
-3.6161
-3.59974
-3.19332
-3.45166
-2.45556
-3.67843
-0.910252
-5.26316
4.36129
4.38675
4.41382
4.44217
4.47204
4.50344
4.53645
4.57113
4.60756
4.6458
4.68593
4.72802
4.77213
4.81834
4.8667
4.9173
4.9702
5.02545
5.08312
5.14327
5.20594
5.27117
5.33901
5.40948
5.4826
5.55837
5.6368
5.71784
5.80147
5.88762
5.97619
6.06706
6.1601
6.25514
6.35196
6.4503
6.54989
6.6504
6.75146
6.85264
6.95349
7.05348
7.15204
7.24856
7.34238
7.43278
7.51902
7.60031
7.67582
7.74474
7.80619
7.85934
7.90331
7.93732
7.96056
7.97225
7.97176
7.95848
7.93186
7.89163
7.83751
7.76942
7.68747
7.59198
7.48344
7.36226
7.2308
7.10773
6.99402
6.87021
6.73548
6.5915
6.43616
6.28632
6.08876
6.032
5.56608
6.27489
3.89419
9.18625
3.91425
3.88735
3.85832
3.82834
3.79686
3.7634
3.7279
3.69037
3.65068
3.60875
3.56456
3.51819
3.46972
3.41875
3.36367
3.30233
3.23397
3.16008
3.08305
3.005
2.92755
2.85237
2.78084
2.71243
2.64366
2.56939
2.48428
2.38475
2.27152
2.14952
2.02321
1.89354
1.75896
1.61801
1.4701
1.31539
1.1541
0.986354
0.812158
0.631591
0.44478
0.251981
0.0535057
-0.15019
-0.358629
-0.571143
-0.787008
-1.00534
-1.2251
-1.44521
-1.66438
-1.88117
-2.09413
-2.30161
-2.50194
-2.69337
-2.87411
-3.04238
-3.1964
-3.33455
-3.4552
-3.557
-3.63864
-3.69929
-3.73778
-3.75467
-3.74767
-3.72485
-3.68391
-3.64124
-3.5564
-3.50227
-3.33456
-3.3276
-2.96504
-3.20774
-2.29865
-3.44172
-0.852598
-5.00535
3.93706
3.95919
3.98271
4.00737
4.03336
4.06069
4.08944
4.11966
4.15143
4.1848
4.21984
4.25661
4.29519
4.33565
4.37804
4.42244
4.4689
4.5175
4.5683
4.62134
4.67669
4.7344
4.79451
4.85706
4.9221
4.98963
5.05966
5.13219
5.20722
5.28474
5.36466
5.4469
5.53136
5.61797
5.70652
5.79681
5.88863
5.98178
6.0759
6.17066
6.26568
6.36052
6.45471
6.54773
6.63898
6.72787
6.81369
6.89575
6.97331
7.04558
7.11178
7.17109
7.22262
7.26562
7.2993
7.32282
7.33552
7.33675
7.32584
7.30244
7.26619
7.21681
7.1543
7.07888
6.99084
6.89044
6.77973
6.67447
6.57629
6.46847
6.35033
6.22326
6.08597
5.95144
5.77849
5.71965
5.32092
5.9376
3.78332
8.7601
3.40332
3.381
3.35678
3.33165
3.30528
3.27729
3.24761
3.21619
3.18295
3.1478
3.11061
3.07122
3.0295
2.98549
2.9396
2.89221
2.8429
2.79086
2.73596
2.67926
2.62173
2.56333
2.50301
2.43966
2.37212
2.29907
2.21974
2.13476
2.04468
1.9488
1.84657
1.73868
1.62584
1.50811
1.38508
1.25648
1.12214
0.982079
0.836324
0.684967
0.528048
0.365693
0.198058
0.0254385
-0.151876
-0.333406
-0.518659
-0.706988
-0.897655
-1.0898
-1.28246
-1.4745
-1.66474
-1.85184
-2.0344
-2.21086
-2.37969
-2.53927
-2.68796
-2.82414
-2.94626
-3.05284
-3.14253
-3.21426
-3.26669
-3.29994
-3.31187
-3.30638
-3.28357
-3.25747
-3.19682
-3.15748
-3.02582
-3.02102
-2.72132
-2.92899
-2.14203
-3.16887
-0.812682
-4.71702
3.42239
3.44094
3.46065
3.48134
3.50318
3.52616
3.55036
3.57585
3.60265
3.63085
3.66049
3.69163
3.72433
3.75868
3.79471
3.83247
3.87207
3.91353
3.95693
4.00232
4.04974
4.09928
4.15098
4.20485
4.26097
4.31936
4.38006
4.44307
4.50842
4.57613
4.64615
4.71844
4.79297
4.86971
4.94849
5.0292
5.1117
5.19586
5.28143
5.36815
5.45572
5.5438
5.63207
5.7201
5.80738
5.89346
5.97773
6.05955
6.13834
6.21336
6.28391
6.34925
6.40853
6.46098
6.50592
6.54246
6.56984
6.58743
6.59449
6.59048
6.57496
6.54754
6.50808
6.45656
6.39306
6.31782
6.2323
6.14889
6.06981
5.98184
5.88443
5.77852
5.66392
5.5485
5.40837
5.34399
5.04052
5.52354
3.68692
8.237
2.88172
2.86445
2.84566
2.82606
2.80547
2.78364
2.76053
2.73611
2.7103
2.683
2.65407
2.62339
2.59099
2.5571
2.52223
2.48727
2.45295
2.41925
2.3848
2.34759
2.30619
2.26021
2.20944
2.15369
2.09295
2.02804
1.96011
1.8899
1.81755
1.7424
1.66285
1.57769
1.48709
1.39194
1.29262
1.18892
1.08052
0.967308
0.849215
0.726288
0.598493
0.4659
0.328525
0.186526
0.0400752
-0.110553
-0.265021
-0.422922
-0.583763
-0.74692
-0.911721
-1.07737
-1.24292
-1.40737
-1.5696
-1.72835
-1.88233
-2.03014
-2.17034
-2.30144
-2.42195
-2.53045
-2.62551
-2.70596
-2.77032
-2.81837
-2.84791
-2.85964
-2.85393
-2.8459
-2.80712
-2.78815
-2.68493
-2.69855
-2.43911
-2.65308
-1.93176
-2.93201
-0.698538
-4.53263
2.89655
2.91107
2.9265
2.94274
2.95991
2.978
2.99709
3.01723
3.03843
3.06079
3.08433
3.1091
3.13517
3.16262
3.19146
3.22177
3.25363
3.28707
3.32218
3.35898
3.39753
3.43794
3.48022
3.52438
3.57054
3.61872
3.66898
3.72134
3.77582
3.83247
3.89131
3.95229
4.01548
4.08084
4.14828
4.21775
4.28919
4.3625
4.43752
4.5141
4.59203
4.6711
4.75106
4.83155
4.91228
4.99285
5.07279
5.15157
5.22876
5.30371
5.37582
5.44447
5.5089
5.56841
5.62232
5.66985
5.71021
5.74271
5.7666
5.78124
5.78611
5.78072
5.76476
5.738
5.70036
5.65191
5.59382
5.53438
5.47651
5.4109
5.33699
5.25539
5.16654
5.07557
4.96837
4.91549
4.68229
5.11768
3.44481
7.90648
2.44813
2.43462
2.41991
2.40452
2.3883
2.3711
2.35288
2.33362
2.31327
2.29172
2.2689
2.24471
2.21913
2.19208
2.16348
2.13332
2.10156
2.06831
2.03374
1.99767
1.95929
1.91792
1.87389
1.82839
1.78231
1.7358
1.68816
1.63828
1.5849
1.52707
1.46463
1.39774
1.32624
1.25014
1.16992
1.08606
0.99858
0.907279
0.811939
0.712425
0.608655
0.500659
0.388437
0.27209
0.151712
0.0274737
-0.100416
-0.231693
-0.366023
-0.502985
-0.642095
-0.782776
-0.924343
-1.066
-1.20693
-1.3461
-1.48249
-1.61495
-1.74226
-1.86314
-1.97627
-2.08034
-2.174
-2.2561
-2.32516
-2.38082
-2.42082
-2.44385
-2.45005
-2.45511
-2.43296
-2.4301
-2.34977
-2.37998
-2.1533
-2.37795
-1.70875
-2.70117
-0.562501
-4.35972
2.45979
2.47124
2.48342
2.49628
2.50989
2.5243
2.53952
2.55558
2.57255
2.59046
2.60934
2.62922
2.6502
2.6723
2.69555
2.72003
2.74578
2.77287
2.80135
2.83125
2.86261
2.89552
2.93002
2.96614
3.00397
3.0435
3.08481
3.12795
3.17294
3.21982
3.26864
3.31938
3.37212
3.42684
3.48349
3.54209
3.6026
3.66493
3.72903
3.7948
3.86211
3.93082
4.00074
4.07162
4.14329
4.21542
4.28765
4.35961
4.43093
4.50115
4.56971
4.63611
4.69978
4.76005
4.81636
4.86797
4.91419
4.95436
4.98776
5.01373
5.03176
5.04125
5.04182
5.03316
5.01504
4.98746
4.95125
4.91154
4.87143
4.82492
4.77135
4.7113
4.64547
4.57736
4.5
4.46126
4.29036
4.70079
3.16229
7.58513
2.04928
2.03875
2.02726
2.01517
2.0024
1.98881
1.97438
1.9591
1.94296
1.92589
1.90778
1.88858
1.86826
1.84676
1.82404
1.80008
1.77478
1.74811
1.72005
1.69072
1.66023
1.62828
1.59406
1.55714
1.51804
1.47789
1.43741
1.39647
1.35426
1.30969
1.26177
1.20999
1.1543
1.09463
1.03089
0.963416
0.89284
0.819405
0.742871
0.662914
0.579306
0.492009
0.401053
0.306546
0.208553
0.107166
0.00249128
-0.105313
-0.216029
-0.329377
-0.444997
-0.562491
-0.681354
-0.800985
-0.92077
-1.03992
-1.15761
-1.27295
-1.38495
-1.49253
-1.59458
-1.68996
-1.77749
-1.85609
-1.92439
-1.98199
-2.02669
-2.05596
-2.06974
-2.08342
-2.07344
-2.08221
-2.02072
-2.06315
-1.86666
-2.09709
-1.48108
-2.45769
-0.422793
-4.15228
2.05842
2.06742
2.07705
2.08722
2.09804
2.10952
2.12168
2.13453
2.14815
2.16255
2.17776
2.19381
2.21078
2.22867
2.24752
2.26742
2.28837
2.31044
2.33368
2.3581
2.38379
2.41077
2.4391
2.46882
2.49999
2.5326
2.56674
2.60243
2.63971
2.67862
2.7192
2.76144
2.80542
2.85113
2.89855
2.9477
2.99858
3.05113
3.10533
3.16112
3.21841
3.27712
3.33711
3.39824
3.46035
3.52324
3.58663
3.65026
3.71382
3.77696
3.83928
3.90034
3.95972
4.01683
4.07123
4.12229
4.16942
4.21203
4.24949
4.28118
4.30658
4.32513
4.33641
4.34011
4.33592
4.32375
4.30428
4.28012
4.2544
4.22359
4.18717
4.14561
4.09983
4.05232
4.00185
3.97701
3.86482
4.24998
2.858
7.177
1.68463
1.67648
1.6676
1.65828
1.64845
1.63797
1.6268
1.61492
1.60236
1.58907
1.575
1.56007
1.54422
1.52743
1.5097
1.49103
1.47134
1.45052
1.42847
1.40514
1.38055
1.35488
1.32818
1.29998
1.26951
1.23663
1.2021
1.16689
1.13152
1.09569
1.05851
1.01908
0.976739
0.93127
0.88259
0.830516
0.775067
0.716775
0.656061
0.59282
0.526729
0.457614
0.385428
0.310241
0.232097
0.151043
0.0671121
-0.0196088
-0.108992
-0.200836
-0.294907
-0.390906
-0.488489
-0.587205
-0.686595
-0.786071
-0.885005
-0.982687
-1.07834
-1.1711
-1.26003
-1.34421
-1.42261
-1.49431
-1.55806
-1.61352
-1.65859
-1.69026
-1.70812
-1.72683
-1.72518
-1.74187
-1.69526
-1.74634
-1.57628
-1.80908
-1.24362
-2.19946
-0.271648
-3.91126
1.69171
1.69871
1.70621
1.71415
1.72258
1.73153
1.74103
1.75109
1.76174
1.77302
1.78496
1.79758
1.81091
1.82499
1.83985
1.85554
1.87209
1.88951
1.90789
1.92725
1.94764
1.96908
1.99163
2.01532
2.04022
2.06634
2.09372
2.12242
2.15246
2.18389
2.21675
2.25103
2.28682
2.3241
2.36287
2.40316
2.445
2.48834
2.53317
2.57944
2.62712
2.67616
2.72646
2.77793
2.83043
2.88384
2.938
2.99266
3.04759
3.10256
3.15725
3.2113
3.26442
3.3161
3.366
3.41362
3.45847
3.50005
3.53784
3.57127
3.59988
3.62316
3.6407
3.65222
3.65741
3.65617
3.64899
3.63671
3.6222
3.60397
3.58153
3.55541
3.52651
3.49699
3.46936
3.45732
3.39714
3.75596
2.50978
6.69057
1.3568
1.35062
1.3439
1.33685
1.32942
1.32151
1.31306
1.30403
1.29444
1.28428
1.27352
1.2621
1.24996
1.23708
1.22348
1.20918
1.19411
1.17814
1.16118
1.14312
1.12395
1.10372
1.08259
1.06073
1.03795
1.01354
0.986814
0.957948
0.927911
0.897627
0.867378
0.836682
0.80468
0.77067
0.734278
0.695357
0.653625
0.608848
0.561309
0.511561
0.459796
0.405883
0.349637
0.291014
0.230004
0.166643
0.100947
0.032958
-0.0372692
-0.109599
-0.1839
-0.259948
-0.337531
-0.416329
-0.496019
-0.576182
-0.656349
-0.735985
-0.814501
-0.891233
-0.965449
-1.03639
-1.10322
-1.1652
-1.22127
-1.27116
-1.31298
-1.34372
-1.36261
-1.3831
-1.3863
-1.40743
-1.37191
-1.42819
-1.28037
-1.51261
-0.992404
-1.92402
-0.100381
-3.63305
1.36218
1.36748
1.37316
1.37917
1.38557
1.39236
1.39957
1.4072
1.41529
1.42386
1.43293
1.44253
1.45267
1.4634
1.47474
1.48671
1.49934
1.51266
1.52671
1.54152
1.55712
1.57354
1.59081
1.60897
1.62806
1.6481
1.66912
1.69118
1.7143
1.73853
1.76388
1.79039
1.81812
1.84707
1.87724
1.90869
1.94144
1.97545
2.01075
2.04732
2.08511
2.12412
2.16431
2.20558
2.24787
2.29109
2.33514
2.37984
2.42503
2.47054
2.51611
2.56149
2.60647
2.65062
2.6937
2.73534
2.77512
2.81264
2.84748
2.8792
2.90738
2.93158
2.95148
2.96678
2.97724
2.98279
2.98376
2.97983
2.97349
2.96459
2.95281
2.9387
2.9232
2.90817
2.89872
2.89695
2.88048
3.21166
2.10019
6.12518
1.0092
1.00483
0.999956
0.994714
0.98917
0.98332
0.977104
0.970469
0.963375
0.955829
0.947844
0.939429
0.930546
0.921153
0.911205
0.900694
0.889577
0.877804
0.865279
0.851944
0.837756
0.822764
0.807017
0.790613
0.773674
0.756223
0.737747
0.71744
0.695005
0.671097
0.646776
0.622815
0.599205
0.575353
0.55052
0.524234
0.496285
0.466438
0.434284
0.39977
0.363342
0.325388
0.285803
0.244316
0.200722
0.154995
0.107169
0.0573304
0.00553359
-0.0481333
-0.103577
-0.160637
-0.219139
-0.278852
-0.339525
-0.400841
-0.462446
-0.523927
-0.584842
-0.644701
-0.702944
-0.759004
-0.812237
-0.862112
-0.907743
-0.949012
-0.984285
-1.01105
-1.02812
-1.04745
-1.05222
-1.07456
-1.04631
-1.10444
-0.974442
-1.20275
-0.72266
-1.62215
0.0937539
-3.2779
1.01302
1.01679
1.02085
1.02515
1.02974
1.03464
1.03985
1.04538
1.05126
1.05749
1.0641
1.07111
1.07855
1.08643
1.09479
1.10365
1.11301
1.12294
1.13345
1.14456
1.1563
1.1687
1.1818
1.19559
1.21013
1.22542
1.24148
1.25836
1.27607
1.29464
1.3141
1.33445
1.35575
1.37799
1.40121
1.42543
1.45066
1.47688
1.50412
1.53237
1.5616
1.59179
1.62292
1.65491
1.68776
1.72137
1.75568
1.79059
1.82598
1.86171
1.89761
1.93353
1.96927
2.00457
2.03924
2.073
2.10558
2.13667
2.16595
2.1931
2.21779
2.23965
2.25851
2.27405
2.28609
2.29463
2.2999
2.30092
2.29983
2.29723
2.29285
2.28736
2.28131
2.27673
2.27947
2.2827
2.29784
2.59848
1.59995
5.42302
0.752953
0.750419
0.747475
0.744183
0.740647
0.736935
0.733027
0.728848
0.724286
0.719313
0.714004
0.708437
0.702608
0.696472
0.68992
0.682874
0.675306
0.667239
0.658636
0.649477
0.639737
0.629439
0.618577
0.607181
0.595244
0.582819
0.569949
0.556466
0.541648
0.524921
0.506471
0.487211
0.467959
0.448993
0.429871
0.409875
0.388351
0.365074
0.339969
0.312857
0.283917
0.253848
0.223139
0.19188
0.15986
0.12689
0.0928187
0.0576195
0.02129
-0.0161162
-0.0545663
-0.0939964
-0.134341
-0.175493
-0.217317
-0.259649
-0.302264
-0.344915
-0.387311
-0.429152
-0.470051
-0.509639
-0.547469
-0.583199
-0.616159
-0.646359
-0.672475
-0.692924
-0.705882
-0.72155
-0.725129
-0.745763
-0.721411
-0.778476
-0.661745
-0.882599
-0.437637
-1.29013
0.303741
-2.79904
0.75506
0.757086
0.759307
0.761695
0.764272
0.767051
0.770031
0.773236
0.776667
0.780325
0.784206
0.788332
0.792712
0.797362
0.802282
0.807487
0.813
0.818857
0.825054
0.831619
0.838568
0.845942
0.853762
0.86203
0.870766
0.880001
0.889748
0.900022
0.910842
0.922235
0.934202
0.94678
0.95999
0.973838
0.988355
1.00358
1.01953
1.03619
1.05359
1.07175
1.09065
1.11028
1.13063
1.15169
1.17343
1.1958
1.21877
1.24227
1.26624
1.29056
1.31516
1.33989
1.36462
1.38919
1.41348
1.43725
1.46035
1.48256
1.50368
1.52349
1.54174
1.55819
1.57274
1.58515
1.59533
1.60332
1.60928
1.61235
1.61356
1.61382
1.61311
1.61199
1.61093
1.61219
1.62182
1.62535
1.65933
1.92663
1.02075
4.52175
0.261446
0.259902
0.257919
0.255555
0.252921
0.250081
0.247019
0.24374
0.240184
0.236334
0.232184
0.227805
0.223196
0.218335
0.213095
0.207368
0.201079
0.194273
0.186956
0.179149
0.170807
0.161917
0.152401
0.142215
0.131251
0.119416
0.106541
0.0925364
0.0771772
0.0600594
0.0409298
0.0210735
0.00389343
-0.00604317
-0.00505074
0.00840534
0.033179
0.0659733
0.101628
0.134049
0.1573
0.167279
0.164135
0.152171
0.13603
0.118203
0.0991893
0.0788208
0.0570014
0.0338946
0.00978823
-0.0150564
-0.0404118
-0.0661213
-0.0919851
-0.11787
-0.14358
-0.168983
-0.193899
-0.218206
-0.241709
-0.264263
-0.285648
-0.305764
-0.324191
-0.341148
-0.355604
-0.367286
-0.374004
-0.383914
-0.383861
-0.400315
-0.377477
-0.429186
-0.326626
-0.524214
-0.140354
-0.861984
0.453209
-1.95499
0.262828
0.264265
0.265888
0.267686
0.269674
0.271871
0.27427
0.276918
0.279808
0.282951
0.286333
0.289983
0.293899
0.298093
0.302547
0.307287
0.312311
0.317651
0.323279
0.329229
0.335516
0.342158
0.349155
0.356523
0.36427
0.372409
0.380945
0.389875
0.399196
0.408919
0.419022
0.429511
0.440369
0.451585
0.463159
0.475084
0.487356
0.49994
0.51285
0.526057
0.539535
0.553261
0.56724
0.581427
0.595804
0.610345
0.625024
0.6398
0.654658
0.669527
0.684395
0.699165
0.713812
0.728232
0.742405
0.756211
0.769614
0.78253
0.794869
0.806497
0.817322
0.827201
0.836104
0.84385
0.850429
0.855858
0.860284
0.862785
0.864506
0.866183
0.867827
0.86986
0.871829
0.87486
0.882889
0.87398
0.892648
1.11252
0.305475
3.10625
0.320026
0.321383
0.322762
0.324065
0.325307
0.326556
0.32789
0.329333
0.330897
0.332533
0.334219
0.33592
0.337677
0.339488
0.341372
0.343281
0.345248
0.34731
0.349569
0.352082
0.354915
0.358083
0.361639
0.365549
0.369764
0.374169
0.37887
0.384551
0.392843
0.406119
0.426357
0.452963
0.481415
0.503821
0.511051
0.495091
0.451119
0.379427
0.28695
0.187195
0.0967497
0.0287854
-0.0125143
-0.0324496
-0.0404085
-0.0439552
-0.0464374
-0.0483684
-0.0494534
-0.0497692
-0.0496562
-0.0495409
-0.0496693
-0.0502503
-0.0513487
-0.0530692
-0.0553935
-0.0583467
-0.0618314
-0.0658098
-0.0701355
-0.0747313
-0.0794284
-0.0841976
-0.0887773
-0.0934374
-0.0975471
-0.101936
-0.10326
-0.10736
-0.104576
-0.114892
-0.0973119
-0.133855
-0.0643786
-0.193822
0.0437508
-0.370125
0.37059
-0.840669
0.318593
0.317089
0.315547
0.313937
0.312295
0.310596
0.308862
0.307074
0.305269
0.303417
0.301552
0.29964
0.297719
0.295754
0.293771
0.291735
0.289671
0.287553
0.285395
0.28317
0.280913
0.278591
0.276235
0.273826
0.271401
0.26894
0.266487
0.264023
0.261587
0.259173
0.256817
0.25451
0.252286
0.250143
0.248124
0.246218
0.24447
0.242867
0.241466
0.24024
0.239225
0.238397
0.237802
0.237395
0.237215
0.237229
0.237461
0.237875
0.238501
0.239302
0.240305
0.241442
0.24273
0.244084
0.245504
0.246892
0.248244
0.249503
0.250638
0.251599
0.252397
0.253006
0.253462
0.253737
0.253952
0.254132
0.25452
0.256015
0.255677
0.254295
0.251897
0.248931
0.245853
0.24551
0.253815
0.256848
0.279958
0.40171
-0.0212505
1.31412
)
;

boundaryField
{
    inlet
    {
        type            freestreamPressure;
        freestreamValue uniform 0;
        value           nonuniform List<scalar> 
134
(
0.797766
0.11518
-0.599472
-1.22188
-1.67343
-1.95183
-2.00393
-1.8249
-1.41875
-0.667348
-0.124656
-0.200898
-0.3364
-0.465047
-0.595613
-0.732518
-0.876925
-1.02955
-1.19247
-1.36951
1.46198
-1.5659
-1.78429
-2.01442
-2.23033
-2.38588
-2.46088
-2.59332
-2.59592
-2.64591
-3.15443
-2.90109
-2.91057
-2.96534
-3.0059
-3.02544
-3.04406
-3.0941
-3.22159
-3.37634
2.08522
2.72378
3.2587
3.54402
3.47189
2.85882
1.51898
-3.72
-3.63868
-3.51138
-3.42818
-3.36634
-3.29733
-3.21958
-3.13991
-3.0603
-2.97972
-2.89711
-2.81252
-2.72594
-2.63691
-2.54455
-2.4474
-2.34281
-2.22815
-2.09984
-2.01777
-1.94077
-1.84834
-1.74091
-1.61686
-1.45852
-1.24509
-0.869344
-0.373626
0.514375
1.14403
1.84529
2.53964
3.21557
3.85731
4.4021
4.8181
5.11482
5.3021
5.40578
5.45487
5.4745
5.48502
5.51602
5.6151
5.80083
6.00394
6.17036
6.30649
6.42413
6.52555
6.60705
6.66674
6.70576
6.72777
6.74144
6.76438
6.84113
7.0395
7.47083
7.65466
7.47395
7.26498
7.13108
7.02166
6.89742
6.76136
6.6237
6.48552
6.34421
6.19805
6.04647
5.88845
5.72237
5.54539
5.35411
5.14176
4.90354
4.61107
4.42649
4.24716
4.01933
3.74774
3.43197
3.03957
2.53548
1.74254
0.737738
)
;
    }
    outlet
    {
        type            freestreamPressure;
        freestreamValue uniform 0;
        value           nonuniform List<scalar> 
160
(
0.000836551
0.000833106
0.000839831
0.000829481
0.000843143
0.00082575
0.000846261
0.000821832
0.000849224
0.000817824
0.0008522
0.000813657
0.000855386
0.000809395
0.000858837
0.00080498
0.000862583
0.000800517
0.000866491
0.000795925
0.000870509
0.000791292
0.000874552
0.000786535
0.000878721
0.000781754
0.000883009
0.000776854
0.000887458
0.000771909
0.00089195
0.000766824
0.000896572
0.000761672
0.000901422
0.000756379
0.000906758
0.000750986
0.000912714
0.000745421
0.000919455
0.000739781
0.000927019
0.000733977
0.000935564
0.000728089
0.000945048
0.000722073
0.000955355
0.000716025
0.000966105
0.000709893
0.000977332
0.000703793
0.000990442
0.000697677
0.0010094
0.00069165
0.00104044
0.000685698
0.00108919
0.000679916
0.00115512
0.000674281
0.00122778
0.000668891
0.00128777
0.000663735
0.00131151
0.000658935
0.00127705
0.000654461
0.00116966
0.000650439
0.000987915
0.000646838
0.000748896
0.000643811
0.000488624
0.000641293
0.00025208
0.000639381
7.47768e-05
0.000638026
-3.24001e-05
0.000637348
-8.38045e-05
0.000637242
-0.000104199
0.000637814
-0.000113272
0.000638987
-0.000119661
0.000640838
-0.00012466
0.000643278
-0.000127492
0.000646401
-0.000128349
0.000650117
-0.000128112
0.000654519
-0.000127879
0.000659433
-0.000128288
0.000664923
-0.00012988
0.000670777
-0.000132826
0.000677007
-0.000137403
0.000683367
-0.000143571
0.000689855
-0.000151406
0.000696337
-0.000160668
0.00070274
-0.000171272
0.000708942
-0.000182854
0.000714987
-0.000195228
0.000720814
-0.000207973
0.000726544
-0.000221025
0.000732112
-0.000233725
0.000737879
-0.000246776
0.000743949
-0.000258577
0.000751062
-0.000271095
0.000760972
-0.000275588
0.000764976
-0.000287391
0.000766456
-0.000281481
0.000765454
-0.000309885
0.000763339
-0.00026521
0.000761537
-0.000363405
0.000768947
-0.000179195
0.000804634
-0.000525384
0.00082634
0.00012711
0.000914235
-0.000971118
0.00133133
0.00119151
-7.4629e-05
-0.00192456
0.00420986
)
;
    }
    walls
    {
        type            zeroGradient;
    }
    frontAndBack
    {
        type            empty;
    }
}


// ************************************************************************* //
