/*--------------------------------*- C++ -*----------------------------------*\
| =========                 |                                                 |
| \\      /  F ield         | OpenFOAM: The Open Source CFD Toolbox           |
|  \\    /   O peration     | Version:  2412                                  |
|   \\  /    A nd           | Website:  www.openfoam.com                      |
|    \\/     M anipulation  |                                                 |
\*---------------------------------------------------------------------------*/
FoamFile
{
    version     2.0;
    format      ascii;
    arch        "LSB;label=32;scalar=64";
    class       volScalarField;
    location    "500";
    object      p;
}
// * * * * * * * * * * * * * * * * * * * * * * * * * * * * * * * * * * * * * //

dimensions      [0 2 -2 0 0 0 0];

internalField   nonuniform List<scalar> 
10720
(
177.029
125.594
62.3584
-5.1948
-73.6683
-146.6
-216.372
-280.511
-340.358
-392.54
-437.723
-476.368
-508.553
-534.695
-554.716
-568.485
-577.092
-579.325
-575.814
-565.295
-548.837
-526.332
-500.481
-472.459
-442.047
-409.036
-374.383
-340.187
-308.224
-277.845
-247.816
-217.673
-187.264
-156.291
-124.46
-90.8063
-54.5916
-10.1752
38.674
223.757
264.097
301.582
330.347
345.678
349.048
342.026
321.581
291.623
257.834
224.268
193.423
165.9
141.947
121.516
103.272
86.8732
71.5668
56.9543
42.3562
27.7632
12.8194
-2.29461
-17.0213
-29.0455
-37.2325
-42.9451
-46.5293
-47.9418
-47.3239
-44.9035
-40.8151
-35.1506
-27.8991
-18.9922
-7.92056
6.14741
27.1517
60.2058
207.882
169.553
123.993
72.6017
16.9708
-42.6258
-103.477
-163.578
-221.9
-276.592
-326.843
-372.086
-411.886
-445.989
-474.253
-496.527
-512.902
-522.474
-525.576
-521.859
-512.079
-496.491
-477.063
-454.394
-428.268
-399.142
-367.783
-335.803
-305.037
-275.338
-245.807
-216.044
-185.915
-155.176
-123.555
-90.089
-54.0373
-9.72575
38.3719
240.552
269.873
296.668
318.531
331.843
335.95
330.087
314.015
290.665
263.277
234.534
206.446
180.072
156.003
134.446
114.891
97.0475
80.4489
64.7106
49.3214
34.1476
18.9366
3.8199
-10.6473
-22.6576
-31.1714
-37.1954
-41.3294
-43.5734
-43.8181
-42.1151
-38.5935
-33.3765
-26.4797
-17.8461
-6.9799
6.92766
27.8198
59.8038
204.121
170.197
129.685
82.8993
31.8349
-23.2391
-80.856
-138.852
-195.742
-250.227
-300.893
-346.995
-387.978
-423.425
-453.049
-476.456
-493.484
-504.012
-508.3
-506.094
-497.771
-483.694
-465.252
-443.318
-418.283
-390.648
-360.847
-330.227
-300.483
-271.652
-242.919
-213.839
-184.268
-153.968
-122.665
-89.4223
-53.5357
-9.43671
38.0048
232.979
258.891
282.333
301.349
313.325
317.897
314.14
301.9
282.975
259.459
233.572
207.275
181.859
158.103
136.397
116.622
98.5162
81.7253
65.8756
50.535
35.4847
20.5369
5.7841
-8.28607
-20.2574
-29.1178
-35.4491
-39.7504
-42.0476
-42.2931
-40.6149
-37.1866
-32.1225
-25.4067
-16.946
-6.22797
7.55877
28.2698
59.1212
199.517
170.962
136.645
97.0893
53.6898
6.22107
-44.0092
-95.5027
-147.131
-197.686
-245.959
-291.09
-332.334
-369.102
-400.836
-427.11
-447.597
-462.248
-470.926
-473.353
-469.622
-460.034
-445.566
-427.07
-405.02
-379.9
-352.322
-323.613
-295.3
-267.545
-239.678
-211.3
-182.301
-152.472
-121.547
-88.6173
-52.9972
-9.2732
37.4594
223.838
245.667
265.732
282.363
293.362
298.319
296.275
287.098
272.035
252.589
230.499
207.388
184.38
162.249
141.464
122.113
104.082
87.1671
71.0989
55.5606
40.3528
25.3516
10.6436
-3.32769
-15.4096
-24.6521
-31.3756
-36.0566
-38.7979
-39.5483
-38.3889
-35.4328
-30.7559
-24.3372
-16.0915
-5.52714
8.13613
28.615
58.3306
189.944
164.753
134.365
99.2259
60.6544
18.0848
-27.4185
-74.5915
-122.62
-170.393
-216.8
-260.966
-302.045
-339.305
-372.11
-399.937
-422.331
-439.037
-449.675
-454.135
-452.415
-444.876
-432.338
-415.659
-395.367
-371.921
-345.94
-318.581
-291.193
-264.075
-236.733
-208.828
-180.265
-150.841
-120.286
-87.6942
-52.4051
-9.1864
36.6791
211.447
230.669
248.497
263.459
273.739
278.985
278.296
271.543
259.594
243.521
224.657
204.326
183.488
162.884
143.04
124.19
106.366
89.492
73.4009
57.8695
42.7254
27.8775
13.4057
-0.300671
-12.314
-21.7757
-28.8006
-33.7869
-36.8195
-37.8416
-36.9033
-34.1201
-29.5849
-23.2959
-15.1728
-4.72971
8.79364
28.9741
57.4881
179.499
157.178
130.205
99.0542
64.9563
27.1358
-13.4645
-55.8297
-99.4005
-143.223
-186.38
-228.095
-267.537
-303.954
-336.675
-365.095
-388.66
-406.966
-419.739
-426.793
-428.052
-423.704
-414.295
-400.507
-382.813
-361.657
-337.703
-312.05
-285.947
-259.807
-233.279
-206.062
-178.069
-149.123
-118.973
-86.7469
-51.8344
-9.21922
35.6499
198.61
215.686
231.708
245.362
255.073
260.516
260.853
255.973
246.511
233.265
217.283
199.646
181.136
162.403
143.958
126.087
108.907
92.4347
76.5895
61.2329
46.2429
31.5665
17.291
3.77266
-8.21447
-17.8967
-25.2351
-30.531
-33.8704
-35.2143
-34.6059
-32.1485
-27.9254
-21.9255
-14.0554
-3.82949
9.48431
29.2983
56.5774
168.479
148.383
124.078
96.029
65.4416
31.4014
-5.2636
-43.6813
-83.5061
-123.92
-164.165
-203.582
-241.386
-276.843
-309.272
-338.011
-362.448
-382.109
-396.582
-405.583
-408.895
-406.651
-399.31
-387.499
-371.716
-352.395
-330.165
-306.017
-281.078
-255.821
-230.018
-203.417
-175.944
-147.44
-117.67
-85.7954
-51.2832
-9.35214
34.3944
185.736
201.15
215.756
228.371
237.608
243.171
244.292
240.865
233.387
222.468
208.941
193.691
177.342
160.437
143.442
126.646
110.219
94.254
78.7457
63.6345
48.8562
34.3981
20.3576
7.05936
-4.84689
-14.6696
-22.2613
-27.83
-31.4575
-33.1031
-32.7908
-30.6056
-26.6244
-20.8348
-13.142
-3.07252
10.0696
29.5087
55.5785
157.584
139.335
117.265
91.8375
64.2341
33.4703
0.298139
-34.5221
-70.7877
-107.818
-144.977
-181.736
-217.402
-251.296
-282.756
-311.122
-335.749
-356.102
-371.691
-382.246
-387.52
-387.513
-382.525
-373.024
-359.437
-342.162
-321.804
-299.285
-275.635
-251.373
-226.39
-200.488
-173.608
-145.612
-116.278
-84.8033
-50.724
-9.54409
32.9807
173.311
187.363
200.802
212.561
221.384
227.002
228.72
226.428
220.532
211.518
200.07
186.918
172.562
157.444
141.965
126.389
110.908
95.6515
80.6717
65.9682
51.5286
37.3759
23.6208
10.5637
-1.23035
-11.1409
-18.9463
-24.7659
-28.6627
-30.6003
-30.5901
-28.6996
-24.9964
-19.4642
-12.004
-2.15184
10.7522
29.7262
54.5553
147.028
130.312
110.105
86.8678
61.7575
33.7652
3.57187
-28.137
-61.2723
-95.2506
-129.553
-163.767
-197.289
-229.512
-259.828
-287.59
-312.15
-332.941
-349.441
-361.282
-368.159
-369.945
-366.846
-359.252
-347.551
-332.107
-313.476
-292.498
-270.101
-246.825
-222.661
-197.463
-171.187
-143.714
-114.837
-83.7928
-50.1701
-9.79993
31.4558
161.481
174.408
186.872
197.91
206.356
211.98
214.156
212.757
208.127
200.676
190.974
179.636
167.063
153.61
139.611
125.289
110.83
96.3826
82.0298
67.8198
53.7861
39.9864
26.5447
13.7465
2.09172
-7.85953
-15.8384
-21.8838
-26.0356
-28.2543
-28.5367
-26.9281
-23.4882
-18.1977
-10.955
-1.30964
11.3568
29.8449
53.465
136.96
121.547
102.931
81.5679
58.5893
32.9839
5.38667
-23.5788
-53.9009
-85.0744
-116.68
-148.398
-179.71
-210.102
-239.02
-265.849
-289.972
-310.809
-327.809
-340.555
-348.733
-352.127
-350.824
-345.105
-335.287
-321.68
-304.788
-285.373
-264.275
-242.04
-218.741
-194.288
-168.651
-141.731
-113.341
-82.761
-49.6318
-10.1323
29.8314
150.333
162.305
173.938
184.354
192.453
198.043
200.57
199.876
196.266
190.098
181.859
172.078
161.082
149.154
136.566
123.499
110.117
96.5649
82.9433
69.3301
55.7936
42.4191
29.3446
16.843
5.36854
-4.56758
-12.6681
-18.9033
-23.2832
-25.7635
-26.3295
-25.0063
-21.8419
-16.8122
-9.81198
-0.405459
11.9823
29.9214
52.326
127.439
113.146
95.8999
76.1521
55.0109
31.4721
6.13377
-20.4306
-48.2533
-76.8984
-106.027
-135.4
-164.575
-193.117
-220.541
-246.288
-269.77
-290.419
-307.675
-321.088
-330.306
-335.038
-335.269
-331.198
-323.084
-311.188
-295.951
-278.052
-258.245
-237.066
-214.655
-190.97
-165.999
-139.66
-111.787
-81.7067
-49.1165
-10.5445
28.1107
139.88
151.031
161.942
171.812
179.589
185.118
187.907
187.773
184.99
179.88
172.867
164.417
154.802
144.248
132.976
121.124
108.825
96.2107
83.3842
70.4388
57.4653
44.5713
31.9038
19.7274
8.46522
-1.41143
-9.59025
-15.9848
-20.5727
-23.3009
-24.1415
-23.0974
-20.2038
-15.4319
-8.67491
0.485592
12.5778
29.9343
51.1411
118.482
105.167
89.1183
70.7815
51.2394
29.5068
6.1531
-18.2879
-43.8838
-70.2478
-97.1036
-124.278
-151.398
-178.105
-203.976
-228.508
-251.163
-271.398
-288.656
-302.467
-312.455
-318.301
-319.88
-317.315
-310.8
-300.539
-286.906
-270.498
-251.988
-231.89
-210.396
-187.507
-163.232
-137.504
-110.178
-80.6342
-48.6277
-11.039
26.2986
130.112
140.546
150.823
160.201
167.678
173.128
176.106
176.419
174.309
170.075
164.092
156.778
148.364
139.035
128.972
118.271
107.036
95.3775
83.3892
71.1687
58.8195
46.4615
34.2466
22.4335
11.4222
1.65383
-6.55379
-13.0689
-17.836
-20.7899
-21.8903
-21.1204
-18.4999
-13.9946
-7.49553
1.39645
13.162
29.8925
49.9141
110.088
97.6337
82.6407
65.5475
47.4108
27.2699
5.66822
-16.8904
-40.499
-64.8136
-89.5997
-114.741
-139.921
-164.847
-189.161
-212.419
-234.134
-253.794
-270.864
-284.87
-295.409
-302.148
-304.869
-303.627
-298.561
-289.823
-277.714
-262.751
-245.526
-226.523
-205.966
-183.9
-160.347
-135.259
-108.514
-79.5444
-48.1647
-11.6129
24.3987
120.998
130.803
140.511
149.442
156.638
161.995
165.108
165.774
164.215
160.709
155.594
149.249
141.878
133.635
124.666
115.038
104.826
94.1152
82.9859
71.5276
59.8467
48.0681
36.3455
24.9307
14.2062
4.58908
-3.60205
-10.2009
-15.1201
-18.2799
-19.6261
-19.1232
-16.773
-12.5358
-6.30158
2.30772
13.7234
29.7944
48.6498
102.237
90.5493
76.4967
60.5096
43.6193
24.8914
4.8459
-16.0357
-37.8669
-60.3344
-83.2387
-106.505
-129.868
-153.09
-175.874
-197.833
-218.525
-237.486
-254.204
-268.216
-279.1
-286.529
-290.206
-290.126
-286.375
-279.053
-268.392
-254.825
-238.868
-220.968
-201.369
-180.148
-157.345
-132.927
-106.795
-78.4377
-47.7284
-12.2612
22.4169
112.505
121.747
130.945
139.465
146.395
151.647
154.851
155.799
154.692
151.793
147.411
141.894
135.427
128.14
120.155
111.516
102.27
92.4825
82.2123
71.5361
60.5552
49.3921
38.198
27.2161
16.8144
7.39174
-0.736953
-7.37974
-12.42
-15.7615
-17.3356
-17.0903
-15.008
-11.0427
-5.08367
3.22464
14.2642
29.6445
47.3536
94.9061
83.9056
70.6971
55.7024
39.9255
22.4594
3.8067
-15.5756
-35.8097
-56.6079
-77.8018
-99.3472
-121.022
-142.635
-163.938
-184.6
-204.228
-222.402
-238.646
-252.514
-263.573
-271.504
-275.962
-276.879
-274.299
-268.276
-258.974
-246.746
-232.032
-215.235
-196.608
-176.253
-154.225
-130.507
-105.021
-77.3152
-47.319
-12.9794
20.3628
104.595
113.328
122.062
130.203
136.878
142.018
145.279
146.449
145.715
143.325
139.564
134.756
129.072
122.626
115.521
107.784
99.4414
90.5355
81.1072
71.2168
60.954
50.4336
39.7985
29.2802
19.2345
10.046
2.02308
-4.6243
-9.7539
-13.2524
-15.036
-15.0374
-13.2184
-9.52647
-3.85052
4.14095
14.7806
29.4443
46.0313
88.0645
77.6876
65.2427
51.1453
36.3691
20.0387
2.63898
-15.3948
-34.1894
-53.478
-73.1178
-93.0871
-113.198
-133.297
-153.184
-172.573
-191.121
-208.451
-224.127
-237.723
-248.813
-257.077
-262.155
-263.916
-262.368
-257.526
-249.491
-238.539
-225.034
-209.335
-191.689
-172.219
-150.99
-128
-103.193
-76.1777
-46.9377
-13.7612
18.2458
97.2296
105.499
113.808
121.595
128.026
133.049
136.34
137.686
137.259
135.297
132.065
127.865
122.86
117.152
110.831
103.91
96.4016
88.3283
79.7129
70.5988
61.0599
51.1983
41.1451
31.118
21.4605
12.5431
4.6675
-1.94512
-7.13099
-10.7597
-12.7321
-12.9671
-11.4058
-7.9882
-2.60333
5.05524
15.2718
29.1978
44.6885
81.6854
71.8763
60.1264
46.846
32.9748
17.6729
1.40493
-15.4098
-32.9019
-50.8238
-69.0489
-87.5725
-106.238
-124.924
-143.467
-161.625
-179.099
-195.553
-210.591
-223.816
-234.814
-243.266
-248.814
-251.274
-250.621
-246.841
-239.978
-230.231
-217.896
-203.281
-186.621
-168.05
-147.641
-125.407
-101.312
-75.0259
-46.5835
-14.6002
16.0759
90.3706
98.2162
106.133
113.588
119.786
124.686
127.986
129.469
129.296
127.695
124.915
121.239
116.824
111.763
106.138
99.9531
93.2088
85.9135
78.0731
69.7142
60.8937
51.6977
42.2418
32.7279
23.4857
14.8735
7.18397
0.644418
-4.56416
-8.29538
-10.4347
-10.8886
-9.57776
-6.43401
-1.347
5.96395
15.7363
28.9086
43.3311
75.7398
66.4509
55.3394
42.8042
29.7588
15.391
0.152736
-15.5566
-31.8658
-48.5442
-65.4787
-82.6805
-100.013
-117.385
-134.662
-151.638
-168.058
-183.623
-197.977
-210.753
-221.559
-230.073
-235.957
-238.981
-239.095
-236.259
-230.468
-221.852
-210.64
-197.089
-181.414
-163.751
-144.183
-122.731
-99.3798
-73.8596
-46.2554
-15.4893
13.8654
83.9826
91.438
98.9908
106.135
112.108
116.884
120.173
121.762
121.8
120.506
118.113
114.89
110.987
106.495
101.486
95.9618
89.9132
83.338
76.2284
68.5951
60.4778
51.9451
43.0951
34.1109
25.3073
17.0303
9.56237
3.13278
-2.06491
-5.86996
-8.15301
-8.80943
-7.74014
-4.86869
-0.0854693
6.86438
16.1731
28.5812
41.9663
70.1992
61.3905
50.8664
39.0179
26.7269
13.2146
-1.08448
-15.7851
-31.0176
-46.5622
-62.3186
-78.3081
-94.4142
-110.564
-126.652
-142.503
-157.9
-172.58
-186.224
-198.494
-209.025
-217.497
-223.597
-227.061
-227.819
-225.812
-220.993
-213.431
-203.289
-190.775
-176.078
-159.331
-140.619
-119.973
-97.3971
-72.6793
-45.9515
-16.4202
11.6256
78.0327
85.1267
92.3404
99.1898
104.947
109.596
112.862
114.532
114.744
113.71
111.651
108.82
105.366
101.373
96.9105
91.9771
86.559
80.6454
74.2186
67.2748
59.8374
51.957
43.7131
35.2697
26.9243
19.0084
11.794
5.50899
0.355165
-3.49471
-5.89744
-6.73843
-5.90045
-3.29834
1.17663
7.7533
16.5816
28.2198
40.6005
65.0375
56.6744
46.6937
35.4789
23.8827
11.1552
-2.28191
-16.0605
-30.3082
-44.8162
-59.4934
-74.3704
-89.3446
-104.362
-119.338
-134.126
-148.539
-162.349
-175.271
-186.996
-197.187
-205.531
-211.742
-215.536
-216.823
-215.534
-211.588
-204.999
-195.87
-184.359
-170.628
-154.798
-136.955
-117.137
-95.3659
-71.4848
-45.669
-17.3845
9.36858
72.4902
79.2481
86.1442
92.7147
98.2633
102.785
106.016
107.745
108.102
107.291
105.52
103.032
99.9692
96.4161
92.438
88.0326
83.1837
77.8749
72.0806
65.7856
58.9985
51.7531
44.1096
36.2117
28.3376
20.8042
13.8716
7.76312
2.68501
-1.18059
-3.67842
-4.68469
-4.06627
-1.72919
2.43434
8.62778
16.9615
27.8294
39.2402
60.2299
52.2813
42.8062
32.1793
21.2244
9.22102
-3.42325
-16.3549
-29.6988
-43.2563
-56.945
-70.7995
-84.7318
-98.6995
-112.638
-126.424
-139.897
-152.86
-165.058
-176.214
-186.016
-194.164
-200.394
-204.418
-206.131
-205.455
-202.285
-196.585
-188.407
-177.862
-165.078
-150.163
-133.198
-114.228
-93.2882
-70.2755
-45.4039
-18.3723
7.10724
67.3276
73.7706
80.3676
86.6733
92.0216
96.4156
99.6028
101.375
101.852
101.231
99.7107
97.5216
94.8032
91.6377
88.089
84.1548
79.8185
75.0604
69.8486
64.1591
57.9882
51.3543
44.2994
36.9453
29.5506
22.4163
15.7896
9.8865
4.91433
1.06152
-1.50659
-2.6577
-2.24588
-0.168001
3.68256
9.48469
17.3128
27.4151
37.8923
55.7531
48.1917
39.1877
29.1088
18.7489
7.41551
-4.49594
-16.6475
-29.1585
-41.8425
-54.6222
-67.5372
-80.5081
-93.5046
-106.478
-119.321
-131.902
-144.046
-155.529
-166.103
-175.482
-183.38
-189.551
-193.718
-195.763
-195.602
-193.112
-188.22
-180.929
-171.306
-159.446
-145.437
-129.356
-111.25
-91.1661
-69.0509
-45.1522
-19.3733
4.85505
62.5179
68.6655
74.9795
81.0333
86.1887
90.4563
93.5929
95.3941
95.9704
95.5132
94.2113
92.2841
89.869
87.0466
83.8792
80.366
76.4903
72.2308
67.5523
62.4244
56.833
50.7824
44.2979
37.4807
30.5688
23.8457
17.5443
11.872
7.03367
3.22124
0.607552
-0.667281
-0.447873
1.37808
4.91587
10.3211
17.6355
26.9816
36.5635
51.5851
44.3864
35.8239
26.2573
16.4496
5.73961
-5.49303
-16.9229
-28.6664
-40.544
-52.4865
-64.5347
-76.6184
-88.716
-100.791
-112.753
-124.488
-135.848
-146.633
-156.621
-165.552
-173.158
-179.208
-183.444
-185.735
-185.997
-184.098
-179.933
-173.463
-164.714
-153.748
-140.635
-125.438
-108.208
-89.0022
-67.8098
-44.909
-20.378
2.62453
58.0367
63.907
69.9528
75.766
80.7359
84.8781
87.9589
89.7768
90.435
90.1194
89.0088
87.3129
85.1662
82.6482
79.8196
76.6818
73.2197
69.4108
65.2186
60.6084
55.5579
50.0595
44.1233
37.8313
31.3999
25.0947
19.134
13.7137
9.03456
5.28872
2.65365
1.27661
1.31894
2.90172
6.12877
11.1339
17.9304
26.534
35.2602
47.7056
40.8477
32.6999
23.6134
14.3215
4.19192
-6.40956
-17.1705
-28.2028
-39.3367
-50.5062
-61.7545
-73.0179
-84.2825
-95.5214
-106.659
-117.599
-128.209
-138.318
-147.725
-156.193
-163.477
-169.356
-173.595
-176.057
-176.661
-175.269
-171.752
-166.036
-158.109
-148.006
-135.77
-121.455
-105.11
-86.7989
-66.5513
-44.6682
-21.375
0.429301
53.8619
59.4701
65.2618
70.8459
75.6367
79.6543
82.675
84.5003
85.2269
85.0338
84.0914
82.6
80.6913
78.4438
75.9172
73.1151
70.0237
66.6214
62.8713
58.7359
54.187
49.2074
43.7941
38.0108
32.0533
26.168
20.5582
15.4078
10.9099
7.25468
4.62191
3.16398
3.04536
4.39525
7.31556
11.9203
18.198
26.0772
33.9885
44.0953
37.5589
29.8016
21.1659
12.3572
2.76981
-7.24302
-17.3819
-27.7548
-38.1992
-48.6536
-59.1617
-69.6669
-80.1605
-90.6225
-100.99
-111.181
-121.081
-130.538
-139.374
-147.375
-154.314
-159.982
-164.171
-166.74
-167.611
-166.648
-163.702
-158.674
-151.518
-142.238
-130.858
-117.418
-101.961
-84.5598
-65.2734
-44.4242
-22.3536
-1.7177
49.9728
55.3332
60.883
66.2477
70.8656
74.7606
77.7188
79.5442
80.3269
80.24
79.4461
78.1366
76.4402
74.434
72.1769
69.6748
66.9158
63.8796
60.5298
56.8281
52.7418
48.2463
43.3278
38.0339
32.5391
27.0717
21.8187
16.9516
12.6539
9.11135
6.50302
4.98513
4.72249
5.85091
8.47064
12.6773
18.4393
25.6157
32.754
40.7366
34.5041
27.1153
18.9041
10.5487
1.46923
-7.99356
-17.5525
-27.312
-37.1162
-46.9082
-56.7306
-66.5328
-76.3116
-86.0517
-95.7005
-105.188
-114.416
-123.25
-131.53
-139.065
-145.645
-151.074
-155.169
-157.788
-158.862
-158.254
-155.809
-151.401
-144.962
-136.466
-125.917
-113.339
-98.7712
-82.2869
-63.9756
-44.1695
-23.3028
-3.80366
46.3504
51.4755
56.7948
61.9492
66.4006
70.1752
73.0684
74.888
75.7169
75.7229
75.0608
73.9135
72.4068
70.6163
68.6003
66.3666
63.9056
61.1987
58.2111
54.9042
51.2426
47.1961
42.7425
37.9148
32.8687
27.8129
22.9186
18.3439
14.2619
10.8513
8.28824
6.73061
6.34156
7.2612
9.58814
13.4022
18.6552
25.154
31.5618
37.6135
31.6683
24.6282
16.8174
8.8886
0.285985
-8.66176
-17.679
-26.8666
-36.075
-45.2518
-54.4384
-63.5894
-72.7042
-81.7736
-90.7521
-99.581
-108.174
-116.414
-124.157
-131.231
-137.446
-142.616
-146.58
-149.203
-150.422
-150.107
-148.094
-144.243
-138.465
-130.711
-120.963
-109.231
-95.5467
-79.9856
-62.6557
-43.898
-24.2132
-5.81647
42.9765
47.8782
52.9776
57.9309
62.2212
65.8782
68.7049
70.5133
71.3802
71.4675
70.9228
69.9209
68.5842
66.9873
65.1877
63.1946
61.0011
58.5903
55.9294
52.9803
49.707
46.0752
42.0557
37.67
33.0548
28.4004
23.8624
19.5857
15.731
12.4687
9.96981
8.39167
7.89375
8.61857
10.6626
14.0923
18.8466
24.6955
30.4165
34.7101
29.0378
22.3276
14.8959
7.3687
-0.785227
-9.24926
-17.7601
-26.4132
-35.0666
-43.6709
-52.2673
-60.813
-69.3118
-77.7569
-86.1105
-94.3228
-102.319
-109.993
-117.222
-123.846
-129.692
-134.591
-138.396
-140.984
-142.3
-142.218
-140.576
-137.223
-132.051
-124.994
-116.015
-105.108
-92.2977
-77.6582
-61.3127
-43.6035
-25.0736
-7.74517
39.8348
44.5243
49.4138
54.1739
58.3088
61.8508
64.6101
66.4032
67.3009
67.4597
67.0202
66.149
64.9657
63.5429
61.9376
60.1606
58.2068
56.062
53.6953
51.0703
48.1505
44.8999
41.284
37.3137
33.1093
28.8432
24.6559
20.6785
17.0596
13.9591
11.5411
9.96016
9.37082
9.91566
11.6888
14.745
19.0144
24.2443
29.3216
32.0123
26.5991
20.202
13.1294
5.98137
-1.74998
-9.75904
-17.7947
-25.9479
-34.0832
-42.1536
-50.2007
-58.1844
-66.1098
-73.9746
-81.7462
-89.3819
-96.8164
-103.957
-110.691
-116.879
-122.361
-126.98
-130.608
-133.13
-134.499
-134.601
-133.273
-130.36
-125.742
-119.336
-111.089
-100.983
-89.0335
-75.3095
-59.945
-43.2776
-25.8753
-9.57885
36.9102
41.3973
46.0859
50.6604
54.6458
58.0752
60.7672
62.5414
63.4642
63.686
63.341
62.5878
61.5429
60.2775
58.8467
57.2639
55.5257
53.6198
51.518
49.1857
46.5871
43.6852
40.4421
36.8604
33.045
29.1514
25.3059
21.6261
18.2474
15.319
12.9964
11.4291
10.7652
11.1457
12.6613
15.3578
19.1597
23.8028
28.28
29.5068
24.3398
18.2404
11.5084
4.71886
-2.61323
-10.194
-17.7831
-25.4676
-33.1182
-40.6909
-48.2258
-55.6863
-63.0788
-70.4034
-77.6325
-84.7295
-91.6369
-98.2737
-104.539
-110.305
-115.429
-119.767
-123.201
-125.634
-127.023
-127.264
-126.199
-123.672
-119.556
-113.756
-106.205
-96.8712
-85.7629
-72.9441
-58.5515
-42.9154
-26.6084
-11.3075
34.1884
38.4824
42.9785
47.3752
51.216
54.5356
57.1603
58.9131
59.8559
60.1335
59.8736
59.2274
58.3077
57.1847
55.9118
54.5038
52.9593
51.2679
49.4042
47.3357
45.0281
42.4441
39.5439
36.3237
32.8742
29.3355
25.8201
22.4325
19.2957
16.5467
14.3312
12.7923
12.0702
12.3021
13.5756
15.9285
19.283
23.3735
27.2936
27.1809
22.2486
16.4323
10.0237
3.57364
-3.38115
-10.5579
-17.7269
-24.9715
-32.1684
-39.2756
-46.3328
-53.3058
-60.2018
-67.0235
-73.7468
-80.341
-86.7549
-92.9165
-98.7359
-104.099
-108.875
-112.932
-116.165
-118.489
-119.869
-120.212
-119.366
-117.177
-113.513
-108.273
-101.378
-92.7861
-82.4966
-70.5662
-57.1317
-42.5104
-27.2656
-12.9232
31.6563
35.766
40.0775
44.3033
48.0045
51.2171
53.7747
55.5045
56.463
56.7901
56.6069
56.0579
55.2522
54.2582
53.1279
51.8774
50.5072
49.0085
47.3587
45.5279
43.4832
41.1881
38.602
35.716
32.6089
29.4058
26.2065
23.1035
20.2068
17.6415
15.5424
14.0448
13.2799
13.3794
14.4271
16.4549
19.3848
22.958
26.3635
25.023
20.3144
14.7678
8.66674
2.53835
-4.05929
-10.8545
-17.6281
-24.4593
-31.2304
-37.9024
-44.5131
-51.0312
-57.4645
-63.8178
-70.0699
-76.1942
-82.1461
-87.8613
-93.2596
-98.2378
-102.678
-106.459
-109.485
-111.688
-113.037
-113.449
-112.782
-110.886
-107.63
-102.904
-96.6253
-88.7417
-79.2439
-68.1809
-55.6857
-42.0574
-27.8395
-14.4187
29.3014
33.2351
37.3696
41.4307
44.9974
48.1059
50.597
52.302
53.2726
53.6437
53.5303
53.07
52.368
51.4909
50.4899
49.3817
48.1682
46.8428
45.3851
43.7678
41.9602
39.9269
37.6276
35.0495
32.2606
29.3727
26.4738
23.645
20.9841
18.604
16.6282
15.1827
14.3893
14.3727
15.2121
16.9349
19.4654
22.5575
25.4899
23.0222
18.5269
13.2375
7.4291
1.60604
-4.65314
-11.0876
-17.4879
-23.9302
-30.3015
-36.566
-42.7593
-48.8529
-54.8552
-60.7714
-66.5841
-72.2699
-77.7899
-83.0864
-88.0873
-92.7001
-96.8173
-100.329
-103.15
-105.222
-106.522
-106.977
-106.454
-104.812
-101.919
-97.6658
-91.9625
-84.7514
-76.0147
-65.7936
-54.2128
-41.5523
-28.3239
-15.7877
27.1123
30.8776
34.8422
38.745
42.1816
45.1889
47.6146
49.2933
50.2731
50.6833
50.6333
50.2537
49.6463
48.8761
47.9921
47.0125
45.9402
44.7702
43.4851
42.0596
40.4653
38.6686
36.6301
34.3343
31.8399
29.2462
26.6307
24.0639
21.6321
19.4362
17.588
16.2036
15.3946
15.2778
15.9272
17.3667
19.5248
22.1724
24.6721
21.1681
16.8766
11.8325
6.30289
0.769974
-5.1684
-11.2613
-17.3094
-23.3848
-29.3807
-35.2627
-41.0654
-46.7622
-52.3622
-57.8715
-63.2745
-68.5513
-73.6678
-78.5717
-83.199
-87.4657
-91.2747
-94.5268
-97.1432
-99.0797
-100.319
-100.795
-100.388
-98.9628
-96.3944
-92.5717
-87.4039
-80.8274
-72.8185
-63.4094
-52.7148
-40.9911
-28.714
-17.026
25.0782
28.6822
32.4838
36.2343
39.5453
42.4543
44.8151
46.4667
47.453
47.898
47.9057
47.6
47.0791
46.4061
45.6286
44.7651
43.82
42.79
41.6594
40.406
39.0034
37.42
35.6178
33.5799
31.3565
29.036
26.6859
24.3675
22.1561
20.1409
18.4224
17.1061
16.2933
16.0915
16.5697
17.7488
19.5628
21.8024
23.9085
19.4512
15.3543
10.5446
5.28061
0.0234847
-5.61028
-11.3798
-17.095
-22.8249
-28.4672
-33.9903
-39.4272
-44.7532
-49.9775
-55.1067
-60.1278
-65.0232
-69.7627
-74.2996
-78.5761
-82.5165
-86.0327
-89.0354
-91.4531
-93.2516
-94.4194
-94.9006
-94.5846
-93.3457
-91.0647
-87.6339
-82.9618
-76.9818
-69.6647
-61.034
-51.1926
-40.3721
-29.0066
-18.1302
23.189
26.6384
30.2835
33.8874
37.077
39.8904
42.1876
43.8114
44.8017
45.2776
45.3379
45.0997
44.6581
44.074
43.3932
42.6348
41.8045
40.9001
39.9081
38.8088
37.578
36.1865
34.598
32.7945
30.8196
28.7512
26.6482
24.5633
22.5619
20.7223
19.1335
17.8903
17.0838
16.8118
17.1375
18.0799
19.5788
21.4469
23.1968
17.8623
13.9517
9.36582
4.35515
-0.639567
-5.98398
-11.4467
-16.8472
-22.2511
-27.5607
-32.7467
-37.8407
-42.8195
-47.693
-52.4679
-57.1328
-61.6724
-66.0601
-70.2539
-74.2018
-77.8354
-81.0747
-83.8396
-86.0652
-87.7267
-88.8176
-89.2903
-89.0446
-87.9646
-85.9382
-82.8626
-78.6476
-73.2252
-66.5619
-58.6732
-49.6483
-39.694
-29.1992
-19.0985
21.4353
24.7364
28.2312
31.6939
34.7664
37.4869
39.7213
41.3167
42.309
42.8124
42.9208
42.7445
42.3754
41.8722
41.2794
40.6163
39.8894
39.0977
38.23
37.2685
36.1916
34.9722
33.5764
31.9857
30.2373
28.4003
26.526
24.6591
22.8561
21.1851
19.7241
18.5575
17.7661
17.4376
17.6295
18.3589
19.5724
21.1045
22.5341
16.3932
12.6607
8.2887
3.51969
-1.22519
-6.29468
-11.4666
-16.5693
-21.6652
-26.6613
-31.5302
-36.3027
-40.9566
-45.502
-49.9461
-54.279
-58.4871
-62.5467
-66.4203
-70.0611
-73.4069
-76.3852
-78.9244
-80.9665
-82.4936
-83.5042
-83.9585
-83.7663
-82.8217
-81.0205
-78.2658
-74.4705
-69.5668
-63.5182
-56.3321
-48.0846
-38.9563
-29.291
-19.9303
19.8082
22.9672
26.3174
29.6442
32.6034
35.2336
37.4065
38.9729
39.9654
40.4932
40.6451
40.5257
40.223
39.7939
39.2811
38.7041
38.0703
37.38
36.6235
35.7853
34.8459
33.7807
32.558
31.1594
29.6169
27.9914
26.3273
24.6627
23.0456
21.5349
20.1984
19.1099
18.3409
17.9686
18.0449
18.5851
19.5426
20.7735
21.9168
15.0357
11.4738
7.30621
2.76799
-1.73905
-6.54708
-11.4431
-16.2637
-21.0685
-25.7693
-30.3403
-34.8108
-39.1605
-43.3992
-47.5346
-51.5576
-55.4568
-59.2108
-62.7859
-66.1397
-69.2165
-71.95
-74.2765
-76.1439
-77.5407
-78.4703
-78.8991
-78.7468
-77.9172
-76.3151
-73.8495
-70.4383
-66.015
-60.5409
-54.0168
-46.505
-38.1604
-29.2822
-20.6265
18.2993
21.3221
24.5331
27.729
30.5788
33.1212
35.2337
36.7709
37.7618
38.311
38.5026
38.4351
38.1933
37.8318
37.3918
36.8929
36.343
35.7435
35.0865
34.3583
33.5418
32.6142
31.5466
30.3211
28.9649
27.5318
26.0599
24.5816
23.1375
21.7778
20.561
19.5511
18.8104
18.4059
18.3839
18.7581
19.4886
20.4517
21.341
13.7824
10.3837
6.41177
2.09394
-2.18662
-6.74576
-11.3799
-15.9334
-20.4632
-24.8854
-29.176
-33.3631
-37.4277
-41.3799
-45.227
-48.9611
-52.5724
-56.0418
-59.3389
-62.4254
-65.2508
-67.7555
-69.8821
-71.5846
-72.8571
-73.7063
-74.1048
-73.9816
-73.2499
-71.8233
-69.6179
-66.5571
-62.5767
-57.6368
-51.7325
-44.9129
-37.3085
-29.1751
-21.1896
16.9008
19.7928
22.8701
25.9397
28.6838
31.1411
33.1942
34.7018
35.6896
36.2576
36.4851
36.4651
36.2789
35.9792
35.6053
35.1769
34.7027
34.1846
33.6165
32.9864
32.2791
31.4744
30.5455
29.4754
28.2872
27.0281
25.7312
24.4234
23.139
21.9205
20.8177
19.8854
19.1775
18.7513
18.6473
18.878
19.4094
20.1367
20.8024
12.6264
9.38399
5.59909
1.49177
-2.57285
-6.89531
-11.2806
-15.581
-19.8507
-24.0102
-28.0368
-31.9578
-35.7554
-39.4395
-43.0174
-46.4823
-49.8256
-53.0302
-56.0686
-58.9063
-61.4977
-63.789
-65.7288
-67.2767
-68.4312
-69.202
-69.5676
-69.465
-68.817
-67.5452
-65.5736
-62.8311
-59.2572
-54.8117
-49.4845
-43.3128
-36.4037
-28.9723
-21.6228
15.6056
18.372
21.3206
24.2685
26.9104
29.2849
31.2798
32.7574
33.7407
34.3248
34.5848
34.6083
34.4728
34.2293
33.9155
33.5509
33.1447
32.6996
32.2106
31.6678
31.0578
30.3623
29.5571
28.626
27.5887
26.4865
25.348
24.1954
23.0575
21.9699
20.9746
20.118
19.4461
19.0073
18.8367
18.9452
19.3043
19.8261
20.2965
11.5609
8.46821
4.86235
0.956103
-2.90279
-6.99992
-11.1488
-15.2095
-19.2331
-23.1447
-26.923
-30.594
-34.1413
-37.5745
-40.9011
-44.115
-47.2088
-50.1671
-52.9653
-55.5719
-57.946
-60.0388
-61.8048
-63.2081
-64.2517
-64.9476
-65.279
-65.1905
-64.6139
-63.4789
-61.7169
-59.263
-56.0606
-52.0703
-47.2778
-41.7092
-35.4501
-28.6782
-21.9305
14.4066
17.0524
19.8773
22.7078
25.2508
27.5447
29.4824
30.93
31.9073
32.5053
32.7945
32.8574
32.7682
32.5759
32.3165
32.0095
31.6643
31.2844
30.8661
30.4008
29.877
29.2784
28.5832
27.7761
26.8739
25.9126
24.9167
23.9046
22.9001
21.933
21.0382
20.2547
19.621
19.1776
18.9542
18.9604
19.1723
19.5171
19.8186
10.5798
7.63053
4.19599
0.481842
-3.18083
-7.06358
-10.9879
-14.8213
-18.6124
-22.2898
-25.8343
-29.2705
-32.5831
-35.7817
-38.8737
-41.8538
-44.7154
-47.4449
-50.02
-52.4123
-54.5848
-56.4935
-58.0983
-59.3677
-60.3077
-60.9326
-61.2298
-61.1507
-60.6352
-59.621
-58.0469
-55.8539
-52.99
-49.4168
-45.1169
-40.107
-34.4527
-28.2978
-22.1185
13.2974
15.8273
18.5332
21.2505
23.6977
25.9134
27.795
29.2122
30.1823
30.7917
31.107
31.2056
31.1586
31.0127
30.8026
30.5473
30.2569
29.9352
29.5797
29.1831
28.7356
28.2229
27.6252
26.9285
26.1468
25.3114
24.4433
23.5577
22.6742
21.8172
21.0157
20.3017
19.7075
19.2662
19.0027
18.9248
19.013
19.2072
19.3642
9.67717
6.86531
3.59484
0.0641574
-3.41131
-7.09001
-10.8011
-14.419
-17.9899
-21.4465
-24.7707
-27.9864
-31.0791
-34.0583
-36.9313
-39.6935
-42.3394
-44.8564
-47.2246
-49.4184
-51.4043
-53.143
-54.5986
-55.7443
-56.5883
-57.1467
-57.4105
-57.3374
-56.8746
-55.9673
-54.5613
-52.6037
-50.0469
-46.8543
-43.0063
-38.5109
-33.4167
-27.8373
-22.1929
12.2719
14.6906
17.2817
19.8898
22.2445
24.384
26.2105
27.5971
28.5586
29.1774
29.5159
29.6467
29.6377
29.5339
29.3682
29.1596
28.9181
28.6483
28.3484
28.0127
27.6326
27.1956
26.6842
26.0852
25.4106
24.6874
23.9334
23.1612
22.3866
21.6296
20.914
20.2658
19.7115
19.2779
18.9852
18.8401
18.8259
18.8938
18.9289
8.8476
6.16741
3.05394
-0.30138
-3.59849
-7.08286
-10.5912
-14.0048
-17.3676
-20.6157
-23.7327
-26.741
-29.6277
-32.4017
-35.0704
-37.6297
-40.0749
-42.3949
-44.5715
-46.5816
-48.3952
-49.977
-51.2953
-52.3273
-53.0827
-53.5795
-53.8114
-53.742
-53.3249
-52.5124
-51.2567
-49.511
-47.2319
-44.385
-40.9495
-36.926
-32.3483
-27.3032
-22.1607
11.3244
13.6362
16.117
18.6196
20.8846
22.9499
24.7222
26.0782
27.0299
27.6559
28.0148
28.1744
28.1998
28.1339
28.0082
27.8413
27.6436
27.4198
27.1692
26.8871
26.5664
26.1962
25.7608
25.2483
24.6684
24.0447
23.3922
22.721
22.0441
21.3775
20.7404
20.1538
19.6391
19.2177
18.9057
18.7081
18.6111
18.5747
18.5083
8.08591
5.53191
2.56868
-0.619054
-3.74611
-7.04538
-10.3612
-13.5811
-16.747
-19.7984
-22.7201
-25.5337
-28.2273
-30.8096
-33.2878
-35.6582
-37.9171
-40.0543
-42.0536
-43.8942
-45.549
-46.9864
-48.1785
-49.1062
-49.7805
-50.2207
-50.4228
-50.3554
-49.9783
-49.2498
-48.1286
-46.5731
-44.5444
-42.0106
-38.9498
-35.3571
-31.2536
-26.7029
-22.0297
10.4495
12.6586
15.0331
17.4339
19.6121
21.6053
23.3243
24.6493
25.5901
26.2212
26.5978
26.7832
26.8393
26.8074
26.7175
26.5881
26.4293
26.2462
26.039
25.8042
25.5357
25.2241
24.8555
24.4191
23.923
23.3871
22.8244
22.243
21.6531
21.0677
20.5019
19.9728
19.4969
19.0911
18.768
18.5311
18.3686
18.2478
18.0986
7.38723
4.95418
2.13479
-0.892832
-3.85769
-6.9808
-10.1137
-13.15
-16.1296
-18.9954
-21.7333
-24.364
-26.8766
-29.2797
-31.5802
-33.775
-35.861
-37.829
-39.6644
-41.3485
-42.8571
-44.162
-45.2387
-46.0711
-46.6716
-47.0601
-47.2347
-47.1684
-46.8263
-46.1727
-45.1716
-43.7866
-41.9831
-39.7317
-37.01
-33.8089
-30.1387
-26.0438
-21.8079
9.64225
11.7525
14.0247
16.3272
18.4214
20.3442
22.0108
23.3046
24.2333
24.8677
25.2593
25.4675
25.5511
25.5496
25.4917
25.3955
25.2711
25.124
24.9551
24.7618
24.539
24.2786
23.9685
23.5991
23.1765
22.7181
22.2345
21.7324
21.2198
20.7069
20.2058
19.7296
19.2913
18.9039
18.5766
18.3117
18.099
17.9116
17.6961
6.74702
4.42989
1.74815
-1.12647
-3.93666
-6.89216
-9.85125
-12.7136
-15.5169
-18.2075
-20.7724
-23.2315
-25.5747
-27.8102
-29.945
-31.9765
-33.902
-35.7134
-37.3976
-38.9377
-40.312
-41.4955
-42.4666
-43.2125
-43.746
-44.0877
-44.2372
-44.1715
-43.8605
-43.2736
-42.3798
-41.1474
-39.5458
-37.5481
-35.1323
-32.2858
-29.0102
-25.3336
-21.5039
8.89781
10.9132
13.0867
15.2944
17.307
19.1614
20.7763
22.0388
22.9543
23.5901
23.9943
24.2222
24.3302
24.3557
24.3262
24.2594
24.1655
24.0501
23.9148
23.7576
23.5747
23.359
23.1001
22.7892
22.4312
22.0406
21.6266
21.1942
20.7499
20.3016
19.8587
19.4311
19.0289
18.6616
18.336
18.0528
17.8032
17.5646
17.2978
6.16105
3.955
1.40503
-1.32345
-3.98619
-6.78213
-9.5762
-12.2736
-14.9103
-17.4355
-19.8377
-22.1356
-24.32
-26.3992
-28.3796
-30.2594
-32.0361
-33.7027
-35.2473
-36.655
-37.9061
-38.9785
-39.8536
-40.521
-40.9941
-41.2936
-41.4206
-41.3553
-41.0721
-40.5447
-39.7467
-38.6507
-37.2297
-35.4594
-33.3184
-30.7917
-27.8741
-24.5801
-21.1261
8.21177
10.1359
12.2145
14.3304
16.2641
18.0517
19.6157
20.8466
21.7478
22.3833
22.7977
23.0427
23.172
23.2214
23.217
23.1761
23.109
23.0214
22.9154
22.7898
22.6415
22.4647
22.2504
21.9905
21.6888
21.3576
21.0044
20.6332
20.2491
19.858
19.4671
19.084
18.716
18.3701
18.0507
17.7574
17.4822
17.206
16.9009
5.62529
3.52568
1.10183
-1.487
-4.00919
-6.65326
-9.29062
-11.8318
-14.3109
-16.6802
-18.9291
-21.0758
-23.1116
-25.0447
-26.8814
-28.6201
-30.259
-31.7918
-33.2079
-34.4938
-35.6322
-36.6033
-37.3912
-37.9876
-38.4064
-38.6682
-38.775
-38.7102
-38.452
-37.9779
-37.2654
-36.2911
-35.0314
-33.4643
-31.5694
-29.3302
-26.736
-23.7909
-20.6831
7.57993
9.41639
11.4034
13.4309
15.2879
17.0104
18.5243
19.7233
20.6093
21.2426
21.665
21.9246
22.0724
22.1427
22.1603
22.1422
22.0985
22.0351
21.9545
21.8563
21.738
21.5949
21.4192
21.2037
20.9511
20.6715
20.3713
20.0537
19.7223
19.3817
19.0373
18.6946
18.359
18.035
17.7253
17.4287
17.1374
16.8352
16.5032
5.13598
3.13839
0.835253
-1.62024
-4.00844
-6.50799
-8.99646
-11.3896
-13.7197
-15.9421
-18.0469
-20.0515
-21.9483
-23.745
-25.4479
-27.0557
-28.5671
-29.9763
-31.274
-32.4483
-33.4836
-34.3624
-35.0712
-35.6037
-35.9739
-36.202
-36.2912
-36.227
-35.9913
-35.565
-34.9289
-34.063
-32.947
-31.5611
-29.886
-27.9043
-25.6015
-22.9734
-20.1834
6.99841
8.75058
10.6494
12.5913
14.3741
16.033
17.4974
18.6644
19.5341
20.1637
20.592
20.8637
21.0273
21.1158
21.1526
21.1542
21.1309
21.0886
21.03
20.9554
20.863
20.749
20.6066
20.4295
20.2194
19.9848
19.7306
19.4596
19.1743
18.8782
18.5751
18.2691
17.9636
17.6618
17.3646
17.07
16.7706
16.4521
16.103
4.68964
2.78979
0.602185
-1.72596
-3.98646
-6.34849
-8.69563
-10.9485
-13.1379
-15.2216
-17.1909
-19.0623
-20.829
-22.4984
-24.0768
-25.5631
-26.9564
-28.2517
-29.4407
-30.5126
-31.4537
-32.2486
-32.8859
-33.3609
-33.6877
-33.8861
-33.9597
-33.8966
-33.6813
-33.2978
-32.7299
-31.9606
-30.9724
-29.7477
-28.2684
-26.5168
-24.4757
-22.1344
-19.6353
6.46357
8.13466
9.94853
11.8077
13.5184
15.1153
16.5309
17.6657
18.5183
19.1425
19.5746
19.8561
20.0332
20.1372
20.1905
20.2093
20.2036
20.1794
20.1397
20.0855
20.0154
19.9263
19.8126
19.6686
19.4953
19.2994
19.0852
18.8545
18.6095
18.3523
18.086
17.813
17.5357
17.2556
16.9729
16.6846
16.3836
16.0569
15.6988
4.28295
2.47679
0.399676
-1.80683
-3.9456
-6.17685
-8.38981
-10.5099
-12.5662
-14.5191
-16.361
-18.1075
-19.7525
-21.3033
-22.7658
-24.1394
-25.4235
-26.6138
-27.7027
-28.6809
-29.5362
-30.255
-30.8277
-31.2511
-31.5393
-31.7115
-31.7717
-31.71
-31.5132
-31.1682
-30.6612
-29.9779
-29.1032
-28.0216
-26.7163
-25.1697
-23.3629
-21.2807
-19.0465
5.97193
7.56509
9.29709
11.0763
12.717
14.2533
15.6209
16.7233
17.5578
18.1751
18.6092
18.8983
19.0866
19.2038
19.2712
19.3047
19.314
19.3053
19.282
19.245
19.1939
19.1262
19.0371
18.9216
18.7799
18.6174
18.4376
18.242
18.0318
17.8088
17.5748
17.3316
17.0804
16.8217
16.5545
16.2758
15.9782
15.6501
15.2898
3.91286
2.19646
0.225093
-1.86529
-3.8881
-5.99493
-8.08054
-10.0748
-12.0053
-13.8351
-15.5572
-17.1865
-18.7177
-20.1577
-21.5126
-22.7817
-23.9649
-25.0583
-26.0555
-26.948
-27.725
-28.3749
-28.8893
-29.2666
-29.5207
-29.6699
-29.7185
-29.6585
-29.4788
-29.1682
-28.7156
-28.1088
-27.3348
-26.38
-25.229
-23.8648
-22.2673
-20.4181
-18.4248
5.5203
7.03852
8.69162
10.3935
11.9664
13.4435
14.7636
15.8335
16.649
17.2581
17.6923
17.9871
18.1843
18.3125
18.3919
18.4378
18.46
18.4645
18.4549
18.4327
18.3977
18.3481
18.28
18.1888
18.0742
17.9405
17.7903
17.6248
17.445
17.2518
17.0464
16.8298
16.6026
16.3644
16.1137
15.8469
15.5568
15.2325
14.8757
3.57649
1.94609
0.0758832
-1.90364
-3.81595
-5.80442
-7.76921
-9.6443
-11.4561
-13.1697
-14.7791
-16.2986
-17.7234
-19.0602
-20.3149
-21.4872
-22.5771
-23.5814
-24.4944
-25.3085
-26.0144
-26.6018
-27.0639
-27.4
-27.6238
-27.7529
-27.7917
-27.7337
-27.5696
-27.2902
-26.8861
-26.3472
-25.6626
-24.82
-23.8057
-22.6032
-21.1922
-19.5522
-17.7769
5.10568
6.55182
8.12891
9.75601
11.263
12.6823
13.9555
14.9927
15.7885
16.3881
16.8207
17.1193
17.3236
17.4607
17.55
17.6064
17.6393
17.6549
17.6569
17.6471
17.6258
17.5915
17.5412
17.4707
17.3794
17.2702
17.1455
17.0059
16.8522
16.685
16.5048
16.3122
16.1069
15.8884
15.6544
15.401
15.1214
14.8051
14.4562
3.27116
1.72316
-0.0502882
-1.924
-3.73102
-5.60694
-7.45701
-9.21929
-10.9188
-12.523
-14.0266
-15.4431
-16.7683
-18.009
-19.1705
-20.2532
-21.257
-22.1792
-23.0149
-23.7575
-24.3987
-24.9296
-25.3448
-25.6442
-25.8413
-25.9528
-25.9835
-25.9277
-25.7779
-25.5265
-25.1658
-24.6873
-24.0817
-23.3384
-22.4449
-21.3857
-20.1406
-18.6878
-17.1093
4.72525
6.10211
7.60592
9.16072
10.6036
11.9665
13.1934
14.1979
14.9732
15.562
15.9916
16.2922
16.5016
16.6459
16.7433
16.8082
16.8501
16.875
16.8867
16.8873
16.8774
16.856
16.8207
16.7678
16.6961
16.6079
16.5049
16.3877
16.2565
16.1118
15.9539
15.7825
15.5975
15.3975
15.1801
14.9413
14.6743
14.3691
14.0315
2.99437
1.52531
-0.155598
-1.92827
-3.635
-5.40393
-7.14514
-8.80061
-10.3941
-11.8952
-13.2992
-14.6191
-15.8513
-17.0023
-18.0774
-19.0769
-20.0012
-20.848
-21.6128
-22.2901
-22.8726
-23.3525
-23.7254
-23.9922
-24.1657
-24.2621
-24.2859
-24.2327
-24.0961
-23.87
-23.548
-23.1231
-22.5875
-21.932
-21.1452
-20.2127
-19.1148
-17.8293
-16.428
4.37641
5.68663
7.11983
8.60471
9.98541
11.293
12.4743
13.4459
14.2
14.777
15.202
15.503
15.7161
15.8657
15.9695
16.0415
16.0907
16.1231
16.1429
16.1521
16.1516
16.141
16.1183
16.0802
16.0252
15.9548
15.8704
15.7722
15.6605
15.5354
15.3969
15.2446
15.0779
14.8953
14.6943
14.4706
14.2176
13.9258
13.6022
2.74382
1.35035
-0.242066
-1.91832
-3.52953
-5.19668
-6.8346
-8.38894
-9.88225
-11.2861
-12.5965
-13.8259
-14.9711
-16.0385
-17.0331
-17.9557
-18.8065
-19.5839
-20.2839
-20.9016
-21.4307
-21.8646
-22.1997
-22.4375
-22.5905
-22.6737
-22.6919
-22.6414
-22.517
-22.3137
-22.0263
-21.6491
-21.1754
-20.5973
-19.9047
-19.0841
-18.1167
-16.9804
-15.7381
4.05671
5.30286
6.66801
8.08525
9.40548
10.6592
11.7954
12.734
13.4662
14.0302
14.4494
14.7495
14.9646
15.1181
15.2269
15.3043
15.3594
15.398
15.4243
15.4405
15.4479
15.4462
15.4339
15.4083
15.3674
15.312
15.2433
15.1615
15.0665
14.9585
14.837
14.7017
14.5517
14.3854
14.2
13.9916
13.7536
13.4767
13.1689
2.51731
1.19625
-0.311557
-1.89582
-3.41603
-4.98643
-6.52631
-7.98487
-9.38348
-10.6957
-11.9181
-13.0626
-14.1265
-15.1159
-16.0358
-16.887
-17.6701
-18.3835
-19.0242
-19.5875
-20.0683
-20.4606
-20.7618
-20.9739
-21.1088
-21.1808
-21.1944
-21.1468
-21.0336
-20.8509
-20.5945
-20.2596
-19.8408
-19.3311
-18.7215
-17.9997
-17.1479
-16.1443
-15.0444
3.76389
4.94842
6.24801
7.59983
8.86129
10.0622
11.1538
12.0595
12.7691
13.3193
13.7315
14.0294
14.2451
14.4012
14.5135
14.5951
14.6548
14.6983
14.7298
14.7518
14.7655
14.7711
14.7675
14.7522
14.7231
14.6805
14.6251
14.5572
14.4766
14.3833
14.2768
14.1566
14.0217
13.8705
13.7002
13.5069
13.2843
13.0232
12.7325
2.31285
1.0611
-0.365808
-1.86232
-3.29586
-4.77425
-6.22107
-7.58889
-8.89797
-10.1237
-11.2634
-12.3282
-13.316
-14.2327
-15.0832
-15.8682
-16.5887
-17.2434
-17.8296
-18.3435
-18.7803
-19.1352
-19.4062
-19.5954
-19.7146
-19.7769
-19.7869
-19.7422
-19.6395
-19.4754
-19.2467
-18.9495
-18.5792
-18.1299
-17.5935
-16.9589
-16.2092
-15.3236
-14.351
3.49582
4.62114
5.85755
7.14608
8.35042
9.49971
10.5473
11.42
12.1063
12.6418
13.0461
13.3405
13.5557
13.713
13.8277
13.9124
13.9756
14.0229
14.0584
14.0849
14.1038
14.1153
14.1188
14.1121
14.0929
14.0609
14.0169
13.9608
13.8926
13.812
13.7186
13.6119
13.4907
13.3534
13.1975
13.0189
12.8116
12.5669
12.2939
2.12854
0.943126
-0.40647
-1.81927
-3.17027
-4.56116
-5.91962
-7.20151
-8.42589
-9.5701
-10.6318
-11.6218
-12.5384
-13.3873
-14.1731
-14.8969
-15.5595
-16.1602
-16.6965
-17.1652
-17.5622
-17.8833
-18.1273
-18.2964
-18.4018
-18.4559
-18.463
-18.4215
-18.3284
-18.1812
-17.9773
-17.7137
-17.3863
-16.9903
-16.5185
-15.9608
-15.3013
-14.5205
-13.6614
3.25052
4.31892
5.49452
6.72182
7.87065
8.96946
9.9735
10.8131
11.4755
11.9955
12.3911
12.6811
12.8945
13.0521
13.1681
13.2548
13.3205
13.3706
13.4093
13.4393
13.4622
13.4785
13.4878
13.4881
13.4771
13.4541
13.4196
13.3735
13.3159
13.2464
13.1646
13.0698
12.9609
12.8365
12.694
12.5296
12.3375
12.1093
11.8542
1.96272
0.840745
-0.434983
-1.76796
-3.04037
-4.34807
-5.62264
-6.82307
-7.96728
-9.03449
-10.0227
-10.9424
-11.7923
-12.578
-13.3036
-13.9704
-14.5796
-15.1305
-15.6211
-16.0486
-16.4095
-16.7003
-16.92
-17.0714
-17.1648
-17.2119
-17.217
-17.1785
-17.0944
-16.9626
-16.781
-16.5473
-16.258
-15.9091
-15.4943
-15.0042
-14.4245
-13.7366
-12.9786
3.02622
4.03991
5.15696
6.32497
7.41983
8.46924
9.43024
10.2369
10.8744
11.3785
11.7647
12.0493
12.26
12.4167
12.5331
12.621
12.6883
12.7404
12.7814
12.8141
12.8401
12.8602
12.8741
12.8802
12.876
12.8605
12.834
12.7965
12.748
12.6881
12.6164
12.5322
12.4345
12.3219
12.192
12.041
11.8636
11.6517
11.4144
1.81379
0.752535
-0.452678
-1.70949
-2.90705
-4.13565
-5.33053
-6.4538
-7.52204
-8.51658
-9.43553
-10.289
-11.0765
-11.803
-12.4726
-13.0865
-13.6462
-14.1512
-14.5998
-14.9897
-15.3179
-15.5813
-15.7795
-15.9152
-15.9982
-16.0395
-16.0431
-16.0078
-15.9321
-15.8142
-15.6527
-15.4456
-15.1902
-14.883
-14.5184
-14.0881
-13.5788
-12.9732
-12.3052
2.82126
3.78236
4.843
5.95359
6.99592
7.99694
8.91526
9.68901
10.301
10.789
11.1654
11.4436
11.6505
11.8055
11.9215
12.0098
12.078
12.1313
12.174
12.2086
12.237
12.26
12.2776
12.2884
12.2897
12.2805
12.2607
12.2306
12.1899
12.1383
12.0754
12.0007
11.9132
11.8114
11.6931
11.555
11.3917
11.1956
10.9756
1.68015
0.676967
-0.460946
-1.64513
-2.77143
-3.92468
-5.0438
-6.09385
-7.08994
-8.01587
-8.86931
-9.66058
-10.3897
-11.0611
-11.6782
-12.2428
-12.7566
-13.2193
-13.6293
-13.9848
-14.2832
-14.5221
-14.701
-14.8229
-14.897
-14.9334
-14.936
-14.904
-14.8361
-14.731
-14.5876
-14.4043
-14.179
-13.9087
-13.5885
-13.211
-12.7639
-12.2313
-11.6434
2.63397
3.54463
4.55112
5.60603
6.5973
7.5508
8.42668
9.16746
9.7529
10.2251
10.5916
10.8625
11.0646
11.2171
11.3321
11.4201
11.4885
11.5426
11.5862
11.6222
11.6523
11.6775
11.698
11.7125
11.7184
11.7143
11.7003
11.6763
11.6424
11.5981
11.5431
11.4768
11.3984
11.3066
11.1992
11.073
10.9232
10.7423
10.5392
1.56023
0.612296
-0.461513
-1.57659
-2.63496
-3.71662
-4.76356
-5.74387
-6.67116
-7.53238
-8.32299
-9.05526
-9.73022
-10.3501
-10.918
-11.4366
-11.9079
-12.3315
-12.7062
-13.0303
-13.3017
-13.5183
-13.6801
-13.7899
-13.8562
-13.8887
-13.8908
-13.8621
-13.8015
-13.7081
-13.581
-13.4192
-13.2207
-12.9831
-12.7022
-12.3713
-11.9793
-11.5113
-10.9945
2.46276
3.32519
4.27983
5.2811
6.22298
7.13004
7.9638
8.67118
9.22721
9.68427
10.0414
10.3042
10.5007
10.6502
10.7636
10.8508
10.9189
10.9731
11.0173
11.0541
11.0854
11.1122
11.135
11.1525
11.1621
11.1623
11.153
11.1344
11.1063
11.0683
11.0203
10.9616
10.8914
10.8087
10.7114
10.5965
10.4594
10.293
10.1061
1.45293
0.557579
-0.455282
-1.50474
-2.49862
-3.51242
-4.49067
-5.40475
-6.26651
-7.06689
-7.79603
-8.47152
-9.096
-9.66791
-10.1896
-10.6651
-11.097
-11.4846
-11.8267
-12.1222
-12.3691
-12.5658
-12.7125
-12.8116
-12.8715
-12.9008
-12.9029
-12.8775
-12.8237
-12.7411
-12.629
-12.4864
-12.3119
-12.1035
-11.8574
-11.5677
-11.2244
-10.8138
-10.3602
2.30647
3.12271
4.0278
4.97724
5.87145
6.7332
7.52592
8.19986
8.7225
9.16477
9.51293
9.76684
9.95696
10.1029
10.2144
10.3004
10.3679
10.4219
10.4663
10.5035
10.5356
10.5636
10.588
10.6079
10.6205
10.6244
10.6192
10.6052
10.5821
10.5499
10.508
10.4561
10.3935
10.3191
10.2311
10.1267
10.0016
9.84902
9.67757
1.35831
0.513381
-0.441086
-1.42799
-2.3606
-3.30996
-4.2234
-5.07513
-5.87526
-6.61757
-7.28846
-7.91191
-8.48967
-9.0155
-9.49267
-9.92754
-10.3225
-10.6764
-10.9881
-11.2571
-11.4817
-11.6605
-11.7937
-11.8836
-11.938
-11.9648
-11.9672
-11.9452
-11.898
-11.8254
-11.7269
-11.6017
-11.4488
-11.2664
-11.0513
-10.7983
-10.4981
-10.1385
-9.74109
2.16469
2.93641
3.79302
4.69158
5.53892
6.35545
7.10814
7.74934
8.24045
8.67023
9.008
9.25074
9.43346
9.57537
9.68422
9.76837
9.83474
9.8881
9.93221
9.9696
10.002
10.0308
10.0566
10.0784
10.0935
10.1004
10.0988
10.0887
10.0702
10.043
10.0067
9.96102
9.90531
9.83858
9.7592
9.66461
9.55079
9.41124
9.25445
1.27563
0.479152
-0.418874
-1.34583
-2.21957
-3.10706
-3.95837
-4.75138
-5.49323
-6.17996
-6.79587
-7.37732
-7.91451
-8.39421
-8.82702
-9.22329
-9.58366
-9.90571
-10.1889
-10.4331
-10.6372
-10.7996
-10.9205
-11.0024
-11.0522
-11.0772
-11.0805
-11.062
-11.0212
-10.958
-10.872
-10.7625
-10.6291
-10.47
-10.2824
-10.0619
-9.80007
-9.48581
-9.13845
2.03666
2.76516
3.57416
4.42196
5.22218
5.99199
6.70432
7.31017
7.77548
8.2031
8.52913
8.75605
8.92997
9.06777
9.17363
9.25535
9.32006
9.37241
9.41595
9.45307
9.48558
9.51473
9.54133
9.5645
9.58168
9.59112
9.59252
9.58597
9.57141
9.54868
9.51745
9.47742
9.42804
9.36842
9.29708
9.21164
9.10837
8.98111
8.83819
1.21217
0.453514
-0.40125
-1.27846
-2.10102
-2.93083
-3.7167
-4.44195
-5.10629
-5.72332
-6.24047
-6.80456
-7.33976
-7.79737
-8.20741
-8.58801
-8.93552
-9.24496
-9.5165
-9.75081
-9.94667
-10.1026
-10.2186
-10.2973
-10.3453
-10.3699
-10.3744
-10.3587
-10.3227
-10.2667
-10.1881
-10.0891
-9.96896
-9.82589
-9.65726
-9.45904
-9.22384
-8.94138
-8.6295
1.93797
2.63125
3.40182
4.20251
4.9543
5.66693
6.31529
6.84326
7.24787
7.73425
8.07909
8.30325
8.4796
8.62327
8.73335
8.81773
8.8846
8.93905
8.98446
9.02334
9.05762
9.08866
9.11737
9.143
9.16292
9.17518
9.17943
9.17585
9.16443
9.145
9.11736
9.0812
9.03602
8.98114
8.91516
8.83585
8.73975
8.62083
8.48737
1.16222
0.434544
-0.38381
-1.21825
-1.99414
-2.76772
-3.48705
-4.13799
-4.71271
-5.24713
-5.63712
-6.20842
-6.76797
-7.22024
-7.62212
-8.00199
-8.35085
-8.66058
-8.93191
-9.16611
-9.36197
-9.51788
-9.634
-9.71293
-9.76158
-9.78723
-9.79378
-9.78043
-9.74832
-9.69793
-9.62308
-9.53056
-9.41935
-9.287
-9.13105
-8.9481
-8.73136
-8.47096
-8.18346
1.8587
2.52217
3.25758
4.01288
4.71379
5.36065
5.92983
6.36098
6.68701
7.26211
7.6486
7.88107
8.06733
8.22328
8.34275
8.43358
8.50553
8.56429
8.61341
8.65558
8.6929
8.72699
8.75887
8.78787
8.81123
8.82666
8.83382
8.83302
8.82426
8.80744
8.78244
8.74899
8.7067
8.65497
8.59251
8.51717
8.42565
8.31193
8.18443
1.11424
0.417915
-0.363546
-1.15475
-1.88384
-2.60106
-3.25514
-3.83319
-4.32316
-4.77683
-5.04817
-5.61791
-6.19594
-6.64156
-7.03262
-7.4086
-7.7568
-8.06553
-8.33558
-8.56889
-8.76442
-8.92017
-9.03646
-9.1159
-9.16533
-9.19227
-9.20113
-9.19063
-9.16286
-9.11878
-9.04846
-8.96313
-8.86167
-8.74066
-8.59779
-8.43028
-8.23205
-7.99388
-7.73336
1.78093
2.41445
3.11434
3.82423
4.47514
5.0565
5.54961
5.88939
6.13838
6.78377
7.2122
7.45335
7.64669
7.81311
7.94151
8.0385
8.11514
8.17787
8.23051
8.27583
8.31608
8.35307
8.38806
8.42042
8.44715
8.46573
8.47589
8.47789
8.47182
8.45768
8.43535
8.40466
8.36537
8.3169
8.25812
8.18702
8.10041
7.99241
7.87185
1.06839
0.40346
-0.34089
-1.08891
-1.7714
-2.43264
-3.02321
-3.52975
-3.94037
-4.312
-4.47769
-5.03573
-5.62321
-6.06145
-6.44044
-6.80949
-7.15472
-7.46111
-7.7289
-7.96059
-8.15527
-8.31072
-8.42724
-8.50734
-8.55759
-8.58585
-8.59686
-8.58879
-8.56487
-8.52625
-8.45962
-8.3804
-8.28757
-8.17685
-8.04614
-7.89332
-7.71273
-7.49484
-7.25363
1.70508
2.30882
2.97317
3.63807
4.24014
4.75637
5.17725
5.42901
5.60573
6.30004
6.76853
7.02064
7.21918
7.3939
7.53041
7.63343
7.71454
7.78095
7.83679
7.88502
7.928
7.96773
8.00565
8.04124
8.07127
8.09301
8.1062
8.11112
8.10796
8.09672
8.0773
8.04961
8.01345
7.96825
7.91298
7.84583
7.76371
7.66069
7.54489
1.02506
0.391291
-0.316088
-1.02138
-1.65794
-2.2641
-2.79326
-3.22993
-3.56662
-3.85407
-3.92829
-4.46459
-5.05072
-5.47964
-5.84565
-6.20518
-6.54491
-6.84757
-7.11225
-7.34168
-7.53502
-7.69006
-7.80688
-7.88805
-7.94014
-7.97129
-7.98649
-7.98336
-7.96612
-7.93593
-7.87646
-7.80647
-7.72488
-7.62661
-7.50957
-7.37213
-7.20978
-7.01537
-6.80905
1.63185
2.20618
2.83525
3.45599
4.01057
4.46193
4.81446
4.97849
5.08865
5.81195
6.31616
6.58185
6.78532
6.96658
7.10995
7.21834
7.3036
7.37365
7.43279
7.48397
7.52968
7.57211
7.61283
7.65159
7.68489
7.70976
7.72585
7.73359
7.73323
7.72485
7.7085
7.6842
7.65185
7.611
7.56072
7.49919
7.42354
7.32856
7.22431
0.98454
0.381304
-0.289822
-0.953228
-1.54504
-2.09752
-2.56785
-2.93675
-3.2047
-3.40541
-3.40149
-3.90618
-4.47933
-4.8959
-5.24812
-5.59587
-5.92759
-6.22491
-6.48565
-6.71244
-6.9045
-7.0593
-7.17632
-7.25754
-7.30924
-7.34008
-7.35539
-7.3525
-7.33652
-7.3087
-7.25071
-7.1846
-7.1094
-7.01967
-6.9136
-6.7898
-6.6429
-6.46209
-6.25333
1.56201
2.10772
2.70196
3.27988
3.78816
4.17494
4.46275
4.53672
4.58461
5.32015
5.85426
6.13513
6.34446
6.53218
6.6822
6.79523
6.88343
6.95601
7.01787
7.07191
7.12052
7.16586
7.20972
7.25192
7.28893
7.31758
7.33731
7.34855
7.3515
7.3461
7.33238
7.31033
7.27987
7.24069
7.19218
7.13269
7.05923
6.96521
6.85587
0.947108
0.372893
-0.263553
-0.886735
-1.43519
-1.93579
-2.34963
-2.65279
-2.85632
-2.96782
-2.89816
-3.36152
-3.91006
-4.31033
-4.64732
-4.9811
-5.30253
-5.59279
-5.84839
-6.07164
-6.26223
-6.41794
-6.53853
-6.62619
-6.68687
-6.72805
-6.75507
-6.76501
-6.76367
-6.75213
-6.70889
-6.65818
-6.59905
-6.52515
-6.43466
-6.32729
-6.20162
-6.05619
-5.9213
1.49677
2.01526
2.57568
3.11242
3.57443
3.89551
4.12062
4.09954
4.08733
4.82412
5.38349
5.6792
5.89334
6.08698
6.24542
6.36585
6.45862
6.53333
6.5962
6.65114
6.70103
6.74816
6.7944
6.83939
6.87945
6.91133
6.93468
6.95015
6.95811
6.95874
6.95216
6.93839
6.91727
6.88824
6.85042
6.80226
6.742
6.66719
6.59247
0.913013
0.365305
-0.239243
-0.824869
-1.332
-1.78275
-2.14136
-2.37944
-2.52158
-2.54241
-2.41796
-2.83086
-3.34374
-3.7229
-4.04215
-4.35935
-4.66824
-4.95044
-5.20073
-5.41993
-5.60684
-5.7582
-5.87202
-5.9489
-5.99644
-6.02516
-6.04067
-6.03976
-6.02841
-6.00722
-5.9561
-5.90154
-5.84264
-5.77322
-5.69134
-5.59554
-5.47794
-5.32078
-5.1088
1.43726
1.93064
2.45914
2.95691
3.3713
3.62445
3.78708
3.66229
3.58647
4.31877
4.90461
5.21878
5.43671
5.62969
5.79008
5.91671
6.01851
6.10233
6.1724
6.23211
6.28494
6.33415
6.38246
6.43004
6.47297
6.50711
6.53147
6.54641
6.55216
6.54884
6.53679
6.51643
6.48823
6.45247
6.4089
6.35584
6.28855
6.19523
6.07019
0.882546
0.359058
-0.216496
-0.768145
-1.23737
-1.64213
-1.94763
-2.12262
-2.20692
-2.1352
-1.96078
-2.3137
-2.78082
-3.13374
-3.43213
-3.72894
-4.02087
-4.29203
-4.53776
-4.75889
-4.95455
-5.12289
-5.2637
-5.37832
-5.4675
-5.53473
-5.5871
-5.62256
-5.65011
-5.66979
-5.65333
-5.62922
-5.5977
-5.55174
-5.4903
-5.41578
-5.33465
-5.25969
-5.24888
1.3834
1.8537
2.35289
2.81549
3.1826
3.37155
3.47453
3.22761
3.07229
3.79187
4.40509
4.75042
4.98969
5.19067
5.34522
5.45806
5.54701
5.62529
5.69765
5.76466
5.82673
5.8852
5.94224
5.99888
6.05298
6.10149
6.14345
6.17921
6.20871
6.23176
6.24788
6.25643
6.2566
6.24746
6.2283
6.1991
6.16301
6.12881
6.1285
0.856125
0.35531
-0.193477
-0.714571
-1.15064
-1.51636
-1.77547
-1.89738
-1.93093
-1.75844
-1.52769
-1.81199
-2.22232
-2.54131
-2.81626
-3.09186
-3.3629
-3.61324
-3.8372
-4.03423
-4.20146
-4.33237
-4.42085
-4.46637
-4.48579
-4.49756
-4.50364
-4.4974
-4.48169
-4.45648
-4.40796
-4.36247
-4.31814
-4.26896
-4.21222
-4.14351
-4.04548
-3.88198
-3.59224
1.33507
1.78397
2.25676
2.68887
3.01293
3.1531
3.20053
2.79657
2.54215
3.24028
3.85935
4.22298
4.49745
4.74849
4.95195
5.09373
5.18374
5.24021
5.28004
5.31459
5.35009
5.38981
5.4348
5.4809
5.51865
5.54377
5.55758
5.56128
5.55589
5.5425
5.52239
5.49722
5.46853
5.43736
5.40315
5.36155
5.29917
5.18451
4.97853
0.834169
0.349061
-0.179749
-0.67571
-1.08307
-1.41362
-1.62898
-1.70551
-1.68532
-1.39704
-1.11142
-1.33194
-1.67563
-1.94349
-2.18341
-2.43833
-2.70508
-2.96924
-3.22436
-3.46965
-3.70532
-3.93258
-4.15171
-4.35631
-4.52298
-4.64413
-4.74167
-4.82187
-4.90406
-4.98529
-5.01342
-5.01982
-5.01966
-5.00835
-4.9832
-4.9508
-4.93552
-4.98023
-5.19756
1.29814
1.73152
2.18289
2.58616
2.86565
2.95999
2.91938
2.31491
1.98421
2.69692
3.31295
3.64638
3.87407
4.08974
4.30514
4.5167
4.71746
4.89483
5.04054
5.15435
5.24178
5.31063
5.37206
5.44255
5.53354
5.63383
5.7287
5.81452
5.8909
5.95731
6.01214
6.05324
6.07913
6.08934
6.08606
6.07629
6.08103
6.14404
6.34922
0.816726
0.326277
-0.20322
-0.688601
-1.07235
-1.36054
-1.5121
-1.51436
-1.39021
-0.972091
-0.680737
-0.86696
-1.15575
-1.3662
-1.5365
-1.70172
-1.86485
-2.01981
-2.16213
-2.28702
-2.38388
-2.43586
-2.43072
-2.37572
-2.32381
-2.30355
-2.29697
-2.2778
-2.23692
-2.2105
-2.16284
-2.12013
-2.08917
-2.06077
-2.029
-1.98664
-1.89717
-1.69629
-1.23851
1.28546
1.71955
2.16133
2.53425
2.75095
2.75214
2.50666
1.67283
1.33865
2.14679
2.88165
3.33802
3.60214
3.71644
3.70306
3.61512
3.5086
3.42866
3.39189
3.3968
3.43473
3.49761
3.57203
3.62829
3.63767
3.61811
3.5964
3.57553
3.5541
3.53158
3.51058
3.49442
3.48524
3.48321
3.48434
3.47523
3.41762
3.23477
2.80693
0.804296
0.289586
-0.261158
-0.75424
-1.12498
-1.37058
-1.44578
-1.34286
-1.06187
-0.514209
-0.226265
-0.365
-0.616808
-0.861017
-1.11104
-1.37396
-1.65156
-1.94486
-2.25754
-2.59651
-2.97122
-3.38559
-3.81877
-4.2203
-4.50386
-4.67147
-4.83378
-4.96241
-5.17846
-5.49229
-5.3921
-5.39819
-5.48651
-5.54952
-5.57437
-5.59742
-5.67726
-5.89467
-6.40549
1.29459
1.74424
2.19042
2.5398
2.69025
2.56396
2.03802
1.00095
0.551096
1.26292
2.08064
2.9032
3.71373
4.49208
5.15628
5.6608
6.0147
6.22938
6.33793
6.37764
6.38058
6.37218
6.38919
6.49178
6.70511
6.9433
7.13741
7.2943
7.42873
7.54367
7.63449
7.69861
7.73738
7.75546
7.76394
7.78537
7.8767
8.1257
8.67457
125.245
122.916
119.925
116.269
111.769
106.364
100.222
93.7601
87.3672
81.194
75.2346
69.4589
63.8588
58.444
53.2262
48.2139
43.4103
38.816
34.4303
30.2514
26.2755
22.4991
18.9173
15.5252
12.3175
9.28928
6.43569
3.75231
1.23598
-1.11677
-3.3086
-5.34143
-7.21732
-8.93742
-10.5032
-11.9168
-13.1806
-14.2975
-15.2705
-16.1031
-16.7989
-17.363
-17.8007
-18.1177
-18.3209
-18.4174
-18.4149
-18.3212
-18.1446
-17.8933
-17.5756
-17.1996
-16.7733
-16.3042
-15.7994
-15.2657
-14.7092
-14.1355
-13.5497
-12.9564
-12.3595
-11.7625
-11.1683
-10.5795
-9.99829
-9.42601
-8.86503
-8.38756
-7.96176
-7.53665
-7.06901
-6.66049
-6.0904
-5.83632
-4.93675
-5.26206
-3.36674
-5.35416
-0.952311
-6.75199
124.922
121.049
116.582
111.917
107.1
102.239
97.4325
92.7446
88.1763
83.7463
79.4621
75.3321
71.3651
67.5673
63.9437
60.4974
57.2298
54.1412
51.2298
48.4922
45.9244
43.5208
41.2751
39.1805
37.2296
35.415
33.7291
32.1645
30.7139
29.3703
28.1271
26.9777
25.9158
24.9354
24.0306
23.1954
22.4242
21.7111
21.0505
20.4368
19.8646
19.3283
18.823
18.3436
17.8854
17.4442
17.0161
16.5975
16.1854
15.7771
15.3705
14.9639
14.556
14.146
13.7333
13.3178
12.8996
12.479
12.0567
11.6332
11.2096
10.7867
10.3654
9.94666
9.53166
9.1211
8.71674
8.37425
8.0764
7.77037
7.44694
7.13814
6.7629
6.5327
5.96463
6.12772
4.81042
6.48696
2.52072
8.91374
50.15
49.6283
49.2995
49.0231
48.7453
48.433
48.012
47.4201
46.6336
45.6287
44.3917
42.9346
41.2792
39.4481
37.4619
35.3409
33.1057
30.7774
28.3769
25.925
23.4416
20.946
18.4559
15.9879
13.5571
11.177
8.85943
6.61472
4.45221
2.37947
0.403162
-1.47116
-3.23979
-4.89929
-6.44672
-7.87931
-9.19429
-10.3899
-11.4652
-12.4201
-13.2554
-13.9728
-14.5748
-15.0644
-15.4455
-15.7231
-15.9022
-15.9886
-15.9888
-15.9093
-15.7572
-15.5394
-15.263
-14.9351
-14.5623
-14.1512
-13.7081
-13.2386
-12.7482
-12.2418
-11.7238
-11.198
-10.6682
-10.1371
-9.60775
-9.0819
-8.56208
-8.11727
-7.71794
-7.32054
-6.87546
-6.49428
-5.94142
-5.71361
-4.8318
-5.16621
-3.32429
-5.24403
-1.03249
-6.58615
50.4356
50.59
51.1118
51.6241
52.018
52.264
52.3413
52.2429
51.9682
51.531
50.9395
50.2047
49.3398
48.357
47.2707
46.0955
44.8462
43.5376
42.1854
40.8043
39.4085
38.0111
36.6241
35.2586
33.924
32.6278
31.3766
30.1752
29.0269
27.9339
26.8975
25.9177
24.9938
24.1245
23.3081
22.5421
21.824
21.1508
20.5195
19.9266
19.3687
18.8422
18.3435
17.869
17.4152
16.9785
16.5559
16.1442
15.7406
15.3427
14.9483
14.5558
14.1635
13.7704
13.3757
12.979
12.5802
12.1792
11.7765
11.3725
10.9678
10.5631
10.1594
9.7575
9.35847
8.96297
8.57283
8.24192
7.95382
7.65779
7.34359
7.04464
6.67847
6.45587
5.90217
6.06067
4.78376
6.39591
2.59336
8.69453
24.6845
24.3772
24.0697
23.738
23.381
23.0134
22.6415
22.2665
21.8982
21.5399
21.1812
20.8112
20.4147
19.9761
19.4816
18.9188
18.2787
17.5543
16.7408
15.8363
14.8415
13.7594
12.595
11.3559
10.051
8.69073
7.28674
5.85107
4.39651
2.93546
1.4802
0.0431268
-1.36418
-2.73046
-4.04545
-5.30033
-6.48736
-7.59982
-8.63182
-9.57852
-10.4362
-11.2024
-11.8754
-12.4545
-12.9403
-13.3342
-13.6383
-13.8558
-13.9904
-14.0468
-14.0298
-13.9447
-13.7974
-13.5936
-13.3393
-13.0403
-12.7024
-12.3312
-11.9319
-11.5094
-11.0684
-10.6131
-10.1473
-9.67436
-9.19748
-8.71908
-8.24152
-7.83052
-7.45894
-7.08962
-6.6698
-6.31379
-5.78665
-5.57272
-4.73392
-5.03983
-3.31069
-5.08308
-1.15497
-6.33852
24.8523
24.948
25.1089
25.2763
25.4826
25.7317
26.0168
26.3325
26.6713
27.0237
27.3763
27.7174
28.0357
28.3201
28.5611
28.7498
28.879
28.9429
28.9375
28.8605
28.7116
28.4918
28.204
27.8528
27.4439
26.9839
26.48
25.9404
25.3726
24.7846
24.1838
23.5769
22.97
22.3683
21.7763
21.1974
20.6344
20.0892
19.5628
19.0557
18.5679
18.0988
17.6473
17.212
16.7913
16.3833
15.9861
15.5978
15.2163
14.8399
14.4668
14.0955
13.7247
13.3534
12.9808
12.6063
12.2296
11.8507
11.4697
11.087
10.703
10.3183
9.93375
9.55011
9.16844
8.78934
8.41465
8.09643
7.81914
7.53404
7.23056
6.94152
6.58786
6.36916
5.83994
5.97723
4.77269
6.26634
2.70198
8.43846
24.3358
24.1703
23.9731
23.7291
23.4199
23.033
22.5599
21.9997
21.3706
20.7047
20.0158
19.3068
18.5793
17.8364
17.0811
16.3143
15.5359
14.7446
13.9377
13.1123
12.2652
11.393
10.4925
9.56131
8.59784
7.60145
6.57303
5.51447
4.42953
3.32288
2.20065
1.07006
-0.061319
-1.18514
-2.29261
-3.37516
-4.42433
-5.43209
-6.39081
-7.29354
-8.13421
-8.90765
-9.60957
-10.2365
-10.7863
-11.2577
-11.6503
-11.9647
-12.2026
-12.3663
-12.4588
-12.4837
-12.4453
-12.3482
-12.1971
-11.9973
-11.7536
-11.4713
-11.1553
-10.8104
-10.4412
-10.0519
-9.64666
-9.22891
-8.80213
-8.36925
-7.93246
-7.55392
-7.20839
-6.86519
-6.46914
-6.13707
-5.63338
-5.43562
-4.63052
-4.92537
-3.27275
-4.96017
-1.20705
-6.1727
24.453
24.546
24.621
24.6705
24.7005
24.7074
24.6936
24.6646
24.624
24.5746
24.5188
24.4593
24.3977
24.3353
24.2726
24.2092
24.1442
24.0758
24.0013
23.9181
23.8228
23.712
23.5823
23.4306
23.2544
23.0516
22.821
22.5622
22.2757
21.9629
21.626
21.2676
20.8911
20.4998
20.0976
19.6879
19.2743
18.8597
18.4469
18.0379
17.6346
17.238
16.8488
16.4674
16.0935
15.7266
15.366
15.0107
14.6597
14.3117
13.9656
13.6203
13.2748
12.9282
12.5798
12.2292
11.876
11.5201
11.1615
10.8005
10.4375
10.073
9.7078
9.34252
8.97822
8.61547
8.25616
7.95028
7.68327
7.4085
7.11528
6.836
6.49366
6.28125
5.76981
5.8989
4.73881
6.16819
2.73909
8.27594
21.8692
21.7184
21.5622
21.3994
21.2184
21.0115
20.7709
20.487
20.1513
19.7686
19.3443
18.8748
18.3569
17.7904
17.1772
16.5188
15.8174
15.0758
14.2968
13.4838
12.6401
11.7692
10.8739
9.95726
9.0218
8.06983
7.10358
6.12499
5.13642
4.14007
3.13859
2.13525
1.13341
0.137159
-0.84882
-1.81945
-2.76916
-3.69213
-4.58232
-5.43383
-6.24095
-6.99838
-7.70124
-8.34518
-8.92674
-9.4431
-9.89229
-10.2733
-10.5857
-10.8303
-11.0083
-11.1218
-11.1735
-11.1665
-11.1047
-10.992
-10.8327
-10.6311
-10.3919
-10.1194
-9.8179
-9.49163
-9.14459
-8.78043
-8.40267
-8.01464
-7.61831
-7.27201
-6.95237
-6.63518
-6.2629
-5.95515
-5.47392
-5.29541
-4.51773
-4.81448
-3.21546
-4.8552
-1.2201
-6.04638
21.9809
22.0694
22.1663
22.2689
22.3681
22.4563
22.5318
22.5938
22.6404
22.6698
22.6808
22.6726
22.6445
22.5965
22.5289
22.4421
22.3373
22.2156
22.0784
21.9273
21.7635
21.5885
21.4034
21.2091
21.0062
20.7949
20.5753
20.347
20.1098
19.8633
19.6072
19.3413
19.0657
18.7808
18.487
18.1854
17.8771
17.5632
17.2453
16.9245
16.6022
16.2795
15.9573
15.6363
15.3168
14.9991
14.6831
14.3685
14.0548
13.7414
13.4278
13.1131
12.7969
12.4784
12.157
11.8326
11.5047
11.1733
10.8384
10.5003
10.1593
9.81588
9.47075
9.12455
8.77828
8.4325
8.08913
7.79594
7.53945
7.27524
6.99254
6.72339
6.39219
6.18752
5.6911
5.81832
4.68963
6.08112
2.7387
8.14516
17.1784
17.0357
16.8911
16.7467
16.592
16.4225
16.236
16.0292
15.7982
15.5417
15.265
14.9695
14.6523
14.3109
13.9428
13.5457
13.1172
12.6553
12.1584
11.625
11.0548
10.4476
9.80398
9.12536
8.41355
7.6709
6.90029
6.10478
5.28795
4.45334
3.60469
2.74605
1.88131
1.0146
0.150247
-0.70738
-1.55367
-2.38391
-3.19317
-3.97652
-4.72904
-5.44589
-6.12241
-6.75416
-7.33726
-7.86818
-8.34401
-8.76256
-9.1222
-9.42214
-9.66229
-9.84323
-9.96623
-10.0332
-10.0465
-10.0091
-9.9242
-9.79544
-9.62656
-9.42143
-9.18396
-8.91804
-8.62747
-8.31586
-7.98666
-7.64346
-7.28791
-6.97437
-6.68141
-6.39104
-6.04369
-5.76107
-5.30366
-5.14506
-4.39639
-4.69497
-3.15185
-4.74127
-1.23011
-5.9071
17.2724
17.3348
17.4101
17.4937
17.5797
17.6661
17.7538
17.8431
17.9331
18.0228
18.1111
18.1968
18.2782
18.3538
18.4219
18.4808
18.5287
18.5642
18.5858
18.5923
18.5829
18.5568
18.5139
18.4539
18.3774
18.2847
18.1765
18.0537
17.9172
17.7678
17.6063
17.4337
17.2505
17.0575
16.8552
16.6443
16.4253
16.1988
15.9655
15.7261
15.4812
15.2315
14.9777
14.7203
14.4597
14.1965
13.9306
13.6624
13.3916
13.1181
12.8417
12.5621
12.2789
11.9918
11.7005
11.4048
11.1045
10.7996
10.4902
10.1765
9.85897
9.538
9.21422
8.8883
8.56123
8.23354
7.90718
7.62763
7.38253
7.1297
6.85843
6.60011
6.28101
6.08436
5.60452
5.72852
4.63516
5.98292
2.73626
7.9968
13.6987
13.5813
13.462
13.3426
13.215
13.075
12.9201
12.7473
12.5541
12.338
12.1016
11.8501
11.5851
11.3058
11.0114
10.7011
10.3741
10.0296
9.6662
9.28262
8.87758
8.44975
7.99779
7.52059
7.01733
6.48748
5.93093
5.348
4.73966
4.10729
3.45287
2.77897
2.08849
1.38483
0.67178
-0.0466218
-0.766033
-1.48201
-2.18984
-2.88482
-3.56219
-4.21724
-4.84533
-5.44192
-6.00288
-6.52426
-7.00254
-7.43472
-7.81825
-8.15129
-8.43256
-8.66143
-8.83793
-8.96266
-9.03688
-9.06232
-9.04121
-8.97618
-8.87016
-8.72633
-8.54807
-8.33877
-8.1019
-7.84089
-7.55893
-7.25982
-6.94476
-6.66408
-6.39811
-6.13489
-5.81323
-5.55605
-5.12383
-4.98478
-4.26782
-4.56577
-3.084
-4.61615
-1.2384
-5.75228
13.7796
13.8396
13.9091
13.9826
14.057
14.1317
14.2079
14.286
14.3658
14.4472
14.5301
14.6145
14.6999
14.7861
14.8727
14.959
15.0444
15.1278
15.2084
15.2851
15.3564
15.4211
15.4777
15.5249
15.5614
15.5859
15.5974
15.5951
15.5785
15.547
15.5006
15.4395
15.3638
15.2741
15.1709
15.0548
14.9266
14.787
14.6367
14.4763
14.3067
14.1283
13.942
13.7482
13.5474
13.3401
13.1267
12.9073
12.6823
12.4517
12.2155
11.9737
11.7262
11.473
11.2139
10.9489
10.6779
10.4012
10.1187
9.83085
9.53799
9.24058
8.93925
8.63467
8.32781
8.01919
7.7108
7.44573
7.21278
6.97205
6.71301
6.46614
6.16012
5.97157
5.51015
5.62898
4.57589
5.87228
2.73257
7.83417
11.5505
11.4544
11.3566
11.2592
11.1569
11.047
10.9271
10.7946
10.6468
10.4811
10.2957
10.0928
9.87583
9.64532
9.40062
9.14098
8.86596
8.57527
8.26847
7.94514
7.60494
7.24755
6.87257
6.47966
6.06849
5.63874
5.19015
4.72252
4.23591
3.73046
3.20665
2.66534
2.10765
1.53516
0.949928
0.354378
-0.248591
-0.855754
-1.46348
-2.06788
-2.6649
-3.25031
-3.81982
-4.36911
-4.89401
-5.39051
-5.85479
-6.28342
-6.6733
-7.02185
-7.32696
-7.58706
-7.8012
-7.96892
-8.09043
-8.16644
-8.19816
-8.18728
-8.13589
-8.0464
-7.92151
-7.76409
-7.57713
-7.36377
-7.12685
-6.87021
-6.59457
-6.34615
-6.1069
-5.87053
-5.57468
-5.34274
-4.93641
-4.81654
-4.13249
-4.4293
-3.00953
-4.48535
-1.23716
-5.59454
11.6225
11.6829
11.7502
11.8205
11.8919
11.9641
12.0379
12.1131
12.1895
12.267
12.3454
12.4244
12.5039
12.5836
12.6634
12.7428
12.8218
12.9
12.9771
13.0527
13.1266
13.198
13.2666
13.3316
13.3924
13.448
13.4976
13.5402
13.5749
13.6006
13.6166
13.6219
13.616
13.5982
13.5681
13.5257
13.4707
13.4032
13.3236
13.2321
13.1292
13.0151
12.8905
12.7558
12.6113
12.4577
12.2951
12.124
11.9447
11.7573
11.562
11.359
11.1483
10.9301
10.7043
10.4711
10.2306
9.98296
9.72838
9.4672
9.19983
8.92677
8.64866
8.36615
8.08022
7.79138
7.50168
7.25169
7.03139
6.80325
6.55703
6.32203
6.02982
5.84952
5.40753
5.52063
4.50936
5.75357
2.71959
7.66996
9.9034
9.8216
9.73783
9.65467
9.56886
9.47864
9.3823
9.27786
9.16325
9.03633
8.89493
8.73805
8.56738
8.38503
8.19122
7.98526
7.7663
7.53368
7.28682
7.02509
6.74794
6.4549
6.14555
5.81959
5.47684
5.11717
4.74062
4.34727
3.93741
3.51136
3.06961
2.61285
2.14187
1.65768
1.16158
0.655057
0.139951
-0.381617
-0.907188
-1.434
-1.95903
-2.479
-2.99043
-3.48964
-3.97297
-4.43669
-4.87715
-5.29091
-5.67468
-6.02554
-6.34091
-6.61859
-6.85695
-7.05473
-7.2113
-7.32648
-7.40061
-7.43453
-7.42947
-7.3871
-7.30941
-7.19867
-7.05735
-6.88818
-6.69358
-6.47734
-6.23958
-6.02244
-5.80932
-5.59925
-5.32909
-5.122
-4.74191
-4.64091
-3.99024
-4.28633
-2.92721
-4.35055
-1.22459
-5.43764
9.96683
10.022
10.0826
10.1456
10.21
10.2762
10.3445
10.4147
10.487
10.561
10.6366
10.7138
10.7923
10.8718
10.9521
11.0329
11.1139
11.1947
11.275
11.3544
11.4324
11.5089
11.5832
11.655
11.7239
11.7894
11.8511
11.9084
11.9609
12.0079
12.0489
12.0831
12.1101
12.129
12.1393
12.1403
12.1316
12.1126
12.0831
12.0428
11.9915
11.9291
11.8557
11.7714
11.6764
11.5707
11.4547
11.3285
11.1924
11.0465
10.891
10.7261
10.552
10.3687
10.1764
9.97536
9.76564
9.5475
9.32124
9.08721
8.84584
8.59764
8.34326
8.08336
7.81891
7.55042
7.27996
7.04554
6.83831
6.62317
6.39026
6.1675
5.8897
5.71787
5.29603
5.40339
4.43435
5.62794
2.69549
7.50596
8.48056
8.40997
8.33715
8.2648
8.19055
8.11341
8.03248
7.94616
7.85277
7.75063
7.63804
7.51337
7.37607
7.22766
7.06968
6.90238
6.72527
6.53763
6.33888
6.12847
5.90585
5.67043
5.42167
5.15906
4.88214
4.5905
4.28386
3.96202
3.62493
3.27266
2.90544
2.52372
2.12805
1.71923
1.29824
0.86626
0.4247
-0.0248121
-0.480403
-0.939963
-1.40116
-1.86145
-2.31805
-2.76798
-3.20817
-3.6354
-4.04641
-4.438
-4.80699
-5.15044
-5.4656
-5.74996
-6.00144
-6.21829
-6.3992
-6.54333
-6.65029
-6.72016
-6.75343
-6.75106
-6.71435
-6.64494
-6.54473
-6.41601
-6.26069
-6.08244
-5.88075
-5.69366
-5.50592
-5.32142
-5.07669
-4.89393
-4.54029
-4.45781
-3.84086
-4.13651
-2.83707
-4.21078
-1.20252
-5.27956
8.53583
8.58454
8.63741
8.69201
8.74822
8.80656
8.86714
8.92988
8.99483
9.06194
9.13118
9.20251
9.27584
9.35107
9.42808
9.50672
9.58678
9.66803
9.75023
9.83306
9.91618
9.99922
10.0818
10.1633
10.2435
10.3218
10.3977
10.4706
10.5401
10.6056
10.6666
10.7225
10.7729
10.8172
10.8549
10.8854
10.9082
10.9228
10.9287
10.9254
10.9126
10.8898
10.8569
10.8135
10.7596
10.6949
10.6195
10.5333
10.4364
10.3288
10.2106
10.0819
9.94284
9.79348
9.63398
9.46452
9.2853
9.09656
8.89861
8.69182
8.47662
8.25354
8.02319
7.78626
7.54368
7.29598
7.04524
6.82678
6.63302
6.43126
6.21214
6.00199
5.73915
5.57604
5.17506
5.27666
4.35051
5.49441
2.66191
7.33897
7.3021
7.24138
7.1782
7.11519
7.05051
6.98363
6.91429
6.84148
6.76378
6.6798
6.58811
6.48726
6.37593
6.25387
6.12232
5.98253
5.83479
5.6787
5.51367
5.33923
5.15498
4.96049
4.75533
4.53909
4.31135
4.07171
3.81984
3.55541
3.27819
2.98799
2.68473
2.36851
2.03949
1.69802
1.34464
0.980088
0.605291
0.221401
-0.170181
-0.567852
-0.969794
-1.37398
-1.77816
-2.17987
-2.57655
-2.96544
-3.3437
-3.70846
-4.05678
-4.38585
-4.69294
-4.97547
-5.23113
-5.45785
-5.65393
-5.81801
-5.94915
-6.04679
-6.11083
-6.14154
-6.1396
-6.10607
-6.04224
-5.94996
-5.83057
-5.68758
-5.51981
-5.36129
-5.19793
-5.03807
-4.81826
-4.65915
-4.33194
-4.26749
-3.68451
-3.97969
-2.73941
-4.06536
-1.17219
-5.11846
7.35025
7.39336
7.43962
7.4872
7.53669
7.58824
7.64188
7.69762
7.7555
7.81552
7.8777
7.94204
8.00849
8.07704
8.14764
8.22024
8.29473
8.37101
8.44896
8.52842
8.60918
8.69103
8.77371
8.8569
8.94029
9.02346
9.106
9.18745
9.26731
9.34505
9.4201
9.4919
9.55989
9.62344
9.682
9.73498
9.7818
9.82193
9.8548
9.87991
9.89678
9.90493
9.90393
9.89339
9.87296
9.84235
9.8013
9.74959
9.68709
9.61366
9.52925
9.43382
9.32737
9.20996
9.08165
8.94258
8.79292
8.63288
8.46273
8.28283
8.0936
7.89554
7.68925
7.47539
7.25489
7.02824
6.79751
6.59535
6.41536
6.2273
6.02235
5.82513
5.57776
5.4236
5.04414
5.14
4.25759
5.3522
2.61985
7.16706
6.34706
6.29486
6.24004
6.18509
6.12857
6.07014
6.00994
5.94753
5.88194
5.812
5.73653
5.65431
5.56405
5.46467
5.35601
5.23911
5.11499
4.98393
4.84557
4.69936
4.54489
4.38181
4.20977
4.02842
3.83742
3.63644
3.4252
3.20342
2.97087
2.72737
2.47278
2.20707
1.93026
1.64245
1.34393
1.03507
0.716416
0.388684
0.0527939
-0.290139
-0.638808
-0.991696
-1.34707
-1.70298
-2.05732
-2.40782
-2.75204
-3.08746
-3.41149
-3.72151
-4.01496
-4.2893
-4.54217
-4.77138
-4.97497
-5.15128
-5.29895
-5.41698
-5.50473
-5.56195
-5.58874
-5.58562
-5.55332
-5.49326
-5.40619
-5.29542
-5.15908
-5.02735
-4.88713
-4.75073
-4.55505
-4.41867
-4.11764
-4.07053
-3.52155
-3.81614
-2.63451
-3.91429
-1.13396
-4.95431
6.38896
6.42697
6.46752
6.50935
6.55314
6.5988
6.64641
6.696
6.74762
6.80128
6.85702
6.91486
6.9748
7.03683
7.10094
7.16711
7.23529
7.30542
7.37744
7.45125
7.52674
7.60376
7.68216
7.76174
7.8423
7.92357
8.00527
8.08708
8.16866
8.24958
8.32941
8.40768
8.48388
8.55744
8.62782
8.69443
8.75665
8.81388
8.86551
8.91095
8.94963
8.98096
9.00441
9.01947
9.02567
9.02257
9.00976
8.98689
8.95365
8.90977
8.85503
8.78927
8.71235
8.62422
8.52485
8.41428
8.29259
8.15996
8.01658
7.86276
7.69888
7.52539
7.34285
7.15189
6.95339
6.74782
6.53723
6.35152
6.18548
6.01133
5.82082
5.63679
5.40528
5.26027
4.90289
4.99311
4.15526
5.20102
2.56949
6.98936
5.55453
5.50963
5.46205
5.41408
5.36455
5.31319
5.26033
5.20591
5.14944
5.0901
5.02693
4.95891
4.88496
4.80397
4.71501
4.61798
4.51374
4.40319
4.28658
4.16359
4.03372
3.89657
3.75184
3.59922
3.4384
3.26909
3.09097
2.9038
2.70734
2.50138
2.28577
2.06044
1.82533
1.58048
1.32602
1.06219
0.789313
0.507862
0.218458
-0.0781309
-0.380976
-0.68898
-1.00085
-1.3151
-1.63007
-1.94395
-2.25472
-2.56027
-2.85835
-3.14665
-3.42282
-3.68451
-3.92945
-4.15541
-4.36038
-4.54249
-4.70016
-4.83205
-4.93714
-5.01476
-5.06454
-5.08653
-5.08096
-5.0488
-4.99028
-4.90845
-4.80081
-4.69385
-4.5753
-4.46093
-4.28836
-4.17358
-3.89818
-3.86757
-3.35242
-3.64616
-2.52264
-3.75767
-1.08867
-4.78716
5.59081
5.62405
5.65956
5.69631
5.7349
5.77519
5.81728
5.86121
5.90703
5.95478
6.0045
6.05622
6.10997
6.16577
6.22363
6.28355
6.34552
6.40951
6.4755
6.54343
6.61324
6.68482
6.75808
6.83288
6.90908
6.98647
7.06487
7.14404
7.22372
7.3036
7.38334
7.4626
7.54097
7.61801
7.69326
7.76621
7.83632
7.90303
7.96576
8.02392
8.07689
8.12407
8.16485
8.19864
8.22486
8.24297
8.25245
8.25281
8.24361
8.22446
8.19499
8.15491
8.10395
8.04193
7.96871
7.8842
7.78841
7.6814
7.56329
7.43431
7.29475
7.14501
6.98558
6.81703
6.64019
6.4555
6.26494
6.09568
5.94364
5.78347
5.60756
5.43686
5.22147
5.0858
4.75096
4.83568
4.04315
5.04047
2.51108
6.80481
4.88227
4.8437
4.80255
4.76078
4.71739
4.67217
4.62548
4.57748
4.52801
4.47666
4.42274
4.36543
4.30384
4.23701
4.16396
4.08389
3.99674
3.90324
3.80417
3.69979
3.58982
3.47381
3.35138
3.22229
3.08626
2.94304
2.79234
2.6339
2.4675
2.29292
2.10997
1.91852
1.71845
1.50973
1.2924
1.06655
0.832374
0.590183
0.340391
0.0835378
-0.17971
-0.448545
-0.721998
-0.998929
-1.27806
-1.55793
-1.83694
-2.11333
-2.38521
-2.6506
-2.90744
-3.15359
-3.38694
-3.60539
-3.80694
-3.98969
-4.1519
-4.29207
-4.40891
-4.50143
-4.56889
-4.61097
-4.62744
-4.61892
-4.58513
-4.52885
-4.44699
-4.36259
-4.26406
-4.17013
-4.0194
-3.92489
-3.67438
-3.65924
-3.17753
-3.46994
-2.40412
-3.59533
-1.03715
-4.61605
4.91364
4.94267
4.97376
5.00602
5.03991
5.07534
5.11242
5.15118
5.19167
5.23395
5.27805
5.32402
5.3719
5.42174
5.47354
5.52734
5.58315
5.64098
5.70082
5.76265
5.82645
5.89216
5.95974
6.02908
6.10011
6.17268
6.24665
6.32186
6.39809
6.47513
6.55269
6.6305
6.70824
6.78554
6.86203
6.93727
7.01081
7.08217
7.15083
7.21626
7.27789
7.33512
7.38736
7.43401
7.47447
7.50812
7.53439
7.5527
7.56251
7.56333
7.55469
7.53616
7.50737
7.46801
7.41781
7.35658
7.2842
7.20063
7.10589
7.00011
6.88349
6.75633
6.61905
6.47214
6.31635
6.15208
5.98124
5.82825
5.69011
5.54388
5.38259
5.22527
5.02617
4.89997
4.58799
4.66739
3.92101
4.86987
2.44521
6.61122
4.3076
4.27442
4.23899
4.20284
4.16501
4.12525
4.08401
4.04149
3.99772
3.95258
3.90574
3.85661
3.80446
3.74852
3.68793
3.62181
3.54945
3.47079
3.38648
3.29725
3.20332
3.10446
3.00024
2.89034
2.77454
2.65262
2.52434
2.38946
2.24777
2.09906
1.94314
1.77986
1.60908
1.4307
1.2447
1.05109
0.84995
0.641443
0.425834
0.203477
-0.0251604
-0.259502
-0.498828
-0.742275
-0.988853
-1.23742
-1.48669
-1.73523
-1.98147
-2.22373
-2.46024
-2.68913
-2.90849
-3.11637
-3.3109
-3.4902
-3.65254
-3.7963
-3.92006
-4.02261
-4.10296
-4.16047
-4.19458
-4.20556
-4.1927
-4.15853
-4.09945
-4.03526
-3.95495
-3.87969
-3.74941
-3.67365
-3.44709
-3.44615
-2.99755
-3.2876
-2.27974
-3.42667
-0.980942
-4.43932
4.33483
4.36026
4.3875
4.41579
4.44555
4.47669
4.50931
4.54345
4.57916
4.6165
4.6555
4.69623
4.73872
4.78302
4.82916
4.87718
4.92712
4.97898
5.03279
5.08855
5.14626
5.2059
5.26746
5.33088
5.39611
5.46307
5.53167
5.60179
5.67329
5.746
5.81973
5.89424
5.96931
6.04462
6.11986
6.19468
6.26869
6.34148
6.41258
6.48154
6.54783
6.6109
6.67021
6.72518
6.77521
6.81971
6.85806
6.88966
6.91394
6.93032
6.93826
6.93725
6.92683
6.90658
6.87612
6.83516
6.78347
6.72088
6.64731
6.56278
6.4674
6.36135
6.24496
6.11865
5.98305
5.8385
5.6868
5.54973
5.42526
5.2928
5.14602
5.00202
4.81922
4.70257
4.41375
4.48787
3.78894
4.68824
2.3732
6.40506
3.81374
3.7851
3.75454
3.72333
3.69055
3.6558
3.61945
3.58179
3.54291
3.50283
3.46151
3.41864
3.37372
3.32612
3.27515
3.22007
3.16008
3.09454
3.02339
2.94719
2.8666
2.78186
2.69273
2.5988
2.49979
2.39552
2.2858
2.17042
2.04919
1.92191
1.78839
1.64849
1.50207
1.349
1.18923
1.02272
0.849482
0.669594
0.483211
0.290559
0.0919471
-0.112222
-0.321428
-0.535028
-0.752274
-0.972286
-1.19404
-1.41638
-1.63803
-1.85759
-2.07356
-2.28431
-2.48819
-2.68343
-2.86831
-3.04106
-3.2
-3.34352
-3.47013
-3.5785
-3.66746
-3.73617
-3.78378
-3.81035
-3.81473
-3.79925
-3.75988
-3.71346
-3.64947
-3.591
-3.4796
-3.42089
-3.21725
-3.22892
-2.8133
-3.09899
-2.1507
-3.25069
-0.921683
-4.25409
3.83745
3.85976
3.88363
3.90845
3.93458
3.96194
3.99064
4.02069
4.05216
4.08509
4.11954
4.15555
4.19318
4.23245
4.27343
4.31614
4.36064
4.40693
4.45507
4.50506
4.55692
4.61066
4.66627
4.72373
4.78302
4.8441
4.90691
4.97137
5.03739
5.10486
5.17363
5.24354
5.31441
5.386
5.45807
5.53034
5.60248
5.67416
5.74497
5.81452
5.88234
5.94796
6.01087
6.07053
6.12638
6.17785
6.22435
6.26527
6.30002
6.32801
6.34865
6.36139
6.36569
6.36106
6.34706
6.32328
6.2894
6.24515
6.19034
6.12489
6.04878
5.96211
5.86512
5.75807
5.64153
5.51577
5.38246
5.26077
5.14956
5.03055
4.89801
4.76716
4.60057
4.49341
4.22805
4.29649
3.64728
4.49334
2.29731
6.18167
3.38493
3.36016
3.33372
3.30668
3.27831
3.24818
3.21637
3.18312
3.14859
3.11291
3.07612
3.03818
2.99884
2.95767
2.91412
2.86755
2.81725
2.76256
2.70297
2.63846
2.56951
2.49667
2.4202
2.33984
2.25513
2.16581
2.07176
1.97284
1.86886
1.75964
1.64501
1.52483
1.39894
1.26724
1.12964
0.986072
0.836522
0.681011
0.519622
0.352496
0.179836
0.00192163
-0.180876
-0.368082
-0.559134
-0.753355
-0.949949
-1.148
-1.34647
-1.54424
-1.74002
-1.93245
-2.12009
-2.30139
-2.47479
-2.63872
-2.79157
-2.93178
-3.05786
-3.16847
-3.26235
-3.3385
-3.39588
-3.43436
-3.4525
-3.45239
-3.42968
-3.39858
-3.34899
-3.30527
-3.21116
-3.16743
-2.98607
-3.00756
-2.62636
-2.90316
-2.01966
-3.06391
-0.863296
-4.05533
3.4056
3.42519
3.4461
3.46789
3.49083
3.51487
3.5401
3.56654
3.59425
3.62327
3.65366
3.68546
3.71872
3.75348
3.78978
3.82768
3.8672
3.9084
3.9513
3.99593
4.04232
4.09048
4.14042
4.19216
4.24567
4.30095
4.35796
4.41666
4.47698
4.53886
4.60219
4.66684
4.7327
4.79959
4.86731
4.93564
5.00433
5.07311
5.14164
5.20959
5.27658
5.34217
5.40594
5.46739
5.52601
5.58129
5.63264
5.67951
5.72132
5.75746
5.78735
5.81041
5.82606
5.83379
5.83308
5.82344
5.80451
5.7759
5.73733
5.68864
5.6297
5.56049
5.48115
5.39186
5.29305
5.18492
5.06899
4.962
4.86354
4.7575
4.63878
4.52075
4.37024
4.27219
4.03119
4.09193
3.49789
4.28131
2.22397
5.93196
3.01308
2.99161
2.96868
2.94521
2.92063
2.89458
2.86695
2.83736
2.80555
2.77164
2.73594
2.69874
2.66028
2.6208
2.58057
2.53986
2.49874
2.45668
2.41244
2.36429
2.31048
2.24998
2.18323
2.11209
2.03803
1.96093
1.88001
1.79472
1.70493
1.61059
1.51162
1.40788
1.2992
1.18547
1.06657
0.942452
0.813058
0.678375
0.538431
0.393308
0.243136
0.0880978
-0.0715436
-0.235436
-0.403171
-0.574218
-0.747967
-0.923706
-1.10058
-1.27771
-1.45402
-1.62836
-1.79951
-1.96615
-2.12691
-2.28035
-2.42503
-2.55949
-2.68229
-2.79213
-2.8877
-2.96796
-3.03174
-3.07871
-3.10729
-3.11933
-3.11035
-3.09196
-3.05494
-3.02364
-2.9456
-2.91383
-2.75527
-2.78161
-2.43917
-2.69779
-1.89034
-2.86296
-0.81168
-3.83832
3.03112
3.04829
3.06661
3.08571
3.10582
3.12691
3.14904
3.17224
3.19658
3.22208
3.2488
3.27677
3.30605
3.33669
3.36871
3.40217
3.4371
3.47356
3.51157
3.55118
3.5924
3.63527
3.67982
3.72604
3.77397
3.82358
3.87486
3.92779
3.98235
4.03851
4.09616
4.15523
4.21562
4.27723
4.3399
4.40343
4.46765
4.53235
4.59725
4.66207
4.72649
4.79015
4.85267
4.91366
4.97262
5.02912
5.08262
5.1326
5.17851
5.21978
5.25586
5.28616
5.31007
5.32706
5.33663
5.3382
5.33135
5.31568
5.29076
5.25638
5.21236
5.15852
5.0949
5.02162
4.93898
4.8471
4.74734
4.65416
4.56778
4.47406
4.36865
4.26285
4.12843
4.03824
3.82388
3.87195
3.3436
4.04648
2.16041
5.64931
2.58258
2.56492
2.54596
2.52648
2.50606
2.48441
2.46159
2.43774
2.41275
2.38641
2.35868
2.32981
2.30003
2.26939
2.23772
2.20467
2.16986
2.13295
2.09339
2.05047
2.00377
1.95358
1.90019
1.8434
1.78305
1.71942
1.65265
1.58254
1.50882
1.43133
1.34994
1.26455
1.17502
1.08124
0.983108
0.880535
0.77345
0.661805
0.545577
0.424794
0.299504
0.169804
0.0358418
-0.102158
-0.24394
-0.389133
-0.537315
-0.687978
-0.840501
-0.994202
-1.14828
-1.30181
-1.45384
-1.60329
-1.749
-1.88972
-2.0242
-2.15113
-2.26917
-2.37705
-2.47347
-2.55731
-2.62738
-2.68307
-2.72282
-2.74779
-2.75422
-2.74932
-2.7274
-2.70838
-2.65138
-2.62876
-2.50308
-2.52517
-2.24088
-2.4613
-1.7627
-2.63079
-0.77484
-3.59552
2.59762
2.61203
2.62735
2.64337
2.66023
2.67793
2.69652
2.71604
2.73652
2.75802
2.78057
2.8042
2.82896
2.85491
2.88207
2.91048
2.9402
2.97127
3.00372
3.03758
3.0729
3.10972
3.14807
3.18795
3.2294
3.27243
3.31705
3.36325
3.41102
3.46038
3.51126
3.5636
3.61737
3.67251
3.7289
3.78638
3.84487
3.90422
3.96421
4.02462
4.08522
4.14569
4.20578
4.26515
4.32339
4.38014
4.43493
4.48728
4.53674
4.58275
4.6248
4.66236
4.6948
4.72158
4.74221
4.75609
4.76267
4.76156
4.75224
4.73438
4.70769
4.6719
4.62695
4.5728
4.5096
4.43743
4.35735
4.28109
4.20965
4.13107
4.04255
3.95136
3.83869
3.75549
3.58056
3.60355
3.17467
3.75375
2.11503
5.29802
2.1473
2.13347
2.11863
2.10335
2.08736
2.07042
2.05262
2.03416
2.01522
1.99584
1.97577
1.95469
1.93248
1.90912
1.88444
1.8581
1.82957
1.79852
1.76495
1.72907
1.69106
1.65109
1.60927
1.56539
1.51871
1.46882
1.41603
1.36063
1.30254
1.24151
1.17733
1.1099
1.03912
0.964898
0.88711
0.805671
0.72049
0.631499
0.538639
0.441891
0.34123
0.236699
0.128341
0.0162669
-0.0993771
-0.218394
-0.340504
-0.4654
-0.592668
-0.721823
-0.852306
-0.983484
-1.11459
-1.24482
-1.37325
-1.49888
-1.62066
-1.73745
-1.84807
-1.95136
-2.04607
-2.13112
-2.20524
-2.26775
-2.31694
-2.3537
-2.37425
-2.38307
-2.37492
-2.37028
-2.33108
-2.32436
-2.22216
-2.25792
-2.00737
-2.23068
-1.5869
-2.43149
-0.674213
-3.4405
2.1592
2.17071
2.18293
2.19573
2.20921
2.22337
2.23827
2.25393
2.27037
2.28765
2.3058
2.32483
2.34481
2.36578
2.38776
2.41078
2.43492
2.46018
2.48664
2.5143
2.54321
2.57343
2.60498
2.63786
2.67214
2.70784
2.74499
2.7836
2.82367
2.86522
2.90824
2.9527
2.99861
3.04595
3.09462
3.14457
3.19573
3.24802
3.30128
3.35538
3.41015
3.46538
3.52089
3.57639
3.6316
3.68623
3.73991
3.79222
3.8428
3.89119
3.9369
3.97948
4.01835
4.05299
4.08291
4.10753
4.12628
4.1387
4.14424
4.14246
4.13302
4.11555
4.08984
4.0557
4.01316
3.96218
3.90364
3.84613
3.79126
3.72998
3.6601
3.5871
3.49623
3.42891
3.28459
3.31059
2.93953
3.4874
1.95632
5.10094
1.79228
1.78126
1.76945
1.75728
1.74453
1.73101
1.71669
1.7016
1.68573
1.66906
1.65163
1.63335
1.61403
1.59348
1.57178
1.54925
1.52601
1.50204
1.47717
1.4512
1.42386
1.39467
1.36302
1.32865
1.29174
1.25243
1.2106
1.16633
1.11983
1.07107
1.01987
0.966048
0.909481
0.850091
0.7878
0.722516
0.654156
0.58264
0.507912
0.429916
0.348614
0.264005
0.176088
0.0849122
-0.00945236
-0.106895
-0.207245
-0.310313
-0.41582
-0.523443
-0.632785
-0.743402
-0.854733
-0.966159
-1.077
-1.18645
-1.29367
-1.39775
-1.49768
-1.59246
-1.68098
-1.76227
-1.83509
-1.89879
-1.95166
-1.99446
-2.0234
-2.04122
-2.0427
-2.04849
-2.0228
-2.02879
-1.9453
-1.99389
-1.77015
-2.00138
-1.39982
-2.2383
-0.555377
-3.29745
1.80189
1.81124
1.82116
1.83156
1.84251
1.85403
1.86615
1.87887
1.89226
1.90633
1.9211
1.93661
1.9529
1.97
1.98793
2.00675
2.02648
2.04715
2.06883
2.09151
2.11523
2.14005
2.16601
2.19311
2.22142
2.25093
2.28169
2.31373
2.34706
2.38169
2.41765
2.45492
2.49352
2.53346
2.57466
2.61712
2.66081
2.70564
2.75155
2.79845
2.84623
2.89475
2.94387
2.99336
3.04308
3.09278
3.14215
3.1909
3.23873
3.2853
3.33015
3.37291
3.41313
3.45032
3.48403
3.51373
3.53889
3.55906
3.57369
3.58234
3.58461
3.58007
3.56844
3.54946
3.52302
3.48902
3.44815
3.40641
3.36572
3.31949
3.26605
3.20953
3.13837
3.08667
2.96992
3.00314
2.68138
3.21867
1.76991
4.92034
1.48449
1.47571
1.46632
1.45662
1.44645
1.43567
1.42427
1.41225
1.39959
1.38624
1.37218
1.35744
1.34205
1.32591
1.30878
1.29057
1.27139
1.25151
1.23107
1.20998
1.18807
1.16515
1.14086
1.11467
1.0862
1.0555
1.02272
0.987818
0.950767
0.911741
0.870847
0.827961
0.782886
0.7355
0.68574
0.633532
0.578811
0.521507
0.461551
0.398888
0.333471
0.265275
0.194279
0.120499
0.0439627
-0.0352724
-0.117102
-0.20141
-0.288012
-0.376696
-0.467171
-0.559137
-0.652183
-0.74584
-0.839615
-0.93288
-1.02498
-1.11519
-1.20271
-1.2867
-1.36622
-1.44044
-1.50825
-1.56909
-1.62131
-1.66563
-1.69837
-1.72118
-1.72882
-1.74145
-1.72579
-1.74083
-1.67301
-1.73073
-1.53225
-1.76702
-1.20923
-2.03503
-0.43417
-3.12767
1.49221
1.49975
1.50776
1.51614
1.52498
1.5343
1.54409
1.55438
1.5652
1.57659
1.58856
1.60113
1.61434
1.62822
1.64279
1.65809
1.67414
1.69098
1.70864
1.72714
1.74652
1.76682
1.78806
1.81028
1.83352
1.85778
1.8831
1.90952
1.93705
1.96571
1.99553
2.0265
2.05865
2.09198
2.12645
2.16209
2.19886
2.23671
2.27562
2.31553
2.35635
2.398
2.44036
2.48331
2.52671
2.5704
2.61413
2.65771
2.70087
2.74336
2.78482
2.82496
2.86341
2.89974
2.93359
2.9645
2.99199
3.01567
3.03504
3.04967
3.05916
3.06309
3.06115
3.05306
3.03864
3.01771
2.99084
2.96196
2.93304
2.89957
2.8603
2.81827
2.7648
2.72729
2.6367
2.67612
2.40445
2.92675
1.57423
4.68348
1.20786
1.20098
1.19363
1.18603
1.17805
1.16961
1.16068
1.15126
1.14134
1.13088
1.11984
1.10821
1.09598
1.08319
1.06983
1.05578
1.04082
1.02488
1.00814
0.990836
0.973051
0.954697
0.935633
0.915616
0.894237
0.871073
0.845979
0.819064
0.790363
0.759827
0.727573
0.693775
0.658377
0.621209
0.582144
0.541097
0.498027
0.452872
0.405579
0.356091
0.304356
0.250341
0.194015
0.13537
0.0744069
0.0111505
-0.0543434
-0.122005
-0.191724
-0.263355
-0.336709
-0.411567
-0.487648
-0.564605
-0.642072
-0.719586
-0.796639
-0.872677
-0.947063
-1.01913
-1.0881
-1.1533
-1.21378
-1.26907
-1.31767
-1.3603
-1.39343
-1.41816
-1.42922
-1.44581
-1.43718
-1.45829
-1.40316
-1.46708
-1.29113
-1.52658
-1.011
-1.81998
-0.304266
-2.93217
1.21393
1.2199
1.22623
1.23286
1.23986
1.24722
1.25497
1.26312
1.27169
1.28071
1.2902
1.30018
1.31067
1.32169
1.33327
1.34545
1.35822
1.37163
1.3857
1.40047
1.41596
1.43218
1.44919
1.46699
1.48563
1.50512
1.52549
1.54678
1.56899
1.59217
1.61632
1.64145
1.6676
1.69477
1.72294
1.75213
1.78234
1.81354
1.8457
1.8788
1.91278
1.9476
1.98316
2.0194
2.05618
2.09341
2.13093
2.16858
2.20613
2.24341
2.28016
2.31612
2.35102
2.3845
2.41626
2.44594
2.47314
2.49749
2.5186
2.53606
2.54951
2.55859
2.56294
2.56234
2.55659
2.54547
2.52942
2.51077
2.49143
2.46853
2.44122
2.41168
2.37365
2.34876
2.28187
2.32656
2.10233
2.60654
1.35426
4.39657
0.958306
0.953049
0.947417
0.941585
0.935469
0.929
0.922158
0.914937
0.907329
0.899303
0.890832
0.881897
0.87248
0.862561
0.852158
0.841307
0.829973
0.817978
0.805134
0.791451
0.77714
0.762408
0.74729
0.731686
0.715429
0.698249
0.679741
0.659653
0.638014
0.614884
0.590222
0.564101
0.536697
0.50805
0.478028
0.446488
0.413367
0.378621
0.342213
0.304094
0.264214
0.222532
0.179013
0.133642
0.0864073
0.0373094
-0.0136247
-0.0663584
-0.120831
-0.176946
-0.234593
-0.293608
-0.353814
-0.414961
-0.476788
-0.538965
-0.60111
-0.662809
-0.723578
-0.782912
-0.840197
-0.894896
-0.946227
-0.993846
-1.03643
-1.07471
-1.10543
-1.12949
-1.14159
-1.15963
-1.15533
-1.17983
-1.13442
-1.20193
-1.04531
-1.2793
-0.801627
-1.5915
-0.158536
-2.70898
0.96298
0.967574
0.972443
0.977552
0.982937
0.988607
0.994575
1.00085
1.00745
1.01441
1.02172
1.02941
1.03749
1.04599
1.05493
1.06432
1.07418
1.08453
1.0954
1.10682
1.11879
1.13135
1.14452
1.15831
1.17276
1.18789
1.20371
1.22026
1.23755
1.25561
1.27446
1.29409
1.31456
1.33587
1.35799
1.38097
1.4048
1.42946
1.45497
1.48129
1.50838
1.53624
1.56482
1.59403
1.62382
1.6541
1.6848
1.71575
1.74684
1.77791
1.80877
1.83923
1.86909
1.89805
1.92589
1.95234
1.97706
1.99975
2.02008
2.03774
2.0524
2.06374
2.07148
2.07539
2.07529
2.07099
2.06281
2.05194
2.04004
2.02553
2.00786
1.98861
1.96347
1.94917
1.90269
1.95106
1.76948
2.25367
1.09738
4.06118
0.715147
0.711316
0.707212
0.702954
0.698495
0.693781
0.688797
0.683541
0.678005
0.672164
0.666003
0.659505
0.652655
0.645437
0.637842
0.629867
0.621529
0.612858
0.60379
0.594125
0.5837
0.57262
0.561132
0.549389
0.53739
0.525039
0.512162
0.498457
0.483625
0.467574
0.450319
0.431828
0.412134
0.391407
0.369715
0.346933
0.322922
0.297619
0.271007
0.24308
0.21381
0.183161
0.151106
0.117625
0.0827077
0.0463534
0.0085738
-0.0306086
-0.0711538
-0.113004
-0.156082
-0.200285
-0.245486
-0.291526
-0.338219
-0.385342
-0.432625
-0.47977
-0.526434
-0.572258
-0.616783
-0.659621
-0.700156
-0.738199
-0.772593
-0.804131
-0.829867
-0.850881
-0.861824
-0.878983
-0.8765
-0.901788
-0.86328
-0.931679
-0.791102
-1.02084
-0.577515
-1.34175
0.00511786
-2.42867
0.718575
0.721948
0.725527
0.729282
0.733242
0.73742
0.741819
0.746447
0.751322
0.756454
0.761853
0.767536
0.77352
0.779816
0.786443
0.793408
0.800726
0.808422
0.816515
0.825013
0.833928
0.843293
0.853128
0.863433
0.874241
0.885566
0.897419
0.909829
0.922812
0.936385
0.950556
0.965339
0.980764
0.996826
1.01353
1.0309
1.04893
1.06762
1.08696
1.10696
1.12757
1.14881
1.17062
1.19296
1.21582
1.2391
1.26277
1.28673
1.31088
1.33513
1.35933
1.38335
1.40706
1.43024
1.45272
1.47431
1.49475
1.51384
1.5313
1.54691
1.56041
1.57153
1.5801
1.58589
1.58875
1.58854
1.58551
1.58004
1.57356
1.56531
1.55496
1.5437
1.52871
1.52262
1.49272
1.54205
1.39606
1.85645
0.786716
3.63561
0.507322
0.504714
0.501925
0.499037
0.496007
0.492796
0.489398
0.485818
0.48204
0.478041
0.473825
0.469376
0.464672
0.459709
0.454474
0.448947
0.443128
0.437032
0.430682
0.424079
0.417101
0.409531
0.401299
0.392586
0.383613
0.374423
0.364924
0.354989
0.344407
0.332952
0.320574
0.307366
0.293335
0.27848
0.262994
0.247023
0.230488
0.213207
0.195071
0.176038
0.156101
0.135246
0.113453
0.0907014
0.0669762
0.0422696
0.0165795
-0.0100832
-0.0376992
-0.0662375
-0.0956507
-0.125878
-0.15684
-0.188436
-0.220542
-0.253021
-0.285694
-0.318364
-0.350802
-0.38278
-0.413977
-0.444153
-0.472858
-0.500046
-0.524755
-0.547839
-0.566687
-0.582905
-0.59096
-0.605377
-0.602539
-0.626505
-0.592125
-0.659377
-0.530966
-0.754103
-0.340951
-1.06792
0.181414
-2.05673
0.50963
0.51188
0.514272
0.516778
0.519416
0.522192
0.525109
0.528178
0.531412
0.534809
0.538376
0.542124
0.546067
0.550215
0.55457
0.55914
0.563939
0.568988
0.574285
0.57984
0.585664
0.591778
0.598201
0.604925
0.611969
0.619351
0.627083
0.635175
0.643642
0.652501
0.661755
0.671422
0.681517
0.692037
0.702995
0.714413
0.7263
0.738638
0.75143
0.764698
0.778413
0.792568
0.807154
0.82215
0.837535
0.853261
0.8693
0.885601
0.902102
0.918727
0.935399
0.952032
0.968514
0.984732
1.00058
1.01589
1.03051
1.04431
1.0571
1.06872
1.079
1.08774
1.09484
1.10013
1.10351
1.10491
1.10451
1.10237
1.09932
1.09513
1.0897
1.08386
1.07588
1.07492
1.05697
1.10361
0.984481
1.41555
0.428128
3.07835
0.217952
0.216229
0.214376
0.212451
0.210429
0.208287
0.206022
0.203632
0.201105
0.198431
0.195607
0.192625
0.189466
0.186123
0.182591
0.178851
0.174894
0.170714
0.166291
0.161602
0.156635
0.151361
0.145736
0.139983
0.134958
0.132087
0.132722
0.137485
0.146005
0.156898
0.167835
0.176151
0.179775
0.177838
0.170806
0.160273
0.148262
0.136096
0.12404
0.111843
0.0992829
0.0863071
0.0729439
0.0592261
0.0451624
0.030747
0.0159752
0.000849299
-0.0146268
-0.0304452
-0.0465928
-0.0630489
-0.0797887
-0.0967741
-0.113952
-0.13127
-0.148649
-0.166001
-0.183214
-0.200188
-0.216751
-0.232811
-0.248085
-0.262664
-0.275798
-0.288411
-0.298257
-0.307694
-0.311184
-0.3211
-0.316114
-0.336509
-0.304951
-0.366596
-0.253382
-0.453311
-0.097384
-0.712811
0.312537
-1.41803
0.219513
0.221071
0.22273
0.224469
0.226306
0.228238
0.230264
0.232405
0.234666
0.237041
0.239535
0.242156
0.244917
0.24782
0.250865
0.25406
0.257415
0.260943
0.264633
0.268497
0.272549
0.276789
0.281223
0.285852
0.290686
0.295726
0.300983
0.306453
0.312141
0.318059
0.324197
0.330565
0.337157
0.343971
0.35101
0.358274
0.365764
0.373462
0.381375
0.389496
0.397803
0.406293
0.414963
0.423797
0.432772
0.441879
0.45109
0.460383
0.469738
0.479117
0.488495
0.497824
0.507061
0.516142
0.525016
0.533602
0.541817
0.549618
0.556893
0.56358
0.569591
0.574844
0.579295
0.582819
0.585394
0.586968
0.587661
0.587222
0.586284
0.584825
0.582814
0.580763
0.577692
0.579981
0.570111
0.61089
0.506235
0.876429
0.0147184
2.14284
0.168971
0.1691
0.16925
0.169413
0.169584
0.169764
0.169957
0.170162
0.170381
0.170619
0.17088
0.171167
0.171482
0.171831
0.172223
0.172653
0.173101
0.173547
0.174005
0.174612
0.175724
0.177914
0.181746
0.187189
0.192979
0.196508
0.194494
0.184075
0.163773
0.134222
0.0985442
0.0620369
0.0307744
0.00949741
-0.000409075
-0.00148389
0.00163702
0.00512031
0.00737668
0.00849047
0.00898587
0.00913039
0.00890868
0.00823716
0.0070786
0.00543658
0.00332973
0.000781795
-0.00218236
-0.00553319
-0.00923515
-0.01325
-0.0175358
-0.0220521
-0.0267502
-0.0315865
-0.0365171
-0.0414956
-0.0464692
-0.0514034
-0.0562265
-0.0609418
-0.0654034
-0.0698016
-0.0736416
-0.0777885
-0.0805557
-0.0845827
-0.0844716
-0.089772
-0.0839146
-0.098263
-0.0741697
-0.118752
-0.0407537
-0.173573
0.0489568
-0.30797
0.267334
-0.590067
0.168826
0.168653
0.168468
0.168265
0.168047
0.167814
0.167558
0.167284
0.166991
0.166677
0.166339
0.165976
0.165591
0.16518
0.164744
0.164279
0.163789
0.163276
0.162731
0.162162
0.161572
0.160956
0.160317
0.15966
0.158987
0.1583
0.157608
0.15691
0.156214
0.155531
0.154862
0.154217
0.153601
0.153027
0.152504
0.152038
0.151642
0.151321
0.151096
0.150967
0.150937
0.151018
0.151221
0.151543
0.151985
0.152552
0.153231
0.154016
0.154897
0.155863
0.156903
0.157994
0.159126
0.160276
0.161434
0.162576
0.16368
0.164742
0.1657
0.166527
0.167186
0.16766
0.16795
0.168022
0.167915
0.167616
0.167297
0.167493
0.166959
0.166064
0.164905
0.16368
0.161822
0.161859
0.154932
0.176887
0.115512
0.330746
-0.134115
0.954114
)
;

boundaryField
{
    inlet
    {
        type            freestreamPressure;
        freestreamValue uniform 0;
        value           nonuniform List<scalar> 
134
(
0.802764
0.289034
-0.260661
-0.752803
-1.12284
-1.36797
-1.44303
-1.34031
-1.05985
-0.51323
-0.10331
-0.16671
-0.281859
-0.393684
-0.508334
-0.629078
-0.756759
-0.891876
-1.03615
-1.19277
1.29213
-1.36611
-1.55797
-1.75874
-1.94506
-2.07704
-2.13869
-2.24741
-2.24801
-2.28792
-2.70742
-2.49407
-2.49786
-2.53969
-2.56977
-2.58215
-2.59368
-2.63156
-2.73337
-2.85858
1.74092
2.18625
2.53497
2.68512
2.55908
2.03414
0.999046
-3.13255
-3.05576
-2.94097
-2.86419
-2.80577
-2.74133
-2.66969
-2.59668
-2.52407
-2.4509
-2.37631
-2.3003
-2.22289
-2.14361
-2.0617
-1.97581
-1.88362
-1.78291
-1.67019
-1.59823
-1.5318
-1.45291
-1.36204
-1.25826
-1.12792
-0.955004
-0.658291
-0.273822
0.299378
0.685667
1.12892
1.57425
2.01264
2.43333
2.79204
3.06423
3.25489
3.37023
3.42817
3.44888
3.44972
3.44439
3.45273
3.50723
3.62149
3.74915
3.85298
3.93672
4.00835
4.06947
4.1176
4.15134
4.17144
4.18041
4.1842
4.19496
4.24335
4.37658
4.67153
4.80002
4.68195
4.54404
4.45647
4.38597
4.30599
4.21833
4.12982
4.04141
3.9514
3.85875
3.76299
3.66356
3.55928
3.44825
3.32798
3.19356
3.04143
2.85235
2.74633
2.64925
2.52195
2.36776
2.18752
1.95873
1.659
1.1552
0.514655
)
;
    }
    outlet
    {
        type            freestreamPressure;
        freestreamValue uniform 0;
        value           nonuniform List<scalar> 
160
(
0.000176274
0.000176137
0.000176394
0.000175972
0.000176533
0.000175797
0.000176686
0.000175603
0.000176845
0.000175396
0.000177012
0.000175173
0.000177191
0.000174928
0.000177383
0.000174666
0.000177586
0.000174387
0.000177807
0.000174086
0.000178051
0.000173762
0.00017832
0.000173415
0.000178615
0.000173047
0.000178944
0.000172654
0.000179317
0.000172236
0.000179731
0.000171792
0.00018017
0.000171324
0.000180608
0.000170834
0.00018104
0.000170316
0.000181575
0.000169774
0.000182543
0.000169215
0.000184529
0.000168632
0.00018816
0.000168029
0.000193519
0.000167411
0.000199458
0.000166782
0.000203411
0.000166143
0.000201977
0.000165504
0.000191985
0.000164864
0.000171555
0.000164232
0.000141053
0.000163619
0.000103684
0.000163029
6.51985e-05
0.000162472
3.22426e-05
0.000161953
9.90899e-06
0.000161487
-4.25022e-07
0.000161084
-1.53666e-06
0.000160752
1.69186e-06
0.000160504
5.28733e-06
0.000160348
7.61564e-06
0.000160306
8.76524e-06
0.000160381
9.27608e-06
0.000160576
9.42409e-06
0.000160907
9.19396e-06
0.000161387
8.49992e-06
0.000162015
7.30376e-06
0.000162795
5.60921e-06
0.000163735
3.43542e-06
0.000164824
8.06638e-07
0.000166059
-2.25193e-06
0.000167432
-5.71056e-06
0.000168935
-9.53368e-06
0.000170563
-1.36834e-05
0.000172292
-1.81182e-05
0.000174116
-2.27989e-05
0.000176016
-2.76782e-05
0.000177986
-3.27145e-05
0.000180004
-3.78664e-05
0.000182049
-4.30902e-05
0.000184125
-4.83367e-05
0.000186165
-5.35748e-05
0.000188143
-5.87367e-05
0.000190023
-6.38296e-05
0.000191784
-6.87111e-05
0.000193434
-7.35777e-05
0.000194932
-7.79332e-05
0.000196324
-8.2657e-05
0.000197602
-8.60425e-05
0.000198963
-9.06968e-05
0.000200786
-9.10741e-05
0.00020159
-9.70449e-05
0.000202119
-9.15964e-05
0.000202484
-0.000107115
0.000202946
-8.25228e-05
0.00020283
-0.000130055
0.000205232
-4.68855e-05
0.000199323
-0.00018818
0.000229841
6.01306e-05
0.000154745
-0.000316162
0.000432958
0.000376426
-0.000200291
-0.000507328
0.00113885
)
;
    }
    walls
    {
        type            zeroGradient;
    }
    frontAndBack
    {
        type            empty;
    }
}


// ************************************************************************* //
