/*--------------------------------*- C++ -*----------------------------------*\
| =========                 |                                                 |
| \\      /  F ield         | OpenFOAM: The Open Source CFD Toolbox           |
|  \\    /   O peration     | Version:  2412                                  |
|   \\  /    A nd           | Website:  www.openfoam.com                      |
|    \\/     M anipulation  |                                                 |
\*---------------------------------------------------------------------------*/
FoamFile
{
    version     2.0;
    format      ascii;
    arch        "LSB;label=32;scalar=64";
    class       volScalarField;
    location    "200";
    object      p;
}
// * * * * * * * * * * * * * * * * * * * * * * * * * * * * * * * * * * * * * //

dimensions      [0 2 -2 0 0 0 0];

internalField   nonuniform List<scalar> 
10720
(
-19.9103
-90.7181
-174.373
-257.778
-335.988
-416.185
-488.254
-549.783
-603.995
-647.411
-681.649
-707.669
-726.404
-739.103
-745.886
-746.189
-740.781
-728.485
-710.584
-686.606
-659.16
-630.135
-603.218
-573.874
-533.843
-484.506
-434.443
-389.978
-350.985
-314.287
-278.031
-241.952
-206.063
-170.015
-133.414
-95.1919
-55.3673
-8.43563
31.8257
50.0897
113.519
179.924
240.967
291.962
328.593
347.263
351.418
345.022
327.242
302.867
277.093
251.764
227.631
205.375
184.665
165.448
147.212
129.661
112.253
94.9354
77.377
59.6842
42.3041
27.2345
15.5642
6.14262
-1.33579
-6.688
-9.97135
-11.4495
-11.2679
-9.50429
-6.1603
-1.2143
5.73422
15.3406
31.1286
57.6393
74.6631
21.0969
-39.3554
-104.098
-171.12
-240.172
-307.722
-371.624
-431.103
-484.331
-530.846
-570.608
-603.69
-630.029
-649.529
-661.578
-666.845
-665.176
-657.466
-643.881
-626.359
-606.589
-586.587
-562.161
-526.32
-480.061
-431.84
-388.21
-349.564
-313.072
-276.964
-240.995
-205.213
-169.289
-132.824
-94.7297
-55.0123
-8.09654
31.5382
122.578
167.95
212.764
255.368
292.116
320.217
336.586
341.657
336.497
322.095
302.109
279.784
256.75
233.941
212.093
191.346
171.739
153.029
134.986
117.239
99.6767
82.0758
64.527
47.4884
32.5319
20.6307
11.032
3.2799
-2.6635
-6.69149
-8.82289
-9.15892
-7.80316
-4.78386
-0.0891786
6.67126
16.1349
31.8344
57.3383
85.932
37.8767
-16.6292
-77.1398
-140.33
-205.582
-271.274
-334.74
-394.352
-449.021
-497.415
-539.113
-573.628
-600.777
-620.909
-634.264
-641.015
-641.114
-635.035
-623.168
-606.84
-587.54
-566.875
-542.59
-509.578
-467.647
-423.25
-382.124
-345.019
-309.66
-274.479
-239.244
-203.988
-168.409
-132.166
-94.2331
-54.6423
-7.84652
31.5705
128.996
170.427
211.209
249.328
281.578
306.231
321.416
327.275
324.228
313.188
296.598
276.821
255.529
233.851
212.604
192.166
172.659
153.989
135.971
118.326
100.899
83.5344
66.3004
49.6069
34.693
22.5079
12.6358
4.68679
-1.35672
-5.4045
-7.53671
-7.9175
-6.66458
-3.78382
0.77089
7.40819
16.7743
32.3246
56.8442
104.013
63.7075
17.3865
-33.86
-87.9825
-144.963
-203.135
-260.716
-316.368
-368.888
-417.102
-460.255
-497.742
-529.279
-554.675
-574.124
-587.282
-593.906
-594.137
-588.316
-577.332
-562.352
-544.511
-522.516
-492.804
-455.013
-414.16
-375.326
-339.617
-305.325
-271.089
-236.669
-202.087
-167.063
-131.254
-93.645
-54.2825
-7.75171
31.5821
139.914
174.127
208.132
240.515
268.292
290.096
304.418
310.929
309.721
301.571
288.209
271.452
252.724
233.085
213.319
193.884
174.995
156.689
138.873
121.372
104.064
86.8617
69.8395
53.3806
38.5049
26.105
15.9846
7.78588
1.45705
-2.94123
-5.4757
-6.25202
-5.3432
-2.73705
1.61487
8.10833
17.3671
32.7247
56.2892
107.493
71.6557
30.2763
-15.8016
-64.5824
-116.521
-170.241
-224.134
-277.187
-328.209
-376.019
-419.772
-458.725
-492.297
-520.098
-541.938
-557.365
-566.358
-568.943
-565.523
-556.813
-543.831
-527.475
-506.922
-479.484
-444.66
-406.399
-369.242
-334.545
-301.053
-267.573
-233.851
-199.89
-165.415
-130.086
-92.9047
-53.9012
-7.79257
31.3851
139.487
169.816
200.065
228.9
253.693
273.497
287.161
294.161
294.452
288.702
278.135
264.132
247.835
230.187
211.937
193.578
175.412
157.577
140.078
122.831
105.756
88.814
72.0892
55.9327
41.1831
28.6517
18.3135
9.88146
3.30858
-1.3382
-4.08822
-5.03777
-4.2637
-1.77226
2.4779
8.87589
18.0304
33.1521
55.7163
108.729
76.9917
40.1747
-0.789439
-44.1469
-90.6396
-138.995
-187.931
-236.714
-284.265
-329.591
-371.896
-410.393
-444.419
-473.479
-497.193
-515.28
-527.564
-533.938
-534.555
-529.847
-520.515
-507.152
-489.192
-464.661
-433.104
-397.724
-362.583
-329.199
-296.694
-264.042
-231.018
-197.655
-163.712
-128.862
-92.1275
-53.545
-8.00109
30.9541
137.077
163.863
190.786
216.651
239.032
257.245
270.342
277.666
279.113
275.272
267.045
255.498
241.538
225.96
209.437
192.444
175.31
158.236
141.299
124.491
107.785
91.185
74.7926
58.9392
44.3369
31.7223
21.2002
12.5661
5.77716
0.896851
-2.09406
-3.28784
-2.75776
-0.500711
3.53882
9.75416
18.7376
33.5595
55.0973
106.625
77.993
44.6973
7.62742
-31.5205
-73.7135
-117.823
-162.731
-207.951
-252.532
-295.617
-336.5
-374.396
-408.608
-438.567
-463.777
-483.812
-498.294
-506.998
-509.985
-507.604
-500.425
-488.916
-472.757
-450.552
-421.872
-389.189
-356.012
-323.929
-292.398
-260.571
-228.243
-195.458
-162.011
-127.621
-91.3531
-53.2654
-8.40368
30.2602
132.231
156.358
180.746
204.289
224.754
241.697
254.281
261.781
264.12
261.788
255.487
246.056
234.211
220.598
205.798
190.233
174.231
158.031
141.763
125.482
109.215
93.0097
76.9858
61.4586
47.043
34.4066
23.7447
14.9334
7.94061
2.82834
-0.407713
-1.83873
-1.52561
0.541697
4.42231
10.5018
19.3458
33.8615
54.3984
103.179
77.1858
46.9057
13.2269
-22.2346
-60.5649
-100.728
-141.749
-183.314
-224.616
-264.917
-303.632
-340.043
-373.477
-403.332
-429.061
-450.144
-466.24
-477.086
-482.602
-482.936
-478.422
-469.332
-455.439
-435.767
-409.971
-379.99
-348.855
-318.182
-287.726
-256.815
-225.27
-193.138
-160.244
-126.339
-90.5496
-53.021
-8.95014
29.2763
126.464
148.363
170.632
192.245
211.125
227.004
239.102
246.674
249.683
248.533
243.797
236.157
226.182
214.391
201.269
187.172
172.406
157.215
141.76
126.139
110.426
94.7028
79.1088
63.9459
49.7624
37.1661
26.4141
17.4595
10.2888
4.96609
1.50419
-0.152988
-0.0590884
1.80156
5.49333
11.396
20.0504
34.1854
53.6923
98.7723
74.9706
47.2164
16.3746
-15.9908
-51.0261
-87.7939
-125.415
-163.719
-202.003
-239.654
-276.202
-311.002
-343.432
-372.907
-398.851
-420.717
-438.076
-450.571
-457.979
-460.316
-457.808
-450.639
-438.666
-421.219
-398.023
-370.573
-341.437
-312.199
-282.849
-252.881
-222.144
-190.697
-158.393
-125.009
-89.7201
-52.7687
-9.55778
28.0418
120.13
140.192
160.699
180.691
198.232
213.198
224.835
232.406
235.905
235.68
232.211
226.07
217.717
207.569
196.022
183.365
169.864
155.749
141.191
126.317
111.233
96.053
80.932
66.1646
52.2493
39.7442
28.9463
19.8781
12.5499
7.03039
3.34752
1.46383
1.33687
2.99153
6.49699
12.2249
20.6859
34.4205
52.9231
93.9046
71.9808
46.4034
18.0189
-11.6663
-43.82
-77.5702
-112.123
-147.408
-182.811
-217.829
-252.089
-285.022
-316.089
-344.734
-370.382
-392.483
-410.558
-424.237
-433.237
-437.425
-436.887
-431.686
-421.7
-406.466
-385.774
-360.787
-333.666
-305.92
-277.73
-248.747
-218.856
-188.128
-156.445
-123.616
-88.8675
-52.4997
-10.2099
26.6408
113.615
132.111
151.115
169.718
186.108
200.263
211.465
218.978
222.828
223.324
220.878
215.98
209.017
200.326
190.227
178.946
166.706
153.707
140.113
126.064
111.688
97.1189
82.5261
68.1972
54.5951
42.2382
31.4473
22.3045
14.8482
9.15459
5.267
3.16705
2.82287
4.26796
7.57657
13.1103
21.3482
34.6299
52.1183
88.8138
68.5105
44.8181
18.5631
-8.79432
-38.4321
-69.5304
-101.366
-133.926
-166.68
-199.219
-231.256
-262.297
-291.872
-319.483
-344.587
-366.635
-385.141
-399.672
-409.906
-415.573
-416.663
-413.169
-404.982
-391.78
-373.404
-350.749
-325.605
-299.375
-272.382
-244.418
-215.408
-185.433
-154.405
-122.165
-87.9956
-52.2295
-10.9269
25.113
107.101
124.251
141.953
159.348
174.736
188.164
198.942
206.364
210.457
211.512
209.889
206.021
200.241
192.825
184.034
174.042
163.021
151.14
138.545
125.373
111.763
97.8614
83.8431
69.9899
56.7411
44.5822
33.8469
24.6661
17.1086
11.2609
7.18138
4.87149
4.31209
5.54686
8.65516
13.9865
21.9858
34.7856
51.2747
83.6745
64.7914
42.7542
18.3705
-6.94623
-34.3644
-63.1079
-92.508
-122.603
-152.921
-183.127
-213.009
-242.143
-270.134
-296.536
-320.847
-342.549
-361.152
-376.195
-387.341
-394.232
-396.757
-394.839
-388.36
-377.083
-360.886
-340.451
-317.251
-292.56
-266.803
-239.894
-211.801
-182.613
-152.275
-120.658
-87.1084
-51.9787
-11.7193
23.464
100.72
116.694
133.254
149.581
164.087
176.851
187.219
194.522
198.777
200.262
199.302
196.284
191.504
185.195
177.571
168.763
158.899
148.114
136.528
124.269
111.471
98.2842
84.8848
71.5479
58.6941
46.7835
36.1545
26.977
19.3504
13.3735
9.12038
6.61209
5.8431
6.86655
9.76762
14.8818
22.6186
34.8997
50.3972
78.5964
60.9657
40.3946
17.6674
-5.84565
-31.2951
-57.9428
-85.1623
-113.031
-141.129
-169.173
-197.015
-224.292
-250.677
-275.784
-299.158
-320.317
-338.785
-354.087
-365.871
-373.724
-377.443
-376.901
-371.97
-362.466
-348.287
-329.944
-308.634
-285.489
-260.997
-235.175
-208.031
-179.668
-150.053
-119.095
-86.2049
-51.7567
-12.5851
21.7042
94.5397
109.481
125.025
140.401
154.117
166.273
176.247
183.406
187.759
189.574
189.147
186.83
182.893
177.539
170.946
163.211
154.428
144.696
134.11
122.775
110.817
98.3818
85.6392
72.8559
60.4363
48.8202
38.3457
29.2125
21.5488
15.4682
11.0598
8.36433
7.3914
8.20375
10.893
15.779
23.2343
34.9683
49.4888
73.6486
57.1337
37.8725
16.6244
-5.2812
-28.9726
-53.7457
-79.0057
-104.863
-130.935
-156.982
-182.905
-208.398
-233.19
-256.956
-279.292
-299.749
-317.88
-333.214
-345.383
-353.968
-358.675
-359.337
-355.813
-347.943
-335.633
-319.258
-299.776
-278.175
-254.97
-230.263
-204.099
-176.593
-147.738
-117.475
-85.2839
-51.5625
-13.5221
19.8442
88.6079
102.627
117.263
131.782
144.783
156.375
165.971
172.971
177.373
179.438
179.438
177.699
174.471
169.936
164.248
157.477
149.689
140.954
131.339
120.924
109.821
98.1609
86.1063
73.9101
61.9616
50.6839
40.411
31.3643
23.6979
17.5414
12.9991
10.1306
8.96174
9.56425
12.037
16.6822
23.8353
34.9956
48.554
68.8735
53.3621
35.2792
15.3618
-5.10312
-27.2169
-50.3019
-73.7981
-97.832
-122.053
-146.262
-170.395
-194.196
-217.445
-239.863
-261.1
-280.749
-298.394
-313.583
-325.935
-335.041
-340.537
-342.226
-339.95
-333.566
-322.973
-308.435
-290.707
-270.634
-248.73
-225.16
-200.006
-173.388
-145.329
-115.799
-84.3454
-51.3919
-14.5265
17.891
82.9483
96.1383
109.953
123.695
136.042
147.11
156.344
163.171
167.584
169.834
170.176
168.913
166.282
162.449
157.55
151.639
144.758
136.953
128.264
118.75
108.501
97.6315
86.2879
74.7065
63.262
52.3628
42.3361
33.4176
25.7836
19.5802
14.9263
11.9002
10.5445
10.9395
13.1919
17.5853
24.4174
34.9822
47.5972
64.297
49.6955
32.6795
13.9671
-5.19886
-25.8862
-47.4449
-69.3452
-91.7229
-114.255
-136.775
-159.247
-181.453
-203.216
-224.307
-244.417
-263.187
-280.234
-295.132
-307.492
-316.932
-323.043
-325.593
-324.414
-319.366
-310.343
-297.513
-281.458
-262.886
-242.288
-219.873
-195.752
-170.055
-142.826
-114.064
-83.3897
-51.2439
-15.5903
15.8507
77.571
90.0106
103.077
116.109
127.854
138.432
147.32
153.964
158.358
160.743
161.358
160.486
158.357
155.124
150.912
145.761
139.7
132.753
124.939
116.294
106.885
96.8079
86.1889
75.2449
64.3341
53.8496
44.1105
35.3607
27.795
21.5748
16.8337
13.6673
12.1355
12.3267
14.3556
18.4864
24.9794
34.9311
46.6229
59.935
46.1615
30.1173
12.5035
-5.48461
-24.8759
-45.0503
-65.4998
-86.3693
-107.361
-128.328
-149.259
-169.97
-190.319
-210.12
-229.104
-246.954
-263.324
-277.815
-290.047
-299.658
-306.223
-309.477
-309.244
-305.386
-297.786
-286.532
-272.061
-254.953
-235.657
-214.409
-191.342
-166.595
-140.228
-112.272
-82.4165
-51.1176
-16.7053
13.7324
72.4778
84.2341
96.6135
108.992
120.181
130.297
138.852
145.312
149.662
152.142
152.973
152.423
150.715
147.996
144.378
139.898
134.572
128.41
121.412
113.595
105.003
95.7102
85.8204
75.529
65.1752
55.1374
45.7239
37.1819
29.72
23.514
18.711
15.4231
13.7273
13.7197
15.5231
19.3817
25.5192
34.8447
45.6358
55.7939
42.7783
27.6271
11.0161
-5.8952
-24.1065
-43.0168
-62.1449
-81.6371
-101.217
-120.757
-140.264
-159.579
-178.594
-197.152
-215.027
-231.939
-247.576
-261.574
-273.567
-283.209
-290.086
-293.9
-294.47
-291.66
-285.34
-275.533
-262.553
-246.859
-228.853
-208.777
-186.781
-163.008
-137.537
-110.423
-81.4246
-51.012
-17.863
11.549
67.6649
78.7945
90.541
102.316
112.986
122.667
130.903
137.174
141.465
144.006
145.007
144.723
143.37
141.088
137.986
134.095
129.425
123.974
117.731
110.694
102.887
94.3601
85.1963
75.5656
65.7868
56.2223
47.1682
38.8706
31.5475
25.3869
20.5483
17.1593
15.313
15.113
16.6898
20.268
26.0353
34.7261
44.6413
51.8742
39.557
25.227
9.54069
-6.3858
-23.5139
-41.2678
-59.1852
-77.4179
-95.7036
-113.93
-132.119
-150.136
-167.894
-185.267
-202.061
-218.035
-232.91
-246.352
-258.02
-267.577
-274.641
-278.884
-280.122
-278.22
-273.042
-264.555
-252.967
-238.633
-221.894
-202.989
-182.076
-159.3
-134.753
-108.516
-80.4133
-50.925
-19.0549
9.31298
63.1257
73.6772
84.8385
96.0536
106.237
115.507
123.436
129.517
133.734
136.311
137.445
137.38
136.325
134.418
131.762
128.387
124.3
119.491
113.94
107.63
100.568
92.7817
84.3317
75.3634
66.1725
57.1028
48.4371
40.4176
33.2669
27.1826
22.3356
18.8667
16.8848
16.5002
17.8507
21.1414
26.5263
34.5784
43.6446
48.1741
36.5032
22.9324
8.09956
-6.91917
-23.0518
-39.7415
-56.549
-73.6246
-90.7207
-107.737
-124.708
-141.514
-158.092
-174.342
-190.096
-205.145
-219.244
-232.09
-243.364
-252.745
-259.886
-264.441
-266.222
-265.099
-260.929
-253.636
-243.341
-230.302
-214.801
-197.059
-177.235
-155.475
-131.881
-106.553
-79.381
-50.8532
-20.2719
7.03741
58.8509
68.8674
79.4848
90.1768
99.9034
108.784
116.417
122.31
126.443
129.034
130.272
130.387
129.583
127.997
125.727
122.803
119.232
114.999
110.078
104.441
98.0787
91.0018
83.2472
74.9358
66.3383
57.7791
49.5265
41.8149
34.8683
28.8908
24.0624
20.5359
18.4345
17.8745
19.0004
21.9984
26.9908
34.4048
42.6506
44.6883
33.6177
20.7526
6.71119
-7.46929
-22.6821
-38.3912
-54.176
-70.186
-86.186
-102.087
-117.931
-133.615
-149.089
-164.275
-179.034
-193.182
-206.504
-218.726
-229.558
-238.69
-245.815
-250.577
-252.788
-252.323
-249.036
-242.815
-233.711
-221.897
-207.596
-191.002
-172.269
-151.539
-128.921
-104.534
-78.326
-50.7922
-21.5043
4.73664
54.8313
64.3494
74.459
84.6606
93.9574
102.469
109.818
115.524
119.565
122.155
123.471
123.734
123.143
121.831
119.894
117.366
114.25
110.532
106.181
101.162
95.4524
89.0478
81.9642
74.2971
66.2923
58.2539
50.4337
43.0563
36.343
30.5013
25.7186
22.1574
19.9536
19.2287
20.1331
22.8351
27.4278
34.2089
41.6647
41.4108
30.8997
18.6915
5.38715
-8.0155
-22.3764
-37.1776
-52.0184
-67.0428
-82.0318
-96.903
-111.704
-126.345
-140.788
-154.976
-168.784
-182.062
-194.616
-206.202
-216.557
-225.386
-232.415
-237.295
-239.834
-239.914
-237.391
-232.127
-224.113
-213.45
-200.303
-184.837
-167.19
-147.499
-125.878
-102.46
-77.2466
-50.7371
-22.7412
2.42559
51.0551
60.1078
69.7414
79.482
88.3731
96.5347
103.609
109.131
113.076
115.651
117.026
117.41
116.998
115.921
114.274
112.091
109.377
106.118
102.281
97.825
92.7199
86.9468
80.504
73.4634
66.0456
58.5327
51.159
44.1373
37.6834
32.0051
27.2943
23.7214
21.433
20.5554
21.2428
23.6476
27.8363
33.9937
40.692
38.3341
28.3455
16.752
4.13596
-8.54458
-22.1123
-36.0715
-50.037
-64.1508
-78.2029
-92.1213
-105.956
-119.627
-133.109
-146.358
-159.268
-171.709
-183.513
-194.463
-204.318
-212.803
-219.671
-224.592
-227.369
-227.892
-226.022
-221.604
-214.581
-204.993
-192.949
-178.581
-162.011
-143.364
-122.756
-100.332
-76.1405
-50.6823
-23.973
0.118252
47.5105
56.1286
65.3147
74.6201
83.1281
90.9565
97.7673
103.107
106.952
109.502
110.919
111.403
111.144
110.27
108.873
106.991
104.631
101.779
98.4025
94.4585
89.9096
84.7257
78.8901
72.4535
65.611
58.6224
51.7044
45.0552
38.8833
33.3937
28.78
25.2184
22.8638
21.8469
22.3234
24.432
28.2156
33.7626
39.7373
35.4499
25.9512
14.9339
2.96235
-9.04397
-21.8729
-35.0484
-48.2013
-61.4694
-74.6548
-87.6899
-100.628
-113.398
-125.983
-138.351
-150.413
-162.057
-173.133
-183.452
-192.794
-200.908
-207.564
-212.46
-215.398
-216.272
-214.953
-211.278
-205.149
-196.557
-185.561
-172.257
-156.747
-139.144
-119.562
-98.1515
-75.0055
-50.6212
-25.188
-2.16994
44.187
52.3963
61.1612
70.0561
78.2009
85.711
92.2674
97.4296
101.173
103.69
105.136
105.7
105.57
104.87
103.692
102.074
100.025
97.5348
94.5704
91.0888
87.048
82.4102
77.1457
71.2862
65.0027
58.532
52.073
45.8093
39.9382
34.6596
30.1671
26.6391
24.2368
23.095
23.3687
25.1845
28.5648
33.5186
38.8051
32.7493
23.7116
13.2358
1.86889
-9.50609
-21.6449
-34.0889
-46.485
-58.9674
-71.3473
-83.5624
-95.6676
-107.6
-119.35
-130.894
-142.156
-153.041
-163.418
-173.118
-181.945
-189.669
-196.074
-200.891
-203.92
-205.064
-204.206
-201.175
-195.848
-188.173
-178.165
-165.886
-151.415
-134.851
-116.301
-95.9214
-73.8386
-50.5471
-26.3753
-4.42421
41.0732
48.898
57.2651
65.7706
73.5703
80.7767
87.0888
92.078
95.7181
98.1966
99.6603
100.291
100.271
99.7212
98.7324
97.345
95.5704
93.4
90.803
87.7374
84.1591
80.0239
75.2927
69.9808
64.2356
58.2724
52.2712
46.4004
40.8449
35.7973
31.4473
27.9745
25.5433
24.2919
24.3723
25.901
28.8835
33.2645
37.8994
30.224
21.6209
11.655
0.856569
-9.92636
-21.4187
-33.1787
-44.8686
-56.6189
-68.249
-79.7023
-91.0329
-102.185
-113.157
-123.929
-134.44
-144.606
-154.314
-163.414
-171.729
-179.05
-185.177
-189.871
-192.934
-194.278
-193.796
-191.32
-186.706
-179.87
-170.789
-159.492
-146.033
-130.495
-112.981
-93.6423
-72.6381
-50.4519
-27.5235
-6.62966
38.1581
45.6196
53.6103
61.7462
69.2177
76.1345
82.2108
87.0321
90.5692
93.0042
94.477
95.1615
95.2346
94.8153
93.9919
92.8064
91.2731
89.3854
87.1158
84.4236
81.2639
77.5888
73.3524
68.5557
63.3256
57.855
52.306
46.831
41.602
36.8014
32.6136
29.2163
26.775
25.4295
25.3278
26.5778
29.1709
33.0026
37.0238
27.8657
19.6724
10.1883
-0.0746377
-10.301
-21.1865
-32.3058
-43.3354
-54.402
-65.3328
-76.0769
-86.687
-97.1142
-107.359
-117.411
-127.215
-136.702
-145.773
-154.293
-162.105
-169.019
-174.848
-179.384
-182.433
-183.915
-183.738
-181.736
-177.752
-171.677
-163.459
-153.096
-140.619
-126.092
-109.608
-91.3188
-71.4008
-50.3286
-28.6231
-8.77214
35.4308
42.5487
50.183
57.968
65.1263
71.7669
77.6162
82.2736
85.7085
88.0967
89.5718
90.2996
90.4521
90.1457
89.4669
88.4588
87.138
85.5005
83.5215
81.1631
78.3809
75.1254
71.3453
67.031
62.2893
57.2928
52.1858
47.1057
42.2096
37.6688
33.66
30.357
27.9236
26.5003
26.2293
27.2111
29.4265
32.7349
36.1811
25.6655
17.8603
8.831
-0.92555
-10.6283
-20.9429
-31.4606
-41.8724
-52.2993
-62.5777
-72.6602
-82.5996
-92.3501
-101.918
-111.296
-120.438
-129.284
-137.75
-145.713
-153.035
-159.544
-165.063
-169.415
-172.41
-173.978
-174.041
-172.439
-169.009
-163.622
-156.203
-146.724
-135.192
-121.655
-106.193
-88.9521
-70.1248
-50.1701
-29.6626
-10.8383
32.881
39.6737
46.97
54.4208
61.2805
67.6569
73.2876
77.7858
81.1196
83.4589
84.9307
85.6933
85.9139
85.7054
85.1532
84.3009
83.1671
81.7505
80.0296
77.9689
75.5259
72.6513
69.2903
65.4242
61.1427
56.5989
51.9207
47.23
42.6694
38.3976
34.582
31.3897
28.9816
27.4969
27.0707
27.7972
29.6494
32.4632
35.3736
23.6153
16.1776
7.57922
-1.69846
-10.9075
-20.6846
-30.6363
-40.4682
-50.2962
-59.9647
-69.4288
-78.7424
-87.8628
-96.7987
-105.547
-114.068
-122.313
-130.204
-137.637
-144.484
-150.591
-155.797
-159.943
-162.854
-164.465
-164.712
-163.445
-160.497
-155.729
-149.046
-140.398
-129.772
-117.197
-102.743
-86.5467
-68.8077
-49.967
-30.6327
-12.8145
30.4992
36.9834
43.9582
51.0903
57.6652
63.7885
69.2092
73.5528
76.7871
79.0759
80.5401
81.3303
81.6091
81.4864
81.0446
80.3294
79.3604
78.1391
76.6468
74.8515
72.7129
70.1824
67.2039
63.7521
59.9013
55.7868
51.521
47.2109
42.9846
38.9874
35.3759
32.3093
29.9426
28.4125
27.8464
28.3325
29.8393
32.1886
34.6027
21.707
14.6178
6.42832
-2.39605
-11.1386
-20.4082
-29.8271
-39.1138
-48.3799
-57.477
-66.3638
-75.0924
-83.6247
-91.9708
-100.131
-108.072
-115.75
-123.1
-130.027
-136.417
-142.133
-147.024
-150.952
-153.754
-155.372
-155.756
-154.765
-152.235
-148.019
-142.01
-134.14
-124.378
-112.735
-99.2691
-84.1065
-67.4476
-49.7137
-31.5231
-14.6883
28.2759
34.4666
41.1356
47.9641
54.2668
60.1475
65.3663
69.56
72.6967
74.934
76.3869
77.1991
77.5273
77.4796
77.1353
76.5407
75.7174
74.6682
73.3784
71.819
69.9524
67.7318
65.1012
62.0306
58.5806
54.8704
50.998
47.0564
43.1596
39.4392
36.0398
33.111
30.8007
29.241
28.5511
28.8138
29.995
31.9117
33.869
19.9328
13.1747
5.37329
-3.02102
-11.3224
-20.1127
-29.0291
-37.8029
-46.5412
-55.1029
-63.449
-71.6309
-79.6139
-87.4089
-95.0191
-102.417
-109.565
-116.404
-122.851
-128.804
-134.14
-138.719
-142.421
-145.096
-146.693
-147.172
-146.408
-144.237
-140.513
-135.119
-127.973
-119.029
-108.284
-95.7813
-81.6355
-66.0435
-49.4029
-32.3257
-16.4498
26.202
32.1139
38.4912
45.0299
51.0722
56.7204
61.7444
65.7938
68.8351
71.0204
72.4589
73.2879
73.659
73.6765
73.418
72.9298
72.235
71.338
70.2274
68.8775
67.2537
65.3113
62.9959
60.2739
57.1949
53.863
50.3629
46.7753
43.2001
39.7553
36.5729
33.7919
31.5513
29.9772
29.1804
29.2381
30.1158
31.6327
33.1723
18.2852
11.8419
4.40941
-3.57673
-11.4604
-19.7974
-28.2393
-36.5302
-44.7723
-52.8312
-60.671
-68.3413
-75.8105
-83.0906
-90.1873
-97.0767
-103.727
-110.085
-116.079
-121.617
-126.586
-130.86
-134.331
-136.865
-138.419
-138.961
-138.378
-136.516
-133.227
-128.391
-121.916
-113.745
-103.858
-92.2893
-79.1386
-64.595
-49.0287
-33.0329
-18.09
24.269
29.9154
36.0145
42.2759
48.0694
53.4945
58.3313
62.241
65.1889
67.3223
68.7445
69.5864
69.994
70.0685
69.8856
69.4915
68.9098
68.1476
67.1955
66.0312
64.6234
62.9303
60.8994
58.4952
55.7576
52.7773
49.6275
46.3769
43.1126
39.9393
36.976
34.3502
32.1908
30.6168
29.73
29.6023
30.2006
31.3512
32.5118
16.7569
10.6131
3.53177
-4.06654
-11.5542
-19.4618
-27.4553
-35.2904
-43.0655
-50.6519
-58.0171
-65.2084
-72.1973
-78.9967
-85.6132
-92.0271
-98.2106
-104.118
-109.684
-114.826
-119.444
-123.423
-126.663
-129.049
-130.542
-131.118
-130.68
-129.079
-126.175
-121.843
-115.988
-108.541
-99.4731
-88.804
-76.6214
-63.1011
-48.5862
-33.6377
-19.6004
22.4686
27.862
33.6955
39.6918
45.2469
50.458
55.1148
58.889
61.7465
63.8281
65.2323
66.0832
66.522
66.6469
66.5305
66.2195
65.7381
65.0945
64.2826
63.2828
62.0671
60.5967
58.8216
56.7058
54.2809
51.6255
48.8029
45.8709
42.9047
39.996
37.2511
34.7853
32.7168
31.1564
30.1967
29.9043
30.2482
31.0665
31.8858
15.3407
9.4825
2.73551
-4.49393
-11.6057
-19.1067
-26.6758
-34.0808
-41.4153
-48.5577
-55.4772
-62.2197
-68.7589
-75.1088
-81.277
-87.2465
-92.9935
-98.4783
-103.641
-108.409
-112.691
-116.384
-119.397
-121.631
-123.049
-123.64
-123.314
-121.936
-119.369
-115.492
-110.205
-103.435
-95.1423
-85.3359
-74.0892
-61.5636
-48.0707
-34.1346
-20.9747
20.7932
25.9452
31.5248
37.2676
42.5942
47.6001
52.0832
55.7268
58.496
60.5263
61.9109
62.7681
63.2335
63.4024
63.345
63.1075
62.7144
62.176
61.4878
60.6336
59.5882
58.3161
56.7704
54.9153
52.7757
50.4194
47.9003
45.2673
42.5843
39.9311
37.4013
35.0981
33.1284
31.5938
30.5779
30.1417
30.2576
30.7773
31.2919
14.0303
8.44413
2.01589
-4.86255
-11.6175
-18.7326
-25.9001
-32.8986
-39.8181
-46.5423
-53.0431
-59.3649
-65.4834
-71.4125
-77.1614
-82.7155
-88.0541
-93.1423
-97.9266
-102.342
-106.306
-109.725
-112.517
-114.595
-115.931
-116.518
-116.278
-115.088
-112.817
-109.348
-104.583
-98.4418
-90.8795
-81.8953
-71.5482
-59.9832
-47.4805
-34.52
-22.2079
19.2351
24.1566
29.4935
34.9935
40.1012
44.9099
49.2259
52.7435
55.4268
57.4062
58.7705
59.631
60.1193
60.327
60.3217
60.1489
59.8341
59.3885
58.8095
58.0838
57.1891
56.0934
54.7529
53.1326
51.2519
49.1692
46.9302
44.5758
42.16
39.7512
37.4312
35.2908
33.4258
31.9279
30.8719
30.3131
30.2274
30.482
30.7272
12.8191
7.49256
1.36816
-5.17595
-11.5917
-18.3406
-25.1274
-31.7417
-38.2696
-44.5999
-50.7073
-56.6343
-62.3584
-67.8943
-73.2513
-78.4172
-83.3739
-88.0909
-92.5203
-96.6036
-100.266
-103.424
-106.002
-107.927
-109.175
-109.745
-109.57
-108.538
-106.526
-103.423
-99.1325
-93.5743
-86.6972
-78.4919
-69.005
-58.3625
-46.8139
-34.7906
-23.2965
17.7874
22.4887
27.5934
32.8608
37.7586
42.3778
46.5329
49.9284
52.5285
54.4579
55.8009
56.6627
57.1702
57.4115
57.4523
57.3369
57.0914
56.7275
56.2449
55.6326
54.8711
53.9317
52.7743
51.365
49.7183
47.8847
45.9028
43.8063
41.6406
39.4636
37.3459
35.3667
33.6104
32.1588
31.0779
30.4173
30.1565
30.1787
30.1882
11.701
6.62235
0.787817
-5.4378
-11.531
-17.9323
-24.3582
-30.6091
-36.7669
-42.7262
-48.4634
-54.0198
-59.3743
-64.5421
-69.5328
-74.3361
-78.9361
-83.3061
-87.4031
-91.1749
-94.5535
-97.463
-99.837
-101.612
-102.768
-103.311
-103.184
-102.284
-100.499
-97.7234
-93.865
-88.8441
-82.6063
-75.1356
-66.4655
-56.7045
-46.07
-34.9453
-24.2386
16.4435
20.9343
25.8166
30.8611
35.5575
39.9944
43.9945
47.2722
49.7913
51.6714
52.9923
53.8537
54.3773
54.6483
54.7294
54.6648
54.4803
54.1886
53.7908
53.2784
52.6345
51.8336
50.8388
49.6183
48.1825
46.5746
44.8273
42.9682
41.0348
39.076
37.1516
35.3302
33.6848
32.2875
31.1959
30.4538
30.0439
29.8652
29.6711
10.6702
5.82841
0.270468
-5.65142
-11.4378
-17.5087
-23.5926
-29.4993
-35.3073
-40.9169
-46.3061
-51.5145
-56.5227
-61.3458
-65.9941
-70.4584
-74.7256
-78.7715
-82.5578
-86.0372
-89.1493
-91.8247
-94.0041
-95.6337
-96.6978
-97.2076
-97.1145
-96.3251
-94.7374
-92.2547
-88.7882
-84.2609
-78.6172
-71.8348
-63.9368
-55.0132
-45.2505
-34.9837
-25.0334
15.1967
19.4863
24.1555
28.9863
33.4894
37.7513
41.6018
44.7657
47.2061
49.0377
50.3359
51.195
51.732
52.0287
52.1455
52.1258
51.995
51.7668
51.4437
51.0191
50.4789
49.8001
48.9496
47.8975
46.6509
45.2467
43.7125
42.0705
40.3516
38.5964
36.8554
35.1866
33.6528
32.3163
31.2269
30.4223
29.8887
29.5393
29.1719
9.7213
5.10558
-0.188071
-5.82033
-11.3149
-17.0715
-22.8308
-28.4116
-33.8894
-39.1691
-44.2306
-49.112
-53.7955
-58.2964
-62.6245
-66.7723
-70.7287
-74.4722
-77.9683
-81.1747
-84.0367
-86.492
-88.4873
-89.9775
-90.9511
-91.4232
-91.3527
-90.6565
-89.2417
-87.0199
-83.9079
-79.8328
-74.7384
-68.5982
-61.4255
-53.2928
-44.3576
-34.9077
-25.6825
14.0411
18.1381
22.6032
27.229
31.5465
35.6399
39.3463
42.4
44.7641
46.548
47.8231
48.6784
49.2261
49.5451
49.6932
49.7128
49.6296
49.4571
49.1996
48.8522
48.4029
47.8317
47.109
46.2066
45.1291
43.908
42.5662
41.1218
39.5997
38.0332
36.4645
34.9421
33.5191
32.2484
31.1727
30.3237
29.6901
29.1987
28.6863
8.8489
4.44935
-0.591998
-5.94791
-11.1645
-16.6224
-22.0735
-27.3457
-32.5111
-37.4797
-42.2326
-46.8069
-51.186
-55.3849
-59.4139
-63.2664
-66.933
-70.3945
-73.6201
-76.5717
-79.2
-81.4493
-83.2714
-84.6292
-85.5149
-85.9466
-85.8905
-85.2725
-84.0093
-82.0201
-79.2284
-75.5656
-70.977
-65.4329
-58.9379
-51.5486
-43.3948
-34.7198
-26.1877
12.971
16.8837
21.1532
25.5822
29.7213
33.6527
37.2201
40.1672
42.457
44.1939
45.4454
46.2956
46.8518
47.1899
47.3653
47.4196
47.3779
47.2544
47.0543
46.7745
46.405
45.9285
45.3184
44.5486
43.6218
42.5645
41.3959
40.1302
38.7875
37.3949
35.9868
34.6036
33.2892
32.0881
31.036
30.1588
29.4477
28.841
28.2101
8.04802
3.8551
-0.945132
-6.03742
-10.9894
-16.1632
-21.3215
-26.3016
-31.1714
-35.8463
-40.3089
-44.5945
-48.6881
-52.6045
-56.3538
-59.9306
-63.3271
-66.526
-69.4998
-72.214
-74.6247
-76.6814
-78.3417
-79.5745
-80.376
-80.7666
-80.7187
-80.1666
-79.0361
-77.2541
-74.7513
-71.4637
-67.3389
-62.3454
-56.4805
-49.7862
-42.3667
-34.4241
-26.5529
11.9809
15.717
19.7991
24.0391
28.0069
31.7821
35.2155
38.0595
40.2771
41.9678
43.1953
44.039
44.6015
44.9558
45.1551
45.2394
45.2341
45.1536
45.0038
44.7829
44.4832
44.0895
43.5784
42.926
42.133
41.2216
40.208
39.1032
37.9232
36.6896
35.4304
34.1783
32.9694
31.8401
30.82
29.9296
29.1616
28.4644
27.7391
7.31384
3.31859
-1.25126
-6.09194
-10.7919
-15.6955
-20.5758
-25.2788
-29.8694
-34.267
-38.4561
-42.4705
-46.2963
-49.9481
-53.4362
-56.756
-59.9006
-62.8551
-65.5948
-68.0885
-70.2967
-72.1742
-73.6838
-74.7997
-75.5215
-75.8714
-75.8271
-75.3307
-74.3166
-72.7195
-70.4768
-67.5297
-63.8288
-59.3414
-54.0593
-48.0115
-41.2788
-34.0259
-26.7832
11.0656
14.6327
18.5348
22.5935
26.3965
30.0214
33.3254
36.0696
38.2167
39.8619
41.0652
41.9011
42.468
42.8358
43.0555
43.1662
43.1927
43.1495
43.0434
42.8739
42.635
42.3138
41.8894
41.3403
40.6657
39.884
39.0084
38.0478
37.0145
35.9256
34.8033
33.674
32.5665
31.5101
30.5288
29.6383
28.8319
28.0668
27.2694
6.64194
2.83563
-1.51386
-6.11453
-10.5741
-15.2207
-19.8372
-24.2777
-28.6039
-32.7399
-36.6713
-40.4308
-44.0055
-47.4098
-50.6539
-53.7339
-56.6444
-59.3717
-61.8938
-64.1829
-66.2031
-67.9147
-69.2842
-70.2915
-70.9384
-71.2486
-71.2051
-70.7564
-69.8447
-68.4124
-66.4035
-63.7647
-60.4495
-56.4256
-51.6801
-46.2305
-40.1373
-33.5314
-26.8843
10.2203
13.6254
17.3548
21.2394
24.884
28.3641
31.543
34.1903
36.269
37.8694
39.048
39.8749
40.4444
40.8233
41.0605
41.1939
41.2479
41.2371
41.169
41.0442
40.8581
40.5999
40.2514
39.793
39.2227
38.5556
37.8027
36.9706
36.0689
35.1109
34.1138
33.0984
32.0876
31.1042
30.1671
29.2876
28.4596
27.6468
26.7974
6.02797
2.40246
-1.73648
-6.10795
-10.3387
-14.7407
-19.1065
-23.298
-27.3743
-31.2634
-34.9522
-38.4721
-41.8115
-44.9841
-48.0002
-50.8568
-53.5492
-56.0655
-58.386
-60.4853
-62.3318
-63.8898
-65.13
-66.0368
-66.6141
-66.8868
-66.8416
-66.4341
-65.613
-64.3277
-62.5288
-60.1683
-57.2032
-53.6019
-49.3481
-44.4496
-38.9492
-32.9477
-26.8633
9.44024
12.6901
16.2539
19.9711
23.4632
26.8038
29.8619
32.4154
34.4271
35.9833
37.137
37.9539
38.5242
38.9119
39.1638
39.3166
39.3944
39.4116
39.3762
39.29
39.1496
38.9461
38.6638
38.2848
37.806
37.2399
36.5954
35.8775
35.0933
34.253
33.3697
32.4596
31.5401
30.6288
29.7399
28.881
28.0456
27.2033
26.3197
5.46789
2.01536
-1.92232
-6.07496
-10.0878
-14.2569
-18.3846
-22.3403
-26.1801
-29.836
-33.2964
-36.591
-39.7097
-42.6657
-45.4692
-48.1176
-50.6074
-52.9278
-55.0612
-56.9852
-58.6712
-60.0876
-61.2087
-62.0229
-62.536
-62.7736
-62.7258
-62.3539
-61.6131
-60.4591
-58.8487
-56.7388
-54.0905
-50.8732
-47.0679
-42.675
-37.7216
-32.2827
-26.7278
8.72109
11.8221
15.227
18.7833
22.1289
25.3348
28.2761
30.7386
32.685
34.1975
35.3259
36.1317
36.7012
37.0957
37.3596
37.5291
37.6271
37.6682
37.661
37.6081
37.5072
37.3509
37.1258
36.8159
36.4173
35.9399
35.3908
34.7739
34.0942
33.3592
32.5789
31.7654
30.9317
30.0907
29.2527
28.422
27.5917
26.7355
25.8336
4.95785
1.67086
-2.07439
-6.01814
-9.82316
-13.7707
-17.6723
-21.4044
-25.0206
-28.4564
-31.7016
-34.7848
-37.6965
-40.4499
-43.0549
-45.5096
-47.8111
-49.9499
-51.9103
-53.6723
-55.2103
-56.4965
-57.5084
-58.2377
-58.6921
-58.8974
-58.8464
-58.5056
-57.8361
-56.7996
-55.3581
-53.4738
-51.1111
-48.2414
-44.8438
-40.9126
-36.4618
-31.5446
-26.4864
8.05864
11.0171
14.2693
17.6711
20.8754
23.9515
26.7798
29.154
31.0366
32.5061
33.6088
34.4026
34.9696
35.3689
35.6426
35.8258
35.941
36.0025
36.0194
35.9949
35.9278
35.8123
35.6367
35.3868
35.0581
34.6582
34.1928
33.6646
33.0774
32.4363
31.7488
31.0234
30.2697
29.4967
28.7111
27.9146
27.0998
26.2432
25.3367
4.49423
1.36564
-2.19565
-5.93996
-9.54696
-13.2838
-16.9706
-20.4908
-23.8952
-27.1234
-30.166
-33.0504
-35.7684
-38.3323
-40.7522
-43.0264
-45.1531
-47.1237
-48.9243
-50.537
-51.9389
-53.1055
-54.0175
-54.6694
-55.0705
-55.2462
-55.192
-54.8788
-54.2729
-53.3414
-52.0514
-50.3694
-48.2639
-45.7077
-42.6794
-39.168
-35.1776
-30.742
-26.1478
7.44905
10.2708
13.3765
16.6297
19.698
22.6488
25.3678
27.6561
29.4765
30.9032
31.9799
32.7607
33.3241
33.7262
34.0076
34.202
34.3316
34.4104
34.4476
34.4472
34.409
34.3283
34.1953
33.9973
33.7292
33.3968
33.0045
32.5543
32.0485
31.4908
30.8864
30.2412
29.5616
28.8537
28.1211
27.3633
26.5722
25.7265
24.8273
4.07362
1.09661
-2.28878
-5.84272
-9.26105
-12.7973
-16.2802
-19.5995
-22.8038
-25.8359
-28.6879
-31.3856
-33.9218
-36.3088
-38.556
-40.6626
-42.6269
-44.4419
-46.0948
-47.57
-48.8468
-49.904
-50.725
-51.3067
-51.6595
-51.8085
-51.7513
-51.4627
-50.9139
-50.0764
-48.922
-47.4216
-45.5468
-43.2727
-40.5776
-37.4469
-33.8761
-29.8836
-25.7213
6.88858
9.57922
12.5441
15.6544
18.5919
21.4217
24.0348
26.2397
27.9991
29.3837
30.4342
31.201
31.7592
32.1625
32.4497
32.6531
32.7944
32.8876
32.942
32.9619
32.9481
32.897
32.8005
32.6473
32.4316
32.1577
31.8291
31.4468
31.0126
30.5287
29.9984
29.4256
28.8144
28.1682
27.4884
26.7725
26.0116
25.1862
24.3041
3.6928
0.86082
-2.35637
-5.72855
-8.96709
-12.3126
-15.6018
-18.7307
-21.7456
-24.5929
-27.2653
-29.7878
-32.1538
-34.3753
-36.4615
-38.4122
-40.2261
-41.8971
-43.4139
-44.7625
-45.9249
-46.8821
-47.6203
-48.1384
-48.4478
-48.5731
-48.5133
-48.2469
-47.7494
-46.9961
-45.9631
-44.6251
-42.9572
-40.9361
-38.5407
-35.7539
-32.5643
-28.9781
-25.216
6.37373
8.93867
11.7684
14.7412
17.5526
20.2657
22.7763
24.8999
26.5996
27.9425
28.9664
29.7184
30.2703
30.6732
30.9642
31.1746
31.3255
31.4304
31.499
31.536
31.5427
31.5167
31.4513
31.3362
31.1657
30.9424
30.6689
30.3459
29.9743
29.5553
29.091
28.5835
28.035
27.447
26.8189
26.1468
25.4211
24.6234
23.7664
3.34871
0.655552
-2.40083
-5.59956
-8.66679
-11.8307
-14.9359
-17.8845
-20.7204
-23.3932
-25.8966
-28.2545
-30.461
-32.5281
-34.4645
-36.2702
-37.9447
-39.4826
-40.8739
-42.1063
-43.1639
-44.0301
-44.6932
-45.154
-45.4245
-45.5288
-45.467
-45.2209
-44.7694
-44.0918
-43.1675
-41.9747
-40.4917
-38.6972
-36.5706
-34.0933
-31.249
-28.034
-24.6415
5.90123
8.34563
11.0455
13.8861
16.5759
19.1763
21.5875
23.6322
25.2735
26.5749
27.5719
28.3084
28.8527
29.2539
29.547
29.7626
29.9209
30.0353
30.1155
30.1666
30.1904
30.1854
30.1462
30.0638
29.9321
29.7522
29.5263
29.2548
28.9378
28.5758
28.1699
27.721
27.2298
26.6962
26.1183
25.4909
24.8038
24.0393
23.214
3.03851
0.478173
-2.42444
-5.4576
-8.3616
-11.3527
-14.2833
-17.061
-19.7276
-22.2358
-24.5802
-26.7836
-28.8409
-30.7635
-32.5603
-34.2314
-35.7768
-37.1918
-38.4677
-39.5935
-40.5553
-41.3386
-41.9338
-42.3431
-42.5791
-42.6649
-42.6019
-42.3744
-41.9645
-41.3547
-40.5276
-39.4646
-38.1466
-36.5544
-34.6684
-32.469
-29.9365
-27.0593
-24.007
5.46803
7.79676
10.3719
13.0854
15.658
18.1495
20.4643
22.4321
24.0161
25.2766
26.2464
26.9666
27.5023
27.9003
28.1942
28.4132
28.577
28.6989
28.7884
28.851
28.8889
28.9015
28.8844
28.8296
28.7308
28.5882
28.4033
28.1761
27.9066
27.5946
27.2403
26.8438
26.4047
25.9218
25.392
24.8092
24.163
23.436
22.6471
2.7595
0.326314
-2.42937
-5.30446
-8.05292
-10.8797
-13.6444
-16.2602
-18.7667
-21.1197
-23.3144
-25.3727
-27.2904
-29.0783
-30.745
-32.2911
-33.717
-35.0186
-36.1883
-37.2164
-38.0908
-38.7988
-39.3328
-39.6959
-39.9013
-39.9712
-39.9075
-39.6971
-39.3248
-38.776
-38.0359
-37.0888
-35.9179
-34.5061
-32.8348
-30.8843
-28.6323
-26.0619
-23.3212
5.07113
7.28897
9.74434
12.3353
14.7951
17.1813
19.4028
21.2956
22.8235
24.0433
24.9857
25.689
26.2151
26.6087
26.9019
27.1228
27.2907
27.4182
27.515
27.5868
27.6362
27.6632
27.6644
27.6329
27.5621
27.4513
27.3015
27.1126
26.8842
26.6158
26.307
25.9572
25.5653
25.1292
24.6451
24.1064
23.5021
22.8154
22.0665
2.50917
0.197643
-2.41752
-5.14178
-7.74209
-10.4126
-13.0198
-15.4821
-17.8373
-20.0438
-22.0977
-24.0199
-25.8068
-27.4688
-29.0145
-30.4447
-31.7599
-32.9569
-34.0291
-34.9677
-35.7624
-36.4022
-36.881
-37.2029
-37.3813
-37.4374
-37.3737
-37.1792
-36.8411
-36.3471
-35.6848
-34.841
-33.8011
-32.5499
-31.0699
-29.3418
-27.3418
-25.0488
-22.5929
4.70787
6.81931
9.15962
11.6329
13.9837
16.2681
18.399
20.2188
21.6916
22.8711
23.786
24.4717
24.9873
25.3756
25.6668
25.8883
26.0586
26.1902
26.2926
26.3715
26.4301
26.4689
26.4853
26.4732
26.426
26.3422
26.2223
26.0663
25.8734
25.643
25.3742
25.066
24.7167
24.3238
23.8828
23.3868
22.8246
22.1798
21.4733
2.28515
0.0900561
-2.39081
-4.97112
-7.43026
-9.95204
-12.4098
-14.7267
-16.9388
-19.0071
-20.9285
-22.723
-24.3874
-25.932
-27.3651
-28.6876
-29.9005
-31.0011
-31.9836
-32.8405
-33.5626
-34.1406
-34.5698
-34.855
-35.0097
-35.0541
-34.9909
-34.8112
-34.5041
-34.0594
-33.4668
-32.7151
-31.7917
-30.6832
-29.3735
-27.8436
-26.0693
-24.0267
-21.83
4.37567
6.38502
8.61481
10.9747
13.2205
15.4065
17.4494
19.1981
20.6169
21.7565
22.6436
23.3113
23.8156
24.1974
24.4857
24.7065
24.8781
25.0123
25.1186
25.2031
25.2689
25.317
25.3458
25.3498
25.3224
25.2614
25.167
25.039
24.8768
24.6794
24.4457
24.1744
23.8635
23.5101
23.1094
22.6545
22.1339
21.5316
20.8688
2.08524
0.00155497
-2.35094
-4.7939
-7.11854
-9.49886
-11.8146
-13.9938
-16.0706
-18.0086
-19.8053
-21.4799
-23.0297
-24.4647
-25.7929
-27.0156
-28.1339
-29.1456
-30.0458
-30.8279
-31.484
-32.0062
-32.3909
-32.6435
-32.7774
-32.8118
-32.7499
-32.5839
-32.305
-31.9047
-31.3744
-30.7048
-29.8851
-28.9033
-27.7448
-26.3914
-24.8188
-23.0016
-21.0401
4.07211
5.98354
8.10716
10.3579
12.5025
14.5933
16.5508
18.2302
19.5958
20.696
21.5552
22.2043
22.6967
23.0712
23.3555
23.5747
23.7463
23.8819
23.991
24.0793
24.1507
24.2062
24.245
24.2622
24.2512
24.2093
24.1365
24.0325
23.8966
23.7278
23.5248
23.2862
23.0098
22.6925
22.3293
21.9133
21.4333
20.8734
20.2547
1.90736
-0.0697099
-2.29953
-4.61137
-6.80789
-9.05368
-11.2347
-13.2833
-15.2321
-17.0472
-18.7266
-20.2886
-21.7311
-23.0638
-24.2944
-25.4245
-26.4553
-27.3851
-28.2097
-28.9236
-29.5197
-29.9914
-30.3362
-30.5599
-30.6757
-30.7019
-30.6416
-30.4886
-30.2353
-29.875
-29.4005
-28.804
-28.0764
-27.2071
-26.1827
-24.9862
-23.5936
-21.9788
-20.2301
3.79494
5.61242
7.63406
9.7798
11.8266
13.8254
15.6999
17.3117
18.6252
19.6862
20.5177
21.1478
21.6276
21.9941
22.2735
22.4902
22.6608
22.7968
22.9073
22.9984
23.0738
23.135
23.1816
23.2096
23.2121
23.1863
23.1317
23.0481
22.9348
22.7907
22.6146
22.4049
22.1593
21.8748
21.5464
21.1671
20.7261
20.2078
19.6329
1.74959
-0.125499
-2.23807
-4.42481
-6.49927
-8.61705
-10.67
-12.595
-14.4228
-16.1218
-17.6907
-19.147
-20.489
-21.7262
-22.866
-23.9101
-24.8601
-25.7145
-26.4698
-27.1213
-27.6629
-28.089
-28.3982
-28.5963
-28.6965
-28.7157
-28.6575
-28.5166
-28.2868
-27.9625
-27.538
-27.0067
-26.3608
-25.5913
-24.6859
-23.6286
-22.3964
-20.9629
-19.4064
3.54207
5.26943
7.19311
9.23773
11.1902
13.0999
14.8939
16.4398
17.702
18.7243
19.5279
20.1389
20.6056
20.9634
21.2372
21.4505
21.6193
21.7548
21.8658
21.9585
22.0366
22.102
22.1548
22.1913
22.205
22.1924
22.1531
22.0868
21.9928
21.8701
21.7175
21.5333
21.3153
21.0605
20.7641
20.4192
20.0153
19.5373
19.0053
1.61012
-0.167403
-2.16795
-4.23535
-6.19353
-8.18952
-10.1209
-11.9286
-13.6419
-15.2313
-16.6962
-18.0532
-19.3011
-20.4491
-21.5043
-22.4687
-23.3438
-24.1287
-24.8205
-25.415
-25.9071
-26.2922
-26.5695
-26.745
-26.8316
-26.8452
-26.7895
-26.66
-26.4516
-26.1599
-25.7801
-25.3069
-24.7338
-24.0527
-23.2527
-22.3189
-21.2293
-19.9581
-18.5745
3.31151
4.95243
6.78205
8.72933
10.5907
12.4143
14.1299
15.6114
16.8232
17.8073
18.5832
19.1749
19.628
19.9765
20.2441
20.4533
20.6197
20.7538
20.8646
20.9579
21.0377
21.1061
21.1635
21.2068
21.2295
21.2279
21.2013
21.1496
21.0721
20.9679
20.8357
20.674
20.4807
20.2527
19.9856
19.6727
19.3038
18.8644
18.3738
1.48726
-0.196961
-2.09044
-4.04402
-5.89139
-7.77152
-9.58739
-11.2838
-12.8887
-14.3747
-15.7415
-17.0052
-18.1649
-19.2296
-20.206
-21.0963
-21.9022
-22.6231
-23.2565
-23.799
-24.2462
-24.5943
-24.8431
-24.9988
-25.0737
-25.0829
-25.0298
-24.911
-24.7223
-24.4599
-24.1203
-23.699
-23.1905
-22.5878
-21.8811
-21.0568
-20.094
-18.9678
-17.7396
3.10145
4.65947
6.39875
8.25232
10.0258
11.7659
13.4054
14.8241
15.986
16.9324
17.681
18.2532
18.6925
19.0312
19.2921
19.4966
19.6599
19.7921
19.9018
19.9951
20.0757
20.146
20.2068
20.2553
20.2852
20.2925
20.2766
20.2372
20.1739
20.0856
19.9712
19.8293
19.658
19.4542
19.2138
18.9305
18.5944
18.1916
17.7407
1.37945
-0.215589
-2.00682
-3.8518
-5.59362
-7.36347
-9.06956
-10.6605
-12.1627
-13.5508
-14.8252
-16.0011
-17.0781
-18.0649
-18.9679
-19.7893
-20.5311
-21.1929
-21.7728
-22.2678
-22.6742
-22.989
-23.2124
-23.3507
-23.4156
-23.4213
-23.3712
-23.2624
-23.0917
-22.8559
-22.5524
-22.1774
-21.7263
-21.1932
-20.5692
-19.8419
-18.9917
-17.9948
-16.9059
2.91013
4.38867
6.04128
7.80461
9.49321
11.1526
12.7179
14.0752
15.1879
16.0972
16.8189
17.3715
17.7966
18.1252
18.3789
18.5784
18.738
18.8678
18.9759
19.0684
19.1491
19.2205
19.2837
19.3362
19.3718
19.3863
19.3792
19.3502
19.2989
19.2243
19.1255
19.0011
18.8492
18.6673
18.4512
18.195
17.8895
17.5212
17.1079
1.28525
-0.224558
-1.91814
-3.65954
-5.30081
-6.96576
-8.56746
-10.0583
-11.463
-12.7587
-13.9457
-15.0388
-16.0382
-16.9521
-17.7866
-18.5439
-19.2263
-19.8337
-20.3644
-20.816
-21.1854
-21.4702
-21.671
-21.794
-21.8504
-21.8535
-21.8065
-21.7073
-21.553
-21.3415
-21.0703
-20.7367
-20.3368
-19.8654
-19.3147
-18.6733
-17.9231
-17.0415
-16.0773
2.73601
4.13834
5.70776
7.38416
8.99084
10.5721
12.0651
13.3626
14.4264
15.2994
15.9946
16.5276
16.9383
17.2565
17.5027
17.6967
17.8523
17.9792
18.0854
18.1766
18.2568
18.3286
18.3932
18.4486
18.4886
18.5091
18.5092
18.4889
18.4478
18.3851
18.2998
18.1908
18.0563
17.8939
17.6999
17.4687
17.1915
16.8555
16.4774
1.20334
-0.22498
-1.82538
-3.46795
-5.01341
-6.57847
-8.08091
-9.47673
-10.789
-11.9971
-13.1016
-14.1166
-15.0431
-15.8888
-16.6592
-17.3568
-17.984
-18.541
-19.0265
-19.4384
-19.7742
-20.032
-20.2127
-20.3223
-20.3716
-20.3728
-20.3292
-20.239
-20.0999
-19.9103
-19.6684
-19.3719
-19.0175
-18.6009
-18.1152
-17.55
-16.8885
-16.1097
-15.257
2.57765
3.90688
5.39644
6.98903
8.51658
10.022
11.4445
12.6836
13.6989
14.5368
15.2062
15.7196
16.1155
16.423
16.6616
16.8498
17.0011
17.1248
17.2286
17.3183
17.3975
17.4691
17.5344
17.5918
17.6352
17.6604
17.6665
17.6536
17.6212
17.5687
17.4953
17.3998
17.2808
17.136
16.9619
16.7535
16.5024
16.1964
15.8514
1.13236
-0.218101
-1.72962
-3.27792
-4.73211
-6.20193
-7.60985
-8.91537
-10.1396
-11.2649
-12.2911
-13.2324
-14.0908
-14.8725
-15.5828
-16.2245
-16.8004
-17.3108
-17.7546
-18.1301
-18.4354
-18.6689
-18.8317
-18.9297
-18.973
-18.973
-18.9329
-18.8512
-18.7263
-18.5567
-18.3412
-18.0779
-17.7643
-17.3965
-16.9684
-16.4707
-15.8881
-15.2007
-14.4476
2.43357
3.69287
5.106
6.61774
8.06887
9.50061
10.854
12.0359
13.0027
13.8074
14.4521
14.9455
15.3264
15.6231
15.8538
16.0361
16.1829
16.3031
16.4043
16.492
16.5699
16.6408
16.7064
16.765
16.8109
16.8399
16.8509
16.8442
16.8193
16.7757
16.7126
16.6292
16.5239
16.3949
16.2389
16.0512
15.8241
15.5459
15.2318
1.07096
-0.205474
-1.63236
-3.09096
-4.45807
-5.83731
-7.15503
-8.37439
-9.5145
-10.5615
-11.5123
-12.3836
-13.1784
-13.9005
-14.5542
-15.1435
-15.6717
-16.1389
-16.5443
-16.8865
-17.164
-17.3755
-17.5224
-17.6103
-17.6486
-17.6481
-17.6116
-17.538
-17.4262
-17.2749
-17.0833
-16.85
-16.5728
-16.2485
-15.8716
-15.434
-14.9214
-14.3156
-13.6515
2.3024
3.49502
4.83517
6.26938
7.64711
9.00754
10.2933
11.4185
12.3341
13.1076
13.7294
14.2029
14.5685
14.8546
15.0775
15.2539
15.396
15.5126
15.611
15.6965
15.7728
15.8428
15.9081
15.9674
16.0152
16.0471
16.0623
16.0608
16.0423
16.0064
15.9525
15.8796
15.7867
15.6719
15.5323
15.3635
15.1583
14.9057
14.6202
1.01816
-0.187873
-1.53432
-2.90769
-4.19205
-5.48529
-6.71702
-7.8544
-8.91406
-9.88733
-10.7641
-11.5675
-12.3031
-12.9695
-13.5696
-14.1096
-14.5934
-15.0208
-15.3907
-15.7025
-15.9547
-16.1466
-16.2796
-16.3587
-16.3932
-16.3925
-16.3598
-16.2941
-16.1944
-16.06
-15.8902
-15.6839
-15.4394
-15.1539
-14.8228
-14.4385
-13.9882
-13.455
-12.8705
2.18306
3.31199
4.58262
5.9423
7.24967
8.54123
9.76198
10.8315
11.6915
12.4354
13.0358
13.4893
13.8397
14.1152
14.3306
14.501
14.6385
14.7515
14.8471
14.9303
15.0049
15.0737
15.1385
15.1982
15.2473
15.2817
15.3003
15.3033
15.2904
15.2614
15.2155
15.1522
15.0702
14.9682
14.8434
14.6918
14.5068
14.2777
14.0187
0.974063
-0.164492
-1.43387
-2.72591
-3.93153
-5.14293
-6.29334
-7.35329
-8.33697
-9.23987
-10.0457
-10.7867
-11.4675
-12.08
-12.6283
-13.1215
-13.5634
-13.9532
-14.2899
-14.5734
-14.8025
-14.9767
-15.0974
-15.1692
-15.2004
-15.2003
-15.1714
-15.1133
-15.025
-14.9063
-14.7564
-14.5746
-14.3596
-14.109
-13.8187
-13.4821
-13.0873
-12.6191
-12.1055
2.07503
3.14273
4.34556
5.63251
6.87124
8.09495
9.25309
10.269
11.0785
11.7967
12.3744
12.8058
13.1404
13.4054
13.6127
13.7769
13.9095
14.0187
14.1113
14.1922
14.2649
14.3323
14.3965
14.4563
14.5064
14.5428
14.5643
14.5712
14.5633
14.5403
14.5017
14.4469
14.375
14.2845
14.1732
14.0373
13.8706
13.6632
13.4285
0.938176
-0.135608
-1.33049
-2.54451
-3.67432
-4.80697
-5.87924
-6.86596
-7.77765
-8.61309
-9.35063
-10.0418
-10.6758
-11.2339
-11.7297
-12.1781
-12.5807
-12.9348
-13.2399
-13.4967
-13.7045
-13.8625
-13.972
-14.0375
-14.0665
-14.0673
-14.0426
-13.9919
-13.9145
-13.8103
-13.6788
-13.5193
-13.3309
-13.1117
-12.8579
-12.5637
-12.2186
-11.8085
-11.3587
1.97775
2.98617
4.12265
5.33744
6.50774
7.66234
8.75789
9.71769
10.4877
11.1951
11.7487
12.1525
12.4702
12.7251
12.9246
13.0821
13.2097
13.315
13.4045
13.4829
13.5537
13.6196
13.6828
13.7423
13.7932
13.8311
13.8552
13.8655
13.8621
13.8445
13.8124
13.7653
13.7024
13.6223
13.5232
13.4016
13.2517
13.0642
12.8519
0.91125
-0.111846
-1.24903
-2.39726
-3.4597
-4.51682
-5.50405
-6.40285
-7.21481
-7.96017
-8.57193
-9.24846
-9.8884
-10.4243
-10.8956
-11.3285
-11.7195
-12.0621
-12.3566
-12.6048
-12.806
-12.9592
-13.0657
-13.1299
-13.1592
-13.162
-13.1415
-13.0966
-13.0274
-12.9345
-12.8143
-12.6698
-12.5
-12.3025
-12.074
-11.8093
-11.4988
-11.1297
-10.7253
1.90328
2.86391
3.94812
5.09795
6.20118
7.27643
8.281
9.13081
9.80947
10.5884
11.1591
11.5541
11.8714
12.131
12.3331
12.4918
12.6203
12.7267
12.8172
12.8964
12.9681
13.0352
13.0998
13.1612
13.2144
13.2549
13.2817
13.2952
13.2953
13.2817
13.2542
13.2123
13.1554
13.0825
12.9915
12.8793
12.7407
12.5665
12.3694
0.890539
-0.0908514
-1.17893
-2.26971
-3.26956
-4.25162
-5.15067
-5.95133
-6.64608
-7.28228
-7.72906
-8.42487
-9.10652
-9.64238
-10.108
-10.5448
-10.9423
-11.2897
-11.5879
-11.8395
-12.044
-12.2004
-12.3099
-12.3768
-12.4092
-12.4154
-12.3993
-12.3591
-12.2966
-12.2124
-12.0985
-11.9638
-11.8067
-11.6241
-11.4129
-11.1686
-10.8825
-10.5422
-10.1694
1.84312
2.76375
3.80095
4.88962
5.92437
6.9108
7.80603
8.52418
9.08789
9.97797
10.5964
10.9974
11.3248
11.598
11.8104
11.9758
12.1095
12.2203
12.3145
12.397
12.4717
12.5418
12.6097
12.6746
12.7313
12.7752
12.8052
12.8217
12.8248
12.8144
12.7902
12.752
12.6991
12.6308
12.5452
12.4393
12.3081
12.1426
11.9556
0.871636
-0.0676245
-1.10611
-2.13902
-3.07637
-3.9836
-4.79655
-5.50142
-6.0857
-6.61572
-6.90903
-7.61112
-8.32549
-8.85903
-9.31526
-9.75142
-10.1526
-10.5028
-10.8032
-11.0572
-11.2645
-11.4237
-11.5363
-11.6061
-11.6416
-11.6516
-11.6402
-11.6055
-11.5501
-11.4756
-11.3689
-11.2446
-11.1012
-10.9342
-10.7406
-10.5169
-10.2551
-9.94372
-9.60513
1.78414
2.66456
3.65413
4.68143
5.64874
6.54623
7.33624
7.93069
8.38155
9.35974
10.0272
10.4349
10.7687
11.0535
11.2756
11.4475
11.5859
11.7008
11.7985
11.8842
11.9618
12.0348
12.1058
12.1742
12.2345
12.2817
12.315
12.3347
12.3411
12.334
12.3133
12.2788
12.2302
12.1666
12.0864
11.9868
11.8632
11.7065
11.5297
0.854372
-0.0427426
-1.03148
-2.0068
-2.88217
-3.71542
-4.44491
-5.05627
-5.53751
-5.9602
-6.11739
-6.81082
-7.54465
-8.0744
-8.51936
-8.95058
-9.35199
-9.70315
-10.0042
-10.2594
-10.4689
-10.6307
-10.7462
-10.8189
-10.8576
-10.8712
-10.8644
-10.8346
-10.7859
-10.7202
-10.6199
-10.5051
-10.3744
-10.222
-10.0453
-9.84148
-9.60333
-9.31904
-9.00743
1.72654
2.567
3.50872
4.47513
5.37641
6.18495
6.87501
7.35027
7.69509
8.7345
9.44997
9.86768
10.2055
10.499
10.7299
10.9081
11.0513
11.17
11.271
11.3596
11.44
11.5157
11.5897
11.6615
11.7254
11.7761
11.8127
11.8357
11.8454
11.8419
11.8249
11.7945
11.7504
11.6919
11.6175
11.5245
11.4085
11.2608
11.0939
0.838891
-0.0164615
-0.955792
-1.87431
-2.68884
-3.44957
-4.09865
-4.61897
-5.00459
-5.31744
-5.35748
-6.02763
-6.76531
-7.28806
-7.72034
-8.1429
-8.54091
-8.89088
-9.19132
-9.44681
-9.65755
-9.82177
-9.94031
-10.0168
-10.0601
-10.0793
-10.0795
-10.0574
-10.0185
-9.96471
-9.87435
-9.77217
-9.65652
-9.52076
-9.36223
-9.17883
-8.96458
-8.71012
-8.44014
1.67091
2.47188
3.36597
4.27247
5.10947
5.82897
6.42462
6.7809
7.02761
8.10327
8.86241
9.29415
9.63611
9.93668
10.1749
10.3585
10.5055
10.6279
10.7325
10.8243
10.9076
10.9862
11.0633
11.1387
11.2063
11.2607
11.3009
11.3275
11.3408
11.3408
11.3276
11.3013
11.2617
11.2083
11.1399
11.0538
10.9458
10.8077
10.6519
0.825172
0.0106707
-0.880336
-1.74336
-2.49881
-3.18914
-3.76142
-4.19369
-4.49074
-4.69044
-4.63121
-5.2638
-5.98863
-6.49971
-6.91796
-7.32865
-7.7196
-8.06602
-8.36461
-8.61963
-8.83134
-8.99764
-9.11843
-9.197
-9.2419
-9.26281
-9.26549
-9.24617
-9.21161
-9.16361
-9.07778
-8.98315
-8.87814
-8.7555
-8.6129
-8.44862
-8.25597
-8.02214
-7.75729
1.61789
2.38045
3.22745
4.07586
4.84999
5.48038
5.98694
6.22071
6.37511
7.46673
8.26321
8.71117
9.05853
9.36692
9.6136
9.80259
9.95246
10.0768
10.1835
10.2779
10.364
10.4456
10.526
10.6051
10.6768
10.7356
10.7801
10.8112
10.8293
10.8342
10.826
10.8049
10.7705
10.7225
10.6599
10.5802
10.4795
10.3492
10.2002
0.813147
0.0374074
-0.807473
-1.61731
-2.31572
-2.93814
-3.43688
-3.78395
-3.99821
-4.08122
-3.93951
-4.52069
-5.21603
-5.70947
-6.11154
-6.50719
-6.88759
-7.22774
-7.52276
-7.77643
-7.98945
-8.15986
-8.28784
-8.37685
-8.43452
-8.46919
-8.48693
-8.48376
-8.4674
-8.43945
-8.37161
-8.29597
-8.21101
-8.10839
-7.98579
-7.84274
-7.6768
-7.48482
-7.30176
1.56867
2.29479
3.09611
3.88878
4.5999
5.1392
5.55978
5.66334
5.72813
6.82409
7.65422
8.11827
8.46845
8.78248
9.03953
9.23881
9.39597
9.5243
9.63295
9.7284
9.8157
9.89901
9.9819
10.0641
10.1393
10.2015
10.2495
10.2842
10.3061
10.3155
10.3127
10.2978
10.2709
10.2313
10.1782
10.109
10.0203
9.90556
9.77942
0.802537
0.0621679
-0.740288
-1.50048
-2.14452
-2.70166
-3.12856
-3.3913
-3.52662
-3.49081
-3.28169
-3.79861
-4.44866
-4.91727
-5.29963
-5.67683
-6.04346
-6.37517
-6.665
-6.91498
-7.12488
-7.29139
-7.41295
-7.49136
-7.53631
-7.55974
-7.56787
-7.55618
-7.53261
-7.49811
-7.42543
-7.34965
-7.26924
-7.17592
-7.0673
-6.9418
-6.79031
-6.59261
-6.33481
1.52412
2.21663
2.97491
3.71514
4.36133
4.80651
5.14208
5.10174
5.07093
6.16652
7.03627
7.52538
7.87943
8.18955
8.44422
8.64653
8.81218
8.9516
9.07073
9.17435
9.26753
9.35534
9.44236
9.52949
9.61094
9.67985
9.73429
9.7747
9.80126
9.81406
9.81339
9.79957
9.773
9.73386
9.68172
9.61466
9.52813
9.40992
9.26232
0.793115
0.0850652
-0.678823
-1.39407
-1.98816
-2.48491
-2.84254
-3.02319
-3.08388
-2.92697
-2.6573
-3.09692
-3.6876
-4.12326
-4.48097
-4.83457
-5.18222
-5.503
-5.79058
-6.04642
-6.27032
-6.46028
-6.61648
-6.74116
-6.83563
-6.90398
-6.95473
-6.98498
-7.00634
-7.01894
-6.98653
-6.94654
-6.89878
-6.83399
-6.75072
-6.65167
-6.54356
-6.43977
-6.40708
1.48339
2.14476
2.86338
3.55638
4.13809
4.49521
4.75105
4.53895
4.38936
5.47308
6.38427
6.91924
7.30885
7.63821
7.8907
8.07441
8.21703
8.33976
8.45198
8.55653
8.65511
8.75013
8.84468
8.93897
9.0275
9.10512
9.17125
9.22668
9.2715
9.30564
9.32882
9.34059
9.34025
9.3268
9.29908
9.25596
9.19838
9.13065
9.08691
0.785291
0.107335
-0.621116
-1.29615
-1.84667
-2.29222
-2.58923
-2.70054
-2.69554
-2.40658
-2.06721
-2.41763
-2.9348
-3.32648
-3.65552
-3.98269
-4.30253
-4.59506
-4.85395
-5.07948
-5.26898
-5.41529
-5.51177
-5.55842
-5.57554
-5.58436
-5.58673
-5.57389
-5.55059
-5.5167
-5.45137
-5.39078
-5.33246
-5.26821
-5.19475
-5.10722
-4.98547
-4.78707
-4.44214
1.44635
2.07887
2.76169
3.4134
3.93606
4.2272
4.40946
3.97503
3.68194
4.74092
5.65792
6.21016
6.64228
7.04251
7.375
7.6204
7.79098
7.90913
7.99729
8.0721
8.14417
8.22015
8.30427
8.39414
8.47774
8.54502
8.59431
8.6269
8.6444
8.64823
8.63985
8.62118
8.59421
8.56045
8.51978
8.46778
8.39012
8.25084
8.00639
0.779567
0.121931
-0.580433
-1.2225
-1.73529
-2.13467
-2.37428
-2.42611
-2.35099
-1.90911
-1.50136
-1.76954
-2.19748
-2.523
-2.81207
-3.11961
-3.43959
-3.75352
-4.05411
-4.3412
-4.6156
-4.87937
-5.13321
-5.36994
-5.56159
-5.69924
-5.80966
-5.89998
-5.99364
-6.08702
-6.11589
-6.11961
-6.11639
-6.1001
-6.06717
-6.02556
-6.00469
-6.05702
-6.31984
1.42154
2.03442
2.68962
3.30309
3.76511
3.99406
4.05406
3.33185
2.93443
4.03227
4.95562
5.46207
5.8095
6.12575
6.42972
6.72436
7.00593
7.26011
7.47545
7.65012
7.7901
7.90493
8.00854
8.12077
8.25538
8.40026
8.53849
8.66491
8.77823
8.87756
8.96089
9.02542
9.06903
9.0907
9.09251
9.08247
9.08581
9.15778
9.40787
0.773896
0.108226
-0.594906
-1.22185
-1.70168
-2.04308
-2.19648
-2.14924
-1.93628
-1.32404
-0.91699
-1.14571
-1.49698
-1.73941
-1.92982
-2.11495
-2.2977
-2.47014
-2.62706
-2.76309
-2.86587
-2.91566
-2.89811
-2.82194
-2.75131
-2.72022
-2.70562
-2.67534
-2.62069
-2.58191
-2.51546
-2.45764
-2.41603
-2.3781
-2.33684
-2.2836
-2.17289
-1.92284
-1.35042
1.42421
2.04096
2.6874
3.26454
3.64514
3.74837
3.51949
2.45957
2.05331
3.32332
4.46228
5.19501
5.64983
5.8829
5.92148
5.84069
5.72126
5.6284
5.58909
5.60512
5.6677
5.76782
5.88923
5.99213
6.03388
6.03335
6.02482
6.01321
5.99734
5.97685
5.95541
5.93787
5.92765
5.92567
5.92703
5.91371
5.83273
5.57673
4.97196
0.764406
0.0672524
-0.661374
-1.29433
-1.75175
-2.03116
-2.07853
-1.88906
-1.46662
-0.688468
-0.294525
-0.475613
-0.795609
-1.09793
-1.40367
-1.72338
-2.05982
-2.41462
-2.79269
-3.20296
-3.65772
-4.16311
-4.6953
-5.19379
-5.55157
-5.76876
-5.98208
-6.1515
-6.43465
-6.84677
-6.72604
-6.74528
-6.86997
-6.96154
-7.00454
-7.04584
-7.16051
-7.45484
-8.13212
1.44396
2.08271
2.73852
3.29023
3.58821
3.52229
2.90452
1.54408
0.921388
2.05418
3.31932
4.5756
5.80118
6.96643
7.9572
8.71506
9.25705
9.60062
9.79271
9.88579
9.92562
9.94912
10.0103
10.1955
10.5386
10.9132
11.2212
11.474
11.6933
11.883
12.0364
12.1499
12.2257
12.2705
12.3001
12.3468
12.4923
12.8607
13.654
116.271
115.124
113.669
111.824
109.318
105.935
101.488
95.9374
89.5746
82.9338
76.4469
70.2638
64.3633
58.6987
53.2499
48.0202
43.0164
38.2406
33.6904
29.3598
25.2412
21.3277
17.6117
14.0862
10.7446
7.58105
4.59051
1.76814
-0.889936
-3.38789
-5.72831
-7.91225
-9.94071
-11.8134
-13.53
-15.0905
-16.4947
-17.7435
-18.838
-19.7803
-20.573
-21.22
-21.7261
-22.0964
-22.3377
-22.457
-22.462
-22.361
-22.1625
-21.8756
-21.5093
-21.0725
-20.5741
-20.0226
-19.4261
-18.7924
-18.1287
-17.4416
-16.7371
-16.0208
-15.2973
-14.571
-13.8455
-13.1239
-12.4093
-11.703
-11.0088
-10.4151
-9.8856
-9.35199
-8.77263
-8.24638
-7.55506
-7.18413
-6.12963
-6.40899
-4.17406
-6.51257
-0.98724
-8.60509
115.829
112.358
108.437
104.331
100.123
95.9079
91.7553
87.7179
83.7823
79.9747
76.2978
72.7617
69.3741
66.1408
63.0664
60.1536
57.4035
54.816
52.3892
50.1196
48.0027
46.0328
44.2035
42.5077
40.9378
39.486
38.1447
36.9059
35.7621
34.7059
33.7303
32.8284
31.9933
31.2187
30.4983
29.826
29.1956
28.6013
28.0373
27.4981
26.9784
26.4732
25.9777
25.4877
24.9991
24.5088
24.0136
23.5115
23.0004
22.4791
21.947
21.4037
20.8493
20.2846
19.7104
19.1279
18.5387
17.9444
17.3468
16.7478
16.1491
15.5527
14.9605
14.3741
13.7956
13.2263
12.6693
12.2002
11.7954
11.379
10.9524
10.5211
10.0744
9.67565
9.13246
9.05346
7.79457
9.58361
4.56177
13.9913
49.4691
48.9489
48.4988
48.0854
47.6921
47.359
47.0802
46.777
46.3231
45.628
44.6786
43.4748
42.008
40.2919
38.3566
36.2343
33.9555
31.548
29.0387
26.4539
23.8184
21.156
18.488
15.8337
13.2107
10.6333
8.11451
5.66554
3.29811
1.02199
-1.15442
-3.22407
-5.18185
-7.02297
-8.74336
-10.34
-11.81
-13.1514
-14.3627
-15.4431
-16.3926
-17.2122
-17.9035
-18.469
-18.9123
-19.2379
-19.4508
-19.5568
-19.5626
-19.4751
-19.3018
-19.0503
-18.7283
-18.3436
-17.904
-17.4167
-16.8889
-16.3273
-15.7382
-15.1274
-14.5002
-13.8612
-13.2149
-12.5647
-11.9145
-11.2661
-10.6235
-10.0706
-9.57477
-9.07586
-8.52612
-8.03348
-7.36603
-7.02724
-5.99655
-6.28978
-4.11809
-6.3809
-1.08535
-8.41395
49.7927
50.022
50.4835
50.9036
51.2384
51.4591
51.5528
51.5143
51.3406
51.0422
50.6209
50.0849
49.4425
48.7028
47.8763
46.9745
46.0091
44.9923
43.9369
42.8555
41.76
40.6616
39.5707
38.4968
37.4478
36.4302
35.4493
34.5089
33.6114
32.7583
31.9497
31.1849
30.4625
29.7802
29.1358
28.5259
27.9475
27.3969
26.8706
26.3647
25.8756
25.3995
24.9328
24.4719
24.0138
23.5553
23.0939
22.6273
22.1536
21.6713
21.1794
20.6773
20.1648
19.6421
19.1097
18.5685
18.0196
17.4644
16.9044
16.3412
15.7765
15.2122
14.65
14.0917
13.5394
12.9943
12.4596
12.0085
11.6186
11.217
10.8045
10.3874
9.95351
9.56933
9.03725
8.97027
7.73787
9.47098
4.6519
13.6604
28.8067
28.4782
28.1308
27.7702
27.3582
26.8861
26.3575
25.7757
25.1446
24.4727
23.7851
23.1085
22.4412
21.7679
21.0687
20.3246
19.5208
18.6451
17.6878
16.6427
15.5065
14.2797
12.9657
11.5707
10.1037
8.57557
6.99901
5.38736
3.75437
2.11353
0.47839
-1.13734
-2.72118
-4.26102
-5.74572
-7.16537
-8.51107
-9.77503
-10.9505
-12.0318
-13.0145
-13.8952
-14.6718
-15.3427
-15.9081
-16.3689
-16.727
-16.9854
-17.1478
-17.2188
-17.2037
-17.1081
-16.9382
-16.7004
-16.4014
-16.0477
-15.646
-15.2025
-14.7233
-14.2143
-13.6808
-13.1279
-12.5602
-11.9817
-11.3964
-10.807
-10.2172
-9.70655
-9.24581
-8.78204
-8.26469
-7.80382
-7.16885
-6.84992
-5.86961
-6.13629
-4.09448
-6.18918
-1.23578
-8.11734
28.9951
29.1225
29.2633
29.398
29.5573
29.7417
29.9534
30.1872
30.4388
30.7018
30.9673
31.2283
31.4762
31.7033
31.9023
32.066
32.1884
32.2643
32.2898
32.2624
32.1806
32.0447
31.856
31.6174
31.3328
31.0068
30.645
30.2532
29.8373
29.4032
28.9564
28.5019
28.044
27.5865
27.1323
26.6832
26.2408
25.8057
25.3779
24.9569
24.5417
24.131
23.7232
23.3166
22.9093
22.4994
22.0852
21.6649
21.2372
20.8007
20.3545
19.898
19.4309
18.9533
18.4653
17.9677
17.4613
16.9472
16.4268
15.9014
15.3727
14.8424
14.3122
13.784
13.2597
12.7405
12.2301
11.7984
11.4249
11.0396
10.6427
10.2411
9.82234
9.45182
8.93838
8.86748
7.69917
9.30693
4.7933
13.2785
27.8529
27.6575
27.4458
27.2209
26.9617
26.6468
26.2586
25.7776
25.1845
24.469
23.6432
22.7473
21.8165
20.8613
19.8835
18.8848
17.8689
16.839
15.7958
14.7384
13.665
12.5731
11.4601
10.3234
9.16119
7.97218
6.75666
5.51572
4.25224
2.97003
1.67455
0.372673
-0.928004
-2.21898
-3.49104
-4.73499
-5.94147
-7.10156
-8.20668
-9.24896
-10.2214
-11.1181
-11.9339
-12.6647
-13.3077
-13.8609
-14.3237
-14.6964
-14.9803
-15.1776
-15.2915
-15.3257
-15.2848
-15.1736
-14.9975
-14.7622
-14.4735
-14.1369
-13.7584
-13.3435
-12.8974
-12.4252
-11.9317
-11.4212
-10.8979
-10.365
-9.82615
-9.35608
-8.92824
-8.49714
-8.01021
-7.57946
-6.97436
-6.67729
-5.73738
-5.9963
-4.04308
-6.04389
-1.29863
-7.92385
27.9944
28.1051
28.1922
28.2565
28.302
28.3287
28.3395
28.335
28.3181
28.29
28.253
28.2092
28.1602
28.1077
28.0528
27.996
27.9376
27.8771
27.8134
27.7453
27.6708
27.5878
27.4939
27.3867
27.2643
27.1246
26.9663
26.7884
26.5908
26.3737
26.1379
25.8849
25.6163
25.334
25.0402
24.7367
24.4255
24.1081
23.7856
23.459
23.1287
22.7949
22.4572
22.1152
21.7681
21.415
21.0549
20.6868
20.3096
19.9226
19.5249
19.1161
18.6958
18.2641
17.821
17.3672
16.9032
16.4302
15.9491
15.4614
14.9684
14.472
13.9737
13.4752
12.9787
12.4854
11.9988
11.5861
11.2283
10.8584
10.4768
10.0903
9.686
9.329
8.83156
8.763
7.63732
9.17786
4.8369
13.0346
23.9547
23.749
23.541
23.3415
23.1409
22.9288
22.6965
22.4361
22.1369
21.7849
21.3655
20.8748
20.323
19.7167
19.0559
18.34
17.5695
16.7469
15.8754
14.9586
14.0002
13.0043
11.975
10.9165
9.83275
8.72731
7.60363
6.46485
5.31425
4.15498
2.99032
1.82426
0.660708
-0.495697
-1.63976
-2.76585
-3.86786
-4.93935
-5.97363
-6.96403
-7.90413
-8.78781
-9.60943
-10.3639
-11.047
-11.6553
-12.1863
-12.6384
-13.011
-13.3043
-13.5197
-13.6591
-13.7252
-13.7216
-13.6521
-13.5213
-13.3339
-13.0948
-12.8092
-12.4821
-12.1185
-11.7234
-11.3015
-10.857
-10.3944
-9.91719
-9.42891
-8.9991
-8.604
-8.20543
-7.74899
-7.34871
-6.77265
-6.50047
-5.59468
-5.85953
-3.96967
-5.91966
-1.31411
-7.77991
24.1069
24.2285
24.3544
24.4775
24.5958
24.7093
24.8168
24.9163
25.0065
25.0855
25.152
25.205
25.2433
25.2663
25.2737
25.2654
25.2417
25.2032
25.1507
25.0851
25.0076
24.9192
24.8212
24.7144
24.5995
24.4771
24.3474
24.2104
24.066
23.9138
23.7535
23.5845
23.4067
23.2196
23.0233
22.8177
22.603
22.3793
22.1469
21.9061
21.6571
21.3999
21.1344
20.8605
20.5778
20.2859
19.9842
19.6721
19.349
19.0144
18.6677
18.3085
17.9366
17.5521
17.155
16.7458
16.325
15.8937
15.4526
15.0032
14.5468
14.0849
13.6192
13.1513
12.6833
12.2165
11.7546
11.3613
11.0195
10.6655
10.2995
9.92828
9.53896
9.1958
8.71397
8.65119
7.55772
9.05871
4.82871
12.8357
19.1058
18.9234
18.7361
18.556
18.375
18.1885
17.9916
17.7784
17.5438
17.282
16.9861
16.6502
16.2753
15.8683
15.4324
14.9673
14.4712
13.9413
13.3751
12.7708
12.1271
11.4429
10.7179
9.95264
9.14834
8.30694
7.43113
6.52406
5.5896
4.63181
3.65515
2.66443
1.66446
0.660252
-0.342911
-1.33977
-2.32479
-3.29245
-4.23692
-5.15247
-6.0333
-6.87381
-7.66848
-8.41209
-9.1
-9.72794
-10.2924
-10.7904
-11.2201
-11.58
-11.8698
-12.0898
-12.2414
-12.3262
-12.3469
-12.3066
-12.2088
-12.0577
-11.8573
-11.6121
-11.3267
-11.0054
-10.6528
-10.2731
-9.8706
-9.44902
-9.01165
-8.6227
-8.26128
-7.89627
-7.47173
-7.10297
-6.55762
-6.31111
-5.44157
-5.71208
-3.88889
-5.78408
-1.32691
-7.61907
19.2329
19.3308
19.4361
19.5414
19.6495
19.7614
19.8766
19.9948
20.1158
20.2387
20.3629
20.4875
20.6114
20.7334
20.852
20.9661
21.074
21.1742
21.2653
21.3461
21.4152
21.4719
21.5153
21.545
21.5606
21.5623
21.5501
21.5244
21.4858
21.4345
21.3712
21.2963
21.2101
21.113
21.0051
20.8865
20.7574
20.6176
20.4671
20.3059
20.1338
19.9508
19.7567
19.5512
19.3341
19.1051
18.8639
18.61
18.3431
18.0627
17.7687
17.4607
17.1387
16.8026
16.4526
16.0892
15.7128
15.3242
14.9244
14.5145
14.0957
13.6697
13.2378
12.8019
12.3638
11.925
11.4892
11.1166
10.7918
10.4549
10.1056
9.7508
9.37761
9.04888
8.58464
8.52627
7.46977
8.92229
4.8172
12.6095
15.8131
15.6629
15.5058
15.3522
15.1962
15.036
14.8703
14.6944
14.5029
14.2909
14.0531
13.7833
13.4776
13.1389
12.7736
12.3857
11.9766
11.547
11.0956
10.6213
10.1232
9.60049
9.0519
8.47644
7.87326
7.2418
6.58176
5.89333
5.1772
4.43465
3.66748
2.87827
2.06999
1.24627
0.411224
-0.43063
-1.27441
-2.11499
-2.94696
-3.76481
-4.56302
-5.33604
-6.07844
-6.78485
-7.45034
-8.07025
-8.64026
-9.15675
-9.61654
-10.0172
-10.3571
-10.6352
-10.8513
-11.0058
-11.0999
-11.1355
-11.1148
-11.0408
-10.9167
-10.7461
-10.5329
-10.2809
-9.99432
-9.67694
-9.33284
-8.96591
-8.57906
-8.23104
-7.90367
-7.57259
-7.1808
-6.84397
-6.33091
-6.10977
-5.27959
-5.55297
-3.803
-5.63482
-1.33828
-7.43815
15.9225
16.013
16.1086
16.2045
16.3037
16.4055
16.51
16.6171
16.7267
16.8388
16.9534
17.0702
17.1891
17.3098
17.4321
17.5557
17.68
17.8043
17.9281
18.0504
18.1704
18.2869
18.3987
18.5046
18.6035
18.694
18.7751
18.8456
18.9048
18.9518
18.9861
19.0073
19.0152
19.0095
18.9903
18.9577
18.9116
18.8522
18.7795
18.6936
18.5943
18.4817
18.3557
18.2161
18.0626
17.8952
17.7135
17.5173
17.3063
17.0803
16.8391
16.5825
16.3105
16.0231
15.7206
15.4032
15.0716
14.7263
14.3682
13.9984
13.6182
13.2288
12.8317
12.4288
12.0218
11.612
11.2034
10.8525
10.5459
10.227
9.89539
9.55791
9.20195
8.88809
8.44345
8.38746
7.37402
8.76709
4.80352
12.3618
13.5835
13.4567
13.3222
13.189
13.0534
12.9146
12.7733
12.6279
12.4747
12.3095
12.1283
11.9262
11.6977
11.439
11.1512
10.8386
10.5041
10.149
9.77416
9.37886
8.96239
8.52446
8.06488
7.58347
7.08013
6.5548
6.00752
5.4384
4.84782
4.23617
3.6042
2.95296
2.2838
1.59847
0.899264
0.188829
-0.529627
-1.25254
-1.97584
-2.69517
-3.40589
-4.10318
-4.78209
-5.43759
-6.06483
-6.65906
-7.21577
-7.73082
-8.2005
-8.62161
-8.99154
-9.30823
-9.57038
-9.77722
-9.92878
-10.0257
-10.0691
-10.0609
-10.0033
-9.89896
-9.75098
-9.56259
-9.3373
-9.07864
-8.79024
-8.47596
-8.13825
-7.83044
-7.53671
-7.23916
-6.88023
-6.5751
-6.09508
-5.8989
-5.10952
-5.38508
-3.70933
-5.47856
-1.33841
-7.25298
13.6801
13.7642
13.8532
13.9439
14.0381
14.135
14.2348
14.3373
14.4424
14.5499
14.6598
14.7717
14.8854
15.0009
15.1177
15.2357
15.3545
15.474
15.5937
15.7134
15.8327
15.9511
16.0682
16.1835
16.2963
16.4059
16.5116
16.6124
16.7076
16.796
16.8768
16.949
17.0117
17.0639
17.1051
17.1344
17.1513
17.1553
17.146
17.123
17.0861
17.035
16.9694
16.8891
16.7938
16.6833
16.5573
16.4157
16.258
16.0842
15.8941
15.6874
15.4643
15.2247
14.9689
14.697
14.4096
14.1073
13.7908
13.4612
13.1195
12.767
12.4052
12.0357
11.6603
11.2803
10.8997
10.5713
10.2833
9.98297
9.66981
9.35024
9.01233
8.71361
8.28995
8.2351
7.26785
8.59835
4.7767
12.1111
11.7578
11.6502
11.5346
11.4186
11.2995
11.1768
11.0521
10.9255
10.7957
10.6598
10.5147
10.3571
10.1832
9.9885
9.76961
9.5269
9.26322
8.98056
8.68006
8.36245
8.02706
7.67278
7.29893
6.90512
6.49103
6.05646
5.60135
5.12583
4.63024
4.11504
3.5809
3.02879
2.45974
1.87511
1.27653
0.665887
0.0453696
-0.58246
-1.21475
-1.84824
-2.47946
-3.10459
-3.71961
-4.32026
-4.90223
-5.46119
-5.99281
-6.49303
-6.95789
-7.3839
-7.7679
-8.10717
-8.39962
-8.64363
-8.83822
-8.98305
-9.07829
-9.12477
-9.12376
-9.07707
-8.98691
-8.85584
-8.6867
-8.48257
-8.24655
-7.98237
-7.69191
-7.42307
-7.16224
-6.89754
-6.57127
-6.29736
-5.85075
-5.67918
-4.9312
-5.20926
-3.60648
-5.31721
-1.32513
-7.06822
11.841
11.915
11.9941
12.0753
12.1601
12.248
12.3391
12.4335
12.531
12.6317
12.7355
12.8423
12.9519
13.0642
13.1789
13.2959
13.4149
13.5355
13.6574
13.7803
13.9037
14.0272
14.1504
14.2727
14.3938
14.5131
14.6301
14.7442
14.8547
14.9612
15.0629
15.159
15.2489
15.3317
15.4066
15.4728
15.5293
15.5756
15.6107
15.6339
15.6445
15.6419
15.6256
15.595
15.5496
15.4889
15.4126
15.3202
15.2115
15.0861
14.9438
14.7844
14.6078
14.414
14.2031
13.9753
13.731
13.4708
13.1952
12.9052
12.6018
12.2861
11.9596
11.6237
11.2802
10.9305
10.5783
10.2728
10.004
9.72268
9.42849
9.12734
8.80816
8.52482
8.1233
8.06886
7.14963
8.41745
4.73427
11.8597
10.2171
10.1259
10.0278
9.92833
9.8246
9.7163
9.60523
9.49233
9.37757
9.25997
9.1374
9.00719
8.86674
8.7129
8.54182
8.35062
8.13922
7.90979
7.6641
7.40334
7.12848
6.83908
6.53406
6.21265
5.87437
5.51881
5.1456
4.75446
4.34529
3.91809
3.47308
3.01075
2.5317
2.03682
1.52729
1.00449
0.470129
-0.0738585
-0.625202
-1.18139
-1.73961
-2.29685
-2.84981
-3.39494
-3.9286
-4.44697
-4.9462
-5.42245
-5.87196
-6.29115
-6.67672
-7.02558
-7.33518
-7.60329
-7.82823
-8.00885
-8.14452
-8.23516
-8.28122
-8.28363
-8.24384
-8.16363
-8.04519
-7.89102
-7.70368
-7.48665
-7.2412
-7.00982
-6.78094
-6.54821
-6.25419
-6.01093
-5.59793
-5.45053
-4.74441
-5.02512
-3.49447
-5.14958
-1.30073
-6.88129
10.2886
10.3534
10.4228
10.4943
10.5692
10.647
10.7281
10.8123
10.8998
10.9906
11.0846
11.182
11.2825
11.3864
11.4933
11.6034
11.7163
11.832
11.9503
12.0709
12.1935
12.3179
12.4435
12.5701
12.6971
12.824
12.9502
13.0753
13.1985
13.3193
13.437
13.5509
13.6603
13.7644
13.8627
13.9542
14.0382
14.1139
14.1805
14.2372
14.2832
14.3177
14.3399
14.3491
14.3446
14.3258
14.2919
14.2425
14.1771
14.0951
13.9963
13.8803
13.7469
13.596
13.4276
13.2418
13.0389
12.8192
12.5834
12.332
12.0662
11.7868
11.4953
11.1929
10.8814
10.5621
10.2387
9.95647
9.70718
9.44541
9.17066
8.88842
8.58857
8.32092
7.94256
7.88804
7.01856
8.22322
4.67831
11.6025
8.95434
8.87662
8.79321
8.7085
8.61961
8.52523
8.42689
8.32606
8.22329
8.11868
8.01163
7.90049
7.78304
7.65709
7.5199
7.36816
7.19911
7.01234
6.80947
6.59207
6.3614
6.11852
5.86329
5.59477
5.31223
5.01531
4.70369
4.37709
4.03527
3.67806
3.30539
2.9174
2.51428
2.09644
1.66451
1.21932
0.761956
0.293755
-0.183657
-0.668387
-1.15829
-1.65098
-2.14376
-2.63372
-3.11777
-3.59266
-4.05496
-4.50125
-4.928
-5.33181
-5.7094
-6.05761
-6.3736
-6.65483
-6.89913
-7.1048
-7.27053
-7.39556
-7.47958
-7.5228
-7.52589
-7.48996
-7.41647
-7.3074
-7.16466
-6.99142
-6.78832
-6.59258
-6.39439
-6.19249
-5.93005
-5.71661
-5.33712
-5.2133
-4.54934
-4.83253
-3.37363
-4.97484
-1.2667
-6.68995
9.01636
9.0735
9.1346
9.19779
9.26402
9.33303
9.40503
9.48003
9.5581
9.63929
9.72366
9.81123
9.90201
9.99603
10.0933
10.1937
10.2973
10.404
10.5136
10.6261
10.7414
10.8592
10.9793
11.1014
11.2253
11.3506
11.4768
11.6035
11.7303
11.8564
11.9814
12.1045
12.2252
12.3425
12.4559
12.5644
12.6674
12.7639
12.8532
12.9344
13.0067
13.0692
13.121
13.1615
13.1896
13.2047
13.206
13.1929
13.1645
13.1204
13.06
12.9829
12.8887
12.7771
12.648
12.5014
12.3374
12.1562
11.9583
11.7442
11.5148
11.2709
11.0136
10.7443
10.4646
10.1757
9.88111
9.62238
9.39284
9.15086
8.89592
8.63296
8.35297
8.10127
7.74695
7.69206
6.87401
8.01479
4.6101
11.3365
7.91099
7.84445
7.77301
7.70025
7.6241
7.54314
7.45754
7.36821
7.2762
7.1822
7.08648
6.98866
6.88754
6.78129
6.668
6.54537
6.41044
6.26063
6.09516
5.9152
5.72213
5.51714
5.30131
5.07471
4.83647
4.58589
4.32262
4.04643
3.75711
3.45446
3.13834
2.8088
2.46585
2.10971
1.74073
1.3594
0.966385
0.562566
0.149033
-0.272871
-0.70161
-1.13537
-1.5721
-2.00947
-2.44501
-2.87597
-3.29946
-3.71246
-4.11183
-4.49444
-4.85718
-5.19697
-5.51092
-5.79632
-6.05079
-6.27219
-6.45881
-6.60931
-6.72283
-6.79892
-6.83759
-6.8393
-6.8049
-6.73577
-6.6332
-6.50002
-6.33621
-6.17391
-6.00487
-5.83233
-5.60045
-5.41571
-5.06931
-4.96825
-4.34646
-4.63185
-3.24426
-4.79304
-1.22343
-6.49412
7.96495
8.01535
8.0691
8.12487
8.18337
8.24444
8.30826
8.37487
8.44435
8.51676
8.59218
8.67065
8.75222
8.83692
8.92477
9.0158
9.10999
9.20731
9.30774
9.41121
9.51762
9.62688
9.73883
9.85332
9.97014
10.0891
10.2098
10.3319
10.4553
10.5793
10.7035
10.8275
10.9506
11.0722
11.1917
11.3083
11.4212
11.5297
11.633
11.7301
11.8202
11.9024
11.9759
12.0396
12.0928
12.1345
12.164
12.1803
12.1828
12.1706
12.1432
12.1
12.0403
11.9639
11.8704
11.7596
11.6315
11.4862
11.324
11.1452
10.9505
10.7407
10.5167
10.2797
10.0312
9.77217
9.50625
9.27096
9.06119
8.83911
8.60418
8.36072
8.10094
7.86544
7.53583
7.48046
6.7153
7.79176
4.52969
11.0604
7.02792
6.97071
6.9093
6.8466
6.78089
6.7112
6.63768
6.56017
6.47881
6.39451
6.3082
6.22025
6.13051
6.03806
5.94146
5.83902
5.7288
5.60821
5.47478
5.3275
5.16714
4.99493
4.81199
4.61939
4.41737
4.20518
3.98211
3.74777
3.502
3.24457
2.97533
2.69417
2.40105
2.09603
1.7793
1.45115
1.11202
0.762486
0.403328
0.0354826
-0.339904
-0.721515
-1.10778
-1.4969
-1.8869
-2.27559
-2.66054
-3.03922
-3.40891
-3.76683
-4.11012
-4.43595
-4.74151
-5.02411
-5.28123
-5.5106
-5.71017
-5.87827
-6.01357
-6.11514
-6.18243
-6.21536
-6.21417
-6.17972
-6.11272
-6.01558
-5.88769
-5.75634
-5.61459
-5.46966
-5.26701
-5.1096
-4.79555
-4.71621
-4.13631
-4.42348
-3.10668
-4.60433
-1.17191
-6.29394
7.07489
7.11919
7.16636
7.21542
7.26693
7.32079
7.37715
7.43607
7.49763
7.56191
7.62899
7.69892
7.77177
7.84761
7.92647
8.0084
8.09342
8.18154
8.27277
8.36709
8.46446
8.56483
8.66811
8.77419
8.88294
8.99418
9.10772
9.22332
9.34071
9.45957
9.57953
9.70019
9.8211
9.94176
10.0616
10.1801
10.2964
10.41
10.5201
10.6259
10.7265
10.8211
10.9088
10.9887
11.0598
11.1213
11.1722
11.2116
11.2387
11.2527
11.2527
11.2381
11.2081
11.1623
11.1003
11.0216
10.926
10.8135
10.6842
10.5384
10.3764
10.1989
10.0066
9.8007
9.5824
9.35268
9.11488
8.90274
8.71258
8.51032
8.29539
8.07152
7.83212
7.61299
7.30856
7.25277
6.5417
7.55372
4.43719
10.7727
6.27156
6.22221
6.16926
6.1151
6.05832
5.99795
5.93427
5.86748
5.79711
5.72287
5.64546
5.56592
5.4848
5.40208
5.31715
5.22882
5.13564
5.03593
4.92746
4.80789
4.676
4.53226
4.37774
4.21347
4.04053
3.85932
3.66924
3.46956
3.25991
3.04012
2.81002
2.56948
2.31836
2.05662
1.78432
1.50158
1.20866
0.905919
0.593876
0.273202
-0.0552964
-0.390623
-0.7316
-1.07683
-1.42477
-1.77365
-2.1215
-2.46621
-2.80549
-3.13692
-3.45799
-3.76611
-4.0587
-4.33317
-4.58707
-4.81803
-5.02391
-5.2028
-5.35307
-5.4734
-5.56285
-5.62087
-5.6472
-5.64222
-5.60608
-5.54083
-5.44524
-5.34211
-5.22561
-5.10631
-4.93128
-4.79958
-4.51686
-4.45798
-3.91941
-4.20771
-2.96125
-4.4085
-1.11309
-6.08821
6.31248
6.35136
6.39272
6.4358
6.48107
6.52846
6.57811
6.63007
6.68443
6.74128
6.80069
6.86272
6.92745
6.99497
7.06532
7.13855
7.21472
7.29387
7.37603
7.4612
7.5494
7.64061
7.73479
7.83189
7.93184
8.03453
8.13981
8.24754
8.35751
8.4695
8.58319
8.6983
8.81446
8.93126
9.04824
9.16491
9.28069
9.39499
9.50715
9.61649
9.72223
9.82359
9.91972
10.0098
10.0929
10.1681
10.2344
10.2911
10.3371
10.3715
10.3936
10.4024
10.3973
10.3775
10.3425
10.2918
10.2251
10.142
10.0426
9.92694
9.7952
9.64787
9.48558
9.30918
9.11981
8.91832
8.70783
8.5183
8.34741
8.1647
7.96957
7.76521
7.54618
7.34355
7.06451
7.00851
6.35254
7.29985
4.33313
10.47
5.61774
5.57505
5.52926
5.48237
5.43322
5.38096
5.32567
5.26754
5.20659
5.14247
5.07472
5.00366
4.93025
4.85522
4.77876
4.70048
4.61941
4.53429
4.44371
4.34573
4.23813
4.11955
3.99015
3.85082
3.70258
3.54647
3.38305
3.21186
3.0322
2.84368
2.64615
2.4395
2.22357
1.99824
1.7635
1.51937
1.26597
1.00349
0.732289
0.45278
0.165552
-0.128699
-0.429081
-0.734548
-1.04388
-1.3557
-1.66842
-1.98029
-2.2894
-2.59371
-2.89104
-3.1791
-3.45555
-3.71801
-3.96415
-4.19166
-4.39838
-4.5823
-4.74161
-4.87476
-4.9805
-5.05791
-5.10633
-5.12575
-5.11581
-5.07821
-5.01119
-4.93339
-4.83986
-4.74405
-4.59481
-4.48696
-4.23431
-4.19439
-3.69659
-3.98474
-2.80887
-4.20489
-1.04886
-5.87497
5.65343
5.68756
5.72382
5.76166
5.80144
5.84312
5.88682
5.93261
5.98057
6.03077
6.08329
6.13821
6.1956
6.25554
6.31807
6.38329
6.45124
6.52198
6.59556
6.672
6.75134
6.83359
6.91876
7.00681
7.09774
7.19146
7.28791
7.38698
7.48854
7.59243
7.69845
7.80634
7.91585
8.02665
8.13838
8.25062
8.36292
8.47475
8.58557
8.69475
8.80165
8.90553
9.00566
9.10122
9.1914
9.27531
9.35207
9.42076
9.48049
9.53033
9.56937
9.59678
9.61171
9.6134
9.60115
9.57438
9.53258
9.47539
9.40254
9.31398
9.20977
9.09019
8.95568
8.80694
8.6449
8.4703
8.28599
8.11832
7.96613
7.8025
7.62682
7.44169
7.24285
7.05671
6.80312
6.74725
6.14742
7.02899
4.21891
10.1474
5.04859
5.01153
4.97178
4.93104
4.88834
4.84297
4.79495
4.74433
4.69105
4.63514
4.57648
4.51456
4.44926
4.38131
4.31164
4.2406
4.168
4.09308
4.0148
3.93193
3.84283
3.74548
3.63849
3.52175
3.39595
3.26199
3.1209
2.97332
2.81886
2.65678
2.48672
2.30859
2.1223
1.92775
1.72483
1.5135
1.29379
1.06583
0.82979
0.585981
0.334781
0.0766957
-0.187637
-0.457412
-0.731719
-1.00947
-1.2894
-1.5701
-1.85001
-2.12741
-2.40044
-2.66713
-2.92541
-3.17313
-3.40814
-3.62828
-3.83143
-4.0156
-4.17892
-4.31968
-4.43644
-4.52802
-4.59346
-4.63244
-4.64415
-4.62995
-4.5877
-4.53222
-4.45928
-4.3846
-4.25917
-4.17311
-3.94906
-3.92624
-3.46876
-3.75453
-2.65087
-3.99236
-0.981173
-5.65066
5.07977
5.10971
5.14151
5.17473
5.20967
5.2463
5.28474
5.32505
5.36729
5.41155
5.4579
5.50642
5.55716
5.61022
5.66565
5.72353
5.78393
5.8469
5.9125
5.98078
6.05179
6.12554
6.20207
6.28139
6.36349
6.44834
6.53591
6.62615
6.71897
6.81426
6.91186
7.01162
7.11335
7.21679
7.32165
7.42762
7.53432
7.64134
7.7482
7.85439
7.95935
8.06245
8.16302
8.26034
8.35366
8.44218
8.52505
8.60142
8.67039
8.73108
8.78258
8.82403
8.85454
8.8733
8.87956
8.87262
8.85187
8.81681
8.76708
8.70244
8.62279
8.52825
8.41912
8.29587
8.15927
8.00991
7.85041
7.70358
7.56931
7.42412
7.26728
7.10094
6.9219
6.75219
6.52386
6.46829
5.92616
6.73872
4.09726
9.79835
4.54492
4.51271
4.47816
4.44271
4.40557
4.36613
4.32439
4.28038
4.23397
4.18504
4.13365
4.07983
4.02318
3.96322
3.90034
3.83551
3.76939
3.70193
3.63256
3.56038
3.48436
3.40296
3.31431
3.21708
3.11122
2.99744
2.87641
2.74898
2.61586
2.47666
2.33055
2.17709
2.01626
1.84807
1.67246
1.48933
1.29865
1.10045
0.894865
0.682075
0.46235
0.23604
0.00361875
-0.234321
-0.477073
-0.723801
-0.973511
-1.22508
-1.47722
-1.72853
-1.97746
-2.2223
-2.46127
-2.69247
-2.91397
-3.12381
-3.31999
-3.50056
-3.66366
-3.8076
-3.93079
-4.03189
-4.10973
-4.16372
-4.19276
-4.19787
-4.17658
-4.14037
-4.08559
-4.02958
-3.92582
-3.85914
-3.66254
-3.6538
-3.23763
-3.51615
-2.49023
-3.7669
-0.914809
-5.40924
4.57217
4.59848
4.6264
4.65559
4.6863
4.71853
4.75236
4.78786
4.82509
4.86413
4.90504
4.9479
4.99277
5.03972
5.08883
5.14015
5.19377
5.24973
5.3081
5.36895
5.4323
5.49822
5.56673
5.63787
5.71164
5.78805
5.86709
5.94873
6.03292
6.11961
6.20868
6.30003
6.39351
6.48894
6.5861
6.68475
6.78459
6.88528
6.98646
7.08768
7.18849
7.28833
7.38666
7.48282
7.57616
7.66594
7.75142
7.83179
7.90622
7.97385
8.03382
8.08526
8.1273
8.15911
8.17989
8.18885
8.18536
8.16881
8.13868
8.09466
8.03653
7.96417
7.87777
7.77765
7.66434
7.53835
7.40197
7.2748
7.15755
7.02989
6.89112
6.74296
6.58318
6.42962
6.2264
6.17056
5.68977
6.42462
3.97556
9.4107
4.1061
4.07816
4.0482
4.01742
3.98519
3.95099
3.9148
3.87664
3.8364
3.79398
3.74938
3.70273
3.65395
3.60223
3.54576
3.48309
3.41459
3.34195
3.26696
3.19105
3.11558
3.04203
2.97127
2.90201
2.83059
2.75227
2.66235
2.55778
2.43969
2.31319
2.18265
2.04862
1.90938
1.76351
1.6106
1.45086
1.28451
1.1116
0.932121
0.746128
0.553777
0.355312
0.151063
-0.0585211
-0.272941
-0.491529
-0.713532
-0.93806
-1.16406
-1.39043
-1.61584
-1.83886
-2.05799
-2.27159
-2.47794
-2.67528
-2.86178
-3.03563
-3.19504
-3.33835
-3.46393
-3.57039
-3.6564
-3.72115
-3.76337
-3.7838
-3.77975
-3.75964
-3.72061
-3.68052
-3.59655
-3.54598
-3.37657
-3.3769
-3.00576
-3.26729
-2.33107
-3.52456
-0.856924
-5.14447
4.12983
4.15279
4.17714
4.20263
4.22945
4.25761
4.28718
4.31823
4.35081
4.385
4.42085
4.45844
4.49782
4.53906
4.58224
4.62741
4.67465
4.72401
4.77556
4.82936
4.88545
4.9439
5.00475
5.06803
5.13378
5.20202
5.27273
5.34591
5.42158
5.49971
5.58019
5.66296
5.74792
5.83497
5.92392
6.01456
6.10668
6.20006
6.29435
6.38922
6.48426
6.57902
6.67304
6.76579
6.85666
6.94504
7.03023
7.11152
7.18815
7.25933
7.32425
7.38209
7.43194
7.47303
7.50457
7.52572
7.53578
7.53413
7.52011
7.49335
7.45353
7.40034
7.33383
7.2542
7.16182
7.05701
6.94182
6.83288
6.73151
6.62031
6.49862
6.36781
6.22647
6.08854
5.91051
5.85215
5.44035
6.08019
3.8632
8.97549
3.58092
3.55769
3.53269
3.50694
3.48001
3.45146
3.42125
3.38939
3.35581
3.32038
3.28294
3.24335
3.20157
3.15778
3.11238
3.06537
3.016
2.96376
2.9091
2.85305
2.79598
2.73734
2.67611
2.61145
2.54218
2.46674
2.38451
2.29638
2.20296
2.10348
1.99744
1.8857
1.76898
1.64726
1.52011
1.38727
1.24861
1.1041
0.953763
0.797659
0.635845
0.468443
0.295635
0.117713
-0.0650058
-0.252048
-0.442891
-0.636895
-0.833287
-1.03121
-1.22967
-1.42752
-1.62355
-1.81643
-2.0047
-2.18681
-2.36118
-2.52618
-2.68013
-2.82141
-2.94841
-3.05967
-3.15376
-3.22966
-3.28593
-3.32281
-3.33789
-3.33524
-3.31455
-3.29107
-3.2317
-3.19575
-3.06325
-3.06487
-2.75851
-2.98264
-2.17257
-3.2448
-0.817433
-4.84824
3.60081
3.62012
3.64059
3.66202
3.6846
3.70831
3.73322
3.75942
3.78691
3.81579
3.84612
3.87792
3.91127
3.94625
3.98291
4.02128
4.06147
4.10353
4.14751
4.19346
4.24146
4.29157
4.34382
4.39826
4.45493
4.51388
4.57512
4.63867
4.70454
4.77276
4.84326
4.91599
4.99095
5.06808
5.14722
5.22824
5.31101
5.39539
5.48113
5.56794
5.65555
5.74359
5.83173
5.91954
6.00651
6.09216
6.1759
6.25706
6.33506
6.40914
6.4786
6.5427
6.60054
6.65138
6.69449
6.72901
6.75414
6.76927
6.77365
6.76677
6.74817
6.71746
6.6745
6.61928
6.55195
6.47277
6.38327
6.29659
6.21478
6.12393
6.0235
5.91437
5.79637
5.67788
5.53357
5.46895
5.1552
5.65702
3.76594
8.44092
3.04004
3.02176
3.0021
2.98183
2.96063
2.93815
2.91438
2.88931
2.86289
2.83501
2.80555
2.7744
2.74167
2.70765
2.6729
2.63815
2.60377
2.56919
2.53288
2.49326
2.44956
2.40158
2.34893
2.29122
2.22859
2.16199
2.09238
2.02028
1.94588
1.86853
1.7865
1.69853
1.60501
1.50707
1.40508
1.29869
1.18747
1.07126
0.95
0.823735
0.692452
0.556215
0.415064
0.269149
0.118657
-0.0361551
-0.194934
-0.357282
-0.52268
-0.690511
-0.860069
-1.03056
-1.20102
-1.37041
-1.53761
-1.70134
-1.86026
-2.01298
-2.15799
-2.29381
-2.41891
-2.53184
-2.63114
-2.71565
-2.78378
-2.83547
-2.8682
-2.88282
-2.87934
-2.874
-2.83671
-2.82114
-2.71745
-2.73734
-2.47193
-2.70174
-1.9587
-3.00295
-0.701089
-4.65982
3.0558
3.07121
3.08752
3.10463
3.12267
3.14162
3.16156
3.18255
3.2046
3.2278
3.25217
3.27776
3.30463
3.33287
3.36248
3.39353
3.42611
3.46025
3.49603
3.53349
3.57267
3.61369
3.65656
3.70131
3.74802
3.79673
3.84751
3.90037
3.95532
4.01241
4.07165
4.133
4.1965
4.26214
4.32982
4.39948
4.47106
4.54445
4.6195
4.69605
4.77389
4.85279
4.93252
5.0127
5.09302
5.17311
5.25246
5.33057
5.40697
5.48103
5.55212
5.61963
5.68277
5.74084
5.79314
5.8389
5.8773
5.90767
5.92926
5.94143
5.94366
5.93546
5.91649
5.88654
5.84555
5.79365
5.73203
5.66978
5.60959
5.54155
5.4651
5.38087
5.28923
5.19571
5.08511
5.03198
4.79019
5.24285
3.51903
8.1043
2.58538
2.5708
2.55513
2.53895
2.52203
2.50409
2.48508
2.46504
2.44392
2.42164
2.39812
2.37328
2.34708
2.31944
2.29028
2.25959
2.22737
2.19377
2.15885
2.12219
2.08302
2.04094
1.99657
1.95098
1.90469
1.85756
1.80883
1.75738
1.70182
1.64127
1.57594
1.50625
1.43203
1.35327
1.27051
1.1842
1.09423
1.00024
0.90203
0.799504
0.692658
0.581538
0.46614
0.346534
0.222804
0.0950943
-0.0363747
-0.171353
-0.309484
-0.45036
-0.593468
-0.738246
-0.883978
-1.02989
-1.1751
-1.31861
-1.45934
-1.59614
-1.72776
-1.8529
-1.9702
-2.07835
-2.17594
-2.26182
-2.33444
-2.39357
-2.43664
-2.46247
-2.4709
-2.47862
-2.45801
-2.4585
-2.37786
-2.41415
-2.1819
-2.42194
-1.73192
-2.76739
-0.562231
-4.48328
2.59807
2.61051
2.62368
2.63752
2.65209
2.66744
2.6836
2.70059
2.71848
2.7373
2.75707
2.77785
2.7997
2.82266
2.84675
2.87206
2.89861
2.92648
2.95572
2.98635
3.01841
3.05201
3.08717
3.12395
3.1624
3.20254
3.24445
3.28817
3.3337
3.38111
3.43042
3.48161
3.53476
3.58984
3.64681
3.70567
3.76638
3.82886
3.89304
3.95883
4.02609
4.09468
4.16439
4.23499
4.30628
4.37796
4.44964
4.52096
4.59153
4.66091
4.72851
4.79385
4.85633
4.91529
4.97013
5.02014
5.0646
5.10288
5.13423
5.15804
5.17376
5.18081
5.17877
5.16734
5.1463
5.11567
5.07637
5.03419
4.99207
4.94344
4.88777
4.82554
4.7575
4.68733
4.60739
4.56844
4.39055
4.81741
3.23068
7.77715
2.174
2.16235
2.14983
2.13688
2.12332
2.10895
2.09373
2.07767
2.06074
2.04288
2.02402
2.00411
1.98312
1.96097
1.93759
1.91293
1.88694
1.8596
1.83094
1.80109
1.77009
1.73753
1.7027
1.66531
1.62599
1.58573
1.54498
1.50339
1.46011
1.41399
1.36394
1.30969
1.25152
1.1895
1.12346
1.05363
0.980628
0.904644
0.825421
0.742657
0.656211
0.566083
0.472292
0.374884
0.273897
0.169401
0.0615239
-0.0495776
-0.163666
-0.280472
-0.399618
-0.520722
-0.643254
-0.766628
-0.890198
-1.01318
-1.13473
-1.25393
-1.36977
-1.48116
-1.58694
-1.686
-1.77706
-1.85911
-1.93066
-1.99144
-2.03897
-2.07088
-2.08678
-2.10298
-2.09448
-2.10644
-2.0447
-2.09294
-1.89121
-2.13637
-1.50044
-2.5189
-0.419716
-4.2709
2.18419
2.19419
2.2048
2.21593
2.22769
2.24008
2.25312
2.26684
2.28129
2.29651
2.31251
2.32933
2.34705
2.36566
2.38522
2.40579
2.42738
2.45006
2.47387
2.49884
2.52503
2.55248
2.58124
2.61137
2.6429
2.67587
2.71033
2.74633
2.78389
2.82305
2.86387
2.90633
2.95049
2.99635
3.04389
3.09313
3.14406
3.19662
3.2508
3.30651
3.36369
3.42223
3.48198
3.54282
3.60457
3.66702
3.7299
3.79294
3.85582
3.9182
3.97965
4.03977
4.09808
4.15403
4.20714
4.2568
4.30237
4.34333
4.379
4.4088
4.43221
4.44866
4.45771
4.45904
4.45235
4.43757
4.41539
4.38909
4.36159
4.32898
4.29078
4.24747
4.19996
4.15092
4.09855
4.07377
3.95623
4.35697
2.92003
7.36071
1.79285
1.78373
1.77391
1.76374
1.75308
1.74179
1.72985
1.71723
1.70393
1.6899
1.67508
1.65944
1.64294
1.62552
1.60714
1.58776
1.56731
1.54575
1.52304
1.49917
1.47418
1.44818
1.42117
1.39265
1.36193
1.3289
1.29429
1.25904
1.22348
1.18716
1.14917
1.10846
1.06428
1.0166
0.96559
0.911125
0.853279
0.792555
0.729377
0.66366
0.595088
0.523465
0.448735
0.370929
0.290083
0.206234
0.119446
0.029805
-0.0625398
-0.157404
-0.254543
-0.353673
-0.454428
-0.556376
-0.659028
-0.761806
-0.86405
-0.965052
-1.064
-1.16003
-1.25218
-1.33952
-1.42097
-1.49566
-1.56224
-1.62049
-1.66807
-1.70209
-1.72187
-1.74286
-1.74256
-1.76216
-1.71533
-1.7718
-1.59681
-1.84352
-1.25911
-2.25516
-0.265546
-4.02389
1.80085
1.80873
1.8171
1.82588
1.83515
1.84492
1.85521
1.86605
1.87746
1.88949
1.90216
1.9155
1.92953
1.94429
1.95981
1.97615
1.99331
2.01135
2.03029
2.0502
2.07111
2.09303
2.11604
2.14015
2.16543
2.1919
2.21959
2.24856
2.27885
2.31049
2.34351
2.37793
2.41381
2.45114
2.48993
2.53019
2.57196
2.61519
2.65986
2.70595
2.7534
2.80217
2.85215
2.90325
2.95533
3.00827
3.06188
3.11595
3.17021
3.22445
3.27832
3.33151
3.38366
3.43431
3.48307
3.52947
3.57297
3.61312
3.64935
3.68116
3.70807
3.72958
3.74526
3.75481
3.75792
3.75449
3.74501
3.73089
3.71489
3.69511
3.67119
3.64364
3.61347
3.58278
3.55403
3.5423
3.47838
3.85183
2.56423
6.86381
1.44333
1.43635
1.42883
1.42102
1.41283
1.40416
1.39498
1.38528
1.37505
1.36426
1.35285
1.34081
1.3281
1.31468
1.30052
1.28559
1.26982
1.25316
1.23559
1.21708
1.19759
1.17713
1.15577
1.1336
1.11051
1.08594
1.0593
1.03065
1.00086
0.970748
0.940437
0.909336
0.876538
0.841199
0.802917
0.76173
0.717639
0.670604
0.620986
0.569309
0.515696
0.45991
0.401713
0.341035
0.277896
0.212335
0.144389
0.0740842
0.00149309
-0.0732666
-0.150048
-0.228642
-0.308816
-0.390261
-0.472627
-0.555501
-0.638386
-0.720747
-0.801969
-0.881386
-0.958241
-1.03178
-1.10113
-1.16559
-1.22399
-1.27622
-1.32012
-1.35286
-1.37339
-1.39587
-1.4002
-1.42396
-1.3881
-1.44938
-1.2968
-1.54216
-1.00362
-1.9739
-0.0906981
-3.73855
1.44947
1.4555
1.4619
1.46863
1.47573
1.48322
1.49111
1.49942
1.50818
1.51742
1.52715
1.53739
1.54817
1.55952
1.57147
1.58404
1.59725
1.61113
1.62574
1.64108
1.6572
1.67412
1.69188
1.71051
1.73006
1.75054
1.77198
1.79444
1.81795
1.84253
1.86821
1.89502
1.92301
1.95218
1.98253
2.01411
2.04693
2.08097
2.11625
2.15275
2.19042
2.22926
2.26922
2.31022
2.35217
2.39499
2.43857
2.48274
2.52734
2.57219
2.61703
2.66163
2.70575
2.749
2.79108
2.83166
2.87029
2.90658
2.9401
2.97045
2.99721
3.01994
3.0383
3.05201
3.06079
3.06455
3.06364
3.0582
3.05061
3.04044
3.02743
3.01219
2.99566
2.97991
2.96992
2.96871
2.94982
3.29478
2.14528
6.28569
1.07997
1.07489
1.0694
1.06367
1.05768
1.05133
1.04461
1.0375
1.03001
1.0221
1.01375
1.00493
0.995621
0.985801
0.975443
0.964514
0.95298
0.940809
0.927967
0.914423
0.900136
0.885096
0.869308
0.8528
0.835658
0.817941
0.799412
0.77946
0.757637
0.734294
0.710376
0.686533
0.66267
0.638194
0.612329
0.58449
0.554497
0.522255
0.487612
0.450741
0.412123
0.371955
0.330011
0.285982
0.239759
0.191404
0.141031
0.0887175
0.034528
-0.0214704
-0.0791684
-0.138421
-0.199044
-0.260823
-0.323497
-0.386775
-0.450294
-0.513667
-0.576443
-0.638146
-0.69821
-0.756075
-0.811077
-0.862703
-0.910011
-0.952977
-0.989757
-1.01804
-1.03638
-1.05729
-1.06289
-1.0874
-1.0587
-1.12129
-0.986662
-1.22704
-0.729353
-1.66534
0.10753
-3.37379
1.08446
1.08889
1.09359
1.09855
1.10378
1.10932
1.11516
1.12133
1.12783
1.1347
1.14193
1.14957
1.15762
1.16611
1.17505
1.18448
1.19439
1.20484
1.21583
1.2274
1.23955
1.25234
1.26578
1.27989
1.29471
1.31025
1.32655
1.34363
1.36152
1.38025
1.39983
1.42029
1.44166
1.46394
1.48715
1.51132
1.53645
1.56254
1.58958
1.6176
1.64654
1.67641
1.70717
1.73875
1.77115
1.80426
1.83802
1.87233
1.90708
1.94212
1.9773
2.01245
2.04738
2.08186
2.11565
2.14849
2.18009
2.21015
2.23833
2.26437
2.2879
2.30859
2.32624
2.34055
2.35131
2.35849
2.3623
2.36215
2.3601
2.35645
2.3511
2.34468
2.33794
2.33291
2.3356
2.33938
2.35329
2.6666
1.6331
5.56682
0.788407
0.785016
0.781348
0.777519
0.773498
0.76923
0.764704
0.75992
0.754862
0.749495
0.743827
0.737835
0.731492
0.72479
0.717713
0.71022
0.702298
0.693931
0.685089
0.675733
0.665846
0.6554
0.644376
0.632771
0.620615
0.60794
0.594819
0.581242
0.566817
0.550893
0.533263
0.514584
0.495761
0.477046
0.457923
0.437591
0.41542
0.391286
0.365375
0.337751
0.308554
0.278327
0.247561
0.216219
0.183947
0.150447
0.115613
0.0794825
0.0421222
0.00357448
-0.0361112
-0.0768772
-0.118622
-0.161228
-0.204528
-0.248355
-0.292466
-0.33661
-0.380482
-0.423776
-0.466093
-0.507065
-0.546224
-0.583254
-0.617429
-0.648858
-0.676013
-0.697572
-0.711466
-0.728359
-0.732421
-0.754872
-0.72984
-0.790893
-0.669431
-0.901497
-0.43928
-1.32588
0.321846
-2.8814
0.791357
0.794216
0.797269
0.800477
0.803866
0.807442
0.811209
0.815187
0.81939
0.823816
0.82847
0.833373
0.838544
0.843993
0.849724
0.855746
0.862083
0.868762
0.875778
0.883148
0.890884
0.899019
0.907576
0.916547
0.925957
0.935833
0.946191
0.957048
0.968423
0.980345
0.992814
1.00587
1.01951
1.03376
1.04863
1.06416
1.08036
1.09722
1.11474
1.13296
1.15184
1.1714
1.19161
1.21246
1.23393
1.25597
1.27853
1.30158
1.32502
1.34877
1.37273
1.3968
1.42083
1.44468
1.46822
1.49122
1.51351
1.53489
1.55514
1.57407
1.59143
1.607
1.62066
1.63218
1.64144
1.64846
1.65337
1.65561
1.65612
1.65564
1.65416
1.65239
1.65082
1.65184
1.66157
1.66565
1.69901
1.978
1.03997
4.64324
0.321405
0.319186
0.316742
0.314151
0.311426
0.308533
0.305462
0.302199
0.298739
0.295061
0.291166
0.287034
0.282646
0.277987
0.273055
0.267812
0.262236
0.256309
0.250004
0.243286
0.236131
0.228502
0.22036
0.21167
0.2024
0.192503
0.181887
0.170417
0.157905
0.144204
0.129309
0.114063
0.101148
0.0948934
0.0992378
0.115479
0.141269
0.171101
0.19776
0.214643
0.217982
0.207977
0.188403
0.164553
0.140284
0.116802
0.0937155
0.0704057
0.0466366
0.0224695
-0.0019502
-0.0265459
-0.0512661
-0.0760815
-0.100917
-0.12572
-0.150391
-0.174843
-0.198941
-0.222572
-0.245551
-0.26773
-0.288872
-0.308882
-0.327285
-0.344354
-0.358869
-0.370856
-0.377864
-0.388255
-0.388147
-0.405706
-0.381836
-0.436651
-0.329525
-0.536435
-0.137298
-0.886946
0.472792
-2.01202
0.32339
0.325382
0.32752
0.32978
0.332182
0.334727
0.337412
0.340269
0.343302
0.34651
0.349891
0.353466
0.35725
0.361249
0.36546
0.369901
0.374584
0.37953
0.384721
0.390182
0.395928
0.401969
0.408305
0.414947
0.421903
0.429185
0.4368
0.444753
0.453044
0.461695
0.47069
0.480048
0.489753
0.499808
0.51021
0.520967
0.532071
0.543499
0.55526
0.567342
0.579712
0.592367
0.605304
0.618498
0.631915
0.645548
0.659353
0.673302
0.687364
0.70148
0.715625
0.729721
0.743725
0.757552
0.771156
0.784433
0.797312
0.809732
0.821568
0.832717
0.843064
0.852493
0.860951
0.868265
0.874407
0.879363
0.883235
0.885317
0.886713
0.887942
0.889186
0.89083
0.892576
0.895514
0.903896
0.895233
0.913266
1.14293
0.307419
3.18999
0.291778
0.292047
0.292323
0.292575
0.292819
0.29307
0.293325
0.293578
0.293831
0.294095
0.294373
0.294662
0.294965
0.295285
0.295638
0.296026
0.296457
0.296942
0.2975
0.298153
0.298934
0.299865
0.300982
0.302255
0.303632
0.30503
0.306558
0.308808
0.313203
0.321882
0.336865
0.35799
0.380883
0.396623
0.394393
0.365742
0.308352
0.227907
0.137635
0.0548109
-0.00543094
-0.0365688
-0.0430081
-0.0360291
-0.0262902
-0.0192543
-0.0155289
-0.0138036
-0.0130319
-0.0129965
-0.0138284
-0.015643
-0.0183935
-0.0219953
-0.0263245
-0.0312902
-0.0367717
-0.0426666
-0.0488423
-0.0551995
-0.06161
-0.0679906
-0.0742034
-0.0802539
-0.0858777
-0.0914405
-0.0961724
-0.10115
-0.102943
-0.107663
-0.104972
-0.11624
-0.0979432
-0.136707
-0.0640698
-0.199486
0.0476836
-0.38182
0.38402
-0.864923
0.291475
0.291131
0.290771
0.290389
0.289989
0.289573
0.289125
0.288656
0.288163
0.287642
0.287087
0.286498
0.285876
0.285217
0.284517
0.283774
0.282985
0.282157
0.281274
0.280342
0.279365
0.278336
0.277252
0.27612
0.274939
0.273711
0.272442
0.271132
0.269787
0.268419
0.267033
0.265637
0.264239
0.262853
0.261496
0.260174
0.258907
0.257702
0.256592
0.255574
0.254665
0.253871
0.253223
0.252706
0.252345
0.252134
0.252081
0.252176
0.252431
0.252836
0.253406
0.254103
0.254932
0.255841
0.256816
0.257783
0.25872
0.259589
0.260345
0.260954
0.261417
0.261726
0.261905
0.261935
0.261921
0.26187
0.261982
0.263362
0.262897
0.261328
0.258704
0.255505
0.252183
0.251608
0.259938
0.263029
0.285996
0.413394
-0.0241239
1.35095
)
;

boundaryField
{
    inlet
    {
        type            freestreamPressure;
        freestreamValue uniform 0;
        value           nonuniform List<scalar> 
134
(
0.761136
0.0669647
-0.658545
-1.28879
-1.74426
-2.02247
-2.06964
-1.88098
-1.46035
-0.685523
-0.128118
-0.206998
-0.346526
-0.478623
-0.612497
-0.752791
-0.900751
-1.05713
-1.22413
-1.40571
1.43779
-1.60729
-1.83158
-2.06806
-2.28991
-2.44976
-2.52689
-2.6631
-2.66611
-2.71789
-3.24018
-2.98011
-2.99021
-3.04703
-3.08912
-3.10962
-3.12935
-3.18173
-3.31425
-3.47523
2.07381
2.7268
3.27616
3.57286
3.50722
2.89209
1.53748
-3.82847
-3.74364
-3.6118
-3.52592
-3.46215
-3.39085
-3.31061
-3.22849
-3.14654
-3.06363
-2.97873
-2.89182
-2.80294
-2.71157
-2.61681
-2.51709
-2.4097
-2.29187
-2.15995
-2.07603
-1.99736
-1.90266
-1.79247
-1.66515
-1.5024
-1.28276
-0.895419
-0.384711
0.520386
1.15936
1.87203
2.57869
3.26733
3.92153
4.47729
4.90193
5.20516
5.39684
5.50339
5.55431
5.57529
5.58704
5.6198
5.7221
5.91285
6.12129
6.29231
6.43244
6.55376
6.65854
6.74299
6.80518
6.84627
6.87003
6.88532
6.9102
6.99034
7.19512
7.63814
7.82663
7.64171
7.42823
7.29192
7.18071
7.05423
6.9157
6.77551
6.6349
6.49103
6.34229
6.18792
6.02705
5.85784
5.67753
5.48248
5.26585
5.02264
4.72385
4.53592
4.35341
4.12104
3.8437
3.52094
3.11934
2.60293
1.78907
0.758244
)
;
    }
    outlet
    {
        type            freestreamPressure;
        freestreamValue uniform 0;
        value           nonuniform List<scalar> 
160
(
0.000751529
0.000750836
0.000752132
0.000750044
0.00075275
0.000749216
0.000753308
0.000748334
0.000753838
0.000747412
0.000754381
0.000746451
0.000754929
0.000745416
0.000755467
0.00074433
0.000755998
0.000743188
0.000756548
0.000741978
0.000757127
0.00074069
0.000757729
0.00073932
0.000758355
0.000737874
0.000759019
0.00073634
0.000759756
0.000734708
0.000760571
0.000732975
0.000761488
0.000731136
0.00076253
0.000729204
0.000763746
0.000727142
0.000765186
0.000724968
0.000766939
0.000722691
0.000769063
0.000720291
0.00077166
0.000717767
0.000774682
0.000715134
0.000778005
0.000712394
0.000781385
0.000709547
0.000784973
0.000706618
0.000790044
0.000703601
0.000799979
0.000700516
0.000820122
0.000697399
0.000855821
0.000694257
0.000907324
0.000691121
0.000964624
0.000688006
0.00100619
0.000684956
0.00100468
0.000682017
0.000936923
0.000679205
0.000794184
0.000676576
0.000589037
0.000674151
0.000355914
0.000672022
0.000141402
0.000670186
-1.39492e-05
0.000668687
-9.35033e-05
0.000667554
-0.00010955
0.000666867
-9.15567e-05
0.000666602
-6.67419e-05
0.000666821
-4.88733e-05
0.000667529
-3.94244e-05
0.00066875
-3.50513e-05
0.00067047
-3.30966e-05
0.000672731
-3.3011e-05
0.000675519
-3.51304e-05
0.000678889
-3.97503e-05
0.000682753
-4.67548e-05
0.000687144
-5.5934e-05
0.000691935
-6.69786e-05
0.000697106
-7.96655e-05
0.000702478
-9.3697e-05
0.000708004
-0.000108824
0.000713604
-0.000124722
0.000719164
-0.000141152
0.000724608
-0.000157801
0.00072996
-0.000174475
0.000735204
-0.000190836
0.000740429
-0.000206913
0.000745595
-0.000222049
0.00075102
-0.00023718
0.000756753
-0.000250379
0.000763404
-0.000264201
0.000773234
-0.000269859
0.000777161
-0.000283083
0.000778446
-0.000277582
0.000777191
-0.000307981
0.000774845
-0.000262354
0.000772805
-0.00036459
0.00077995
-0.000175436
0.000815926
-0.000530923
0.000838314
0.00013656
0.000925742
-0.000981581
0.00135835
0.00122246
-8.42001e-05
-0.00192642
0.00428444
)
;
    }
    walls
    {
        type            zeroGradient;
    }
    frontAndBack
    {
        type            empty;
    }
}


// ************************************************************************* //
