/*--------------------------------*- C++ -*----------------------------------*\
| =========                 |                                                 |
| \\      /  F ield         | OpenFOAM: The Open Source CFD Toolbox           |
|  \\    /   O peration     | Version:  2412                                  |
|   \\  /    A nd           | Website:  www.openfoam.com                      |
|    \\/     M anipulation  |                                                 |
\*---------------------------------------------------------------------------*/
FoamFile
{
    version     2.0;
    format      ascii;
    arch        "LSB;label=32;scalar=64";
    class       volScalarField;
    location    "250";
    object      p;
}
// * * * * * * * * * * * * * * * * * * * * * * * * * * * * * * * * * * * * * //

dimensions      [0 2 -2 0 0 0 0];

internalField   nonuniform List<scalar> 
10720
(
306.445
278.108
239.749
193.569
141.286
82.1041
21.1768
-39.1027
-98.5029
-153.834
-204.817
-251.156
-292.468
-328.777
-359.911
-385.326
-405.378
-418.993
-427.05
-428.51
-423.801
-412.128
-395.357
-374.49
-352.083
-330.491
-307.877
-283.276
-258.647
-234.6
-210.518
-186.011
-160.891
-134.921
-107.879
-78.9133
-47.1566
-7.20157
41.0924
328.017
341.841
347.464
345.851
333.76
307.626
270.112
226.105
180.787
137.414
99.6549
69.4296
45.3336
26.2591
11.51
-1.03533
-11.8522
-21.9002
-31.6159
-41.7532
-52.204
-63.3123
-74.786
-85.9131
-94.0191
-97.9203
-99.1562
-98.0722
-94.8248
-89.6616
-82.8104
-74.4019
-64.5182
-53.1173
-40.0887
-24.842
-6.42597
19.3767
57.7723
298.795
277.543
249.418
214.535
173.704
127.16
76.8184
24.3926
-28.9479
-81.3906
-131.825
-179.386
-223.328
-263.122
-298.264
-328.227
-352.91
-371.682
-384.691
-390.968
-390.779
-383.974
-371.978
-355.792
-337.261
-318.591
-298.897
-276.992
-254.187
-231.239
-207.902
-183.943
-159.231
-133.586
-106.808
-78.0602
-46.4855
-6.66125
40.7245
314.733
325.923
331.598
330.343
320.242
300.453
272.323
238.413
201.706
164.838
130.39
100.073
73.9904
51.8851
33.4136
17.5183
3.64514
-8.90523
-20.6558
-32.2298
-43.7345
-55.4306
-67.118
-78.1191
-86.3425
-90.701
-92.4461
-92.2598
-90.1275
-85.9659
-79.8983
-72.0972
-62.6893
-51.6639
-38.9245
-23.8968
-5.65532
20.0228
57.3232
282.715
264.5
240.179
209.576
173.471
131.795
85.687
36.7482
-13.7514
-64.4234
-113.829
-160.98
-205.017
-245.243
-281.068
-312.023
-337.732
-357.621
-371.403
-378.721
-379.769
-374.509
-363.933
-349.065
-331.607
-313.494
-294.298
-272.981
-250.626
-228.102
-205.256
-181.792
-157.539
-132.291
-105.827
-77.3102
-45.9082
-6.31316
40.1671
296.212
305.617
310.637
310.113
302.418
286.762
263.634
234.685
202.172
168.372
135.503
105.378
78.7882
55.8322
36.3265
19.6505
5.16505
-7.76239
-19.6978
-31.2054
-42.5329
-53.8754
-65.0892
-75.5832
-83.7201
-88.4136
-90.4266
-90.3716
-88.2707
-84.124
-78.1318
-70.4893
-61.2969
-50.5042
-37.9764
-23.1242
-5.02524
20.4478
56.5665
264.343
248.946
228.375
202.533
172.075
136.587
96.9559
54.3088
9.53454
-36.2161
-81.757
-126.141
-168.466
-207.956
-243.885
-275.657
-302.706
-324.485
-340.564
-350.804
-355.06
-353.31
-346.188
-334.595
-319.916
-303.778
-286.184
-266.463
-245.492
-224.089
-202.15
-179.393
-155.685
-130.863
-104.724
-76.4685
-45.2962
-6.06598
39.4402
275.846
283.941
288.537
288.613
282.779
270.362
251.598
227.729
200.447
171.439
142.485
115.111
90.1207
67.8093
48.1852
30.9367
15.6215
1.78138
-11.0369
-23.2808
-35.2031
-46.9455
-58.3896
-69.0091
-77.4855
-82.799
-85.4526
-86.0133
-84.5663
-81.1006
-75.7504
-68.6543
-59.887
-49.4089
-37.1049
-22.4138
-4.45159
20.7594
55.6613
245.678
232.258
214.277
191.666
165.074
133.87
98.7377
60.5626
19.941
-22.1514
-64.7088
-106.856
-147.677
-186.34
-222.068
-254.171
-282
-304.977
-322.601
-334.585
-340.667
-340.798
-335.496
-325.658
-312.539
-297.552
-280.94
-262.226
-242.056
-221.201
-199.673
-177.265
-153.878
-129.363
-103.514
-75.5318
-44.637
-5.86846
38.5302
255.762
262.912
267.222
267.774
263.385
253.46
238.033
218.033
194.762
169.476
143.602
118.434
94.7444
72.9694
53.302
35.6721
19.8278
5.45327
-7.8104
-20.3309
-32.3671
-44.0509
-55.2948
-65.6575
-74.1011
-79.7146
-82.7205
-83.612
-82.4698
-79.2738
-74.139
-67.2158
-58.5998
-48.2703
-36.1137
-21.5732
-3.78631
21.0754
54.6662
227.651
215.783
199.892
179.954
156.633
129.183
98.1769
64.324
27.9986
-10.0044
-48.879
-87.8941
-126.207
-163.019
-197.57
-229.129
-256.989
-280.533
-299.189
-312.555
-320.458
-322.825
-319.974
-312.617
-301.754
-288.545
-273.384
-256.025
-236.999
-217.052
-196.286
-174.536
-151.709
-127.665
-102.202
-74.5491
-43.981
-5.75643
37.4298
236.645
243.101
247.216
248.141
244.862
236.866
224.082
207.248
187.419
165.548
142.784
120.206
98.4766
78.0397
59.1628
41.8926
26.1094
11.6152
-1.85045
-14.5683
-26.7557
-38.516
-49.7668
-60.1146
-68.7066
-74.7248
-78.2086
-79.5616
-78.8843
-76.1558
-71.4742
-64.9788
-56.7568
-46.7797
-34.9239
-20.6378
-3.09727
21.3435
53.5758
210.661
200.001
185.751
167.914
147.175
122.725
95.0559
64.767
32.0598
-2.40968
-38.0034
-74.1327
-110.044
-145.005
-178.287
-209.148
-236.861
-260.769
-280.255
-294.882
-304.331
-308.476
-307.461
-301.915
-292.729
-280.9
-266.903
-250.663
-232.615
-213.442
-193.312
-172.101
-149.731
-126.076
-100.944
-73.5898
-43.3451
-5.71777
36.1789
218.809
224.736
228.703
229.922
227.516
221.037
210.355
196.067
179.056
160.055
139.991
119.766
99.9156
80.8433
62.8446
46.0365
30.4044
15.867
2.26359
-10.5958
-22.8737
-34.6416
-45.8214
-56.0726
-64.7041
-70.9953
-74.8585
-76.5808
-76.2629
-73.8872
-69.5374
-63.3415
-55.3823
-45.6329
-33.9707
-19.859
-2.51705
21.495
52.3869
194.834
185.144
172.231
156.117
137.507
115.568
90.7419
63.551
34.0875
2.88328
-29.5459
-62.7441
-96.0708
-128.877
-160.491
-190.202
-217.288
-241.077
-260.929
-276.348
-286.968
-292.645
-293.423
-289.775
-282.416
-272.16
-259.506
-244.518
-227.574
-209.295
-189.902
-169.32
-147.487
-124.293
-99.5581
-72.562
-42.6909
-5.73333
34.8248
202.307
207.814
211.663
213.116
211.4
206.129
197.138
184.928
170.254
153.699
136.027
117.996
100.031
82.4761
65.6138
49.5833
34.4367
20.1679
6.695
-6.09927
-18.323
-30.0167
-41.0998
-51.2699
-59.9413
-66.4779
-70.6994
-72.8007
-72.8794
-70.9175
-66.9756
-61.1642
-53.5568
-44.1248
-32.7443
-18.8927
-1.8339
21.6451
51.1608
180.181
171.284
159.47
144.783
127.931
108.088
85.6562
61.1059
34.4483
6.12919
-23.4405
-53.9189
-84.7662
-115.424
-145.296
-173.717
-199.992
-223.458
-243.464
-259.483
-271.089
-278.078
-280.381
-278.341
-272.558
-263.714
-252.296
-238.466
-222.563
-205.143
-186.465
-166.5
-145.202
-122.473
-98.1432
-71.5251
-42.0552
-5.82382
33.3787
187.099
192.264
196.013
197.65
196.487
192.19
184.577
174.072
161.336
146.849
131.249
115.178
98.9717
82.9081
67.2366
52.0917
37.5583
23.682
10.4401
-2.21694
-14.3415
-25.9378
-36.9167
-47.0026
-55.6952
-62.4321
-66.9774
-69.433
-69.8767
-68.2837
-64.7002
-59.2233
-51.9214
-42.766
-31.6337
-18.0194
-1.23667
21.6892
49.8629
166.649
158.414
147.524
134.039
118.668
100.599
80.2118
57.9385
33.7374
7.98837
-18.9817
-46.9188
-75.3712
-103.879
-131.918
-158.88
-184.122
-207.001
-226.874
-243.19
-255.484
-263.518
-267.153
-266.599
-262.331
-254.895
-244.742
-232.096
-217.268
-200.754
-182.837
-163.53
-142.802
-120.569
-96.6748
-70.4669
-41.4382
-5.99417
31.8426
173.103
177.98
181.641
183.421
182.706
179.202
172.724
163.632
152.516
139.781
125.972
111.645
97.0605
82.438
67.9883
53.8274
40.048
26.722
13.8696
1.49061
-10.4204
-21.8356
-32.6543
-42.6223
-51.2979
-58.1792
-62.9958
-65.773
-66.5669
-65.3487
-62.1469
-57.0395
-50.0837
-41.2478
-30.4072
-17.0765
-0.621878
21.6796
48.5067
154.166
146.494
136.392
123.933
109.822
93.2708
74.6397
54.3316
32.276
8.79973
-15.8356
-41.4476
-67.6611
-94.0964
-120.307
-145.754
-169.848
-191.983
-211.532
-227.944
-240.732
-249.6
-254.366
-255.104
-252.19
-246.062
-237.118
-225.612
-211.835
-196.227
-179.079
-160.442
-140.302
-118.586
-95.1514
-69.3852
-40.8396
-6.2423
30.2188
160.222
164.853
168.429
170.322
169.973
167.124
161.586
153.675
143.921
132.675
120.412
107.62
94.5042
81.2325
67.9796
54.8336
41.8776
29.1943
16.829
4.81678
-6.81073
-17.9957
-28.6268
-38.4623
-47.1018
-54.0928
-59.1471
-62.2256
-63.3538
-62.4922
-59.653
-54.8969
-48.2719
-39.744
-29.1902
-16.1479
-0.0389042
21.6008
47.0981
142.652
135.469
126.048
114.475
101.45
86.2098
69.102
50.5064
30.3323
8.86922
-13.6706
-37.1603
-61.29
-85.7535
-110.172
-134.075
-156.934
-178.189
-197.242
-213.551
-226.616
-236.102
-241.799
-243.669
-241.988
-237.097
-229.33
-218.947
-206.216
-191.527
-175.17
-157.227
-137.698
-116.524
-93.5765
-68.2854
-40.2636
-6.56915
28.5117
148.364
152.779
156.274
158.251
158.204
155.897
151.147
144.231
135.629
125.655
114.728
103.282
91.4839
79.4616
67.3542
55.2223
43.1323
31.1636
19.3726
7.81588
-3.44695
-14.3358
-24.7306
-34.3967
-42.9634
-50.015
-55.2573
-58.5991
-60.0357
-59.5176
-57.0394
-52.6429
-46.3639
-38.1643
-27.9215
-15.1978
0.528468
21.4584
45.6405
132.029
125.274
116.45
105.653
93.5728
79.4772
63.7003
46.6047
28.0882
8.40842
-12.255
-33.8205
-56.0302
-78.6393
-101.335
-123.709
-145.296
-165.584
-184.016
-200.066
-213.238
-223.161
-229.603
-232.439
-231.852
-228.099
-221.451
-212.15
-200.445
-186.675
-171.121
-153.887
-134.991
-114.383
-91.9503
-67.1684
-39.7111
-6.9715
26.7263
137.436
141.661
145.074
147.113
147.315
145.462
141.377
135.303
127.683
118.8
109.029
98.7641
88.1422
77.2607
66.2286
55.0811
43.866
32.6523
21.4957
10.4611
-0.374714
-10.9158
-21.034
-30.4999
-38.9636
-46.0381
-51.4283
-55.004
-56.7275
-56.5365
-54.4067
-50.3623
-44.4267
-36.5575
-26.6343
-14.2459
1.07059
21.2527
44.1397
122.223
115.847
107.552
97.4401
86.1921
73.1044
58.4989
42.7261
25.6755
7.58188
-11.4009
-31.2239
-51.6735
-72.5536
-93.6113
-114.498
-134.803
-154.068
-171.78
-187.438
-200.558
-210.751
-217.763
-221.41
-221.784
-219.074
-213.485
-205.228
-194.526
-181.672
-166.931
-150.424
-132.18
-112.163
-90.2731
-66.035
-39.1839
-7.44507
24.8703
127.356
131.407
134.741
136.823
137.229
135.758
132.238
126.884
120.106
112.164
103.397
94.1672
84.591
74.7429
64.7085
54.5014
44.1496
33.708
23.2244
12.7632
2.4086
-7.73472
-17.5334
-26.7633
-35.0886
-42.1436
-47.6368
-51.4088
-53.3905
-53.5073
-51.715
-48.0201
-42.4324
-34.9039
-25.3163
-13.2869
1.58889
20.9883
42.6017
113.164
107.128
99.3054
89.8057
79.2972
67.1033
53.5377
38.9377
23.1908
6.51411
-10.9604
-29.2074
-48.0493
-67.3317
-86.8473
-106.302
-125.34
-143.555
-160.479
-175.647
-188.586
-198.904
-206.326
-210.635
-211.84
-210.069
-205.467
-198.206
-188.477
-176.53
-162.608
-146.84
-129.268
-109.865
-88.5462
-64.8867
-38.6825
-7.98643
22.9532
118.05
121.939
125.194
127.305
127.879
126.73
123.694
118.958
112.906
105.778
97.8866
89.5663
80.919
72.0028
62.8859
53.5641
44.048
34.3751
24.5823
14.7281
4.89596
-4.80701
-14.2475
-23.2074
-31.3612
-38.3581
-43.913
-47.8454
-50.0578
-50.4618
-48.9929
-45.64
-40.3991
-33.2167
-23.9766
-12.3264
2.08039
20.6677
41.0333
104.786
99.059
91.6643
82.7166
72.8697
61.475
48.8389
35.2859
20.7039
5.29615
-10.8231
-27.6454
-45.0204
-62.828
-80.9016
-98.9933
-116.797
-133.956
-150.051
-164.648
-177.3
-187.617
-195.306
-200.137
-202.047
-201.111
-197.422
-191.105
-182.314
-171.26
-158.158
-143.14
-126.257
-107.49
-86.7707
-63.7248
-38.2083
-8.59009
20.9837
109.448
113.186
116.362
118.49
119.201
118.326
115.705
111.504
106.082
99.6635
92.5384
85.0184
77.1959
69.1179
60.8386
52.3409
43.6207
34.6993
25.6003
16.3724
7.09228
-2.13668
-11.1847
-19.8411
-27.7886
-34.6895
-40.2647
-44.3198
-46.7322
-47.4002
-46.2389
-43.2201
-38.3255
-31.4954
-22.6159
-11.3658
2.54436
20.2953
39.441
97.0353
91.5901
84.5842
76.1382
66.8873
56.2129
44.412
31.7989
18.2629
3.99456
-10.9033
-26.434
-42.4721
-58.9231
-75.6553
-92.4602
-109.076
-125.193
-140.433
-154.403
-166.683
-176.891
-184.722
-189.946
-192.44
-192.237
-189.381
-183.948
-176.056
-165.874
-153.59
-139.33
-123.15
-105.041
-84.9484
-62.5506
-37.7606
-9.25036
18.9711
101.49
105.087
108.183
110.317
111.141
110.498
108.236
104.5
99.6267
93.8294
87.3775
80.5642
73.4753
66.1497
58.6322
50.896
42.9253
34.7276
26.3126
17.7168
9.00659
0.277
-8.35029
-16.6733
-24.3832
-31.1517
-36.7078
-40.8484
-43.4295
-44.337
-43.4656
-40.7705
-36.2193
-29.7457
-21.2384
-10.408
2.98
19.8758
37.8317
89.8588
84.6728
78.0245
70.0357
61.3269
51.3049
40.2599
28.4944
15.9022
2.66255
-11.131
-25.4919
-40.3118
-55.5191
-71.0075
-86.6033
-102.086
-117.183
-131.564
-144.868
-156.708
-166.718
-174.585
-180.083
-183.049
-183.478
-181.371
-176.76
-169.722
-160.387
-148.912
-135.414
-119.951
-102.52
-83.0814
-61.3646
-37.3388
-9.96037
16.9264
94.1203
97.5832
100.601
102.732
103.647
103.203
101.251
97.9222
93.5306
88.2795
82.422
76.2347
69.7986
63.1481
56.3209
49.2844
42.0131
34.5034
26.7527
18.7838
10.6507
2.43706
-5.74636
-13.7095
-21.152
-27.7546
-33.2543
-37.4435
-40.1611
-41.2817
-40.6809
-38.2976
-34.0856
-27.9717
-19.8476
-9.45525
3.38671
19.4144
36.2135
83.209
78.2638
71.9453
64.3777
56.1638
46.7372
36.3791
25.3832
13.6455
1.33743
-11.4557
-24.7537
-38.4632
-52.5285
-66.8667
-81.3323
-95.7394
-109.853
-123.381
-135.999
-147.35
-157.087
-164.899
-170.566
-173.899
-174.862
-173.421
-169.565
-163.333
-154.816
-144.138
-131.402
-116.665
-99.93
-81.1715
-60.1682
-36.9416
-10.7127
14.8602
87.2899
90.6256
93.5654
95.6856
96.674
96.3999
94.7189
91.7473
87.7804
83.0123
77.6816
72.0507
66.1973
60.1527
53.9502
47.5535
40.9306
34.0687
26.9548
19.5988
12.0407
4.35069
-3.37342
-10.9542
-18.1021
-24.5079
-29.9161
-34.1181
-36.9401
-38.2463
-37.8954
-35.8103
-31.9315
-26.179
-18.4475
-8.51025
3.76474
18.9166
34.5941
77.0442
72.3243
66.3117
59.133
51.3744
42.4928
32.7631
22.4679
11.5078
0.0464344
-11.8366
-24.167
-36.8617
-49.8793
-63.1558
-76.5693
-89.9627
-103.135
-115.827
-127.75
-138.577
-147.984
-155.666
-161.406
-165.012
-166.416
-165.558
-162.391
-156.913
-149.178
-139.279
-127.302
-113.298
-97.2761
-79.2214
-58.9616
-36.5669
-11.4993
12.7836
80.955
84.1696
87.0318
89.1347
90.1812
90.0525
88.6088
85.9525
82.3621
78.0234
73.1619
68.0274
62.6954
57.1955
51.5575
45.7439
39.7189
33.4625
26.9528
20.1876
13.1943
6.029
-1.22575
-8.4072
-15.2383
-21.4193
-26.7036
-30.8843
-33.779
-35.2423
-35.1194
-33.3174
-29.764
-24.3733
-17.0425
-7.57523
4.11445
18.3884
32.9811
71.3267
66.8175
61.0905
54.2735
46.9349
38.5555
29.4024
19.7488
9.49904
-1.18987
-12.2443
-23.6917
-35.4599
-47.5167
-59.8132
-72.2488
-84.6901
-96.9642
-108.845
-120.075
-130.357
-139.389
-146.879
-152.614
-156.406
-158.166
-157.81
-155.262
-150.482
-143.492
-134.351
-123.125
-109.859
-94.5625
-77.2337
-57.7452
-36.2115
-12.3112
10.7085
75.077
78.1751
80.9597
83.0399
84.1323
84.1284
82.8931
80.5167
77.2611
73.3054
68.8636
64.1737
59.3094
54.2994
49.1719
43.8892
38.4133
32.7195
26.7782
20.5773
14.1323
7.4851
0.703468
-6.06723
-12.5632
-18.4951
-23.6262
-27.7536
-30.6898
-32.2815
-32.3639
-30.8283
-27.5912
-22.5608
-15.6371
-6.65262
4.43677
17.836
31.3826
66.0217
61.7111
56.2511
49.7718
42.8233
34.908
26.287
17.2226
7.62485
-2.35734
-12.6538
-23.2949
-34.2146
-45.3898
-56.7838
-68.311
-79.861
-91.2845
-102.384
-112.932
-122.658
-131.283
-138.532
-144.193
-148.095
-150.131
-150.201
-148.202
-144.065
-137.777
-129.368
-118.882
-106.354
-91.795
-75.2115
-56.5194
-35.8723
-13.1389
8.64719
69.6198
72.6058
75.3129
77.3659
78.4939
78.5977
77.5459
75.4184
72.4627
68.8507
64.786
60.4953
56.0517
51.4838
46.8182
42.0182
37.0452
31.8707
26.46
20.7935
14.8755
8.73441
2.42278
-3.93068
-10.0772
-15.7396
-20.6917
-24.7362
-27.6843
-29.3759
-29.6399
-28.3532
-25.4214
-20.7482
-14.2361
-5.74454
4.73281
17.2656
29.8067
61.098
56.9748
51.7663
45.6036
39.0175
31.5337
23.4049
14.8844
5.88574
-3.44687
-13.0487
-22.9501
-33.0919
-43.4574
-54.0194
-64.7054
-75.423
-86.0447
-96.3975
-106.279
-115.447
-123.643
-130.613
-136.146
-140.091
-142.33
-142.752
-141.236
-137.685
-132.055
-124.348
-114.587
-102.794
-88.9793
-73.1581
-55.2839
-35.5451
-13.9735
6.6109
64.551
67.4298
70.0595
72.0815
73.2364
73.4325
72.5432
70.6383
67.9517
64.6495
60.9251
56.9949
52.9311
48.7624
44.5147
40.1532
35.6394
30.9428
26.025
20.8609
15.4449
9.79313
3.94379
-1.99101
-7.77879
-13.1555
-17.9061
-21.8414
-24.7732
-26.537
-26.9588
-25.902
-23.2634
-18.9424
-12.8442
-4.8532
5.00438
16.6836
28.2609
56.5272
52.5815
47.6103
41.7454
35.498
28.4162
20.7447
12.7271
4.28209
-4.45317
-13.4164
-22.6387
-32.0658
-41.6862
-51.4804
-61.3877
-71.3302
-81.1972
-90.839
-100.076
-108.691
-116.446
-123.107
-128.469
-132.399
-134.777
-135.485
-134.387
-131.364
-126.346
-119.309
-110.252
-99.1883
-86.1229
-71.0769
-54.0389
-35.2251
-14.8049
4.61199
59.8417
62.6167
65.1704
67.1587
68.3325
68.6077
67.8625
66.1574
63.7141
60.6922
57.2759
53.6721
49.9521
46.1448
42.276
38.3129
34.218
29.9598
25.4982
20.803
15.8614
10.6786
5.27962
-0.239973
-5.66426
-10.7436
-15.2745
-19.0768
-21.9664
-23.7762
-24.3315
-23.4855
-21.1264
-17.1507
-11.4667
-3.98057
5.25331
16.0963
26.7528
52.2832
48.5064
43.76
38.1753
32.2457
25.5398
18.2942
10.7438
2.81107
-5.37226
-13.7469
-22.3437
-31.1135
-40.0486
-49.1344
-58.3206
-67.5413
-76.7009
-85.6693
-94.2867
-102.359
-109.67
-116
-121.158
-125.024
-127.484
-128.416
-127.674
-125.123
-120.67
-114.267
-105.894
-95.5487
-83.2325
-68.9719
-52.7832
-34.9075
-15.623
2.66201
55.4656
58.1404
60.6187
62.5708
63.7567
64.1
63.4832
61.9586
59.7356
56.9683
53.8322
50.5252
47.1175
43.6384
40.1135
36.5121
32.7987
28.9417
24.9002
20.6407
16.1441
11.4071
6.4427
1.33138
-3.72907
-8.50282
-12.7998
-16.4489
-19.2727
-21.1037
-21.769
-21.1137
-19.0198
-15.381
-10.1085
-3.12863
5.48173
15.5098
25.2894
48.3425
44.7266
40.1935
34.8735
29.2428
22.889
16.0415
8.92605
1.46896
-6.20317
-14.0343
-22.0541
-30.2177
-38.5209
-46.9528
-55.4712
-64.0206
-72.5188
-80.8511
-88.8769
-96.4219
-103.289
-109.277
-114.204
-117.968
-120.46
-121.561
-121.118
-118.984
-115.049
-109.243
-101.528
-91.8866
-80.3172
-66.8463
-51.5174
-34.5862
-16.4181
0.772307
51.3985
53.9763
56.38
58.2936
59.4864
59.8882
59.3861
58.025
56.0025
53.4674
50.5872
47.5508
44.4276
41.2468
38.0344
34.762
31.3958
27.9055
24.2498
20.3934
16.3122
11.9958
7.44737
2.73268
-1.96673
-6.43108
-10.4834
-13.9631
-16.7001
-18.5294
-19.2819
-18.7972
-16.9525
-13.6404
-8.77482
-2.29903
5.69179
14.93
23.8772
44.6836
41.2211
36.8908
31.8215
26.4725
20.4497
13.9749
7.26558
0.251141
-6.94632
-14.2742
-21.7608
-29.3652
-37.0845
-44.9125
-52.8126
-60.7382
-68.618
-76.3515
-83.8148
-90.8504
-97.28
-102.919
-107.599
-111.227
-113.712
-114.933
-114.736
-112.967
-109.501
-104.254
-97.1687
-88.2146
-77.384
-64.7056
-50.2402
-34.2561
-17.1815
-1.04645
47.6178
50.1019
52.4322
54.306
55.5007
55.953
55.5535
54.3408
52.5014
50.1791
47.5333
44.7446
41.8812
38.9725
36.0445
33.0715
30.0217
26.8658
23.5635
20.078
16.3827
12.4611
8.30761
3.97597
-0.36948
-4.52452
-8.32539
-11.6225
-14.255
-16.0621
-16.8801
-16.5459
-14.9341
-11.9365
-7.47075
-1.4936
5.88598
14.362
22.5221
41.2861
37.9708
33.8331
29.0021
23.919
18.2079
12.0834
5.75355
-0.847738
-7.60384
-14.4647
-21.4579
-28.5444
-35.7246
-42.9937
-50.321
-57.667
-64.9699
-72.141
-79.0708
-85.6183
-91.6207
-96.9107
-101.331
-104.8
-107.242
-108.54
-108.541
-107.088
-104.047
-99.319
-92.8324
-84.5456
-74.4428
-62.5531
-48.9517
-33.9123
-17.9034
-2.78478
44.1037
46.4971
48.7551
50.5879
51.7807
52.2762
51.9688
50.8913
49.2198
47.0929
44.6627
42.1014
39.476
36.8162
34.1476
31.447
28.6849
25.8337
22.8541
19.7094
16.3708
12.8176
9.03737
5.07211
1.07064
-2.77834
-6.32444
-9.42951
-11.9427
-13.7092
-14.5724
-14.3695
-12.9734
-10.2771
-6.20095
-0.714022
6.06624
13.8112
21.229
38.1321
34.9574
31.0038
26.3993
21.5678
16.1507
10.3557
4.38179
-1.83336
-8.17821
-14.6045
-21.1398
-27.7472
-34.4277
-41.1798
-47.9765
-54.7843
-61.5492
-68.1933
-74.6189
-80.7001
-86.2892
-91.233
-95.3888
-98.6809
-101.052
-102.391
-102.547
-101.364
-98.7041
-94.4552
-88.5355
-80.8917
-71.5028
-60.3939
-47.6512
-33.5475
-18.5759
-4.43329
40.8375
43.1431
45.3298
47.1207
48.3084
48.8408
48.6164
47.6624
46.1453
44.1986
41.9671
39.6151
37.2083
34.7763
32.3446
29.8923
27.3924
24.8186
22.1336
19.301
16.2911
13.0799
9.64968
6.03269
2.36274
-1.18674
-4.47791
-7.38477
-9.76692
-11.4773
-12.3671
-12.2765
-11.079
-8.66893
-4.9706
0.0382291
6.23534
13.2816
20.0023
35.2047
32.1647
28.3868
23.9979
19.405
14.266
8.78143
3.14196
-2.71147
-8.67194
-14.6939
-20.8034
-26.9661
-33.184
-39.4568
-45.7617
-52.0696
-58.3332
-64.4845
-70.4355
-76.0737
-81.265
-85.8701
-89.7584
-92.8627
-95.1412
-96.4899
-96.7635
-95.8097
-93.4877
-89.6793
-84.2931
-77.2668
-68.5723
-58.2329
-46.3383
-33.158
-19.1906
-5.98357
37.8021
40.0223
42.1392
43.8877
45.0673
45.6312
45.4818
44.6409
43.2663
41.4861
39.4384
37.2797
35.074
32.8512
30.6361
28.4104
26.1492
23.8279
21.4112
18.8638
16.1555
13.2606
10.157
6.86883
3.51599
0.257285
-2.78202
-5.48771
-7.73027
-9.37137
-10.2713
-10.2752
-9.25886
-7.11913
-3.78402
0.761674
6.39474
12.7772
18.8449
32.4882
29.5774
25.9676
21.7842
17.4177
12.542
7.35038
2.02552
-3.48853
-9.08968
-14.7342
-20.4474
-26.197
-31.9853
-37.8138
-43.6622
-49.5061
-55.3034
-60.9935
-66.4986
-71.7175
-76.5281
-80.8043
-84.4273
-87.3373
-89.5064
-90.8395
-91.1987
-90.4364
-88.4132
-85.0071
-80.1201
-73.683
-65.6617
-56.0746
-45.0134
-32.7384
-19.7409
-7.42902
34.9816
37.1192
39.1674
40.8733
42.0423
42.6329
42.5513
41.8146
40.5716
38.9457
37.0683
35.0884
33.0684
31.0378
29.0212
27.0023
24.9584
22.8668
20.6943
18.407
15.975
13.3713
10.5711
7.59134
4.53977
1.56084
-1.23239
-3.73664
-5.83385
-7.39529
-8.29088
-8.37252
-7.52001
-5.63389
-2.64555
1.45487
6.54635
12.301
17.7595
29.9682
27.1814
23.7324
19.7452
15.5937
10.9676
6.05299
1.02442
-4.17095
-9.43526
-14.7273
-20.0709
-25.436
-30.8252
-36.2413
-41.6663
-47.0788
-52.4421
-57.702
-62.7892
-67.6121
-72.061
-76.02
-79.3822
-82.0956
-84.1436
-85.4407
-85.8578
-85.2539
-83.4932
-80.4528
-76.0309
-70.1527
-62.7794
-53.9241
-43.677
-32.2846
-20.2209
-8.76403
32.3613
34.4191
36.3999
38.0627
39.2193
39.8324
39.8121
39.1714
38.0503
36.5678
34.8486
33.0346
31.1861
29.3324
27.4978
25.668
23.8222
21.9397
19.9891
17.9385
15.7587
13.4223
10.9027
8.211
5.44347
2.73143
0.176482
-2.12891
-4.07784
-5.55175
-6.4304
-6.57449
-5.86894
-4.21872
-1.55914
2.1164
6.69166
11.8554
16.7473
27.6312
24.9635
21.6686
17.8687
13.9219
9.53264
4.88014
0.131251
-4.76423
-9.71253
-14.6749
-19.6737
-24.6807
-29.6991
-34.7318
-39.7635
-44.7753
-49.7348
-54.5938
-59.2897
-63.7404
-67.8461
-71.5017
-74.611
-77.1284
-79.0477
-80.2931
-80.7447
-80.2703
-78.7386
-76.0291
-72.038
-66.6877
-59.9344
-51.7867
-42.3292
-31.7933
-20.6252
-9.98361
29.9277
31.908
33.8229
35.4426
36.585
37.2171
37.2524
36.7001
35.6924
34.3432
32.7712
31.111
29.4214
27.731
26.0635
24.4066
22.7414
21.0487
19.2998
17.4644
15.5144
13.4224
11.1612
8.73718
6.23608
3.77685
1.45046
-0.66092
-2.46108
-3.84189
-4.6933
-4.886
-4.31115
-2.87876
-0.528258
2.74492
6.83138
11.4419
15.8087
25.4647
22.9114
19.7643
16.1434
12.3915
8.22718
3.82308
-0.661831
-5.27459
-9.92619
-14.5796
-19.2561
-23.9292
-28.6024
-33.2791
-37.9453
-42.5849
-47.1692
-51.6544
-55.9848
-60.086
-63.8677
-67.2346
-70.0999
-72.4252
-74.212
-75.3939
-75.8614
-75.491
-74.1586
-71.7469
-68.1534
-63.2984
-57.1354
-49.6673
-40.972
-31.2614
-20.9501
-11.0849
27.6682
29.5734
31.4238
33.0006
34.1273
34.775
34.8608
34.3902
33.4879
32.263
30.8282
29.3111
27.7687
26.229
24.7152
23.2164
21.7157
20.1958
18.6299
16.9897
15.2486
13.3797
11.3554
9.1788
6.92606
4.70477
2.59584
0.671949
-0.981084
-2.26572
-3.08175
-3.31072
-2.85096
-1.61815
0.444032
3.33893
6.9662
11.0613
14.9429
23.4572
21.014
18.0086
14.5587
10.9925
7.04214
2.87343
-1.36176
-5.70826
-10.0808
-14.4445
-18.8197
-23.1812
-27.5326
-31.8779
-36.2046
-40.4983
-44.7336
-48.8711
-52.8605
-56.6347
-60.1117
-63.2054
-65.8376
-67.976
-69.6289
-70.7396
-71.2081
-70.9202
-69.7599
-67.6156
-64.3873
-59.995
-54.3904
-47.571
-39.6063
-30.6878
-21.1932
-12.0658
25.5708
27.4034
29.1908
30.7248
31.8347
32.4951
32.6268
32.2319
31.4276
30.3185
29.0117
27.6278
26.2219
24.8216
23.449
22.095
20.7444
19.3815
17.9815
16.5182
14.9665
13.3006
11.4931
9.54421
7.52179
5.52287
3.6192
1.87469
0.365141
-0.822116
-1.59643
-1.85098
-1.4916
-0.440281
1.3551
3.89754
7.09615
10.7138
14.1487
21.5979
19.2604
16.391
13.1048
9.71573
5.96883
2.02363
-1.97541
-6.07075
-10.1807
-14.2725
-18.3655
-22.4359
-26.4877
-30.5245
-34.5354
-38.5077
-42.4185
-46.2326
-49.9044
-53.3732
-56.5645
-59.4008
-61.8115
-63.7706
-65.2909
-66.3255
-66.7832
-66.5597
-65.5477
-63.6426
-60.7483
-56.7862
-51.7067
-45.5029
-38.2343
-30.0718
-21.3528
-12.9257
23.6248
25.387
27.1129
28.6045
29.6965
30.3671
30.5402
30.2154
29.5024
28.5015
27.3142
26.0544
24.7752
23.5036
22.261
21.0396
19.8259
18.6055
17.3559
16.0527
14.6725
13.1908
11.5809
9.84087
8.03104
6.23866
4.52732
2.95272
1.58153
0.491205
-0.237042
-0.507904
-0.235144
0.652528
2.20298
4.41941
7.22118
10.3985
13.4237
19.8766
17.641
14.9019
11.7723
8.55229
4.99903
1.26592
-2.50962
-6.3676
-10.2303
-14.0666
-17.8953
-21.6936
-25.4657
-29.2153
-32.9327
-36.6063
-40.2157
-43.7291
-47.1056
-50.2897
-53.2139
-55.8086
-58.0105
-59.7987
-61.1896
-62.1453
-62.5836
-62.4097
-61.5255
-59.8337
-57.2435
-53.6793
-49.0911
-43.4675
-36.8586
-29.4131
-21.4288
-13.6651
21.8201
23.514
25.1798
26.6295
27.7027
28.381
28.5918
28.3317
27.7038
26.8039
25.7282
24.5841
23.4226
22.2701
21.147
20.047
18.958
17.8671
16.7536
15.5952
14.3701
13.0551
11.6247
10.0754
8.46086
6.85937
5.32696
3.91209
2.67286
1.67747
0.997936
0.718623
0.917343
1.65868
2.98617
4.90357
7.34048
10.1143
12.765
18.2841
16.1465
13.5325
10.5528
7.494
4.12512
0.593371
-2.97041
-6.60402
-10.2337
-13.8303
-17.4111
-20.955
-24.4659
-27.9481
-31.3922
-34.7883
-38.1179
-41.3522
-44.454
-47.3735
-50.0488
-52.4176
-54.4234
-56.0497
-57.3164
-58.1929
-58.6055
-58.4689
-57.6945
-56.1925
-53.8785
-50.6806
-46.5493
-41.4698
-35.482
-28.7133
-21.422
-14.2857
20.1469
21.7748
23.3819
24.79
25.8438
26.5278
26.7726
26.5725
26.0238
25.2183
24.2467
23.2103
22.1583
21.1158
20.1028
19.114
18.1386
17.1651
16.1748
15.147
14.0617
12.8973
11.6296
10.2539
8.81791
7.39184
6.02495
4.75897
3.64437
2.74065
2.11114
1.82978
1.96596
2.57752
3.70381
5.34911
7.45313
9.85913
12.1688
16.8114
14.768
12.2741
9.43808
6.53308
3.33992
-0.000527202
-3.36361
-6.78535
-10.1955
-13.5664
-16.9147
-20.2206
-23.488
-26.7207
-29.9108
-33.049
-36.1189
-39.0941
-41.9411
-44.6146
-47.0587
-49.2171
-51.0396
-52.5141
-53.6624
-54.4608
-54.8439
-54.735
-54.0546
-52.7213
-50.6574
-47.7952
-44.0866
-39.514
-34.1076
-27.9744
-21.3346
-14.7906
18.5964
20.1604
21.7104
23.0773
24.1111
24.7989
25.0744
24.9296
24.4548
23.7373
22.8628
21.9269
20.9763
20.0356
19.124
18.2369
17.365
16.4979
15.6188
14.7088
13.7495
12.7208
11.6
10.3818
9.10841
7.8427
6.62788
5.49973
4.50176
3.68546
3.10612
2.8278
2.91178
3.4093
4.35553
5.75531
7.55789
9.6307
11.6311
15.4505
13.4977
11.1191
8.42052
5.66241
2.63656
-0.521987
-3.69492
-6.91626
-10.1193
-13.278
-16.4083
-19.4914
-22.5313
-25.5317
-28.4854
-31.3842
-34.2129
-36.948
-39.5588
-42.0043
-44.234
-46.1971
-47.8493
-49.1821
-50.2187
-50.9416
-51.2927
-51.2039
-50.6044
-49.4208
-47.5824
-45.0266
-41.7072
-37.604
-32.739
-27.1993
-21.1696
-15.1835
17.1603
18.6625
20.1567
21.4831
22.4964
23.1861
23.4892
23.3955
22.9894
22.3539
21.5701
20.7276
19.8712
19.0246
18.206
17.412
16.6343
15.8637
15.0849
14.2809
13.4348
12.5282
11.5397
10.4638
9.33797
8.2182
7.14228
6.14084
5.25108
4.51726
3.9872
3.71594
3.75691
4.15508
4.94156
6.12169
7.65344
9.42622
11.1473
14.1935
12.3279
10.0599
7.493
4.87509
2.00869
-0.976961
-3.96971
-7.00149
-10.0092
-12.9684
-15.8941
-18.7686
-21.5959
-24.3798
-27.1136
-29.79
-32.3952
-34.9078
-37.2999
-39.5346
-41.5658
-43.3484
-44.8427
-46.0439
-46.9763
-47.6272
-47.9453
-47.8709
-47.3409
-46.2901
-44.6546
-42.3772
-39.4142
-35.7437
-31.3797
-26.3916
-20.9311
-15.469
15.8309
17.2731
18.7132
19.9996
20.9918
21.6819
22.0096
21.963
21.6207
21.0616
20.3623
19.6067
18.8376
18.0778
17.3448
16.6358
15.9436
15.2603
14.572
13.8632
13.1187
12.3215
11.452
10.5043
9.51173
8.52416
7.57448
6.68875
5.89864
5.24185
4.75941
4.49819
4.50429
4.81671
5.46271
6.44794
7.73821
9.24251
10.7126
13.0333
11.2516
9.08979
6.64889
4.16487
1.45033
-1.37096
-4.19285
-7.0455
-9.86891
-12.6403
-15.3739
-18.0532
-20.682
-23.2642
-25.7935
-28.2633
-30.6613
-32.968
-35.158
-37.1978
-39.0459
-40.6619
-42.0108
-43.0906
-43.9262
-44.5092
-44.7945
-44.7299
-44.2599
-43.3269
-41.8737
-39.8484
-37.2102
-33.9362
-30.0336
-25.5554
-20.624
-15.653
14.6009
15.9851
17.3723
18.6193
19.5901
20.279
20.6286
20.6253
20.3421
19.8541
19.2334
18.5585
17.8702
17.1905
16.5359
15.9046
15.2902
14.6857
14.0787
13.4553
12.8018
12.1026
11.3396
10.5071
9.63451
8.76613
7.93059
7.14991
6.45088
5.86539
5.42833
5.17928
5.1576
5.3967
5.92025
6.73402
7.81068
9.07633
10.3219
11.9631
10.262
8.20224
5.88192
3.52582
0.955936
-1.70925
-4.36916
-7.05224
-9.70183
-12.2965
-14.8499
-17.3464
-19.7899
-22.184
-24.5231
-26.8014
-29.0075
-31.1237
-33.1272
-34.9872
-36.6667
-38.1294
-39.3447
-40.313
-41.0594
-41.5791
-41.8329
-41.7747
-41.3567
-40.528
-39.2381
-37.4403
-35.0968
-32.1845
-28.7043
-24.6954
-20.2538
-15.7417
13.4633
14.7914
16.1272
17.3353
18.2844
18.9708
19.3397
19.376
19.1474
18.7255
18.1778
17.5777
16.9642
16.3581
15.7755
15.2148
14.671
14.1376
13.6037
13.0569
12.4846
11.8728
11.2051
10.4757
9.71071
8.94939
8.21654
7.53066
6.91431
6.39428
5.99996
5.7645
5.72113
5.89818
6.31596
6.98017
7.86936
8.9243
9.97021
10.9767
9.35316
7.39119
5.18634
2.95226
0.520214
-1.99654
-4.50286
-7.0257
-9.51135
-11.9398
-14.324
-16.6495
-18.9199
-21.1388
-23.3011
-25.4017
-27.4302
-29.3705
-31.2017
-32.8964
-34.4209
-35.743
-36.8362
-37.7024
-38.3672
-38.8284
-39.0521
-38.9983
-38.6254
-37.8892
-36.7453
-35.152
-33.0748
-30.4906
-27.3955
-23.8164
-19.8265
-15.7418
12.4119
13.6856
14.9714
16.1412
17.0683
17.7508
18.1366
18.209
18.0309
17.6702
17.1901
16.6592
16.1146
15.5764
15.0595
14.5632
14.0832
13.614
13.1456
12.6671
12.1673
11.6334
11.0505
10.4132
9.74439
9.07881
8.43791
7.83717
7.29541
6.83502
6.48055
6.25951
6.19966
6.32475
6.65201
7.18692
7.91288
8.78308
9.65246
10.068
8.51912
6.651
4.55664
2.43902
0.138321
-2.23745
-4.59821
-6.9695
-9.30051
-11.5726
-13.798
-15.9634
-18.0722
-20.1281
-22.1261
-24.062
-25.9262
-27.7041
-29.3768
-30.9194
-32.3018
-33.4952
-34.4768
-35.2502
-35.8407
-36.2485
-36.4442
-36.3932
-36.0596
-35.4055
-34.3919
-32.982
-31.1444
-28.8566
-26.1108
-22.9236
-19.3485
-15.6605
11.4405
12.6618
13.8988
15.031
15.9359
16.6132
17.0135
17.1188
16.9871
16.6828
16.2653
15.7983
15.3173
14.8412
14.3843
13.9466
13.5243
13.1126
12.7029
12.2854
11.85
11.3854
10.878
10.3226
9.7394
9.1591
8.60018
8.07549
7.60065
7.19423
6.87656
6.67028
6.59833
6.68041
6.93096
7.35507
7.9401
8.64949
9.36378
9.23165
7.75447
5.97638
3.98774
1.98128
-0.194359
-2.43616
-4.65899
-6.88702
-9.07218
-11.1972
-13.2737
-15.2892
-17.2473
-19.1513
-20.9969
-22.7802
-24.4925
-26.1206
-27.6475
-29.0506
-30.3029
-31.3789
-32.2591
-32.9484
-33.4716
-33.8307
-34.0006
-33.9515
-33.6525
-33.0711
-32.1736
-30.9276
-29.3049
-27.2837
-24.8533
-22.0219
-18.8265
-15.5053
10.5437
11.7141
12.9037
13.9989
14.8814
15.5524
15.965
16.0999
16.0107
15.7585
15.3986
14.9906
14.5678
14.1487
13.7465
13.3619
12.9915
12.6316
12.2743
11.9111
11.5329
11.1297
10.6891
10.2064
9.69925
9.19465
8.7085
8.25143
7.83631
7.47842
7.19447
7.00293
6.92255
6.96947
7.15565
7.48566
7.95001
8.52047
9.09945
8.46234
7.05413
5.36238
3.47487
1.57448
-0.482146
-2.59668
-4.68885
-6.78142
-8.82911
-10.8158
-12.7527
-14.6281
-16.4454
-18.2081
-19.9122
-21.5542
-23.1263
-24.6165
-26.0094
-27.2847
-28.4182
-29.3873
-30.1754
-30.7887
-31.2513
-31.5666
-31.7131
-31.6652
-31.3967
-30.8799
-30.0857
-28.9858
-27.5552
-25.7728
-23.6262
-21.1165
-18.2669
-15.2838
9.71614
10.8374
11.9809
13.0397
13.8995
14.5631
14.9858
15.1474
15.097
14.8926
14.5857
14.2318
13.8625
13.4953
13.1429
12.8062
12.4827
12.169
11.8585
11.5434
11.2159
10.8669
10.4855
10.0671
9.62723
9.18959
8.76779
8.37058
8.00849
7.69401
7.44076
7.26366
7.17787
7.19645
7.32916
7.58002
7.94192
8.39332
8.85508
7.75527
6.41335
4.80439
3.01359
1.21436
-0.728968
-2.72272
-4.69113
-6.65569
-8.57376
-10.4305
-12.2364
-13.9808
-15.667
-17.2982
-18.871
-20.3823
-21.825
-23.1883
-24.4582
-25.6165
-26.6416
-27.5138
-28.2187
-28.7636
-29.1717
-29.4478
-29.5732
-29.5263
-29.285
-28.8255
-28.123
-27.1531
-25.8934
-24.3244
-22.4319
-20.2119
-17.6765
-15.0038
8.95291
10.0266
11.1252
12.1482
12.9853
13.6405
14.0712
14.2565
14.2414
14.0807
13.8224
13.5181
13.1976
12.8777
12.5704
12.277
11.9955
11.7232
11.4542
11.1818
10.8991
10.598
10.2686
9.90696
9.52647
9.14785
8.78274
8.4383
8.1231
7.84726
7.62177
7.4586
7.36985
7.36597
7.45479
7.63969
7.91539
8.26559
8.62661
7.1059
5.82765
4.29806
2.59975
0.896991
-0.938527
-2.81762
-4.66882
-6.51248
-8.30849
-10.0431
-11.7263
-13.3482
-14.9121
-16.4211
-17.8722
-19.2627
-20.5861
-21.8326
-22.9899
-24.0414
-24.9678
-25.752
-26.3819
-26.8654
-27.225
-27.466
-27.5727
-27.5268
-27.3096
-26.901
-26.2799
-25.4255
-24.3177
-22.9383
-21.2728
-19.3127
-17.0615
-14.6727
8.24939
9.27707
10.3321
11.3199
12.1341
12.7798
13.2167
13.4229
13.4397
13.3188
13.1049
12.8458
12.5698
12.2928
12.0263
11.7719
11.5281
11.2926
11.0605
10.8258
10.5825
10.3234
10.0399
9.72817
9.39988
9.0731
8.75776
8.45967
8.18576
7.94415
7.74366
7.59376
7.50404
7.4827
7.5359
7.66642
7.87027
8.13517
8.41037
6.50995
5.2929
3.8394
2.22944
0.618658
-1.11429
-2.88454
-4.6248
-6.35433
-8.03539
-9.65522
-11.2234
-12.7308
-14.1808
-15.5763
-16.9147
-18.1935
-19.407
-20.5464
-21.6004
-22.5545
-23.3913
-24.0959
-24.6584
-25.0869
-25.4033
-25.6132
-25.7035
-25.6587
-25.463
-25.0996
-24.5508
-23.7985
-22.8252
-21.6143
-20.1506
-18.4229
-16.428
-14.2979
7.60128
8.5845
9.59713
10.5503
11.3415
11.9769
12.4181
12.6425
12.688
12.6031
12.4296
12.2116
11.976
11.7379
11.5082
11.2887
11.0785
10.8758
10.6763
10.4748
10.2662
10.0441
9.80072
9.53275
9.25023
8.96886
8.69706
8.43954
8.20184
7.99044
7.81236
7.675
7.58584
7.55124
7.57595
7.66212
7.80668
8.00035
8.20309
5.9635
4.80521
3.42462
1.89911
0.375974
-1.25944
-2.92644
-4.56173
-6.18353
-7.75632
-9.26842
-10.729
-12.1295
-13.4733
-14.7634
-15.9973
-17.173
-18.2854
-19.3265
-20.2862
-21.1515
-21.907
-22.5397
-23.0416
-23.4212
-23.6991
-23.8817
-23.9577
-23.914
-23.7377
-23.4146
-22.9297
-22.2677
-21.4134
-20.3513
-19.0668
-17.5463
-15.7816
-13.8864
7.00457
7.94477
8.91614
9.83525
10.6034
11.2277
11.6713
11.9115
11.9825
11.9301
11.7932
11.6125
11.4134
11.2103
11.0137
10.8254
10.6452
10.4715
10.3008
10.1286
9.9503
9.76048
9.5523
9.32262
9.08011
8.83837
8.60456
8.38242
8.17639
7.99158
7.83349
7.70788
7.62049
7.57614
7.5784
7.62884
7.72499
7.85978
8.00194
5.46282
4.36099
3.05021
1.60536
0.165764
-1.37694
-2.94602
-4.48203
-6.00212
-7.47302
-8.88399
-10.2437
-11.5445
-12.7895
-13.9817
-15.119
-16.1996
-17.2189
-18.1699
-19.0434
-19.8279
-20.5098
-21.0778
-21.5254
-21.8614
-22.1055
-22.264
-22.3275
-22.2852
-22.1263
-21.839
-21.4107
-20.8285
-20.0791
-19.1485
-18.0224
-16.6861
-15.1276
-13.4449
6.45545
7.35409
8.28535
9.17102
9.9161
10.5283
10.9728
11.2262
11.3198
11.2966
11.1927
11.0455
10.8793
10.7078
10.5407
10.3804
10.2268
10.0787
9.93332
9.78673
9.63502
9.47339
9.29585
9.09956
8.89195
8.68472
8.48394
8.29259
8.11416
7.95266
7.81238
7.6977
7.61297
7.56177
7.54668
7.56871
7.62579
7.71244
7.80452
5.00444
3.95681
2.71292
1.34511
-0.0149488
-1.46953
-2.9458
-4.38788
-5.81205
-7.1871
-8.50316
-9.76856
-10.9763
-12.1293
-13.2307
-14.2786
-15.2715
-16.2053
-17.0738
-17.8687
-18.5797
-19.195
-19.7047
-20.1038
-20.4011
-20.6153
-20.7527
-20.8056
-20.7649
-20.6217
-20.3662
-19.988
-19.4762
-18.8191
-18.0043
-17.018
-15.845
-14.4707
-12.9796
5.95044
6.80888
7.70116
8.55398
9.27591
9.87526
10.319
10.5834
10.6968
10.6996
10.6252
10.5083
10.3716
10.2283
10.0876
9.95207
9.82194
9.69651
9.57329
9.44911
9.32053
9.18344
9.03257
8.86533
8.68804
8.51078
8.33865
8.174
8.01957
7.87848
7.754
7.64944
7.56802
7.51233
7.48412
7.48394
7.50991
7.55765
7.60883
4.58516
3.58955
2.4097
1.11542
-0.168872
-1.53971
-2.92803
-4.28133
-5.61505
-6.8999
-8.12695
-9.30409
-10.4249
-11.4925
-12.5097
-13.475
-14.387
-15.2423
-16.0352
-16.7584
-17.4028
-17.9579
-18.4153
-18.7711
-19.0341
-19.222
-19.341
-19.3849
-19.3459
-19.2169
-18.9898
-18.6559
-18.206
-17.6301
-16.9171
-16.054
-15.0254
-13.8152
-12.4962
5.48624
6.30581
7.1602
7.98074
8.67949
9.26532
9.7068
9.98007
10.1106
10.1363
10.0882
9.99825
9.88795
9.76981
9.65256
9.53899
9.42962
9.32403
9.22023
9.11557
9.00712
8.89131
8.76356
8.62152
8.47053
8.31923
8.17188
8.03034
7.89673
7.77345
7.66296
7.56774
7.49008
7.43179
7.39396
7.37673
7.37831
7.39505
7.41328
4.20194
3.25628
2.13773
0.913628
-0.298537
-1.58984
-2.8948
-4.16418
-5.41261
-6.61267
-7.75625
-8.85088
-9.89073
-10.8788
-11.818
-12.7068
-13.5445
-14.3277
-15.0515
-15.7094
-16.2933
-16.7941
-17.2045
-17.5217
-17.7544
-17.9192
-18.0224
-18.0585
-18.0215
-17.9053
-17.7034
-17.4086
-17.0133
-16.5088
-15.8851
-15.1303
-14.2291
-13.1647
-11.9998
5.05979
5.84179
6.65935
7.44819
8.12377
8.69538
9.13317
9.41321
9.55831
9.60416
9.57938
9.51335
9.42648
9.33067
9.23418
9.13998
9.04884
8.96063
8.87376
8.78605
8.69503
8.59764
8.4899
8.36966
8.24142
8.11252
7.98657
7.86499
7.74941
7.64165
7.54355
7.45689
7.38328
7.32389
7.2793
7.2493
7.23209
7.22452
7.21665
3.852
2.95427
1.89438
0.737262
-0.406249
-1.62206
-2.84805
-4.03814
-5.20617
-6.32652
-7.39184
-8.40931
-9.37365
-10.2879
-11.1547
-11.973
-12.7421
-13.4592
-14.1198
-14.7182
-15.2474
-15.6992
-16.0676
-16.3504
-16.5563
-16.701
-16.7903
-16.82
-16.785
-16.6805
-16.501
-16.2409
-15.8935
-15.4516
-14.9063
-14.2466
-13.4576
-12.5224
-11.4953
4.66822
5.41391
6.1957
6.9534
7.60581
8.16258
8.59533
8.88021
9.03751
9.10077
9.09648
9.05161
8.98545
8.90936
8.83117
8.75398
8.67879
8.60572
8.53357
8.46054
8.38459
8.30309
8.21259
8.11118
8.00255
7.89297
7.78544
7.68107
7.58108
7.48682
7.39966
7.32084
7.25143
7.19212
7.14308
7.10379
7.07247
7.04621
7.01806
3.53275
2.68099
1.67722
0.583994
-0.494205
-1.63831
-2.78952
-3.90472
-4.99698
-6.04241
-7.03433
-7.97966
-8.87363
-9.71918
-10.519
-11.2722
-11.9782
-12.6346
-13.2375
-13.7819
-14.2614
-14.6691
-14.9998
-15.2521
-15.4345
-15.5614
-15.6389
-15.6633
-15.6304
-15.5364
-15.377
-15.1474
-14.8422
-14.4553
-13.9786
-13.4022
-12.712
-11.891
-10.9867
4.3089
5.0195
5.76652
6.49365
7.12291
7.66428
8.09072
8.3786
8.54583
8.62399
8.63755
8.61124
8.56329
8.50451
8.44236
8.38005
8.31877
8.25885
8.19943
8.13908
8.0761
8.00827
7.93261
7.84738
7.75564
7.66267
7.57097
7.48141
7.39487
7.31236
7.23486
7.1632
7.09804
7.03971
6.98805
6.94233
6.9007
6.86043
6.81692
3.24174
2.43407
1.48398
0.451681
-0.56438
-1.64044
-2.72082
-3.76528
-4.78613
-5.76112
-6.68426
-7.56216
-8.39052
-9.17227
-9.91001
-10.603
-11.251
-11.8518
-12.402
-12.8972
-13.3319
-13.6998
-13.9968
-14.222
-14.3836
-14.4952
-14.5625
-14.5824
-14.5518
-14.4674
-14.3258
-14.1233
-13.8552
-13.5163
-13.0998
-12.5963
-11.9928
-11.2729
-10.4775
3.97935
4.65604
5.36928
6.06641
6.67257
7.19799
7.61692
7.90608
8.08108
8.17179
8.20078
8.19064
8.15856
8.1149
8.06674
8.01738
7.96817
7.91963
7.87118
7.82173
7.76988
7.71377
7.65083
7.5795
7.50226
7.42354
7.34543
7.26858
7.19365
7.12135
7.05238
6.98725
6.92632
6.86962
6.81679
6.76691
6.71809
6.66766
6.61292
2.97673
2.21133
1.31258
0.33835
-0.618609
-1.63009
-2.64342
-3.62103
-4.57457
-5.48337
-6.34203
-7.1569
-7.92411
-8.64661
-9.32682
-9.96432
-10.5589
-11.1087
-11.6108
-12.0613
-12.4553
-12.7875
-13.0544
-13.2555
-13.3989
-13.4971
-13.5556
-13.572
-13.5436
-13.468
-13.3424
-13.1637
-12.9282
-12.6315
-12.2676
-11.828
-11.3006
-10.6697
-9.97104
3.67727
4.3212
5.00166
5.66934
6.25246
6.76144
7.17173
7.46055
7.64125
7.74233
7.78454
7.78835
7.77001
7.73945
7.70342
7.66525
7.62646
7.58771
7.54869
7.50858
7.46625
7.42015
7.3681
7.30867
7.24384
7.17732
7.11085
7.04492
6.97999
6.91658
6.85513
6.79594
6.73914
6.68457
6.63169
6.57947
6.52595
6.4685
6.40594
2.73563
2.01073
1.16105
0.242157
-0.658603
-1.6088
-2.55864
-3.47314
-4.36322
-5.20977
-6.00797
-6.76387
-7.4741
-8.14151
-8.76844
-9.35465
-9.90007
-10.4032
-10.8613
-11.2712
-11.6285
-11.9285
-12.1685
-12.3483
-12.4757
-12.5623
-12.6133
-12.6268
-12.6007
-12.533
-12.4216
-12.2641
-12.0574
-11.7977
-11.4797
-11.0961
-10.6354
-10.0828
-9.46981
3.40052
4.01282
4.66146
5.30025
5.86043
6.35251
6.7531
7.04005
7.22445
7.33387
7.38728
7.40303
7.39647
7.37717
7.35158
7.32304
7.2932
7.26284
7.23188
7.19972
7.16552
7.12795
7.08518
7.0359
6.98169
6.92561
6.8691
6.81253
6.75622
6.70052
6.64571
6.59194
6.53913
6.48703
6.43496
6.38179
6.32558
6.26365
6.19604
2.51656
1.83044
1.02765
0.161462
-0.685888
-1.57798
-2.4677
-3.32258
-4.15281
-4.94084
-5.68228
-6.38297
-7.04007
-7.65629
-8.23387
-8.77269
-9.27287
-9.73313
-10.1512
-10.5241
-10.8481
-11.1193
-11.3352
-11.4962
-11.6095
-11.6861
-11.7307
-11.742
-11.7181
-11.6577
-11.5591
-11.4203
-11.2388
-11.0116
-10.734
-10.3992
-9.99695
-9.51338
-8.97606
3.14718
3.72892
4.3467
4.95712
5.49446
5.96922
6.35911
6.64278
6.82892
6.94487
7.00768
7.03349
7.03689
7.02718
7.01051
6.9902
6.96798
6.94477
6.92067
6.89529
6.86797
6.83766
6.80278
6.76216
6.71699
6.66982
6.62182
6.57327
6.5244
6.47541
6.42648
6.37761
6.32865
6.27923
6.2286
6.17559
6.11825
6.05386
5.98342
2.31777
1.66881
0.910757
0.0947924
-0.701793
-1.53877
-2.37159
-3.17019
-3.94395
-4.67697
-5.36514
-6.01414
-6.6217
-7.19033
-7.7221
-8.21709
-8.67559
-9.09656
-9.47798
-9.8173
-10.1113
-10.3565
-10.551
-10.6953
-10.7963
-10.8642
-10.9034
-10.913
-10.8914
-10.8376
-10.7504
-10.6282
-10.4691
-10.2703
-10.0279
-9.73599
-9.38495
-8.96205
-8.49156
2.91546
3.46768
4.05551
4.63807
5.15265
5.60968
5.98789
6.26696
6.453
6.57394
6.64456
6.67865
6.6903
6.68866
6.67953
6.66621
6.65047
6.63332
6.61502
6.59538
6.57389
6.54971
6.52152
6.48825
6.45079
6.41121
6.37048
6.32881
6.28635
6.24321
6.19948
6.15508
6.10979
6.06316
6.01445
5.96242
5.90514
5.8399
5.76838
2.13746
1.52407
0.808731
0.0405953
-0.707768
-1.4924
-2.2713
-3.0167
-3.73708
-4.41841
-5.05648
-5.65713
-6.21864
-6.74304
-7.23222
-7.6866
-8.10668
-8.49155
-8.83946
-9.14821
-9.41504
-9.63687
-9.81222
-9.94182
-10.0321
-10.0924
-10.1272
-10.1354
-10.1161
-10.0685
-9.99159
-9.88419
-9.74471
-9.57097
-9.35952
-9.10502
-8.79886
-8.42929
-8.01774
2.70356
3.22735
3.78622
4.34139
4.83335
5.27224
5.63778
5.91095
6.09494
6.21978
6.29693
6.33759
6.35587
6.3609
6.35812
6.35065
6.34034
6.32828
6.31487
6.30005
6.28347
6.26446
6.24192
6.21489
6.18397
6.15086
6.11635
6.08059
6.04367
6.00565
5.96654
5.92621
5.8844
5.84064
5.79416
5.74373
5.68744
5.62258
5.55136
1.9739
1.39438
0.719712
-0.00298494
-0.705472
-1.44052
-2.16824
-2.86318
-3.53291
-4.1657
-4.75605
-5.31114
-5.82998
-6.31335
-6.76288
-7.17962
-7.56431
-7.91607
-8.23337
-8.51431
-8.75654
-8.95739
-9.11568
-9.23224
-9.31313
-9.36705
-9.39802
-9.40539
-9.38835
-9.34634
-9.27869
-9.18447
-9.06241
-8.9107
-8.72637
-8.50471
-8.23792
-7.91523
-7.55563
2.50973
3.00621
3.53716
4.06562
4.53527
4.95574
5.30775
5.57363
5.75284
5.88074
5.96354
6.00923
6.03265
6.04316
6.04568
6.04311
6.03733
6.02952
6.02018
6.00939
5.99691
5.98224
5.96445
5.94269
5.91733
5.88972
5.86052
5.82984
5.79773
5.76419
5.72919
5.6926
5.65409
5.61321
5.56919
5.52081
5.4662
5.40267
5.33282
1.82592
1.27866
0.642627
-0.0370069
-0.696066
-1.38429
-2.06349
-2.71074
-3.33253
-3.9198
-4.46395
-4.97557
-5.45477
-5.90003
-6.31258
-6.6944
-7.04649
-7.36789
-7.65719
-7.91289
-8.13289
-8.31494
-8.45811
-8.5632
-8.63597
-8.6844
-8.71229
-8.71915
-8.70436
-8.6676
-8.60834
-8.52593
-8.41933
-8.28708
-8.12661
-7.93376
-7.70149
-7.42002
-7.10617
2.33276
2.80295
3.30704
3.80934
4.25703
4.65886
4.99689
5.25438
5.42545
5.55561
5.64322
5.69244
5.71963
5.73457
5.74148
5.74297
5.74095
5.73668
5.73076
5.72334
5.71429
5.70326
5.68948
5.67218
5.65153
5.62863
5.604
5.57771
5.54978
5.52019
5.48891
5.45572
5.42034
5.38231
5.34088
5.29487
5.24246
5.18097
5.11332
1.69355
1.17722
0.578169
-0.0605538
-0.678532
-1.32253
-1.95617
-2.55883
-3.13584
-3.67982
-4.18081
-4.65274
-5.0953
-5.50434
-5.88177
-6.23088
-6.55262
-6.84581
-7.10921
-7.34175
-7.54156
-7.70669
-7.83635
-7.93135
-7.99705
-8.04086
-8.06626
-8.07292
-8.06036
-8.02847
-7.97685
-7.905
-7.8122
-7.69718
-7.55773
-7.39026
-7.18838
-6.94323
-6.66968
2.1724
2.6171
3.09468
3.57087
3.99642
4.37875
4.70237
4.95075
5.11272
5.24563
5.33649
5.38705
5.41661
5.43498
5.44531
5.44995
5.45091
5.44949
5.44636
5.44171
5.43551
5.42752
5.41714
5.40362
5.38698
5.36813
5.34743
5.32497
5.30072
5.27467
5.24674
5.2167
5.18431
5.1491
5.11036
5.06695
5.01713
4.95822
4.89345
1.57588
1.08929
0.525941
-0.0737051
-0.652397
-1.25419
-1.84444
-2.40548
-2.94033
-3.44317
-3.90447
-4.34369
-4.75388
-5.12725
-5.47032
-5.78868
-6.08219
-6.34898
-6.58827
-6.79939
-6.98076
-7.13052
-7.248
-7.33409
-7.39369
-7.43361
-7.45714
-7.46396
-7.45372
-7.42651
-7.38193
-7.3196
-7.23911
-7.13938
-7.01847
-6.87326
-6.69809
-6.48495
-6.24701
2.02776
2.44759
2.8989
3.3486
3.75132
4.11245
4.42082
4.65745
4.81119
4.95201
5.04471
5.09311
5.1235
5.14468
5.15771
5.16469
5.1679
5.16872
5.16782
5.16539
5.16149
5.15596
5.14833
5.13793
5.12467
5.10922
5.09188
5.07271
5.05169
5.02877
5.00386
4.97678
4.94724
4.91479
4.87877
4.83809
4.79107
4.73509
4.67355
1.4851
1.02157
0.485024
-0.0831564
-0.629039
-1.19343
-1.74048
-2.2567
-2.73914
-3.1957
-3.5888
-4.00877
-4.40992
-4.76292
-5.08606
-5.3892
-5.66942
-5.92338
-6.1508
-6.35142
-6.52367
-6.66575
-6.77698
-6.85838
-6.91465
-6.95233
-6.9748
-6.98169
-6.97315
-6.94941
-6.90867
-6.85244
-6.78022
-6.69084
-6.58251
-6.45248
-6.29567
-6.1048
-5.89201
1.9159
2.31502
2.74413
3.16733
3.54366
3.87378
4.14988
4.34661
4.47578
4.66
4.77183
4.82441
4.86077
4.88931
4.90811
4.91938
4.92616
4.93021
4.93218
4.93244
4.93115
4.92827
4.92345
4.91607
4.90593
4.89344
4.87888
4.86232
4.84375
4.82311
4.80034
4.7753
4.74767
4.71713
4.683
4.64421
4.59918
4.54526
4.48611
1.41328
0.96847
0.453972
-0.0879701
-0.604995
-1.13422
-1.63894
-2.10767
-2.53139
-2.93556
-3.24347
-3.65872
-4.06707
-4.41034
-4.72318
-5.02111
-5.2977
-5.54779
-5.77142
-5.96863
-6.13784
-6.27718
-6.38603
-6.46548
-6.52033
-6.55713
-6.57943
-6.58663
-6.57953
-6.55849
-6.51936
-6.46669
-6.39984
-6.31721
-6.21713
-6.0973
-5.95308
-5.7775
-5.58175
1.82642
2.20762
2.61564
3.01201
3.35877
3.65086
3.88376
4.02626
4.12011
4.36575
4.51016
4.57308
4.61921
4.6582
4.68519
4.70243
4.71399
4.72211
4.72764
4.73107
4.73275
4.73281
4.73101
4.72678
4.71975
4.71011
4.69807
4.68379
4.66726
4.64846
4.62731
4.60369
4.57733
4.54792
4.51481
4.47698
4.43289
4.37977
4.3213
1.34352
0.917716
0.425678
-0.0895645
-0.577444
-1.07115
-1.53411
-1.95589
-2.32388
-2.67652
-2.9046
-3.31093
-3.72367
-4.05677
-4.35783
-4.64877
-4.92064
-5.16612
-5.38533
-5.57868
-5.74467
-5.88118
-5.98774
-6.06545
-6.11905
-6.15516
-6.1775
-6.18524
-6.17981
-6.16192
-6.12491
-6.0763
-6.01542
-5.94001
-5.84851
-5.73904
-5.60745
-5.44735
-5.27078
1.73873
2.10197
2.48879
2.85851
3.17638
3.43093
3.6225
3.71345
3.77248
4.06754
4.24407
4.31745
4.37156
4.41981
4.45462
4.47758
4.49365
4.50559
4.51453
4.52104
4.52558
4.52846
4.52959
4.52844
4.52445
4.51755
4.508
4.49593
4.48139
4.4644
4.44492
4.42286
4.39804
4.37011
4.33847
4.30212
4.25953
4.20803
4.15223
1.27621
0.869487
0.400153
-0.0882727
-0.546948
-1.0051
-1.42719
-1.8026
-2.11823
-2.4181
-2.57484
-2.96712
-3.37943
-3.70228
-3.99101
-4.27327
-4.53916
-4.77932
-4.9936
-5.18271
-5.3452
-5.47882
-5.58316
-5.65927
-5.71184
-5.74741
-5.76983
-5.77794
-5.77393
-5.75859
-5.72305
-5.6776
-5.6217
-5.55253
-5.46869
-5.36875
-5.24887
-5.10232
-4.93815
1.65335
1.99877
2.36447
2.70797
2.99777
3.21531
3.36776
3.40913
3.43514
3.76597
3.97275
4.05774
4.11863
4.17472
4.21678
4.24529
4.26562
4.2811
4.29315
4.30251
4.30976
4.31532
4.31925
4.32109
4.32006
4.31592
4.3089
4.29911
4.28661
4.27139
4.25337
4.2325
4.20863
4.18149
4.15057
4.11498
4.07318
4.02206
3.96474
1.21195
0.824209
0.377598
-0.0841515
-0.513878
-0.936856
-1.31926
-1.64917
-1.91589
-2.16143
-2.2561
-2.62909
-3.03504
-3.34685
-3.62288
-3.89504
-4.15355
-4.38765
-4.59654
-4.78113
-4.93997
-5.07077
-5.1729
-5.24748
-5.29934
-5.33508
-5.35873
-5.36885
-5.36823
-5.35767
-5.32629
-5.28656
-5.23786
-5.17686
-5.10212
-5.01255
-4.90516
-4.7752
-4.63693
1.57108
1.89894
2.24377
2.56164
2.82426
3.00518
3.12053
3.11248
3.1078
3.46168
3.69541
3.79324
3.8605
3.92315
3.97162
4.00535
4.0298
4.04876
4.06385
4.07592
4.0857
4.09375
4.10026
4.10486
4.10659
4.10502
4.10037
4.09287
4.0827
4.06991
4.05454
4.03654
4.01571
3.99165
3.96379
3.93114
3.89248
3.8458
3.79817
1.15125
0.782158
0.357911
-0.0775705
-0.478943
-0.867497
-1.21174
-1.49742
-1.71858
-1.90824
-1.94959
-2.29802
-2.69107
-2.99039
-3.25345
-3.51431
-3.7641
-3.99127
-4.19431
-4.3741
-4.52933
-4.6577
-4.75823
-4.83157
-4.88202
-4.91622
-4.93848
-4.94722
-4.94583
-4.93524
-4.90326
-4.86457
-4.81875
-4.76223
-4.69381
-4.61253
-4.51463
-4.39227
-4.2482
1.4927
1.80348
2.12777
2.42088
2.65708
2.8017
2.88175
2.8228
2.78898
3.15507
3.41164
3.52306
3.59704
3.66576
3.71997
3.75816
3.78604
3.80808
3.82619
3.84116
3.85367
3.86436
3.87359
3.88106
3.88568
3.88673
3.88419
3.87822
3.86889
3.85616
3.84006
3.82069
3.79815
3.77242
3.74323
3.7097
3.66993
3.61928
3.5571
1.09469
0.74334
0.340519
-0.0696926
-0.44354
-0.798761
-1.10632
-1.34906
-1.52761
-1.6601
-1.65625
-1.97475
-2.34827
-2.63305
-2.88242
-3.13076
-3.37067
-3.59024
-3.78704
-3.9616
-4.11272
-4.23829
-4.33784
-4.41273
-4.4672
-4.50706
-4.53639
-4.55333
-4.56165
-4.56211
-4.54036
-4.51242
-4.47779
-4.43232
-4.37474
-4.30493
-4.22221
-4.12623
-4.03926
1.41932
1.71383
2.01814
2.28739
2.49716
2.60485
2.65037
2.53752
2.47499
2.84574
3.12157
3.24619
3.32664
3.40146
3.46226
3.50561
3.53657
3.56033
3.57982
3.5964
3.61089
3.62388
3.63577
3.64623
3.65424
3.65918
3.66122
3.66069
3.65778
3.65252
3.64485
3.63453
3.62119
3.60414
3.58271
3.55623
3.52472
3.48917
3.46332
1.04292
0.707777
0.324632
-0.0620524
-0.409765
-0.733097
-1.00497
-1.20546
-1.34367
-1.41836
-1.37643
-1.6597
-2.00726
-2.27498
-2.50934
-2.7435
-2.97197
-3.18331
-3.37431
-3.54477
-3.69281
-3.81511
-3.90938
-3.97576
-4.01944
-4.04828
-4.06687
-4.0733
-4.07155
-4.06226
-4.03215
-3.99878
-3.96172
-3.91691
-3.86303
-3.799
-3.71906
-3.61003
-3.45907
1.35216
1.63161
1.91694
2.16342
2.3457
2.41489
2.42538
2.25374
2.15986
2.53109
2.82557
2.96406
3.04966
3.12746
3.19313
3.24332
3.28139
3.31075
3.33363
3.35174
3.36672
3.37991
3.3921
3.40278
3.41006
3.41265
3.41059
3.40417
3.39356
3.37894
3.36066
3.33919
3.31505
3.28863
3.25998
3.22793
3.18835
3.13155
3.04646
0.996583
0.67628
0.311033
-0.054389
-0.378235
-0.672361
-0.91028
-1.0703
-1.17098
-1.18703
-1.11068
-1.35294
-1.66833
-1.91624
-2.13428
-2.35242
-2.56666
-2.76679
-2.94994
-3.11648
-3.26559
-3.39557
-3.50558
-3.596
-3.6677
-3.72358
-3.76865
-3.80146
-3.82779
-3.84783
-3.84252
-3.8311
-3.81402
-3.78648
-3.74764
-3.69928
-3.64641
-3.59887
-3.59863
1.29168
1.55737
1.82527
2.05109
2.2058
2.2381
2.21424
1.97303
1.83764
2.20499
2.51868
2.6769
2.77442
2.85554
2.91776
2.96268
2.99886
3.03216
3.06356
3.09215
3.11748
3.13996
3.16076
3.18121
3.2018
3.22128
3.23857
3.25365
3.26637
3.27653
3.28364
3.28705
3.28602
3.27996
3.26844
3.25198
3.23414
3.22378
3.24884
0.956096
0.649772
0.3012
-0.0449176
-0.347752
-0.616993
-0.825417
-0.951635
-1.01987
-0.97326
-0.860354
-1.05632
-1.33226
-1.55533
-1.75543
-1.95818
-2.15886
-2.34656
-2.51668
-2.66793
-2.79765
-2.901
-2.97362
-3.01431
-3.03432
-3.0472
-3.05528
-3.05455
-3.04675
-3.03291
-3.00256
-2.97259
-2.94248
-2.9088
-2.86968
-2.82179
-2.75263
-2.6366
-2.43048
1.23793
1.49093
1.74328
1.95142
2.08109
2.08522
2.02848
1.6964
1.50565
1.86507
2.18805
2.36275
2.48479
2.59459
2.67858
2.72835
2.75063
2.75758
2.75931
2.76161
2.76681
2.77544
2.78641
2.79536
2.7965
2.79005
2.77891
2.76393
2.74555
2.72437
2.70126
2.67723
2.65311
2.62919
2.60446
2.57578
2.53357
2.45733
2.31535
0.921977
0.625421
0.289209
-0.041242
-0.326145
-0.573271
-0.754314
-0.851782
-0.886446
-0.769224
-0.621921
-0.774059
-1.00484
-1.19291
-1.36561
-1.54809
-1.73877
-1.92912
-2.11481
-2.29432
-2.4668
-2.63258
-2.79214
-2.94098
-3.06308
-3.15307
-3.22542
-3.28368
-3.34077
-3.3935
-3.41635
-3.42688
-3.43052
-3.4242
-3.40741
-3.38511
-3.37381
-3.40214
-3.54658
1.19443
1.43773
1.67687
1.86765
1.9707
1.94803
1.83915
1.39109
1.15574
1.52549
1.84862
2.01087
2.11794
2.22766
2.34472
2.46211
2.5725
2.66691
2.74047
2.79374
2.83071
2.85638
2.8778
2.90588
2.94845
2.99763
3.04328
3.0834
3.11816
3.14735
3.17004
3.18495
3.1914
3.18941
3.18099
3.17071
3.1723
3.21148
3.33891
0.896165
0.596225
0.258495
-0.0672998
-0.339859
-0.563108
-0.706871
-0.759589
-0.731673
-0.534286
-0.378563
-0.500749
-0.693812
-0.847722
-0.980066
-1.10934
-1.23697
-1.35903
-1.47239
-1.57298
-1.65325
-1.7014
-1.70845
-1.67942
-1.65039
-1.6416
-1.64258
-1.63538
-1.61496
-1.59894
-1.56455
-1.53436
-1.51417
-1.49555
-1.47347
-1.44339
-1.38139
-1.24599
-0.942012
1.17071
1.4128
1.64347
1.81265
1.87468
1.79445
1.56363
0.987506
0.755004
1.17742
1.55769
1.77126
1.8734
1.89458
1.85088
1.77314
1.69247
1.63364
1.60397
1.60037
1.616
1.64497
1.67832
1.69817
1.68938
1.66519
1.64235
1.62227
1.60377
1.58633
1.57138
1.5606
1.55493
1.55408
1.55544
1.55126
1.52009
1.42078
1.19142
0.882074
0.566512
0.213168
-0.121534
-0.391101
-0.593517
-0.695295
-0.686939
-0.566608
-0.287607
-0.128449
-0.209085
-0.36312
-0.520563
-0.687275
-0.866263
-1.0578
-1.26176
-1.47984
-1.71625
-1.97657
-2.26231
-2.55827
-2.82973
-3.01943
-3.13008
-3.23539
-3.32047
-3.45834
-3.66825
-3.59023
-3.5822
-3.62959
-3.66068
-3.66627
-3.67004
-3.70963
-3.83476
-4.14415
1.16926
1.41902
1.64834
1.7974
1.81299
1.65121
1.25025
0.562988
0.284571
0.659616
1.09605
1.53246
1.96099
2.37304
2.72261
2.98251
3.15726
3.25348
3.29024
3.2889
3.26736
3.23925
3.22392
3.25408
3.34466
3.45011
3.53271
3.59564
3.64693
3.68831
3.71739
3.73271
3.73495
3.72654
3.71321
3.70657
3.73604
3.84719
4.11683
127.28
124.112
120.208
115.672
110.434
104.596
98.4554
92.3165
86.3221
80.4923
74.8201
69.3082
63.9677
58.8107
53.8457
49.0789
44.514
40.1528
35.996
32.0427
28.29
24.7349
21.3727
18.1988
15.2079
12.3946
9.75363
7.27995
4.96944
2.81762
0.820808
-1.02424
-2.72101
-4.27221
-5.68065
-6.94942
-8.08154
-9.08055
-9.95028
-10.695
-11.3194
-11.8289
-12.2292
-12.5263
-12.7272
-12.8388
-12.8684
-12.8233
-12.7109
-12.5387
-12.3139
-12.0436
-11.7344
-11.3928
-11.0246
-10.6355
-10.2303
-9.81368
-9.38952
-8.96136
-8.53227
-8.10482
-7.68127
-7.26335
-6.85273
-6.45027
-6.0575
-5.72503
-5.42892
-5.13625
-4.8107
-4.53727
-4.13372
-3.98584
-3.3351
-3.61331
-2.27064
-3.6494
-0.755081
-4.34763
127.055
123.114
118.443
113.527
108.387
103.138
97.9164
92.8105
87.8368
83.0097
78.3378
73.8278
69.4885
65.3261
61.3452
57.549
53.9389
50.5151
47.2761
44.2186
41.3389
38.6317
36.0912
33.7112
31.4847
29.4053
27.4659
25.6599
23.9809
22.4228
20.9799
19.6465
18.4171
17.2865
16.2495
15.3011
14.4359
13.6488
12.9345
12.2875
11.7025
11.174
10.6966
10.2647
9.87332
9.51721
9.19153
8.89171
8.61345
8.35287
8.10645
7.87106
7.644
7.42294
7.20594
6.99145
6.77822
6.56533
6.35215
6.13828
5.92353
5.70785
5.49135
5.2742
5.05669
4.83929
4.62205
4.43683
4.27217
4.1064
3.91568
3.761
3.50225
3.44616
2.97364
3.26849
2.20982
3.41688
1.04207
4.23492
49.4296
48.8805
48.6621
48.4786
48.2489
47.9327
47.4845
46.8697
46.0599
45.0445
43.8323
42.4385
40.8785
39.1681
37.3235
35.3615
33.3004
31.1588
28.9553
26.7083
24.4363
22.1567
19.8857
17.6387
15.4296
13.2708
11.1732
9.14612
7.1978
5.33471
3.56246
1.88574
0.307866
-1.16814
-2.54004
-3.80639
-4.96616
-6.01909
-6.96537
-7.80586
-8.54202
-9.17611
-9.71093
-10.1498
-10.4969
-10.7569
-10.9349
-11.0364
-11.0671
-11.0333
-10.941
-10.7965
-10.606
-10.3753
-10.1103
-9.81641
-9.4987
-9.16191
-8.81032
-8.44784
-8.07795
-7.70367
-7.32771
-6.95227
-6.57945
-6.21065
-5.84744
-5.53845
-5.26097
-4.98808
-4.67774
-4.42413
-4.03131
-3.90256
-3.26293
-3.54696
-2.24167
-3.57178
-0.807152
-4.22844
49.7474
49.8415
50.3232
50.8379
51.2199
51.4332
51.4536
51.2674
50.8727
50.2851
49.5192
48.5888
47.5111
46.3013
44.9764
43.5536
42.0499
40.4822
38.8679
37.2235
35.5647
33.9058
32.2604
30.6405
29.0565
27.5171
26.0298
24.6004
23.2331
21.9311
20.6965
19.5303
18.4327
17.4033
16.4412
15.545
14.7128
13.9424
13.2312
12.5764
11.9749
11.4234
10.9182
10.4558
10.0323
9.64383
9.28661
8.95684
8.65086
8.3652
8.0966
7.84207
7.59889
7.36466
7.13727
6.91495
6.69621
6.47987
6.26501
6.05095
5.83723
5.62357
5.40986
5.1961
4.98241
4.76918
4.55622
4.375
4.21356
4.05208
3.86412
3.71474
3.45856
3.4061
2.94301
3.22587
2.20677
3.35606
1.0841
4.12381
22.6175
22.3733
22.1521
21.9018
21.646
21.4001
21.1657
20.9425
20.7252
20.5092
20.2871
20.0469
19.7759
19.4617
19.0938
18.6624
18.16
17.5808
16.9205
16.1774
15.352
14.4465
13.4653
12.4148
11.303
10.1391
8.93354
7.69731
6.44215
5.17958
3.92102
2.67769
1.45982
0.277157
-0.861458
-1.94822
-2.97619
-3.93953
-4.83329
-5.65353
-6.39735
-7.06291
-7.64929
-8.15625
-8.58472
-8.9363
-9.21326
-9.41868
-9.55619
-9.62995
-9.64448
-9.60458
-9.51527
-9.3816
-9.20863
-9.00136
-8.76457
-8.50284
-8.22044
-7.92138
-7.60932
-7.28754
-6.95905
-6.62636
-6.29188
-5.95753
-5.6247
-5.33999
-5.08212
-4.82925
-4.53635
-4.30056
-3.92542
-3.80557
-3.19698
-3.45787
-2.23389
-3.45845
-0.887474
-4.05702
22.7092
22.6852
22.752
22.8383
22.9661
23.1526
23.3861
23.6539
23.9465
24.2536
24.5592
24.8476
25.1058
25.3203
25.4805
25.5767
25.6015
25.5492
25.4161
25.201
24.9042
24.5281
24.077
23.5568
22.9746
22.3386
21.6575
20.9406
20.1973
19.4367
18.6675
17.8979
17.135
16.3855
15.6549
14.9479
14.2681
13.6186
13.0014
12.4177
11.8683
11.353
10.8714
10.4223
10.0042
9.61526
9.25336
8.91613
8.6011
8.30576
8.0276
7.76417
7.51314
7.27238
7.0399
6.81399
6.59312
6.37602
6.16165
5.94917
5.73794
5.52752
5.31764
5.10819
4.89914
4.6908
4.48279
4.30612
4.14854
3.99158
3.80782
3.66229
3.41334
3.35763
2.91667
3.16989
2.21554
3.2741
1.14443
3.99272
22.1452
22.0158
21.848
21.6265
21.3478
21.0089
20.6135
20.1752
19.7057
19.2111
18.6941
18.1567
17.6012
17.0296
16.4431
15.8416
15.2251
14.5923
13.9414
13.2701
12.5764
11.8575
11.1114
10.3362
9.53093
8.69534
7.83031
6.93769
6.02077
5.08362
4.13154
3.17078
2.20805
1.25066
0.306241
-0.617659
-1.51356
-2.37443
-3.19368
-3.96541
-4.68458
-5.34698
-5.94918
-6.48845
-6.96328
-7.37289
-7.71733
-7.99754
-8.2151
-8.37235
-8.47215
-8.5178
-8.51309
-8.462
-8.36875
-8.23764
-8.07296
-7.87894
-7.65967
-7.41904
-7.16074
-6.88813
-6.6044
-6.3123
-6.01441
-5.71311
-5.40961
-5.1482
-4.90873
-4.67457
-4.39809
-4.17934
-3.8202
-3.71123
-3.12656
-3.37749
-2.20865
-3.37064
-0.921605
-3.93849
22.2172
22.248
22.2603
22.2377
22.1876
22.1121
22.0121
21.8939
21.7649
21.6298
21.491
21.3509
21.2116
21.0736
20.9368
20.8001
20.6612
20.5173
20.3647
20.1996
20.0177
19.8149
19.5872
19.3314
19.0449
18.7259
18.3738
17.989
17.5728
17.1278
16.6574
16.1655
15.6568
15.1363
14.609
14.0798
13.5535
13.0345
12.5267
12.0332
11.5569
11.0998
10.6634
10.2485
9.85547
9.48415
9.13393
8.80379
8.49247
8.19847
7.92014
7.6557
7.40339
7.16148
6.92828
6.70225
6.482
6.26627
6.05401
5.84432
5.63651
5.43003
5.22452
5.01975
4.8156
4.61231
4.40934
4.2371
4.08316
3.93039
3.75055
3.60897
3.36594
3.30995
2.88399
3.1212
2.20681
3.21365
1.16625
3.90775
20.29
20.1787
20.0539
19.9149
19.755
19.5673
19.3459
19.0899
18.8018
18.4794
18.1202
17.7228
17.2874
16.8141
16.3037
15.7569
15.1756
14.5616
13.9169
13.2438
12.5449
11.8222
11.0783
10.3153
9.53526
8.74004
7.93153
7.11145
6.28185
5.44466
4.60224
3.75743
2.91324
2.07331
1.2417
0.422803
-0.378631
-1.15774
-1.90944
-2.62879
-3.311
-3.95165
-4.54674
-5.09278
-5.5871
-6.02757
-6.41281
-6.74223
-7.01585
-7.23446
-7.39949
-7.51285
-7.57704
-7.59493
-7.56979
-7.50508
-7.40441
-7.27148
-7.11
-6.92361
-6.71581
-6.48993
-6.24916
-5.99636
-5.73421
-5.46543
-5.19098
-4.95271
-4.73153
-4.51596
-4.25585
-4.05447
-3.71045
-3.61493
-3.04904
-3.30013
-2.16929
-3.29529
-0.929336
-3.84555
20.3619
20.4058
20.4523
20.5024
20.5508
20.588
20.6067
20.6045
20.5803
20.5328
20.4607
20.3637
20.2421
20.096
19.9266
19.7349
19.5229
19.292
19.0442
18.7814
18.505
18.2167
17.9175
17.6082
17.2892
16.9608
16.6228
16.275
15.9171
15.5491
15.1709
14.783
14.386
13.9812
13.57
13.1544
12.7366
12.3189
11.9037
11.4937
11.091
10.6978
10.3158
9.94667
9.59137
9.25065
8.92483
8.61387
8.31742
8.03483
7.76522
7.50753
7.26059
7.02313
6.79388
6.57159
6.35509
6.14327
5.93516
5.72991
5.52682
5.32533
5.12503
4.92564
4.72694
4.52917
4.33163
4.16405
4.01391
3.86544
3.68961
3.55232
3.31456
3.26037
2.84534
3.07426
2.18704
3.1614
1.16827
3.83894
15.8627
15.7562
15.6446
15.5279
15.4005
15.2605
15.1062
14.9355
14.7514
14.5532
14.3386
14.106
13.8536
13.5792
13.2809
12.9565
12.6043
12.2228
11.8108
11.3677
10.8934
10.3879
9.85199
9.28694
8.69428
8.07603
7.43455
6.77237
6.09242
5.39759
4.69102
3.976
3.25577
2.53375
1.81352
1.09872
0.393209
-0.299111
-0.974096
-1.62767
-2.25576
-2.8544
-3.41979
-3.94835
-4.43702
-4.88298
-5.28404
-5.63855
-5.9454
-6.20415
-6.41498
-6.57857
-6.6962
-6.76962
-6.80104
-6.79297
-6.74823
-6.66984
-6.56095
-6.42475
-6.26444
-6.08312
-5.88385
-5.66949
-5.44263
-5.20629
-4.96108
-4.74632
-4.54395
-4.34754
-4.10461
-3.92115
-3.59315
-3.5116
-2.96546
-3.21686
-2.12527
-3.21398
-0.934323
-3.74427
15.9212
15.941
15.9688
16.0056
16.0483
16.0932
16.1368
16.1777
16.2155
16.2493
16.2776
16.2986
16.3106
16.3116
16.2998
16.2735
16.2309
16.1705
16.0914
15.9926
15.8736
15.7344
15.5751
15.3963
15.1988
14.9838
14.7523
14.5056
14.2451
13.9721
13.6878
13.3934
13.0901
12.779
12.4612
12.138
11.8106
11.4804
11.1488
10.8173
10.4875
10.1609
9.83902
9.52322
9.21469
8.91444
8.62323
8.34155
8.06967
7.80755
7.55498
7.31149
7.07649
6.84922
6.62883
6.41447
6.20523
6.00026
5.79875
5.59998
5.40331
5.20823
5.01431
4.82131
4.62894
4.43744
4.24603
4.08365
3.93783
3.79407
3.62281
3.49014
3.2582
3.20598
2.80259
3.02277
2.16434
3.10351
1.16949
3.76154
12.2931
12.2073
12.1181
12.0235
11.9181
11.8008
11.6711
11.5271
11.3716
11.2069
11.0325
10.848
10.6529
10.4464
10.2279
9.99652
9.75116
9.4908
9.21414
8.91983
8.60665
8.27328
7.91851
7.54141
7.14124
6.71767
6.27063
5.80051
5.30822
4.795
4.26262
3.7133
3.14952
2.5742
1.9905
1.40182
0.811799
0.224123
-0.357278
-0.928512
-1.48567
-2.02489
-2.54239
-3.03449
-3.49785
-3.92931
-4.32609
-4.68585
-5.00664
-5.28711
-5.5264
-5.72416
-5.8806
-5.9964
-6.07275
-6.11122
-6.11378
-6.08266
-6.02034
-5.92947
-5.8128
-5.6731
-5.51312
-5.33563
-5.14302
-4.93852
-4.72229
-4.53108
-4.34772
-4.17069
-3.94548
-3.78014
-3.46917
-3.40128
-2.87684
-3.12676
-2.07822
-3.12498
-0.937735
-3.63293
12.3419
12.3619
12.3883
12.4191
12.4523
12.4868
12.5205
12.5533
12.5858
12.6183
12.6506
12.6824
12.7132
12.7426
12.7699
12.7944
12.815
12.8305
12.8397
12.8413
12.8338
12.8158
12.7856
12.7422
12.6842
12.6107
12.521
12.4147
12.2917
12.152
11.9962
11.825
11.6392
11.4401
11.2286
11.0063
10.7744
10.5345
10.2878
10.0359
9.78032
9.52236
9.26349
9.00502
8.74817
8.49411
8.2438
7.99805
7.75747
7.52248
7.29332
7.07004
6.85248
6.64035
6.43325
6.23068
6.03206
5.83681
5.64434
5.45411
5.2656
5.07839
4.89212
4.70655
4.52143
4.337
4.15243
3.99582
3.85481
3.71618
3.55004
3.42224
3.19688
3.14642
2.75599
2.96611
2.13917
3.03937
1.17024
3.67685
10.1311
10.0657
9.99763
9.92526
9.84501
9.75565
9.65639
9.5456
9.42289
9.29131
9.15082
9.00079
8.84073
8.67025
8.48899
8.29646
8.09228
7.87608
7.6474
7.40579
7.15088
6.88217
6.59914
6.30131
5.98816
5.65923
5.31407
4.95236
4.57399
4.17896
3.76759
3.34055
2.89875
2.44353
1.9766
1.50004
1.01628
0.528033
0.038353
-0.449543
-0.932266
-1.40633
-1.86821
-2.31435
-2.74139
-3.14605
-3.52528
-3.87635
-4.19682
-4.4847
-4.73839
-4.95673
-5.13911
-5.28528
-5.39558
-5.47069
-5.51175
-5.52024
-5.49793
-5.44684
-5.3692
-5.26736
-5.14372
-5.00079
-4.8407
-4.66678
-4.47869
-4.31054
-4.14597
-3.98809
-3.78069
-3.6333
-3.33986
-3.28535
-2.78347
-3.03158
-2.02645
-3.03203
-0.934523
-3.51973
10.1733
10.1988
10.2292
10.2628
10.2988
10.3361
10.3726
10.4079
10.4425
10.4763
10.509
10.5406
10.5706
10.599
10.6254
10.6497
10.6715
10.6905
10.7064
10.7189
10.7273
10.7311
10.7296
10.7222
10.7078
10.6857
10.6548
10.6144
10.5633
10.501
10.4266
10.3398
10.2402
10.1277
10.0026
9.86517
9.71607
9.55609
9.38617
9.20737
9.02087
8.82787
8.62963
8.42736
8.22227
8.01552
7.80814
7.60107
7.39514
7.19101
6.98921
6.7901
6.5939
6.40065
6.2103
6.02267
5.83751
5.65448
5.47325
5.29344
5.11472
4.93676
4.7593
4.58218
4.40516
4.22856
4.05148
3.90112
3.76534
3.63216
3.47161
3.34887
3.13065
3.082
2.70508
2.90524
2.10974
2.97178
1.16611
3.5912
8.59452
8.54177
8.48693
8.42928
8.36631
8.29703
8.22068
8.13644
8.04258
7.94056
7.83159
7.71502
7.59029
7.45689
7.31434
7.16205
6.99948
6.8261
6.64141
6.44492
6.23624
6.01497
5.78078
5.53345
5.27275
4.99857
4.71082
4.4095
4.09471
3.76658
3.42537
3.07151
2.70549
2.32803
1.94007
1.54275
1.13752
0.726053
0.31034
-0.107383
-0.52465
-0.938771
-1.34692
-1.74609
-2.13331
-2.50556
-2.85992
-3.19362
-3.50404
-3.78891
-4.04621
-4.27425
-4.47183
-4.63804
-4.77248
-4.87514
-4.94639
-4.98702
-4.99812
-4.98109
-4.93762
-4.86955
-4.77887
-4.66781
-4.5381
-4.39315
-4.23199
-4.08615
-3.93989
-3.80073
-3.61103
-3.48127
-3.20562
-3.16425
-2.68521
-2.93191
-1.96908
-2.93636
-0.923448
-3.40719
8.63093
8.65626
8.68548
8.71771
8.75267
8.78961
8.82671
8.8635
8.90028
8.93708
8.97359
9.00961
9.04484
9.07899
9.11175
9.14275
9.17168
9.19813
9.2218
9.24228
9.25923
9.2723
9.28111
9.28531
9.28454
9.27841
9.26648
9.24834
9.22352
9.19153
9.15187
9.10406
9.04763
8.98217
8.90732
8.8229
8.72879
8.62503
8.51185
8.38957
8.25874
8.11998
7.97403
7.82173
7.66395
7.50161
7.3356
7.16678
6.99597
6.82389
6.65119
6.47837
6.30585
6.13393
5.96277
5.79245
5.62297
5.45422
5.28606
5.11833
4.95084
4.7834
4.61586
4.44815
4.28007
4.112
3.94305
3.79941
3.66927
3.54186
3.38732
3.26986
3.05925
3.01257
2.64939
2.84024
2.07527
2.90146
1.1561
3.50564
7.27053
7.22604
7.17993
7.13192
7.08
7.02341
6.96145
6.89368
6.81894
6.73674
6.64877
6.55519
6.45548
6.34925
6.23612
6.11565
5.98736
5.8508
5.70546
5.55083
5.38643
5.21176
5.02635
4.82978
4.62164
4.40162
4.16946
3.92502
3.66824
3.39914
3.11792
2.82488
2.52043
2.20515
1.87976
1.54513
1.20233
0.852585
0.497341
0.138225
-0.222938
-0.584134
-0.943184
-1.29769
-1.64523
-1.98322
-2.30909
-2.62028
-2.91429
-3.1888
-3.44167
-3.67094
-3.87504
-4.05262
-4.20278
-4.3249
-4.41878
-4.48458
-4.52279
-4.53423
-4.52003
-4.48154
-4.42027
-4.33815
-4.23647
-4.11861
-3.98297
-3.85849
-3.72996
-3.60894
-3.43671
-3.32419
-3.06646
-3.03797
-2.58195
-2.82753
-1.90617
-2.83736
-0.905708
-3.29401
7.30199
7.3248
7.35079
7.37946
7.41056
7.44366
7.47741
7.51136
7.54591
7.58112
7.61682
7.65294
7.68929
7.72571
7.762
7.79792
7.83321
7.86754
7.90064
7.93211
7.96158
7.98865
8.01289
8.03387
8.05117
8.06434
8.07294
8.0766
8.07489
8.06745
8.0539
8.03391
8.00716
7.97333
7.93215
7.88338
7.82682
7.76231
7.68979
7.60926
7.52083
7.42469
7.32115
7.2106
7.09352
6.97046
6.84203
6.70885
6.57158
6.43082
6.28719
6.1412
5.99334
5.844
5.69348
5.54203
5.38979
5.23685
5.08324
4.92894
4.77392
4.61812
4.4615
4.30408
4.14572
3.9869
3.82671
3.69024
3.56616
3.44484
3.29676
3.18482
2.98227
2.93778
2.58862
2.7707
2.03572
2.82776
1.14103
3.41874
6.14876
6.11107
6.07213
6.03181
5.98847
5.94149
5.89033
5.83447
5.77347
5.70619
5.63326
5.55577
5.4735
5.38608
5.29321
5.19458
5.08986
4.97871
4.86078
4.73568
4.60306
4.46251
4.31365
4.1561
3.98945
3.81335
3.62744
3.43144
3.22509
3.00819
2.78066
2.54252
2.29388
2.03499
1.76625
1.48821
1.20161
0.907302
0.606386
0.300089
-0.0101805
-0.322842
-0.636161
-0.948201
-1.25697
-1.5603
-1.85597
-2.14172
-2.41527
-2.67442
-2.91704
-3.14113
-3.34492
-3.52683
-3.68558
-3.82018
-3.92995
-4.01456
-4.07397
-4.10849
-4.11873
-4.10558
-4.07007
-4.01379
-3.93754
-3.84468
-3.73289
-3.62863
-3.51706
-3.41347
-3.25834
-3.16251
-2.92267
-2.90669
-2.47385
-2.71835
-1.83795
-2.73457
-0.88217
-3.179
6.17609
6.19679
6.22015
6.24573
6.27334
6.30271
6.33288
6.36344
6.3948
6.42703
6.46002
6.49377
6.52816
6.56311
6.59853
6.6343
6.67027
6.70627
6.74212
6.77761
6.81248
6.84647
6.87926
6.91051
6.93987
6.96693
6.99125
7.01242
7.02998
7.04349
7.05248
7.05653
7.05524
7.0482
7.03508
7.01558
6.9894
6.95634
6.91621
6.86891
6.81439
6.75263
6.68372
6.6078
6.52507
6.43583
6.34041
6.23921
6.13266
6.0212
5.90531
5.78544
5.66202
5.53546
5.40609
5.27424
5.14013
5.00397
4.8659
4.72603
4.58443
4.44118
4.29631
4.14995
4.00202
3.85306
3.70222
3.57337
3.45573
3.34083
3.19963
3.09347
2.89943
2.85735
2.52252
2.69627
1.99106
2.75018
1.12144
3.32954
5.24418
5.21227
5.17935
5.14545
5.10923
5.07018
5.02791
4.98187
4.93176
4.87692
4.81672
4.75221
4.68384
4.61129
4.53426
4.4525
4.36574
4.27371
4.17612
4.07267
3.96308
3.84703
3.72422
3.59435
3.45712
3.31225
3.15944
2.99844
2.82902
2.65095
2.46408
2.26831
2.06359
1.84995
1.62755
1.39663
1.15757
0.910892
0.657294
0.39761
0.132842
-0.135837
-0.407102
-0.679426
-0.951197
-1.22063
-1.48585
-1.74491
-1.99576
-2.23641
-2.46486
-2.67915
-2.87748
-3.05816
-3.21973
-3.36092
-3.48073
-3.57845
-3.65365
-3.70619
-3.73622
-3.7442
-3.73073
-3.69705
-3.64347
-3.57327
-3.48345
-3.39805
-3.3025
-3.21543
-3.0768
-2.99696
-2.77483
-2.77085
-2.36117
-2.60455
-1.76466
-2.62799
-0.853095
-3.06215
5.26805
5.28702
5.30823
5.33129
5.35606
5.38239
5.40955
5.4372
5.46574
5.49519
5.52551
5.55668
5.58864
5.62136
5.65475
5.68876
5.7233
5.75823
5.79347
5.82888
5.86429
5.89954
5.93443
5.96874
6.00224
6.03465
6.06567
6.09499
6.12226
6.14711
6.16914
6.18793
6.20309
6.21416
6.22076
6.22247
6.21892
6.20976
6.19468
6.17342
6.1458
6.11163
6.07082
6.02335
5.96923
5.90855
5.84146
5.76815
5.68886
5.60387
5.5135
5.41808
5.31796
5.21346
5.10491
4.99261
4.87684
4.75784
4.63581
4.51095
4.3834
4.25332
4.12083
3.98611
3.84917
3.71061
3.56961
3.44876
3.33792
3.22973
3.0958
2.99564
2.81054
2.77107
2.45087
2.61676
1.94122
2.66855
1.09743
3.23761
4.50939
4.48216
4.4541
4.42535
4.39482
4.3621
4.3269
4.28877
4.24732
4.20231
4.15295
4.09925
4.04215
3.9817
3.91759
3.84957
3.77743
3.70093
3.61983
3.53388
3.44282
3.3464
3.24434
3.13638
3.02225
2.90171
2.77451
2.6404
2.4992
2.35069
2.19472
2.03119
1.86
1.68114
1.49465
1.30066
1.09936
0.89106
0.676194
0.455304
0.229065
-0.00170454
-0.236046
-0.472817
-0.710778
-0.948521
-1.18451
-1.41712
-1.64463
-1.86525
-2.07719
-2.27864
-2.46785
-2.64315
-2.803
-2.94599
-3.07093
-3.17685
-3.263
-3.32891
-3.37436
-3.39945
-3.40434
-3.38998
-3.35621
-3.30619
-3.23627
-3.1682
-3.08756
-3.01594
-2.89305
-2.82833
-2.62353
-2.6309
-2.24427
-2.48638
-1.68655
-2.51774
-0.819112
-2.9435
4.53029
4.54755
4.56666
4.58735
4.60951
4.63303
4.65734
4.68222
4.70804
4.73477
4.7624
4.79094
4.82035
4.85062
4.8817
4.91355
4.94612
4.97931
5.01308
5.04731
5.0819
5.11672
5.15162
5.18646
5.22106
5.25522
5.28871
5.32133
5.3528
5.38286
5.4112
5.43751
5.46146
5.48269
5.50085
5.51554
5.52641
5.53307
5.53517
5.53236
5.52434
5.51081
5.49155
5.46636
5.43509
5.39768
5.35408
5.30431
5.24844
5.18659
5.11893
5.04565
4.96695
4.8831
4.79433
4.70091
4.60306
4.50105
4.39508
4.28538
4.17213
4.05555
3.93579
3.81312
3.68756
3.55979
3.42902
3.31647
3.21273
3.11149
2.98516
2.89121
2.7154
2.67877
2.37349
2.53196
1.88605
2.58259
1.06919
3.14247
3.89512
3.87169
3.84755
3.82289
3.7969
3.7692
3.73956
3.70764
3.67307
3.6356
3.59489
3.55029
3.50225
3.4514
3.3976
3.34059
3.28017
3.21614
3.14832
3.07649
3.00043
2.91993
2.83476
2.74469
2.64948
2.5489
2.44273
2.33075
2.21275
2.08853
1.95793
1.82082
1.67707
1.52663
1.36948
1.20566
1.03528
0.85852
0.675667
0.487084
0.293235
0.0947017
-0.107823
-0.313491
-0.521365
-0.730358
-0.939254
-1.14674
-1.35138
-1.55167
-1.74604
-1.93288
-2.11058
-2.27754
-2.43226
-2.5733
-2.69937
-2.80934
-2.90228
-2.97744
-3.03432
-3.07273
-3.09247
-3.09422
-3.07737
-3.04499
-2.99278
-2.94038
-2.87342
-2.81605
-2.70798
-2.65739
-2.46938
-2.48733
-2.12347
-2.36397
-1.60388
-2.40369
-0.780803
-2.82243
3.91345
3.92898
3.94606
3.96448
3.98417
4.00502
4.02658
4.04876
4.07187
4.09585
4.12075
4.14655
4.17324
4.20084
4.22932
4.25865
4.28881
4.31976
4.35145
4.38383
4.4168
4.45031
4.48424
4.51847
4.55289
4.58734
4.62165
4.65565
4.68913
4.72187
4.75363
4.78416
4.81318
4.84041
4.86554
4.88825
4.90822
4.9251
4.93856
4.94826
4.95386
4.95504
4.95149
4.94296
4.92917
4.90994
4.88509
4.85449
4.81807
4.7758
4.7277
4.67382
4.61425
4.54912
4.47858
4.4028
4.32196
4.23628
4.14594
4.05114
3.95211
3.84904
3.74212
3.63165
3.51769
3.40094
3.28066
3.17664
3.08021
2.98611
2.86765
2.78008
2.61389
2.5803
2.29021
2.44162
1.82554
2.49184
1.03706
3.043
3.3749
3.35465
3.33376
3.31249
3.29018
3.26654
3.24137
3.21441
3.18535
3.15391
3.11991
3.08289
3.0425
2.99938
2.95384
2.90568
2.85467
2.80067
2.7435
2.68299
2.61897
2.55125
2.47964
2.40395
2.32398
2.23953
2.15041
2.05641
1.95736
1.85307
1.74336
1.6281
1.50715
1.3804
1.24781
1.10934
0.965029
0.814959
0.659298
0.498275
0.332209
0.161502
-0.0133407
-0.191692
-0.372843
-0.555956
-0.740077
-0.924151
-1.10701
-1.2874
-1.464
-1.63539
-1.80015
-1.95681
-2.10397
-2.24022
-2.36427
-2.47492
-2.5711
-2.65194
-2.71671
-2.76499
-2.79628
-2.81106
-2.8083
-2.79101
-2.75427
-2.7158
-2.66118
-2.61675
-2.52248
-2.48488
-2.31301
-2.34058
-1.99931
-2.23741
-1.51727
-2.28545
-0.739284
-2.69782
3.39098
3.40489
3.42011
3.43645
3.45387
3.47228
3.49132
3.511
3.53156
3.55294
3.57519
3.59831
3.62232
3.64721
3.67298
3.69964
3.72716
3.75554
3.78474
3.81474
3.84548
3.87693
3.90901
3.94165
3.97476
4.00824
4.04196
4.0758
4.1096
4.14319
4.17638
4.20895
4.2407
4.27136
4.30068
4.32839
4.35419
4.37778
4.39884
4.41707
4.43214
4.44372
4.4515
4.45518
4.45446
4.44907
4.43878
4.42335
4.40262
4.37644
4.3447
4.30734
4.26434
4.2157
4.16148
4.10175
4.03662
3.96622
3.89069
3.8102
3.72494
3.63509
3.54086
3.44253
3.34017
3.23451
3.12483
3.02946
2.94048
2.85364
2.74326
2.6622
2.50589
2.47548
2.20098
2.34544
1.76
2.39571
1.0019
2.93736
2.93347
2.91591
2.89778
2.87933
2.86006
2.83975
2.81824
2.79532
2.77074
2.74423
2.71561
2.68468
2.65094
2.61436
2.57557
2.53464
2.49136
2.44555
2.39709
2.34582
2.29159
2.23426
2.17367
2.10964
2.04202
1.97063
1.89531
1.81588
1.73219
1.64405
1.55134
1.45389
1.35159
1.24432
1.13199
1.01456
0.891996
0.764331
0.631642
0.494063
0.351792
0.205099
0.054335
-0.100043
-0.257512
-0.417435
-0.579071
-0.741585
-0.904037
-1.0654
-1.22456
-1.38031
-1.53143
-1.6766
-1.81454
-1.94394
-2.06355
-2.17217
-2.26871
-2.35219
-2.42174
-2.47679
-2.51662
-2.54155
-2.55017
-2.54542
-2.5219
-2.49556
-2.45191
-2.41902
-2.33742
-2.31154
-2.15513
-2.19109
-1.87246
-2.10658
-1.42768
-2.16236
-0.695678
-2.56778
2.94761
2.96004
2.97357
2.98804
3.00345
3.01967
3.03645
3.05388
3.0721
3.0911
3.11091
3.13154
3.153
3.17531
3.19847
3.22249
3.24738
3.27312
3.2997
3.32711
3.35534
3.38435
3.41409
3.44452
3.4756
3.50723
3.53935
3.57185
3.60464
3.63757
3.67051
3.7033
3.73576
3.76769
3.79889
3.82911
3.85811
3.88563
3.91137
3.93506
3.95639
3.97505
3.99074
4.00313
4.01192
4.01682
4.01755
4.01383
4.00541
3.99209
3.97367
3.95001
3.92097
3.88648
3.84648
3.80096
3.74995
3.69348
3.63165
3.56456
3.49234
3.41517
3.3332
3.24672
3.15577
3.06109
2.96199
2.87524
2.79376
2.71423
2.61205
2.53756
2.39139
2.36413
2.1058
2.24286
1.68987
2.29258
0.965003
2.82298
2.55671
2.54145
2.52567
2.50961
2.49288
2.47533
2.45685
2.43724
2.41631
2.39385
2.36964
2.34354
2.31534
2.28456
2.25146
2.21652
2.17968
2.14072
2.09948
2.05588
2.00978
1.96105
1.90957
1.85518
1.79775
1.73713
1.67318
1.60574
1.53468
1.45985
1.3811
1.29832
1.21138
1.12016
1.02459
0.924586
0.82011
0.711148
0.59773
0.479929
0.357863
0.231707
0.101702
-0.0318293
-0.168504
-0.307847
-0.449294
-0.592194
-0.735799
-0.879287
-1.02173
-1.16214
-1.29944
-1.4325
-1.56019
-1.68133
-1.79473
-1.89925
-1.9938
-2.0774
-2.14909
-2.20821
-2.25388
-2.28629
-2.30376
-2.30915
-2.29665
-2.28062
-2.24656
-2.2237
-2.15371
-2.1379
-1.99673
-2.03874
-1.74422
-1.9707
-1.33715
-2.03192
-0.652716
-2.42891
2.56913
2.58021
2.59222
2.60502
2.61862
2.6329
2.64766
2.66308
2.67921
2.69604
2.71363
2.73197
2.75109
2.771
2.79172
2.81324
2.8356
2.85878
2.88279
2.90763
2.93328
2.95973
2.98697
3.01495
3.04365
3.07302
3.103
3.13353
3.16453
3.1959
3.22754
3.25933
3.29114
3.32281
3.35417
3.38503
3.4152
3.44444
3.47252
3.49919
3.52418
3.5472
3.56797
3.58618
3.60153
3.61372
3.62245
3.62744
3.62839
3.62504
3.61717
3.60453
3.58695
3.56427
3.53636
3.5031
3.46447
3.42042
3.37094
3.31612
3.25601
3.19071
3.12037
3.04523
2.96532
2.88132
2.79259
2.71438
2.64036
2.56805
2.47418
2.4061
2.27059
2.24579
2.00538
2.13257
1.61702
2.17992
0.93054
2.69487
2.23353
2.21995
2.20582
2.19137
2.17631
2.16057
2.14413
2.12691
2.10882
2.08977
2.06963
2.04822
2.02537
2.00059
1.97327
1.94345
1.9116
1.87804
1.84273
1.80543
1.76598
1.7243
1.68028
1.6338
1.58474
1.53298
1.4784
1.42086
1.36024
1.29641
1.22924
1.15864
1.08446
1.00662
0.925019
0.839587
0.750268
0.657024
0.559857
0.458799
0.353917
0.245319
0.13317
0.0176988
-0.100821
-0.222029
-0.345504
-0.470745
-0.597153
-0.724092
-0.8508
-0.97644
-1.10014
-1.22093
-1.33782
-1.44975
-1.55567
-1.65453
-1.74525
-1.82691
-1.89851
-1.95936
-2.00847
-2.04592
-2.06987
-2.08306
-2.07951
-2.07187
-2.04616
-2.03151
-1.97252
-1.96423
-1.83926
-1.883
-1.61664
-1.82792
-1.24853
-1.89181
-0.614495
-2.27826
2.2447
2.25474
2.26552
2.27693
2.28894
2.30146
2.31446
2.32807
2.34231
2.35719
2.37275
2.389
2.40596
2.42364
2.44206
2.46124
2.48119
2.50192
2.52343
2.54574
2.56883
2.59272
2.61738
2.6428
2.66897
2.69585
2.72341
2.75158
2.78034
2.80962
2.83933
2.86938
2.89967
2.93009
2.96051
2.99074
3.02066
3.05008
3.0788
3.1066
3.13326
3.15851
3.1821
3.20378
3.22325
3.24022
3.2544
3.26549
3.2732
3.27725
3.27737
3.27332
3.26481
3.25166
3.2337
3.21072
3.18263
3.14934
3.11074
3.06685
3.0177
2.96329
2.90373
2.83922
2.76976
2.69597
2.61726
2.54731
2.48067
2.41531
2.32997
2.26762
2.14399
2.11955
1.90096
2.01244
1.54399
2.05399
0.902635
2.54916
1.86996
1.85894
1.84743
1.83567
1.82346
1.81072
1.79743
1.78349
1.76878
1.75319
1.73657
1.71874
1.69956
1.67889
1.65651
1.63241
1.60672
1.57952
1.55079
1.52049
1.48848
1.45467
1.41896
1.38129
1.34152
1.29956
1.25533
1.2087
1.15957
1.10783
1.05338
0.996108
0.93591
0.872695
0.806363
0.736849
0.664081
0.588001
0.508578
0.42581
0.33971
0.250322
0.157734
0.0620845
-0.0364662
-0.137674
-0.24126
-0.346876
-0.454095
-0.562443
-0.671358
-0.780197
-0.888275
-0.99482
-1.099
-1.19993
-1.2967
-1.38836
-1.47395
-1.55254
-1.62319
-1.68513
-1.73736
-1.77971
-1.81049
-1.83167
-1.83828
-1.83904
-1.82386
-1.8164
-1.7729
-1.76848
-1.66871
-1.70528
-1.48326
-1.66268
-1.16236
-1.73014
-0.586442
-2.11016
1.87915
1.88754
1.89655
1.9061
1.91616
1.92666
1.93762
1.94912
1.96117
1.97379
1.98702
2.00084
2.01529
2.0304
2.04617
2.06262
2.07978
2.09765
2.11626
2.1356
2.15568
2.17653
2.19815
2.2205
2.24361
2.26745
2.29201
2.31727
2.34318
2.36973
2.39686
2.42449
2.45258
2.48105
2.50979
2.53868
2.56761
2.59648
2.6251
2.6533
2.68091
2.7077
2.73348
2.75804
2.78108
2.80239
2.82168
2.83864
2.85302
2.86451
2.87284
2.87774
2.87888
2.87602
2.86895
2.85742
2.8412
2.82016
2.79414
2.76304
2.72682
2.68541
2.63886
2.58727
2.53064
2.46942
2.40327
2.34342
2.28648
2.22911
2.15605
2.09853
1.99412
1.96404
1.78229
1.86211
1.46939
1.89455
0.888004
2.36726
1.50886
1.50037
1.49149
1.48243
1.47303
1.46321
1.45296
1.4422
1.43081
1.41865
1.40558
1.39148
1.37628
1.35994
1.34249
1.32395
1.30425
1.28331
1.26106
1.23756
1.21278
1.18663
1.15901
1.12986
1.09909
1.06663
1.0324
0.996292
0.958239
0.918145
0.875926
0.831493
0.784751
0.735615
0.683992
0.629815
0.573009
0.513508
0.451257
0.386227
0.318384
0.247736
0.174297
0.0981268
0.0193062
-0.062045
-0.145753
-0.231616
-0.319363
-0.408669
-0.499158
-0.590389
-0.681842
-0.77294
-0.863058
-0.951477
-1.03745
-1.12018
-1.19881
-1.27253
-1.34041
-1.40173
-1.45543
-1.50132
-1.53755
-1.56595
-1.58146
-1.59108
-1.58485
-1.58686
-1.55517
-1.56123
-1.47734
-1.52264
-1.32385
-1.50421
-1.04177
-1.59225
-0.514954
-2.00111
1.51604
1.52272
1.5299
1.53752
1.54555
1.55395
1.56277
1.57204
1.58176
1.59197
1.60267
1.61387
1.62561
1.63792
1.65079
1.66423
1.6783
1.693
1.70834
1.72434
1.741
1.75837
1.77644
1.7952
1.81467
1.83487
1.85578
1.87741
1.89972
1.92272
1.94639
1.97067
1.99555
2.021
2.04693
2.07327
2.09996
2.12692
2.15401
2.18114
2.20815
2.2349
2.26123
2.28695
2.31186
2.33575
2.35839
2.37949
2.39884
2.41615
2.43113
2.44352
2.45301
2.4593
2.46215
2.46127
2.45638
2.44729
2.43374
2.41556
2.39264
2.36485
2.33214
2.2945
2.2519
2.20466
2.15252
2.10447
2.05807
2.01112
1.95002
1.90268
1.8128
1.79034
1.62907
1.70894
1.34972
1.76065
0.808329
2.27364
1.22599
1.21913
1.21188
1.20445
1.1967
1.1886
1.18016
1.17138
1.16223
1.15264
1.14254
1.13184
1.12048
1.10834
1.0953
1.08124
1.06603
1.04968
1.03224
1.01376
0.994264
0.973712
0.952019
0.929118
0.904934
0.879419
0.852501
0.824111
0.794183
0.762638
0.72941
0.694424
0.657598
0.618863
0.578141
0.535362
0.49046
0.443372
0.394045
0.342429
0.288485
0.232198
0.173547
0.112559
0.0492589
-0.0162911
-0.0839904
-0.153724
-0.225314
-0.298555
-0.373186
-0.448907
-0.525345
-0.602074
-0.678629
-0.754458
-0.828966
-0.901519
-0.97141
-1.03794
-1.10028
-1.15781
-1.20951
-1.25521
-1.29302
-1.32475
-1.34524
-1.3605
-1.36036
-1.36916
-1.34624
-1.36076
-1.28917
-1.34314
-1.16212
-1.34783
-0.91361
-1.45986
-0.431741
-1.90215
1.23189
1.23746
1.24337
1.24959
1.25612
1.26297
1.27018
1.27774
1.28568
1.29402
1.30277
1.31193
1.32155
1.33164
1.34219
1.35324
1.36481
1.37691
1.38957
1.40278
1.41656
1.43094
1.44594
1.46155
1.4778
1.49468
1.51221
1.5304
1.54923
1.56871
1.58883
1.60956
1.63091
1.65286
1.67535
1.69834
1.7218
1.74567
1.76986
1.7943
1.8189
1.84355
1.86812
1.89248
1.91647
1.93995
1.96269
1.9845
2.00517
2.02448
2.04215
2.05796
2.07162
2.08285
2.0914
2.09698
2.0993
2.09813
2.0932
2.08429
2.07124
2.05385
2.03199
2.00562
1.97463
1.93925
1.89922
1.86162
1.82467
1.78725
1.73708
1.69957
1.62293
1.60919
1.46556
1.55052
1.21734
1.6294
0.714029
2.19387
0.992944
0.987496
0.981719
0.975779
0.969571
0.963065
0.956275
0.949205
0.941858
0.9342
0.926184
0.917748
0.908845
0.899393
0.88931
0.878505
0.866835
0.854216
0.840647
0.82617
0.810827
0.794636
0.777576
0.759573
0.740558
0.720491
0.699311
0.676964
0.653405
0.628563
0.602385
0.574809
0.545765
0.515194
0.483038
0.449229
0.413711
0.376428
0.337328
0.296362
0.253491
0.208685
0.161918
0.11319
0.0625065
0.00989312
-0.0445925
-0.100884
-0.15887
-0.218418
-0.279343
-0.341449
-0.404466
-0.468081
-0.531964
-0.595685
-0.658795
-0.720803
-0.781142
-0.83924
-0.894403
-0.946121
-0.99345
-1.03631
-1.07285
-1.10491
-1.1273
-1.14546
-1.14908
-1.16218
-1.14573
-1.1661
-1.10491
-1.16482
-1.00085
-1.18871
-0.784014
-1.32188
-0.347847
-1.78774
0.997663
1.00216
1.00694
1.01196
1.01723
1.02279
1.02863
1.03475
1.0412
1.04797
1.05508
1.06254
1.07037
1.07859
1.0872
1.09623
1.10569
1.11559
1.12596
1.1368
1.14813
1.15997
1.17233
1.18522
1.19867
1.21266
1.22722
1.24236
1.25806
1.27435
1.29123
1.30867
1.32668
1.34526
1.36435
1.38396
1.40406
1.4246
1.44553
1.4668
1.48835
1.5101
1.53196
1.55382
1.57558
1.59712
1.61828
1.63889
1.6588
1.67783
1.69574
1.71234
1.72741
1.74068
1.75193
1.76091
1.76732
1.77095
1.77155
1.76885
1.76269
1.75285
1.73915
1.72152
1.6998
1.67413
1.64428
1.61565
1.58699
1.55802
1.51781
1.48919
1.42521
1.41931
1.29371
1.38237
1.0779
1.4872
0.617548
2.08846
0.791341
0.787106
0.78258
0.777908
0.773016
0.767877
0.762499
0.756885
0.751047
0.744971
0.738641
0.732022
0.725069
0.717727
0.709948
0.701679
0.692825
0.68328
0.672961
0.66185
0.649981
0.637395
0.624128
0.610151
0.5954
0.579833
0.563397
0.546051
0.52776
0.508472
0.488139
0.466716
0.444143
0.420374
0.395361
0.369045
0.341381
0.312316
0.281806
0.249806
0.216277
0.181188
0.144506
0.10622
0.0663197
0.0248115
-0.0182772
-0.0629115
-0.109026
-0.156535
-0.205322
-0.255247
-0.306132
-0.357746
-0.409855
-0.462143
-0.514271
-0.565866
-0.616482
-0.665681
-0.712882
-0.7577
-0.799288
-0.837677
-0.871076
-0.901367
-0.923466
-0.942491
-0.948076
-0.963537
-0.95159
-0.975773
-0.923089
-0.98688
-0.838319
-1.02635
-0.650409
-1.17739
-0.259306
-1.65899
0.795025
0.798575
0.802366
0.80633
0.810509
0.814907
0.819532
0.824391
0.829499
0.834874
0.840522
0.846455
0.852685
0.859223
0.866083
0.873289
0.880841
0.88875
0.897041
0.905725
0.91482
0.924327
0.934266
0.944651
0.955496
0.966809
0.978593
0.990874
1.00365
1.01693
1.03072
1.045
1.0598
1.07512
1.0909
1.10717
1.12392
1.14109
1.15868
1.17664
1.19492
1.21348
1.23225
1.25116
1.27012
1.28905
1.30783
1.32634
1.34443
1.36198
1.37882
1.39475
1.40963
1.42321
1.43532
1.44572
1.45418
1.46049
1.46441
1.46572
1.46422
1.45971
1.45201
1.44101
1.42656
1.40873
1.38731
1.36627
1.34476
1.32316
1.29187
1.27123
1.21901
1.22023
1.11201
1.20368
0.92786
1.33231
0.512169
1.96151
0.614713
0.611509
0.608077
0.604515
0.600767
0.596816
0.592668
0.588324
0.583794
0.57907
0.574153
0.569033
0.563687
0.558071
0.552154
0.545902
0.539258
0.532154
0.524511
0.516249
0.50734
0.497817
0.487722
0.477078
0.465872
0.454062
0.441596
0.428437
0.414561
0.399927
0.384501
0.368245
0.351111
0.333069
0.314076
0.294085
0.273062
0.250961
0.227747
0.203381
0.177829
0.15106
0.123042
0.0937606
0.0631988
0.0313499
-0.00177591
-0.0361635
-0.0717793
-0.10857
-0.146467
-0.185373
-0.225175
-0.265713
-0.306822
-0.348282
-0.38984
-0.431224
-0.472099
-0.512139
-0.550881
-0.588048
-0.6229
-0.655583
-0.684401
-0.711299
-0.731335
-0.749567
-0.755596
-0.771775
-0.762614
-0.788843
-0.742775
-0.808754
-0.673578
-0.860536
-0.510485
-1.0256
-0.161677
-1.51574
0.617528
0.620263
0.623177
0.626227
0.629442
0.632826
0.636386
0.640126
0.64406
0.648202
0.652553
0.657126
0.661929
0.666972
0.672271
0.677836
0.683671
0.689786
0.696202
0.702929
0.709975
0.71735
0.725069
0.73314
0.74158
0.750395
0.759586
0.769179
0.779175
0.789587
0.800415
0.811656
0.823333
0.83544
0.847952
0.860887
0.874239
0.887979
0.9021
0.916583
0.93138
0.946477
0.961832
0.977377
0.993064
1.00882
1.02459
1.04026
1.05573
1.0709
1.08563
1.09979
1.11326
1.12583
1.13736
1.14768
1.15657
1.16387
1.16936
1.17287
1.1742
1.17317
1.16962
1.16343
1.15446
1.14275
1.1281
1.11336
1.09787
1.08257
1.05907
1.04541
1.00384
1.01135
0.919258
1.01342
0.764461
1.16335
0.39165
1.81571
0.453454
0.451143
0.448678
0.446125
0.443433
0.440571
0.43755
0.434383
0.431068
0.427604
0.423997
0.420246
0.41635
0.412294
0.408048
0.403581
0.398869
0.393883
0.388573
0.382861
0.376668
0.369963
0.362767
0.355119
0.34705
0.33855
0.329573
0.320082
0.310058
0.299477
0.288314
0.27654
0.264122
0.251034
0.237246
0.222721
0.207434
0.191353
0.174449
0.156694
0.138058
0.118518
0.09805
0.0766368
0.0542642
0.0309235
0.00661495
-0.0186557
-0.04487
-0.071999
-0.1
-0.128813
-0.158364
-0.18855
-0.219261
-0.250347
-0.281636
-0.312934
-0.344003
-0.374623
-0.404433
-0.433268
-0.4605
-0.486395
-0.509366
-0.531415
-0.547818
-0.563762
-0.568869
-0.584267
-0.576316
-0.602888
-0.561705
-0.628088
-0.504309
-0.68843
-0.36226
-0.861647
-0.0539096
-1.34233
0.455499
0.45749
0.459612
0.461833
0.464176
0.466647
0.469248
0.471981
0.47486
0.477889
0.481073
0.484422
0.487945
0.491649
0.495544
0.499634
0.503927
0.508435
0.51317
0.518137
0.523339
0.528794
0.534516
0.5405
0.546764
0.553316
0.560157
0.567305
0.574764
0.582543
0.590643
0.599065
0.607827
0.616922
0.62634
0.636099
0.646189
0.656594
0.667306
0.678329
0.689621
0.701173
0.712959
0.72493
0.737069
0.749314
0.761623
0.773932
0.786161
0.798244
0.810076
0.821567
0.832621
0.843096
0.852879
0.861842
0.869818
0.876682
0.882258
0.886411
0.888985
0.889817
0.888802
0.885816
0.880732
0.873579
0.864197
0.854495
0.843994
0.833927
0.817093
0.809389
0.777242
0.790025
0.712499
0.808021
0.58363
0.974802
0.250704
1.63225
0.311654
0.310088
0.308419
0.306699
0.304894
0.302969
0.300915
0.298746
0.29646
0.29405
0.291522
0.288871
0.286095
0.283198
0.280169
0.276979
0.273611
0.270051
0.266279
0.262273
0.258006
0.253435
0.248526
0.243277
0.237728
0.231925
0.225861
0.219483
0.212746
0.205632
0.198129
0.190222
0.181888
0.173106
0.163856
0.154115
0.143865
0.13308
0.121744
0.109835
0.0973319
0.0842167
0.0704733
0.0560873
0.0410487
0.0253491
0.00898472
-0.00804122
-0.0257198
-0.0440355
-0.0629622
-0.0824651
-0.102499
-0.122999
-0.143895
-0.165098
-0.186495
-0.207961
-0.229336
-0.250496
-0.271171
-0.291306
-0.310378
-0.328771
-0.345016
-0.36118
-0.372766
-0.385304
-0.388395
-0.401847
-0.393704
-0.419334
-0.381155
-0.446865
-0.33178
-0.51193
-0.206911
-0.683853
0.0613037
-1.11984
0.313029
0.314357
0.315777
0.317261
0.318825
0.320471
0.3222
0.324018
0.325934
0.327947
0.33006
0.332279
0.334613
0.337067
0.339644
0.342346
0.345181
0.348162
0.351289
0.354565
0.357996
0.361594
0.365371
0.36932
0.373451
0.377774
0.382294
0.387017
0.391948
0.397098
0.402462
0.40805
0.413871
0.419917
0.426191
0.432704
0.439457
0.446434
0.45363
0.461056
0.468684
0.476505
0.48451
0.492671
0.500976
0.509382
0.517865
0.526388
0.534898
0.543349
0.551676
0.55982
0.56771
0.575259
0.582396
0.58902
0.595019
0.600317
0.604784
0.608329
0.610839
0.612191
0.612323
0.611128
0.608521
0.604528
0.599024
0.593235
0.586672
0.580779
0.569437
0.566546
0.542384
0.559274
0.49416
0.589784
0.386065
0.765382
0.0897964
1.39265
0.139812
0.138787
0.137691
0.136559
0.135372
0.134119
0.132792
0.131377
0.129899
0.128438
0.127108
0.126017
0.125272
0.124985
0.125255
0.126147
0.127676
0.129799
0.132382
0.135158
0.137712
0.139534
0.140183
0.139429
0.137321
0.134133
0.130299
0.126234
0.122077
0.117761
0.113219
0.108442
0.10344
0.0982119
0.0927556
0.0870645
0.081132
0.0749484
0.0685097
0.0618073
0.0548327
0.0475788
0.0400355
0.0321959
0.0240557
0.0156083
0.00684954
-0.00222111
-0.0116027
-0.0212902
-0.0312744
-0.0415401
-0.0520705
-0.0628362
-0.0738024
-0.0849302
-0.0961653
-0.107449
-0.118693
-0.129854
-0.140759
-0.151451
-0.161521
-0.171453
-0.179936
-0.189068
-0.194682
-0.202647
-0.202763
-0.213089
-0.203843
-0.226782
-0.191558
-0.252468
-0.150423
-0.312468
-0.0507866
-0.454505
0.150795
-0.756661
0.140734
0.14165
0.14263
0.143657
0.144744
0.145887
0.147086
0.148353
0.14969
0.151095
0.152567
0.154113
0.155741
0.157449
0.159237
0.161109
0.16307
0.165128
0.167275
0.169515
0.171857
0.174299
0.176845
0.179492
0.182245
0.185105
0.188076
0.191156
0.194343
0.197648
0.201059
0.204583
0.208217
0.211957
0.215802
0.219754
0.223814
0.227967
0.232216
0.236563
0.240985
0.245483
0.250054
0.254685
0.259364
0.264077
0.268809
0.273539
0.27825
0.282916
0.287513
0.29201
0.296374
0.300561
0.30454
0.308261
0.311662
0.31472
0.317351
0.31951
0.321137
0.32217
0.322589
0.322323
0.321335
0.319648
0.317172
0.314542
0.31128
0.30897
0.302408
0.303646
0.286561
0.306176
0.253017
0.343006
0.166879
0.501247
-0.0726779
0.977916
0.0906057
0.0907927
0.0909905
0.0911997
0.0914204
0.0916713
0.0919901
0.0924113
0.0929216
0.0934331
0.0937989
0.0938415
0.0933641
0.0921494
0.0899688
0.0865935
0.0818241
0.0755359
0.0677514
0.0587446
0.0490995
0.0396508
0.0313603
0.0250919
0.0213365
0.0199076
0.0198909
0.0202231
0.0203703
0.020319
0.0201918
0.0200337
0.0198187
0.019513
0.0191013
0.0185709
0.0179126
0.0171181
0.0161794
0.0150911
0.0138507
0.0124564
0.0109047
0.00919733
0.00733795
0.00532903
0.00317432
0.00088123
-0.00154381
-0.00409255
-0.0067559
-0.00952305
-0.0123833
-0.0153244
-0.0183304
-0.0213875
-0.0244786
-0.0275891
-0.0306838
-0.0337745
-0.0367674
-0.0397771
-0.042496
-0.0454492
-0.047541
-0.0506946
-0.0514118
-0.0552436
-0.053055
-0.0598056
-0.0507617
-0.0681551
-0.0405181
-0.0859951
-0.0139824
-0.124119
0.0416176
-0.196747
0.142303
-0.296804
0.0904034
0.0901805
0.0899451
0.0896917
0.0894244
0.0891405
0.088837
0.0885178
0.0881824
0.0878286
0.0874561
0.0870654
0.0866593
0.0862358
0.0857957
0.0853394
0.0848695
0.0843893
0.0838946
0.0833915
0.0828844
0.082371
0.0818559
0.0813431
0.080837
0.0803391
0.0798577
0.0793928
0.0789507
0.0785405
0.078162
0.0778238
0.0775275
0.0772809
0.0770897
0.0769559
0.0768863
0.0768806
0.0769487
0.0770908
0.0773007
0.0775846
0.0779443
0.0783747
0.0788722
0.0794358
0.0800563
0.0807265
0.0814389
0.0821858
0.0829591
0.0837424
0.0845256
0.0852881
0.0860195
0.0867003
0.0873087
0.0878537
0.0882967
0.0886345
0.0888497
0.0889224
0.0888517
0.0886019
0.0881749
0.0875953
0.0868195
0.086253
0.0851308
0.0848515
0.0817883
0.0845712
0.0745191
0.090588
0.055969
0.118069
0.00418842
0.208968
-0.122584
0.445364
)
;

boundaryField
{
    inlet
    {
        type            freestreamPressure;
        freestreamValue uniform 0;
        value           nonuniform List<scalar> 
134
(
0.881654
0.566242
0.213066
-0.121477
-0.390915
-0.593235
-0.694964
-0.686612
-0.566339
-0.28747
-0.061436
-0.10002
-0.173747
-0.249155
-0.329062
-0.41492
-0.506876
-0.604887
-0.709775
-0.823583
1.1687
-0.948994
-1.08674
-1.2295
-1.36055
-1.4523
-1.49467
-1.56784
-1.56891
-1.59477
-1.87995
-1.72998
-1.72653
-1.74979
-1.76517
-1.76825
-1.77044
-1.78992
-1.85073
-1.927
1.41835
1.64756
1.79655
1.81213
1.65042
1.24966
0.56272
-2.09892
-2.04145
-1.95875
-1.9016
-1.85682
-1.80802
-1.75435
-1.69979
-1.64554
-1.59099
-1.53554
-1.4792
-1.42198
-1.36358
-1.30346
-1.24071
-1.17367
-1.10093
-1.01975
-0.967084
-0.919289
-0.864011
-0.801784
-0.732535
-0.648697
-0.541133
-0.3656
-0.143383
0.148426
0.343897
0.571179
0.798261
1.02108
1.23523
1.4168
1.55169
1.64229
1.69205
1.7109
1.70995
1.69849
1.68362
1.67537
1.69073
1.73746
1.79191
1.83449
1.86685
1.89317
1.91436
1.92916
1.93683
1.93772
1.93309
1.92592
1.92221
1.93721
1.99452
2.13404
2.1951
2.13747
2.06948
2.02539
1.98967
1.94949
1.90553
1.86107
1.81667
1.77156
1.72527
1.67757
1.62821
1.57661
1.52182
1.46251
1.39609
1.32057
1.2263
1.17777
1.13643
1.08183
1.01609
0.940615
0.845638
0.721589
0.506766
0.230852
)
;
    }
    outlet
    {
        type            freestreamPressure;
        freestreamValue uniform 0;
        value           nonuniform List<scalar> 
160
(
1.94636e-05
1.94227e-05
1.95015e-05
1.93771e-05
1.95416e-05
1.93296e-05
1.95834e-05
1.92783e-05
1.96261e-05
1.92242e-05
1.96727e-05
1.91668e-05
1.97315e-05
1.91053e-05
1.98129e-05
1.90408e-05
1.99188e-05
1.8973e-05
2.0035e-05
1.89015e-05
2.01322e-05
1.88264e-05
2.01711e-05
1.87476e-05
2.01057e-05
1.86658e-05
1.98845e-05
1.85806e-05
1.94524e-05
1.84922e-05
1.87546e-05
1.84007e-05
1.77433e-05
1.83066e-05
1.63892e-05
1.82108e-05
1.46978e-05
1.81123e-05
1.27324e-05
1.80123e-05
1.06258e-05
1.79121e-05
8.56433e-06
1.7811e-05
6.75885e-06
1.77101e-05
5.39482e-06
1.76102e-05
4.57542e-06
1.75124e-05
4.25798e-06
1.7417e-05
4.24566e-06
1.73258e-05
4.3114e-06
1.72391e-05
4.34047e-06
1.71579e-05
4.32823e-06
1.70846e-05
4.29975e-06
1.70191e-05
4.26446e-06
1.69633e-05
4.21699e-06
1.69179e-05
4.15031e-06
1.68842e-05
4.06114e-06
1.68641e-05
3.94682e-06
1.68578e-05
3.80543e-06
1.68672e-05
3.63523e-06
1.68924e-05
3.43455e-06
1.69355e-05
3.20233e-06
1.69972e-05
2.93807e-06
1.7076e-05
2.64139e-06
1.71738e-05
2.31164e-06
1.72912e-05
1.94917e-06
1.74276e-05
1.55477e-06
1.75823e-05
1.12893e-06
1.77557e-05
6.72403e-07
1.79462e-05
1.86666e-07
1.81527e-05
-3.27051e-07
1.83739e-05
-8.67183e-07
1.86086e-05
-1.43205e-06
1.88557e-05
-2.01967e-06
1.9112e-05
-2.62818e-06
1.93757e-05
-3.25543e-06
1.96429e-05
-3.89862e-06
1.99114e-05
-4.55547e-06
2.01778e-05
-5.22309e-06
2.04369e-05
-5.89922e-06
2.06916e-05
-6.57742e-06
2.09332e-05
-7.26089e-06
2.11609e-05
-7.93145e-06
2.1371e-05
-8.61312e-06
2.15583e-05
-9.24441e-06
2.17227e-05
-9.93256e-06
2.18548e-05
-1.04554e-05
2.19543e-05
-1.12051e-05
2.20266e-05
-1.14676e-05
2.20605e-05
-1.23644e-05
2.21208e-05
-1.20122e-05
2.20232e-05
-1.35099e-05
2.21398e-05
-1.17457e-05
2.15939e-05
-1.54941e-05
2.24894e-05
-9.71565e-06
2.0219e-05
-1.94545e-05
2.45003e-05
-3.56752e-06
1.58398e-05
-2.71268e-05
3.20225e-05
1.18637e-05
1.28252e-06
-3.87427e-05
5.403e-05
4.93052e-05
-4.44118e-05
-4.51126e-05
9.5275e-05
)
;
    }
    walls
    {
        type            zeroGradient;
    }
    frontAndBack
    {
        type            empty;
    }
}


// ************************************************************************* //
