/*--------------------------------*- C++ -*----------------------------------*\
| =========                 |                                                 |
| \\      /  F ield         | OpenFOAM: The Open Source CFD Toolbox           |
|  \\    /   O peration     | Version:  2412                                  |
|   \\  /    A nd           | Website:  www.openfoam.com                      |
|    \\/     M anipulation  |                                                 |
\*---------------------------------------------------------------------------*/
FoamFile
{
    version     2.0;
    format      ascii;
    arch        "LSB;label=32;scalar=64";
    class       volScalarField;
    location    "400";
    object      p;
}
// * * * * * * * * * * * * * * * * * * * * * * * * * * * * * * * * * * * * * //

dimensions      [0 2 -2 0 0 0 0];

internalField   nonuniform List<scalar> 
10720
(
-23.1751
-94.2251
-178.154
-261.76
-340.073
-420.346
-492.419
-553.878
-607.983
-651.247
-685.306
-711.115
-729.651
-742.165
-748.756
-748.839
-743.202
-730.672
-712.546
-688.379
-660.842
-631.9
-605.21
-575.936
-535.682
-485.982
-435.6
-390.969
-351.879
-315.075
-278.705
-242.517
-206.528
-170.387
-133.696
-95.3813
-55.487
-8.45774
31.6108
47.1355
110.867
177.691
239.194
290.657
327.786
346.974
351.441
345.333
327.853
303.625
277.92
252.641
228.53
206.264
185.533
166.289
148.025
130.445
113.01
95.6675
78.0868
60.3737
42.9739
27.8795
16.1786
6.72453
-0.789168
-6.17781
-9.49566
-11.0071
-10.858
-9.12588
-5.81245
-0.896002
6.02319
15.5997
31.3501
57.8113
72.5762
18.8226
-41.8167
-106.727
-173.891
-243.061
-310.69
-374.633
-434.119
-487.32
-533.777
-573.468
-606.469
-632.702
-652.066
-663.969
-669.087
-667.268
-659.419
-645.731
-628.192
-608.542
-588.756
-564.395
-528.315
-481.638
-433.06
-389.241
-350.488
-313.882
-277.652
-241.569
-205.685
-169.666
-133.11
-94.9223
-55.1336
-8.11914
31.3263
120.676
166.245
211.29
254.161
291.197
319.622
336.341
341.696
336.799
322.615
302.755
280.507
257.529
234.752
212.909
192.155
172.533
153.804
135.739
117.97
100.386
82.7653
65.1974
48.1394
33.1589
21.2277
11.5973
3.81396
-2.1608
-6.22097
-8.38472
-8.75258
-7.42777
-4.43854
0.226984
6.95838
16.3925
32.0539
57.5113
84.0418
35.8131
-18.8665
-79.5549
-142.898
-208.274
-274.065
-337.593
-397.23
-451.891
-500.244
-541.874
-576.281
-603.302
-623.299
-636.521
-643.132
-643.089
-636.877
-624.908
-608.546
-589.317
-568.812
-544.609
-511.435
-469.17
-424.47
-383.17
-345.958
-310.484
-275.18
-239.83
-204.469
-168.791
-132.455
-94.4264
-54.7636
-7.86753
31.3636
127.28
168.912
209.925
248.297
280.813
305.757
321.218
327.321
324.508
313.648
297.19
277.503
256.272
234.632
213.4
192.961
173.444
154.757
136.719
119.053
101.605
84.22
66.9662
50.2524
35.3147
23.1008
13.1978
5.21742
-0.85825
-4.93901
-7.10339
-7.5153
-6.29254
-3.44116
1.08492
7.69357
17.0303
32.5429
57.0168
102.534
62.0917
15.6261
-35.7644
-90.0177
-147.113
-205.38
-263.033
-318.731
-371.272
-419.481
-462.604
-500.038
-531.51
-556.837
-576.212
-589.273
-595.793
-595.925
-590.024
-579.009
-564.07
-546.33
-524.38
-494.531
-456.464
-415.347
-376.349
-340.533
-306.132
-271.781
-237.251
-202.568
-167.447
-131.546
-93.8404
-54.4039
-7.77156
31.3832
138.569
172.93
207.108
239.688
267.679
289.718
304.268
310.991
309.981
301.989
288.749
272.078
253.41
233.81
214.065
194.634
175.741
157.423
139.593
122.074
104.748
87.527
70.4865
54.0086
39.1106
26.684
16.5344
8.3059
1.94678
-2.48211
-5.04684
-5.85289
-4.97343
-2.39619
1.92736
8.39229
17.6218
32.9419
56.4609
106.215
70.2532
28.7423
-17.4712
-66.3774
-118.43
-172.251
-226.226
-279.34
-330.402
-378.227
-421.974
-460.898
-494.423
-522.164
-543.926
-559.264
-568.159
-570.653
-567.161
-558.418
-545.461
-529.177
-508.652
-481.099
-446.038
-407.539
-370.223
-335.424
-301.831
-268.244
-234.419
-200.363
-165.795
-130.376
-93.1017
-54.0237
-7.81268
31.1971
138.332
168.796
199.199
228.208
253.187
273.193
287.053
294.235
294.697
289.087
278.632
264.712
248.477
230.871
212.646
194.299
176.133
158.293
140.782
123.52
106.429
89.4697
72.7272
56.5518
41.7805
29.2236
18.8574
10.3966
3.79438
-0.882334
-3.66254
-4.64175
-3.89691
-1.43413
2.78796
9.15772
18.2832
33.3679
55.8873
107.648
75.8039
38.8717
-2.21059
-45.6786
-92.2746
-140.722
-189.737
-238.583
-286.179
-331.531
-373.843
-412.329
-446.326
-475.345
-499.005
-517.037
-529.259
-535.569
-536.136
-531.407
-522.095
-508.783
-490.838
-466.205
-434.44
-398.843
-363.548
-330.061
-297.455
-264.698
-231.574
-198.119
-164.088
-129.15
-92.3245
-53.6681
-8.02283
30.7797
136.101
163.001
190.055
216.071
238.613
257
270.267
277.752
279.347
275.63
267.504
256.036
242.136
226.601
210.107
193.128
175.999
158.923
141.978
125.158
108.438
91.8226
75.4138
59.5425
44.9198
32.2815
21.733
13.0715
6.25436
1.34522
-1.6747
-2.89704
-2.39513
-0.165847
3.84631
10.034
18.9886
33.7739
55.2677
105.687
76.9583
43.5584
6.3807
-32.8688
-75.1582
-119.357
-164.344
-209.629
-254.261
-297.382
-338.285
-376.185
-410.386
-440.32
-465.495
-485.486
-499.915
-508.563
-511.505
-509.102
-501.932
-490.456
-474.302
-452.012
-423.155
-390.279
-356.958
-324.772
-293.143
-261.214
-228.789
-195.913
-162.381
-127.906
-91.5512
-53.3908
-8.42947
30.1018
131.387
155.615
180.12
203.796
224.406
241.501
254.234
261.877
264.344
262.123
255.915
246.558
234.771
221.201
206.431
190.885
174.892
158.693
142.421
126.131
109.852
93.633
77.5939
62.0498
47.6149
34.9561
24.2693
15.4319
8.41199
3.27195
0.00784442
-1.451
-1.16556
0.874348
4.72786
10.7799
19.5952
34.0748
54.5684
102.361
76.2823
45.9083
12.1324
-23.4205
-61.8391
-102.085
-143.179
-184.808
-226.161
-266.502
-305.243
-341.666
-375.099
-404.942
-430.647
-451.697
-467.758
-478.567
-484.053
-484.372
-479.864
-470.796
-456.9
-437.153
-411.206
-381.053
-349.781
-319.008
-288.457
-257.448
-225.808
-193.588
-160.61
-126.623
-90.7493
-53.151
-8.98365
29.1338
125.731
147.72
170.094
191.825
210.833
226.847
239.078
246.777
249.899
248.849
244.198
236.627
226.707
214.958
201.867
187.791
173.036
157.849
142.393
126.766
111.044
95.3086
79.7008
64.5222
50.3207
37.7034
26.928
17.9486
10.7521
5.4027
1.91371
0.229565
0.296592
2.13057
5.79583
11.6716
20.2977
34.3973
53.8618
98.0531
74.1732
46.3335
15.4033
-17.0457
-52.1623
-89.0072
-126.698
-165.063
-203.4
-241.093
-277.672
-312.492
-344.93
-374.403
-400.336
-422.182
-439.516
-451.984
-459.367
-461.69
-459.184
-452.026
-440.045
-422.533
-399.207
-371.605
-342.342
-313.006
-283.565
-253.502
-222.674
-191.142
-158.755
-125.291
-89.9208
-52.9039
-9.60014
27.912
119.487
139.63
160.231
180.331
197.987
213.073
224.83
232.515
236.115
235.98
232.589
226.511
218.21
208.103
196.586
183.951
170.464
156.357
141.8
126.922
111.832
96.6419
81.5086
66.7268
52.7948
40.2703
29.4504
20.3588
13.0059
7.46097
3.75204
1.84229
1.6892
3.31777
6.79719
12.4985
20.9315
34.6313
53.0925
93.268
71.2731
45.6176
17.1524
-12.609
-44.8374
-78.6589
-113.277
-148.621
-184.074
-219.135
-253.428
-286.385
-317.466
-346.116
-371.761
-393.85
-411.91
-425.572
-434.555
-438.734
-438.197
-433
-423.004
-407.712
-386.909
-361.787
-334.548
-306.708
-278.43
-249.356
-219.377
-188.566
-156.803
-123.897
-89.0688
-52.6394
-10.2602
26.5201
113.048
131.617
150.706
169.407
185.902
200.166
211.475
219.092
223.033
223.61
221.234
216.395
209.481
200.829
190.76
179.503
167.278
154.288
140.698
126.648
112.267
97.6897
83.0863
68.7443
55.1269
42.752
31.9408
22.7758
15.2962
9.57817
5.66555
3.54044
3.17094
4.59063
7.87377
13.3813
21.5918
34.8395
52.2875
88.2469
67.8786
44.1145
17.7855
-9.64185
-39.3484
-70.5129
-102.409
-135.025
-167.828
-200.409
-232.481
-263.549
-293.143
-320.764
-345.871
-367.916
-386.415
-400.936
-411.159
-416.82
-417.909
-414.415
-406.214
-392.961
-374.49
-351.716
-326.464
-300.142
-273.066
-245.014
-215.919
-185.864
-154.758
-122.443
-88.1974
-52.3721
-10.9845
25
106.598
123.815
141.595
159.08
174.563
188.089
198.966
206.48
210.657
211.785
210.227
206.413
200.678
193.3
184.538
174.569
163.565
151.694
139.105
125.935
112.322
98.4139
84.3866
70.5219
57.2591
45.0838
34.3296
25.1281
17.5485
11.6776
7.57416
5.24005
4.65618
5.86622
8.94961
14.2553
22.2274
34.994
51.4439
83.1674
64.2244
42.1211
17.6693
-7.71155
-35.1934
-63.9981
-93.4549
-123.602
-153.967
-184.214
-214.131
-243.293
-271.306
-297.723
-322.042
-343.746
-362.349
-377.388
-388.529
-395.415
-397.94
-396.02
-389.525
-378.203
-361.924
-341.385
-318.085
-293.307
-267.469
-240.478
-212.303
-183.038
-152.624
-120.934
-87.3107
-52.1233
-11.7836
23.3578
100.271
116.306
132.939
149.349
163.941
176.795
187.253
194.64
198.971
200.524
199.623
196.655
191.917
185.643
178.049
169.263
159.417
148.643
137.065
124.808
112.009
98.8181
85.4113
72.0643
59.198
47.2724
36.626
27.4292
19.7818
13.7829
9.50695
6.97539
6.1828
7.18224
10.059
15.148
22.8582
35.1069
50.5663
78.1407
60.4548
39.8226
17.0324
-6.53983
-32.048
-58.7526
-86.0249
-113.943
-142.085
-170.169
-198.045
-225.351
-251.76
-276.884
-300.271
-321.437
-339.909
-355.212
-366.995
-374.846
-378.564
-378.018
-373.071
-363.527
-349.277
-330.843
-309.442
-286.216
-261.647
-235.746
-208.524
-180.085
-150.397
-119.369
-86.4076
-51.9031
-12.6556
21.6038
94.138
109.136
124.746
140.199
153.994
166.233
176.289
183.526
187.948
189.825
189.452
187.181
183.284
177.963
171.398
163.685
154.92
145.201
134.623
123.292
111.335
98.8968
86.1484
73.3565
60.9259
49.2962
38.8058
29.6548
21.9715
15.8702
11.4401
8.72229
7.72667
8.51574
11.1814
16.0428
23.4719
35.1744
49.6579
73.2375
56.6715
37.3536
16.0472
-5.91309
-29.6591
-54.485
-79.7941
-105.697
-131.812
-157.896
-183.853
-209.375
-234.191
-257.977
-280.328
-300.795
-318.934
-334.272
-346.445
-355.03
-359.736
-360.394
-356.854
-348.948
-336.578
-320.123
-300.558
-278.881
-255.602
-230.82
-204.582
-177.003
-148.078
-117.747
-85.4869
-51.7107
-13.5983
19.7492
88.2469
102.319
117.016
131.606
144.681
156.349
166.021
173.091
177.557
179.679
179.729
178.033
174.841
170.338
164.676
157.927
150.156
141.435
131.828
121.419
110.318
98.6568
86.5979
74.3946
62.4366
51.1468
40.8595
31.7963
24.1117
17.9357
13.3727
10.4829
9.29235
9.87234
12.3221
16.9433
24.0708
35.2006
48.7232
68.5014
52.9425
34.8068
14.8352
-5.68035
-27.8448
-50.9788
-74.5209
-98.5977
-122.859
-147.103
-171.269
-195.099
-218.372
-240.811
-262.064
-281.726
-299.382
-314.578
-326.936
-336.044
-341.541
-343.225
-340.935
-334.518
-323.873
-309.265
-291.462
-271.318
-249.345
-225.704
-200.477
-173.791
-145.664
-116.068
-84.5486
-51.5417
-14.6079
17.801
82.6228
95.8613
109.733
123.541
135.956
147.095
156.399
163.291
167.763
170.066
170.454
169.23
166.633
162.83
157.956
152.066
145.202
137.41
128.731
119.224
108.978
98.1083
86.7619
75.1749
63.7222
52.8124
42.7727
33.8391
26.1882
19.9665
15.2932
12.2468
10.8703
11.2436
13.4737
17.8437
24.6507
35.186
47.7666
63.9592
49.3133
32.2481
13.4853
-5.72769
-26.4623
-48.0666
-70.0096
-92.4275
-114.997
-137.551
-160.054
-182.288
-204.075
-225.187
-245.316
-264.101
-281.159
-296.066
-308.435
-317.88
-323.991
-326.536
-325.344
-320.268
-311.2
-298.308
-282.186
-263.548
-242.884
-220.402
-196.213
-170.45
-143.155
-114.33
-83.5927
-51.3951
-15.6766
15.7653
77.2766
89.7613
102.881
115.974
127.783
138.426
147.379
154.084
158.532
160.966
161.624
160.789
158.691
155.486
151.296
146.166
140.121
133.187
125.384
116.746
107.342
97.2658
86.6452
75.697
64.7793
54.2857
44.535
35.7715
28.1902
21.953
17.1935
14.0079
12.4563
12.6266
14.6339
18.7421
25.2105
35.1338
46.7925
59.6274
45.8125
29.7223
12.0615
-5.97052
-25.4058
-45.6228
-66.1121
-87.0192
-108.046
-129.045
-150.006
-170.744
-191.117
-210.939
-229.942
-247.807
-264.19
-278.693
-290.934
-300.551
-307.117
-310.367
-310.122
-306.24
-298.6
-287.293
-272.762
-255.592
-236.235
-214.924
-191.792
-166.981
-140.552
-112.536
-82.6192
-51.2698
-16.7961
13.651
72.2107
84.0093
96.4385
108.875
120.122
130.299
138.915
145.43
149.831
152.356
153.227
152.712
151.033
148.339
144.743
140.282
134.972
128.823
121.836
114.027
105.44
96.1492
86.2591
75.9647
65.6055
55.5599
46.1361
37.5818
30.1057
23.8838
19.0636
15.7576
14.0429
14.0153
15.7978
19.6345
25.7482
35.0462
45.8054
55.513
42.4586
27.2644
10.6095
-6.34274
-24.5951
-43.5453
-62.7106
-82.2379
-101.851
-121.421
-140.956
-160.297
-179.335
-197.915
-215.808
-232.737
-248.388
-262.398
-274.401
-284.05
-290.929
-294.74
-295.299
-292.467
-286.113
-276.26
-263.226
-247.476
-229.413
-209.277
-187.22
-163.387
-137.855
-110.683
-81.6267
-51.1649
-17.9578
11.4709
67.4221
78.5913
90.3846
102.214
112.939
122.676
130.968
137.291
141.629
144.212
145.251
144.999
143.673
141.415
138.333
134.46
129.805
124.367
118.135
111.106
103.304
94.7805
85.6174
75.985
66.202
56.631
47.5679
39.2594
31.9234
25.7481
20.8936
17.4874
15.6233
15.4041
16.9609
20.5178
26.262
34.9264
44.8111
51.6172
39.2636
24.8932
9.16573
-6.79903
-23.9655
-41.7567
-59.7088
-77.9745
-96.291
-114.546
-132.762
-150.803
-168.583
-185.977
-202.79
-218.781
-233.67
-247.125
-258.803
-268.369
-275.435
-279.676
-280.905
-278.984
-273.776
-265.248
-253.613
-239.227
-222.435
-203.474
-182.504
-159.67
-135.066
-108.773
-80.6146
-51.0783
-19.1531
9.23754
62.9045
73.4931
84.6983
95.964
106.199
115.522
123.503
129.633
133.894
136.51
137.679
137.643
136.614
134.729
132.092
128.734
124.661
119.865
114.324
108.022
100.966
93.1839
84.7355
75.7665
66.5727
57.4977
48.8244
40.7951
33.6328
27.5351
22.6732
19.1883
17.1895
16.7867
18.118
21.3881
26.7506
34.7774
43.8144
47.9384
36.2333
22.6245
7.75305
-7.30149
-23.4702
-40.1947
-57.0347
-74.1412
-91.2661
-108.309
-125.305
-142.135
-158.734
-175.004
-190.776
-205.842
-219.956
-232.814
-244.1
-253.49
-260.634
-265.187
-266.96
-265.821
-261.626
-254.297
-243.959
-230.874
-215.323
-197.529
-177.651
-155.836
-132.187
-106.806
-79.5812
-51.0067
-20.3733
6.96416
58.6489
68.7002
79.359
90.0986
99.873
108.803
116.485
122.424
126.598
129.226
130.496
130.639
129.859
128.293
126.04
123.133
119.575
115.354
110.443
104.815
98.4585
91.3862
83.634
75.3229
66.7234
58.1601
49.9011
42.181
35.224
29.2343
24.3922
20.8508
18.7335
18.1562
19.2637
22.2419
27.2128
34.6026
42.8205
44.4717
33.3689
20.468
6.39032
-7.82376
-23.0704
-38.8121
-54.6275
-70.6663
-86.6934
-102.62
-118.487
-134.193
-149.688
-164.893
-179.669
-193.834
-207.17
-219.405
-230.248
-239.39
-246.518
-251.28
-253.484
-253.005
-249.695
-243.444
-234.302
-222.446
-208.099
-191.457
-172.673
-151.891
-129.221
-104.783
-78.5249
-50.9455
-21.6081
4.66511
54.6465
64.1973
74.346
84.5924
93.934
102.492
109.887
115.636
119.716
122.339
123.686
123.975
123.406
122.113
120.193
117.679
114.576
110.87
106.529
101.518
95.8145
89.4148
82.3343
74.6684
66.6626
58.6212
50.7958
43.411
36.6885
30.8358
26.0405
22.4654
20.2466
19.5055
20.3923
23.0753
27.6473
34.4053
41.8346
41.2113
30.6699
18.428
5.08947
-8.34472
-22.7374
-37.5693
-52.4386
-67.4901
-82.5045
-97.3993
-112.223
-126.884
-141.347
-155.553
-169.378
-182.672
-195.24
-206.839
-217.205
-226.043
-233.077
-237.957
-240.49
-240.558
-238.015
-232.725
-224.677
-213.976
-200.788
-185.276
-167.582
-147.842
-126.172
-102.705
-77.4438
-50.8901
-22.8471
2.35535
50.8856
59.9693
69.6397
79.4225
88.3558
96.5608
103.679
109.24
113.222
115.829
117.232
117.64
117.25
116.191
114.559
112.389
109.687
106.439
102.611
98.1632
93.0648
87.297
80.8577
73.8191
66.4013
58.8862
51.5084
44.4805
38.0185
32.3303
27.6081
24.0223
21.72
20.8272
21.4978
23.8845
28.0533
34.1887
40.8618
38.1501
28.1329
16.5076
3.85932
-8.85092
-22.4484
-36.4365
-50.4288
-64.5681
-78.644
-92.5845
-106.44
-120.131
-133.632
-146.897
-159.824
-172.28
-184.098
-195.06
-204.925
-213.42
-220.293
-225.215
-227.988
-228.5
-226.613
-222.172
-215.119
-205.496
-193.415
-179.005
-162.391
-143.698
-123.044
-100.573
-76.3357
-50.8347
-24.0805
0.0489337
47.3549
56.0022
65.223
74.5683
83.116
90.9852
97.8366
103.215
107.093
109.674
111.117
111.623
111.384
110.526
109.144
107.275
104.926
102.084
98.7166
94.7804
90.2381
85.0596
79.228
72.7939
65.9522
58.9624
52.0411
45.3869
39.2079
33.7096
29.0856
25.5121
23.1446
22.1134
22.5741
24.6655
28.4299
33.9561
39.9069
35.2799
25.7541
14.7068
2.70483
-9.32944
-22.1865
-35.3891
-48.5672
-61.8591
-75.0669
-88.1228
-101.08
-113.869
-126.471
-138.856
-150.933
-162.591
-173.681
-184.011
-193.364
-201.487
-208.149
-213.046
-215.98
-216.845
-215.512
-211.816
-205.661
-197.038
-186.007
-172.666
-157.114
-139.469
-119.843
-98.3885
-75.1985
-50.7726
-25.2966
-2.23867
44.0438
52.2807
61.0786
70.0111
78.1933
85.7417
92.3366
97.5345
101.31
103.856
105.327
105.912
105.8
105.116
103.951
102.344
100.306
97.8253
94.8692
91.395
87.3607
82.7284
77.4683
71.6117
65.3296
58.8586
52.3973
46.1295
40.2524
34.9661
30.4643
26.9255
24.5112
23.3562
23.6149
25.4143
28.7765
33.7105
38.9744
32.5919
23.5287
13.0244
1.62881
-9.77254
-21.9378
-34.4073
-46.8271
-59.3319
-71.7328
-83.9674
-96.0909
-108.041
-119.807
-131.366
-142.643
-153.541
-163.931
-173.643
-182.48
-190.212
-196.623
-201.442
-204.468
-205.605
-204.734
-201.685
-196.335
-188.632
-178.593
-166.279
-151.77
-135.166
-116.575
-96.1536
-74.029
-50.6973
-26.4847
-4.4926
40.9412
48.7922
57.1905
65.7316
73.5666
80.8091
87.1574
92.1805
95.8507
98.356
99.8432
100.494
100.49
99.9556
98.9793
97.6029
95.8381
93.6764
91.0872
88.0288
84.4567
80.327
75.6003
70.2918
64.5486
58.5858
52.5831
46.709
41.1486
36.0943
31.736
28.2535
25.8113
24.5475
24.6139
26.1272
29.0924
33.4546
38.0682
30.0781
21.4508
11.458
0.632422
-10.1754
-21.6927
-33.4768
-45.1889
-56.9602
-68.61
-80.0816
-91.4295
-102.598
-113.585
-124.372
-134.896
-145.075
-154.795
-163.906
-172.23
-179.56
-185.692
-190.388
-193.45
-194.787
-194.295
-191.804
-187.169
-180.308
-171.198
-159.869
-146.375
-130.801
-113.248
-93.8695
-72.8257
-50.6006
-27.6332
-6.69794
38.0363
45.5226
53.543
61.7125
69.2173
76.1683
82.2788
87.1319
90.6975
93.1578
94.6529
95.356
95.445
95.0394
94.2276
93.0523
91.5281
89.6486
87.3863
84.7008
81.5472
77.8775
73.6457
68.8527
63.6251
58.1554
52.6057
47.1283
41.8952
37.0888
32.8938
29.4877
27.0363
25.6795
25.5647
26.8001
29.3769
33.1909
37.192
27.7303
19.514
10.0044
-0.284181
-10.534
-21.4431
-32.5851
-43.6356
-54.722
-65.6714
-76.4326
-87.0588
-97.5012
-107.761
-117.826
-127.643
-137.142
-146.224
-154.754
-162.576
-169.498
-175.332
-179.871
-182.918
-184.395
-184.208
-182.193
-178.191
-172.094
-163.85
-153.458
-140.949
-126.387
-109.867
-91.5407
-71.5851
-50.4755
-28.7328
-8.84044
35.3183
42.4598
50.1221
57.939
65.1288
71.8017
77.6833
82.3709
85.8326
88.2449
89.7408
90.4862
90.6536
90.3599
89.6921
88.6935
87.3811
85.7511
83.779
81.4269
78.6505
75.4003
71.6248
67.3145
62.5757
57.5806
52.4735
47.3917
42.4924
37.9468
33.9316
30.6208
28.1782
26.7445
26.4613
27.4295
29.6295
32.9212
36.3486
25.5398
17.7126
8.65918
-1.12168
-10.8467
-21.1835
-31.7226
-42.1542
-52.5997
-62.8955
-72.994
-82.9485
-92.7132
-102.295
-111.685
-120.839
-129.697
-138.173
-146.146
-153.477
-159.993
-165.518
-169.872
-172.866
-174.43
-174.485
-172.871
-169.425
-164.019
-156.576
-147.07
-135.509
-121.94
-106.444
-89.1686
-70.3057
-50.3151
-29.772
-10.9068
32.7769
39.5921
46.915
54.3959
61.2854
67.6924
73.3538
77.8805
81.2397
83.6016
85.0932
85.8723
86.107
85.9104
85.3683
84.5249
83.3988
81.9893
80.2748
78.22
75.7825
72.9131
69.5567
65.6946
61.4163
56.8744
52.1967
47.5049
42.9418
38.666
34.845
31.6458
29.2295
27.7352
27.2978
28.0115
29.8494
32.6475
35.5402
23.4983
16.0398
7.41846
-1.88225
-11.1123
-20.9105
-30.8824
-40.7329
-50.5784
-60.2632
-69.7424
-79.0701
-88.2039
-97.1522
-105.912
-114.445
-122.7
-130.602
-138.043
-144.898
-151.013
-156.224
-160.373
-163.284
-164.891
-165.131
-163.854
-160.891
-156.105
-149.402
-140.729
-130.077
-117.472
-102.987
-86.7574
-68.9848
-50.1097
-30.7414
-12.8832
30.4028
36.9083
43.9084
51.0691
57.6723
63.8245
69.2743
73.645
76.9033
79.2135
80.6963
81.5021
81.7941
81.6826
81.2502
80.5432
79.5815
78.3666
76.8804
75.0905
72.9572
70.4315
67.4576
64.01
60.1626
56.0503
51.7854
47.4749
43.2468
39.2464
35.6302
32.5576
30.1835
28.6448
28.0684
28.5427
30.036
32.3706
34.7682
21.598
14.489
6.27776
-2.56846
-11.3309
-20.6205
-30.0584
-39.3626
-48.6452
-57.7577
-66.6586
-75.4005
-83.9452
-92.303
-100.474
-108.425
-116.114
-123.473
-130.408
-136.806
-142.529
-147.425
-151.356
-154.157
-155.773
-156.15
-155.151
-152.608
-148.376
-142.349
-134.457
-124.67
-113
-99.5047
-84.3113
-67.6207
-49.854
-31.6309
-14.7573
28.1865
34.3976
41.0906
47.9462
54.2757
60.1838
65.4301
69.6495
72.8091
75.0666
76.5372
77.3641
77.7047
77.6675
77.332
76.745
75.9284
74.8852
73.6009
72.0466
70.185
67.969
65.3429
62.2764
58.83
55.1223
51.2512
47.3097
43.4117
39.6888
36.2855
33.3515
31.0347
29.4672
28.768
29.0197
30.1884
32.0914
34.0332
19.8312
13.0543
5.23213
-3.18292
-11.5031
-20.3124
-29.2468
-38.0371
-46.7909
-55.3671
-63.7264
-71.9208
-79.9153
-87.7213
-95.3418
-102.749
-109.906
-116.754
-123.209
-129.17
-134.512
-139.096
-142.801
-145.475
-147.07
-147.544
-146.771
-144.59
-140.852
-135.441
-128.275
-119.309
-108.538
-96.0087
-81.8342
-66.2124
-49.5406
-32.4323
-16.5191
26.1191
32.0502
38.4504
45.0148
51.0826
56.7568
61.807
65.8808
68.9437
71.1483
72.6035
73.4464
73.8291
73.8564
73.6062
73.1251
72.4364
71.545
70.4394
69.0943
67.4751
65.5372
63.2261
60.5082
57.4329
54.1036
50.6052
47.0181
43.4423
39.9956
36.8101
34.0246
31.7783
30.1972
29.3919
29.4395
30.3057
31.8099
33.3351
18.1903
11.7291
4.27693
-3.7289
-11.6305
-19.9853
-28.4443
-36.7508
-45.0076
-53.08
-60.9322
-68.6142
-76.0942
-83.3845
-90.4908
-97.3893
-104.048
-110.415
-116.415
-121.96
-126.935
-131.214
-134.688
-137.222
-138.774
-139.311
-138.721
-136.849
-133.548
-128.696
-122.204
-114.012
-104.102
-92.5085
-79.331
-64.7594
-49.1634
-33.1381
-18.1595
24.1919
29.8568
35.9776
42.2634
48.081
53.5309
58.3925
62.3254
65.2939
67.4455
68.8836
69.7386
70.1572
70.2409
70.0656
69.6782
69.1022
68.3451
67.3977
66.2378
64.8343
63.1454
61.1187
58.7186
55.9846
53.0072
49.8592
46.6095
43.3451
40.1704
37.2047
34.5751
32.4107
30.8306
29.9362
29.7993
30.3869
31.5257
32.673
16.6682
10.5075
3.40734
-4.20968
-11.7143
-19.6389
-27.6485
-35.4983
-43.2872
-50.8864
-58.2633
-65.4655
-72.4645
-79.2734
-85.8988
-92.3212
-98.5127
-104.428
-110
-115.149
-119.772
-123.755
-126.998
-129.385
-130.875
-131.448
-131.003
-129.394
-126.479
-122.133
-116.262
-108.796
-99.7071
-89.015
-76.8074
-63.2608
-48.7179
-33.7413
-19.6699
22.3969
27.8079
33.662
39.6816
45.2596
50.4943
55.1747
58.971
61.8479
63.9469
65.366
66.2294
66.6785
66.8121
66.7029
66.398
65.9219
65.283
64.4755
63.4798
62.268
60.8015
59.0304
56.9186
54.4974
51.845
49.0245
46.0937
43.1277
40.2182
37.4714
35.0024
32.9298
31.3639
30.3974
30.0966
30.4308
31.2382
32.0451
15.2578
9.38337
2.61854
-4.62869
-11.7566
-19.2737
-26.858
-34.277
-41.6245
-48.7789
-55.7093
-62.462
-69.0107
-75.3694
-81.5459
-87.5233
-93.2776
-98.7694
-103.938
-108.712
-112.999
-116.696
-119.712
-121.946
-123.363
-123.95
-123.618
-122.233
-119.656
-115.767
-110.466
-103.678
-95.3662
-85.5385
-74.2687
-61.7185
-48.1992
-34.2364
-21.0443
20.7265
25.8952
31.4945
37.2593
42.6078
47.6361
52.1417
55.8063
58.5941
60.6408
62.0397
62.9085
63.3837
63.5607
63.5101
63.2783
62.8901
62.3561
61.6719
60.8214
59.7797
58.5113
56.9694
55.1181
52.9821
50.6289
48.112
45.4805
42.7981
40.1445
37.6133
35.3076
33.3343
31.795
30.7731
30.3294
30.4363
30.946
31.4492
13.9527
8.35109
1.90584
-4.98951
-11.7598
-18.8902
-26.0721
-33.0838
-40.0155
-46.751
-53.2621
-59.5935
-65.7208
-71.6582
-77.4147
-82.9761
-88.3215
-93.4162
-98.2063
-102.627
-106.595
-110.018
-112.812
-114.892
-116.226
-116.809
-116.565
-115.368
-113.088
-109.609
-104.83
-98.6733
-91.0934
-82.0896
-71.7212
-60.1332
-47.6056
-34.6198
-22.2773
19.1729
24.1104
29.4661
34.987
40.1155
44.9456
49.2831
52.8206
55.5216
57.5166
58.8943
59.766
60.2635
60.4788
60.4798
60.3123
60.0021
59.5605
58.9851
58.263
57.3716
56.2794
54.9425
53.3259
51.4488
49.3692
47.1325
44.7798
42.3648
39.956
37.635
35.4927
33.6247
32.1228
31.0615
30.496
30.4021
30.6476
30.8822
12.7464
7.40515
1.26456
-5.29564
-11.7259
-18.4894
-25.2898
-31.9166
-38.4561
-44.797
-50.9141
-56.85
-62.5823
-68.1259
-73.4901
-78.6627
-83.6258
-88.3487
-92.7835
-96.8717
-100.539
-103.7
-106.28
-108.206
-109.452
-110.019
-109.84
-108.802
-106.782
-103.669
-99.3667
-93.7944
-86.9013
-78.678
-69.1713
-58.5074
-46.9355
-34.8883
-23.3656
17.7295
22.446
27.5686
32.856
37.7736
42.4131
46.5886
50.0031
52.6201
54.5643
55.9201
56.7924
57.3086
57.5572
57.6038
57.4934
57.2521
56.8919
56.4126
55.8035
55.0452
54.1091
52.955
51.5493
49.9061
48.0755
46.0961
44.0013
41.8367
39.66
37.5417
35.5611
33.8023
32.3473
31.2618
30.5953
30.3272
30.341
30.3409
11.6329
6.54019
0.690218
-5.55072
-11.6577
-18.0727
-24.5117
-30.7743
-36.9431
-42.9124
-48.6586
-54.2235
-59.5857
-64.7606
-69.7579
-74.5675
-79.1734
-83.5488
-87.6508
-91.427
-94.8095
-97.7221
-100.098
-101.874
-103.029
-103.569
-103.439
-102.533
-100.74
-97.956
-94.0868
-89.0531
-82.8007
-75.3135
-66.6252
-56.8443
-46.188
-35.0408
-24.3072
16.3895
20.8947
25.7942
30.8577
35.5729
40.0293
44.0488
47.3446
49.8798
51.7739
53.1071
53.9784
54.5103
54.788
54.8747
54.8147
54.6341
54.3458
53.9511
53.4417
52.8007
52.0027
51.0111
49.7941
48.3615
46.7567
45.0118
43.1546
41.2225
39.2642
37.3397
35.5172
33.8699
32.4697
31.3742
30.6268
30.2104
30.0241
29.8212
10.6064
5.75113
0.178476
-5.758
-11.5575
-17.6415
-23.7376
-29.6555
-35.4739
-41.0929
-46.4906
-51.7068
-56.7223
-61.552
-66.2065
-70.6766
-74.9492
-79.0001
-82.7909
-86.2745
-89.3901
-92.0683
-94.2496
-95.8797
-96.9428
-97.4502
-97.3535
-96.5592
-94.9651
-92.4744
-88.9981
-84.4592
-78.8022
-72.0047
-64.0899
-55.1478
-45.3648
-35.0769
-25.1015
15.1462
19.4497
24.1352
28.9842
33.5052
37.7856
41.6547
44.8358
47.2915
49.1365
50.4463
51.3149
51.8597
52.1628
52.2849
52.2694
52.1423
51.9172
51.5969
51.175
50.6375
49.9614
49.1139
48.0651
46.8217
45.4205
43.8887
42.2486
40.5312
38.7768
37.0358
35.3664
33.8311
32.4923
31.3995
30.5904
30.0509
29.6947
29.3193
9.66137
5.03286
-0.274827
-5.92097
-11.428
-17.197
-22.968
-28.5594
-34.0469
-39.3355
-44.405
-49.2938
-53.984
-58.491
-62.8249
-66.978
-70.9394
-74.6875
-78.1879
-81.398
-84.2632
-86.7211
-88.7181
-90.2088
-91.1814
-91.6513
-91.5776
-90.8769
-89.4563
-87.2272
-84.1063
-80.0207
-74.9141
-68.7601
-61.5719
-53.4222
-44.468
-34.9984
-25.7498
13.994
18.1042
22.5849
27.228
31.5626
35.6736
39.3978
42.468
44.8466
46.6433
47.9294
48.7937
49.3488
49.6738
49.8269
49.8505
49.7705
49.601
49.3462
49.0011
48.5543
47.9857
47.2658
46.3664
45.2921
44.0738
42.7344
41.292
39.7714
38.206
36.6376
35.1148
33.6907
32.4182
31.3397
30.4867
29.8479
29.3504
28.8308
8.79264
4.38088
-0.673852
-6.043
-11.2715
-16.7412
-22.2033
-27.4855
-32.6602
-37.6371
-42.3975
-46.9787
-51.3641
-55.5688
-59.6031
-63.4605
-67.1318
-70.5975
-73.8269
-76.7819
-79.4131
-81.6647
-83.4884
-84.8466
-85.7314
-86.1611
-86.102
-85.48
-84.2114
-82.2155
-79.4158
-75.7435
-71.1438
-65.587
-59.0778
-51.6727
-43.5013
-34.8079
-26.2542
12.927
16.8524
21.1367
25.5822
29.7376
33.6858
37.2702
40.233
42.5367
44.2858
45.5478
46.4065
46.9696
47.3135
47.4935
47.5515
47.513
47.3922
47.1945
46.9169
46.5496
46.0755
45.468
44.7011
43.7773
42.7227
41.5565
40.2928
38.9517
37.5602
36.1527
34.7694
33.4543
32.2517
31.1973
30.3168
29.6011
28.989
28.3515
7.99519
3.79061
-1.02239
-6.12728
-11.0906
-16.2756
-21.4444
-26.4339
-31.3125
-35.9952
-40.4649
-44.757
-48.8565
-52.7782
-56.5325
-60.1139
-63.5145
-66.7173
-69.6946
-72.412
-74.8253
-76.8841
-78.5458
-79.7789
-80.5795
-80.9683
-80.9176
-80.3617
-79.2264
-77.4383
-74.9282
-71.6319
-67.497
-62.4919
-56.614
-49.9051
-42.4693
-34.5096
-26.6183
11.9398
15.688
19.7842
24.04
28.0234
31.8146
35.2641
38.1232
40.354
42.0563
43.2939
44.1457
44.7148
45.0745
45.2781
45.3659
45.3636
45.2855
45.1379
44.9191
44.6214
44.23
43.7212
43.0716
42.2814
41.3727
40.3614
39.2585
38.0802
36.8478
35.5893
34.3374
33.1281
31.9976
30.9757
30.0825
29.3105
28.6085
27.8773
7.26421
3.25782
-1.32421
-6.17691
-10.8876
-15.8019
-20.6921
-25.4041
-30.003
-34.408
-38.6038
-42.6242
-46.4555
-50.1123
-53.605
-56.929
-60.0775
-63.0356
-65.7785
-68.275
-70.4856
-72.365
-73.8757
-74.9919
-75.7128
-76.0609
-76.0141
-75.5143
-74.4957
-72.8931
-70.6436
-67.6886
-63.9785
-59.4805
-54.1864
-48.1253
-41.3775
-34.1087
-26.8474
11.0272
14.6058
18.5214
22.5952
26.4131
30.0533
33.3727
36.1312
38.291
39.9473
41.1601
42.0037
42.5769
42.9498
43.1736
43.2876
43.3168
43.2759
43.1718
43.0042
42.7672
42.4479
42.0259
41.4794
40.8074
40.0282
39.1549
38.1963
37.1646
36.077
34.9556
33.8266
32.7189
31.6617
30.6789
29.786
28.9763
28.207
27.4043
6.5953
2.77836
-1.58277
-6.19489
-10.6647
-15.3215
-19.9474
-24.3964
-28.7304
-32.8733
-36.8111
-40.5762
-44.1561
-47.565
-50.8133
-53.8973
-56.8113
-59.5419
-62.0669
-64.3586
-66.381
-68.0942
-69.4647
-70.4722
-71.1183
-71.4268
-71.3808
-70.929
-70.0132
-68.5759
-66.5608
-63.9147
-60.5911
-56.5576
-51.8011
-46.3392
-40.2321
-33.6114
-26.9472
10.1843
13.6005
17.3429
21.2418
24.9006
28.3953
31.589
34.25
36.3407
37.9517
39.1394
39.9736
40.5491
40.9328
41.1739
41.3103
41.3668
41.3582
41.2919
41.1689
40.9845
40.7281
40.3818
39.9258
39.358
38.6934
37.9426
37.1125
36.2124
35.2557
34.2596
33.2447
32.2338
31.25
30.3117
29.4304
28.5994
27.783
26.9288
5.98414
2.34847
-1.80157
-6.18396
-10.4245
-14.8362
-19.2109
-23.4105
-27.4941
-31.3898
-35.0845
-38.6097
-41.9539
-45.1308
-48.1509
-51.0111
-53.7068
-56.2261
-58.5492
-60.6509
-62.4992
-64.0587
-65.2998
-66.2068
-66.7832
-67.0543
-67.0068
-66.5963
-65.7714
-64.4815
-62.677
-60.3099
-57.337
-53.7269
-49.463
-44.5533
-39.0401
-33.025
-26.9248
9.40662
12.667
16.2432
19.9741
23.4798
26.8343
29.9065
32.4732
34.4964
36.0626
37.225
38.0489
38.6249
39.0172
39.2727
39.4284
39.5085
39.5276
39.494
39.4094
39.2706
39.0688
38.7884
38.4117
37.9353
37.3715
36.729
36.013
35.2305
34.3915
33.5093
32.5998
31.6805
30.7689
29.8791
29.0187
28.1809
27.3354
26.4476
5.42669
1.96445
-1.98383
-6.14687
-10.169
-14.3473
-18.4835
-22.4468
-26.2936
-29.9557
-33.4216
-36.7213
-39.8445
-42.8045
-45.6117
-48.2633
-50.7562
-53.0793
-55.2151
-57.1412
-58.829
-60.2466
-61.3685
-62.1827
-62.695
-62.9311
-62.8811
-62.5064
-61.7621
-60.6038
-58.9882
-56.8723
-54.2169
-50.9915
-47.177
-42.7737
-37.8087
-32.3571
-26.7877
8.68965
11.8008
15.2175
18.7869
22.1454
25.3647
28.3194
30.7944
32.7518
34.274
35.4107
36.2231
36.798
37.1968
37.4642
37.6363
37.7366
37.7795
37.7739
37.7224
37.6229
37.4683
37.245
36.9372
36.5409
36.0657
35.5186
34.9034
34.2253
33.4916
32.7125
31.8997
31.0663
30.2253
29.3866
28.5547
27.7224
26.8635
25.9579
4.91912
1.62284
-2.13251
-6.08619
-9.90009
-13.8564
-17.7661
-21.5054
-25.1281
-28.5698
-31.8202
-34.9081
-37.824
-40.5812
-43.1896
-45.6473
-47.9516
-50.0929
-52.0555
-53.8194
-55.3589
-56.6462
-57.6587
-58.388
-58.8416
-59.0454
-58.9923
-58.6489
-57.9762
-56.9356
-55.4894
-53.5995
-51.2304
-48.3533
-44.9473
-41.0065
-36.5451
-31.6162
-26.5447
8.02925
10.9973
14.2608
17.6752
20.8918
23.9807
26.8219
29.208
31.1012
32.5798
33.6904
34.4906
35.0628
35.4661
35.7431
35.9288
36.0461
36.1093
36.1276
36.1045
36.0387
35.9246
35.7507
35.5028
35.1763
34.7784
34.3149
33.7884
33.2027
32.563
31.8766
31.152
30.3988
29.6259
28.8399
28.0425
27.2259
26.3671
25.4574
4.45782
1.32036
-2.25058
-6.00436
-9.61982
-13.365
-17.0594
-20.5864
-23.9971
-27.2309
-30.2784
-33.1672
-35.8891
-38.4565
-40.8795
-43.1566
-45.2858
-47.2587
-49.0612
-50.6756
-52.0789
-53.2465
-54.159
-54.8108
-55.2111
-55.3853
-55.3291
-55.0135
-54.4046
-53.4693
-52.175
-50.4879
-48.3764
-45.8134
-42.7774
-39.2574
-35.2571
-30.8108
-26.2044
7.42157
10.2525
13.369
16.6341
19.7143
22.6773
25.4086
27.7083
29.5388
30.9744
32.0586
32.8454
33.4136
33.8196
34.1041
34.3009
34.4325
34.5128
34.5514
34.5522
34.5152
34.4358
34.3044
34.1083
33.8423
33.5118
33.1213
32.6727
32.1684
31.612
31.0087
30.3643
29.6852
28.9775
28.2448
27.4863
26.6939
25.8463
24.9443
4.03939
1.0539
-2.3407
-5.90367
-9.33005
-12.8742
-16.3644
-19.6902
-22.9004
-25.9378
-28.7943
-31.4962
-34.0361
-36.4263
-38.6764
-40.7856
-42.7523
-44.5693
-46.2241
-47.7007
-48.9788
-50.0368
-50.8582
-51.4398
-51.7916
-51.9393
-51.8802
-51.5893
-51.0377
-50.1967
-49.0382
-47.5331
-45.6529
-43.3725
-40.6703
-37.5317
-33.9519
-29.9497
-25.7761
6.8629
9.56234
12.5375
15.6592
18.608
21.4496
24.0745
26.2902
28.0592
29.4523
30.5099
31.2825
31.8454
32.2524
32.5424
32.7481
32.8913
32.9859
33.0415
33.0626
33.0499
33
32.905
32.7535
32.5397
32.2677
31.9407
31.56
31.1273
30.6446
30.1154
29.5435
28.9329
28.287
27.6072
26.8908
26.1289
25.3019
24.4174
3.66063
0.82055
-2.40544
-5.78623
-9.03246
-12.3854
-15.6816
-18.8167
-21.8372
-24.6894
-27.3661
-29.8925
-32.2619
-34.4865
-36.5754
-38.5285
-40.3446
-42.0174
-43.5358
-44.8858
-46.0492
-47.0071
-47.7456
-48.2636
-48.5721
-48.696
-48.6344
-48.3659
-47.8656
-47.1092
-46.0724
-44.73
-43.0571
-41.0304
-38.6284
-35.8343
-32.6365
-29.0414
-25.2691
6.34973
8.92308
11.7626
14.7464
17.5685
20.2928
22.8147
24.9488
26.6577
28.0086
29.0393
29.7968
30.3531
30.7597
31.0534
31.2659
31.4185
31.5248
31.5945
31.6326
31.6403
31.6154
31.5513
31.4379
31.2692
31.0476
30.7757
30.4542
30.084
29.6662
29.2029
28.6963
28.1485
27.5608
26.9329
26.2605
25.534
24.7349
23.876
3.31846
0.617574
-2.44721
-5.65415
-8.7287
-11.8997
-15.0116
-17.966
-20.8072
-23.4847
-25.9921
-28.3537
-30.5634
-32.6333
-34.5722
-36.3801
-38.0566
-39.5962
-40.9889
-42.2225
-43.2811
-44.1478
-44.8111
-45.2717
-45.5414
-45.6444
-45.5809
-45.3327
-44.8787
-44.1981
-43.2702
-42.0734
-40.5858
-38.786
-36.6535
-34.1696
-31.3177
-28.0945
-24.6927
5.8788
8.33124
11.0405
13.8915
16.5917
19.2028
21.6248
23.6794
25.3295
26.6386
27.6422
28.3839
28.9324
29.337
29.6328
29.8503
30.0102
30.1259
30.2071
30.2592
30.284
30.28
30.2421
30.1612
30.0311
29.8529
29.6285
29.3584
29.0426
28.6819
28.277
27.829
27.3384
26.8053
26.2276
25.6
24.9123
24.1469
23.3198
3.01009
0.442367
-2.46826
-5.50926
-8.42023
-11.4182
-14.355
-17.1382
-19.8099
-22.3225
-24.6707
-26.8775
-28.9378
-30.8631
-32.6621
-34.3353
-35.8825
-37.299
-38.5763
-39.7032
-40.6658
-41.4495
-42.0449
-42.4539
-42.689
-42.7736
-42.7089
-42.4794
-42.0671
-41.4546
-40.6242
-39.5575
-38.2352
-36.6382
-34.7467
-32.5413
-30.0018
-27.1172
-24.0563
5.44708
7.78349
10.3676
13.091
15.6736
18.1753
20.5004
22.4778
24.0702
25.338
26.3141
27.0393
27.579
27.9802
28.2766
28.4975
28.6629
28.786
28.8764
28.9399
28.9787
28.9922
28.9763
28.9228
28.8256
28.6846
28.5011
28.2753
28.007
27.6961
27.3428
26.9471
26.5087
26.0263
25.4967
24.914
24.2673
23.5395
22.7492
2.7328
0.292556
-2.47078
-5.35334
-8.10844
-10.9417
-13.7124
-16.3334
-18.8447
-21.2018
-23.4001
-25.4617
-27.3822
-29.1725
-30.8413
-32.3893
-33.8169
-35.1198
-36.2908
-37.3198
-38.1949
-38.9033
-39.4373
-39.8001
-40.0046
-40.0733
-40.008
-39.7957
-39.4212
-38.8698
-38.1267
-37.1761
-36.0012
-34.585
-32.9088
-30.9527
-28.6944
-26.1171
-23.3687
5.05157
7.27675
9.74068
12.3412
14.8104
17.2064
19.4378
21.3397
22.8756
24.1025
25.0509
25.7589
26.2889
26.6856
26.9812
27.2039
27.3731
27.5018
27.5995
27.6721
27.7223
27.7502
27.7525
27.7223
27.653
27.5436
27.3951
27.2075
26.9802
26.7129
26.4051
26.0561
25.6649
25.2294
24.7456
24.2069
23.6023
22.915
22.165
2.48409
0.16583
-2.45665
-5.18802
-7.79466
-10.4713
-13.0842
-15.5515
-17.9112
-20.1216
-22.1789
-24.1042
-25.8936
-27.558
-29.1057
-30.5376
-31.8543
-33.0526
-34.1258
-35.0653
-35.8605
-36.5006
-36.9794
-37.3009
-37.4785
-37.5334
-37.4682
-37.2719
-36.9317
-36.4352
-35.7701
-34.9231
-33.8795
-32.6242
-31.1397
-29.4065
-27.4007
-25.1015
-22.6385
4.68962
6.80807
9.15655
11.6389
13.9988
16.2926
18.4329
20.2614
21.7419
22.9282
23.8488
24.5391
25.0583
25.4495
25.743
25.9662
26.1379
26.2705
26.3737
26.4535
26.5128
26.5523
26.5698
26.5589
26.5131
26.4306
26.312
26.1571
25.9653
25.7359
25.468
25.1607
24.8121
24.4196
23.979
23.4832
22.9208
22.2755
21.5681
2.26162
0.0600768
-2.42776
-5.01486
-7.48002
-10.0077
-12.4708
-14.7924
-17.0088
-19.0808
-21.0054
-22.8027
-24.4696
-26.0164
-27.4512
-28.7754
-29.9897
-31.0914
-32.0749
-32.9325
-33.6551
-34.2333
-34.6625
-34.9472
-35.1011
-35.1443
-35.0797
-34.8983
-34.5892
-34.1422
-33.547
-32.7922
-31.8655
-30.7532
-29.4393
-27.9048
-26.1253
-24.0769
-21.8737
4.35865
6.37469
8.61229
10.9809
13.2353
15.4303
17.4822
19.2393
20.6654
21.8116
22.7041
23.3761
23.884
24.2686
24.5589
24.7814
24.9542
25.0894
25.1966
25.2817
25.3483
25.3971
25.4269
25.432
25.4059
25.3462
25.2529
25.1261
24.9648
24.7684
24.5355
24.265
23.9548
23.6019
23.2016
22.7468
22.2262
21.6236
20.96
2.06315
-0.0266811
-2.38582
-4.83525
-7.16564
-9.55153
-11.8724
-14.0561
-16.1369
-18.0784
-19.8781
-21.5554
-23.1075
-24.5445
-25.8744
-27.0986
-28.2181
-29.2309
-30.1319
-30.9147
-31.5712
-32.0935
-32.4781
-32.7303
-32.8634
-32.8967
-32.8333
-32.6657
-32.385
-31.9825
-31.4497
-30.7773
-29.9545
-28.9693
-27.8069
-26.4492
-24.8719
-23.0494
-21.082
4.05624
5.97407
8.10514
10.3642
12.517
14.6164
16.5826
18.27
19.6427
20.749
21.6135
22.2668
22.7625
23.1397
23.4259
23.6467
23.8195
23.9561
24.0658
24.1549
24.2269
24.2831
24.3227
24.341
24.3312
24.2906
24.2189
24.1159
23.9809
23.813
23.6109
23.373
23.0972
22.7803
22.4176
22.0019
21.5218
20.9617
20.3424
1.88664
-0.0962998
-2.33246
-4.65047
-6.85245
-9.10355
-11.2894
-13.3422
-15.2949
-17.1132
-18.7955
-20.36
-21.8046
-23.1392
-24.3714
-25.5029
-26.5348
-27.4656
-28.291
-29.0054
-29.6018
-30.0736
-30.4183
-30.6416
-30.7566
-30.7816
-30.72
-30.5654
-30.3104
-29.9481
-29.4712
-28.8722
-28.1417
-27.2692
-26.2413
-25.0409
-23.6439
-22.0242
-20.2702
3.78017
5.60375
7.63251
9.78618
11.8409
13.8479
15.7307
17.3502
18.6704
19.7373
20.5737
21.2079
21.6909
22.0599
22.3413
22.5594
22.7312
22.8681
22.9793
23.071
23.1469
23.2088
23.2563
23.2852
23.2889
23.2642
23.2106
23.128
23.0155
22.8723
22.6969
22.4879
22.243
21.9589
21.6309
21.2519
20.811
20.2925
19.7172
1.73017
-0.150524
-2.26914
-4.46175
-6.54142
-8.66424
-10.7218
-12.6508
-14.4822
-16.1843
-17.7559
-19.2146
-20.5586
-21.7976
-22.9388
-23.9842
-24.9352
-25.7905
-26.5464
-27.1984
-27.7403
-28.1665
-28.4755
-28.6731
-28.7725
-28.7907
-28.7312
-28.5888
-28.3574
-28.0312
-27.6045
-27.0707
-26.4223
-25.6498
-24.7411
-23.6802
-22.444
-21.0061
-19.4447
3.52832
5.26151
7.19198
9.24417
11.2042
13.1218
14.9237
16.4769
17.7456
18.7735
19.5819
20.1967
20.6665
21.0267
21.3024
21.517
21.6869
21.8233
21.935
22.0282
22.1069
22.1729
22.2265
22.2639
22.2787
22.2671
22.2287
22.1633
22.0702
21.9483
21.7964
21.6128
21.3954
21.141
20.845
20.5004
20.0966
19.6186
19.0862
1.59192
-0.190949
-2.19725
-4.27025
-6.23337
-8.23416
-10.1699
-11.9814
-13.6981
-15.2905
-16.7579
-18.1171
-19.3669
-20.5165
-21.5731
-22.5386
-23.4147
-24.2004
-24.8928
-25.4877
-25.98
-26.3652
-26.6422
-26.8173
-26.9031
-26.9157
-26.8587
-26.7278
-26.5179
-26.2244
-25.8426
-25.3671
-24.7915
-24.1077
-23.3047
-22.3676
-21.2744
-19.9992
-18.6112
3.29873
4.9452
6.78129
8.73581
10.6044
12.4355
14.1587
15.6473
16.8652
17.8547
18.6352
19.2305
19.6866
20.0374
20.3068
20.5173
20.6847
20.8196
20.931
21.0249
21.1052
21.1741
21.2323
21.2765
21.3002
21.2995
21.2738
21.223
21.1463
21.0428
20.9113
20.7502
20.5574
20.3299
20.0631
19.7505
19.3817
18.9423
18.4515
1.47022
-0.219101
-2.11807
-4.07696
-5.92905
-7.81372
-9.63373
-11.3338
-12.9419
-14.4306
-15.7999
-17.0656
-18.2271
-19.2933
-20.271
-21.1624
-21.9691
-22.6907
-23.3247
-23.8675
-24.3149
-24.663
-24.9116
-25.0668
-25.141
-25.1492
-25.0949
-24.9748
-24.7846
-24.5205
-24.179
-23.7556
-23.2448
-22.6396
-21.9302
-21.1028
-20.1367
-19.0068
-17.7745
3.08957
4.65289
6.39835
8.25883
10.0392
11.7865
13.4332
14.8587
16.0265
16.9781
17.7311
18.3067
18.7488
19.0897
19.3523
19.5581
19.7224
19.8553
19.9657
20.0594
20.1405
20.2113
20.2728
20.3222
20.3531
20.3613
20.3462
20.3076
20.245
20.1573
20.0436
19.9023
19.7314
19.528
19.288
19.0049
18.669
18.2663
17.8151
1.36349
-0.2364
-2.03286
-3.88289
-5.62919
-7.40336
-9.11336
-10.7077
-12.2129
-13.6037
-14.8804
-16.0582
-17.1369
-18.1251
-19.0292
-19.8516
-20.5942
-21.2567
-21.837
-22.3323
-22.7389
-23.0536
-23.2768
-23.4146
-23.4788
-23.4836
-23.4324
-23.3223
-23.1502
-22.9129
-22.6076
-22.2306
-21.7774
-21.242
-20.6154
-19.8853
-19.0321
-18.0319
-16.9392
2.8991
4.38269
6.04119
7.81112
9.50631
11.1726
12.7448
14.1086
15.2269
16.1412
16.867
17.423
17.8508
18.1815
18.4368
18.6375
18.7981
18.9285
19.0373
19.1303
19.2114
19.2833
19.3471
19.4004
19.4369
19.4523
19.4459
19.4177
19.367
19.2931
19.1948
19.071
18.9195
18.738
18.5222
18.2663
17.961
17.5928
17.1792
1.27032
-0.244105
-1.94266
-3.68887
-5.33439
-7.00343
-8.60885
-10.1029
-11.5105
-12.8086
-13.9978
-15.0928
-16.0937
-17.0089
-17.8445
-18.6028
-19.2859
-19.8938
-20.4249
-20.8768
-21.2463
-21.531
-21.7316
-21.8541
-21.9098
-21.912
-21.864
-21.7636
-21.608
-21.395
-21.1222
-20.7868
-20.3849
-19.9113
-19.3583
-18.7143
-17.9613
-17.0767
-16.1091
2.72578
4.13292
5.70796
7.39065
9.00363
10.5914
12.0911
13.3947
14.4639
15.3417
16.0409
16.5772
16.9904
17.3106
17.5584
17.7536
17.91
18.0376
18.1443
18.236
18.3167
18.3889
18.4541
18.5102
18.5511
18.5724
18.5732
18.5537
18.5132
18.451
18.3663
18.2577
18.1237
17.9616
17.7679
17.5369
17.2599
16.924
16.5458
1.18939
-0.243335
-1.84847
-3.4956
-5.04509
-6.61404
-8.11999
-9.51887
-10.8339
-12.0443
-13.1508
-14.1675
-15.0955
-15.9424
-16.7138
-17.4122
-18.0401
-18.5977
-19.0835
-19.4957
-19.8316
-20.0892
-20.2697
-20.3788
-20.4275
-20.4278
-20.3832
-20.2919
-20.1516
-19.9606
-19.7172
-19.419
-19.0628
-18.6442
-18.1563
-17.5888
-16.9247
-16.1431
-15.2873
2.56817
3.90198
5.39689
6.99548
8.52904
10.0407
11.4695
12.7145
13.7351
14.5775
15.2508
15.7672
16.1656
16.475
16.715
16.9044
17.0566
17.1809
17.2853
17.3754
17.455
17.527
17.593
17.651
17.6952
17.7211
17.7279
17.7156
17.6839
17.6319
17.559
17.4639
17.3453
17.2008
17.027
16.8188
16.5679
16.262
15.9169
1.11933
-0.235322
-1.75133
-3.30397
-4.76198
-6.23548
-7.64673
-8.95514
-10.182
-11.3095
-12.3375
-13.2805
-14.1402
-14.9231
-15.6343
-16.2768
-16.8533
-17.3642
-17.8082
-18.184
-18.4893
-18.7227
-18.8852
-18.9828
-19.0255
-19.0247
-18.9837
-18.9009
-18.7748
-18.604
-18.387
-18.1222
-17.8069
-17.4372
-17.0072
-16.5074
-15.9224
-15.2324
-14.4766
2.42479
3.68845
5.10667
6.62414
8.081
9.51873
10.8781
12.0657
13.0375
13.8465
14.4949
14.9913
15.3745
15.673
15.9052
16.0886
16.2362
16.357
16.4587
16.5468
16.6251
16.6965
16.7626
16.8219
16.8685
16.8982
16.9099
16.9037
16.8794
16.8363
16.7737
16.6906
16.5857
16.4569
16.3012
16.1138
15.8868
15.6087
15.2945
1.05878
-0.221626
-1.65278
-3.11549
-4.48622
-5.86894
-7.1898
-8.41189
-9.5544
-10.6035
-11.5561
-12.4288
-13.2249
-13.9482
-14.6027
-15.1927
-15.7214
-16.1891
-16.5948
-16.9371
-17.2146
-17.426
-17.5727
-17.6601
-17.6979
-17.6966
-17.6592
-17.5847
-17.4718
-17.3193
-17.1264
-16.8917
-16.6129
-16.2869
-15.9082
-15.4686
-14.9538
-14.3457
-13.6791
2.29428
3.49104
4.83604
6.27571
7.6589
9.02505
10.3166
11.4472
12.3675
13.1452
13.7705
14.2469
14.6147
14.9025
15.1269
15.3043
15.4472
15.5644
15.6633
15.7492
15.8259
15.8962
15.9621
16.022
16.0705
16.1031
16.1189
16.1179
16.0999
16.0645
16.011
15.9385
15.8459
15.7313
15.5919
15.4233
15.2183
14.9658
14.6803
1.0068
-0.203015
-1.55351
-2.93077
-4.21856
-5.5151
-6.74978
-7.88973
-8.95164
-9.92687
-10.8052
-11.6101
-12.3469
-13.0143
-13.6152
-14.1559
-14.6402
-15.068
-15.4382
-15.75
-16.0023
-16.194
-16.3267
-16.4055
-16.4394
-16.438
-16.4045
-16.3379
-16.2372
-16.1017
-15.9307
-15.7231
-15.4771
-15.1901
-14.8573
-14.4712
-14.0189
-13.4836
-12.8968
2.17555
3.30842
4.58366
5.94853
7.26112
8.55815
9.7844
10.8591
11.7235
12.4715
13.0753
13.5315
13.8841
14.1613
14.378
14.5494
14.6877
14.8013
14.8973
14.9809
15.0559
15.125
15.1903
15.2506
15.3004
15.3354
15.3546
15.3581
15.3457
15.3171
15.2716
15.2086
15.1269
15.0251
14.9006
14.7491
14.5642
14.3353
14.0762
0.963464
-0.178679
-1.4519
-2.74762
-3.95648
-5.17098
-6.32417
-7.38654
-8.37234
-9.27708
-10.0844
-10.8268
-11.5087
-12.1222
-12.6712
-13.1649
-13.6074
-13.9975
-14.3344
-14.618
-14.8472
-15.0212
-15.1416
-15.213
-15.2438
-15.243
-15.2134
-15.1544
-15.0652
-14.9454
-14.7945
-14.6115
-14.3952
-14.1431
-13.8513
-13.513
-13.1164
-12.6463
-12.1306
2.06809
3.13953
4.34675
5.63864
6.88233
8.11126
9.27466
10.2955
11.1093
11.8314
12.4124
12.8463
13.183
13.4496
13.6582
13.8233
13.9567
14.0665
14.1595
14.2408
14.3139
14.3817
14.4463
14.5066
14.5574
14.5943
14.6164
14.6238
14.6163
14.5938
14.5555
14.501
14.4293
14.339
14.2279
14.0921
13.9256
13.7183
13.4835
0.928297
-0.148881
-1.34739
-2.56488
-3.69776
-4.83332
-5.90821
-6.8972
-7.81088
-8.64805
-9.38699
-10.0795
-10.7145
-11.2735
-11.77
-12.2189
-12.6219
-12.9764
-13.2817
-13.5386
-13.7463
-13.9042
-14.0134
-14.0786
-14.1071
-14.1073
-14.0819
-14.0305
-13.9522
-13.8471
-13.7145
-13.5539
-13.3644
-13.1439
-12.8886
-12.5929
-12.2462
-11.8343
-11.3826
1.97133
2.9833
4.12393
5.34342
6.51842
7.67798
8.77855
9.74305
10.5172
11.2284
11.7851
12.1914
12.5111
12.7676
12.9682
13.1267
13.255
13.3609
13.4508
13.5296
13.6007
13.6669
13.7306
13.7907
13.8421
13.8806
13.9052
13.916
13.9129
13.8958
13.864
13.8171
13.7544
13.6746
13.5757
13.4541
13.3044
13.1169
12.9047
0.901919
-0.12442
-1.26506
-2.41658
-3.48188
-4.54171
-5.53133
-6.43218
-7.24586
-7.99274
-8.6056
-9.28356
-9.92473
-10.4615
-10.9334
-11.3669
-11.7584
-12.1013
-12.396
-12.6443
-12.8455
-12.9987
-13.1049
-13.1688
-13.1976
-13.1999
-13.1788
-13.1331
-13.0632
-12.9694
-12.8482
-12.7027
-12.5318
-12.3331
-12.1033
-11.8372
-11.5252
-11.1545
-10.7483
1.89727
2.86129
3.94948
5.10379
6.21151
7.29148
8.30073
9.15489
9.83734
10.6203
11.1942
11.5914
11.9108
12.1719
12.3752
12.5349
12.664
12.771
12.8619
12.9415
13.0136
13.081
13.146
13.208
13.2617
13.3028
13.3301
13.344
13.3445
13.3312
13.304
13.2624
13.2057
13.1329
13.0421
12.93
12.7915
12.6174
12.4203
0.881635
-0.102875
-1.19427
-2.28816
-3.29069
-4.27523
-5.1764
-5.97881
-6.67496
-7.31236
-7.75977
-8.45727
-9.1404
-9.67715
-10.1435
-10.5809
-10.979
-11.3268
-11.6252
-11.877
-12.0816
-12.2379
-12.3472
-12.4139
-12.4458
-12.4516
-12.4349
-12.3941
-12.3308
-12.2458
-12.131
-11.9953
-11.8372
-11.6535
-11.4411
-11.1955
-10.9079
-10.5661
-10.1917
1.83742
2.76132
3.80237
4.89534
5.93437
6.92527
7.82483
8.54694
9.11393
10.0084
10.63
11.0333
11.3627
11.6375
11.8511
12.0175
12.1518
12.2632
12.3578
12.4407
12.5158
12.5863
12.6545
12.7199
12.7773
12.8217
12.8521
12.8691
12.8726
12.8625
12.8386
12.8006
12.7479
12.6798
12.5943
12.4884
12.3574
12.1919
12.0048
0.863165
-0.0790924
-1.12074
-2.15658
-3.09642
-4.00592
-4.82074
-5.52709
-6.11244
-6.64335
-6.93686
-7.64081
-8.35689
-8.89137
-9.34834
-9.78525
-10.1871
-10.5378
-10.8384
-11.0926
-11.3001
-11.4593
-11.5717
-11.6413
-11.6764
-11.6859
-11.6741
-11.6387
-11.5827
-11.5075
-11.3999
-11.2747
-11.1304
-10.9623
-10.7676
-10.5427
-10.2796
-9.96677
-9.62668
1.77875
2.66233
3.6556
4.68702
5.65841
6.56011
7.35408
7.95213
8.40574
9.38863
10.0594
10.4694
10.8051
11.0915
11.3148
11.4877
11.6269
11.7423
11.8405
11.9265
12.0045
12.0778
12.1492
12.2182
12.2791
12.3268
12.3605
12.3807
12.3874
12.3806
12.3602
12.3259
12.2775
12.214
12.1339
12.0344
11.9108
11.7542
11.5773
0.846332
-0.0536543
-1.04541
-2.02349
-2.90117
-3.73646
-4.46757
-5.08014
-5.56216
-5.98541
-6.14242
-6.83783
-7.57351
-8.10426
-8.55
-8.98202
-9.38414
-9.73582
-10.0373
-10.2928
-10.5024
-10.6642
-10.7796
-10.8522
-10.8905
-10.9037
-10.8964
-10.866
-10.8168
-10.7505
-10.6493
-10.5337
-10.4021
-10.2487
-10.071
-9.86609
-9.62673
-9.34111
-9.02806
1.72147
2.56496
3.51024
4.48059
5.38575
6.19822
6.8919
7.37039
7.71746
8.76176
9.48064
9.90058
10.2403
10.5355
10.7676
10.9468
11.0907
11.21
11.3115
11.4005
11.4812
11.5574
11.6318
11.7041
11.7686
11.8198
11.8568
11.8803
11.8903
11.8871
11.8704
11.8402
11.7962
11.7378
11.6635
11.5705
11.4545
11.3068
11.1399
0.831278
-0.0268251
-0.969016
-1.89013
-2.70679
-3.46935
-4.11981
-4.64106
-5.0272
-5.34027
-5.37981
-6.05196
-6.7916
-7.3154
-7.74848
-8.1719
-8.57067
-8.92123
-9.22211
-9.47792
-9.68887
-9.85318
-9.97169
-10.048
-10.0911
-10.1099
-10.1097
-10.0871
-10.0478
-9.9934
-9.90234
-9.79942
-9.68298
-9.54635
-9.38689
-9.20249
-8.98714
-8.73151
-8.46035
1.66614
2.47002
3.36753
4.27779
5.11847
5.84162
6.44055
6.79968
7.04817
8.12882
8.89148
9.32545
9.66931
9.97154
10.2111
10.3956
10.5434
10.6664
10.7714
10.8636
10.9474
11.0264
11.1039
11.1798
11.248
11.3029
11.3436
11.3705
11.3842
11.3845
11.3716
11.3455
11.306
11.2527
11.1843
11.0982
10.9903
10.8522
10.6964
0.817974
0.000846324
-0.892877
-1.75833
-2.51574
-3.20768
-3.78113
-4.21406
-4.51138
-4.71091
-4.65093
-5.28548
-6.01231
-6.52446
-6.94354
-7.35513
-7.7469
-8.09397
-8.39305
-8.64845
-8.86044
-9.02689
-9.14771
-9.22618
-9.27086
-9.29146
-9.29377
-9.27401
-9.23895
-9.19041
-9.10392
-9.00861
-8.90287
-8.77943
-8.63598
-8.47079
-8.27714
-8.04218
-7.77604
1.61342
2.37877
3.22904
4.08102
4.85865
5.4924
6.00192
6.23812
6.39389
7.4905
8.29059
8.74081
9.09006
9.40012
9.64811
9.83808
9.98873
10.1137
10.2209
10.3157
10.4022
10.4842
10.5651
10.6447
10.717
10.7763
10.8213
10.8528
10.8712
10.8764
10.8685
10.8475
10.8133
10.7654
10.7028
10.6231
10.5224
10.3921
10.243
0.80635
0.0280971
-0.819356
-1.63146
-2.33166
-2.95548
-3.45517
-3.80264
-4.01693
-4.09937
-3.95668
-4.53972
-5.23706
-5.73159
-6.13451
-6.53108
-6.91234
-7.25319
-7.54876
-7.80288
-8.01626
-8.1869
-8.31501
-8.40404
-8.46163
-8.49613
-8.51365
-8.51018
-8.49347
-8.46513
-8.39678
-8.32059
-8.23503
-8.13175
-8.00842
-7.86459
-7.69781
-7.50499
-7.32129
1.56449
2.29329
3.09774
3.8938
4.60823
5.15058
5.57383
5.67935
5.7451
6.84601
7.67984
8.14615
8.49821
8.81393
9.07234
9.27265
9.43061
9.55957
9.66874
9.76463
9.85234
9.93605
10.0194
10.1022
10.178
10.2406
10.2891
10.3242
10.3465
10.3562
10.3536
10.339
10.3122
10.2728
10.2196
10.1505
10.0619
9.94716
9.82106
0.796115
0.0533401
-0.751561
-1.51387
-2.15953
-2.71786
-3.14549
-3.40836
-3.54346
-3.50665
-3.29637
-3.81501
-4.467
-4.93669
-5.31991
-5.69804
-6.06558
-6.39804
-6.68847
-6.93896
-7.14924
-7.31602
-7.43768
-7.51605
-7.56084
-7.58404
-7.5919
-7.57986
-7.55589
-7.52096
-7.44774
-7.3714
-7.29041
-7.19648
-7.08721
-6.96099
-6.8087
-6.60997
-6.35076
1.52021
2.2153
2.97658
3.72004
4.36933
4.81724
5.15517
5.11626
5.08603
6.18651
7.06005
7.55148
7.90737
8.21914
8.47516
8.67854
8.84506
8.98518
9.10489
9.20899
9.3026
9.39084
9.47833
9.56602
9.64806
9.71751
9.77242
9.81323
9.84013
9.85321
9.85274
9.83908
9.81262
9.77353
9.7214
9.65434
9.56776
9.44943
9.30151
0.787041
0.076676
-0.689536
-1.40676
-2.0023
-2.50005
-2.85818
-3.03866
-3.09887
-2.94051
-2.6695
-3.11065
-3.70318
-4.13992
-4.49846
-4.85298
-5.20156
-5.52315
-5.81145
-6.06794
-6.29242
-6.48288
-6.6395
-6.76452
-6.85923
-6.92769
-6.97847
-7.00868
-7.02998
-7.04248
-7.00981
-6.96952
-6.92141
-6.8562
-6.77245
-6.67289
-6.56431
-6.46023
-6.42785
1.47974
2.14359
2.8651
3.56117
4.14578
4.5053
4.76322
4.55193
4.40245
5.49091
6.40602
6.94347
7.33505
7.6661
7.91987
8.10454
8.24792
8.37132
8.48412
8.5892
8.68827
8.78377
8.87885
8.97373
9.06289
9.14112
9.2078
9.26374
9.30903
9.34359
9.36714
9.37923
9.37917
9.36594
9.33839
9.2954
9.23799
9.17057
9.1274
0.779529
0.0993519
-0.631319
-1.3082
-1.86003
-2.30641
-2.60371
-2.71459
-2.70889
-2.41796
-2.07695
-2.42866
-2.94755
-3.34027
-3.67015
-3.99824
-4.31896
-4.61223
-4.87175
-5.09782
-5.28773
-5.43431
-5.53085
-5.57736
-5.59423
-5.60283
-5.60496
-5.59185
-5.56819
-5.5339
-5.46813
-5.40712
-5.34837
-5.28369
-5.20977
-5.12172
-4.99927
-4.79974
-4.45276
1.44292
2.07783
2.76342
3.41806
3.94344
4.23673
4.42086
3.98646
3.69293
4.75641
5.67725
6.23206
6.66635
7.0686
7.40272
7.6493
7.82068
7.93938
8.02795
8.10313
8.17555
8.25194
8.33653
8.42696
8.51111
8.57887
8.62854
8.66142
8.67915
8.68314
8.67487
8.65626
8.62933
8.59559
8.55491
8.50289
8.42511
8.2854
8.03985
0.774072
0.114275
-0.59021
-1.23401
-1.748
-2.14807
-2.38776
-2.43899
-2.36294
-1.91841
-1.50864
-1.77792
-2.20735
-2.53375
-2.82363
-3.13219
-3.45328
-3.76828
-4.06992
-4.35804
-4.63349
-4.89832
-5.15327
-5.39106
-5.58357
-5.72176
-5.83262
-5.9233
-6.01738
-6.11115
-6.14017
-6.14386
-6.1406
-6.12422
-6.09115
-6.04941
-6.02863
-6.08163
-6.34648
1.4183
2.0335
2.69138
3.30768
3.77224
4.00316
4.06473
3.34155
2.94322
4.04551
4.97261
5.48132
5.83052
6.14848
6.45408
6.7503
7.03333
7.28879
7.50518
7.68069
7.82134
7.93678
8.04099
8.15395
8.28949
8.43538
8.57456
8.70188
8.81603
8.91614
9.00017
9.06531
9.10943
9.1315
9.13364
9.12395
9.12786
9.201
9.45342
0.768569
0.100722
-0.604516
-1.23311
-1.71398
-2.05583
-2.20898
-2.16074
-1.94627
-1.3306
-0.921553
-1.15144
-1.50411
-1.74717
-1.93795
-2.12351
-2.30671
-2.47957
-2.63686
-2.77321
-2.87617
-2.92589
-2.90798
-2.83119
-2.76004
-2.72867
-2.71386
-2.6833
-2.62819
-2.58903
-2.52227
-2.46412
-2.42221
-2.38399
-2.34244
-2.28887
-2.17748
-1.92599
-1.35036
1.42119
2.04029
2.68943
3.26935
3.6523
3.75717
3.52897
2.46673
2.05938
3.33427
4.47769
5.21349
5.67035
5.90456
5.94343
5.86244
5.74262
5.64949
5.6101
5.62627
5.68915
5.78973
5.91171
6.01511
6.0571
6.05662
6.04811
6.03651
6.02063
6.0001
5.97862
5.96107
5.95088
5.94897
5.95042
5.93712
5.85582
5.59859
4.99076
0.759162
0.0597166
-0.671077
-1.30565
-1.76395
-2.04347
-2.09007
-1.89895
-1.47397
-0.691662
-0.295905
-0.478084
-0.799743
-1.10349
-1.41058
-1.73168
-2.06957
-2.4259
-2.80561
-3.21772
-3.67457
-4.18233
-4.71707
-5.21794
-5.57738
-5.79558
-6.00994
-6.18022
-6.4648
-6.87888
-6.75749
-6.7769
-6.90235
-6.99445
-7.03775
-7.07943
-7.19501
-7.49137
-8.17272
1.44116
2.0824
2.74103
3.29555
3.59571
3.53094
2.91245
1.54841
0.923881
2.06067
3.33056
4.59189
5.82263
6.99295
7.98812
8.74945
9.294
9.6393
9.83246
9.92622
9.9665
9.99043
10.0522
10.2388
10.5838
10.9606
11.2704
11.5248
11.7456
11.9366
12.0912
12.2057
12.2823
12.3278
12.3581
12.4057
12.5526
12.9238
13.722
116.297
115.169
113.738
111.92
109.447
106.102
101.694
96.1713
89.8114
83.1474
76.6254
70.4086
64.4799
58.7918
53.3224
48.0742
43.0539
38.2638
33.7011
29.3599
25.2323
21.3112
17.5888
14.0579
10.7118
7.54435
4.55054
1.72541
-0.934931
-3.43473
-5.77667
-7.96187
-9.99137
-11.8649
-13.5821
-15.1431
-16.5477
-17.7967
-18.8912
-19.8333
-20.6257
-21.2723
-21.7778
-22.1474
-22.3879
-22.5062
-22.5102
-22.408
-22.2083
-21.9202
-21.5525
-21.1143
-20.6145
-20.0615
-19.4636
-18.8285
-18.1633
-17.4748
-16.769
-16.0513
-15.3266
-14.599
-13.8723
-13.1495
-12.4337
-11.7264
-11.0311
-10.4367
-9.90651
-9.37232
-8.79207
-8.26565
-7.57265
-7.20312
-6.14426
-6.4299
-4.18297
-6.54025
-0.98516
-8.64781
115.859
112.399
108.484
104.385
100.185
95.9773
91.8325
87.8026
83.8742
80.0734
76.4031
72.8731
69.4912
66.2633
63.1938
60.2854
57.5393
54.9555
52.5319
50.265
48.1504
46.1826
44.3548
42.6603
41.0913
39.6401
38.299
37.0603
35.9162
34.8595
33.8831
32.9801
32.1438
31.3677
30.6456
29.9713
29.3389
28.7423
28.1759
27.6341
27.1117
26.6035
26.105
25.6119
25.1201
24.6264
24.128
23.6223
23.1078
22.5831
22.0474
21.5007
20.9429
20.3747
19.7971
19.2113
18.6189
18.0214
17.4207
16.8186
16.217
15.6178
15.0228
14.4338
13.8527
13.281
12.7216
12.2507
11.8443
11.4263
10.9981
10.5652
10.1167
9.71702
9.17102
9.09406
7.82682
9.63029
4.57847
14.0611
49.5344
49.0061
48.5471
48.1239
47.7204
47.3775
47.0908
46.7848
46.3342
45.6449
44.7011
43.5029
42.0409
40.3278
38.3935
36.2707
33.99
31.5798
29.067
26.4781
23.8381
21.171
18.4983
15.8393
13.2117
10.6301
8.10733
5.65465
3.28368
1.00423
-1.17529
-3.24779
-5.20816
-7.0516
-8.77406
-10.3725
-11.844
-13.1868
-14.3992
-15.4806
-16.4308
-17.2508
-17.9425
-18.5081
-18.9513
-19.2768
-19.4893
-19.595
-19.6002
-19.512
-19.3379
-19.0855
-18.7627
-18.3771
-17.9364
-17.4481
-16.9192
-16.3566
-15.7665
-15.1546
-14.5264
-13.8864
-13.2391
-12.588
-11.9368
-11.2876
-10.6442
-10.0906
-9.59421
-9.09485
-8.54431
-8.05165
-7.3826
-7.04533
-6.01043
-6.30984
-4.12671
-6.40745
-1.08385
-8.45506
49.8671
50.1025
50.567
50.991
51.3291
51.5531
51.6501
51.6147
51.4443
51.149
50.7308
50.1978
49.5584
48.8215
47.9978
47.0986
46.1357
45.1212
44.068
42.9886
41.8949
40.7981
39.7086
38.6358
37.5877
36.5708
35.5903
34.6501
33.7527
32.8993
32.0902
31.3248
30.6015
29.9182
29.2725
28.6612
28.0811
27.5287
27.0004
26.4924
26.001
25.5225
25.0532
24.5897
24.1288
23.6675
23.2031
22.7335
22.2567
21.7713
21.2762
20.7709
20.2553
19.7294
19.1938
18.6495
18.0976
17.5393
16.9764
16.4103
15.8428
15.2757
14.7109
14.1501
13.5954
13.0479
12.511
12.0581
11.6666
11.2635
10.8493
10.4307
9.99509
9.60999
9.07518
9.01019
7.76976
9.51663
4.66907
13.7282
28.9741
28.6467
28.3001
27.9396
27.5271
27.0538
26.5225
25.936
25.2983
24.6177
23.9192
23.2309
22.5527
21.8694
21.1613
20.4092
19.598
18.7154
17.7517
16.7003
15.5582
14.3257
13.0061
11.6057
10.1334
8.59997
7.01834
5.40178
3.76416
2.11893
0.479693
-1.13988
-2.72729
-4.27043
-5.75815
-7.18056
-8.52874
-9.79492
-10.9724
-12.0554
-13.0395
-13.9215
-14.6991
-15.3708
-15.9369
-16.3981
-16.7566
-17.0151
-17.1775
-17.2484
-17.233
-17.137
-16.9667
-16.7284
-16.4288
-16.0745
-15.6721
-15.2278
-14.7479
-14.2382
-13.704
-13.1503
-12.5819
-12.0026
-11.4166
-10.8266
-10.2361
-9.72497
-9.26374
-8.79965
-8.28161
-7.82082
-7.18439
-6.867
-5.88281
-6.15531
-4.10296
-6.21435
-1.23497
-8.15648
29.1615
29.2873
29.4256
29.5581
29.7147
29.8967
30.106
30.3375
30.5871
30.8482
31.1119
31.3712
31.6177
31.8435
32.0412
32.2038
32.3253
32.4005
32.4253
32.3973
32.315
32.1787
31.9896
31.7506
31.4657
31.1395
30.7773
30.3851
29.9688
29.5341
29.0867
28.6316
28.1729
27.7145
27.2592
26.809
26.3652
25.9287
25.4992
25.0765
24.6594
24.2467
23.8368
23.4279
23.0182
22.6059
22.1891
21.7662
21.3357
20.8964
20.4474
19.9881
19.5181
19.0375
18.5466
18.0462
17.5369
17.02
16.4967
15.9686
15.4373
14.9043
14.3717
13.841
13.3144
12.793
12.2804
11.847
11.4719
11.0851
10.6867
10.2836
9.86315
9.49172
8.97566
8.90659
7.73072
9.35134
4.811
13.3442
27.9991
27.8033
27.5911
27.3655
27.1056
26.7901
26.4015
25.9202
25.3264
24.6094
23.7799
22.878
21.9403
20.9778
19.9927
18.9866
17.9633
16.9261
15.8758
14.8115
13.7314
12.633
11.5138
10.3713
9.20343
8.00906
6.7884
5.54257
4.27446
2.98786
1.68821
0.382429
-0.921936
-2.21635
-3.49163
-4.73855
-5.94779
-7.1104
-8.21782
-9.26216
-10.2365
-11.1348
-11.9521
-12.6841
-13.3281
-13.8823
-14.3458
-14.7191
-15.0033
-15.2009
-15.315
-15.3492
-15.3082
-15.1968
-15.0205
-14.7849
-14.4958
-14.1588
-13.7799
-13.3644
-12.9178
-12.4451
-11.9511
-11.44
-10.9162
-10.3828
-9.84347
-9.37304
-8.94482
-8.5135
-8.02597
-7.59541
-6.98896
-6.69347
-5.74987
-6.01451
-4.0512
-6.06816
-1.29794
-7.96186
28.1407
28.2511
28.3378
28.4014
28.4461
28.4718
28.4817
28.4763
28.4584
28.4293
28.3913
28.3465
28.2966
28.2431
28.1872
28.1294
28.0701
28.0087
27.9442
27.8753
27.8
27.7162
27.6215
27.5137
27.3906
27.2502
27.0913
26.9128
26.7145
26.4967
26.2603
26.0065
25.7371
25.454
25.1592
24.8548
24.5424
24.2237
23.8999
23.5718
23.24
22.9044
22.5649
22.221
21.8718
21.5166
21.1543
20.7838
20.4042
20.0147
19.6145
19.203
18.7801
18.3457
17.9
17.4434
16.9768
16.5011
16.0174
15.5271
15.0316
14.5326
14.0319
13.5311
13.0323
12.5368
12.0482
11.6338
11.2745
10.9032
10.52
10.132
9.72613
9.36825
8.86825
8.80147
7.66844
9.2215
4.85458
13.0993
24.0607
23.854
23.645
23.4444
23.2424
23.0288
22.7949
22.533
22.2325
21.8792
21.4585
20.9659
20.4115
19.8023
19.1384
18.4192
17.6454
16.8192
15.944
15.0234
14.061
13.0611
12.0277
10.9651
9.87718
8.76766
7.63997
6.49726
5.34283
4.17982
3.01156
1.84201
0.675124
-0.484486
-1.63159
-2.76057
-3.86529
-4.93934
-5.976
-6.96862
-7.91076
-8.79631
-9.61962
-10.3756
-11.0601
-11.6696
-12.2016
-12.6546
-13.0279
-13.3219
-13.5377
-13.6775
-13.7438
-13.7403
-13.6709
-13.5401
-13.3526
-13.1133
-12.8275
-12.5001
-12.1363
-11.7409
-11.3187
-10.8739
-10.4109
-9.93334
-9.44469
-9.01463
-8.61925
-8.22056
-7.76361
-7.36363
-6.78631
-6.51579
-5.60646
-5.877
-3.97735
-5.9432
-1.31336
-7.81708
24.2137
24.3359
24.4625
24.5862
24.705
24.8191
24.9271
25.027
25.1178
25.1972
25.2643
25.3177
25.3565
25.38
25.3878
25.3798
25.3565
25.3182
25.2659
25.2005
25.1231
25.0349
24.9369
24.8301
24.7151
24.5926
24.4627
24.3255
24.1807
24.0282
23.8674
23.698
23.5196
23.3319
23.1348
22.9284
22.7127
22.4881
22.2546
22.0126
21.7622
21.5036
21.2366
20.961
20.6766
20.3828
20.0791
19.765
19.4398
19.1029
18.7539
18.3923
18.0181
17.6311
17.2315
16.8198
16.3966
15.9627
15.5192
15.0674
14.6085
14.1442
13.6762
13.206
12.7359
12.2669
11.803
11.4081
11.0648
10.7095
10.3419
9.96938
9.57844
9.23442
8.75007
8.68906
7.58836
9.10169
4.84617
12.8996
19.2066
19.0239
18.8362
18.6556
18.474
18.2865
18.0885
17.8741
17.6381
17.3748
17.0773
16.7394
16.362
15.9519
15.5127
15.0443
14.545
14.0118
13.4423
12.8348
12.1878
11.5003
10.7721
10.0036
9.19597
8.35128
7.47217
6.56183
5.6241
4.66309
3.68324
2.6894
1.68637
0.679195
-0.326857
-1.32649
-2.31419
-3.28439
-4.2313
-5.14914
-6.03214
-6.87467
-7.67122
-8.41657
-9.10607
-9.73546
-10.3012
-10.8004
-11.231
-11.5918
-11.8824
-12.1032
-12.2552
-12.3404
-12.3615
-12.3214
-12.2239
-12.0728
-11.8725
-11.6273
-11.3418
-11.0204
-10.6677
-10.2879
-9.88516
-9.46341
-9.02583
-8.63676
-8.27516
-7.91014
-7.48519
-7.11682
-6.57033
-6.32555
-5.45262
-5.72877
-3.89615
-5.8068
-1.32619
-7.65524
19.3341
19.4323
19.5379
19.6433
19.7516
19.8636
19.979
20.0974
20.2185
20.3416
20.466
20.5908
20.7149
20.837
20.9559
21.0702
21.1783
21.2787
21.3701
21.451
21.5204
21.5773
21.6209
21.6506
21.6664
21.6681
21.656
21.6303
21.5915
21.5401
21.4766
21.4014
21.3149
21.2174
21.1089
20.9898
20.8599
20.7194
20.568
20.4058
20.2327
20.0486
19.8531
19.6463
19.4277
19.1971
18.9542
18.6985
18.4297
18.1474
17.8514
17.5413
17.2171
16.8788
16.5265
16.1608
15.7821
15.3912
14.9891
14.5768
14.1558
13.7275
13.2934
12.8553
12.4152
11.9743
11.5365
11.1623
10.8363
10.498
10.1472
9.79113
9.41638
9.08682
8.62012
8.56349
7.49995
8.96451
4.83454
12.6723
15.9111
15.7607
15.6034
15.4495
15.2932
15.1326
14.9661
14.7893
14.5968
14.3837
14.1447
13.8736
13.5663
13.2253
12.8574
12.4665
12.0545
11.6217
11.1672
10.6898
10.1886
9.66266
9.11091
8.53229
7.92597
7.29138
6.62823
5.93669
5.21751
4.47192
3.70176
2.9096
2.09843
1.27187
0.434056
-0.410501
-1.25689
-2.1
-2.93439
-3.75458
-4.55501
-5.33014
-6.07453
-6.78282
-7.45006
-8.07158
-8.6431
-9.16095
-9.622
-10.0238
-10.3647
-10.6437
-10.8606
-11.0158
-11.1105
-11.1465
-11.1262
-11.0526
-10.9287
-10.7584
-10.5453
-10.2935
-10.0069
-9.68958
-9.34548
-8.97855
-8.59162
-8.24362
-7.91616
-7.58518
-7.19309
-6.85674
-6.34264
-6.12331
-5.28992
-5.56885
-3.80987
-5.65666
-1.33762
-7.47323
16.0208
16.1115
16.2073
16.3032
16.4025
16.5043
16.6088
16.716
16.8257
16.9378
17.0524
17.1692
17.288
17.4088
17.5311
17.6547
17.7789
17.9032
18.027
18.1493
18.2693
18.3857
18.4975
18.6034
18.7022
18.7927
18.8736
18.9441
19.0032
19.05
19.0842
19.1051
19.1127
19.1067
19.0871
19.054
19.0074
18.9474
18.874
18.7873
18.6872
18.5736
18.4465
18.3058
18.1511
17.9823
17.7992
17.6014
17.3888
17.1611
16.918
16.6596
16.3857
16.0963
15.7917
15.4723
15.1385
14.7911
14.4309
14.059
13.6765
13.285
12.8859
12.4809
12.0718
11.6601
11.2497
10.8973
10.5893
10.2691
9.93616
9.5974
9.23995
8.92531
8.47828
8.42396
7.40372
8.80846
4.82075
12.4234
13.673
13.546
13.4114
13.278
13.1421
13.003
12.8613
12.7153
12.5613
12.3952
12.2129
12.0098
11.7802
11.5201
11.2306
10.916
10.5792
10.2217
9.84428
9.44649
9.02749
8.58699
8.1248
7.64076
7.13474
6.60672
6.05673
5.48491
4.89161
4.27727
3.64259
2.98869
2.31688
1.62894
0.927153
0.214198
-0.506737
-1.23206
-1.95771
-2.67931
-3.39223
-4.09163
-4.77256
-5.42998
-6.05904
-6.65499
-7.21331
-7.72989
-8.20097
-8.62339
-8.99451
-9.3123
-9.57544
-9.78317
-9.93553
-10.0331
-10.0772
-10.0695
-10.0124
-9.90847
-9.76083
-9.57274
-9.34769
-9.08924
-8.80099
-8.48687
-8.14923
-7.84155
-7.54784
-7.2505
-6.89136
-6.58681
-6.10586
-5.91154
-5.11914
-5.40016
-3.7158
-5.49955
-1.33775
-7.28702
13.7698
13.8542
13.9433
14.0341
14.1284
14.2254
14.3253
14.4279
14.5331
14.6408
14.7508
14.8628
14.9767
15.0922
15.2092
15.3273
15.4462
15.5657
15.6855
15.8053
15.9246
16.0431
16.1602
16.2755
16.3883
16.4979
16.6035
16.7043
16.7993
16.8876
16.9683
17.0402
17.1027
17.1547
17.1955
17.2244
17.2409
17.2444
17.2346
17.211
17.1733
17.1214
17.0549
16.9736
16.8773
16.7657
16.6385
16.4955
16.3365
16.1611
15.9694
15.7611
15.5363
15.2949
15.0372
14.7634
14.4741
14.1698
13.8514
13.5198
13.1761
12.8216
12.4578
12.0864
11.7091
11.3272
10.9448
10.6149
10.3257
10.0241
9.70964
9.38886
9.04952
8.75005
8.32412
8.27087
7.29707
8.63887
4.79378
12.1717
11.8405
11.7326
11.6168
11.5007
11.3814
11.2587
11.1337
11.0067
10.8763
10.7398
10.5938
10.4353
10.2604
10.0646
9.8445
9.60027
9.33484
9.05023
8.74764
8.4279
8.0904
7.73399
7.35798
6.96196
6.54565
6.10883
5.65145
5.17364
4.67574
4.15821
3.62175
3.0673
2.49592
1.90896
1.30807
0.695129
0.0723499
-0.557722
-1.1922
-1.82785
-2.46117
-3.08835
-3.70535
-4.30791
-4.89172
-5.45243
-5.98574
-6.48755
-6.95393
-7.38136
-7.76669
-8.1072
-8.40079
-8.64585
-8.84143
-8.98714
-9.08319
-9.13039
-9.13003
-9.08392
-8.99429
-8.86368
-8.69495
-8.49118
-8.25547
-7.99159
-7.70134
-7.43275
-7.17203
-6.90764
-6.58125
-6.30802
-5.8606
-5.69093
-4.94011
-5.22355
-3.61254
-5.33738
-1.32445
-7.10127
11.9239
11.998
12.0772
12.1585
12.2434
12.3314
12.4227
12.5171
12.6148
12.7156
12.8195
12.9264
13.0361
13.1485
13.2634
13.3805
13.4996
13.6203
13.7423
13.8653
13.9888
14.1124
14.2356
14.358
14.4792
14.5985
14.7155
14.8296
14.9401
15.0466
15.1481
15.2441
15.3339
15.4165
15.4911
15.557
15.6132
15.6591
15.6937
15.7164
15.7264
15.7232
15.7061
15.6747
15.6284
15.5668
15.4894
15.3959
15.286
15.1593
15.0156
14.8547
14.6766
14.4812
14.2686
14.0391
13.7931
13.531
13.2537
12.9618
12.6565
12.339
12.0106
11.6729
11.3276
10.9761
10.6222
10.3152
10.0453
9.76276
9.46733
9.16503
8.84449
8.56045
8.15676
8.10386
7.17834
8.45708
4.75113
11.9192
10.2951
10.2037
10.1054
10.0057
9.90187
9.79353
9.6824
9.56935
9.4543
9.33624
9.21304
9.08208
8.94078
8.78601
8.61395
8.42163
8.20888
7.97788
7.73046
7.46785
7.19109
6.8998
6.59288
6.26953
5.92928
5.57174
5.19652
4.80336
4.39214
3.96289
3.51581
3.0514
2.57027
2.0733
1.56168
1.0368
0.500359
-0.0456834
-0.599074
-1.15727
-1.71749
-2.27668
-2.83155
-3.37854
-3.91401
-4.43415
-4.93507
-5.41297
-5.86404
-6.28473
-6.67171
-7.02192
-7.33278
-7.60208
-7.82813
-8.00979
-8.14641
-8.23793
-8.28479
-8.28795
-8.24884
-8.16924
-8.05136
-7.89771
-7.71082
-7.49422
-7.24911
-7.01809
-6.78941
-6.55708
-6.26305
-6.02055
-5.60684
-5.4614
-4.75261
-5.03861
-3.50012
-5.16891
-1.29999
-6.91338
10.3667
10.4315
10.501
10.5726
10.6476
10.7255
10.8066
10.891
10.9785
11.0694
11.1635
11.2609
11.3616
11.4655
11.5725
11.6826
11.7956
11.9114
12.0297
12.1504
12.2731
12.3975
12.5232
12.6498
12.7768
12.9037
13.03
13.155
13.2782
13.399
13.5166
13.6304
13.7396
13.8437
13.9417
14.033
14.1167
14.1921
14.2584
14.3146
14.3601
14.3941
14.4157
14.4242
14.419
14.3993
14.3645
14.3141
14.2476
14.1645
14.0645
13.9472
13.8125
13.6602
13.4903
13.303
13.0985
12.8771
12.6396
12.3866
12.119
11.838
11.5447
11.2406
10.9274
10.6064
10.2813
9.99777
9.74734
9.4844
9.20847
8.92512
8.62399
8.35566
7.97525
7.92222
7.04673
8.26195
4.69494
11.6609
9.02772
8.94984
8.86627
8.78142
8.69237
8.59788
8.49953
8.39869
8.29585
8.19105
8.08365
7.97198
7.85388
7.72716
7.58913
7.4365
7.26647
7.07851
6.87427
6.65536
6.42307
6.17851
5.92159
5.65138
5.36712
5.06845
4.75507
4.42668
4.08305
3.72401
3.3495
2.95965
2.55466
2.13493
1.70111
1.25403
0.79477
0.32467
-0.15463
-0.641242
-1.13301
-1.62754
-2.12215
-2.6139
-3.09972
-3.57634
-4.04033
-4.48825
-4.91659
-5.32194
-5.701
-6.05062
-6.36797
-6.65047
-6.896
-7.1028
-7.26961
-7.39565
-7.48063
-7.52473
-7.52863
-7.49345
-7.42066
-7.31224
-7.17007
-6.99739
-6.79476
-6.59947
-6.40158
-6.20017
-5.9378
-5.7252
-5.34512
-5.22329
-4.55684
-4.84522
-3.37885
-4.99335
-1.26588
-6.72106
9.08984
9.14707
9.20824
9.27151
9.33781
9.40689
9.47896
9.55403
9.63216
9.71342
9.79785
9.88548
9.97632
10.0704
10.1677
10.2682
10.3718
10.4785
10.5882
10.7008
10.8161
10.9339
11.054
11.1762
11.3001
11.4253
11.5515
11.6782
11.8049
11.931
12.0559
12.179
12.2995
12.4167
12.5299
12.6382
12.7409
12.8372
12.9262
13.007
13.0789
13.1409
13.1922
13.2321
13.2596
13.274
13.2745
13.2605
13.2313
13.1862
13.1247
13.0465
12.9511
12.8382
12.7078
12.5599
12.3944
12.2118
12.0123
11.7967
11.5657
11.3202
11.0613
10.7904
10.5091
10.2186
9.92248
9.66245
9.43182
9.18872
8.93265
8.66863
8.38742
8.13508
7.77883
7.72536
6.90159
8.05255
4.62646
11.3938
7.97963
7.91296
7.8414
7.76855
7.69233
7.61124
7.52555
7.43622
7.34424
7.25023
7.15441
7.05634
6.95481
6.848
6.73405
6.61068
6.47496
6.32427
6.15777
5.97661
5.78223
5.57581
5.3585
5.1304
4.89067
4.63858
4.37377
4.09602
3.80512
3.50086
3.18313
2.85194
2.50734
2.14953
1.77885
1.39582
1.00109
0.595537
0.180277
-0.243363
-0.673829
-1.10932
-1.54777
-1.98686
-2.42408
-2.85671
-3.28185
-3.69646
-4.09741
-4.48156
-4.84579
-5.18703
-5.50238
-5.78914
-6.04489
-6.26753
-6.45532
-6.60695
-6.72152
-6.7986
-6.8382
-6.84079
-6.8072
-6.73884
-6.63697
-6.50447
-6.34123
-6.17948
-6.01081
-5.83884
-5.60712
-5.4233
-5.07642
-4.97737
-4.35327
-4.64375
-3.24906
-4.81072
-1.22252
-6.52427
8.03368
8.08415
8.13798
8.19381
8.25238
8.31352
8.37742
8.4441
8.51365
8.58613
8.66161
8.74015
8.82178
8.90655
8.99446
9.08555
9.17979
9.27716
9.37764
9.48115
9.5876
9.69689
9.80887
9.92338
10.0402
10.1591
10.2798
10.402
10.5253
10.6492
10.7734
10.8973
11.0203
11.1418
11.2611
11.3775
11.4902
11.5985
11.7014
11.7982
11.888
11.9698
12.0428
12.106
12.1587
12.1998
12.2286
12.2442
12.2458
12.2328
12.2045
12.1602
12.0995
12.022
11.9273
11.8153
11.6859
11.5393
11.3757
11.1955
10.9994
10.7881
10.5626
10.3241
10.0741
9.81365
9.54626
9.30975
9.09894
8.8758
8.63978
8.39531
8.13437
7.89826
7.56684
7.51281
6.74226
7.82851
4.54575
11.1166
7.09286
7.03554
6.97403
6.91124
6.84546
6.77569
6.70206
6.62444
6.54306
6.45883
6.37256
6.28456
6.19464
6.10185
6.00476
5.90173
5.79083
5.6695
5.53526
5.38706
5.22564
5.05225
4.86802
4.67408
4.47071
4.25718
4.03275
3.79703
3.54986
3.29102
3.02033
2.73772
2.44313
2.13661
1.81837
1.48869
1.14801
0.79692
0.436185
0.0667566
-0.310228
-0.693439
-1.08131
-1.47203
-1.86363
-2.25391
-2.64044
-3.02068
-3.39192
-3.75135
-4.09615
-4.42343
-4.73042
-5.0144
-5.27288
-5.50354
-5.70436
-5.87366
-6.0101
-6.11275
-6.18108
-6.21498
-6.21471
-6.18113
-6.11493
-6.01857
-5.89135
-5.76063
-5.61934
-5.47505
-5.27264
-5.1162
-4.80178
-4.72447
-4.14244
-4.43459
-3.11104
-4.62118
-1.17087
-6.32312
7.13992
7.18428
7.23151
7.28062
7.33218
7.3861
7.44251
7.50147
7.56308
7.62741
7.69453
7.76451
7.8374
7.91327
7.99217
8.07413
8.15918
8.24733
8.33858
8.43292
8.53031
8.63068
8.73396
8.84004
8.94878
9.06
9.17351
9.28908
9.40642
9.52522
9.64511
9.76568
9.88649
10.007
10.1267
10.245
10.3612
10.4746
10.5844
10.6899
10.7902
10.8844
10.9717
11.0511
11.1218
11.1827
11.233
11.2718
11.2982
11.3114
11.3106
11.2951
11.2642
11.2175
11.1543
11.0745
10.9778
10.8641
10.7336
10.5865
10.4231
10.2443
10.0507
9.8434
9.62373
9.39265
9.15347
8.94019
8.74906
8.54579
8.32983
8.10499
7.86449
7.64477
7.33864
7.28412
6.56798
7.58941
4.4529
10.8277
6.33282
6.28336
6.23031
6.17608
6.11922
6.05881
5.9951
5.92826
5.85779
5.7835
5.70616
5.62671
5.5456
5.46277
5.37759
5.28886
5.19517
5.09486
4.98571
4.8654
4.7327
4.58802
4.43244
4.26703
4.09289
3.91046
3.71918
3.51828
3.3074
3.08635
2.85498
2.61314
2.36071
2.09763
1.82398
1.53987
1.24555
0.9414
0.62793
0.305808
-0.0241495
-0.360954
-0.703416
-1.05015
-1.39959
-1.74998
-2.09934
-2.44555
-2.78633
-3.11925
-3.44179
-3.75137
-4.04539
-4.32127
-4.57653
-4.80884
-5.01602
-5.19616
-5.34764
-5.46914
-5.5597
-5.61877
-5.64611
-5.64209
-5.60683
-5.54245
-5.44762
-5.3452
-5.22921
-5.11063
-4.93591
-4.80524
-4.52225
-4.46541
-3.92488
-4.21803
-2.96518
-4.42451
-1.11193
-6.11643
6.37382
6.41276
6.45418
6.49732
6.54265
6.59009
6.63979
6.69179
6.74621
6.8031
6.86254
6.92461
6.98938
7.05693
7.1273
7.20055
7.27674
7.3559
7.43807
7.52325
7.61144
7.70264
7.79681
7.89389
7.9938
8.09645
8.2017
8.30937
8.41928
8.53119
8.6448
8.7598
8.87585
8.99252
9.10936
9.22586
9.34146
9.45555
9.56747
9.67655
9.782
9.88303
9.97881
10.0685
10.1511
10.2258
10.2917
10.3477
10.3931
10.4269
10.4482
10.4563
10.4503
10.4297
10.3937
10.3421
10.2743
10.1902
10.0896
9.97277
9.83983
9.69128
9.52774
9.35008
9.15945
8.9567
8.74493
8.55435
8.38255
8.19889
8.0028
7.79751
7.57745
7.37423
7.09362
7.03882
6.3781
7.3344
4.34848
10.5237
5.67577
5.63297
5.58708
5.54012
5.4909
5.43858
5.38324
5.32507
5.26411
5.19992
5.13211
5.06108
4.98776
4.91279
4.83627
4.75781
4.67641
4.59084
4.49971
4.40111
4.29284
4.17352
4.04327
3.90302
3.75375
3.59657
3.43206
3.25979
3.07905
2.88943
2.69078
2.48299
2.26589
2.03938
1.80344
1.55808
1.30343
1.03969
0.767191
0.486369
0.197802
-0.0978047
-0.399567
-0.706428
-1.01718
-1.33042
-1.64457
-1.95789
-2.26845
-2.57421
-2.87298
-3.16248
-3.44035
-3.70422
-3.95174
-4.18062
-4.38867
-4.57388
-4.73445
-4.86881
-4.97572
-5.05426
-5.10375
-5.1242
-5.11522
-5.07856
-5.01237
-4.93534
-4.84239
-4.74734
-4.59849
-4.49172
-4.23888
-4.20101
-3.7014
-3.99429
-2.81237
-4.22006
-1.04756
-5.90219
5.71153
5.74571
5.78203
5.81992
5.85974
5.90146
5.9452
5.99103
6.03901
6.08924
6.14178
6.19672
6.25412
6.31407
6.37661
6.44183
6.50978
6.58051
6.65407
6.7305
6.80981
6.89204
6.97716
7.06518
7.15605
7.24972
7.3461
7.4451
7.54659
7.65039
7.7563
7.86408
7.97347
8.08413
8.19571
8.30779
8.4199
8.53153
8.64211
8.75105
8.85768
8.96126
9.06106
9.15627
9.24605
9.32954
9.40583
9.47402
9.53318
9.58242
9.62083
9.64753
9.66173
9.66263
9.64955
9.6219
9.57917
9.521
9.44714
9.35752
9.25222
9.13152
8.99587
8.84598
8.68278
8.50701
8.32153
8.15289
7.99986
7.83536
7.65878
7.47277
7.27296
7.08626
6.83122
6.77644
6.1722
7.06233
4.23387
10.1997
5.10277
5.06562
5.02579
4.985
4.94226
4.89685
4.8488
4.79816
4.74487
4.68898
4.6303
4.56834
4.50306
4.43525
4.36571
4.29473
4.22205
4.14692
4.06829
3.98499
3.89537
3.79746
3.68986
3.5724
3.44581
3.31097
3.16895
3.02042
2.865
2.70197
2.53093
2.3518
2.16448
1.96888
1.76489
1.55246
1.33163
1.10251
0.865298
0.620283
0.367853
0.10851
-0.157102
-0.428186
-0.703819
-0.982918
-1.26422
-1.54631
-1.82761
-2.10642
-2.38086
-2.64896
-2.90864
-3.15776
-3.39416
-3.61566
-3.82016
-4.00565
-4.17025
-4.31227
-4.43024
-4.52299
-4.58955
-4.62961
-4.64235
-4.62914
-4.58779
-4.53314
-4.46082
-4.38695
-4.26195
-4.17701
-3.95286
-3.93207
-3.47295
-3.7633
-2.65396
-4.00665
-0.979754
-5.67683
5.13401
5.16401
5.19587
5.22914
5.26412
5.3008
5.33928
5.37962
5.4219
5.46619
5.51257
5.56111
5.61188
5.66495
5.7204
5.7783
5.83871
5.90168
5.96728
6.03555
6.10654
6.18028
6.25678
6.33606
6.41811
6.50292
6.59043
6.6806
6.77333
6.86853
6.96604
7.06569
7.16729
7.27059
7.37531
7.48111
7.58763
7.69445
7.8011
7.90706
8.01176
8.11458
8.21485
8.31185
8.40481
8.49294
8.5754
8.65131
8.7198
8.77995
8.83089
8.87171
8.90157
8.91963
8.92515
8.91742
8.89583
8.8599
8.80925
8.74365
8.66302
8.56746
8.45728
8.33298
8.1953
8.04488
7.8843
7.73659
7.60157
7.45556
7.29789
7.13074
6.95081
6.78054
6.55089
6.49631
5.95012
6.77076
4.11183
9.8492
4.5963
4.56399
4.52936
4.49386
4.45667
4.41719
4.37541
4.33137
4.28493
4.236
4.18464
4.13084
4.07417
4.01422
3.95144
3.88679
3.82077
3.7533
3.68377
3.61133
3.53492
3.45306
3.36391
3.26615
3.15968
3.04521
2.92342
2.79517
2.6612
2.52116
2.37419
2.21985
2.05811
1.88898
1.71241
1.52829
1.33659
1.13734
0.930672
0.716772
0.495905
0.268426
0.0348043
-0.204362
-0.448369
-0.696375
-0.947389
-1.20028
-1.45376
-1.70643
-1.95672
-2.20294
-2.44329
-2.67587
-2.89874
-3.10993
-3.30745
-3.48935
-3.65375
-3.79896
-3.92338
-4.02568
-4.10467
-4.15978
-4.18989
-4.19604
-4.17569
-4.14034
-4.08622
-4.03105
-3.92779
-3.86223
-3.66562
-3.65887
-3.24124
-3.52414
-2.49294
-3.78028
-0.913303
-5.43428
4.62362
4.64998
4.67794
4.70717
4.73792
4.77018
4.80404
4.83956
4.87681
4.91585
4.95677
4.99963
5.04449
5.09143
5.14052
5.19183
5.24542
5.30135
5.35969
5.42049
5.4838
5.54967
5.61812
5.68919
5.76289
5.83923
5.91818
5.99973
6.08383
6.17041
6.25937
6.35059
6.44394
6.53923
6.63624
6.73472
6.83439
6.93489
7.03586
7.13686
7.23742
7.33702
7.43506
7.53092
7.62393
7.71338
7.79847
7.87843
7.95242
8.01958
8.07904
8.12994
8.17139
8.20258
8.22269
8.23094
8.22671
8.20937
8.17841
8.13353
8.0745
8.00122
7.91386
7.81277
7.69849
7.57152
7.43415
7.30618
7.18825
7.05986
6.92033
6.77141
6.61079
6.45673
6.2523
6.19734
5.71288
6.45524
3.98979
9.45983
4.15324
4.1252
4.09515
4.06432
4.03205
3.99781
3.96158
3.9234
3.88314
3.84072
3.79615
3.74955
3.70081
3.64901
3.59238
3.52969
3.46146
3.38934
3.31495
3.2396
3.16459
3.09137
3.02069
2.95118
2.87927
2.80032
2.70976
2.60451
2.48562
2.35818
2.22666
2.09169
1.95152
1.80472
1.65086
1.49015
1.32279
1.14885
0.968318
0.781245
0.587789
0.38819
0.182783
-0.0279881
-0.243619
-0.463444
-0.686706
-0.912516
-1.13982
-1.3675
-1.59424
-1.81861
-2.03908
-2.25403
-2.46173
-2.6604
-2.84823
-3.0234
-3.1841
-3.32869
-3.45551
-3.56318
-3.65037
-3.71626
-3.75956
-3.78107
-3.77798
-3.75877
-3.72043
-3.68119
-3.59777
-3.54832
-3.37899
-3.38122
-3.00884
-3.27447
-2.33348
-3.53694
-0.855423
-5.16827
4.17705
4.20007
4.22448
4.25002
4.27689
4.30509
4.33471
4.36579
4.39841
4.43262
4.46849
4.50609
4.54548
4.58674
4.62992
4.67508
4.72231
4.77165
4.82318
4.87695
4.93302
4.99143
5.05224
5.11547
5.18117
5.24935
5.32
5.39311
5.4687
5.54673
5.62712
5.70979
5.79463
5.88156
5.97038
6.06087
6.15284
6.24605
6.34017
6.43483
6.52966
6.6242
6.71797
6.81046
6.90104
6.98912
7.07397
7.1549
7.23114
7.3019
7.36637
7.42373
7.47306
7.5136
7.54455
7.56507
7.57446
7.57211
7.55735
7.52982
7.48918
7.43515
7.36778
7.28727
7.19399
7.0883
6.9722
6.86253
6.76054
6.64868
6.5263
6.3948
6.25272
6.1143
5.93521
5.87757
5.46259
6.10919
3.87719
9.02265
3.62476
3.60144
3.57638
3.55061
3.52366
3.4951
3.46489
3.43303
3.39946
3.36406
3.32666
3.28713
3.24546
3.20186
3.15669
3.10983
3.06055
3.0084
2.95396
2.89816
2.84124
2.7826
2.72127
2.65647
2.58698
2.51118
2.42846
2.33973
2.24569
2.14558
2.03885
1.92638
1.80892
1.68643
1.55849
1.42483
1.28531
1.13991
0.988658
0.831602
0.668809
0.500394
0.326546
0.147553
-0.0362626
-0.22443
-0.416423
-0.611602
-0.809189
-1.00833
-1.20801
-1.40711
-1.6044
-1.79855
-1.98809
-2.17147
-2.34711
-2.51336
-2.66856
-2.81106
-2.93928
-3.05172
-3.14698
-3.224
-3.28136
-3.31931
-3.33538
-3.33361
-3.31365
-3.291
-3.23224
-3.19734
-3.06508
-3.0684
-2.76116
-2.98891
-2.1748
-3.25603
-0.816085
-4.87064
3.64471
3.66408
3.6846
3.70608
3.7287
3.75244
3.77739
3.80361
3.83113
3.86002
3.89035
3.92216
3.9555
3.99048
4.02712
4.06547
4.10564
4.14766
4.19161
4.23752
4.28546
4.33552
4.38772
4.44209
4.49869
4.55756
4.61873
4.68218
4.74796
4.81608
4.88648
4.9591
5.03393
5.11094
5.18995
5.27082
5.35343
5.43766
5.52321
5.60984
5.69726
5.78508
5.87299
5.96056
6.04726
6.13263
6.21606
6.2969
6.37455
6.44826
6.51732
6.58098
6.63837
6.68871
6.7313
6.76527
6.78981
6.80432
6.80805
6.80048
6.78116
6.74971
6.70599
6.64998
6.58184
6.50187
6.41156
6.32423
6.24187
6.15043
6.04939
5.93966
5.82102
5.70206
5.55691
5.49277
5.17656
5.68402
3.7799
8.48558
3.07998
3.06159
3.04183
3.02149
3.00022
2.97768
2.95384
2.92871
2.90224
2.87431
2.84481
2.81363
2.78091
2.74695
2.71229
2.67763
2.64324
2.60848
2.5718
2.53179
2.48779
2.43959
2.38671
2.32875
2.26585
2.19896
2.129
2.05645
1.98158
1.90377
1.82129
1.73284
1.63879
1.54029
1.43773
1.33076
1.21893
1.10209
0.980165
0.853209
0.721209
0.584225
0.442299
0.295577
0.144251
-0.0114274
-0.171102
-0.334375
-0.500725
-0.669536
-0.8401
-1.01162
-1.18312
-1.35359
-1.52187
-1.68669
-1.84672
-2.00054
-2.14667
-2.2836
-2.40979
-2.52382
-2.62419
-2.70975
-2.7789
-2.8316
-2.86527
-2.88074
-2.87796
-2.87344
-2.83675
-2.8222
-2.71876
-2.74029
-2.47409
-2.70736
-1.96052
-3.01345
-0.699463
-4.6816
3.09586
3.11136
3.12776
3.14496
3.16308
3.18212
3.20214
3.2232
3.24532
3.26858
3.29301
3.31865
3.34557
3.37385
3.40349
3.43457
3.46718
3.50133
3.53712
3.57458
3.61375
3.65476
3.6976
3.74231
3.78898
3.83764
3.88836
3.94114
3.99601
4.05301
4.11215
4.17338
4.23677
4.30227
4.3698
4.4393
4.5107
4.58391
4.65877
4.7351
4.81272
4.89138
4.97085
5.05076
5.1308
5.21059
5.28962
5.36739
5.44343
5.51712
5.5878
5.65489
5.71758
5.77518
5.827
5.87223
5.91008
5.93989
5.96087
5.97242
5.97399
5.96511
5.94545
5.91478
5.87308
5.82046
5.75811
5.69528
5.6346
5.56604
5.48907
5.40431
5.31212
5.21819
5.10692
5.05419
4.81036
5.26826
3.53211
8.14781
2.62045
2.60573
2.58992
2.57364
2.55661
2.53856
2.51945
2.4993
2.47809
2.45572
2.43212
2.4072
2.38093
2.35323
2.32401
2.29328
2.26104
2.22743
2.1925
2.15578
2.11651
2.07439
2.03009
1.98459
1.93829
1.891
1.84201
1.79024
1.73428
1.67324
1.60738
1.53713
1.46236
1.38302
1.29967
1.21278
1.12221
1.02763
0.928796
0.825636
0.718146
0.606365
0.490291
0.369991
0.245548
0.117105
-0.0151188
-0.150873
-0.289803
-0.431497
-0.575448
-0.721088
-0.867705
-1.01451
-1.16065
-1.3051
-1.44678
-1.58454
-1.71713
-1.84325
-1.96152
-2.07063
-2.16918
-2.25602
-2.32957
-2.38962
-2.43356
-2.46018
-2.46928
-2.47776
-2.45771
-2.45917
-2.37878
-2.41664
-2.18364
-2.42702
-1.73331
-2.77728
-0.560241
-4.5045
2.63327
2.64584
2.65913
2.67307
2.68776
2.70322
2.71948
2.73657
2.75455
2.77346
2.79332
2.81417
2.8361
2.85913
2.88328
2.90865
2.93526
2.96317
2.99245
3.02312
3.05521
3.08883
3.12401
3.16079
3.19924
3.23938
3.28127
3.32496
3.37047
3.41783
3.46708
3.51822
3.57128
3.62628
3.68315
3.74189
3.80247
3.86481
3.92883
3.99445
4.06152
4.1299
4.19938
4.26974
4.34078
4.41218
4.48357
4.55458
4.62481
4.69384
4.76106
4.82601
4.88807
4.94658
5.00096
5.05049
5.09444
5.13219
5.16299
5.18623
5.20136
5.20779
5.20512
5.19304
5.17136
5.14008
5.10011
5.05741
5.01487
4.96579
4.90966
4.84698
4.77848
4.70797
4.62751
4.58894
4.40934
4.8412
3.24269
7.81956
2.2047
2.19289
2.18023
2.16716
2.15348
2.139
2.12367
2.10749
2.09047
2.07251
2.05356
2.03357
2.01251
1.99029
1.96683
1.94212
1.91608
1.8887
1.86003
1.83018
1.79918
1.76657
1.73165
1.69424
1.65498
1.61479
1.57401
1.53227
1.48877
1.44235
1.39192
1.33721
1.27855
1.21604
1.14949
1.07914
1.00562
0.929105
0.849344
0.766028
0.679017
0.58831
0.493928
0.395913
0.294302
0.189163
0.0806252
-0.0311554
-0.145941
-0.263463
-0.383345
-0.505201
-0.628505
-0.752666
-0.877041
-1.00084
-1.12322
-1.24326
-1.35995
-1.4722
-1.57884
-1.67876
-1.77068
-1.85357
-1.92595
-1.98757
-2.03588
-2.06852
-2.08501
-2.10192
-2.09395
-2.1068
-2.0453
-2.09501
-1.89257
-2.14091
-1.50145
-2.52811
-0.417404
-4.29136
2.21504
2.22518
2.23592
2.24719
2.25906
2.27158
2.28473
2.29856
2.31312
2.32844
2.34454
2.36146
2.37926
2.39796
2.41759
2.43822
2.45988
2.48261
2.50647
2.53148
2.5577
2.58518
2.61396
2.6441
2.67563
2.7086
2.74304
2.77902
2.81655
2.85568
2.89645
2.93885
2.98294
3.02872
3.07617
3.12532
3.17613
3.22857
3.28261
3.33818
3.39519
3.45355
3.51311
3.57374
3.63527
3.69748
3.76011
3.82287
3.88545
3.94752
4.00864
4.0684
4.12634
4.18189
4.23459
4.28381
4.32893
4.36941
4.40459
4.43388
4.45677
4.47267
4.48116
4.48192
4.47465
4.45929
4.43653
4.40979
4.38193
4.34893
4.31035
4.26666
4.2188
4.16947
4.11674
4.0923
3.97339
4.37885
2.93087
7.40144
1.81861
1.80932
1.79936
1.78907
1.7783
1.76689
1.75483
1.7421
1.7287
1.71457
1.69967
1.68394
1.66736
1.64987
1.63142
1.61197
1.59147
1.56986
1.54712
1.52323
1.49823
1.47226
1.44525
1.41669
1.38591
1.35289
1.31839
1.28321
1.24763
1.21119
1.17303
1.13205
1.08752
1.03946
0.988032
0.933149
0.874875
0.813716
0.750104
0.683943
0.614911
0.542812
0.467588
0.389272
0.307898
0.223503
0.13615
0.0459282
-0.0470165
-0.142496
-0.240269
-0.340046
-0.441467
-0.544092
-0.647437
-0.750917
-0.853877
-0.955601
-1.05528
-1.15205
-1.24493
-1.33301
-1.4152
-1.49061
-1.55792
-1.61689
-1.66515
-1.69981
-1.72013
-1.74174
-1.7419
-1.76233
-1.71569
-1.77351
-1.59782
-1.84753
-1.25972
-2.26366
-0.262894
-4.0434
1.82678
1.8348
1.84331
1.85224
1.86165
1.87156
1.88199
1.89296
1.9045
1.91665
1.92944
1.9429
1.95704
1.97191
1.98754
2.00397
2.02124
2.03935
2.05838
2.07837
2.09935
2.12133
2.14439
2.16854
2.19386
2.22036
2.24807
2.27705
2.30734
2.33898
2.37198
2.40637
2.4422
2.47948
2.5182
2.55839
2.60006
2.64319
2.68775
2.7337
2.78101
2.82961
2.87941
2.93032
2.9822
3.03491
3.08829
3.1421
3.1961
3.25005
3.30362
3.35647
3.40829
3.45857
3.50696
3.55296
3.59606
3.63578
3.67158
3.70293
3.72937
3.7504
3.76559
3.77463
3.77725
3.77332
3.76334
3.74884
3.73254
3.71244
3.68821
3.66036
3.6299
3.59901
3.57002
3.5586
3.49363
3.8715
2.57362
6.90236
1.46402
1.45688
1.4492
1.44126
1.43295
1.42415
1.41485
1.40503
1.39469
1.38379
1.37228
1.36014
1.34733
1.33382
1.31958
1.30457
1.28873
1.27202
1.25439
1.23584
1.21632
1.19585
1.1745
1.15237
1.12927
1.10466
1.07799
1.04938
1.0197
0.989662
0.959333
0.928135
0.895172
0.859591
0.821002
0.779485
0.735062
0.68769
0.637734
0.58573
0.531789
0.475665
0.417115
0.356067
0.292541
0.226574
0.158201
0.0874502
0.014392
-0.0608519
-0.138138
-0.217252
-0.297966
-0.379963
-0.462897
-0.546349
-0.629825
-0.712782
-0.794609
-0.874632
-0.952098
-1.02625
-1.09621
-1.16126
-1.22027
-1.27309
-1.31755
-1.35083
-1.37181
-1.39483
-1.39955
-1.42401
-1.38829
-1.45078
-1.29749
-1.54564
-1.00382
-1.98162
-0.0876324
-3.75692
1.47033
1.47652
1.48308
1.48996
1.49721
1.50485
1.5129
1.52135
1.53025
1.53963
1.54949
1.55987
1.57077
1.58224
1.59431
1.607
1.62032
1.63431
1.64902
1.66446
1.68067
1.69768
1.71552
1.73422
1.75383
1.77437
1.79586
1.81837
1.8419
1.86651
1.89221
1.91902
1.94701
1.97616
2.00649
2.03803
2.0708
2.10477
2.13997
2.17638
2.21393
2.25265
2.29247
2.3333
2.37507
2.4177
2.46107
2.50501
2.54936
2.59395
2.63851
2.68281
2.72662
2.76954
2.81128
2.8515
2.88976
2.92567
2.9588
2.98875
3.01509
3.0374
3.05534
3.06861
3.07697
3.08031
3.07896
3.07321
3.06538
3.05495
3.04169
3.02621
3.00949
2.99357
2.98345
2.9825
2.96287
3.31192
2.15289
6.32158
1.09796
1.09271
1.08706
1.08121
1.07509
1.06862
1.06178
1.05457
1.04697
1.03896
1.0305
1.02159
1.0122
1.0023
0.991865
0.980869
0.969274
0.957051
0.944165
0.93059
0.916284
0.901239
0.885461
0.868977
0.851871
0.834194
0.815674
0.795703
0.773892
0.750647
0.726867
0.703113
0.679255
0.654715
0.628701
0.600619
0.570305
0.537694
0.502649
0.465356
0.426291
0.385652
0.343203
0.298648
0.251888
0.203
0.1521
0.0992665
0.0445647
-0.0119342
-0.0701243
-0.129855
-0.190948
-0.253183
-0.316311
-0.380031
-0.443992
-0.5078
-0.571013
-0.63315
-0.69365
-0.75195
-0.807387
-0.859451
-0.907191
-0.950599
-0.987791
-1.01649
-1.03517
-1.0565
-1.06238
-1.08746
-1.05881
-1.12245
-0.987062
-1.23001
-0.729099
-1.67222
0.111071
-3.3906
1.10263
1.10722
1.11208
1.11719
1.12258
1.12826
1.13425
1.14055
1.14719
1.15418
1.16154
1.16928
1.17745
1.18604
1.19508
1.20459
1.21459
1.22511
1.23618
1.2478
1.26001
1.27284
1.28632
1.30045
1.31529
1.33084
1.34713
1.3642
1.38208
1.40077
1.42032
1.44072
1.46204
1.48425
1.50738
1.53146
1.55649
1.58246
1.60938
1.63726
1.66605
1.69576
1.72635
1.75775
1.78995
1.82285
1.85639
1.89048
1.92498
1.95977
1.99467
2.02955
2.0642
2.09837
2.13185
2.16437
2.19564
2.22536
2.25321
2.2789
2.30207
2.32241
2.33971
2.35365
2.36406
2.3709
2.37435
2.37396
2.37173
2.36789
2.36235
2.35576
2.34887
2.34373
2.34636
2.35037
2.36373
2.6808
1.6384
5.59911
0.799044
0.795453
0.791605
0.787626
0.78346
0.779043
0.774368
0.769443
0.764246
0.758744
0.752945
0.746827
0.740362
0.733544
0.726355
0.718757
0.710734
0.702276
0.693349
0.68392
0.673967
0.663468
0.652399
0.64076
0.628578
0.615889
0.602764
0.589182
0.574728
0.558776
0.541186
0.522627
0.503916
0.485229
0.466055
0.445633
0.423355
0.399129
0.373146
0.345457
0.316195
0.285921
0.25513
0.223763
0.191438
0.157848
0.122891
0.0866072
0.0490637
0.0103056
-0.0296208
-0.0706492
-0.112681
-0.155588
-0.199209
-0.24336
-0.287807
-0.332286
-0.376497
-0.420124
-0.462775
-0.504075
-0.543558
-0.580908
-0.615393
-0.647139
-0.674579
-0.69643
-0.710579
-0.727783
-0.732024
-0.75492
-0.729837
-0.79178
-0.669516
-0.903907
-0.438536
-1.33172
0.325902
-2.89591
0.802188
0.805237
0.808477
0.811871
0.815444
0.8192
0.823147
0.827301
0.831677
0.836273
0.841096
0.846163
0.851495
0.857102
0.862988
0.869161
0.875645
0.882466
0.88962
0.897122
0.904985
0.913241
0.921913
0.930991
0.940502
0.950469
0.960912
0.971844
0.983286
0.995263
1.00778
1.02086
1.03454
1.0488
1.06367
1.07918
1.09536
1.11217
1.12963
1.14778
1.16658
1.18602
1.20611
1.22683
1.24815
1.27002
1.2924
1.31525
1.33848
1.36201
1.38573
1.40955
1.43332
1.45691
1.48017
1.5029
1.5249
1.546
1.56596
1.58461
1.60168
1.61696
1.63034
1.64157
1.65057
1.65732
1.66196
1.66403
1.66442
1.66378
1.66218
1.66028
1.65861
1.65955
1.6693
1.67354
1.70653
1.98889
1.04258
4.67066
0.334698
0.332348
0.329809
0.327173
0.324413
0.321491
0.3184
0.315139
0.311695
0.308052
0.304207
0.300147
0.295849
0.291302
0.286502
0.281417
0.276027
0.27032
0.26427
0.257847
0.251027
0.243778
0.236066
0.227862
0.21914
0.209861
0.199943
0.189259
0.177652
0.164987
0.151293
0.137474
0.126242
0.121736
0.127499
0.144376
0.169676
0.197693
0.22129
0.234287
0.233522
0.219711
0.196931
0.170563
0.144374
0.119428
0.0952141
0.0710544
0.0466711
0.0220994
-0.00256092
-0.0272591
-0.0519881
-0.0767337
-0.10146
-0.126121
-0.150648
-0.174952
-0.198924
-0.222443
-0.24534
-0.267459
-0.288572
-0.308576
-0.326991
-0.344101
-0.358651
-0.370725
-0.37781
-0.388325
-0.388219
-0.406025
-0.381956
-0.437431
-0.329437
-0.53825
-0.136235
-0.891232
0.476726
-2.02213
0.336807
0.33891
0.341151
0.343503
0.345989
0.348607
0.351356
0.354266
0.357344
0.360583
0.363987
0.367571
0.371356
0.375342
0.379531
0.383935
0.388571
0.393457
0.398578
0.403953
0.409605
0.415535
0.421751
0.428259
0.435071
0.442194
0.449644
0.457415
0.465518
0.47397
0.482758
0.491899
0.501382
0.511208
0.521379
0.531897
0.542762
0.553948
0.565468
0.577307
0.589436
0.601852
0.614552
0.627512
0.640699
0.654108
0.667693
0.681427
0.695276
0.709187
0.723127
0.737025
0.750828
0.764462
0.777869
0.790958
0.803645
0.815882
0.827534
0.838509
0.848679
0.857941
0.866229
0.87338
0.87936
0.884164
0.887868
0.889862
0.891194
0.892363
0.893535
0.895133
0.896843
0.899769
0.908187
0.899595
0.917134
1.14951
0.30661
3.20877
0.285528
0.285494
0.285482
0.285474
0.285455
0.285431
0.285404
0.285371
0.285331
0.285292
0.285256
0.285222
0.285188
0.28516
0.285147
0.285155
0.285188
0.285257
0.285372
0.285555
0.285828
0.286213
0.286727
0.287342
0.287986
0.288594
0.289276
0.290657
0.294132
0.301753
0.31527
0.334186
0.353854
0.365493
0.358899
0.326603
0.267299
0.187474
0.100644
0.0237075
-0.0292078
-0.0528098
-0.0525648
-0.0402891
-0.0266669
-0.0168587
-0.011172
-0.00808147
-0.00644446
-0.0059533
-0.00667231
-0.00862542
-0.0117079
-0.015763
-0.0206309
-0.0261663
-0.0322301
-0.0386825
-0.045387
-0.0522219
-0.0590648
-0.0658224
-0.0723656
-0.0787
-0.0845639
-0.0903381
-0.0952267
-0.100349
-0.102271
-0.107144
-0.104502
-0.11599
-0.0975731
-0.136811
-0.063592
-0.200227
0.0487194
-0.383774
0.386677
-0.869162
0.285535
0.285502
0.285457
0.285392
0.285315
0.285221
0.285099
0.284957
0.284794
0.284602
0.284378
0.28412
0.283831
0.283504
0.283135
0.282721
0.282262
0.28176
0.281201
0.280589
0.279929
0.27921
0.278431
0.277596
0.276706
0.275757
0.274758
0.273705
0.272604
0.271467
0.270295
0.269098
0.267878
0.266654
0.265437
0.264235
0.263064
0.261935
0.260875
0.259887
0.25898
0.258172
0.25748
0.256907
0.256461
0.256157
0.255988
0.255962
0.256077
0.256341
0.256757
0.257303
0.257972
0.258729
0.259544
0.260363
0.261147
0.26188
0.262495
0.26298
0.26332
0.263521
0.263596
0.263532
0.263434
0.263304
0.263332
0.264694
0.264225
0.262617
0.259955
0.256698
0.253312
0.252666
0.261003
0.264172
0.287043
0.416068
-0.0250714
1.35945
)
;

boundaryField
{
    inlet
    {
        type            freestreamPressure;
        freestreamValue uniform 0;
        value           nonuniform List<scalar> 
134
(
0.755915
0.0594611
-0.668206
-1.30006
-1.7564
-2.03473
-2.08113
-1.89083
-1.46766
-0.688703
-0.128719
-0.208074
-0.34833
-0.481052
-0.615526
-0.756436
-0.905042
-1.06211
-1.22985
-1.41225
1.43499
-1.61478
-1.84015
-2.07778
-2.30072
-2.46133
-2.53884
-2.67572
-2.6788
-2.73089
-3.25565
-2.99433
-3.00453
-3.06171
-3.10406
-3.1247
-3.14462
-3.19742
-3.33088
-3.49302
2.07349
2.7293
3.28145
3.58032
3.51583
2.89999
1.54179
-3.84795
-3.76239
-3.62966
-3.54328
-3.47913
-3.40738
-3.32666
-3.24406
-3.16168
-3.07832
-2.99298
-2.90564
-2.81633
-2.72451
-2.6293
-2.52911
-2.4212
-2.30281
-2.17024
-2.08604
-2.00711
-1.91206
-1.80143
-1.67358
-1.51011
-1.28941
-0.900051
-0.386655
0.521793
1.16302
1.87835
2.58784
3.27936
3.9364
4.49461
4.92118
5.22581
5.41845
5.52559
5.57688
5.5981
5.61007
5.64317
5.74617
5.93803
6.14764
6.31965
6.46065
6.58277
6.68828
6.77337
6.8361
6.87763
6.90176
6.91742
6.94275
7.02368
7.23001
7.67574
7.86519
7.67913
7.46453
7.32765
7.21597
7.08891
6.94974
6.80895
6.66774
6.52327
6.37391
6.21892
6.05738
5.88748
5.70641
5.51054
5.29297
5.04868
4.7485
4.55994
4.37684
4.14355
3.86502
3.5408
3.13722
2.61814
1.7995
0.762971
)
;
    }
    outlet
    {
        type            freestreamPressure;
        freestreamValue uniform 0;
        value           nonuniform List<scalar> 
160
(
0.000733727
0.0007338
0.000733583
0.000733774
0.000733487
0.000733726
0.000733397
0.000733631
0.000733277
0.000733506
0.000733139
0.000733345
0.000732988
0.000733119
0.000732817
0.000732847
0.000732623
0.000732524
0.000732423
0.000732136
0.000732227
0.000731675
0.00073203
0.000731132
0.000731827
0.000730518
0.000731629
0.000729814
0.000731465
0.000729014
0.000731344
0.00072811
0.000731279
0.000727099
0.000731295
0.00072599
0.000731418
0.000724746
0.000731701
0.000723381
0.000732201
0.000721907
0.000732977
0.000720295
0.000734087
0.000718546
0.000735483
0.000716671
0.000736989
0.000714671
0.000738399
0.000712541
0.000739871
0.000710303
0.000742782
0.000707951
0.00075048
0.000705498
0.000768127
0.000702978
0.000800426
0.000700396
0.00084676
0.000697778
0.000896345
0.000695135
0.000927778
0.000692513
0.000914992
0.000689947
0.00083722
0.000687461
0.000688579
0.000685095
0.000484285
0.000682885
0.000259927
0.000680903
6.10455e-05
0.000679166
-7.48628e-05
0.000677694
-0.000134712
0.000676542
-0.00013358
0.000675765
-0.000102154
0.000675372
-6.75551e-05
0.000675396
-4.27052e-05
0.000675882
-2.83062e-05
0.000676822
-2.04797e-05
0.000678247
-1.63332e-05
0.000680164
-1.50898e-05
0.000682605
-1.69145e-05
0.000685591
-2.18699e-05
0.000689082
-2.96937e-05
0.000693071
-3.99923e-05
0.000697483
-5.23672e-05
0.000702252
-6.6457e-05
0.000707258
-8.19186e-05
0.000712401
-9.84083e-05
0.000717662
-0.000115593
0.000722875
-0.000133177
0.000728018
-0.000150866
0.000733071
-0.000168438
0.00073806
-0.00018558
0.000743041
-0.000202319
0.000747997
-0.000218012
0.000753232
-0.000233625
0.000758795
-0.000247175
0.000765258
-0.000261318
0.00077507
-0.000267284
0.000779036
-0.000280857
0.000780269
-0.000275496
0.000778975
-0.000306365
0.000776538
-0.000260571
0.000774394
-0.000363708
0.000781395
-0.000173619
0.000817407
-0.000531115
0.000840107
0.000139163
0.00092719
-0.000982852
0.00136427
0.00122868
-8.73785e-05
-0.00192577
0.00430043
)
;
    }
    walls
    {
        type            zeroGradient;
    }
    frontAndBack
    {
        type            empty;
    }
}


// ************************************************************************* //
