/*--------------------------------*- C++ -*----------------------------------*\
| =========                 |                                                 |
| \\      /  F ield         | OpenFOAM: The Open Source CFD Toolbox           |
|  \\    /   O peration     | Version:  2412                                  |
|   \\  /    A nd           | Website:  www.openfoam.com                      |
|    \\/     M anipulation  |                                                 |
\*---------------------------------------------------------------------------*/
FoamFile
{
    version     2.0;
    format      ascii;
    arch        "LSB;label=32;scalar=64";
    class       volScalarField;
    location    "450";
    object      p;
}
// * * * * * * * * * * * * * * * * * * * * * * * * * * * * * * * * * * * * * //

dimensions      [0 2 -2 0 0 0 0];

internalField   nonuniform List<scalar> 
10720
(
-23.1766
-94.2267
-178.156
-261.762
-340.074
-420.348
-492.42
-553.88
-607.985
-651.249
-685.308
-711.117
-729.652
-742.166
-748.757
-748.84
-743.203
-730.673
-712.546
-688.38
-660.842
-631.9
-605.21
-575.938
-535.683
-485.981
-435.596
-390.965
-351.877
-315.075
-278.706
-242.518
-206.529
-170.387
-133.696
-95.3811
-55.487
-8.45781
31.6106
47.1341
110.865
177.69
239.193
290.656
327.786
346.974
351.441
345.333
327.854
303.625
277.921
252.642
228.53
206.265
185.533
166.29
148.026
130.446
113.011
95.6679
78.0871
60.3741
42.9743
27.8799
16.1789
6.72486
-0.788859
-6.17752
-9.49539
-11.0068
-10.8577
-9.12566
-5.81224
-0.895825
6.02332
15.5999
31.3503
57.8115
72.5752
18.8216
-41.8177
-106.729
-173.893
-243.062
-310.691
-374.634
-434.121
-487.322
-533.779
-573.469
-606.471
-632.703
-652.067
-663.97
-669.088
-667.268
-659.419
-645.731
-628.193
-608.543
-588.756
-564.396
-528.316
-481.636
-433.054
-389.236
-350.485
-313.882
-277.653
-241.571
-205.686
-169.667
-133.11
-94.9221
-55.1336
-8.11921
31.3261
120.675
166.244
211.289
254.16
291.197
319.622
336.341
341.696
336.799
322.615
302.756
280.507
257.529
234.753
212.91
192.155
172.533
153.804
135.739
117.97
100.387
82.7656
65.1978
48.1397
33.1593
21.2281
11.5976
3.81426
-2.16052
-6.22071
-8.38447
-8.75236
-7.42756
-4.43833
0.22716
6.95851
16.3926
32.0541
57.5115
84.041
35.8122
-18.8675
-79.5559
-142.899
-208.275
-274.066
-337.594
-397.231
-451.892
-500.245
-541.875
-576.282
-603.303
-623.3
-636.522
-643.133
-643.09
-636.878
-624.909
-608.546
-589.318
-568.812
-544.61
-511.436
-469.168
-424.466
-383.166
-345.956
-310.484
-275.182
-239.832
-204.47
-168.792
-132.454
-94.4262
-54.7635
-7.86761
31.3634
127.279
168.911
209.924
248.296
280.813
305.757
321.217
327.321
324.508
313.648
297.19
277.504
256.273
234.633
213.4
192.962
173.444
154.757
136.72
119.054
101.605
84.2204
66.9665
50.2528
35.315
23.1011
13.1981
5.21772
-0.85797
-4.93875
-7.10315
-7.51508
-6.29233
-3.44095
1.0851
7.6937
17.0305
32.5431
57.017
102.534
62.0911
15.6254
-35.7651
-90.0185
-147.114
-205.381
-263.034
-318.732
-371.273
-419.482
-462.605
-500.039
-531.51
-556.837
-576.213
-589.273
-595.794
-595.926
-590.025
-579.009
-564.07
-546.331
-524.381
-494.531
-456.462
-415.344
-376.345
-340.531
-306.132
-271.782
-237.253
-202.569
-167.448
-131.545
-93.8402
-54.4039
-7.77165
31.383
138.569
172.93
207.108
239.688
267.678
289.718
304.268
310.991
309.981
301.99
288.749
272.079
253.41
233.81
214.065
194.635
175.741
157.424
139.593
122.075
104.748
87.5273
70.4869
54.0089
39.1109
26.6843
16.5347
8.3062
1.94705
-2.48186
-5.0466
-5.85266
-4.97322
-2.39598
1.9276
8.39252
17.622
32.9422
56.4611
106.215
70.2527
28.7417
-17.4718
-66.3781
-118.431
-172.252
-226.227
-279.341
-330.402
-378.228
-421.974
-460.899
-494.424
-522.165
-543.927
-559.264
-568.16
-570.654
-567.161
-558.418
-545.462
-529.177
-508.653
-481.099
-446.036
-407.535
-370.22
-335.422
-301.83
-268.245
-234.42
-200.363
-165.796
-130.376
-93.1015
-54.0237
-7.81278
31.1969
138.332
168.795
199.199
228.208
253.186
273.193
287.053
294.235
294.697
289.087
278.632
264.712
248.477
230.871
212.647
194.299
176.134
158.293
140.783
123.52
106.429
89.4701
72.7276
56.5522
41.7809
29.2239
18.8577
10.3969
3.79465
-0.882079
-3.6623
-4.64153
-3.8967
-1.43392
2.78815
9.1579
18.2834
33.3681
55.8874
107.648
75.8034
38.8712
-2.21112
-45.6792
-92.2752
-140.723
-189.738
-238.584
-286.18
-331.532
-373.843
-412.329
-446.327
-475.346
-499.006
-517.038
-529.259
-535.569
-536.137
-531.407
-522.095
-508.783
-490.838
-466.204
-434.438
-398.839
-363.545
-330.059
-297.455
-264.699
-231.575
-198.119
-164.088
-129.15
-92.3243
-53.6681
-8.02293
30.7795
136.101
163
190.055
216.07
238.613
257
270.267
277.752
279.347
275.63
267.504
256.037
242.137
226.602
210.107
193.129
175.999
158.923
141.978
125.158
108.438
91.823
75.4141
59.5428
44.9201
32.2818
21.7333
13.0717
6.25463
1.34547
-1.67446
-2.89682
-2.39492
-0.165653
3.84645
10.0341
18.9888
33.7741
55.2679
105.687
76.9579
43.5579
6.38026
-32.8693
-75.1587
-119.358
-164.344
-209.63
-254.262
-297.382
-338.286
-376.186
-410.387
-440.321
-465.496
-485.486
-499.915
-508.564
-511.506
-509.102
-501.932
-490.456
-474.302
-452.011
-423.153
-390.276
-356.955
-324.77
-293.143
-261.215
-228.79
-195.914
-162.381
-127.906
-91.5511
-53.3908
-8.42958
30.1016
131.387
155.615
180.12
203.796
224.406
241.501
254.234
261.877
264.345
262.124
255.915
246.558
234.771
221.202
206.431
190.885
174.892
158.693
142.421
126.131
109.853
93.6333
77.5943
62.0502
47.6152
34.9564
24.2696
15.4321
8.41225
3.2722
0.00807736
-1.45079
-1.16536
0.874543
4.72802
10.78
19.5954
34.075
54.5686
102.361
76.282
45.908
12.1321
-23.4209
-61.8395
-102.085
-143.179
-184.808
-226.162
-266.502
-305.243
-341.667
-375.1
-404.942
-430.648
-451.698
-467.759
-478.567
-484.053
-484.372
-479.865
-470.796
-456.901
-437.153
-411.204
-381.051
-349.779
-319.007
-288.457
-257.449
-225.809
-193.589
-160.61
-126.623
-90.7492
-53.151
-8.98376
29.1336
125.73
147.72
170.093
191.825
210.833
226.847
239.078
246.777
249.9
248.85
244.198
236.627
226.707
214.959
201.867
187.791
173.036
157.85
142.393
126.767
111.044
95.309
79.7011
64.5225
50.321
37.7037
26.9283
17.9488
10.7523
5.40294
1.91394
0.229781
0.296795
2.13076
5.796
11.6717
20.2978
34.3974
53.862
98.0528
74.1729
46.3332
15.403
-17.0461
-52.1627
-89.0076
-126.698
-165.064
-203.4
-241.093
-277.672
-312.493
-344.931
-374.404
-400.336
-422.182
-439.517
-451.984
-459.368
-461.691
-459.185
-452.026
-440.045
-422.533
-399.206
-371.603
-342.34
-313.005
-283.565
-253.503
-222.675
-191.142
-158.755
-125.291
-89.9207
-52.9039
-9.60024
27.9119
119.487
139.63
160.231
180.331
197.987
213.073
224.83
232.515
236.115
235.98
232.589
226.511
218.21
208.103
196.587
183.952
170.465
156.358
141.801
126.923
111.832
96.6422
81.5089
66.7271
52.7951
40.2706
29.4507
20.359
13.0062
7.46122
3.75227
1.8425
1.6894
3.31796
6.79735
12.4986
20.9317
34.6315
53.0926
93.2678
71.2729
45.6174
17.1522
-12.6092
-44.8377
-78.6592
-113.277
-148.621
-184.074
-219.135
-253.428
-286.385
-317.466
-346.117
-371.761
-393.851
-411.91
-425.573
-434.556
-438.734
-438.197
-433.001
-423.004
-407.711
-386.908
-361.786
-334.546
-306.706
-278.43
-249.356
-219.378
-188.566
-156.803
-123.897
-89.0687
-52.6394
-10.2603
26.5199
113.047
131.617
150.706
169.407
185.902
200.166
211.475
219.092
223.033
223.61
221.235
216.395
209.481
200.83
190.761
179.503
167.278
154.288
140.698
126.648
112.267
97.69
83.0866
68.7446
55.1272
42.7523
31.9411
22.776
15.2964
9.57841
5.66577
3.54065
3.17114
4.59082
7.87394
13.3815
21.5919
34.8396
52.2876
88.2467
67.8785
44.1144
17.7853
-9.64208
-39.3487
-70.5132
-102.409
-135.026
-167.829
-200.41
-232.482
-263.549
-293.143
-320.765
-345.872
-367.917
-386.415
-400.937
-411.16
-416.82
-417.909
-414.416
-406.214
-392.96
-374.489
-351.715
-326.462
-300.141
-273.065
-245.014
-215.92
-185.864
-154.758
-122.443
-88.1972
-52.3721
-10.9845
24.9998
106.598
123.815
141.595
159.08
174.563
188.089
198.966
206.48
210.657
211.786
210.227
206.413
200.678
193.3
184.539
174.57
163.565
151.695
139.105
125.935
112.322
98.4142
84.3869
70.5222
57.2594
45.084
34.3299
25.1283
17.5488
11.6778
7.57438
5.24026
4.65638
5.8664
8.94978
14.2554
22.2276
34.9942
51.444
83.1673
64.2243
42.121
17.6691
-7.71174
-35.1936
-63.9983
-93.4551
-123.603
-153.967
-184.214
-214.131
-243.293
-271.306
-297.723
-322.042
-343.747
-362.349
-377.388
-388.529
-395.415
-397.94
-396.02
-389.525
-378.202
-361.923
-341.383
-318.083
-293.306
-267.469
-240.478
-212.303
-183.038
-152.624
-120.934
-87.3105
-52.1232
-11.7836
23.3576
100.271
116.306
132.939
149.349
163.941
176.795
187.253
194.641
198.971
200.524
199.623
196.655
191.917
185.643
178.049
169.263
159.417
148.644
137.065
124.808
112.009
98.8184
85.4116
72.0646
59.1982
47.2727
36.6263
27.4295
19.782
13.7832
9.50716
6.97559
6.18299
7.18242
10.0592
15.1482
22.8584
35.1071
50.5664
78.1406
60.4547
39.8224
17.0322
-6.53998
-32.0482
-58.7528
-86.0251
-113.943
-142.086
-170.169
-198.045
-225.352
-251.76
-276.885
-300.271
-321.438
-339.909
-355.212
-366.995
-374.847
-378.564
-378.018
-373.071
-363.526
-349.276
-330.842
-309.441
-286.215
-261.646
-235.746
-208.524
-180.085
-150.397
-119.369
-86.4074
-51.903
-12.6556
21.6037
94.1379
109.136
124.746
140.199
153.994
166.233
176.29
183.526
187.948
189.825
189.452
187.182
183.284
177.963
171.398
163.686
154.92
145.201
134.623
123.292
111.335
98.8971
86.1487
73.3568
60.9261
49.2965
38.8061
29.655
21.9717
15.8704
11.4403
8.72249
7.72686
8.51592
11.1815
16.0429
23.4721
35.1746
49.6581
73.2374
56.6714
37.3535
16.0471
-5.91321
-29.6592
-54.4851
-79.7943
-105.698
-131.812
-157.896
-183.853
-209.375
-234.191
-257.977
-280.328
-300.795
-318.934
-334.272
-346.445
-355.03
-359.737
-360.394
-356.854
-348.948
-336.577
-320.122
-300.557
-278.88
-255.602
-230.82
-204.582
-177.003
-148.078
-117.747
-85.4867
-51.7106
-13.5983
19.749
88.2468
102.318
117.016
131.606
144.681
156.349
166.021
173.091
177.557
179.679
179.729
178.033
174.842
170.338
164.676
157.927
150.156
141.435
131.828
121.419
110.318
98.6571
86.5982
74.3949
62.4368
51.147
40.8598
31.7965
24.1119
17.9359
13.373
10.4831
9.29254
9.87252
12.3222
16.9435
24.071
35.2007
48.7234
68.5014
52.9424
34.8067
14.8351
-5.68044
-27.8449
-50.979
-74.521
-98.5978
-122.859
-147.103
-171.269
-195.099
-218.372
-240.811
-262.065
-281.727
-299.382
-314.579
-326.936
-336.044
-341.541
-343.225
-340.934
-334.518
-323.872
-309.264
-291.461
-271.317
-249.344
-225.704
-200.477
-173.791
-145.664
-116.067
-84.5483
-51.5415
-14.6079
17.8009
82.6227
95.8613
109.733
123.541
135.956
147.095
156.399
163.291
167.763
170.066
170.454
169.23
166.633
162.83
157.956
152.066
145.202
137.41
128.731
119.224
108.978
98.1086
86.7621
75.1751
63.7224
52.8126
42.773
33.8393
26.1885
19.9667
15.2934
12.247
10.8705
11.2438
13.4738
17.8439
24.6509
35.1862
47.7667
63.9591
49.3133
32.2481
13.4853
-5.72776
-26.4623
-48.0667
-70.0097
-92.4276
-114.997
-137.551
-160.054
-182.288
-204.076
-225.188
-245.316
-264.101
-281.16
-296.067
-308.435
-317.88
-323.991
-326.536
-325.344
-320.268
-311.199
-298.307
-282.185
-263.547
-242.884
-220.402
-196.213
-170.45
-143.155
-114.33
-83.5925
-51.395
-15.6766
15.7652
77.2766
89.7613
102.881
115.974
127.783
138.426
147.379
154.084
158.532
160.966
161.624
160.789
158.691
155.486
151.297
146.166
140.122
133.187
125.384
116.746
107.342
97.266
86.6454
75.6972
64.7796
54.2859
44.5352
35.7717
28.1904
21.9532
17.1937
14.0081
12.4564
12.6268
14.6341
18.7422
25.2107
35.1339
46.7926
59.6274
45.8124
29.7223
12.0615
-5.97056
-25.4058
-45.6229
-66.1122
-87.0193
-108.046
-129.046
-150.006
-170.744
-191.117
-210.939
-229.942
-247.808
-264.191
-278.693
-290.934
-300.551
-307.117
-310.367
-310.122
-306.239
-298.599
-287.292
-272.761
-255.592
-236.235
-214.924
-191.792
-166.981
-140.552
-112.535
-82.619
-51.2696
-16.7961
13.6509
72.2107
84.0093
96.4386
108.875
120.122
130.299
138.915
145.431
149.831
152.357
153.227
152.712
151.033
148.339
144.744
140.282
134.973
128.823
121.836
114.027
105.44
96.1494
86.2593
75.965
65.6057
55.5601
46.1363
37.582
30.1059
23.884
19.0638
15.7578
14.0431
14.0155
15.798
19.6346
25.7483
35.0463
45.8056
55.513
42.4586
27.2644
10.6095
-6.34277
-24.5951
-43.5453
-62.7106
-82.238
-101.851
-121.421
-140.956
-160.297
-179.335
-197.915
-215.808
-232.737
-248.388
-262.398
-274.401
-284.05
-290.929
-294.74
-295.299
-292.467
-286.112
-276.259
-263.225
-247.476
-229.412
-209.277
-187.22
-163.387
-137.855
-110.683
-81.6264
-51.1648
-17.9578
11.4707
67.4221
78.5913
90.3846
102.214
112.939
122.676
130.968
137.291
141.629
144.213
145.251
144.999
143.673
141.415
138.333
134.46
129.805
124.367
118.135
111.106
103.304
94.7807
85.6177
75.9852
66.2022
56.6312
47.5682
39.2596
31.9236
25.7483
20.8938
17.4876
15.6234
15.4043
16.961
20.5179
26.2622
34.9265
44.8112
51.6172
39.2636
24.8932
9.16573
-6.79903
-23.9655
-41.7567
-59.7089
-77.9745
-96.2911
-114.546
-132.762
-150.803
-168.583
-185.977
-202.79
-218.781
-233.67
-247.125
-258.803
-268.369
-275.435
-279.676
-280.904
-278.984
-273.776
-265.248
-253.612
-239.226
-222.434
-203.474
-182.503
-159.67
-135.066
-108.773
-80.6143
-51.0782
-19.1531
9.23742
62.9045
73.4931
84.6984
95.9641
106.199
115.522
123.503
129.633
133.894
136.51
137.679
137.643
136.614
134.729
132.092
128.734
124.661
119.865
114.324
108.023
100.966
93.1841
84.7357
75.7668
66.5729
57.4979
48.8246
40.7953
33.633
27.5352
22.6734
19.1885
17.1897
16.7868
18.1181
21.3883
26.7508
34.7776
43.8146
47.9384
36.2333
22.6246
7.75306
-7.30148
-23.4702
-40.1947
-57.0347
-74.1412
-91.2662
-108.309
-125.305
-142.135
-158.734
-175.004
-190.776
-205.842
-219.956
-232.815
-244.1
-253.49
-260.634
-265.187
-266.96
-265.821
-261.625
-254.297
-243.959
-230.873
-215.322
-197.529
-177.651
-155.836
-132.187
-106.806
-79.581
-51.0066
-20.3733
6.96403
58.6489
68.7002
79.359
90.0986
99.8731
108.803
116.485
122.424
126.598
129.226
130.497
130.639
129.859
128.293
126.041
123.133
119.575
115.355
110.444
104.815
98.4587
91.3864
83.6342
75.3231
66.7236
58.1603
49.9013
42.1812
35.2242
29.2345
24.3924
20.851
18.7337
18.1564
19.2638
22.2421
27.2129
34.6027
42.8206
44.4717
33.3689
20.4681
6.39035
-7.82374
-23.0703
-38.8121
-54.6274
-70.6663
-86.6934
-102.62
-118.487
-134.193
-149.688
-164.893
-179.669
-193.834
-207.17
-219.405
-230.248
-239.39
-246.518
-251.28
-253.484
-253.005
-249.695
-243.444
-234.302
-222.446
-208.098
-191.457
-172.673
-151.891
-129.221
-104.783
-78.5247
-50.9454
-21.6082
4.66499
54.6465
64.1973
74.3461
84.5924
93.9341
102.492
109.887
115.636
119.716
122.34
123.686
123.975
123.406
122.113
120.193
117.679
114.576
110.87
106.529
101.518
95.8147
89.415
82.3345
74.6686
66.6628
58.6213
50.7959
43.4112
36.6886
30.836
26.0406
22.4655
20.2468
19.5057
20.3924
23.0755
27.6475
34.4054
41.8347
41.2114
30.6699
18.428
5.08951
-8.34468
-22.7373
-37.5692
-52.4386
-67.4901
-82.5045
-97.3993
-112.223
-126.884
-141.347
-155.553
-169.378
-182.672
-195.24
-206.839
-217.205
-226.043
-233.077
-237.957
-240.49
-240.558
-238.015
-232.724
-224.677
-213.976
-200.787
-185.276
-167.582
-147.842
-126.172
-102.705
-77.4436
-50.8899
-22.8471
2.35523
50.8857
59.9693
69.6398
79.4226
88.3559
96.5609
103.679
109.241
113.222
115.829
117.232
117.64
117.25
116.191
114.559
112.389
109.687
106.439
102.611
98.1634
93.065
87.2971
80.8579
73.8193
66.4015
58.8864
51.5086
44.4807
38.0187
32.3305
27.6083
24.0225
21.7202
20.8273
21.498
23.8846
28.0534
34.1888
40.862
38.1501
28.1329
16.5077
3.85937
-8.85087
-22.4484
-36.4365
-50.4288
-64.568
-78.6439
-92.5845
-106.44
-120.131
-133.631
-146.897
-159.824
-172.28
-184.098
-195.06
-204.925
-213.42
-220.293
-225.215
-227.988
-228.5
-226.613
-222.171
-215.119
-205.496
-193.414
-179.005
-162.39
-143.698
-123.044
-100.573
-76.3355
-50.8346
-24.0805
0.0488118
47.3549
56.0022
65.2231
74.5683
83.1161
90.9853
97.8367
103.215
107.093
109.674
111.118
111.623
111.384
110.527
109.144
107.275
104.926
102.085
98.7168
94.7806
90.2382
85.0598
79.2281
72.7941
65.9524
58.9625
52.0413
45.387
39.2081
33.7098
29.0858
25.5123
23.1448
22.1135
22.5743
24.6656
28.4301
33.9562
39.907
35.2799
25.7542
14.7068
2.70488
-9.32938
-22.1864
-35.3891
-48.5671
-61.8591
-75.0668
-88.1227
-101.08
-113.869
-126.471
-138.856
-150.933
-162.591
-173.681
-184.011
-193.364
-201.487
-208.149
-213.046
-215.98
-216.845
-215.512
-211.816
-205.661
-197.038
-186.007
-172.665
-157.114
-139.469
-119.843
-98.3882
-75.1983
-50.7725
-25.2967
-2.23879
44.0439
52.2808
61.0787
70.0111
78.1934
85.7418
92.3367
97.5347
101.31
103.856
105.327
105.912
105.8
105.116
103.951
102.345
100.306
97.8254
94.8694
91.3952
87.3609
82.7286
77.4684
71.6119
65.3298
58.8588
52.3975
46.1296
40.2525
34.9663
30.4644
26.9257
24.5114
23.3563
23.6151
25.4145
28.7767
33.7106
38.9745
32.592
23.5287
13.0245
1.62887
-9.77247
-21.9378
-34.4073
-46.827
-59.3319
-71.7328
-83.9674
-96.0909
-108.04
-119.807
-131.366
-142.643
-153.541
-163.931
-173.643
-182.48
-190.212
-196.623
-201.442
-204.468
-205.604
-204.733
-201.685
-196.335
-188.632
-178.593
-166.278
-151.77
-135.165
-116.575
-96.1534
-74.0288
-50.6972
-26.4847
-4.49272
40.9413
48.7923
57.1905
65.7317
73.5667
80.8092
87.1575
92.1806
95.8508
98.3561
99.8433
100.494
100.491
99.9557
98.9794
97.603
95.8383
93.6765
91.0874
88.0289
84.4569
80.3271
75.6005
70.292
64.5488
58.5859
52.5833
46.7092
41.1487
36.0944
31.7362
28.2536
25.8114
24.5476
24.614
26.1273
29.0925
33.4547
38.0683
30.0782
21.4509
11.458
0.632492
-10.1753
-21.6927
-33.4767
-45.1888
-56.9602
-68.61
-80.0816
-91.4294
-102.598
-113.585
-124.372
-134.896
-145.075
-154.795
-163.906
-172.23
-179.56
-185.692
-190.388
-193.45
-194.787
-194.295
-191.803
-187.169
-180.307
-171.198
-159.869
-146.375
-130.8
-113.247
-93.8693
-72.8255
-50.6006
-27.6333
-6.69806
38.0364
45.5227
53.543
61.7125
69.2174
76.1684
82.2789
87.132
90.6976
93.1579
94.653
95.3561
95.4451
95.0395
94.2277
93.0525
91.5282
89.6487
87.3864
84.7009
81.5474
77.8777
73.6458
68.8529
63.6252
58.1556
52.6058
47.1284
41.8953
37.089
32.894
29.4879
27.0365
25.6797
25.5649
26.8003
29.377
33.191
37.1921
27.7304
19.5141
10.0045
-0.284106
-10.5339
-21.443
-32.585
-43.6355
-54.722
-65.6713
-76.4325
-87.0587
-97.5011
-107.761
-117.826
-127.643
-137.142
-146.224
-154.754
-162.575
-169.497
-175.332
-179.871
-182.918
-184.394
-184.208
-182.193
-178.191
-172.094
-163.85
-153.458
-140.949
-126.387
-109.867
-91.5405
-71.585
-50.4754
-28.7329
-8.84056
35.3183
42.4599
50.1222
57.9391
65.1289
71.8017
77.6834
82.371
85.8327
88.245
89.7409
90.4863
90.6537
90.36
89.6922
88.6936
87.3812
85.7512
83.7792
81.427
78.6506
75.4004
71.625
67.3146
62.5758
57.5807
52.4737
47.3919
42.4925
37.9469
33.9318
30.6209
28.1784
26.7447
26.4614
27.4296
29.6296
32.9213
36.3487
25.5398
17.7127
8.65925
-1.1216
-10.8466
-21.1835
-31.7225
-42.1541
-52.5996
-62.8954
-72.9939
-82.9484
-92.7131
-102.295
-111.685
-120.839
-129.697
-138.173
-146.146
-153.477
-159.993
-165.518
-169.872
-172.866
-174.43
-174.484
-172.871
-169.425
-164.018
-156.576
-147.07
-135.509
-121.939
-106.444
-89.1684
-70.3055
-50.315
-29.772
-10.9069
32.7769
39.5922
46.9151
54.3959
61.2855
67.6925
73.3538
77.8806
81.2398
83.6017
85.0933
85.8724
86.1071
85.9105
85.3684
84.525
83.399
81.9894
80.2749
78.2201
75.7826
72.9132
69.5568
65.6947
61.4164
56.8745
52.1968
47.505
42.9419
38.6662
34.8451
31.6459
29.2296
27.7353
27.2979
28.0116
29.8495
32.6476
35.5403
23.4983
16.0398
7.41854
-1.88217
-11.1122
-20.9104
-30.8823
-40.7328
-50.5783
-60.2631
-69.7423
-79.07
-88.2038
-97.1521
-105.912
-114.445
-122.7
-130.601
-138.043
-144.898
-151.013
-156.224
-160.373
-163.283
-164.891
-165.13
-163.853
-160.891
-156.105
-149.401
-140.729
-130.076
-117.472
-102.987
-86.7572
-68.9847
-50.1097
-30.7415
-12.8834
30.4029
36.9084
43.9085
51.0691
57.6723
63.8246
69.2744
73.645
76.9034
79.2136
80.6964
81.5022
81.7943
81.6827
81.2504
80.5433
79.5816
78.3667
76.8805
75.0907
72.9573
70.4317
67.4577
64.0101
60.1627
56.0505
51.7856
47.4751
43.2469
39.2465
35.6303
32.5577
30.1837
28.6449
28.0685
28.5428
30.0361
32.3708
34.7683
21.5981
14.4891
6.27784
-2.56838
-11.3308
-20.6204
-30.0583
-39.3625
-48.6451
-57.7576
-66.6585
-75.4004
-83.9451
-92.3029
-100.474
-108.425
-116.114
-123.473
-130.408
-136.806
-142.529
-147.425
-151.356
-154.157
-155.773
-156.15
-155.151
-152.607
-148.376
-142.349
-134.457
-124.67
-113
-99.5044
-84.3111
-67.6206
-49.854
-31.6309
-14.7574
28.1866
34.3976
41.0907
47.9462
54.2757
60.1838
65.4302
69.6496
72.8092
75.0667
76.5373
77.3642
77.7048
77.6676
77.3321
76.7451
75.9285
74.8853
73.601
72.0468
70.1851
67.9691
65.343
62.2765
58.8301
55.1224
51.2513
47.3098
43.4118
39.6889
36.2857
33.3516
31.0348
29.4673
28.7681
29.0198
30.1885
32.0915
34.0333
19.8312
13.0544
5.23221
-3.18284
-11.503
-20.3123
-29.2467
-38.037
-46.7908
-55.367
-63.7263
-71.9207
-79.9152
-87.7211
-95.3416
-102.749
-109.906
-116.754
-123.209
-129.17
-134.512
-139.096
-142.801
-145.475
-147.07
-147.544
-146.771
-144.59
-140.851
-135.44
-128.275
-119.309
-108.538
-96.0084
-81.834
-66.2123
-49.5405
-32.4324
-16.5192
26.1191
32.0503
38.4505
45.0149
51.0826
56.7569
61.8071
65.8809
68.9438
71.1483
72.6036
73.4465
73.8292
73.8565
73.6063
73.1252
72.4365
71.5451
70.4395
69.0944
67.4752
65.5373
63.2262
60.5083
57.433
54.1037
50.6053
47.0183
43.4424
39.9957
36.8102
34.0247
31.7784
30.1973
29.392
29.4397
30.3058
31.81
33.3352
18.1904
11.7292
4.27701
-3.72881
-11.6304
-19.9852
-28.4442
-36.7507
-45.0075
-53.0799
-60.9321
-68.614
-76.0941
-83.3843
-90.4907
-97.3891
-104.048
-110.415
-116.415
-121.96
-126.934
-131.214
-134.687
-137.222
-138.773
-139.311
-138.721
-136.849
-133.547
-128.696
-122.204
-114.012
-104.102
-92.5083
-79.3309
-64.7593
-49.1634
-33.1381
-18.1596
24.192
29.8568
35.9776
42.2635
48.0811
53.5309
58.3926
62.3255
65.294
67.4456
68.8837
69.7387
70.1573
70.241
70.0657
69.6783
69.1023
68.3452
67.3978
66.2379
64.8345
63.1455
61.1188
58.7187
55.9847
53.0073
49.8593
46.6096
43.3452
40.1706
37.2048
34.5752
32.4108
30.8307
29.9363
29.7994
30.387
31.5258
32.6731
16.6683
10.5075
3.40742
-4.20959
-11.7142
-19.6388
-27.6484
-35.4982
-43.2871
-50.8863
-58.2632
-65.4654
-72.4644
-79.2733
-85.8987
-92.3211
-98.5125
-104.428
-110
-115.149
-119.772
-123.755
-126.998
-129.384
-130.875
-131.448
-131.003
-129.394
-126.478
-122.133
-116.262
-108.796
-99.7069
-89.0148
-76.8072
-63.2607
-48.7178
-33.7413
-19.67
22.397
27.808
33.6621
39.6816
45.2597
50.4944
55.1748
58.9711
61.848
63.947
65.3661
66.2295
66.6786
66.8122
66.703
66.3981
65.922
65.2831
64.4756
63.4799
62.2681
60.8016
59.0305
56.9187
54.4975
51.8451
49.0246
46.0938
43.1278
40.2183
37.4715
35.0026
32.9299
31.364
30.3975
30.0967
30.4309
31.2383
32.0452
15.2579
9.38345
2.61862
-4.62861
-11.7565
-19.2736
-26.8579
-34.2769
-41.6244
-48.7788
-55.7092
-62.4619
-69.0106
-75.3693
-81.5458
-87.5231
-93.2775
-98.7692
-103.938
-108.712
-112.999
-116.696
-119.712
-121.946
-123.363
-123.95
-123.618
-122.232
-119.655
-115.767
-110.465
-103.678
-95.366
-85.5383
-74.2686
-61.7184
-48.1992
-34.2364
-21.0443
20.7265
25.8953
31.4945
37.2594
42.6079
47.6362
52.1418
55.8064
58.5942
60.6409
62.0397
62.9086
63.3838
63.5608
63.5102
63.2784
62.8902
62.3562
61.672
60.8215
59.7798
58.5114
56.9695
55.1182
52.9822
50.629
48.1121
45.4806
42.7982
40.1446
37.6134
35.3077
33.3344
31.7951
30.7732
30.3295
30.4364
30.9461
31.4493
13.9528
8.35116
1.90592
-4.98943
-11.7597
-18.8901
-26.072
-33.0837
-40.0154
-46.7509
-53.262
-59.5933
-65.7206
-71.658
-77.4146
-82.9759
-88.3214
-93.416
-98.2062
-102.627
-106.595
-110.018
-112.812
-114.891
-116.226
-116.809
-116.565
-115.368
-113.088
-109.608
-104.83
-98.6731
-91.0932
-82.0894
-71.721
-60.1331
-47.6056
-34.6198
-22.2773
19.173
24.1105
29.4662
34.9871
40.1156
44.9456
49.2831
52.8206
55.5217
57.5167
58.8944
59.7661
60.2636
60.4789
60.4799
60.3124
60.0022
59.5606
58.9852
58.263
57.3717
56.2795
54.9426
53.326
51.4489
49.3693
47.1326
44.7798
42.3649
39.9561
37.6351
35.4928
33.6248
32.1229
31.0616
30.4961
30.4022
30.6477
30.8823
12.7465
7.40522
1.26464
-5.29556
-11.7258
-18.4893
-25.2897
-31.9165
-38.456
-44.7969
-50.914
-56.8498
-62.5822
-68.1258
-73.49
-78.6626
-83.6256
-88.3485
-92.7833
-96.8715
-100.538
-103.699
-106.28
-108.206
-109.452
-110.019
-109.84
-108.801
-106.781
-103.669
-99.3665
-93.7942
-86.9011
-78.6779
-69.1712
-58.5073
-46.9354
-34.8883
-23.3657
17.7295
22.4461
27.5687
32.8561
37.7736
42.4132
46.5887
50.0032
52.6201
54.5643
55.9201
56.7925
57.3087
57.5573
57.6039
57.4935
57.2522
56.892
56.4127
55.8036
55.0453
54.1092
52.9551
51.5494
49.9062
48.0756
46.0961
44.0014
41.8368
39.6601
37.5418
35.5612
33.8024
32.3474
31.2619
30.5954
30.3273
30.3411
30.3409
11.6329
6.54026
0.690294
-5.55064
-11.6576
-18.0726
-24.5116
-30.7742
-36.943
-42.9123
-48.6585
-54.2233
-59.5855
-64.7604
-69.7578
-74.5673
-79.1732
-83.5486
-87.6506
-91.4269
-94.8093
-97.722
-100.098
-101.874
-103.029
-103.569
-103.438
-102.533
-100.74
-97.9558
-94.0866
-89.0529
-82.8006
-75.3134
-66.6251
-56.8442
-46.188
-35.0408
-24.3073
16.3895
20.8948
25.7942
30.8578
35.573
40.0293
44.0489
47.3447
49.8798
51.774
53.1071
53.9785
54.5104
54.7881
54.8748
54.8148
54.6342
54.3459
53.9512
53.4417
52.8007
52.0028
51.0112
49.7941
48.3616
46.7567
45.0119
43.1547
41.2226
39.2643
37.3398
35.5173
33.87
32.4698
31.3743
30.6269
30.2105
30.0242
29.8213
10.6064
5.7512
0.178549
-5.75792
-11.5575
-17.6414
-23.7376
-29.6554
-35.4738
-41.0928
-46.4904
-51.7067
-56.7221
-61.5519
-66.2064
-70.6764
-74.949
-78.9999
-82.7907
-86.2743
-89.39
-92.0682
-94.2494
-95.8795
-96.9426
-97.4501
-97.3534
-96.5591
-94.9649
-92.4742
-88.9979
-84.4591
-78.802
-72.0046
-64.0898
-55.1477
-45.3647
-35.0769
-25.1016
15.1463
19.4498
24.1353
28.9843
33.5053
37.7856
41.6547
44.8359
47.2916
49.1366
50.4464
51.315
51.8598
52.1629
52.2849
52.2695
52.1423
51.9172
51.597
51.1751
50.6376
49.9615
49.114
48.0651
46.8218
45.4206
43.8887
42.2487
40.5313
38.7768
37.0359
35.3665
33.8312
32.4924
31.3996
30.5905
30.051
29.6948
29.3193
9.66143
5.03292
-0.274756
-5.92089
-11.428
-17.1969
-22.9679
-28.5593
-34.0468
-39.3354
-44.4049
-49.2937
-53.9839
-58.4909
-62.8248
-66.9779
-70.9393
-74.6874
-78.1877
-81.3978
-84.2631
-86.721
-88.7179
-90.2086
-91.1812
-91.6512
-91.5774
-90.8767
-89.4561
-87.227
-84.1062
-80.0206
-74.914
-68.76
-61.5718
-53.4221
-44.468
-34.9984
-25.7498
13.994
18.1043
22.585
27.228
31.5626
35.6736
39.3978
42.468
44.8466
46.6434
47.9294
48.7938
49.3489
49.6739
49.8269
49.8505
49.7706
49.6011
49.3462
49.0012
48.5544
47.9858
47.2658
46.3665
45.2921
44.0739
42.7345
41.2921
39.7715
38.206
36.6376
35.1149
33.6908
32.4183
31.3398
30.4867
29.848
29.3505
28.8308
8.79271
4.38094
-0.673782
-6.04292
-11.2714
-16.7411
-22.2032
-27.4855
-32.6601
-37.637
-42.3974
-46.9786
-51.364
-55.5687
-59.603
-63.4604
-67.1316
-70.5973
-73.8268
-76.7818
-79.413
-81.6646
-83.4883
-84.8465
-85.7313
-86.1609
-86.1019
-85.4798
-84.2112
-82.2154
-79.4157
-75.7433
-71.1436
-65.5869
-59.0777
-51.6727
-43.5013
-34.8079
-26.2542
12.927
16.8524
21.1367
25.5822
29.7377
33.6859
37.2702
40.2331
42.5368
44.2859
45.5478
46.4066
46.9697
47.3135
47.4936
47.5516
47.513
47.3923
47.1946
46.917
46.5497
46.0755
45.4681
44.7012
43.7774
42.7228
41.5566
40.2929
38.9518
37.5603
36.1528
34.7695
33.4544
32.2517
31.1974
30.3168
29.6012
28.9891
28.3516
7.99525
3.79067
-1.02233
-6.12721
-11.0906
-16.2755
-21.4443
-26.4338
-31.3124
-35.9951
-40.4648
-44.7569
-48.8563
-52.7781
-56.5323
-60.1137
-63.5144
-66.7172
-69.6945
-72.4119
-74.8251
-76.884
-78.5456
-79.7788
-80.5794
-80.9681
-80.9175
-80.3616
-79.2262
-77.4382
-74.9281
-71.6318
-67.4969
-62.4918
-56.6139
-49.9051
-42.4693
-34.5096
-26.6183
11.9398
15.6881
19.7843
24.04
28.0234
31.8147
35.2642
38.1233
40.354
42.0564
43.2939
44.1457
44.7148
45.0745
45.2781
45.366
45.3636
45.2856
45.1379
44.9192
44.6215
44.23
43.7213
43.0717
42.2815
41.3728
40.3614
39.2586
38.0802
36.8479
35.5894
34.3375
33.1281
31.9977
30.9757
30.0825
29.3106
28.6086
27.8774
7.26427
3.25788
-1.32414
-6.17684
-10.8875
-15.8018
-20.692
-25.404
-30.0029
-34.4079
-38.6037
-42.6241
-46.4554
-50.1121
-53.6049
-56.9289
-60.0774
-63.0354
-65.7783
-68.2749
-70.4854
-72.3648
-73.8756
-74.9918
-75.7127
-76.0608
-76.014
-75.5141
-74.4956
-72.893
-70.6435
-67.6885
-63.9784
-59.4804
-54.1864
-48.1252
-41.3775
-34.1087
-26.8474
11.0272
14.6059
18.5215
22.5952
26.4131
30.0534
33.3727
36.1313
38.291
39.9473
41.1601
42.0037
42.577
42.9499
43.1737
43.2876
43.3168
43.2759
43.1718
43.0043
42.7672
42.448
42.0259
41.4794
40.8075
40.0283
39.155
38.1963
37.1647
36.0771
34.9556
33.8266
32.7189
31.6618
30.679
29.7861
28.9764
28.2071
27.4043
6.59536
2.77842
-1.5827
-6.19482
-10.6647
-15.3214
-19.9473
-24.3963
-28.7303
-32.8733
-36.811
-40.5761
-44.156
-47.5649
-50.8132
-53.8972
-56.8112
-59.5418
-62.0668
-64.3585
-66.3808
-68.0941
-69.4646
-70.4721
-71.1181
-71.4267
-71.3807
-70.9289
-70.0131
-68.5758
-66.5607
-63.9146
-60.591
-56.5575
-51.801
-46.3392
-40.2321
-33.6114
-26.9472
10.1844
13.6005
17.3429
21.2418
24.9006
28.3954
31.589
34.25
36.3407
37.9517
39.1394
39.9737
40.5492
40.9329
41.1739
41.3104
41.3669
41.3582
41.292
41.169
40.9846
40.7282
40.3818
39.9258
39.3581
38.6934
37.9427
37.1125
36.2125
35.2557
34.2596
33.2448
32.2339
31.25
30.3118
29.4304
28.5995
27.7831
26.9289
5.98419
2.34852
-1.80151
-6.18389
-10.4244
-14.8361
-19.2108
-23.4104
-27.494
-31.3897
-35.0844
-38.6096
-41.9538
-45.1307
-48.1508
-51.011
-53.7067
-56.226
-58.5491
-60.6508
-62.4991
-64.0586
-65.2997
-66.2066
-66.7831
-67.0542
-67.0067
-66.5962
-65.7713
-64.4815
-62.6769
-60.3098
-57.337
-53.7269
-49.463
-44.5533
-39.0401
-33.025
-26.9248
9.40668
12.6671
16.2433
19.9742
23.4798
26.8344
29.9066
32.4732
34.4964
36.0627
37.225
38.0489
38.6249
39.0172
39.2727
39.4284
39.5085
39.5277
39.494
39.4095
39.2706
39.0689
38.7885
38.4117
37.9354
37.3716
36.7291
36.0131
35.2305
34.3915
33.5093
32.5998
31.6805
30.769
29.8792
29.0187
28.181
27.3355
26.4477
5.42674
1.96451
-1.98377
-6.14681
-10.1689
-14.3472
-18.4835
-22.4467
-26.2935
-29.9556
-33.4215
-36.7212
-39.8444
-42.8044
-45.6116
-48.2632
-50.7561
-53.0792
-55.215
-57.1411
-58.8289
-60.2465
-61.3684
-62.1826
-62.6949
-62.931
-62.881
-62.5063
-61.762
-60.6037
-58.9881
-56.8722
-54.2169
-50.9914
-47.177
-42.7737
-37.8087
-32.3571
-26.7878
8.6897
11.8008
15.2175
18.7869
22.1454
25.3647
28.3195
30.7945
32.7519
34.2741
35.4107
36.2232
36.7981
37.1969
37.4642
37.6364
37.7366
37.7795
37.7739
37.7224
37.623
37.4683
37.2451
36.9373
36.541
36.0657
35.5186
34.9034
34.2253
33.4917
32.7125
31.8997
31.0663
30.2253
29.3867
28.5547
27.7225
26.8635
25.958
4.91917
1.6229
-2.13245
-6.08613
-9.90002
-13.8563
-17.766
-21.5053
-25.128
-28.5697
-31.8202
-34.908
-37.8239
-40.5811
-43.1895
-45.6472
-47.9515
-50.0928
-52.0554
-53.8193
-55.3588
-56.6461
-57.6586
-58.3879
-58.8415
-59.0453
-58.9922
-58.6489
-57.9761
-56.9356
-55.4894
-53.5995
-51.2304
-48.3532
-44.9473
-41.0065
-36.5451
-31.6162
-26.5447
8.0293
10.9974
14.2609
17.6752
20.8919
23.9807
26.8219
29.208
31.1012
32.5799
33.6904
34.4906
35.0628
35.4661
35.7431
35.9289
36.0461
36.1094
36.1277
36.1045
36.0388
35.9246
35.7508
35.5029
35.1763
34.7784
34.3149
33.7885
33.2028
32.5631
31.8766
31.1521
30.3988
29.6259
28.8399
28.0425
27.226
26.3671
25.4574
4.45786
1.32041
-2.25053
-6.0043
-9.61976
-13.3649
-17.0594
-20.5864
-23.9971
-27.2308
-30.2784
-33.1671
-35.889
-38.4564
-40.8794
-43.1565
-45.2857
-47.2586
-49.0612
-50.6756
-52.0788
-53.2464
-54.1589
-54.8107
-55.211
-55.3852
-55.329
-55.0134
-54.4045
-53.4693
-52.1749
-50.4878
-48.3764
-45.8134
-42.7774
-39.2574
-35.2571
-30.8108
-26.2044
7.42162
10.2525
13.369
16.6341
19.7143
22.6774
25.4086
27.7084
29.5388
30.9744
32.0586
32.8454
33.4137
33.8197
34.1042
34.301
34.4325
34.5129
34.5515
34.5523
34.5153
34.4359
34.3045
34.1084
33.8423
33.5118
33.1213
32.6727
32.1684
31.6121
31.0087
30.3643
29.6853
28.9776
28.2448
27.4864
26.6939
25.8464
24.9444
4.03943
1.05395
-2.34064
-5.90362
-9.32999
-12.8742
-16.3644
-19.6902
-22.9003
-25.9377
-28.7943
-31.4962
-34.036
-36.4262
-38.6763
-40.7855
-42.7522
-44.5692
-46.224
-47.7006
-48.9787
-50.0367
-50.8581
-51.4397
-51.7916
-51.9392
-51.8801
-51.5892
-51.0376
-50.1967
-49.0382
-47.533
-45.6529
-43.3725
-40.6703
-37.5317
-33.9519
-29.9497
-25.7761
6.86294
9.56238
12.5376
15.6592
18.608
21.4496
24.0745
26.2903
28.0593
29.4523
30.5099
31.2825
31.8454
32.2525
32.5425
32.7482
32.8913
32.9859
33.0416
33.0626
33.05
33.0001
32.905
32.7535
32.5398
32.2677
31.9407
31.5601
31.1273
30.6446
30.1154
29.5435
28.9329
28.287
27.6072
26.8908
26.1289
25.3019
24.4174
3.66067
0.820596
-2.4054
-5.78618
-9.0324
-12.3854
-15.6815
-18.8167
-21.8371
-24.6893
-27.366
-29.8925
-32.2618
-34.4864
-36.5754
-38.5284
-40.3445
-42.0173
-43.5357
-44.8857
-46.0492
-47.0071
-47.7456
-48.2635
-48.572
-48.696
-48.6344
-48.3658
-47.8656
-47.1092
-46.0724
-44.73
-43.0571
-41.0303
-38.6284
-35.8343
-32.6365
-29.0414
-25.2691
6.34977
8.92312
11.7626
14.7464
17.5686
20.2929
22.8148
24.9488
26.6577
28.0086
29.0393
29.7969
30.3532
30.7597
31.0534
31.266
31.4185
31.5248
31.5945
31.6326
31.6403
31.6154
31.5513
31.4379
31.2692
31.0476
30.7757
30.4543
30.084
29.6663
29.203
28.6964
28.1485
27.5609
26.9329
26.2605
25.534
24.735
23.876
3.31851
0.617617
-2.44717
-5.6541
-8.72865
-11.8997
-15.0115
-17.9659
-20.8071
-23.4846
-25.9921
-28.3536
-30.5634
-32.6332
-34.5721
-36.38
-38.0565
-39.5961
-40.9889
-42.2225
-43.281
-44.1478
-44.8111
-45.2717
-45.5414
-45.6443
-45.5808
-45.3326
-44.8786
-44.198
-43.2702
-42.0734
-40.5857
-38.786
-36.6535
-34.1696
-31.3177
-28.0946
-24.6927
5.87884
8.33128
11.0405
13.8916
16.5917
19.2028
21.6248
23.6795
25.3295
26.6387
27.6422
28.384
28.9325
29.337
29.6328
29.8504
30.0103
30.126
30.2072
30.2592
30.284
30.2801
30.2421
30.1612
30.0311
29.8529
29.6285
29.3584
29.0427
28.6819
28.277
27.829
27.3384
26.8053
26.2276
25.6001
24.9124
24.1469
23.3198
3.01013
0.442409
-2.46822
-5.50921
-8.42019
-11.4181
-14.3549
-17.1382
-19.8098
-22.3224
-24.6706
-26.8774
-28.9378
-30.863
-32.6621
-34.3352
-35.8825
-37.299
-38.5762
-39.7031
-40.6657
-41.4494
-42.0448
-42.4538
-42.689
-42.7735
-42.7088
-42.4793
-42.067
-41.4545
-40.6242
-39.5575
-38.2351
-36.6381
-34.7467
-32.5413
-30.0018
-27.1172
-24.0563
5.44712
7.78353
10.3676
13.091
15.6736
18.1753
20.5005
22.4778
24.0702
25.3381
26.3141
27.0393
27.579
27.9803
28.2766
28.4975
28.6629
28.786
28.8764
28.9399
28.9787
28.9922
28.9763
28.9229
28.8257
28.6846
28.5011
28.2753
28.007
27.6961
27.3428
26.9472
26.5087
26.0263
25.4968
24.914
24.2673
23.5396
22.7493
2.73284
0.292595
-2.47074
-5.35329
-8.1084
-10.9417
-13.7123
-16.3334
-18.8446
-21.2017
-23.4001
-25.4616
-27.3821
-29.1724
-30.8412
-32.3893
-33.8168
-35.1198
-36.2907
-37.3198
-38.1948
-38.9032
-39.4373
-39.8
-40.0046
-40.0733
-40.008
-39.7957
-39.4212
-38.8698
-38.1267
-37.1761
-36.0012
-34.585
-32.9088
-30.9527
-28.6944
-26.1171
-23.3687
5.05161
7.27678
9.74072
12.3412
14.8105
17.2064
19.4378
21.3397
22.8757
24.1025
25.0509
25.759
26.2889
26.6857
26.9812
27.2039
27.3732
27.5018
27.5996
27.6721
27.7224
27.7502
27.7525
27.7223
27.653
27.5436
27.3952
27.2075
26.9803
26.7129
26.4051
26.0562
25.6649
25.2294
24.7456
24.207
23.6023
22.915
22.165
2.48413
0.165867
-2.45661
-5.18798
-7.79462
-10.4713
-13.0841
-15.5515
-17.9111
-20.1216
-22.1789
-24.1041
-25.8936
-27.5579
-29.1056
-30.5375
-31.8542
-33.0525
-34.1257
-35.0652
-35.8604
-36.5006
-36.9794
-37.3009
-37.4785
-37.5334
-37.4681
-37.2718
-36.9316
-36.4352
-35.7701
-34.923
-33.8795
-32.6242
-31.1397
-29.4065
-27.4007
-25.1015
-22.6385
4.68966
6.80811
9.15658
11.6389
13.9988
16.2926
18.4329
20.2615
21.742
22.9283
23.8488
24.5391
25.0584
25.4495
25.743
25.9663
26.1379
26.2706
26.3737
26.4535
26.5128
26.5524
26.5698
26.5589
26.5131
26.4306
26.312
26.1571
25.9654
25.736
25.4681
25.1607
24.8121
24.4197
23.979
23.4832
22.9208
22.2755
21.5681
2.26165
0.0601118
-2.42772
-5.01482
-7.47998
-10.0076
-12.4707
-14.7924
-17.0088
-19.0808
-21.0054
-22.8027
-24.4696
-26.0163
-27.4512
-28.7753
-29.9896
-31.0914
-32.0748
-32.9324
-33.655
-34.2333
-34.6624
-34.9472
-35.1011
-35.1443
-35.0797
-34.8983
-34.5892
-34.1422
-33.5469
-32.7922
-31.8655
-30.7532
-29.4393
-27.9048
-26.1253
-24.0769
-21.8737
4.35869
6.37472
8.61232
10.9809
13.2354
15.4303
17.4823
19.2394
20.6655
21.8116
22.7041
23.3762
23.884
24.2686
24.559
24.7815
24.9543
25.0895
25.1966
25.2818
25.3483
25.3972
25.4269
25.432
25.4059
25.3462
25.253
25.1261
24.9649
24.7684
24.5355
24.265
23.9548
23.6019
23.2016
22.7469
22.2262
21.6236
20.9601
2.06318
-0.026648
-2.38579
-4.83522
-7.1656
-9.55149
-11.8724
-14.056
-16.1368
-18.0783
-19.8781
-21.5553
-23.1074
-24.5444
-25.8743
-27.0985
-28.2181
-29.2309
-30.1319
-30.9146
-31.5712
-32.0934
-32.4781
-32.7302
-32.8634
-32.8966
-32.8333
-32.6657
-32.385
-31.9825
-31.4497
-30.7773
-29.9545
-28.9693
-27.8069
-26.4492
-24.8719
-23.0494
-21.082
4.05628
5.9741
8.10517
10.3642
12.5171
14.6165
16.5826
18.27
19.6427
20.749
21.6135
22.2668
22.7625
23.1397
23.426
23.6468
23.8195
23.9561
24.0659
24.1549
24.2269
24.2831
24.3228
24.341
24.3313
24.2906
24.2189
24.1159
23.981
23.813
23.6109
23.373
23.0972
22.7804
22.4176
22.0019
21.5219
20.9617
20.3425
1.88667
-0.0962689
-2.33242
-4.65043
-6.85241
-9.10351
-11.2893
-13.3422
-15.2949
-17.1132
-18.7954
-20.36
-21.8046
-23.1392
-24.3714
-25.5028
-26.5348
-27.4656
-28.291
-29.0054
-29.6018
-30.0736
-30.4183
-30.6415
-30.7566
-30.7816
-30.72
-30.5654
-30.3104
-29.948
-29.4712
-28.8722
-28.1417
-27.2692
-26.2413
-25.0409
-23.6439
-22.0242
-20.2702
3.7802
5.60378
7.63254
9.78621
11.8409
13.8479
15.7307
17.3502
18.6704
19.7374
20.5738
21.208
21.691
22.06
22.3413
22.5594
22.7312
22.8681
22.9793
23.071
23.1469
23.2088
23.2563
23.2852
23.289
23.2642
23.2106
23.128
23.0155
22.8723
22.697
22.4879
22.243
21.9589
21.6309
21.2519
20.811
20.2926
19.7172
1.73019
-0.150494
-2.26911
-4.46172
-6.54139
-8.66421
-10.7218
-12.6507
-14.4822
-16.1843
-17.7559
-19.2145
-20.5586
-21.7975
-22.9388
-23.9841
-24.9352
-25.7904
-26.5464
-27.1984
-27.7402
-28.1665
-28.4755
-28.6731
-28.7725
-28.7906
-28.7312
-28.5888
-28.3574
-28.0311
-27.6044
-27.0707
-26.4223
-25.6498
-24.7411
-23.6802
-22.444
-21.0061
-19.4447
3.52835
5.26154
7.19201
9.2442
11.2042
13.1218
14.9237
16.4769
17.7456
18.7735
19.5819
20.1968
20.6665
21.0267
21.3024
21.517
21.687
21.8233
21.935
22.0283
22.1069
22.1729
22.2265
22.264
22.2787
22.2671
22.2288
22.1634
22.0702
21.9483
21.7964
21.6128
21.3954
21.1411
20.845
20.5005
20.0966
19.6186
19.0862
1.59195
-0.190921
-2.19723
-4.27022
-6.23334
-8.23413
-10.1699
-11.9813
-13.6981
-15.2904
-16.7578
-18.1171
-19.3669
-20.5165
-21.5731
-22.5386
-23.4147
-24.2004
-24.8928
-25.4877
-25.98
-26.3651
-26.6422
-26.8173
-26.9031
-26.9157
-26.8587
-26.7278
-26.5179
-26.2244
-25.8426
-25.3671
-24.7915
-24.1077
-23.3047
-22.3676
-21.2744
-19.9992
-18.6112
3.29876
4.94522
6.78132
8.73584
10.6044
12.4355
14.1587
15.6473
16.8652
17.8547
18.6352
19.2305
19.6866
20.0374
20.3068
20.5173
20.6847
20.8197
20.931
21.0249
21.1052
21.1742
21.2323
21.2765
21.3002
21.2995
21.2738
21.223
21.1463
21.0428
20.9113
20.7502
20.5574
20.3299
20.0631
19.7505
19.3818
18.9423
18.4515
1.47024
-0.219075
-2.11805
-4.07694
-5.92902
-7.8137
-9.6337
-11.3338
-12.9419
-14.4306
-15.7998
-17.0656
-18.2271
-19.2933
-20.271
-21.1623
-21.9691
-22.6907
-23.3247
-23.8675
-24.3149
-24.663
-24.9116
-25.0668
-25.141
-25.1491
-25.0949
-24.9748
-24.7846
-24.5205
-24.179
-23.7556
-23.2448
-22.6396
-21.9302
-21.1028
-20.1367
-19.0068
-17.7745
3.08959
4.65291
6.39837
8.25885
10.0392
11.7865
13.4332
14.8587
16.0265
16.9781
17.7311
18.3067
18.7488
19.0897
19.3523
19.5582
19.7224
19.8554
19.9657
20.0594
20.1405
20.2114
20.2729
20.3222
20.3531
20.3613
20.3462
20.3076
20.245
20.1573
20.0436
19.9023
19.7314
19.528
19.288
19.0049
18.669
18.2663
17.8151
1.36352
-0.236376
-2.03283
-3.88287
-5.62916
-7.40333
-9.11334
-10.7077
-12.2129
-13.6037
-14.8803
-16.0582
-17.1369
-18.125
-19.0292
-19.8516
-20.5942
-21.2567
-21.837
-22.3323
-22.7389
-23.0536
-23.2768
-23.4146
-23.4788
-23.4836
-23.4323
-23.3223
-23.1502
-22.9129
-22.6076
-22.2306
-21.7774
-21.242
-20.6155
-19.8854
-19.0321
-18.0319
-16.9392
2.89912
4.38272
6.04121
7.81114
9.50634
11.1726
12.7448
14.1086
15.2269
16.1412
16.867
17.423
17.8508
18.1815
18.4369
18.6375
18.7981
18.9286
19.0373
19.1303
19.2115
19.2833
19.3471
19.4004
19.4369
19.4523
19.446
19.4177
19.3671
19.2931
19.1949
19.071
18.9195
18.738
18.5222
18.2663
17.961
17.5928
17.1792
1.27034
-0.244083
-1.94263
-3.68885
-5.33437
-7.00341
-8.60883
-10.1029
-11.5105
-12.8086
-13.9978
-15.0927
-16.0937
-17.0089
-17.8445
-18.6027
-19.2859
-19.8938
-20.4249
-20.8768
-21.2463
-21.531
-21.7315
-21.8541
-21.9098
-21.912
-21.864
-21.7636
-21.608
-21.395
-21.1222
-20.7868
-20.3849
-19.9113
-19.3583
-18.7144
-17.9613
-17.0767
-16.1091
2.7258
4.13294
5.70798
7.39067
9.00365
10.5915
12.0911
13.3947
14.4639
15.3417
16.0409
16.5772
16.9904
17.3106
17.5584
17.7536
17.9101
18.0376
18.1444
18.2361
18.3167
18.3889
18.4542
18.5102
18.5511
18.5724
18.5732
18.5537
18.5132
18.4511
18.3663
18.2578
18.1237
17.9616
17.7679
17.5369
17.2599
16.924
16.5458
1.18941
-0.243313
-1.84844
-3.49558
-5.04507
-6.61402
-8.11997
-9.51885
-10.8338
-12.0443
-13.1508
-14.1675
-15.0955
-15.9424
-16.7138
-17.4122
-18.0401
-18.5977
-19.0835
-19.4956
-19.8315
-20.0892
-20.2696
-20.3788
-20.4274
-20.4278
-20.3832
-20.2919
-20.1516
-19.9606
-19.7172
-19.419
-19.0628
-18.6442
-18.1563
-17.5888
-16.9247
-16.1431
-15.2873
2.56819
3.902
5.39691
6.9955
8.52906
10.0407
11.4696
12.7146
13.7351
14.5775
15.2508
15.7672
16.1656
16.475
16.7151
16.9044
17.0566
17.181
17.2853
17.3754
17.455
17.527
17.593
17.651
17.6952
17.7211
17.728
17.7157
17.6839
17.6319
17.559
17.4639
17.3453
17.2008
17.027
16.8188
16.5679
16.262
15.9169
1.11935
-0.235302
-1.75131
-3.30395
-4.76197
-6.23546
-7.64671
-8.95512
-10.1819
-11.3094
-12.3375
-13.2804
-14.1401
-14.9231
-15.6343
-16.2767
-16.8533
-17.3641
-17.8082
-18.184
-18.4893
-18.7226
-18.8852
-18.9828
-19.0255
-19.0247
-18.9837
-18.9009
-18.7748
-18.604
-18.387
-18.1222
-17.8069
-17.4373
-17.0072
-16.5074
-15.9224
-15.2325
-14.4766
2.42481
3.68847
5.10669
6.62416
8.08102
9.51875
10.8781
12.0657
13.0375
13.8466
14.495
14.9913
15.3745
15.6731
15.9052
16.0886
16.2362
16.3571
16.4588
16.5468
16.6252
16.6965
16.7626
16.8219
16.8686
16.8982
16.9099
16.9037
16.8794
16.8363
16.7737
16.6906
16.5857
16.457
16.3013
16.1138
15.8868
15.6087
15.2945
1.0588
-0.221607
-1.65276
-3.11547
-4.4862
-5.86892
-7.18978
-8.41187
-9.55438
-10.6035
-11.5561
-12.4288
-13.2249
-13.9481
-14.6027
-15.1927
-15.7214
-16.1891
-16.5947
-16.9371
-17.2146
-17.426
-17.5727
-17.6601
-17.6979
-17.6966
-17.6592
-17.5847
-17.4718
-17.3193
-17.1264
-16.8917
-16.6129
-16.2869
-15.9083
-15.4686
-14.9539
-14.3457
-13.6791
2.2943
3.49106
4.83606
6.27572
7.65892
9.02507
10.3166
11.4472
12.3675
13.1452
13.7706
14.2469
14.6148
14.9026
15.1269
15.3043
15.4472
15.5645
15.6633
15.7492
15.8259
15.8963
15.9621
16.0221
16.0706
16.1031
16.1189
16.1179
16.1
16.0645
16.011
15.9385
15.8459
15.7313
15.592
15.4234
15.2184
14.9658
14.6803
1.00682
-0.202997
-1.55349
-2.93075
-4.21855
-5.51508
-6.74976
-7.88971
-8.95162
-9.92686
-10.8052
-11.6101
-12.3469
-13.0143
-13.6152
-14.1559
-14.6402
-15.068
-15.4381
-15.75
-16.0023
-16.194
-16.3267
-16.4055
-16.4394
-16.438
-16.4045
-16.3379
-16.2372
-16.1017
-15.9307
-15.7231
-15.4771
-15.1901
-14.8573
-14.4712
-14.0189
-13.4836
-12.8968
2.17556
3.30844
4.58368
5.94855
7.26114
8.55816
9.78442
10.8591
11.7236
12.4715
13.0753
13.5315
13.8841
14.1613
14.378
14.5494
14.6877
14.8013
14.8973
14.981
15.0559
15.125
15.1903
15.2506
15.3004
15.3354
15.3546
15.3581
15.3457
15.3171
15.2716
15.2086
15.1269
15.0251
14.9006
14.7491
14.5642
14.3353
14.0762
0.963481
-0.178662
-1.45188
-2.7476
-3.95646
-5.17096
-6.32416
-7.38653
-8.37232
-9.27707
-10.0844
-10.8267
-11.5087
-12.1221
-12.6712
-13.1649
-13.6074
-13.9975
-14.3344
-14.618
-14.8472
-15.0212
-15.1416
-15.213
-15.2438
-15.243
-15.2134
-15.1545
-15.0652
-14.9454
-14.7945
-14.6115
-14.3952
-14.1432
-13.8513
-13.513
-13.1164
-12.6463
-12.1306
2.06811
3.13954
4.34677
5.63865
6.88235
8.11128
9.27467
10.2955
11.1093
11.8314
12.4124
12.8463
13.183
13.4496
13.6583
13.8233
13.9567
14.0665
14.1595
14.2408
14.3139
14.3817
14.4463
14.5067
14.5574
14.5944
14.6164
14.6238
14.6164
14.5938
14.5555
14.501
14.4293
14.339
14.2279
14.0921
13.9256
13.7183
13.4835
0.928312
-0.148866
-1.34738
-2.56487
-3.69774
-4.83331
-5.9082
-6.89719
-7.81086
-8.64803
-9.38698
-10.0795
-10.7145
-11.2735
-11.77
-12.2189
-12.6219
-12.9763
-13.2817
-13.5385
-13.7463
-13.9041
-14.0134
-14.0786
-14.1071
-14.1073
-14.082
-14.0305
-13.9522
-13.8471
-13.7145
-13.5539
-13.3644
-13.1439
-12.8887
-12.593
-12.2462
-11.8343
-11.3826
1.97135
2.98331
4.12395
5.34343
6.51844
7.678
8.77856
9.74307
10.5172
11.2284
11.7851
12.1914
12.5111
12.7676
12.9683
13.1267
13.255
13.3609
13.4509
13.5296
13.6007
13.6669
13.7306
13.7907
13.8421
13.8806
13.9052
13.916
13.913
13.8958
13.864
13.8171
13.7544
13.6746
13.5757
13.4541
13.3044
13.1169
12.9047
0.901933
-0.124406
-1.26505
-2.41657
-3.48187
-4.5417
-5.53132
-6.43216
-7.24585
-7.99273
-8.60559
-9.28355
-9.92472
-10.4615
-10.9334
-11.3669
-11.7584
-12.1013
-12.396
-12.6443
-12.8455
-12.9987
-13.1049
-13.1688
-13.1976
-13.1999
-13.1788
-13.1331
-13.0632
-12.9694
-12.8482
-12.7027
-12.5318
-12.3331
-12.1033
-11.8372
-11.5252
-11.1545
-10.7483
1.89729
2.8613
3.9495
5.10381
6.21152
7.2915
8.30075
9.15491
9.83736
10.6203
11.1942
11.5915
11.9108
12.1719
12.3752
12.5349
12.664
12.771
12.8619
12.9415
13.0136
13.081
13.146
13.208
13.2617
13.3028
13.3301
13.344
13.3445
13.3312
13.304
13.2624
13.2057
13.1329
13.0421
12.93
12.7915
12.6174
12.4203
0.881648
-0.102862
-1.19425
-2.28814
-3.29067
-4.27522
-5.17639
-5.97881
-6.67495
-7.31235
-7.75977
-8.45726
-9.1404
-9.67714
-10.1435
-10.5809
-10.979
-11.3268
-11.6252
-11.877
-12.0816
-12.2379
-12.3472
-12.4139
-12.4458
-12.4516
-12.4349
-12.3941
-12.3308
-12.2458
-12.131
-11.9953
-11.8372
-11.6535
-11.4411
-11.1955
-10.9079
-10.5661
-10.1917
1.83743
2.76134
3.80238
4.89536
5.93439
6.92528
7.82484
8.54695
9.11394
10.0084
10.63
11.0333
11.3627
11.6375
11.8511
12.0175
12.1518
12.2632
12.3579
12.4408
12.5158
12.5863
12.6545
12.72
12.7773
12.8217
12.8521
12.8691
12.8726
12.8625
12.8386
12.8006
12.7479
12.6798
12.5943
12.4884
12.3574
12.1919
12.0048
0.863176
-0.079081
-1.12072
-2.15657
-3.09641
-4.00591
-4.82073
-5.52708
-6.11243
-6.64335
-6.93685
-7.64081
-8.35689
-8.89137
-9.34834
-9.78525
-10.187
-10.5378
-10.8384
-11.0926
-11.3001
-11.4592
-11.5717
-11.6413
-11.6764
-11.6859
-11.6741
-11.6387
-11.5827
-11.5075
-11.3999
-11.2747
-11.1304
-10.9623
-10.7676
-10.5427
-10.2796
-9.96678
-9.62669
1.77876
2.66234
3.65561
4.68704
5.65843
6.56013
7.35409
7.95215
8.40575
9.38864
10.0594
10.4694
10.8051
11.0915
11.3149
11.4877
11.6269
11.7423
11.8405
11.9265
12.0045
12.0778
12.1493
12.2182
12.2791
12.3268
12.3606
12.3807
12.3874
12.3806
12.3602
12.326
12.2775
12.214
12.1339
12.0344
11.9108
11.7542
11.5773
0.846342
-0.0536439
-1.0454
-2.02348
-2.90116
-3.73645
-4.46756
-5.08013
-5.56215
-5.98541
-6.14242
-6.83782
-7.57351
-8.10426
-8.55
-8.98202
-9.38414
-9.73582
-10.0373
-10.2928
-10.5024
-10.6642
-10.7796
-10.8522
-10.8905
-10.9037
-10.8964
-10.8661
-10.8168
-10.7505
-10.6493
-10.5337
-10.4021
-10.2487
-10.071
-9.86611
-9.62674
-9.34113
-9.02808
1.72148
2.56497
3.51025
4.4806
5.38576
6.19824
6.89191
7.3704
7.71747
8.76177
9.48065
9.9006
10.2404
10.5355
10.7677
10.9468
11.0907
11.21
11.3115
11.4005
11.4813
11.5574
11.6318
11.7041
11.7686
11.8198
11.8568
11.8803
11.8903
11.8871
11.8704
11.8402
11.7962
11.7378
11.6635
11.5705
11.4545
11.3068
11.1399
0.831287
-0.0268157
-0.969007
-1.89012
-2.70678
-3.46934
-4.11981
-4.64106
-5.02719
-5.34027
-5.37981
-6.05196
-6.7916
-7.3154
-7.74848
-8.1719
-8.57067
-8.92122
-9.2221
-9.47791
-9.68886
-9.85318
-9.97169
-10.048
-10.0911
-10.1099
-10.1098
-10.0872
-10.0478
-9.99341
-9.90235
-9.79943
-9.68299
-9.54636
-9.3869
-9.2025
-8.98716
-8.73152
-8.46037
1.66615
2.47003
3.36754
4.2778
5.11848
5.84164
6.44056
6.79969
7.04819
8.12883
8.8915
9.32546
9.66932
9.97155
10.2111
10.3956
10.5434
10.6664
10.7715
10.8637
10.9474
11.0264
11.1039
11.1798
11.248
11.3029
11.3436
11.3706
11.3842
11.3845
11.3716
11.3455
11.306
11.2527
11.1843
11.0982
10.9903
10.8522
10.6964
0.817984
0.000855095
-0.892869
-1.75832
-2.51574
-3.20767
-3.78112
-4.21405
-4.51137
-4.71091
-4.65093
-5.28548
-6.01231
-6.52446
-6.94355
-7.35513
-7.7469
-8.09397
-8.39305
-8.64845
-8.86043
-9.02688
-9.1477
-9.22618
-9.27086
-9.29146
-9.29378
-9.27402
-9.23896
-9.19042
-9.10394
-9.00862
-8.90288
-8.77944
-8.63599
-8.47081
-8.27716
-8.04219
-7.77606
1.61343
2.37878
3.22905
4.08103
4.85866
5.49241
6.00193
6.23813
6.3939
7.49051
8.2906
8.74082
9.09007
9.40014
9.64812
9.8381
9.98875
10.1137
10.221
10.3157
10.4022
10.4842
10.5651
10.6447
10.717
10.7763
10.8213
10.8528
10.8712
10.8764
10.8685
10.8475
10.8133
10.7654
10.7028
10.6231
10.5224
10.3921
10.243
0.806359
0.0281052
-0.819349
-1.63146
-2.33165
-2.95548
-3.45517
-3.80263
-4.01693
-4.09937
-3.95668
-4.53973
-5.23706
-5.7316
-6.13452
-6.53108
-6.91234
-7.25319
-7.54876
-7.80288
-8.01625
-8.1869
-8.31501
-8.40404
-8.46163
-8.49614
-8.51366
-8.51019
-8.49348
-8.46514
-8.39679
-8.3206
-8.23504
-8.13176
-8.00843
-7.8646
-7.69783
-7.505
-7.3213
1.5645
2.2933
3.09775
3.89381
4.60824
5.15059
5.57384
5.67936
5.74511
6.84602
7.67985
8.14616
8.49823
8.81394
9.07235
9.27266
9.43063
9.55959
9.66876
9.76465
9.85235
9.93607
10.0194
10.1022
10.178
10.2406
10.2891
10.3242
10.3465
10.3562
10.3536
10.339
10.3122
10.2728
10.2196
10.1505
10.0619
9.94717
9.82107
0.796123
0.0533478
-0.751554
-1.51386
-2.15953
-2.71786
-3.14549
-3.40836
-3.54346
-3.50665
-3.29637
-3.81501
-4.467
-4.9367
-5.31991
-5.69804
-6.06558
-6.39804
-6.68847
-6.93896
-7.14924
-7.31602
-7.43768
-7.51605
-7.56084
-7.58405
-7.5919
-7.57987
-7.5559
-7.52097
-7.44775
-7.37141
-7.29042
-7.19649
-7.08722
-6.961
-6.80871
-6.60998
-6.35078
1.52022
2.21531
2.97659
3.72005
4.36934
4.81725
5.15518
5.11627
5.08604
6.18652
7.06006
7.55149
7.90739
8.21916
8.47517
8.67856
8.84507
8.9852
9.1049
9.209
9.30261
9.39085
9.47834
9.56603
9.64807
9.71752
9.77243
9.81324
9.84014
9.85322
9.85275
9.83909
9.81263
9.77354
9.72141
9.65435
9.56777
9.44943
9.30152
0.787049
0.0766835
-0.689529
-1.40676
-2.0023
-2.50005
-2.85817
-3.03865
-3.09887
-2.94051
-2.6695
-3.11065
-3.70318
-4.13992
-4.49846
-4.85298
-5.20156
-5.52315
-5.81145
-6.06794
-6.29242
-6.48288
-6.6395
-6.76453
-6.85923
-6.92769
-6.97848
-7.00869
-7.02999
-7.04249
-7.00982
-6.96954
-6.92142
-6.85621
-6.77246
-6.6729
-6.56432
-6.46025
-6.42787
1.47975
2.1436
2.86511
3.56118
4.14579
4.50531
4.76323
4.55194
4.40245
5.49092
6.40603
6.94348
7.33506
7.66611
7.91988
8.10455
8.24794
8.37133
8.48413
8.58921
8.68828
8.78379
8.87886
8.97374
9.06291
9.14113
9.20781
9.26375
9.30904
9.3436
9.36715
9.37924
9.37918
9.36595
9.3384
9.29541
9.238
9.17058
9.12741
0.779537
0.0993592
-0.631313
-1.30819
-1.86003
-2.30641
-2.6037
-2.71459
-2.70889
-2.41796
-2.07695
-2.42866
-2.94755
-3.34027
-3.67016
-3.99824
-4.31896
-4.61223
-4.87175
-5.09782
-5.28773
-5.43431
-5.53085
-5.57736
-5.59423
-5.60284
-5.60497
-5.59186
-5.5682
-5.53391
-5.46814
-5.40713
-5.34838
-5.2837
-5.20978
-5.12173
-4.99928
-4.79975
-4.45277
1.44292
2.07784
2.76343
3.41807
3.94345
4.23674
4.42087
3.98646
3.69294
4.75642
5.67726
6.23207
6.66636
7.06861
7.40274
7.64931
7.82069
7.9394
8.02797
8.10314
8.17557
8.25195
8.33654
8.42697
8.51113
8.57889
8.62855
8.66143
8.67916
8.68315
8.67488
8.65627
8.62934
8.5956
8.55492
8.50291
8.42512
8.28541
8.03986
0.774079
0.114282
-0.590204
-1.23401
-1.74799
-2.14806
-2.38776
-2.43898
-2.36294
-1.91841
-1.50864
-1.77792
-2.20735
-2.53375
-2.82364
-3.13219
-3.45328
-3.76828
-4.06992
-4.35804
-4.63349
-4.89832
-5.15327
-5.39106
-5.58357
-5.72177
-5.83262
-5.92331
-6.01739
-6.11116
-6.14018
-6.14387
-6.14061
-6.12424
-6.09117
-6.04942
-6.02864
-6.08164
-6.3465
1.41831
2.03351
2.69139
3.30769
3.77224
4.00317
4.06473
3.34156
2.94322
4.04552
4.97261
5.48133
5.83053
6.14849
6.4541
6.75031
7.03334
7.2888
7.50519
7.68071
7.82136
7.93679
8.041
8.15396
8.28951
8.43539
8.57458
8.70189
8.81605
8.91615
9.00018
9.06533
9.10944
9.13151
9.13366
9.12397
9.12787
9.20102
9.45344
0.768576
0.100729
-0.60451
-1.23311
-1.71398
-2.05582
-2.20897
-2.16074
-1.94627
-1.3306
-0.921554
-1.15144
-1.50411
-1.74717
-1.93795
-2.12351
-2.30671
-2.47957
-2.63687
-2.77321
-2.87617
-2.92589
-2.90798
-2.83119
-2.76004
-2.72867
-2.71386
-2.6833
-2.62819
-2.58904
-2.52227
-2.46412
-2.42221
-2.384
-2.34245
-2.28887
-2.17748
-1.926
-1.35037
1.42119
2.0403
2.68944
3.26936
3.65231
3.75718
3.52897
2.46674
2.05938
3.33428
4.4777
5.2135
5.67036
5.90457
5.94345
5.86245
5.74263
5.6495
5.61011
5.62628
5.68916
5.78974
5.91171
6.01512
6.05711
6.05663
6.04812
6.03652
6.02064
6.00011
5.97863
5.96108
5.95089
5.94898
5.95043
5.93713
5.85583
5.59859
4.99077
0.75917
0.0597235
-0.671071
-1.30564
-1.76394
-2.04347
-2.09007
-1.89895
-1.47397
-0.691662
-0.295905
-0.478085
-0.799744
-1.10349
-1.41058
-1.73168
-2.06957
-2.4259
-2.80561
-3.21772
-3.67457
-4.18234
-4.71707
-5.21795
-5.57739
-5.79559
-6.00995
-6.18023
-6.46481
-6.87889
-6.7575
-6.77691
-6.90236
-6.99446
-7.03776
-7.07944
-7.19502
-7.49138
-8.17273
1.44116
2.08241
2.74104
3.29556
3.59571
3.53094
2.91246
1.54841
0.923883
2.06067
3.33057
4.5919
5.82264
6.99297
7.98813
8.74947
9.29402
9.63932
9.83248
9.92624
9.96652
9.99045
10.0523
10.2388
10.5839
10.9606
11.2704
11.5249
11.7456
11.9367
12.0912
12.2057
12.2824
12.3278
12.3581
12.4057
12.5527
12.9239
13.7221
116.297
115.169
113.738
111.92
109.447
106.102
101.694
96.1714
89.8115
83.1475
76.6255
70.4086
64.48
58.7917
53.3224
48.0742
43.0539
38.2637
33.701
29.3598
25.2322
21.311
17.5886
14.0578
10.7116
7.5442
4.55039
1.72526
-0.935074
-3.43487
-5.7768
-7.96199
-9.99149
-11.865
-13.5822
-15.1432
-16.5478
-17.7967
-18.8913
-19.8334
-20.6258
-21.2723
-21.7778
-22.1475
-22.3879
-22.5062
-22.5102
-22.408
-22.2084
-21.9202
-21.5525
-21.1143
-20.6145
-20.0615
-19.4636
-18.8285
-18.1633
-17.4749
-16.769
-16.0513
-15.3266
-14.599
-13.8723
-13.1496
-12.4338
-11.7264
-11.0312
-10.4367
-9.90652
-9.37234
-8.79208
-8.26567
-7.57267
-7.20314
-6.14427
-6.42991
-4.18298
-6.54026
-0.985163
-8.64783
115.859
112.399
108.484
104.385
100.185
95.9773
91.8325
87.8026
83.8742
80.0735
76.4031
72.8732
69.4913
66.2633
63.1938
60.2855
57.5394
54.9556
52.5319
50.2651
48.1505
46.1826
44.3549
42.6603
41.0913
39.6402
38.2991
37.0603
35.9163
34.8595
33.8831
32.9802
32.1438
31.3678
30.6457
29.9714
29.3389
28.7423
28.1759
27.6341
27.1117
26.6036
26.1051
25.6119
25.1201
24.6265
24.128
23.6224
23.1078
22.5831
22.0475
21.5007
20.9429
20.3747
19.7971
19.2113
18.6189
18.0214
17.4207
16.8186
16.217
15.6178
15.0228
14.4338
13.8528
13.281
12.7216
12.2507
11.8443
11.4263
10.9981
10.5652
10.1167
9.71702
9.17102
9.09407
7.82683
9.63031
4.57847
14.0611
49.5345
49.0062
48.5472
48.1239
47.7205
47.3775
47.0909
46.7848
46.3342
45.6449
44.7011
43.5029
42.0409
40.3278
38.3935
36.2706
33.9899
31.5797
29.0669
26.478
23.838
21.1709
18.4981
15.8392
13.2116
10.63
8.10718
5.6545
3.28354
1.00409
-1.17543
-3.24792
-5.20828
-7.05172
-8.77417
-10.3726
-11.8441
-13.1869
-14.3993
-15.4807
-16.4308
-17.2509
-17.9425
-18.5081
-18.9514
-19.2768
-19.4894
-19.595
-19.6002
-19.5121
-19.338
-19.0856
-18.7627
-18.3771
-17.9364
-17.4481
-16.9192
-16.3566
-15.7665
-15.1546
-14.5264
-13.8864
-13.2391
-12.588
-11.9368
-11.2876
-10.6442
-10.0906
-9.59423
-9.09487
-8.54433
-8.05167
-7.38262
-7.04535
-6.01045
-6.30985
-4.12672
-6.40747
-1.08385
-8.45507
49.8672
50.1026
50.5671
50.9911
51.3293
51.5533
51.6503
51.6149
51.4444
51.1491
50.7309
50.1979
49.5585
48.8216
47.9979
47.0987
46.1358
45.1213
44.0681
42.9887
41.895
40.7982
39.7086
38.6359
37.5878
36.5708
35.5903
34.6502
33.7527
32.8993
32.0903
31.3249
30.6015
29.9183
29.2725
28.6612
28.0811
27.5288
27.0005
26.4925
26.0011
25.5225
25.0533
24.5898
24.1288
23.6675
23.2032
22.7335
22.2567
21.7713
21.2762
20.771
20.2553
19.7294
19.1938
18.6495
18.0976
17.5393
16.9764
16.4103
15.8428
15.2757
14.7109
14.1501
13.5954
13.0479
12.511
12.0581
11.6666
11.2635
10.8494
10.4307
9.99509
9.61
9.07519
9.0102
7.76977
9.51664
4.66908
13.7282
28.9742
28.6468
28.3002
27.9397
27.5273
27.0539
26.5226
25.9361
25.2984
24.6178
23.9193
23.2309
22.5528
21.8694
21.1613
20.4092
19.5979
18.7153
17.7515
16.7002
15.5581
14.3256
13.0059
11.6055
10.1332
8.59983
7.0182
5.40164
3.76402
2.1188
0.479563
-1.14001
-2.72741
-4.27055
-5.75826
-7.18067
-8.52884
-9.79501
-10.9724
-12.0554
-13.0396
-13.9216
-14.6992
-15.3709
-15.9369
-16.3982
-16.7566
-17.0151
-17.1775
-17.2484
-17.233
-17.137
-16.9667
-16.7284
-16.4288
-16.0745
-15.6721
-15.2279
-14.748
-14.2382
-13.704
-13.1503
-12.5819
-12.0026
-11.4166
-10.8266
-10.2361
-9.72499
-9.26376
-8.79967
-8.28163
-7.82084
-7.18441
-6.86701
-5.88282
-6.15533
-4.10297
-6.21437
-1.23498
-8.15649
29.1616
29.2874
29.4258
29.5582
29.7149
29.8968
30.1061
30.3377
30.5872
30.8483
31.112
31.3713
31.6178
31.8435
32.0413
32.2039
32.3254
32.4005
32.4254
32.3973
32.3151
32.1787
31.9896
31.7507
31.4658
31.1395
30.7774
30.3852
29.9688
29.5342
29.0868
28.6316
28.173
27.7145
27.2592
26.809
26.3653
25.9287
25.4993
25.0765
24.6594
24.2467
23.8368
23.4279
23.0182
22.6059
22.1891
21.7662
21.3357
20.8964
20.4474
19.9881
19.5181
19.0375
18.5467
18.0462
17.5369
17.02
16.4968
15.9686
15.4373
14.9043
14.3717
13.841
13.3144
12.793
12.2804
11.847
11.4719
11.0851
10.6867
10.2836
9.86315
9.49173
8.97566
8.9066
7.73073
9.35136
4.811
13.3443
27.9992
27.8034
27.5912
27.3656
27.1057
26.7902
26.4016
25.9204
25.3266
24.6096
23.78
22.8782
21.9404
20.9778
19.9927
18.9866
17.9633
16.9261
15.8757
14.8114
13.7313
12.6329
11.5137
10.3712
9.20331
8.00894
6.78827
5.54245
4.27433
2.98774
1.68809
0.382316
-0.922046
-2.21646
-3.49174
-4.73865
-5.94788
-7.11048
-8.2179
-9.26224
-10.2366
-11.1349
-11.9521
-12.6842
-13.3282
-13.8823
-14.3459
-14.7191
-15.0034
-15.201
-15.315
-15.3492
-15.3082
-15.1968
-15.0205
-14.7849
-14.4958
-14.1589
-13.7799
-13.3644
-12.9178
-12.4451
-11.9511
-11.4401
-10.9162
-10.3828
-9.8435
-9.37306
-8.94484
-8.51353
-8.02599
-7.59543
-6.98898
-6.69348
-5.74989
-6.01453
-4.05121
-6.06817
-1.29795
-7.96188
28.1408
28.2512
28.3379
28.4015
28.4461
28.4719
28.4818
28.4764
28.4585
28.4294
28.3914
28.3466
28.2966
28.2432
28.1872
28.1295
28.0701
28.0087
27.9442
27.8753
27.8
27.7162
27.6216
27.5138
27.3906
27.2503
27.0913
26.9129
26.7146
26.4968
26.2603
26.0066
25.7372
25.454
25.1593
24.8548
24.5424
24.2238
23.9
23.5719
23.24
22.9045
22.565
22.221
21.8719
21.5166
21.1543
20.7838
20.4042
20.0147
19.6145
19.2031
18.7801
18.3457
17.9
17.4434
16.9768
16.5011
16.0174
15.5271
15.0316
14.5326
14.0319
13.5311
13.0323
12.5368
12.0482
11.6338
11.2745
10.9032
10.52
10.1321
9.72614
9.36826
8.86826
8.80148
7.66845
9.22151
4.85458
13.0994
24.0608
23.8541
23.6451
23.4445
23.2425
23.0289
22.795
22.5331
22.2326
21.8793
21.4586
20.9661
20.4116
19.8023
19.1384
18.4192
17.6454
16.8192
15.944
15.0233
14.061
13.061
12.0276
10.965
9.87708
8.76756
7.63988
6.49716
5.34274
4.17973
3.01147
1.84192
0.675036
-0.484572
-1.63167
-2.76065
-3.86537
-4.93941
-5.97607
-6.96869
-7.91082
-8.79637
-9.61968
-10.3757
-11.0601
-11.6696
-12.2016
-12.6546
-13.0279
-13.3219
-13.5378
-13.6775
-13.7439
-13.7403
-13.671
-13.5401
-13.3526
-13.1133
-12.8275
-12.5002
-12.1363
-11.7409
-11.3187
-10.8739
-10.4109
-9.93336
-9.44471
-9.01466
-8.61927
-8.22059
-7.76363
-7.36365
-6.78633
-6.51581
-5.60648
-5.87701
-3.97736
-5.94321
-1.31336
-7.8171
24.2138
24.3359
24.4625
24.5863
24.7051
24.8191
24.9272
25.0271
25.1178
25.1973
25.2644
25.3178
25.3565
25.38
25.3878
25.3799
25.3565
25.3183
25.266
25.2006
25.1232
25.0349
24.937
24.8301
24.7151
24.5926
24.4627
24.3255
24.1808
24.0282
23.8674
23.698
23.5196
23.3319
23.1348
22.9284
22.7128
22.4881
22.2546
22.0126
21.7623
21.5036
21.2366
20.961
20.6766
20.3828
20.0792
19.765
19.4398
19.1029
18.7539
18.3923
18.0181
17.6311
17.2315
16.8198
16.3966
15.9627
15.5192
15.0674
14.6085
14.1442
13.6762
13.206
12.7359
12.2669
11.803
11.4081
11.0648
10.7095
10.3419
9.96939
9.57844
9.23443
8.75008
8.68907
7.58837
9.10171
4.84618
12.8996
19.2067
19.0239
18.8363
18.6557
18.4741
18.2866
18.0886
17.8741
17.6382
17.3749
17.0774
16.7395
16.3621
15.952
15.5128
15.0444
14.545
14.0118
13.4423
12.8347
12.1878
11.5003
10.7721
10.0035
9.19591
8.35121
7.47211
6.56176
5.62403
4.66303
3.68318
2.68934
1.68631
0.679138
-0.326913
-1.32654
-2.31424
-3.28445
-4.23135
-5.14919
-6.03219
-6.87471
-7.67126
-8.41661
-9.1061
-9.7355
-10.3012
-10.8004
-11.2311
-11.5919
-11.8825
-12.1032
-12.2552
-12.3405
-12.3615
-12.3215
-12.2239
-12.0728
-11.8725
-11.6273
-11.3418
-11.0204
-10.6677
-10.2879
-9.88518
-9.46344
-9.02585
-8.63678
-8.27518
-7.91016
-7.48521
-7.11684
-6.57035
-6.32557
-5.45264
-5.72879
-3.89616
-5.80681
-1.3262
-7.65526
19.3342
19.4323
19.538
19.6434
19.7517
19.8637
19.979
20.0975
20.2186
20.3417
20.4661
20.5909
20.7149
20.8371
20.956
21.0703
21.1783
21.2787
21.3701
21.4511
21.5205
21.5773
21.6209
21.6507
21.6664
21.6682
21.656
21.6303
21.5915
21.5402
21.4766
21.4014
21.3149
21.2174
21.109
20.9898
20.8599
20.7194
20.568
20.4058
20.2328
20.0486
19.8531
19.6463
19.4277
19.1971
18.9542
18.6985
18.4297
18.1474
17.8514
17.5413
17.2171
16.8788
16.5265
16.1608
15.7821
15.3912
14.9891
14.5768
14.1558
13.7275
13.2934
12.8553
12.4152
11.9743
11.5365
11.1623
10.8363
10.498
10.1472
9.79114
9.41638
9.08683
8.62013
8.5635
7.49995
8.96453
4.83455
12.6724
15.9112
15.7608
15.6035
15.4496
15.2933
15.1326
14.9662
14.7894
14.5969
14.3838
14.1448
13.8736
13.5663
13.2254
12.8574
12.4666
12.0545
11.6217
11.1672
10.6898
10.1886
9.66265
9.1109
8.53227
7.92595
7.29135
6.6282
5.93666
5.21748
4.47189
3.70173
2.90957
2.0984
1.27184
0.43403
-0.410526
-1.25691
-2.10002
-2.93442
-3.7546
-4.55503
-5.33016
-6.07455
-6.78283
-7.45007
-8.0716
-8.64311
-9.16097
-9.62201
-10.0238
-10.3648
-10.6438
-10.8606
-11.0158
-11.1105
-11.1465
-11.1263
-11.0526
-10.9288
-10.7584
-10.5453
-10.2935
-10.0069
-9.68961
-9.3455
-8.97857
-8.59165
-8.24365
-7.91618
-7.5852
-7.19311
-6.85677
-6.34266
-6.12333
-5.28994
-5.56887
-3.80988
-5.65668
-1.33762
-7.47324
16.0208
16.1115
16.2073
16.3033
16.4025
16.5044
16.6089
16.716
16.8257
16.9378
17.0524
17.1692
17.2881
17.4088
17.5311
17.6547
17.7789
17.9033
18.027
18.1493
18.2693
18.3857
18.4975
18.6034
18.7022
18.7927
18.8737
18.9441
19.0032
19.0501
19.0842
19.1051
19.1127
19.1067
19.0871
19.054
19.0074
18.9474
18.874
18.7873
18.6872
18.5736
18.4466
18.3058
18.1511
17.9823
17.7992
17.6014
17.3888
17.1611
16.918
16.6596
16.3857
16.0963
15.7917
15.4723
15.1385
14.7911
14.4309
14.059
13.6766
13.285
12.8859
12.4809
12.0718
11.6601
11.2497
10.8973
10.5893
10.2691
9.93616
9.59741
9.23996
8.92531
8.47829
8.42397
7.40373
8.80848
4.82075
12.4235
13.6731
13.5461
13.4114
13.278
13.1422
13.003
12.8613
12.7153
12.5613
12.3952
12.213
12.0098
11.7802
11.5201
11.2306
10.916
10.5792
10.2217
9.8443
9.4465
9.02751
8.58701
8.12481
7.64076
7.13474
6.60672
6.05673
5.48491
4.89161
4.27726
3.64259
2.98869
2.31688
1.62894
0.927154
0.2142
-0.506735
-1.23206
-1.95771
-2.67931
-3.39222
-4.09162
-4.77256
-5.42998
-6.05904
-6.65499
-7.21332
-7.72989
-8.20098
-8.6234
-8.99452
-9.31231
-9.57545
-9.78319
-9.93555
-10.0332
-10.0772
-10.0696
-10.0124
-9.9085
-9.76086
-9.57276
-9.34771
-9.08926
-8.80102
-8.4869
-8.14926
-7.84158
-7.54786
-7.25052
-6.89138
-6.58683
-6.10588
-5.91156
-5.11915
-5.40017
-3.71581
-5.49956
-1.33776
-7.28703
13.7699
13.8542
13.9433
14.0341
14.1284
14.2254
14.3253
14.428
14.5332
14.6408
14.7508
14.8628
14.9767
15.0922
15.2092
15.3273
15.4462
15.5657
15.6855
15.8053
15.9246
16.0431
16.1603
16.2755
16.3883
16.4979
16.6035
16.7043
16.7993
16.8876
16.9683
17.0403
17.1027
17.1547
17.1955
17.2244
17.2409
17.2444
17.2346
17.211
17.1733
17.1214
17.0549
16.9736
16.8773
16.7657
16.6385
16.4955
16.3365
16.1611
15.9694
15.7611
15.5363
15.2949
15.0372
14.7634
14.4741
14.1698
13.8514
13.5198
13.1761
12.8216
12.4578
12.0864
11.7091
11.3272
10.9448
10.6149
10.3257
10.0241
9.70964
9.38886
9.04953
8.75006
8.32413
8.27088
7.29708
8.63889
4.79378
12.1717
11.8405
11.7326
11.6168
11.5007
11.3815
11.2587
11.1337
11.0067
10.8763
10.7398
10.5938
10.4353
10.2604
10.0646
9.84449
9.60027
9.33483
9.05022
8.74764
8.42791
8.09042
7.73402
7.358
6.96199
6.54567
6.10885
5.65147
5.17366
4.67576
4.15824
3.62177
3.06732
2.49594
1.90898
1.30809
0.695151
0.072372
-0.5577
-1.19218
-1.82783
-2.46115
-3.08833
-3.70533
-4.3079
-4.89171
-5.45242
-5.98573
-6.48754
-6.95392
-7.38136
-7.76669
-8.1072
-8.4008
-8.64587
-8.84144
-8.98715
-9.08321
-9.13041
-9.13006
-9.08395
-8.99432
-8.8637
-8.69498
-8.49121
-8.2555
-7.99161
-7.70137
-7.43278
-7.17206
-6.90766
-6.58127
-6.30804
-5.86062
-5.69095
-4.94012
-5.22356
-3.61255
-5.33739
-1.32445
-7.10129
11.9239
11.998
12.0772
12.1586
12.2435
12.3314
12.4227
12.5171
12.6148
12.7156
12.8195
12.9264
13.0361
13.1485
13.2634
13.3805
13.4996
13.6203
13.7423
13.8653
13.9888
14.1124
14.2356
14.358
14.4792
14.5985
14.7155
14.8296
14.9401
15.0466
15.1481
15.2441
15.3339
15.4165
15.4911
15.557
15.6132
15.6591
15.6937
15.7164
15.7264
15.7232
15.7061
15.6747
15.6284
15.5668
15.4894
15.3959
15.286
15.1593
15.0156
14.8547
14.6766
14.4812
14.2686
14.0391
13.7931
13.531
13.2537
12.9618
12.6565
12.339
12.0106
11.6729
11.3276
10.9761
10.6222
10.3152
10.0453
9.76277
9.46734
9.16504
8.8445
8.56046
8.15677
8.10387
7.17834
8.4571
4.75113
11.9192
10.2951
10.2037
10.1054
10.0057
9.90188
9.79353
9.6824
9.56935
9.45429
9.33622
9.21302
9.08206
8.94076
8.78599
8.61392
8.4216
8.20885
7.97786
7.73046
7.46787
7.19111
6.89984
6.59291
6.26956
5.92932
5.57178
5.19656
4.80339
4.39218
3.96293
3.51585
3.05144
2.5703
2.07333
1.56171
1.03684
0.500394
-0.0456492
-0.59904
-1.15724
-1.71746
-2.27665
-2.83152
-3.37851
-3.91398
-4.43412
-4.93506
-5.41295
-5.86403
-6.28472
-6.67171
-7.02192
-7.33279
-7.60208
-7.82814
-8.0098
-8.14642
-8.23795
-8.28481
-8.28797
-8.24886
-8.16927
-8.05139
-7.89773
-7.71085
-7.49424
-7.24913
-7.01811
-6.78943
-6.5571
-6.26307
-6.02057
-5.60686
-5.46141
-4.75262
-5.03861
-3.50012
-5.16892
-1.29999
-6.91339
10.3667
10.4315
10.501
10.5726
10.6476
10.7255
10.8066
10.891
10.9785
11.0694
11.1635
11.2609
11.3616
11.4655
11.5725
11.6826
11.7956
11.9114
12.0297
12.1504
12.2731
12.3975
12.5232
12.6497
12.7768
12.9037
13.03
13.155
13.2782
13.399
13.5166
13.6303
13.7396
13.8436
13.9417
14.033
14.1167
14.1921
14.2583
14.3146
14.3601
14.3941
14.4157
14.4242
14.4189
14.3992
14.3645
14.3141
14.2476
14.1645
14.0645
13.9472
13.8125
13.6602
13.4903
13.303
13.0985
12.8771
12.6396
12.3866
12.119
11.838
11.5447
11.2406
10.9274
10.6064
10.2813
9.99777
9.74734
9.4844
9.20848
8.92512
8.624
8.35567
7.97526
7.92223
7.04673
8.26196
4.69495
11.6609
9.02771
8.94983
8.86626
8.78141
8.69235
8.59786
8.4995
8.39866
8.29582
8.19101
8.08361
7.97194
7.85384
7.72712
7.58909
7.43647
7.26644
7.07849
6.87426
6.65536
6.42308
6.17853
5.92162
5.65141
5.36715
5.06849
4.75511
4.42672
4.0831
3.72405
3.34954
2.95969
2.5547
2.13497
1.70115
1.25407
0.794807
0.324707
-0.154593
-0.641206
-1.13298
-1.62751
-2.12211
-2.61387
-3.09969
-3.57631
-4.04031
-4.48823
-4.91658
-5.32193
-5.70099
-6.05062
-6.36797
-6.65047
-6.896
-7.10281
-7.26963
-7.39567
-7.48065
-7.52475
-7.52866
-7.49347
-7.42069
-7.31226
-7.1701
-6.99741
-6.79478
-6.59949
-6.4016
-6.20018
-5.93782
-5.72522
-5.34513
-5.2233
-4.55685
-4.84523
-3.37886
-4.99336
-1.26588
-6.72107
9.08983
9.14706
9.20823
9.2715
9.3378
9.40688
9.47895
9.55401
9.63215
9.7134
9.79783
9.88546
9.9763
10.0704
10.1677
10.2681
10.3718
10.4785
10.5882
10.7008
10.8161
10.9339
11.054
11.1762
11.3
11.4253
11.5515
11.6782
11.8049
11.931
12.0559
12.179
12.2995
12.4167
12.5299
12.6382
12.7409
12.8372
12.9261
13.007
13.0788
13.1409
13.1922
13.2321
13.2596
13.274
13.2745
13.2605
13.2312
13.1862
13.1247
13.0465
12.9511
12.8382
12.7078
12.5599
12.3944
12.2118
12.0123
11.7967
11.5657
11.3201
11.0613
10.7904
10.5091
10.2186
9.92248
9.66246
9.43182
9.18872
8.93265
8.66863
8.38742
8.13509
7.77884
7.72537
6.9016
8.05256
4.62646
11.3938
7.97961
7.91295
7.84138
7.76853
7.6923
7.61121
7.52551
7.43618
7.3442
7.25019
7.15437
7.05631
6.95477
6.84796
6.73401
6.61064
6.47493
6.32424
6.15775
5.9766
5.78222
5.57581
5.35851
5.13042
4.89069
4.6386
4.37379
4.09604
3.80515
3.50089
3.18317
2.85198
2.50738
2.14956
1.77889
1.39585
1.00112
0.595568
0.180308
-0.243333
-0.673799
-1.10929
-1.54774
-1.98683
-2.42406
-2.85669
-3.28183
-3.69644
-4.0974
-4.48155
-4.84578
-5.18703
-5.50238
-5.78914
-6.0449
-6.26754
-6.45533
-6.60696
-6.72153
-6.79861
-6.83822
-6.84081
-6.80722
-6.73886
-6.63699
-6.50449
-6.34125
-6.1795
-6.01083
-5.83885
-5.60713
-5.42331
-5.07643
-4.97738
-4.35327
-4.64375
-3.24906
-4.81073
-1.22252
-6.52428
8.03367
8.08413
8.13796
8.19379
8.25236
8.3135
8.3774
8.44408
8.51363
8.58611
8.66159
8.74013
8.82176
8.90652
8.99443
9.08552
9.17976
9.27713
9.37761
9.48112
9.58757
9.69686
9.80884
9.92334
10.0402
10.1591
10.2798
10.4019
10.5252
10.6492
10.7734
10.8972
11.0202
11.1417
11.261
11.3775
11.4902
11.5985
11.7014
11.7982
11.888
11.9698
12.0428
12.106
12.1586
12.1998
12.2285
12.2442
12.2458
12.2328
12.2045
12.1602
12.0995
12.022
11.9273
11.8153
11.6859
11.5393
11.3757
11.1955
10.9994
10.7881
10.5626
10.3241
10.0741
9.81365
9.54626
9.30975
9.09895
8.8758
8.63979
8.39531
8.13437
7.89826
7.56685
7.51282
6.74226
7.82853
4.54575
11.1166
7.09283
7.0355
6.97399
6.9112
6.84541
6.77564
6.70201
6.62439
6.54301
6.45878
6.37251
6.28452
6.19459
6.10181
6.00472
5.9017
5.7908
5.66947
5.53524
5.38704
5.22562
5.05224
4.86802
4.67408
4.47071
4.25718
4.03275
3.79704
3.54987
3.29103
3.02035
2.73774
2.44314
2.13663
1.81839
1.48871
1.14803
0.796937
0.436202
0.0667734
-0.310212
-0.693422
-1.08129
-1.47202
-1.86362
-2.2539
-2.64043
-3.02067
-3.39191
-3.75135
-4.09614
-4.42343
-4.73042
-5.01441
-5.27288
-5.50354
-5.70437
-5.87367
-6.01011
-6.11276
-6.18109
-6.21499
-6.21473
-6.18115
-6.11494
-6.01859
-5.89136
-5.76064
-5.61935
-5.47506
-5.27265
-5.11621
-4.80179
-4.72448
-4.14244
-4.4346
-3.11105
-4.62118
-1.17087
-6.32313
7.13988
7.18424
7.23147
7.28058
7.33215
7.38606
7.44248
7.50144
7.56305
7.62738
7.6945
7.76447
7.83737
7.91324
7.99214
8.0741
8.15914
8.24729
8.33854
8.43288
8.53027
8.63064
8.73392
8.84
8.94874
9.05997
9.17348
9.28904
9.40639
9.52519
9.64508
9.76565
9.88646
10.007
10.1267
10.245
10.3612
10.4746
10.5844
10.6899
10.7902
10.8844
10.9717
11.0511
11.1218
11.1827
11.233
11.2718
11.2982
11.3114
11.3106
11.2951
11.2642
11.2175
11.1543
11.0745
10.9778
10.8641
10.7336
10.5865
10.4231
10.2443
10.0507
9.8434
9.62373
9.39265
9.15347
8.94019
8.74907
8.5458
8.32984
8.10499
7.86449
7.64478
7.33865
7.28413
6.56798
7.58942
4.45291
10.8277
6.33276
6.2833
6.23025
6.17602
6.11916
6.05874
5.99504
5.9282
5.85773
5.78344
5.7061
5.62666
5.54556
5.46273
5.37756
5.28883
5.19514
5.09484
4.98569
4.86538
4.73269
4.588
4.43243
4.26702
4.09287
3.91045
3.71916
3.51827
3.30739
3.08635
2.85497
2.61314
2.36071
2.09763
1.82398
1.53987
1.24555
0.9414
0.627931
0.305808
-0.0241494
-0.360954
-0.703417
-1.05015
-1.39959
-1.74998
-2.09934
-2.44555
-2.78633
-3.11925
-3.4418
-3.75138
-4.0454
-4.32127
-4.57654
-4.80885
-5.01603
-5.19617
-5.34765
-5.46915
-5.55971
-5.61879
-5.64612
-5.6421
-5.60684
-5.54246
-5.44762
-5.34521
-5.22922
-5.11063
-4.93591
-4.80524
-4.52225
-4.46541
-3.92488
-4.21803
-2.96518
-4.42451
-1.11193
-6.11644
6.37376
6.41271
6.45413
6.49727
6.5426
6.59004
6.63974
6.69175
6.74616
6.80305
6.8625
6.92457
6.98934
7.05689
7.12726
7.20051
7.2767
7.35586
7.43803
7.5232
7.6114
7.7026
7.79677
7.89385
7.99376
8.09641
8.20166
8.30933
8.41924
8.53115
8.64476
8.75977
8.87582
8.99249
9.10933
9.22583
9.34143
9.45552
9.56745
9.67653
9.78198
9.88301
9.97879
10.0685
10.1511
10.2258
10.2917
10.3477
10.3931
10.4269
10.4482
10.4562
10.4503
10.4297
10.3937
10.3421
10.2743
10.1902
10.0896
9.97277
9.83983
9.69127
9.52773
9.35008
9.15945
8.9567
8.74493
8.55435
8.38256
8.1989
8.0028
7.79751
7.57745
7.37424
7.09363
7.03883
6.3781
7.33441
4.34849
10.5237
5.67572
5.63292
5.58703
5.54007
5.49085
5.43853
5.38318
5.32502
5.26406
5.19988
5.13207
5.06105
4.98773
4.91276
4.83625
4.75779
4.67639
4.59082
4.4997
4.4011
4.29283
4.17351
4.04326
3.903
3.75374
3.59656
3.43205
3.25978
3.07904
2.88942
2.69077
2.48297
2.26588
2.03937
1.80343
1.55807
1.30342
1.03968
0.767176
0.486354
0.197787
-0.0978205
-0.399583
-0.706444
-1.01719
-1.33044
-1.64459
-1.9579
-2.26847
-2.57423
-2.873
-3.16249
-3.44037
-3.70423
-3.95176
-4.18063
-4.38868
-4.57389
-4.73446
-4.86883
-4.97573
-5.05427
-5.10376
-5.12421
-5.11522
-5.07856
-5.01238
-4.93535
-4.84239
-4.74734
-4.59849
-4.49172
-4.23888
-4.201
-3.7014
-3.99429
-2.81237
-4.22006
-1.04756
-5.90219
5.71149
5.74567
5.78199
5.81988
5.85969
5.90142
5.94516
5.99099
6.03898
6.0892
6.14175
6.19668
6.25409
6.31403
6.37657
6.44179
6.50974
6.58047
6.65404
6.73046
6.80978
6.892
6.97713
7.06515
7.15602
7.24969
7.34607
7.44507
7.54656
7.65036
7.75627
7.86405
7.97344
8.08411
8.19569
8.30776
8.41987
8.5315
8.64209
8.75103
8.85766
8.96124
9.06104
9.15625
9.24604
9.32952
9.40582
9.474
9.53317
9.58241
9.62082
9.64752
9.66172
9.66262
9.64955
9.62189
9.57917
9.521
9.44714
9.35752
9.25222
9.13152
8.99587
8.84598
8.68278
8.50701
8.32153
8.15289
7.99987
7.83536
7.65878
7.47277
7.27296
7.08627
6.83123
6.77644
6.17221
7.06234
4.23388
10.1997
5.10273
5.06557
5.02575
4.98496
4.94222
4.89681
4.84875
4.79811
4.74483
4.68894
4.63027
4.56831
4.50304
4.43523
4.36569
4.29472
4.22204
4.14691
4.06828
3.98498
3.89536
3.79745
3.68985
3.57239
3.4458
3.31096
3.16893
3.0204
2.86498
2.70195
2.53091
2.35178
2.16446
1.96886
1.76486
1.55244
1.33161
1.10249
0.865272
0.620256
0.367826
0.108482
-0.157131
-0.428215
-0.703848
-0.982947
-1.26425
-1.54634
-1.82764
-2.10644
-2.38088
-2.64898
-2.90866
-3.15778
-3.39418
-3.61568
-3.82018
-4.00566
-4.17026
-4.31228
-4.43025
-4.523
-4.58956
-4.62962
-4.64235
-4.62915
-4.58779
-4.53313
-4.46082
-4.38695
-4.26195
-4.17701
-3.95286
-3.93207
-3.47295
-3.7633
-2.65396
-4.00665
-0.979751
-5.67684
5.13397
5.16397
5.19583
5.22909
5.26408
5.30076
5.33924
5.37958
5.42186
5.46615
5.51253
5.56107
5.61185
5.66492
5.72037
5.77827
5.83868
5.90165
5.96724
6.03552
6.10651
6.18025
6.25675
6.33603
6.41809
6.50289
6.5904
6.68057
6.77331
6.86851
6.96601
7.06566
7.16727
7.27057
7.37529
7.48109
7.58761
7.69444
7.80108
7.90704
8.01175
8.11457
8.21484
8.31184
8.4048
8.49293
8.57539
8.6513
8.71979
8.77994
8.83088
8.87171
8.90157
8.91963
8.92515
8.91741
8.89583
8.8599
8.80925
8.74365
8.66302
8.56746
8.45728
8.33298
8.1953
8.04489
7.8843
7.73659
7.60157
7.45557
7.2979
7.13075
6.95081
6.78055
6.5509
6.49632
5.95013
6.77078
4.11184
9.84923
4.59626
4.56396
4.52933
4.49383
4.45664
4.41715
4.37538
4.33134
4.2849
4.23598
4.18462
4.13082
4.07415
4.0142
3.95143
3.88678
3.82077
3.7533
3.68377
3.61132
3.53491
3.45306
3.36391
3.26614
3.15967
3.0452
2.9234
2.79515
2.66118
2.52114
2.37417
2.21983
2.05809
1.88896
1.71238
1.52826
1.33656
1.13731
0.93064
0.716739
0.495871
0.268391
0.0347681
-0.204398
-0.448406
-0.696412
-0.947426
-1.20032
-1.45379
-1.70647
-1.95675
-2.20297
-2.44332
-2.67589
-2.89876
-3.10995
-3.30747
-3.48936
-3.65376
-3.79897
-3.92339
-4.02569
-4.10468
-4.15978
-4.18989
-4.19604
-4.17568
-4.14034
-4.08622
-4.03105
-3.92778
-3.86222
-3.66561
-3.65887
-3.24124
-3.52414
-2.49294
-3.78028
-0.9133
-5.43429
4.62359
4.64995
4.67791
4.70715
4.73789
4.77015
4.80401
4.83953
4.87678
4.91583
4.95675
4.9996
5.04447
5.09141
5.1405
5.19181
5.2454
5.30133
5.35967
5.42047
5.48378
5.54964
5.6181
5.68917
5.76287
5.83921
5.91817
5.99971
6.08382
6.1704
6.25936
6.35058
6.44393
6.53922
6.63623
6.73471
6.83437
6.93488
7.03585
7.13685
7.23741
7.33701
7.43505
7.53091
7.62392
7.71337
7.79846
7.87843
7.95241
8.01957
8.07904
8.12994
8.17139
8.20258
8.22269
8.23094
8.22671
8.20937
8.17841
8.13353
8.0745
8.00122
7.91386
7.81277
7.69849
7.57152
7.43416
7.30619
7.18825
7.05986
6.92033
6.77141
6.6108
6.45674
6.25231
6.19735
5.71289
6.45525
3.98979
9.45986
4.15321
4.12517
4.09512
4.0643
4.03203
3.99778
3.96156
3.92337
3.88312
3.8407
3.79614
3.74954
3.7008
3.649
3.59237
3.52968
3.46145
3.38933
3.31494
3.23959
3.16458
3.09136
3.02067
2.95117
2.87926
2.80031
2.70974
2.60449
2.4856
2.35816
2.22664
2.09166
1.9515
1.8047
1.65084
1.49012
1.32276
1.14882
0.968286
0.781212
0.587755
0.388154
0.182746
-0.0280264
-0.243658
-0.463483
-0.686745
-0.912555
-1.13985
-1.36754
-1.59428
-1.81864
-2.03911
-2.25406
-2.46176
-2.66043
-2.84826
-3.02342
-3.18412
-3.3287
-3.45552
-3.56319
-3.65037
-3.71626
-3.75956
-3.78106
-3.77798
-3.75877
-3.72042
-3.68119
-3.59776
-3.54831
-3.37898
-3.38122
-3.00884
-3.27447
-2.33348
-3.53694
-0.85542
-5.16828
4.17702
4.20004
4.22446
4.25
4.27687
4.30508
4.33469
4.36577
4.39839
4.4326
4.46848
4.50608
4.54547
4.58672
4.6299
4.67507
4.72229
4.77164
4.82317
4.87694
4.933
4.99142
5.05222
5.11546
5.18116
5.24934
5.31998
5.39309
5.46868
5.54672
5.62711
5.70977
5.79462
5.88155
5.97037
6.06086
6.15283
6.24604
6.34016
6.43482
6.52965
6.62419
6.71796
6.81045
6.90103
6.98911
7.07397
7.15489
7.23114
7.3019
7.36637
7.42372
7.47306
7.5136
7.54455
7.56507
7.57446
7.57212
7.55735
7.52982
7.48918
7.43515
7.36778
7.28727
7.194
7.0883
6.97221
6.86253
6.76055
6.64869
6.5263
6.3948
6.25273
6.1143
5.93522
5.87758
5.4626
6.1092
3.87719
9.02267
3.62474
3.60142
3.57636
3.55059
3.52364
3.49508
3.46487
3.43301
3.39945
3.36404
3.32665
3.28712
3.24545
3.20185
3.15668
3.10982
3.06054
3.00839
2.95395
2.89814
2.84122
2.78258
2.72125
2.65645
2.58696
2.51116
2.42844
2.33971
2.24567
2.14556
2.03883
1.92636
1.8089
1.68641
1.55847
1.4248
1.28528
1.13988
0.988628
0.831572
0.668777
0.500362
0.326513
0.147519
-0.036298
-0.224466
-0.416459
-0.611638
-0.809224
-1.00836
-1.20805
-1.40714
-1.60443
-1.79858
-1.98811
-2.17149
-2.34713
-2.51338
-2.66857
-2.81108
-2.93929
-3.05173
-3.14698
-3.224
-3.28136
-3.31931
-3.33538
-3.33361
-3.31364
-3.291
-3.23224
-3.19734
-3.06507
-3.0684
-2.76115
-2.9889
-2.17479
-3.25603
-0.816083
-4.87065
3.6447
3.66406
3.68458
3.70606
3.72868
3.75243
3.77738
3.8036
3.83111
3.86001
3.89034
3.92214
3.95549
3.99047
4.02711
4.06546
4.10563
4.14765
4.19159
4.23751
4.28545
4.33551
4.38771
4.44208
4.49868
4.55755
4.61872
4.68218
4.74795
4.81607
4.88647
4.95909
5.03392
5.11093
5.18994
5.27081
5.35343
5.43765
5.52321
5.60984
5.69725
5.78507
5.87298
5.96055
6.04725
6.13262
6.21606
6.29689
6.37455
6.44826
6.51731
6.58098
6.63837
6.68871
6.7313
6.76527
6.78981
6.80432
6.80805
6.80048
6.78117
6.74971
6.70599
6.64998
6.58185
6.50187
6.41156
6.32423
6.24187
6.15043
6.0494
5.93966
5.82102
5.70207
5.55692
5.49278
5.17657
5.68403
3.77991
8.4856
3.07997
3.06158
3.04181
3.02147
3.0002
2.97766
2.95382
2.92869
2.90222
2.87429
2.84479
2.81362
2.7809
2.74694
2.71228
2.67762
2.64323
2.60846
2.57178
2.53176
2.48777
2.43956
2.38668
2.32872
2.26583
2.19894
2.12897
2.05642
1.98155
1.90374
1.82127
1.73281
1.63876
1.54027
1.43771
1.33073
1.21891
1.10206
0.980136
0.85318
0.72118
0.584196
0.44227
0.295548
0.144222
-0.0114569
-0.171131
-0.334404
-0.500754
-0.669564
-0.840127
-1.01164
-1.18315
-1.35361
-1.52189
-1.68671
-1.84674
-2.00056
-2.14668
-2.28361
-2.4098
-2.52382
-2.62419
-2.70975
-2.7789
-2.83159
-2.86526
-2.88074
-2.87795
-2.87343
-2.83674
-2.8222
-2.71876
-2.74029
-2.47409
-2.70736
-1.96052
-3.01345
-0.69946
-4.6816
3.09584
3.11134
3.12775
3.14495
3.16307
3.1821
3.20212
3.22319
3.24531
3.26857
3.293
3.31864
3.34556
3.37384
3.40348
3.43456
3.46717
3.50132
3.53711
3.57457
3.61375
3.65475
3.69759
3.7423
3.78897
3.83764
3.88835
3.94114
3.99601
4.05301
4.11214
4.17337
4.23676
4.30226
4.36979
4.43929
4.5107
4.58391
4.65876
4.7351
4.81271
4.89138
4.97085
5.05076
5.1308
5.21058
5.28962
5.36739
5.44343
5.51711
5.5878
5.65488
5.71758
5.77518
5.827
5.87223
5.91008
5.93989
5.96087
5.97242
5.97399
5.96511
5.94545
5.91478
5.87308
5.82046
5.75811
5.69528
5.6346
5.56604
5.48908
5.40431
5.31213
5.21819
5.10693
5.05419
4.81036
5.26827
3.53212
8.14783
2.62043
2.60571
2.5899
2.57361
2.55658
2.53853
2.51942
2.49928
2.47807
2.4557
2.4321
2.40718
2.38091
2.35321
2.32399
2.29326
2.26101
2.22741
2.19247
2.15575
2.11648
2.07436
2.03006
1.98456
1.93826
1.89097
1.84199
1.79022
1.73425
1.67322
1.60736
1.53711
1.46233
1.38299
1.29965
1.21275
1.12219
1.0276
0.928772
0.825613
0.718124
0.606343
0.49027
0.36997
0.245528
0.117085
-0.015137
-0.150891
-0.289819
-0.431513
-0.575464
-0.721103
-0.867719
-1.01453
-1.16066
-1.30511
-1.44679
-1.58455
-1.71714
-1.84325
-1.96152
-2.07064
-2.16918
-2.25602
-2.32957
-2.38961
-2.43355
-2.46018
-2.46927
-2.47776
-2.45771
-2.45916
-2.37878
-2.41664
-2.18364
-2.42701
-1.73331
-2.77728
-0.560239
-4.50451
2.63325
2.64582
2.65911
2.67305
2.68774
2.7032
2.71946
2.73655
2.75454
2.77345
2.7933
2.81416
2.83608
2.85911
2.88327
2.90864
2.93525
2.96316
2.99244
3.02311
3.0552
3.08882
3.124
3.16078
3.19924
3.23937
3.28126
3.32496
3.37046
3.41782
3.46708
3.51821
3.57128
3.62627
3.68314
3.74188
3.80247
3.8648
3.92882
3.99444
4.06151
4.12989
4.19938
4.26974
4.34077
4.41218
4.48356
4.55457
4.62481
4.69383
4.76106
4.82601
4.88807
4.94658
5.00096
5.05049
5.09444
5.13219
5.16299
5.18623
5.20136
5.20779
5.20512
5.19304
5.17136
5.14008
5.10011
5.05741
5.01487
4.96579
4.90967
4.84699
4.77849
4.70797
4.62751
4.58894
4.40934
4.84121
3.24269
7.81958
2.20468
2.19287
2.18021
2.16714
2.15347
2.13898
2.12365
2.10747
2.09045
2.07249
2.05355
2.03356
2.01249
1.99027
1.96681
1.9421
1.91606
1.88867
1.86
1.83016
1.79915
1.76654
1.73163
1.69422
1.65495
1.61477
1.57399
1.53225
1.48875
1.44233
1.3919
1.33719
1.27853
1.21602
1.14947
1.07912
1.0056
0.929085
0.849325
0.76601
0.679
0.588294
0.493913
0.3959
0.29429
0.189153
0.0806164
-0.0311627
-0.145947
-0.263468
-0.383349
-0.505204
-0.628508
-0.752668
-0.877043
-1.00084
-1.12322
-1.24326
-1.35995
-1.4722
-1.57884
-1.67875
-1.77067
-1.85357
-1.92595
-1.98756
-2.03588
-2.06852
-2.08501
-2.10192
-2.09394
-2.1068
-2.0453
-2.095
-1.89257
-2.1409
-1.50144
-2.52811
-0.417403
-4.29136
2.21502
2.22516
2.23591
2.24717
2.25905
2.27156
2.28472
2.29855
2.31311
2.32843
2.34453
2.36145
2.37925
2.39794
2.41757
2.43821
2.45987
2.4826
2.50646
2.53147
2.55769
2.58517
2.61395
2.64409
2.67563
2.70859
2.74303
2.77901
2.81654
2.85567
2.89644
2.93884
2.98293
3.02872
3.07617
3.12531
3.17613
3.22857
3.28261
3.33817
3.39519
3.45354
3.51311
3.57374
3.63526
3.69748
3.7601
3.82286
3.88544
3.94752
4.00863
4.06839
4.12633
4.18189
4.23459
4.28381
4.32893
4.36941
4.40459
4.43388
4.45677
4.47267
4.48116
4.48192
4.47465
4.45929
4.43653
4.40979
4.38193
4.34893
4.31035
4.26666
4.2188
4.16948
4.11675
4.0923
3.97339
4.37886
2.93087
7.40146
1.81859
1.8093
1.79934
1.78905
1.77828
1.76687
1.75481
1.74208
1.72868
1.71455
1.69965
1.68392
1.66734
1.64985
1.6314
1.61195
1.59145
1.56983
1.54709
1.5232
1.49821
1.47223
1.44522
1.41666
1.38589
1.35287
1.31836
1.28319
1.24761
1.21117
1.17301
1.13203
1.08751
1.03944
0.988014
0.933132
0.874858
0.8137
0.750089
0.683929
0.614899
0.542801
0.467579
0.389266
0.307893
0.2235
0.13615
0.0459294
-0.0470135
-0.142492
-0.240263
-0.340039
-0.44146
-0.544084
-0.647429
-0.750909
-0.853869
-0.955592
-1.05527
-1.15204
-1.24492
-1.333
-1.41519
-1.49061
-1.55791
-1.61689
-1.66515
-1.69981
-1.72012
-1.74174
-1.7419
-1.76232
-1.71568
-1.77351
-1.59782
-1.84753
-1.25972
-2.26366
-0.262893
-4.0434
1.82676
1.83478
1.8433
1.85222
1.86163
1.87154
1.88197
1.89294
1.90448
1.91664
1.92943
1.94289
1.95703
1.9719
1.98753
2.00396
2.02123
2.03934
2.05837
2.07836
2.09934
2.12132
2.14438
2.16854
2.19385
2.22035
2.24806
2.27705
2.30734
2.33897
2.37197
2.40636
2.4422
2.47948
2.5182
2.55839
2.60006
2.64318
2.68774
2.7337
2.781
2.82961
2.87941
2.93032
2.9822
3.03491
3.08829
3.1421
3.1961
3.25005
3.30361
3.35647
3.40829
3.45857
3.50696
3.55296
3.59606
3.63578
3.67158
3.70293
3.72938
3.7504
3.76559
3.77464
3.77725
3.77333
3.76334
3.74884
3.73254
3.71244
3.68821
3.66036
3.6299
3.59902
3.57002
3.5586
3.49363
3.8715
2.57362
6.90238
1.464
1.45685
1.44918
1.44123
1.43292
1.42413
1.41483
1.40501
1.39467
1.38376
1.37226
1.36012
1.34731
1.3338
1.31956
1.30455
1.28871
1.27199
1.25437
1.23582
1.2163
1.19582
1.17448
1.15234
1.12925
1.10464
1.07797
1.04936
1.01968
0.989646
0.959317
0.92812
0.895158
0.859576
0.820988
0.779472
0.73505
0.687678
0.637725
0.585722
0.531782
0.47566
0.417111
0.356065
0.292541
0.226576
0.158205
0.087457
0.0144009
-0.0608412
-0.138126
-0.217239
-0.297952
-0.379948
-0.462882
-0.546334
-0.629809
-0.712767
-0.794594
-0.874618
-0.952085
-1.02623
-1.0962
-1.16126
-1.22026
-1.27308
-1.31755
-1.35082
-1.37181
-1.39483
-1.39955
-1.42401
-1.38829
-1.45078
-1.29749
-1.54565
-1.00382
-1.98163
-0.0876323
-3.75693
1.47031
1.4765
1.48306
1.48994
1.49719
1.50483
1.51288
1.52133
1.53024
1.53961
1.54948
1.55985
1.57076
1.58223
1.5943
1.60699
1.62031
1.6343
1.64901
1.66445
1.68066
1.69767
1.71551
1.73421
1.75383
1.77437
1.79586
1.81836
1.8419
1.86651
1.89221
1.91902
1.947
1.97616
2.00648
2.03803
2.07079
2.10477
2.13997
2.17637
2.21393
2.25265
2.29247
2.3333
2.37508
2.4177
2.46107
2.50502
2.54937
2.59395
2.63851
2.68282
2.72662
2.76954
2.81128
2.8515
2.88976
2.92567
2.9588
2.98875
3.01509
3.0374
3.05534
3.06861
3.07697
3.08031
3.07896
3.07321
3.06539
3.05495
3.0417
3.02622
3.00949
2.99358
2.98346
2.98251
2.96288
3.31193
2.15289
6.3216
1.09794
1.09268
1.08704
1.08118
1.07507
1.0686
1.06176
1.05455
1.04695
1.03893
1.03048
1.02157
1.01218
1.00228
0.991844
0.980847
0.969253
0.957029
0.944144
0.930569
0.916264
0.901221
0.885444
0.868961
0.851857
0.834181
0.815663
0.795692
0.773882
0.750637
0.726858
0.703105
0.679247
0.654708
0.628695
0.600614
0.5703
0.53769
0.502647
0.465355
0.426292
0.385653
0.343206
0.298652
0.251894
0.203008
0.152109
0.0992775
0.0445773
-0.0119201
-0.0701089
-0.129839
-0.19093
-0.253165
-0.316292
-0.380012
-0.443974
-0.507781
-0.570995
-0.633133
-0.693635
-0.751936
-0.807375
-0.859441
-0.907181
-0.950591
-0.987785
-1.01648
-1.03517
-1.0565
-1.06238
-1.08746
-1.05881
-1.12245
-0.987063
-1.23001
-0.729101
-1.67222
0.111071
-3.39061
1.10261
1.1072
1.11206
1.11717
1.12256
1.12824
1.13423
1.14053
1.14717
1.15416
1.16152
1.16927
1.17743
1.18602
1.19507
1.20458
1.21458
1.2251
1.23617
1.24779
1.26
1.27283
1.28631
1.30045
1.31528
1.33084
1.34713
1.3642
1.38207
1.40077
1.42032
1.44072
1.46203
1.48425
1.50738
1.53146
1.55649
1.58246
1.60938
1.63726
1.66606
1.69577
1.72635
1.75775
1.78995
1.82285
1.85639
1.89048
1.92498
1.95977
1.99468
2.02955
2.0642
2.09837
2.13185
2.16438
2.19564
2.22537
2.25321
2.2789
2.30208
2.32242
2.33971
2.35366
2.36406
2.3709
2.37435
2.37397
2.37173
2.36789
2.36235
2.35576
2.34887
2.34373
2.34636
2.35037
2.36373
2.68081
1.6384
5.59913
0.799034
0.795443
0.791594
0.787616
0.783449
0.779032
0.774358
0.769433
0.764236
0.758734
0.752935
0.746816
0.740351
0.733532
0.726343
0.718744
0.710721
0.702263
0.693336
0.683908
0.673956
0.663457
0.65239
0.640752
0.628571
0.615883
0.602758
0.589177
0.574723
0.558771
0.541181
0.522623
0.503912
0.485226
0.466052
0.445631
0.423354
0.399129
0.373147
0.345459
0.316199
0.285927
0.255138
0.223771
0.191447
0.157859
0.122902
0.0866198
0.0490772
0.01032
-0.0296056
-0.0706333
-0.112665
-0.155571
-0.199191
-0.243342
-0.28779
-0.332268
-0.376481
-0.420109
-0.462761
-0.504061
-0.543546
-0.580898
-0.615384
-0.647132
-0.674574
-0.696426
-0.710575
-0.727781
-0.732022
-0.75492
-0.729838
-0.791782
-0.669518
-0.90391
-0.438539
-1.33173
0.325902
-2.89591
0.802179
0.805228
0.808468
0.811863
0.815435
0.819193
0.823139
0.827294
0.83167
0.836267
0.841091
0.846158
0.851491
0.857098
0.862985
0.869158
0.875643
0.882464
0.889619
0.897121
0.904985
0.913241
0.921913
0.930992
0.940503
0.95047
0.960914
0.971846
0.983288
0.995266
1.00778
1.02087
1.03454
1.0488
1.06367
1.07919
1.09536
1.11217
1.12964
1.14778
1.16658
1.18603
1.20612
1.22684
1.24815
1.27002
1.29241
1.31525
1.33849
1.36201
1.38574
1.40956
1.43333
1.45691
1.48018
1.5029
1.5249
1.546
1.56597
1.58461
1.60168
1.61697
1.63034
1.64158
1.65057
1.65732
1.66196
1.66403
1.66442
1.66378
1.66218
1.66028
1.65861
1.65955
1.6693
1.67354
1.70653
1.98889
1.04258
4.67068
0.334696
0.332345
0.329806
0.32717
0.32441
0.321488
0.318397
0.315136
0.311692
0.308049
0.304204
0.300144
0.295845
0.291298
0.286498
0.281413
0.276023
0.270317
0.264268
0.257846
0.251027
0.243779
0.236069
0.227865
0.219145
0.209867
0.19995
0.189267
0.177661
0.164996
0.151303
0.137485
0.126255
0.121751
0.127515
0.144393
0.169694
0.197711
0.221308
0.234305
0.23354
0.219728
0.196946
0.170576
0.144387
0.11944
0.0952253
0.0710651
0.0466816
0.0221097
-0.00255081
-0.027249
-0.0519781
-0.0767236
-0.10145
-0.12611
-0.150637
-0.174942
-0.198914
-0.222433
-0.245331
-0.267451
-0.288565
-0.308569
-0.326986
-0.344096
-0.358647
-0.370722
-0.377808
-0.388324
-0.388219
-0.406025
-0.381957
-0.437433
-0.329438
-0.538253
-0.136237
-0.891235
0.476726
-2.02213
0.336805
0.338908
0.341149
0.343501
0.345988
0.348606
0.351356
0.354266
0.357344
0.360583
0.363987
0.367572
0.371358
0.375343
0.379533
0.383937
0.388574
0.39346
0.398581
0.403957
0.409609
0.415539
0.421756
0.428263
0.435076
0.442199
0.449649
0.457421
0.465524
0.473975
0.482764
0.491905
0.501388
0.511214
0.521384
0.531903
0.542768
0.553954
0.565473
0.577312
0.589441
0.601856
0.614557
0.627516
0.640704
0.654112
0.667697
0.68143
0.69528
0.70919
0.72313
0.737029
0.750832
0.764465
0.777872
0.790961
0.803648
0.815885
0.827537
0.838512
0.848682
0.857943
0.866231
0.873382
0.879362
0.884165
0.887869
0.889863
0.891195
0.892364
0.893536
0.895134
0.896844
0.89977
0.908188
0.899596
0.917135
1.14951
0.306608
3.20878
0.285517
0.285482
0.285469
0.285461
0.285442
0.285418
0.285391
0.285358
0.285318
0.285278
0.285242
0.285208
0.285175
0.285146
0.285134
0.285142
0.285175
0.285244
0.28536
0.285543
0.285817
0.286203
0.286717
0.287332
0.287977
0.288584
0.289266
0.290646
0.294122
0.301742
0.315258
0.334173
0.35384
0.365476
0.35888
0.326583
0.267278
0.187454
0.100627
0.0236941
-0.029217
-0.052815
-0.0525661
-0.0402871
-0.0266625
-0.0168525
-0.0111649
-0.00807381
-0.00643662
-0.00594552
-0.00666479
-0.00861824
-0.0117011
-0.0157565
-0.0206248
-0.0261605
-0.0322246
-0.0386772
-0.045382
-0.0522172
-0.0590605
-0.0658186
-0.0723622
-0.0786969
-0.0845613
-0.0903358
-0.0952247
-0.100348
-0.10227
-0.107143
-0.104501
-0.11599
-0.0975734
-0.136811
-0.0635926
-0.200228
0.048719
-0.383775
0.386677
-0.869163
0.285524
0.285491
0.285447
0.285383
0.285305
0.285212
0.285091
0.28495
0.284786
0.284595
0.284372
0.284114
0.283826
0.283498
0.28313
0.282717
0.282259
0.281757
0.281198
0.280587
0.279927
0.279209
0.27843
0.277595
0.276705
0.275756
0.274758
0.273705
0.272605
0.271468
0.270296
0.2691
0.26788
0.266656
0.265439
0.264238
0.263066
0.261937
0.260877
0.25989
0.258983
0.258175
0.257483
0.25691
0.256464
0.25616
0.255991
0.255964
0.256079
0.256344
0.256759
0.257305
0.257974
0.258731
0.259546
0.260365
0.261149
0.261881
0.262496
0.262981
0.263321
0.263522
0.263597
0.263533
0.263435
0.263305
0.263333
0.264694
0.264225
0.262618
0.259955
0.256699
0.253313
0.252666
0.261004
0.264172
0.287044
0.416069
-0.0250722
1.35945
)
;

boundaryField
{
    inlet
    {
        type            freestreamPressure;
        freestreamValue uniform 0;
        value           nonuniform List<scalar> 
134
(
0.755922
0.059468
-0.6682
-1.30006
-1.7564
-2.03473
-2.08113
-1.89083
-1.46766
-0.688703
-0.128719
-0.208075
-0.348331
-0.481053
-0.615526
-0.756436
-0.905043
-1.06211
-1.22985
-1.41226
1.435
-1.61478
-1.84015
-2.07778
-2.30072
-2.46134
-2.53885
-2.67572
-2.6788
-2.7309
-3.25565
-2.99434
-3.00454
-3.06171
-3.10406
-3.12471
-3.14462
-3.19743
-3.33088
-3.49303
2.0735
2.72931
3.28146
3.58033
3.51584
2.9
1.54179
-3.84795
-3.7624
-3.62967
-3.54329
-3.47913
-3.40739
-3.32666
-3.24407
-3.16168
-3.07833
-2.99299
-2.90564
-2.81633
-2.72452
-2.62931
-2.52911
-2.4212
-2.30281
-2.17025
-2.08604
-2.00712
-1.91206
-1.80143
-1.67358
-1.51011
-1.28941
-0.900053
-0.386655
0.521794
1.16302
1.87836
2.58785
3.27937
3.93641
4.49462
4.92119
5.22583
5.41846
5.52561
5.57689
5.59811
5.61008
5.64318
5.74618
5.93804
6.14766
6.31966
6.46067
6.58279
6.68829
6.77339
6.83611
6.87765
6.90178
6.91743
6.94276
7.0237
7.23003
7.67576
7.8652
7.67915
7.46455
7.32766
7.21599
7.08893
6.94975
6.80897
6.66775
6.52329
6.37392
6.21893
6.05739
5.8875
5.70643
5.51056
5.29298
5.04869
4.74851
4.55995
4.37685
4.14356
3.86503
3.54081
3.13723
2.61814
1.79951
0.762974
)
;
    }
    outlet
    {
        type            freestreamPressure;
        freestreamValue uniform 0;
        value           nonuniform List<scalar> 
160
(
0.000733697
0.000733771
0.000733551
0.000733746
0.000733454
0.000733699
0.000733363
0.000733605
0.000733242
0.000733481
0.000733104
0.000733322
0.000732952
0.000733097
0.000732782
0.000732826
0.000732588
0.000732504
0.000732388
0.000732118
0.000732191
0.000731657
0.000731994
0.000731116
0.000731791
0.000730503
0.000731593
0.0007298
0.000731429
0.000729001
0.000731309
0.000728098
0.000731244
0.000727088
0.000731262
0.00072598
0.000731387
0.000724738
0.000731671
0.000723373
0.000732173
0.0007219
0.000732951
0.00072029
0.000734062
0.000718542
0.000735458
0.000716667
0.000736965
0.000714668
0.000738375
0.000712539
0.000739846
0.000710303
0.000742756
0.00070795
0.000750452
0.000705499
0.000768098
0.00070298
0.000800396
0.000700398
0.000846728
0.000697781
0.000896308
0.000695139
0.000927737
0.000692517
0.000914945
0.000689952
0.000837169
0.000687466
0.000688527
0.000685101
0.000484235
0.000682891
0.000259883
0.000680909
6.10111e-05
0.000679172
-7.48865e-05
0.0006777
-0.000134725
0.000676549
-0.000133584
0.000675771
-0.000102149
0.000675379
-6.75438e-05
0.000675402
-4.26896e-05
0.000675888
-2.82881e-05
0.000676828
-2.04603e-05
0.000678252
-1.63134e-05
0.000680169
-1.50701e-05
0.00068261
-1.68955e-05
0.000685596
-2.18517e-05
0.000689086
-2.96764e-05
0.000693075
-3.9976e-05
0.000697487
-5.23516e-05
0.000702256
-6.64421e-05
0.000707262
-8.19044e-05
0.000712405
-9.83947e-05
0.000717666
-0.00011558
0.000722878
-0.000133166
0.000728021
-0.000150856
0.000733073
-0.000168428
0.000738062
-0.000185571
0.000743043
-0.000202311
0.000747999
-0.000218005
0.000753233
-0.000233619
0.000758797
-0.00024717
0.000765259
-0.000261313
0.00077507
-0.00026728
0.000779037
-0.000280855
0.00078027
-0.000275495
0.000778975
-0.000306365
0.000776538
-0.000260572
0.000774394
-0.000363709
0.000781395
-0.00017362
0.000817407
-0.000531117
0.000840108
0.000139162
0.00092719
-0.000982854
0.00136427
0.00122868
-8.73811e-05
-0.00192577
0.00430044
)
;
    }
    walls
    {
        type            zeroGradient;
    }
    frontAndBack
    {
        type            empty;
    }
}


// ************************************************************************* //
