/*--------------------------------*- C++ -*----------------------------------*\
| =========                 |                                                 |
| \\      /  F ield         | OpenFOAM: The Open Source CFD Toolbox           |
|  \\    /   O peration     | Version:  2412                                  |
|   \\  /    A nd           | Website:  www.openfoam.com                      |
|    \\/     M anipulation  |                                                 |
\*---------------------------------------------------------------------------*/
FoamFile
{
    version     2.0;
    format      ascii;
    arch        "LSB;label=32;scalar=64";
    class       volScalarField;
    location    "300";
    object      p;
}
// * * * * * * * * * * * * * * * * * * * * * * * * * * * * * * * * * * * * * //

dimensions      [0 2 -2 0 0 0 0];

internalField   nonuniform List<scalar> 
10720
(
179.874
135.621
82.5247
28.1865
-24.0752
-77.5446
-125.354
-165.342
-198.673
-222.201
-236.242
-241.524
-238.02
-224.743
-201.925
-173.719
-152.243
-151.885
-164.819
-170.225
-168.251
-167.762
-167.547
-167.473
-166.54
-165.927
-166.719
-168.249
-168.266
-165.602
-160.964
-157.917
-157.606
-161.246
-169.047
-181.17
-191.963
-155.838
-217.387
221.828
258.832
294.995
325.379
345.857
354.035
352.912
341.404
318.415
289.708
260.022
231.523
204.795
180.428
158.735
138.731
120.122
102.255
84.7754
67.0426
48.9925
30.2337
10.8692
-8.63168
-26.0383
-40.15
-52.2966
-62.849
-71.6823
-78.9447
-85.0038
-90.1438
-94.6783
-98.9742
-103.547
-109.073
-116.482
-127.386
-147.79
216.911
184.213
146.45
105.24
62.2382
17.9918
-24.8984
-64.5875
-100.036
-129.769
-153.153
-169.09
-175.896
-173.436
-162.613
-147.482
-138.925
-148.608
-165.077
-168.669
-167.495
-167.257
-167.149
-167.21
-166.274
-165.592
-166.39
-168.017
-168.133
-165.511
-160.874
-157.799
-157.47
-161.114
-168.929
-180.974
-192.256
-157.622
-221.001
245.546
271.98
297.06
319.081
335.025
343.041
342.534
332.713
314.572
291.418
266.113
240.392
215.197
191.279
169.072
148.272
128.664
109.86
91.5369
73.2217
54.7543
35.851
16.5833
-2.57237
-19.8734
-34.2474
-46.5975
-57.4929
-67.0201
-75.1158
-81.9053
-87.626
-92.6151
-97.264
-102.099
-107.8
-115.286
-126.2
-145.873
216.15
187.191
153.553
115.745
75.9375
34.7342
-6.42793
-45.4826
-80.9509
-111.619
-135.876
-152.715
-161.909
-163.687
-158.928
-150.1
-142.883
-146.417
-159.148
-165.661
-166.501
-166.403
-166.689
-166.946
-166.08
-165.318
-166.082
-167.82
-168.064
-165.467
-160.786
-157.639
-157.28
-160.948
-168.829
-180.702
-192.409
-159.373
-224.741
241.461
264.962
287.105
306.306
320.174
327.701
328.121
320.747
306.332
286.764
264.142
240.218
216.16
192.795
170.659
149.79
130.032
111.111
92.7207
74.4698
56.1315
37.4889
18.581
-0.173539
-17.4131
-32.0981
-44.7429
-55.8373
-65.4521
-73.5539
-80.337
-86.1037
-91.1981
-95.9852
-100.953
-106.751
-114.27
-125.133
-143.82
216.225
192.159
163.938
132.302
98.7255
63.3679
27.5612
-7.22622
-39.7867
-68.9265
-93.4768
-112.544
-126.049
-133.787
-136.297
-135.517
-134.961
-139.393
-149.217
-157.566
-162.707
-165.213
-165.845
-166.431
-165.793
-165.023
-165.757
-167.625
-168.028
-165.45
-160.694
-157.437
-157.035
-160.735
-168.724
-180.455
-192.656
-161.272
-227.932
237.232
256.665
275.239
291.678
303.848
310.957
312.127
306.694
295.251
279.059
259.69
238.606
216.827
195.119
174.029
153.75
134.251
115.393
96.9551
78.6539
60.2867
41.7027
22.9396
4.38014
-12.8684
-27.836
-40.7899
-52.1867
-62.1402
-70.648
-77.877
-84.0774
-89.5457
-94.6289
-99.8055
-105.725
-113.266
-124.016
-141.72
210.32
189.221
164.357
136.338
106.543
74.8061
42.2278
10.0766
-20.7165
-49.0693
-73.9082
-94.4156
-109.958
-120.286
-125.569
-127.336
-128.621
-133.268
-141.713
-149.298
-155.381
-161.174
-164.436
-165.52
-165.193
-164.602
-165.387
-167.425
-168.024
-165.463
-160.589
-157.182
-156.724
-160.461
-168.591
-180.213
-193.006
-163.432
-230.602
228.771
245.749
262.076
276.616
287.538
294.297
296.021
292.11
283.04
269.649
253.086
234.524
214.825
194.689
174.666
155.044
135.913
117.243
98.9069
80.7085
62.4784
44.1034
25.6217
7.37083
-9.75485
-24.8825
-38.0863
-49.743
-59.9624
-68.7344
-76.1942
-82.5783
-88.1875
-93.3811
-98.637
-104.596
-112.106
-122.708
-139.454
203.411
184.92
163.053
138.431
112.285
84.2413
55.2776
26.4165
-1.64898
-27.9754
-51.6802
-72.0353
-88.4656
-100.906
-109.529
-115.253
-119.98
-126.287
-134.893
-142.63
-148.383
-154.555
-160.84
-164.056
-164.222
-163.94
-164.948
-167.217
-168.041
-165.491
-160.468
-156.87
-156.349
-160.131
-168.426
-179.969
-193.421
-165.845
-232.833
219.608
234.48
248.921
261.912
271.827
278.261
280.359
277.597
270.366
259.255
245.131
228.938
211.373
193.032
174.419
155.839
137.445
119.282
101.299
83.3748
65.3896
47.2698
29.0636
11.0805
-5.93385
-21.1958
-34.6358
-46.538
-57.0104
-66.0502
-73.7814
-80.4338
-86.3009
-91.7321
-97.1853
-103.28
-110.827
-121.306
-137.155
195.428
178.945
159.407
137.396
114.084
88.9459
62.8311
36.6145
10.7855
-13.8545
-36.5754
-56.7732
-73.9311
-87.7436
-98.2574
-106.045
-112.534
-119.584
-128.082
-136.264
-142.53
-148.233
-155.079
-161.006
-162.815
-163.005
-164.365
-166.973
-168.068
-165.53
-160.313
-156.487
-155.892
-159.732
-168.225
-179.722
-193.874
-168.461
-234.548
209.891
223.142
236.105
247.853
256.95
263.067
265.402
263.513
257.716
248.448
236.382
222.277
206.68
190.078
172.909
155.459
137.908
120.362
102.829
85.2569
67.5796
49.7637
31.8696
14.1807
-2.67502
-17.9972
-31.6172
-43.7299
-54.434
-63.7305
-71.7254
-78.6308
-84.7252
-90.3463
-95.9378
-102.103
-109.619
-119.898
-134.822
187.197
172.397
154.825
135.045
114.164
91.575
68.0349
44.295
20.6974
-2.09196
-23.4689
-42.9499
-60.0574
-74.5387
-86.4336
-96.0612
-104.332
-112.464
-121.198
-129.75
-136.903
-142.889
-149.102
-156.055
-160.385
-161.803
-163.624
-166.631
-168.05
-165.539
-160.115
-156.032
-155.364
-159.273
-167.986
-179.477
-194.36
-171.239
-235.675
200.213
212.12
223.853
234.565
242.967
248.773
251.245
250.013
245.332
237.546
227.197
214.904
201.095
186.159
170.459
154.239
137.683
120.921
104.003
86.9284
69.6764
52.2484
34.7194
17.3511
0.69063
-14.6346
-28.3891
-40.6833
-51.5972
-61.132
-69.3765
-76.5251
-82.8438
-88.6613
-94.4067
-100.665
-108.173
-118.267
-132.312
178.919
165.512
149.58
131.657
112.8
92.3583
71.0032
49.397
27.7615
6.65731
-13.4269
-32.1131
-48.9934
-63.8127
-76.5336
-87.2846
-96.6778
-105.593
-114.606
-123.354
-131.151
-137.861
-143.911
-150.422
-156.481
-160.048
-162.741
-166.142
-167.921
-165.489
-159.844
-155.488
-154.75
-158.746
-167.711
-179.226
-194.854
-174.128
-236.218
190.73
201.525
212.229
222.062
229.856
235.362
237.902
237.162
233.353
226.762
217.837
207.095
194.873
181.474
167.19
152.215
136.716
120.827
104.619
88.1278
71.3733
54.3879
37.2595
20.2363
3.80367
-11.4724
-25.3147
-37.7583
-48.8588
-58.6151
-67.0994
-74.4877
-81.0308
-87.0452
-92.9426
-99.2848
-106.768
-116.637
-129.814
170.783
158.563
144.03
127.695
110.569
91.9765
72.5289
52.8125
32.9626
13.4529
-5.32573
-23.082
-39.4682
-54.2565
-67.3962
-78.9298
-89.2056
-98.8169
-108.201
-117.186
-125.368
-132.742
-139.212
-145.302
-151.606
-157.247
-161.556
-165.479
-167.577
-165.281
-159.478
-154.856
-154.067
-158.175
-167.408
-178.98
-195.348
-177.085
-236.297
181.57
191.42
201.244
210.318
217.574
222.788
225.347
224.972
221.847
216.22
208.474
199.051
188.219
176.213
163.265
149.518
135.11
120.161
104.751
88.9358
72.763
56.2891
39.6144
22.9751
6.81225
-8.35749
-22.2337
-34.7871
-46.0444
-55.9986
-64.7056
-72.3215
-79.0804
-85.2846
-91.3278
-97.7486
-105.198
-114.828
-127.157
162.872
151.669
138.34
123.369
107.726
90.7278
72.9325
54.8667
36.6052
18.5479
1.00577
-15.8042
-31.5893
-46.1562
-59.4227
-71.3898
-82.2185
-92.312
-102.003
-111.242
-119.719
-127.502
-134.558
-140.785
-146.742
-153.309
-159.613
-164.53
-166.956
-164.839
-158.956
-154.116
-153.3
-157.549
-167.087
-178.74
-195.814
-180.05
-235.985
172.779
181.817
190.879
199.289
206.061
210.995
213.533
213.428
210.841
205.995
199.225
190.92
181.297
170.537
158.823
146.254
132.93
118.952
104.393
89.3189
73.7919
57.8862
41.7087
25.4862
9.63002
-5.38392
-19.2445
-31.8699
-43.2555
-53.3855
-62.2996
-70.1332
-77.1019
-83.4929
-89.6801
-96.176
-103.584
-112.956
-124.465
155.236
144.917
132.634
118.849
104.492
88.8803
72.5308
55.9203
39.0777
22.3455
5.97141
-9.88782
-24.9903
-39.1746
-52.3505
-64.501
-75.6675
-86.1028
-96.0414
-105.5
-114.254
-122.301
-129.781
-136.476
-142.399
-148.832
-156.504
-162.945
-165.928
-164.033
-158.224
-153.26
-152.469
-156.896
-166.754
-178.524
-196.254
-182.974
-235.392
164.378
172.71
181.104
188.925
195.258
199.923
202.411
202.502
200.338
196.128
190.169
182.809
174.23
164.575
153.987
142.524
130.254
117.253
103.579
89.294
74.4689
59.1849
43.5499
27.7837
12.2746
-2.53264
-16.3248
-28.9791
-40.4592
-50.7375
-59.8376
-67.8735
-75.0415
-81.611
-87.9355
-94.4987
-101.855
-110.952
-121.66
147.897
138.353
126.988
114.241
101.006
86.6074
71.5263
56.2012
40.6234
25.0888
9.79968
-5.13827
-19.5254
-33.2315
-46.1707
-58.3094
-69.6233
-80.2536
-90.3591
-99.9737
-108.961
-117.245
-124.965
-132.104
-138.391
-144.524
-152.356
-160.284
-164.308
-162.795
-157.188
-152.254
-151.556
-156.202
-166.416
-178.331
-196.657
-185.787
-234.571
156.365
164.081
171.88
179.174
185.104
189.511
191.932
192.16
190.331
186.639
181.354
174.793
167.115
158.433
148.859
138.421
127.157
115.117
102.339
88.8747
74.7911
60.17
45.1177
29.8449
14.7216
0.167726
-13.506
-26.1462
-37.6865
-48.0851
-57.3494
-65.5721
-72.9284
-79.669
-86.1246
-92.7488
-100.044
-108.852
-118.788
140.863
132.003
121.45
109.619
97.3703
84.0415
70.0798
55.8932
41.4453
26.9954
12.7088
-1.34764
-15.0109
-28.1777
-40.7748
-52.7571
-64.0736
-74.7788
-84.9729
-94.6843
-103.833
-112.334
-120.23
-127.63
-134.383
-140.58
-147.83
-156.375
-161.782
-161.01
-155.798
-151.075
-150.588
-155.501
-166.078
-178.17
-197.037
-188.456
-233.602
148.733
155.9
163.171
169.988
175.548
179.707
182.045
182.367
180.801
177.533
172.811
166.928
160.026
152.197
143.53
134.032
123.714
112.602
100.714
88.083
74.7673
60.8426
46.4086
31.6646
16.9648
2.7099
-10.7957
-23.377
-34.9402
-45.428
-54.8315
-63.2217
-70.7523
-77.6531
-84.2311
-90.9073
-98.1326
-106.638
-115.826
134.13
125.88
116.049
105.032
93.6581
81.2761
68.3079
55.1341
41.6981
28.2311
14.8673
1.64375
-11.3069
-23.9061
-36.0922
-47.8135
-59.0177
-69.6936
-79.8991
-89.6514
-98.8921
-107.554
-115.617
-123.161
-130.238
-136.766
-143.52
-151.622
-158.157
-158.606
-154.029
-149.685
-149.543
-154.781
-165.747
-178.035
-197.38
-190.954
-232.512
141.466
148.144
154.938
161.323
166.539
170.461
172.707
173.088
171.729
168.809
164.558
159.251
153.016
145.934
138.076
129.432
119.994
109.765
98.743
86.9436
74.4096
61.2054
47.4191
33.2348
18.9931
5.07951
-8.21076
-20.6884
-32.2362
-42.7806
-52.2963
-60.8333
-68.5225
-75.5716
-82.2625
-88.9817
-96.127
-104.321
-112.791
127.692
119.988
110.805
100.517
89.9208
78.3834
66.3018
54.0321
41.5058
28.9293
16.4124
3.96983
-8.28999
-20.3098
-32.0409
-43.431
-54.4343
-64.9968
-75.1433
-84.8801
-94.1552
-102.911
-111.111
-118.77
-126
-132.851
-139.503
-146.724
-153.534
-155.454
-151.921
-148.122
-148.447
-154.084
-165.43
-177.932
-197.696
-193.279
-231.346
134.55
140.786
147.148
153.137
158.035
161.732
163.877
164.29
163.094
160.46
156.605
151.788
146.129
139.699
132.559
124.686
116.058
106.66
96.4707
85.4881
73.737
61.2662
48.1486
34.5514
20.8012
7.26793
-5.76219
-18.0919
-29.5848
-40.1514
-49.7501
-58.4103
-66.2399
-73.4232
-80.2154
-86.9669
-94.0225
-101.896
-109.677
121.539
114.328
105.728
96.0965
86.1969
75.4161
64.1282
52.671
40.9638
29.1941
17.4543
5.74181
-5.85602
-17.2991
-28.5516
-39.5659
-50.3014
-60.6835
-70.7096
-80.3767
-89.6347
-98.4256
-106.711
-114.469
-121.776
-128.791
-135.561
-142.186
-148.461
-151.57
-149.481
-146.442
-147.304
-153.392
-165.14
-177.852
-197.97
-195.395
-230.138
127.963
133.801
139.769
145.395
149.998
153.478
155.519
155.943
154.873
152.475
148.954
144.554
139.393
133.534
127.029
119.85
111.963
103.339
93.9417
83.7507
72.7727
61.0389
48.6033
35.6144
22.383
9.26605
-3.462
-15.6006
-26.9988
-37.5519
-47.2027
-55.9608
-63.9106
-71.212
-78.0927
-84.8653
-91.8215
-99.3704
-106.492
115.66
108.896
100.825
91.7857
82.5136
72.414
61.8419
51.1149
40.149
29.1134
18.0871
7.05331
-3.91571
-14.7955
-25.5605
-36.1705
-46.5897
-56.7389
-66.5935
-76.1411
-85.3341
-94.1101
-102.424
-110.247
-117.609
-124.663
-131.528
-137.976
-143.547
-147.133
-146.714
-144.737
-146.199
-152.746
-164.886
-177.799
-198.208
-197.288
-228.987
121.69
127.165
132.773
138.063
142.391
145.666
147.598
148.018
147.045
144.842
141.603
137.562
132.832
127.472
121.53
114.972
107.758
99.85
91.1978
81.7654
71.5419
60.5395
48.7921
36.4267
23.7375
11.0681
-1.31953
-13.2257
-24.4894
-34.9924
-44.663
-53.4913
-61.5389
-68.9405
-75.8948
-82.6761
-89.5234
-96.7445
-103.24
110.043
103.685
96.096
87.5954
78.8913
69.4083
59.4824
49.4181
39.1232
28.7565
18.3848
7.98181
-2.39383
-12.7283
-23.0073
-33.1975
-43.2672
-53.1451
-62.7872
-72.1732
-81.2573
-89.9742
-98.2698
-106.109
-113.506
-120.56
-127.409
-133.869
-139.122
-142.594
-143.587
-143.013
-145.171
-152.153
-164.66
-177.768
-198.393
-198.91
-227.956
115.713
120.857
126.134
131.113
135.182
138.262
140.084
140.488
139.59
137.548
134.548
130.815
126.46
121.538
116.093
110.091
103.488
96.2368
88.2801
79.5675
70.072
59.7866
48.7251
36.9929
24.8654
12.6703
0.657436
-10.9777
-22.0678
-32.4841
-42.1408
-51.0101
-59.1312
-66.6132
-73.625
-80.4019
-87.1307
-94.0238
-99.9259
104.677
98.691
91.5416
83.5323
75.3444
66.4214
57.0836
47.6189
37.9357
28.1798
18.4106
8.59308
-1.22303
-11.0342
-20.8358
-30.6007
-40.3017
-49.8808
-59.2779
-68.4668
-77.4036
-86.0216
-94.2583
-102.068
-109.462
-116.509
-123.285
-129.732
-135.05
-138.369
-140.192
-141.204
-144.27
-151.672
-164.461
-177.747
-198.534
-200.234
-227.071
110.016
114.856
119.828
124.518
128.345
131.239
132.952
133.329
132.487
130.579
127.783
124.318
120.289
115.751
110.747
105.242
99.1889
92.5392
85.2269
77.1915
68.3915
58.803
48.4192
37.3233
25.7698
14.0708
2.46306
-8.86519
-19.7443
-30.0369
-39.6454
-48.5253
-56.6937
-64.2341
-71.2857
-78.044
-84.6452
-91.2121
-96.5551
99.5488
93.9051
87.1594
79.6001
71.8837
63.4714
54.6688
45.7526
36.6269
27.4305
18.2152
8.94138
-0.350293
-9.66306
-19.0001
-28.3414
-37.6649
-46.9247
-56.0511
-65.0144
-73.7715
-82.255
-90.3965
-98.1391
-105.49
-112.513
-119.225
-125.587
-131.097
-134.628
-136.763
-139.151
-143.391
-151.277
-164.283
-177.704
-198.601
-201.204
-226.306
104.584
109.144
113.833
118.254
121.855
124.572
126.176
126.521
125.72
123.922
121.302
118.068
114.324
110.125
105.511
100.45
94.894
88.7923
82.074
74.671
66.5302
57.6126
47.8922
37.4288
26.4562
15.2704
4.09328
-6.8957
-17.5282
-27.6612
-37.187
-46.0455
-54.2336
-61.8092
-68.8816
-75.6064
-82.0712
-88.3163
-93.1359
94.649
89.3203
82.946
75.801
68.5163
60.5721
52.2602
43.8437
35.2302
26.5473
17.8429
9.07302
0.272858
-8.56711
-17.4569
-26.3809
-35.3252
-44.2523
-53.0899
-61.8051
-70.3557
-78.6741
-86.6877
-94.3314
-101.604
-108.576
-115.24
-121.509
-127.139
-131.179
-133.593
-136.806
-142.363
-150.92
-164.106
-177.624
-198.528
-201.807
-225.628
99.4038
103.704
108.13
112.3
115.689
118.239
119.736
120.043
119.27
117.566
115.096
112.063
108.571
104.671
100.404
95.7393
90.6308
85.0264
78.8531
72.0377
64.5175
56.2402
47.1625
37.3226
26.9333
16.2726
5.54702
-5.07444
-15.4273
-25.366
-34.7745
-43.5794
-51.7581
-59.3441
-66.4166
-73.0924
-79.4123
-85.3416
-89.6737
89.9668
84.9291
78.8982
72.1352
65.2475
57.7335
49.8716
41.9158
33.7714
25.5618
17.3292
9.02811
0.68809
-7.70485
-16.166
-24.6842
-33.2525
-41.84
-50.3771
-58.8278
-67.1504
-75.2779
-83.1356
-90.6522
-97.8201
-104.711
-111.327
-117.54
-123.204
-127.777
-130.763
-134.295
-140.922
-150.397
-163.845
-177.46
-198.231
-202.033
-224.93
94.4611
98.5219
102.703
106.638
109.827
112.218
113.612
113.876
113.123
111.496
109.157
106.301
103.03
99.3954
95.4373
91.1272
86.4215
81.2678
75.593
69.3206
62.3814
54.7111
46.2517
37.0215
27.2119
17.0825
6.82493
-3.40531
-13.4488
-23.16
-32.4176
-41.1363
-49.2756
-56.846
-63.8972
-70.508
-76.6749
-82.2965
-86.1784
85.4922
80.7242
75.0115
68.6028
62.0807
54.9637
47.5172
39.984
32.2732
24.4999
16.7042
8.83874
0.929458
-7.04124
-15.0929
-23.2192
-31.418
-39.6634
-47.8932
-56.0677
-64.1461
-72.062
-79.7403
-87.1058
-94.1459
-100.933
-107.485
-113.674
-119.353
-124.311
-128.084
-131.866
-138.973
-149.451
-163.352
-177.143
-197.639
-201.913
-224.042
89.7447
93.5826
97.5359
101.25
104.252
106.492
107.784
108.005
107.264
105.703
103.477
100.776
97.7014
94.3027
90.6203
86.6285
82.2851
77.54
72.32
66.5477
60.1487
53.0505
45.182
36.5432
27.305
17.7082
7.92911
-1.88934
-11.597
-21.0506
-30.1243
-38.7242
-46.7943
-54.322
-61.329
-67.8583
-73.8647
-79.1879
-82.6564
81.2162
76.699
71.282
65.2014
59.0186
52.2687
45.2058
38.0645
30.7536
23.3842
15.9938
8.53429
1.02796
-6.54511
-14.207
-21.9562
-29.7941
-37.6996
-45.62
-53.511
-61.333
-69.0216
-76.5013
-83.6944
-90.5872
-97.253
-103.723
-109.895
-115.611
-120.808
-125.315
-129.596
-136.638
-147.793
-162.37
-176.525
-196.668
-201.397
-222.791
85.2436
88.8743
92.6135
96.1214
98.9469
101.043
102.238
102.414
101.68
100.174
98.0468
95.4846
92.5842
89.3964
85.961
82.2544
78.2377
73.8618
69.056
63.7426
57.8442
51.2818
43.9743
35.9058
27.2261
18.1594
8.86509
-0.526766
-9.87601
-19.0434
-27.903
-36.3527
-44.3227
-51.7804
-58.7206
-65.1514
-70.9902
-76.0259
-79.1186
77.1298
72.8464
67.7052
61.9302
56.0618
49.6528
42.9462
36.167
29.2276
22.2332
15.2194
8.13841
1.00963
-6.18891
-13.4809
-20.8683
-28.3558
-35.9275
-43.539
-51.143
-58.7003
-66.1498
-73.4161
-80.4196
-87.1478
-93.6781
-100.049
-106.191
-111.964
-117.327
-122.368
-127.322
-134.202
-145.355
-160.601
-175.385
-195.196
-200.365
-221.117
80.9477
84.3846
87.9238
91.2365
93.8961
95.8573
96.9579
97.0889
96.3571
94.8986
92.8592
90.42
87.676
84.677
81.4632
78.0136
74.291
70.2497
65.8208
60.9277
55.4915
49.4286
42.6505
35.1272
26.9909
18.4469
9.63946
0.684892
-8.28711
-17.144
-25.7603
-34.0291
-41.8689
-49.2289
-56.0788
-62.3944
-68.059
-72.8188
-75.5723
73.2255
69.1604
64.2766
58.7864
53.2113
47.1193
40.7436
34.302
27.7074
21.0621
14.3991
7.67164
0.896498
-5.94879
-12.8902
-19.9318
-27.0809
-34.3265
-41.6322
-48.9484
-56.2363
-63.4378
-70.4792
-77.2801
-83.8286
-90.2105
-96.4704
-102.561
-108.382
-113.89
-119.27
-124.828
-131.775
-142.344
-157.794
-173.398
-193.03
-198.682
-218.89
76.8469
80.1029
83.4541
86.584
89.0868
90.9198
91.9307
92.0171
91.2848
89.8672
87.9057
85.5768
82.9732
80.1445
77.1309
73.9128
70.4565
66.7179
62.6317
58.1222
53.1114
47.513
41.2321
34.2284
26.6162
18.5836
10.2603
1.74978
-6.83046
-15.3555
-23.7028
-31.7618
-39.4422
-46.6772
-53.4133
-59.5974
-65.0814
-69.5779
-72.0289
69.4952
65.6345
60.9914
55.7682
50.4663
44.6704
38.6039
32.476
26.2035
19.8836
13.5483
7.15122
0.708319
-5.80454
-12.4132
-19.125
-25.9483
-32.8777
-39.8822
-46.9116
-53.9284
-60.8766
-67.685
-74.2725
-80.6295
-86.8494
-92.9865
-99.0066
-104.849
-110.482
-116.084
-122.05
-129.228
-139.112
-153.976
-170.235
-189.901
-196.194
-215.847
72.9326
76.0193
79.1947
82.1512
84.5066
86.2193
87.1438
87.1864
86.4517
85.0698
83.1784
80.9491
78.4729
75.7984
72.9657
69.9573
66.7411
63.2772
59.5021
55.3433
50.723
45.5548
39.7397
33.2277
26.118
18.583
10.7379
2.6734
-5.5045
-13.6799
-21.7345
-29.5575
-37.0507
-44.1333
-50.7328
-56.7686
-62.0667
-66.3131
-68.4962
65.9321
62.2632
57.8457
52.8727
47.8268
42.3076
36.5301
30.696
24.7241
18.7085
12.68
6.59282
0.461705
-5.73702
-12.031
-18.4282
-24.9391
-31.5626
-38.272
-45.0176
-51.7634
-58.4561
-65.0255
-71.3925
-77.5485
-83.5941
-89.5949
-95.5271
-101.357
-107.077
-112.835
-119.022
-126.382
-135.804
-149.485
-165.702
-185.482
-192.655
-211.683
69.1968
72.1247
75.1339
77.928
80.1443
81.7425
82.5858
82.5861
81.8475
80.4973
78.6695
76.5308
74.1705
71.6363
68.9677
66.1493
63.1515
59.9365
56.4448
52.6058
48.344
43.5731
38.1919
32.1435
25.5134
18.4589
11.0829
3.46321
-4.30583
-12.1178
-19.8602
-27.4225
-34.7025
-41.6074
-48.0478
-53.92
-59.0275
-63.0366
-64.986
62.5294
59.0403
54.8352
50.0974
45.2914
40.032
34.5256
28.9666
23.2767
17.5465
11.8056
6.00947
0.172057
-5.73072
-11.7262
-17.8241
-24.0358
-30.3639
-36.7852
-43.2523
-49.7295
-56.1654
-62.4929
-68.6333
-74.5804
-80.4413
-86.2915
-92.1179
-97.9016
-103.66
-109.518
-115.803
-123.199
-132.312
-144.743
-159.962
-179.506
-187.761
-206.084
65.6316
68.4098
71.2635
73.904
75.9892
77.4802
78.2459
78.2055
77.4626
76.1411
74.3714
72.3159
70.0616
67.6559
65.1371
62.4916
59.6922
56.7037
53.4695
49.9224
45.989
41.5845
36.6067
30.9936
24.819
18.2267
11.3074
4.12748
-3.22988
-10.6681
-18.0814
-25.3622
-32.4048
-39.1082
-45.3681
-51.0617
-55.9741
-59.7587
-61.5059
59.2809
55.9613
51.9558
47.4393
42.8589
37.8438
32.5921
27.2917
21.8668
16.4046
10.9343
5.41204
-0.148635
-5.77143
-11.484
-17.2968
-23.2225
-29.2656
-35.4059
-41.6006
-47.8132
-53.9934
-60.0767
-65.9871
-71.7192
-77.3854
-83.0711
-88.7723
-94.4791
-100.223
-106.119
-112.423
-119.718
-128.502
-139.901
-153.508
-171.966
-181.19
-198.742
62.23
64.8677
67.574
70.0706
72.032
73.4212
74.1143
74.0357
73.2883
71.9932
70.2771
68.2985
66.142
63.8541
61.4724
58.9849
56.3664
53.584
50.5846
47.3039
43.6717
39.6043
35.0005
29.7948
24.0513
17.9009
11.4236
4.67571
-2.27064
-9.3287
-16.4003
-23.3812
-30.1652
-36.645
-42.7049
-48.2059
-52.9198
-56.4929
-58.0679
56.1803
53.0203
49.2034
44.896
40.5279
35.7429
30.7314
25.6743
20.4987
15.2891
10.0736
4.8099
-0.489298
-5.84698
-11.2911
-16.8324
-22.4843
-28.2524
-34.1203
-40.0495
-46.0018
-51.9286
-57.7678
-63.4452
-68.9573
-74.4207
-79.9282
-85.4839
-91.0845
-96.7654
-102.634
-108.891
-115.996
-124.364
-134.866
-146.839
-163.276
-172.792
-189.389
58.9854
61.4905
64.0584
66.4182
68.2634
69.5574
70.1815
70.0671
69.3154
68.0452
66.3795
64.4728
62.407
60.2275
57.972
55.6295
53.1762
50.5822
47.7967
44.7596
41.4029
37.6458
33.3885
28.5633
23.2258
17.4961
11.4446
5.11799
-1.42127
-8.09631
-14.8163
-21.4825
-27.9895
-34.226
-40.0676
-45.3636
-49.8761
-53.2496
-54.6794
53.2223
50.2131
46.574
42.4641
38.2966
33.7291
28.9442
24.117
19.177
14.2059
9.23086
4.21142
-0.840297
-5.94701
-11.1359
-16.4182
-21.8077
-27.3111
-32.9156
-38.5862
-44.2835
-49.9597
-55.5555
-60.9988
-66.287
-71.54
-76.8563
-82.2464
-87.7115
-93.2858
-99.0646
-105.209
-112.065
-119.945
-129.565
-140.114
-154.103
-162.796
-177.902
55.8911
58.2714
60.7081
62.9397
64.6752
65.8792
66.4393
66.2915
65.5365
64.29
62.6718
60.8322
58.851
56.7727
54.6337
52.4245
50.1229
47.7008
45.1113
42.2967
39.1926
35.7208
31.7835
27.3129
22.3572
17.0264
11.3829
5.46492
-0.674077
-6.96623
-13.3291
-19.6693
-25.884
-31.86
-37.4678
-42.5478
-46.8564
-50.042
-51.3517
50.4013
47.5343
44.064
40.141
36.1633
31.8013
27.2313
22.6215
17.9045
13.1591
8.41183
3.62381
-1.19329
-6.06169
-11.0079
-16.0428
-21.1814
-26.4303
-31.7799
-37.1991
-42.6462
-48.0753
-53.4294
-58.6379
-63.6994
-68.7353
-73.8485
-79.0541
-84.3557
-89.7844
-95.4187
-101.386
-107.946
-115.301
-124.02
-133.284
-144.951
-151.861
-164.501
52.9415
55.2037
57.5171
59.6271
61.2594
62.3796
62.8792
62.7007
61.9435
60.7201
59.1473
57.3713
55.4696
53.4855
51.4549
49.3686
47.2065
44.9425
42.5322
39.9214
37.0489
33.839
30.1976
26.0567
21.4589
16.5054
11.251
5.72737
-0.0204539
-5.93324
-11.9364
-17.9426
-23.8529
-29.5545
-34.9146
-39.769
-43.8727
-46.8811
-48.092
47.7123
44.9802
41.6694
37.9238
34.1258
29.9591
25.5925
21.189
16.6835
12.1522
7.62098
3.05265
-1.54165
-6.18316
-10.8979
-15.6968
-20.5946
-25.5984
-30.7018
-35.8762
-41.0789
-46.2646
-51.379
-56.353
-61.1854
-65.9986
-70.8981
-75.9019
-81.014
-86.261
-91.7043
-97.4396
-103.657
-110.468
-118.286
-126.341
-135.951
-140.783
-149.858
50.1306
52.2813
54.4776
56.4737
58.0088
59.0498
59.4938
59.2875
58.5291
57.3286
55.7998
54.0842
52.2575
50.3623
48.4321
46.4602
44.4266
42.3083
40.0621
37.6385
34.9777
32.0094
28.6413
24.8067
20.5437
15.9457
11.0612
5.91612
0.548038
-4.99156
-10.6354
-16.3034
-21.9007
-27.3167
-32.4185
-37.04
-40.9381
-43.7793
-44.9107
45.1502
42.5459
39.3868
35.8096
32.1824
28.2008
24.0281
19.8205
15.5158
11.188
6.86244
2.50299
-1.87922
-6.30462
-10.7983
-15.3712
-20.0381
-24.8058
-29.671
-34.6072
-39.5709
-44.5176
-49.3947
-54.1347
-58.7365
-63.3222
-67.9983
-72.7848
-77.6844
-82.7182
-87.9315
-93.3891
-99.2244
-105.48
-112.421
-119.331
-127.082
-130.126
-135.047
47.4533
49.4983
51.5844
53.4723
54.9162
55.8836
56.2754
56.0441
55.2863
54.1088
52.6227
50.9651
49.21
47.3976
45.5626
43.6961
41.7826
39.7976
37.7036
35.4508
32.9855
30.2388
27.1231
23.5732
19.6227
15.3589
10.825
6.04152
1.04025
-4.13447
-9.42282
-14.7511
-20.03
-25.1526
-29.9879
-34.3706
-38.0634
-40.7465
-41.814
42.7106
40.2278
37.2125
33.7954
30.3305
26.5256
22.537
18.516
14.4028
10.269
6.13929
1.97906
-2.20068
-6.41967
-10.702
-15.0585
-19.5035
-24.0437
-28.6784
-33.3827
-38.1126
-42.8242
-47.4667
-51.9739
-56.3443
-60.6986
-65.1434
-69.6991
-74.3665
-79.1601
-84.1101
-89.2545
-94.6767
-100.37
-106.471
-112.312
-118.377
-120.06
-121.191
44.9043
46.8494
48.8306
50.6172
51.9752
52.8732
53.2175
52.964
52.2082
51.0542
49.6099
48.0085
46.3215
44.5885
42.8417
41.0749
39.2718
37.4114
35.4565
33.3619
31.0757
28.5334
25.6509
22.3649
18.706
14.7557
10.5528
6.11382
1.46493
-3.35552
-8.29464
-13.285
-18.2436
-23.0681
-27.6313
-31.7722
-35.2609
-37.794
-38.8116
40.3887
38.0211
35.1429
31.8786
28.5684
24.9314
21.1188
17.2759
13.3454
9.39681
5.45405
1.48409
-2.50214
-6.52348
-10.6034
-14.752
-18.9835
-23.3044
-27.7155
-32.1935
-36.695
-41.1759
-45.5867
-49.8625
-54.0011
-58.1213
-62.3285
-66.6423
-71.0609
-75.5924
-80.2528
-85.0579
-90.047
-95.1764
-100.481
-105.344
-109.909
-110.561
-108.896
42.4787
44.3291
46.2114
47.9017
49.1792
50.0131
50.3131
50.0403
49.2882
48.1583
46.7552
45.2085
43.5871
41.9293
40.2664
38.5928
36.893
35.1478
33.3218
31.3727
29.2518
26.8977
24.2305
21.1893
17.8025
14.1458
10.2547
6.14233
1.83052
-2.64793
-7.24622
-11.9035
-16.5427
-21.0674
-25.3559
-29.2533
-32.5398
-34.9304
-35.908
38.1804
35.9225
33.1746
30.056
26.8931
23.4171
19.7723
16.0997
12.3441
8.57257
4.80865
1.02094
-2.77989
-6.612
-10.4976
-14.4464
-18.4721
-22.5813
-26.7752
-31.0322
-35.3104
-39.5648
-43.7468
-47.793
-51.7005
-55.5852
-59.5498
-63.6132
-67.7702
-72.0227
-76.3737
-80.8207
-85.3671
-89.9401
-94.4954
-98.4767
-101.752
-101.583
-98.1254
40.1716
41.9323
43.7205
45.3207
46.5224
47.2961
47.5563
47.2669
46.5204
45.4153
44.0531
42.5596
41.0015
39.4156
37.8324
36.2465
34.6435
33.0052
31.2989
29.4843
27.5157
25.3354
22.8672
20.0533
16.9196
13.5375
9.93937
6.13584
2.145
-2.00506
-6.2731
-10.6044
-14.9282
-19.1546
-23.1686
-26.823
-29.9105
-32.1654
-33.112
36.0813
33.9276
31.3043
28.3249
25.3031
21.9803
18.4967
14.9871
11.3989
7.79706
4.20479
0.591776
-3.03127
-6.68148
-10.3803
-14.1367
-17.964
-21.8683
-25.8509
-29.8924
-33.9521
-37.9843
-41.9406
-45.7594
-49.4371
-53.0856
-56.8049
-60.6117
-64.4982
-68.4597
-72.4884
-76.5662
-80.6689
-84.7017
-88.5609
-91.7516
-93.9512
-93.101
-88.5807
37.9788
39.6543
41.3539
42.8682
43.9991
44.7175
44.9407
44.6374
43.8983
42.8187
41.4975
40.0564
38.5596
37.0428
35.5353
34.0322
32.5201
30.9818
29.3864
27.6964
25.8687
23.8488
21.565
18.9616
16.0636
12.938
9.61465
6.10223
2.41582
-1.42052
-5.37057
-9.38522
-13.4002
-17.3324
-21.0743
-24.4883
-27.3805
-29.5058
-30.4266
34.0875
32.0333
29.5286
26.6822
23.7949
20.6198
17.2902
13.9368
10.5095
7.07068
3.64309
0.197925
-3.25417
-6.72944
-10.2482
-13.8191
-17.4547
-21.1606
-24.9377
-28.7687
-32.6149
-36.4289
-40.163
-43.7567
-47.2064
-50.6198
-54.0926
-57.6396
-61.2501
-64.9135
-68.6128
-72.3178
-75.9829
-79.4985
-82.7195
-85.207
-86.5281
-85.1139
-79.99
35.8957
37.4904
39.1056
40.5397
41.6039
42.2703
42.4607
42.1464
41.4164
40.3632
39.083
37.6932
36.2561
34.8059
33.3708
31.9462
30.5195
29.0748
27.5829
26.0084
24.3109
22.4395
20.3261
17.9185
15.2397
12.3533
9.28722
6.0485
2.64981
-0.888258
-4.53381
-8.24324
-11.9582
-15.6027
-19.0778
-22.2558
-24.9576
-26.9587
-27.8587
32.1948
30.2353
27.8443
25.1252
22.3671
19.3327
16.1514
12.9482
9.67519
6.39314
3.12398
-0.159567
-3.44705
-6.75371
-10.0989
-13.4906
-16.9406
-20.4541
-24.0315
-27.6574
-31.2945
-34.8942
-38.4095
-41.7816
-45.0061
-48.1863
-51.4134
-54.6998
-58.0321
-61.3949
-64.7638
-68.0988
-71.3393
-74.3666
-77.0103
-78.878
-79.4904
-77.6251
-72.1979
33.9183
35.4361
36.9717
38.3294
39.3314
39.9502
40.1107
39.7877
39.0686
38.0429
36.8036
35.4647
34.0858
32.6998
31.3341
29.9842
28.6383
27.2815
25.8859
24.4188
22.8423
21.1083
19.1528
16.9267
14.4518
11.7885
8.96287
5.98083
2.85307
-0.402679
-3.75841
-7.17531
-10.6011
-13.9667
-17.182
-20.13
-22.647
-24.529
-25.4098
30.3998
28.5308
26.248
23.6509
21.0164
18.1177
15.0785
12.0195
8.89536
5.76424
2.64776
-0.480115
-3.60886
-6.7529
-9.93044
-13.1489
-16.4192
-19.7461
-23.1293
-26.5551
-29.9874
-33.3772
-36.6776
-39.8315
-42.8348
-45.785
-48.7689
-51.7966
-54.852
-57.9161
-60.9583
-63.932
-66.7663
-69.3384
-71.4653
-72.7948
-72.8427
-70.6351
-65.1078
32.0423
33.4873
34.9469
36.2333
37.1767
37.7511
37.8853
37.5563
36.8497
35.8523
34.6543
33.3655
32.0434
30.7198
29.4207
28.142
26.8725
25.5982
24.293
22.926
21.4617
19.855
18.046
15.9881
13.703
11.2476
8.64639
5.90439
3.03093
0.0413068
-3.0399
-6.17835
-9.32729
-12.4248
-15.3893
-18.115
-20.4534
-22.2213
-23.0849
28.6983
26.9155
24.7367
22.2565
19.7408
16.9718
14.0697
11.1499
8.16877
5.18311
2.21379
-0.763766
-3.73936
-6.72629
-9.74178
-12.7926
-15.8887
-19.0345
-22.229
-25.4595
-28.6917
-31.8759
-34.9655
-37.9062
-40.6926
-43.4172
-46.1622
-48.9354
-51.7185
-54.4892
-57.2132
-59.8391
-62.2901
-64.4431
-66.113
-66.9823
-66.5872
-64.1375
-58.6632
30.2639
31.6394
33.0275
34.2458
35.1348
35.6688
35.7791
35.4465
34.754
33.7858
32.6292
31.3902
30.1239
28.8606
27.6257
26.415
25.218
24.0215
22.8009
21.5272
20.1672
18.6789
17.0057
15.1043
12.9954
10.7335
8.34127
5.82343
3.18795
0.448161
-2.37434
-5.24926
-8.13502
-10.9765
-13.7007
-16.2129
-18.3798
-20.038
-20.8836
27.087
25.3868
23.3071
20.9391
18.5371
15.8937
13.1231
10.337
7.49418
4.64881
1.82159
-1.01087
-3.83844
-6.67358
-9.53238
-12.4208
-15.3482
-18.3182
-21.3292
-24.3696
-27.4065
-30.3895
-33.2733
-36.0057
-38.5804
-41.0856
-43.5975
-46.1225
-48.6406
-51.127
-53.5449
-55.8404
-57.9344
-59.7065
-60.9765
-61.459
-60.7245
-58.1215
-52.8041
28.5791
29.8887
31.2083
32.3633
33.201
33.6973
33.7873
33.4533
32.7764
31.8384
30.7235
29.5336
28.3219
27.1175
25.9443
24.7988
23.6706
22.5475
21.4063
20.2199
18.9571
17.5786
16.0314
14.2753
12.3305
10.2483
8.05056
5.74146
3.32805
0.821905
-1.75796
-4.38478
-7.02203
-9.62078
-12.1164
-14.4252
-16.4283
-17.9813
-18.8091
25.5621
23.9406
21.9563
19.6959
17.4035
14.8801
12.2367
9.57978
6.86994
4.16011
1.47007
-1.22222
-3.90667
-6.59498
-9.30217
-12.0335
-14.7974
-17.5969
-20.4296
-23.2851
-26.1314
-28.9185
-31.6021
-34.1313
-36.5012
-38.7933
-41.0798
-43.3651
-45.6278
-47.8417
-49.9688
-51.9544
-53.7201
-55.1504
-56.0749
-56.2381
-55.2515
-52.5713
-47.4884
26.9842
28.2308
29.486
30.5805
31.3706
31.8328
31.9047
31.5713
30.9117
30.0046
28.9315
27.7905
26.6324
25.4851
24.3716
23.2885
22.2258
21.1721
20.1056
19.0008
17.8285
16.5521
15.1221
13.501
11.7085
9.79335
7.77628
5.66116
3.4543
1.16593
-1.18736
-3.582
-5.98584
-8.35604
-10.6358
-12.7516
-14.599
-16.0513
-16.8589
24.1202
22.5743
20.681
18.5241
16.3367
13.9295
11.4082
8.87562
6.29452
3.71551
1.15796
-1.39882
-3.945
-6.49126
-9.05169
-11.6309
-14.2365
-16.8707
-19.5306
-22.2065
-24.8676
-27.4643
-29.9531
-32.2862
-34.4576
-36.5448
-38.615
-40.6707
-42.6897
-44.6453
-46.4993
-48.1979
-49.6652
-50.7926
-51.4224
-51.3274
-50.1625
-47.4689
-42.6654
25.4754
26.6622
27.8558
28.894
29.6392
30.0698
30.1266
29.7959
29.1549
28.2795
27.2483
26.1556
25.0502
23.9586
22.9027
21.8794
20.8791
19.8911
18.8948
17.8663
16.7786
15.5972
14.276
12.7803
11.1293
9.36924
7.51973
5.58447
3.56935
1.48307
-0.659492
-2.83772
-5.02366
-7.17996
-9.2572
-11.1915
-12.8916
-14.2476
-15.0344
22.7578
21.284
19.4784
17.4208
15.3347
13.0387
10.6355
8.22301
5.7659
3.31331
0.883784
-1.54208
-3.95452
-6.36357
-8.78209
-11.2142
-13.6665
-16.1408
-18.6334
-21.1351
-23.6166
-26.0286
-28.3294
-30.473
-32.4541
-34.3455
-36.2096
-38.0472
-39.8358
-41.5492
-43.1496
-44.5854
-45.7848
-46.6472
-47.0294
-46.7308
-45.4482
-42.7928
-38.3011
24.0491
25.1788
26.3143
27.2986
28.0024
28.4045
28.448
28.1219
27.5007
26.6577
25.6686
24.6239
23.5701
22.5328
21.5327
20.5667
19.6258
18.7
17.7698
16.8129
15.804
14.711
13.4909
12.1118
10.5922
8.97591
7.28156
5.51293
3.67497
1.77587
-0.171471
-2.14907
-4.13267
-6.08995
-7.97825
-9.74261
-11.3041
-12.5684
-13.3315
21.4716
20.067
18.3451
16.3831
14.3941
12.2059
9.9162
7.61937
5.28229
2.95171
0.645862
-1.65359
-3.93685
-6.21328
-8.4947
-10.7846
-13.0888
-15.4085
-17.7395
-20.0727
-22.3804
-24.6143
-26.734
-28.6959
-30.4956
-32.2009
-33.8701
-35.5019
-37.0753
-38.5635
-39.9311
-41.1291
-42.0908
-42.7245
-42.9021
-42.4476
-41.0976
-38.5216
-34.3536
22.7018
23.7773
24.8571
25.7914
26.456
26.8317
26.8647
26.5449
25.9446
25.1345
24.1875
23.1902
22.1872
21.2027
20.2565
19.3455
18.4613
17.5944
16.7265
15.8366
14.9012
13.8906
12.7645
11.4936
10.0958
8.61273
7.06199
5.447
3.77276
2.04637
0.279189
-1.51323
-3.30982
-5.08288
-6.79594
-8.40219
-9.8339
-11.0107
-11.7496
20.2583
18.9197
17.2785
15.4082
13.513
11.428
9.24801
7.06309
4.84144
2.62864
0.44221
-1.73507
-3.89365
-6.04205
-8.19118
-10.3439
-12.5053
-14.6759
-16.8511
-19.0219
-21.1618
-23.2247
-25.1706
-26.9595
-28.5868
-30.1169
-31.6025
-33.0428
-34.4161
-35.6977
-36.8537
-37.8388
-38.592
-39.0312
-39.0431
-38.4741
-37.0972
-34.6311
-30.7952
21.4303
22.4539
23.4813
24.3676
24.996
25.3482
25.372
25.06
24.4816
23.7049
22.7998
21.8495
20.8963
19.9633
19.0692
18.211
17.3809
16.5698
15.7605
14.9335
14.0667
13.1326
12.0939
10.9234
9.6387
8.27883
6.86056
5.38737
3.86386
2.29635
0.694704
-0.927413
-2.55203
-4.15546
-5.70685
-7.1667
-8.47751
-9.57151
-10.2833
19.1148
17.8395
16.2755
14.4934
12.688
10.703
8.62858
6.5512
4.44125
2.34212
0.270856
-1.78861
-3.82692
-5.85185
-7.87347
-9.89406
-11.9179
-13.9451
-15.9707
-17.9854
-19.9644
-21.8633
-23.644
-25.2681
-26.7331
-28.0986
-29.4137
-30.6763
-31.866
-32.9595
-33.9252
-34.7219
-35.2946
-35.5709
-35.4513
-34.8033
-33.4323
-31.0991
-27.5904
20.231
21.2053
22.1826
23.0244
23.6186
23.949
23.9661
23.6632
23.1075
22.3643
21.5011
20.597
19.6925
18.8095
17.9658
17.1584
16.3798
15.6215
14.8674
14.0994
13.2967
12.4339
11.4762
10.3989
9.21884
7.97283
6.67678
5.33404
3.94896
2.52707
1.07719
-0.389073
-1.8561
-3.30403
-4.70692
-6.03189
-7.23042
-8.246
-8.93057
18.0378
16.8231
15.3333
13.6359
11.9173
10.0279
8.05539
6.08196
4.07942
2.08991
0.129693
-1.81624
-3.73876
-5.64484
-7.54377
-9.4373
-11.3291
-13.2187
-15.1009
-16.9662
-18.7912
-20.5341
-22.1577
-23.6267
-24.9394
-26.1519
-27.3091
-28.4086
-29.4312
-30.355
-31.1515
-31.7832
-32.202
-32.3441
-32.1235
-31.426
-30.0861
-27.9006
-24.7133
19.101
20.0282
20.9583
21.7574
22.3201
22.6312
22.6426
22.3498
21.8174
21.108
20.2862
19.4278
18.571
17.7366
16.9415
16.1828
15.4533
14.7451
14.0431
13.3302
12.5873
11.7908
10.9084
9.91742
8.83418
7.69328
6.50969
5.28678
4.02851
2.73991
1.42851
0.104622
-1.21879
-2.52478
-3.792
-4.99321
-6.08795
-7.02982
-7.68489
17.0247
15.868
14.449
12.8331
11.1974
9.40067
7.52603
5.65244
3.7537
1.86974
0.0164445
-1.82022
-3.63133
-5.42321
-7.20437
-8.97606
-10.7413
-12.4993
-14.2446
-15.9674
-17.646
-19.241
-20.7163
-22.0399
-23.2108
-24.2819
-25.2939
-26.245
-27.1165
-27.8891
-28.5363
-29.0259
-29.3149
-29.3488
-29.053
-28.3308
-27.0417
-25.0135
-22.1329
18.0371
18.9196
19.8043
20.5639
21.0968
21.3899
21.3978
21.1163
20.6076
19.9319
19.1511
18.3373
17.5271
16.7399
15.9916
15.2795
14.5968
13.9361
13.283
12.6218
11.9347
11.1997
10.3872
9.47621
8.48248
7.43849
6.35829
5.2452
4.10293
2.93585
1.75068
0.556058
-0.636703
-1.81384
-2.95743
-4.04554
-5.04461
-5.91699
-6.5427
16.0722
14.9709
13.6202
12.0823
10.5266
8.81833
7.03807
5.26087
3.46165
1.67929
-0.0711846
-1.80283
-3.50695
-5.18931
-6.8576
-8.51271
-10.1571
-11.7896
-13.4044
-14.9922
-16.5323
-17.9875
-19.324
-20.5115
-21.5516
-22.4925
-23.3727
-24.1893
-24.9261
-25.5646
-26.0825
-26.4504
-26.6324
-26.5804
-26.2318
-25.5047
-24.2806
-22.4136
-19.8266
17.0363
17.876
18.7182
19.4397
19.9451
20.2225
20.2275
19.958
19.4734
18.8313
18.091
17.3212
16.5562
15.8147
15.1114
14.444
13.8059
13.19
12.583
11.9702
11.3351
10.6573
9.90945
9.07254
8.16146
7.20668
6.22138
5.20877
4.17233
3.11591
2.0453
0.968038
-0.106597
-1.1669
-2.19851
-3.18359
-4.09488
-4.90229
-5.49755
15.1778
14.1296
12.8439
11.3809
9.90171
8.27908
6.58928
4.90437
3.20114
1.51636
-0.13543
-1.76636
-3.36794
-4.94544
-6.50584
-8.04974
-9.57905
-11.0922
-12.5835
-14.0436
-15.4531
-16.7774
-17.9839
-19.046
-19.9654
-20.7881
-21.5487
-22.2451
-22.8622
-23.3837
-23.7899
-24.0559
-24.1502
-24.0324
-23.6497
-22.9337
-21.7847
-20.0795
-17.7679
16.0956
16.8946
17.696
18.3822
18.8616
19.1243
19.1282
18.8716
18.4111
17.8023
17.102
16.3749
15.654
14.9566
14.2967
13.6719
13.0761
12.5026
11.9389
11.3713
10.7847
10.1601
9.47215
8.70366
7.86882
6.99605
6.0977
5.1769
4.23683
3.28093
2.31416
1.34292
0.375055
-0.579935
-1.51022
-2.40192
-3.23279
-3.97934
-4.54433
14.3385
13.3409
12.1178
10.7265
9.32106
7.77986
6.17718
4.58118
2.96976
1.37857
-0.178609
-1.71308
-3.21659
-4.69397
-6.15153
-7.58957
-9.00959
-10.4098
-11.7844
-13.1243
-14.4116
-15.6135
-16.6996
-17.646
-18.4555
-19.171
-19.8245
-20.4141
-20.926
-21.3462
-21.6574
-21.8386
-21.8629
-21.6967
-21.2956
-20.6029
-19.5354
-17.989
-15.9352
15.2122
15.9722
16.7353
17.3875
17.8428
18.0927
18.0959
17.8526
17.4164
16.8407
16.1796
15.4945
14.8162
14.1613
13.543
12.959
12.4033
11.8698
11.3468
10.8216
10.28
9.70469
9.07221
8.36693
7.60231
6.80486
5.98608
5.14898
4.29654
3.43172
2.55885
1.68329
0.811537
-0.0485149
-0.887665
-1.69478
-2.45233
-3.14225
-3.67677
13.5517
12.6027
11.4391
10.1167
8.78142
7.319
5.79957
4.28845
2.76533
1.26376
-0.202892
-1.64516
-3.05512
-4.4371
-5.79689
-7.13448
-8.45109
-9.74461
-11.0095
-12.237
-13.4101
-14.4985
-15.4737
-16.3142
-17.0242
-17.6433
-18.2015
-18.697
-19.1174
-19.4507
-19.6822
-19.7941
-19.764
-19.5637
-19.157
-18.4972
-17.5144
-16.1216
-14.3057
14.3832
15.1061
15.8323
16.4528
16.8853
17.1233
17.1273
16.8978
16.4857
15.9427
15.32
14.6756
14.0388
13.4249
12.8464
12.3011
11.7835
11.2877
10.803
10.3173
9.81763
9.28797
8.70677
8.0598
7.35982
6.63141
5.88534
5.12445
4.35151
3.56913
2.78096
1.99154
1.20624
0.431329
-0.325706
-1.05667
-1.74731
-2.38452
-2.88911
12.8146
11.9119
10.8056
9.54892
8.28124
6.89355
5.45411
4.02457
2.5856
1.16974
-0.210455
-1.56481
-2.88566
-4.17699
-5.44406
-6.68666
-7.90571
-9.099
-10.2612
-11.3836
-12.4509
-13.4345
-14.308
-15.0524
-15.6727
-16.2061
-16.6801
-17.0933
-17.435
-17.6946
-17.86
-17.9163
-17.8451
-17.6233
-17.2214
-16.6008
-15.7034
-14.4571
-12.8601
13.606
14.2933
14.9848
15.5747
15.986
16.2136
16.2184
16.003
15.6149
15.1042
14.5193
13.9147
13.3177
12.7433
12.2029
11.6945
11.213
10.7528
10.3037
9.85494
9.3943
8.90694
8.37311
7.77989
7.13932
6.47416
5.79441
5.10281
4.40192
3.69398
2.98211
2.27013
1.56237
0.863955
0.180405
-0.481778
-1.11174
-1.7001
-2.17519
12.1249
11.2665
10.2146
9.02094
7.8175
6.50195
5.1387
3.78684
2.42856
1.09446
-0.203369
-1.47406
-2.71026
-3.91568
-5.09504
-6.24806
-7.37537
-8.47478
-9.54102
-10.5661
-11.5356
-12.4229
-13.2039
-13.8614
-14.4016
-14.8591
-15.2595
-15.6016
-15.8762
-16.0741
-16.1856
-16.1983
-16.0975
-15.8643
-15.4749
-14.8976
-14.0849
-12.9767
-11.5792
12.8778
13.5313
14.1895
14.7508
15.1418
15.3596
15.3663
15.1651
14.8007
14.3218
13.7739
13.2077
12.6494
12.1127
11.6088
11.1355
10.6881
10.2613
9.84585
9.43145
9.00701
8.55883
8.06874
7.52502
6.93899
6.33168
5.71237
5.08368
4.44797
3.80717
3.16394
2.52145
1.88322
1.2532
0.635658
0.0352468
-0.539521
-1.08263
-1.52932
11.48
10.6636
9.66408
8.53041
7.38867
6.14132
4.85113
3.57363
2.29202
1.03582
-0.183651
-1.37487
-2.53086
-3.65502
-4.75164
-5.82038
-6.86173
-7.87343
-8.8506
-9.78567
-10.6651
-11.4649
-12.1616
-12.7417
-13.2106
-13.6017
-13.938
-14.2195
-14.4372
-14.5844
-14.6525
-14.6323
-14.5112
-14.2749
-13.9035
-13.3723
-12.6414
-11.6623
-10.4459
12.1962
12.8174
13.4443
13.9777
14.35
14.5591
14.5674
14.3806
14.0393
13.5919
13.0801
12.5513
12.0299
11.5297
11.0605
10.6206
10.2054
9.81015
9.42609
9.04377
8.65293
8.241
7.79127
7.29311
6.75714
6.20273
5.63844
5.06679
4.48998
3.90965
3.32808
2.74785
2.17185
1.60307
1.04464
0.499864
-0.0249019
-0.526436
-0.945373
10.8777
10.1017
9.15168
8.07528
6.99194
5.81019
4.58933
3.38238
2.17402
0.991914
-0.153132
-1.26898
-2.3491
-3.39663
-4.41546
-5.40515
-6.36615
-7.29632
-8.19093
-9.04306
-9.84025
-10.5601
-11.1815
-11.6921
-12.0987
-12.4317
-12.7133
-12.943
-13.1138
-13.2195
-13.2539
-13.2093
-13.0761
-12.8427
-12.4938
-12.0093
-11.3569
-10.4974
-9.44395
11.559
12.1493
12.7462
13.2535
13.6078
13.8085
13.8191
13.6465
13.3277
12.9112
12.4348
11.9418
11.4562
10.9907
10.5547
10.1465
9.76178
9.39613
9.04147
8.68904
8.32942
7.95102
7.53854
7.08233
6.59229
6.08622
5.572
5.05204
4.5284
4.00247
3.4762
2.95173
2.43134
1.91734
1.41183
0.917033
0.437592
-0.0256386
-0.417978
10.316
9.57817
8.67571
7.65374
6.62631
5.50626
4.35157
3.21179
2.07269
0.96084
-0.113702
-1.15821
-2.16668
-3.14205
-4.08783
-5.00355
-5.88968
-6.74414
-7.56269
-8.33867
-9.0609
-9.70864
-10.2625
-10.7118
-11.0638
-11.3468
-11.5816
-11.7682
-11.9003
-11.9731
-11.9817
-11.9202
-11.7812
-11.5558
-11.2319
-10.794
-10.2158
-9.46596
-8.55851
10.964
11.5248
12.0932
12.5748
12.9123
13.1053
13.1177
12.9594
12.6624
12.2765
11.8345
11.3762
10.9247
10.4926
10.0883
9.71006
9.35415
9.01637
8.68923
8.36467
8.03401
7.68665
7.30854
6.89096
6.44309
5.98119
5.51255
5.03943
4.56376
4.08675
3.61006
3.13543
2.66472
2.1996
1.74146
1.29165
0.853011
0.425366
0.0583249
9.79249
9.09127
8.23372
7.2637
6.28902
5.22828
4.13622
3.05979
1.98667
0.941193
-0.0668546
-1.04421
-1.98532
-2.89291
-3.77011
-4.6167
-5.43314
-6.21757
-6.96594
-7.67239
-8.32654
-8.90945
-9.40323
-9.7987
-10.1033
-10.3436
-10.539
-10.6899
-10.7908
-10.8379
-10.8275
-10.7553
-10.6157
-10.4019
-10.1046
-9.7121
-9.20308
-8.55317
-7.77572
10.4086
10.9413
11.4823
11.9394
12.2608
12.4459
12.4604
12.3163
12.0403
11.6853
11.2768
10.8513
10.4327
10.0324
9.65828
9.30854
8.97978
8.66818
8.36679
8.0682
7.76446
7.44583
7.09947
6.71748
6.30836
5.8869
5.45977
5.02911
4.59677
4.16372
3.73144
3.30133
2.87494
2.45343
2.03766
1.62806
1.22666
0.831514
0.489012
9.30416
8.63739
7.82275
6.90191
5.97781
4.97276
3.94057
2.92465
1.91418
0.931381
-0.0136363
-0.927711
-1.80601
-2.65031
-3.46336
-4.24543
-4.99722
-5.71691
-6.40092
-7.04368
-7.63623
-8.16091
-8.60141
-8.9499
-9.21377
-9.41805
-9.58073
-9.7025
-9.77879
-9.80646
-9.78297
-9.70514
-9.56885
-9.36928
-9.09934
-8.75039
-8.30534
-7.74585
-7.08365
9.89009
10.396
10.9114
11.3445
11.6511
11.8286
11.8447
11.7145
11.4576
11.1341
10.7587
10.3648
9.97723
9.60761
9.26215
8.93936
8.63618
8.34916
8.07188
7.79753
7.51879
7.22678
6.90978
6.56065
6.18716
5.80275
5.41348
5.02139
4.62817
4.23468
3.84219
3.45186
3.06496
2.68233
2.30434
1.93092
1.56316
1.19809
0.878739
8.85
8.21583
7.44118
6.56661
5.68984
4.73766
3.76203
2.80311
1.85256
0.92881
0.0445505
-0.80876
-1.62833
-2.41391
-3.16724
-3.88939
-4.58154
-5.24176
-5.86667
-6.45188
-6.98857
-7.46132
-7.85479
-8.16236
-8.39145
-8.56532
-8.70098
-8.79933
-8.85645
-8.86995
-8.8381
-8.75872
-8.62895
-8.44535
-8.20287
-7.8951
-7.50888
-7.03051
-6.46981
9.4072
9.88797
10.3788
10.789
11.0816
11.2507
11.2691
11.1522
10.9108
10.6196
10.2771
9.91303
9.55567
9.21516
8.89706
8.59972
8.32065
8.05673
7.80203
7.55032
7.29488
7.02763
6.73787
6.41909
6.0785
5.7281
5.37349
5.01646
4.65874
4.30088
3.94413
3.58932
3.23769
2.88961
2.5454
2.20438
1.86717
1.52977
1.23225
8.43224
7.82886
7.09247
6.26113
5.42864
4.52499
3.60187
2.69554
1.80009
0.932191
0.104034
-0.691933
-1.45602
-2.18615
-2.8832
-3.5494
-4.1861
-4.79135
-5.36223
-5.89445
-6.38114
-6.80737
-7.15988
-7.43244
-7.63251
-7.78142
-7.89546
-7.97549
-8.01845
-8.02225
-7.98615
-7.90837
-7.78754
-7.62092
-7.40516
-7.13614
-6.80326
-6.39756
-5.92586
8.96201
9.41847
9.88496
10.2716
10.55
10.7095
10.73
10.6254
10.397
10.1403
9.8293
9.49376
9.16496
8.85302
8.56078
8.2875
8.03104
7.78876
7.55515
7.32456
7.09083
6.84665
6.5822
6.29167
5.98142
5.66241
5.33947
5.0146
4.68899
4.36356
4.03877
3.71602
3.39559
3.07863
2.76426
2.45264
2.14282
1.83121
1.554
8.0509
7.47746
6.77752
5.98709
5.19606
4.33812
3.464
2.60446
1.76032
0.94412
0.163749
-0.58317
-1.29639
-1.97228
-2.61483
-3.22831
-3.8133
-4.36719
-4.88764
-5.37185
-5.81262
-6.19711
-6.51279
-6.7549
-6.92991
-7.05822
-7.15452
-7.22054
-7.25302
-7.25117
-7.21395
-7.14071
-7.03033
-6.88159
-6.69182
-6.45884
-6.17455
-5.83327
-5.439
8.55359
8.98573
9.4273
9.7893
10.0523
10.1987
10.2224
10.1261
9.91302
9.69832
9.41683
9.10576
8.80591
8.5214
8.25436
8.00385
7.76886
7.54695
7.33306
7.12215
6.90854
6.68569
6.44463
6.18007
5.8979
5.60747
5.31376
5.01781
4.72181
4.4251
4.12968
3.83494
3.54304
3.25286
2.96574
2.67966
2.39527
2.10655
1.84856
7.74791
7.19662
6.52169
5.76037
4.99927
4.17443
3.34193
2.52299
1.73371
0.953946
0.253862
-0.449984
-1.12918
-1.76112
-2.36159
-2.93857
-3.48886
-4.00822
-4.49493
-4.94711
-5.35771
-5.71482
-6.00725
-6.23046
-6.39002
-6.50537
-6.59082
-6.64808
-6.67449
-6.67006
-6.63222
-6.56255
-6.46053
-6.32491
-6.15428
-5.9473
-5.69779
-5.4023
-5.06296
8.2295
8.63956
9.05801
9.38795
9.62562
9.736
9.73432
9.6008
9.4067
9.28337
9.05106
8.7703
8.50165
8.24792
8.00564
7.77655
7.56098
7.35696
7.16005
6.96561
6.76879
6.56338
6.34124
6.09748
5.83729
5.56931
5.29786
5.02459
4.75077
4.47674
4.20315
3.93054
3.65968
3.39073
3.12372
2.858
2.59265
2.32301
2.0816
7.50173
6.96725
6.31013
5.56907
4.8294
4.03066
3.23226
2.44941
1.71674
0.964492
0.363879
-0.304675
-0.961943
-1.55592
-2.12149
-2.67178
-3.19827
-3.69361
-4.15711
-4.58737
-4.9776
-5.31606
-5.59328
-5.804
-5.95373
-6.06042
-6.13918
-6.19063
-6.21339
-6.20847
-6.1696
-6.10283
-6.00737
-5.88203
-5.72569
-5.5385
-5.31537
-5.05529
-4.75841
7.96544
8.35622
8.7498
9.04531
9.24866
9.3096
9.26383
9.06731
8.88045
8.87474
8.70986
8.46536
8.23234
8.00968
7.79305
7.58474
7.38732
7.19953
7.01766
6.83763
6.6552
6.4647
6.25853
6.03216
5.79014
5.54049
5.28718
5.03207
4.7763
4.52032
4.26453
4.00959
3.756
3.50394
3.25359
3.00381
2.75449
2.5002
2.273
7.25804
6.74037
6.10148
5.38111
4.66339
3.89082
3.12627
2.3796
1.7003
0.973905
0.47188
-0.161158
-0.796373
-1.35209
-1.88098
-2.40325
-2.90524
-3.37643
-3.81646
-4.22448
-4.59407
-4.91366
-5.17535
-5.37343
-5.5133
-5.61184
-5.68457
-5.73112
-5.75112
-5.74706
-5.70841
-5.64581
-5.55856
-5.44471
-5.30377
-5.13723
-4.94091
-4.7163
-4.46224
7.70422
8.07637
8.44571
8.7075
8.87899
8.89224
8.80552
8.55246
8.37246
8.47042
8.37437
8.16723
7.96581
7.77486
7.58389
7.39706
7.21794
7.04662
6.8797
6.71399
6.5457
6.37
6.17967
5.97065
5.74678
5.51538
5.28012
5.04286
4.80491
4.56662
4.32846
4.09091
3.85432
3.61892
3.38465
3.15054
2.91633
2.67688
2.46298
7.01831
6.51719
5.89637
5.19673
4.50074
3.75514
3.02351
2.31286
1.68327
0.98545
0.572546
-0.0221608
-0.631411
-1.14944
-1.6413
-2.13407
-2.61089
-3.05757
-3.47393
-3.85947
-4.20833
-4.50999
-4.75659
-4.94324
-5.07374
-5.16569
-5.23305
-5.27612
-5.29411
-5.29213
-5.25456
-5.19708
-5.11887
-5.01695
-4.89203
-4.74574
-4.57621
-4.385
-4.16991
7.44696
7.80136
8.14619
8.37692
8.51781
8.48466
8.36135
8.05879
7.88252
8.06972
8.04398
7.87522
7.70558
7.54368
7.3783
7.21253
7.05234
6.89754
6.74606
6.59449
6.44052
6.2793
6.10491
5.91314
5.70744
5.49431
5.27685
5.05735
4.83666
4.61577
4.3946
4.1741
3.95411
3.73518
3.51661
3.29803
3.07843
2.85385
2.6522
6.78448
6.29969
5.69686
5.01773
4.34335
3.62391
2.92379
2.24884
1.6638
0.996566
0.6605
0.108219
-0.469565
-0.949739
-1.40452
-1.86615
-2.31614
-2.73796
-3.12987
-3.49318
-3.82166
-4.10581
-4.33824
-4.51368
-4.63653
-4.72275
-4.78693
-4.82787
-4.84628
-4.84808
-4.81412
-4.76392
-4.69643
-4.60835
-4.50024
-4.37513
-4.23193
-4.07473
-3.90094
7.19607
7.53325
7.85432
8.05474
8.16726
8.08842
7.93266
7.5828
7.40624
7.67192
7.71603
7.589
7.45096
7.31953
7.179
7.03351
6.89063
6.75229
6.61587
6.47905
6.33921
6.19275
6.03408
5.85955
5.67211
5.47722
5.27797
5.07607
4.87297
4.66905
4.46499
4.26101
4.0576
3.85461
3.65188
3.44831
3.24375
3.03284
2.84413
6.55931
6.09025
5.50484
4.8455
4.19147
3.49764
2.82676
2.18558
1.63938
1.00416
0.73197
0.226613
-0.312575
-0.754037
-1.1717
-1.60059
-2.02213
-2.41753
-2.78548
-3.12593
-3.43459
-3.70148
-3.9201
-4.0847
-4.19999
-4.28057
-4.3411
-4.37947
-4.39737
-4.4018
-4.37027
-4.3262
-4.26839
-4.19281
-4.10053
-3.99528
-3.87607
-3.74636
-3.59629
6.95415
7.27508
7.57193
7.74498
7.82912
7.70451
7.52046
7.12038
6.93563
7.27572
7.38911
7.30201
7.19738
7.09921
6.98852
6.86549
6.74022
6.61656
6.49383
6.37016
6.24373
6.11114
5.96783
5.80995
5.64034
5.4632
5.2817
5.09721
4.91135
4.7245
4.53733
4.35014
4.16329
3.97676
3.78995
3.60205
3.41235
3.21636
3.04168
6.34509
5.89093
5.32133
4.68026
4.04506
3.37458
2.72992
2.12002
1.6064
1.00343
0.781437
0.329325
-0.163267
-0.56444
-0.945012
-1.33951
-1.73018
-2.0983
-2.44046
-2.75857
-3.04629
-3.29688
-3.50212
-3.65885
-3.76967
-3.84925
-3.91055
-3.95202
-3.9751
-3.98846
-3.96562
-3.93336
-3.89029
-3.83124
-3.75774
-3.67386
-3.58171
-3.48872
-3.39605
6.7248
7.03016
7.30384
7.44998
7.50459
7.33027
7.11839
6.65646
6.45561
6.88098
7.07046
7.0211
6.94035
6.87122
6.79073
6.6977
6.59731
6.49463
6.38785
6.27841
6.1644
6.04529
5.91595
5.77474
5.62235
5.46323
5.29861
5.13097
4.96087
4.7897
4.61741
4.44519
4.27322
4.10138
3.92973
3.75626
3.58142
3.39848
3.23511
6.14389
5.7022
5.14618
4.52046
3.90115
3.25118
2.62926
2.04689
1.56028
0.989362
0.803036
0.410181
-0.0261659
-0.383771
-0.727012
-1.08565
-1.44249
-1.78048
-2.09673
-2.39024
-2.65764
-2.88923
-3.08012
-3.22303
-3.32406
-3.39403
-3.44893
-3.4838
-3.50305
-3.51454
-3.49044
-3.4609
-3.42366
-3.37436
-3.31252
-3.24448
-3.16659
-3.08166
-2.96425
6.50987
6.80086
7.05114
7.17314
7.19179
6.96136
6.71844
6.17595
5.93691
6.46877
6.76216
6.76835
6.71627
6.66203
6.59208
6.51138
6.43074
6.3509
6.26809
6.17911
6.0837
5.98054
5.8674
5.74278
5.60921
5.46961
5.32556
5.17804
5.02793
4.87555
4.72147
4.56608
4.40983
4.25308
4.09536
3.93629
3.77536
3.609
3.45716
5.95592
5.52543
4.98071
4.36781
3.76149
3.12833
2.52463
1.96611
1.50031
0.956594
0.790206
0.461581
0.092836
-0.217214
-0.521977
-0.841146
-1.15973
-1.46392
-1.75033
-2.0191
-2.2653
-2.48345
-2.66742
-2.81364
-2.92289
-3.00553
-3.07403
-3.1259
-3.16501
-3.20112
-3.19929
-3.19309
-3.18104
-3.15559
-3.11954
-3.0785
-3.04073
-3.02276
-3.04286
6.30982
6.58691
6.81615
6.91565
6.8947
6.61056
6.33962
5.67494
5.35777
5.99822
6.41026
6.50818
6.53529
6.54064
6.49644
6.41353
6.31995
6.2302
6.14615
6.06333
5.9791
5.88987
5.79237
5.6834
5.56364
5.43656
5.30577
5.17291
5.03908
4.90425
4.76844
4.63198
4.49492
4.35692
4.21714
4.07504
3.92947
3.78176
3.65515
5.79031
5.36966
4.83582
4.23296
3.6368
3.01626
2.42526
1.88303
1.42741
0.898799
0.733654
0.476565
0.187073
-0.0706376
-0.333685
-0.609307
-0.887358
-1.1547
-1.40998
-1.64725
-1.86469
-2.05141
-2.20304
-2.31148
-2.38481
-2.43562
-2.4766
-2.50157
-2.51344
-2.52213
-2.4981
-2.47551
-2.45263
-2.42124
-2.38263
-2.33937
-2.2841
-2.20256
-2.03977
6.13322
6.39849
6.60864
6.68813
6.62587
6.31001
6.01027
5.15424
4.72116
5.46697
5.94887
6.08373
6.18367
6.30308
6.38425
6.40496
6.37868
6.32105
6.24656
6.16329
6.07745
5.9899
5.90058
5.80775
5.70889
5.60002
5.48093
5.35442
5.22333
5.08879
4.95167
4.81312
4.67439
4.5369
4.40058
4.26425
4.12227
3.96031
3.7646
5.66895
5.25228
4.71949
4.11854
3.5227
2.90474
2.31457
1.77758
1.31745
0.791349
0.618059
0.447727
0.247824
0.0468324
-0.163596
-0.384448
-0.607745
-0.832264
-1.05297
-1.27145
-1.48096
-1.68285
-1.86814
-2.03589
-2.17078
-2.28071
-2.37681
-2.46285
-2.54418
-2.63464
-2.67355
-2.70831
-2.74126
-2.76668
-2.78401
-2.80455
-2.85085
-2.96473
-3.20568
6.00726
6.26334
6.45535
6.50557
6.39163
6.03901
5.64199
4.49923
4.02615
5.01965
5.60116
5.69103
5.68049
5.69719
5.73611
5.79068
5.85539
5.91328
5.95052
5.95843
5.93951
5.89475
5.83018
5.75645
5.68937
5.62871
5.56666
5.5001
5.42889
5.35306
5.27169
5.18343
5.087
4.98208
4.86942
4.75409
4.64862
4.58565
4.62849
5.59363
5.16113
4.60554
3.9789
3.35909
2.72029
2.11598
1.57251
1.10085
0.589318
0.42774
0.36267
0.260501
0.115954
-0.0525411
-0.226199
-0.397033
-0.560818
-0.714698
-0.854888
-0.975828
-1.06811
-1.12368
-1.14049
-1.14045
-1.13794
-1.13548
-1.11908
-1.08402
-1.05683
-1.01282
-0.973347
-0.939427
-0.902076
-0.861656
-0.817601
-0.744111
-0.596416
-0.254407
5.93737
6.18817
6.35719
6.35891
6.15488
5.68695
4.9886
3.50887
3.11075
4.62973
5.69037
6.14388
6.29453
6.25337
6.06209
5.79415
5.52272
5.29494
5.12851
5.01487
4.94574
4.90727
4.88427
4.84082
4.74752
4.62356
4.49833
4.3755
4.25412
4.13355
4.01634
3.90623
3.80444
3.71252
3.62577
3.535
3.4079
3.18693
2.78417
5.4903
5.03431
4.44223
3.77559
3.11767
2.44855
1.82609
1.27981
0.806223
0.329108
0.162437
0.198481
0.231445
0.211436
0.149289
0.0548469
-0.0683261
-0.21756
-0.392605
-0.593287
-0.823449
-1.08196
-1.36189
-1.63423
-1.86147
-2.03948
-2.22493
-2.39457
-2.61219
-2.88847
-2.91561
-3.02478
-3.1893
-3.33129
-3.45243
-3.58758
-3.79193
-4.14304
-4.74441
5.84343
6.08801
6.23387
6.18388
5.88306
5.24846
4.14575
2.39132
1.65816
3.26869
4.76345
6.01809
7.09557
8.01686
8.72094
9.18698
9.46575
9.58116
9.58261
9.50804
9.39373
9.26093
9.14514
9.1026
9.15767
9.21644
9.21897
9.18223
9.12692
9.05455
8.9617
8.84807
8.7163
8.57171
8.42219
8.28308
8.19689
8.21245
8.44924
-191.647
-196.088
-199.412
-202.912
-205.719
-207.521
-208.438
-208.705
-208.41
-207.618
-206.35
-204.643
-202.497
-199.993
-197.199
-194.218
-191.149
-188.117
-185.183
-182.377
-179.742
-177.345
-175.189
-173.224
-171.312
-169.187
-166.544
-163.172
-158.877
-153.535
-147.2
-140.163
-132.878
-125.645
-118.362
-110.621
-102.343
-93.8464
-85.4815
-77.478
-69.988
-63.0784
-56.7687
-51.0323
-45.8378
-41.1416
-36.9078
-33.095
-29.6692
-26.595
-23.8415
-21.3774
-19.1785
-17.2183
-15.4746
-13.9254
-12.5509
-11.3328
-10.2544
-9.30027
-8.45615
-7.70927
-7.04762
-6.46123
-5.93872
-5.47443
-5.05501
-4.72746
-4.46042
-4.20258
-3.94168
-3.71096
-3.42069
-3.27636
-2.81273
-3.01485
-1.85892
-3.32614
0.00199706
-5.0955
-181.965
-177.249
-172.934
-168.715
-164.466
-160.208
-155.899
-151.531
-147.182
-142.768
-138.379
-133.961
-129.561
-125.164
-120.787
-116.431
-112.105
-107.814
-103.561
-99.3537
-95.1932
-91.0856
-87.0325
-83.0395
-79.108
-75.2432
-71.4462
-67.7229
-64.0742
-60.5059
-57.0196
-53.6213
-50.3118
-47.0975
-43.9796
-40.964
-38.0514
-35.2475
-32.5524
-29.9712
-27.5032
-25.1528
-22.9183
-20.8029
-18.8038
-16.9231
-15.1571
-13.5063
-11.9659
-10.5352
-9.20876
-7.98431
-6.85614
-5.82035
-4.87129
-4.00413
-3.21336
-2.49375
-1.83997
-1.24693
-0.709067
-0.221329
0.220794
0.62242
0.988015
1.322
1.62823
1.87396
2.07582
2.27499
2.47294
2.67117
2.87785
3.07905
3.31084
3.54518
3.58756
4.64149
2.5156
8.45274
-150.102
-150.783
-152.409
-154.979
-157.57
-159.842
-161.82
-163.438
-164.639
-165.358
-165.598
-165.379
-164.766
-163.758
-162.39
-160.695
-158.752
-156.611
-154.357
-152.083
-149.918
-147.92
-146.102
-144.44
-142.881
-141.317
-139.629
-137.625
-135.041
-131.573
-126.883
-120.69
-113.01
-104.349
-95.4913
-86.9614
-78.9809
-71.7124
-65.1391
-59.1372
-53.6122
-48.5287
-43.8708
-39.6228
-35.7618
-32.2629
-29.0989
-26.2429
-23.6702
-21.355
-19.274
-17.4075
-15.7345
-14.2382
-12.9005
-11.7062
-10.6405
-9.69048
-8.84372
-8.08915
-7.41635
-6.81612
-6.27966
-5.79988
-5.36804
-4.98036
-4.62672
-4.3495
-4.12104
-3.89948
-3.67062
-3.47077
-3.20552
-3.09039
-2.64779
-2.87067
-1.75506
-3.19414
-0.00429387
-4.95807
-148.509
-145.956
-143.128
-140.136
-137.071
-133.94
-130.754
-127.523
-124.24
-120.914
-117.55
-114.146
-110.715
-107.255
-103.777
-100.283
-96.7831
-93.2802
-89.7847
-86.3005
-82.8376
-79.399
-75.9944
-72.6273
-69.3062
-66.0329
-62.8155
-59.6553
-56.559
-53.5268
-50.5654
-47.6743
-44.8589
-42.1189
-39.4596
-36.8801
-34.3856
-31.9749
-29.653
-27.4186
-25.2761
-23.224
-21.2661
-19.4004
-17.6298
-15.9521
-14.3692
-12.8782
-11.4797
-10.1705
-8.95004
-7.81449
-6.76211
-5.78855
-4.8911
-4.06529
-3.30741
-2.61317
-1.97844
-1.39873
-0.869883
-0.387682
0.0522541
0.453829
0.821305
1.15885
1.46935
1.71881
1.92518
2.1294
2.33208
2.53626
2.74812
2.95563
3.18491
3.43192
3.47168
4.50255
2.51808
8.15096
-105.526
-105.93
-105.885
-105.813
-106.013
-106.524
-107.165
-107.776
-108.291
-108.693
-108.937
-108.987
-108.79
-108.321
-107.543
-106.465
-105.09
-103.437
-101.525
-99.4407
-97.2922
-95.2134
-93.3221
-91.6811
-90.2333
-88.9094
-87.6901
-86.5583
-85.378
-83.9632
-82.0845
-79.4752
-75.8416
-71.0967
-65.6065
-59.8635
-54.1893
-48.9072
-44.2099
-40.0708
-36.3901
-33.0871
-30.1068
-27.4108
-24.9669
-22.7518
-20.7419
-18.921
-17.2701
-15.7752
-14.4225
-13.1993
-12.0947
-11.097
-10.1962
-9.38257
-8.64827
-7.98512
-7.38599
-6.84411
-6.35332
-5.9083
-5.50364
-5.13538
-4.79761
-4.48921
-4.20242
-3.97607
-3.78664
-3.60001
-3.40154
-3.23065
-2.99188
-2.89777
-2.48619
-2.70683
-1.66296
-3.02672
-0.0252926
-4.77255
-104.357
-102.702
-101.095
-99.4055
-97.6856
-95.9155
-94.104
-92.2491
-90.3507
-88.4142
-86.4364
-84.4231
-82.3724
-80.2891
-78.1724
-76.0266
-73.8517
-71.6527
-69.4289
-67.1867
-64.9256
-62.6526
-60.3674
-58.0782
-55.7855
-53.4975
-51.2151
-48.9469
-46.6937
-44.4639
-42.2587
-40.0856
-37.9451
-35.8446
-33.7842
-31.7703
-29.8029
-27.8878
-26.0245
-24.2185
-22.4691
-20.7812
-19.1541
-17.592
-16.0939
-14.6633
-13.2992
-12.0041
-10.7765
-9.6183
-8.52733
-7.50419
-6.54636
-5.65348
-4.82254
-4.05195
-3.33867
-2.68012
-2.07314
-1.51473
-1.00146
-0.530039
-0.0974239
0.299991
0.665832
1.00386
1.31602
1.56775
1.77687
1.98467
2.19232
2.39989
2.61489
2.82613
3.05625
3.30931
3.3635
4.34257
2.5249
7.85466
-69.1426
-69.1283
-68.9409
-68.6987
-68.259
-67.552
-66.7243
-65.9627
-65.3422
-64.7946
-64.2367
-63.61
-62.9103
-62.1242
-61.2456
-60.2441
-59.1095
-57.8209
-56.3896
-54.8211
-53.1497
-51.3971
-49.6446
-48.0067
-46.5956
-45.4081
-44.3616
-43.3369
-42.2297
-40.9336
-39.3937
-37.6138
-35.6572
-33.6034
-31.5782
-29.6772
-27.744
-25.6962
-23.6853
-21.8177
-20.1174
-18.5764
-17.1845
-15.9246
-14.783
-13.7436
-12.7969
-11.9308
-11.1381
-10.4108
-9.74358
-9.13047
-8.5666
-8.04673
-7.56619
-7.12212
-6.71066
-6.32892
-5.97359
-5.64226
-5.33255
-5.04244
-4.76966
-4.51315
-4.26982
-4.0407
-3.82025
-3.64299
-3.49073
-3.33781
-3.16947
-3.02544
-2.81076
-2.73656
-2.3488
-2.57656
-1.57514
-2.9153
0.00472367
-4.69068
-68.6245
-67.824
-67.0436
-66.2087
-65.3548
-64.4669
-63.5516
-62.6033
-61.6268
-60.6175
-59.5786
-58.5074
-57.4077
-56.2766
-55.1182
-53.9294
-52.7159
-51.4745
-50.2109
-48.9217
-47.6129
-46.2815
-44.9334
-43.565
-42.1827
-40.7834
-39.373
-37.9487
-36.5168
-35.0753
-33.6306
-32.1811
-30.7334
-29.2867
-27.8475
-26.4155
-24.997
-23.5921
-22.2068
-20.8414
-19.5015
-18.1879
-16.9055
-15.6551
-14.4415
-13.2652
-12.1306
-11.038
-9.99123
-8.99007
-8.03723
-7.13211
-6.27654
-5.46938
-4.7112
-4.00044
-3.33659
-2.71774
-2.14241
-1.60838
-1.1137
-0.656115
-0.232925
0.158324
0.520702
0.857605
1.17028
1.42382
1.63573
1.84692
2.05739
2.26903
2.48685
2.70259
2.9337
3.19214
3.2585
4.21543
2.47474
7.65215
-35.5057
-34.9937
-34.322
-33.6502
-32.9077
-32.0259
-30.9694
-29.7052
-28.1995
-26.5138
-24.7679
-23.0888
-21.491
-19.943
-18.3891
-16.8545
-15.3579
-13.937
-12.5763
-11.2829
-10.0242
-8.79536
-7.5705
-6.3669
-5.21432
-4.21529
-3.45801
-2.95316
-2.61094
-2.32954
-2.01893
-1.64523
-1.26393
-1.03482
-1.13114
-1.71696
-2.59953
-3.33138
-3.8161
-4.15442
-4.40674
-4.60023
-4.75397
-4.87988
-4.98147
-5.0616
-5.12075
-5.16129
-5.18246
-5.18666
-5.1737
-5.14524
-5.10107
-5.0421
-4.96981
-4.8853
-4.78974
-4.68368
-4.56867
-4.44592
-4.31615
-4.18068
-4.04011
-3.89613
-3.74803
-3.59952
-3.446
-3.3178
-3.20397
-3.08602
-2.94846
-2.83316
-2.64323
-2.59061
-2.22377
-2.4655
-1.49104
-2.83302
0.0476672
-4.65677
-35.5568
-35.4163
-35.2957
-35.1577
-35.0157
-34.867
-34.7077
-34.5408
-34.3601
-34.1693
-33.961
-33.7398
-33.4982
-33.2403
-32.9584
-32.6571
-32.329
-31.9783
-31.5982
-31.193
-30.7564
-30.2932
-29.798
-29.2751
-28.7197
-28.137
-27.5218
-26.8794
-26.2058
-25.5057
-24.7757
-24.0206
-23.2378
-22.4321
-21.6016
-20.7516
-19.8811
-18.9954
-18.0944
-17.1838
-16.2644
-15.3416
-14.417
-13.4961
-12.5808
-11.6765
-10.7852
-9.91249
-9.05965
-8.23143
-7.42895
-6.65617
-5.91379
-5.2046
-4.52873
-3.88784
-3.28158
-2.71027
-2.17321
-1.66986
-1.19907
-0.759442
-0.349718
0.0321475
0.388279
0.721621
1.03259
1.28689
1.50049
1.7138
1.92797
2.14212
2.36265
2.5811
2.8168
3.07969
3.15501
4.09971
2.40953
7.46623
-10.8022
-10.1615
-9.39646
-8.61767
-7.78207
-6.83734
-5.78611
-4.62393
-3.33896
-1.89141
-0.249938
1.61278
3.64932
5.76264
7.8147
9.77098
11.6327
13.3975
14.9941
16.3956
17.5798
18.5869
19.4427
20.2074
20.9086
21.5763
22.1834
22.6942
23.0716
23.3395
23.5185
23.588
23.4593
22.9938
22.043
20.4163
18.1168
15.6675
13.4789
11.5507
9.80612
8.21461
6.76284
5.44001
4.23834
3.15163
2.17442
1.30109
0.524163
-0.161376
-0.762991
-1.2852
-1.73399
-2.11446
-2.4326
-2.69346
-2.90151
-3.06218
-3.18037
-3.2602
-3.30594
-3.32159
-3.31067
-3.27734
-3.2233
-3.15432
-3.06741
-2.98852
-2.91356
-2.83112
-2.7258
-2.63919
-2.47475
-2.44413
-2.09984
-2.35526
-1.41178
-2.74917
0.07865
-4.60834
-11.1073
-11.3028
-11.5232
-11.7435
-11.9769
-12.2154
-12.464
-12.7164
-12.9767
-13.2385
-13.5059
-13.7721
-14.041
-14.3051
-14.5687
-14.8239
-15.0742
-15.3114
-15.5392
-15.7492
-15.9444
-16.1167
-16.2686
-16.3924
-16.4905
-16.5556
-16.5897
-16.5865
-16.5484
-16.4694
-16.3521
-16.1918
-15.9911
-15.7464
-15.4606
-15.1314
-14.7622
-14.3517
-13.9041
-13.4193
-12.9023
-12.3538
-11.7793
-11.1808
-10.564
-9.9314
-9.28991
-8.64125
-7.99177
-7.34366
-6.70262
-6.07081
-5.45291
-4.85072
-4.26778
-3.70545
-3.16595
-2.65014
-2.15908
-1.69297
-1.25198
-0.835993
-0.444054
-0.0755786
0.270918
0.597691
0.904378
1.15701
1.37071
1.58521
1.80055
2.01771
2.24061
2.46269
2.69985
2.96557
3.05041
3.97355
2.35338
7.25417
5.61293
6.23196
6.97494
7.74626
8.56203
9.44992
10.4276
11.4914
12.655
13.9243
15.3216
16.856
18.5555
20.4367
22.525
24.7462
26.9261
28.8699
30.5421
31.9652
33.2007
34.2709
35.2226
36.0726
36.8626
37.6077
38.3321
39.0162
39.6141
40.0497
40.2932
40.3242
40.0864
39.4502
38.2586
36.348
33.5967
30.2943
27.0264
24.0457
21.3223
18.7935
16.4311
14.234
12.2018
10.333
8.624
7.06919
5.66364
4.39903
3.26925
2.26569
1.38173
0.608571
-0.0613264
-0.63547
-1.12198
-1.52886
-1.86304
-2.13187
-2.34169
-2.49932
-2.6106
-2.68193
-2.71688
-2.7236
-2.69992
-2.66846
-2.63139
-2.58305
-2.50794
-2.44912
-2.30971
-2.2996
-1.97854
-2.2446
-1.33615
-2.65963
0.100356
-4.54785
5.23067
4.89963
4.545
4.17225
3.78143
3.36859
2.93986
2.48923
2.02429
1.53865
1.03987
0.522493
-0.00541243
-0.549046
-1.10063
-1.66447
-2.23213
-2.80701
-3.3814
-3.9576
-4.52751
-5.09226
-5.64402
-6.18337
-6.70233
-7.20044
-7.67033
-8.11135
-8.51642
-8.88474
-9.21004
-9.49182
-9.72499
-9.90961
-10.0417
-10.1222
-10.1484
-10.1224
-10.0427
-9.91247
-9.73171
-9.50411
-9.23132
-8.91778
-8.56575
-8.18214
-7.76822
-7.33079
-6.8722
-6.3989
-5.91382
-5.42283
-4.92874
-4.43653
-3.94883
-3.46953
-3.00082
-2.54537
-2.10479
-1.68081
-1.27428
-0.885606
-0.51544
-0.163755
0.170017
0.487422
0.787167
1.03625
1.24815
1.4616
1.67818
1.89608
2.12044
2.34379
2.58388
2.85056
2.94738
3.83892
2.30152
7.03486
17.0955
17.6347
18.2937
19.0303
19.8279
20.687
21.6046
22.59
23.6436
24.7756
25.9855
27.2861
28.6776
30.1747
31.7669
33.4263
35.0664
36.6134
38.007
39.2556
40.3757
41.4195
42.4119
43.3891
44.3532
45.3155
46.2632
47.189
48.0585
48.8178
49.374
49.6391
49.5483
49.0354
47.9867
46.2653
43.7191
40.3764
36.6779
33.0718
29.7208
26.6214
23.7215
20.9882
18.4238
16.0363
13.8272
11.794
9.93159
8.23657
6.70198
5.32285
4.09062
2.99826
2.03735
1.19932
0.474829
-0.144511
-0.667807
-1.10313
-1.45897
-1.74408
-1.96572
-2.13203
-2.2482
-2.32406
-2.35852
-2.37091
-2.36875
-2.35167
-2.30505
-2.27118
-2.1549
-2.16301
-1.86461
-2.13877
-1.26591
-2.57336
0.122124
-4.48674
16.698
16.3009
15.8674
15.405
14.9084
14.3833
13.8251
13.2395
12.6226
11.9797
11.3077
10.6123
9.89133
9.15014
8.3877
7.60957
6.81573
6.01175
5.19834
4.38134
3.56229
2.74712
1.93795
1.14069
0.35787
-0.404507
-1.14375
-1.85413
-2.53288
-3.17462
-3.77667
-4.33423
-4.84531
-5.30579
-5.71426
-6.06766
-6.36554
-6.60603
-6.78956
-6.91559
-6.98549
-7.0001
-6.96183
-6.87212
-6.73656
-6.55534
-6.33457
-6.07578
-5.78517
-5.46537
-5.12256
-4.75966
-4.38227
-3.99362
-3.59859
-3.20024
-2.80246
-2.40797
-2.01994
-1.64005
-1.27002
-0.91152
-0.565559
-0.233185
0.0854809
0.391289
0.682073
0.925669
1.13442
1.34595
1.56074
1.779
2.00351
2.22874
2.46907
2.73465
2.84485
3.70077
2.24497
6.81809
23.9524
24.5222
25.1199
25.7473
26.3967
27.0614
27.737
28.4411
29.1822
29.9777
30.8379
31.7849
32.8327
33.9891
35.2316
36.499
37.7237
38.873
39.9592
41.0044
42.0386
43.0753
44.1285
45.1937
46.2679
47.3334
48.3765
49.3732
50.3046
51.141
51.8391
52.3248
52.5003
52.2759
51.5748
50.3109
48.3638
45.6302
42.2487
38.6199
35.0487
31.6735
28.5208
25.5541
22.7436
20.0903
17.6067
15.296
13.1592
11.192
9.39319
7.75768
6.28139
4.95787
3.78047
2.74089
1.8314
1.04274
0.36691
-0.205158
-0.683045
-1.07576
-1.39184
-1.64016
-1.82701
-1.96378
-2.0492
-2.10046
-2.12984
-2.14099
-2.11951
-2.10848
-2.01352
-2.0375
-1.76041
-2.04062
-1.20134
-2.49198
0.142635
-4.43429
23.4242
22.8488
22.249
21.6245
20.9739
20.3013
19.6023
18.8823
18.1369
17.372
16.5838
15.7783
14.9526
14.1125
13.2561
12.3891
11.5103
10.6255
9.73421
8.8421
7.94958
7.06207
6.18064
5.31058
4.45337
3.61421
2.79497
2.00048
1.23284
0.496586
-0.205978
-0.87087
-1.49598
-2.07769
-2.61414
-3.10249
-3.54128
-3.92842
-4.26319
-4.54424
-4.77185
-4.94569
-5.06622
-5.13678
-5.15604
-5.12852
-5.05429
-4.93831
-4.78218
-4.59128
-4.36778
-4.11693
-3.84173
-3.54729
-3.23673
-2.91454
-2.58399
-2.24927
-1.91263
-1.57685
-1.2443
-0.916975
-0.596888
-0.285633
0.0161135
0.308574
0.588596
0.825718
1.02994
1.23755
1.4506
1.66699
1.89077
2.11521
2.35711
2.62005
2.74484
3.56263
2.18587
6.60782
21.0101
21.5485
22.152
22.8306
23.6008
24.4456
25.3522
26.3028
27.2943
28.3137
29.3623
30.4317
31.5254
32.6349
33.7555
34.8689
35.9608
37.0185
38.0421
39.038
40.0177
40.9925
41.9709
42.9568
43.9482
44.9375
45.9106
46.849
47.7308
48.5306
49.2224
49.7706
50.1233
50.2035
49.9283
49.2218
48.0071
46.178
43.6715
40.6267
37.358
34.096
30.951
27.9736
25.154
22.4708
19.9217
17.5217
15.2766
13.1907
11.2626
9.49267
7.87826
6.41687
5.10334
3.93247
2.89685
1.99027
1.20483
0.531485
-0.038419
-0.514474
-0.90457
-1.21844
-1.46257
-1.64901
-1.77693
-1.86071
-1.91716
-1.95232
-1.9533
-1.96167
-1.88556
-1.92303
-1.6659
-1.95005
-1.14328
-2.41688
0.161569
-4.38259
20.5109
19.9914
19.4792
18.9541
18.4241
17.8801
17.3277
16.7595
16.1825
15.5897
14.9882
14.3713
13.7461
13.1064
12.459
11.7985
11.1315
10.4532
9.7699
9.07796
8.38336
7.68319
6.98326
6.28175
5.58421
4.8896
4.20341
3.52541
2.86087
2.21023
1.57867
0.967079
0.380288
-0.180416
-0.710576
-1.20886
-1.67117
-2.09647
-2.48112
-2.82449
-3.12377
-3.37815
-3.58829
-3.75141
-3.86965
-3.9416
-3.97016
-3.95546
-3.9012
-3.80818
-3.68041
-3.51992
-3.33115
-3.11661
-2.88054
-2.62609
-2.35785
-2.07811
-1.79023
-1.497
-1.20113
-0.905398
-0.612097
-0.323074
-0.0395023
0.238212
0.506396
0.735512
0.934292
1.13757
1.34627
1.56035
1.78187
2.00601
2.24701
2.50547
2.64449
3.42233
2.12437
6.39213
14.6661
15.3894
16.1932
17.0495
17.9698
18.946
19.9598
20.9995
22.0545
23.121
24.192
25.2666
26.3397
27.4121
28.4794
29.5428
30.598
31.6457
32.6821
33.7085
34.7226
35.7263
36.7182
37.6988
38.6653
39.6143
40.5381
41.4268
42.2651
43.0354
43.7154
44.2819
44.7057
44.95
44.964
44.6897
44.0674
43.0306
41.4868
39.3883
36.8413
34.0675
31.2439
28.4625
25.7905
23.2433
20.8089
18.4832
16.2805
14.2102
12.2784
10.4866
8.83695
7.32879
5.96091
4.72934
3.63116
2.66113
1.81247
1.07802
0.449303
-0.0812157
-0.521793
-0.881285
-1.16633
-1.38947
-1.54839
-1.6573
-1.73523
-1.78971
-1.80819
-1.83237
-1.77225
-1.82013
-1.58108
-1.86667
-1.09089
-2.34434
0.176423
-4.3337
14.0476
13.5622
13.2004
12.8993
12.6133
12.328
12.0359
11.7386
11.4317
11.1182
10.7937
10.4614
10.1168
9.76342
9.39679
9.0205
8.63042
8.23025
7.81614
7.39197
6.95439
6.50747
6.04829
5.58114
5.1039
4.62099
4.13088
3.63821
3.14237
2.64802
2.15533
1.66894
1.18969
0.722209
0.267841
-0.168941
-0.586483
-0.980561
-1.34943
-1.68947
-1.99838
-2.27509
-2.51555
-2.71989
-2.88546
-3.01315
-3.10157
-3.15239
-3.16496
-3.14146
-3.08262
-2.9915
-2.86947
-2.71982
-2.54496
-2.34921
-2.1343
-1.90352
-1.65976
-1.40589
-1.14518
-0.880407
-0.61365
-0.347266
-0.0826135
0.179507
0.434649
0.655075
0.847516
1.04463
1.2492
1.45908
1.67753
1.89863
2.13915
2.39222
2.54554
3.28095
2.06358
6.17732
11.5152
12.1705
12.8928
13.6508
14.4552
15.3003
16.1777
17.077
17.9938
18.9231
19.8626
20.8094
21.7614
22.7169
23.6737
24.6305
25.5848
26.5357
27.48
28.4167
29.3424
30.2559
31.1533
32.0331
32.8908
33.7238
34.5264
35.2935
36.0157
36.6839
37.2825
37.7975
38.2061
38.4888
38.6152
38.5563
38.2734
37.7266
36.8615
35.6101
33.9336
31.891
29.6264
27.2707
24.9028
22.5949
20.3801
18.2555
16.2182
14.2795
12.4501
10.7373
9.14499
7.67566
6.32975
5.10817
4.0096
3.03059
2.16688
1.41217
0.761078
0.206316
-0.258347
-0.641864
-0.949504
-1.1937
-1.37144
-1.49641
-1.58925
-1.65679
-1.688
-1.72306
-1.67489
-1.72968
-1.5062
-1.79046
-1.04439
-2.2769
0.189801
-4.28154
10.9597
10.539
10.2448
10.0129
9.79782
9.58437
9.36807
9.1491
8.92539
8.69796
8.4646
8.22653
7.98127
7.7303
7.47099
7.20509
6.92984
6.64723
6.35448
6.05388
5.74269
5.42351
5.09372
4.75625
4.40878
4.05455
3.69155
3.32334
2.94843
2.57072
2.18918
1.80805
1.42687
1.05014
0.677833
0.314592
-0.0392072
-0.379022
-0.704284
-1.01032
-1.29673
-1.55859
-1.79525
-2.00337
-2.18284
-2.331
-2.448
-2.53202
-2.58362
-2.60226
-2.58943
-2.54529
-2.47177
-2.37023
-2.24413
-2.09424
-1.92325
-1.7337
-1.52804
-1.30968
-1.08141
-0.845484
-0.604277
-0.360078
-0.11441
0.131564
0.373011
0.58382
0.769062
0.960084
1.15833
1.36359
1.57726
1.79586
2.03339
2.27928
2.44563
3.13695
2.00042
5.95577
9.73816
10.2016
10.7251
11.2902
11.8985
12.549
13.2324
13.9434
14.6749
15.4248
16.1883
16.9642
17.7489
18.5415
19.3389
20.1397
20.9413
21.7419
22.5389
23.3298
24.1123
24.883
25.6397
26.3779
27.0956
27.7875
28.4508
29.0794
29.6694
30.2128
30.7032
31.1289
31.4797
31.7386
31.8913
31.9169
31.7972
31.5061
31.018
30.295
29.2946
27.9851
26.3914
24.5985
22.696
20.7499
18.828
16.9717
15.186
13.4691
11.83
10.2792
8.82346
7.46704
6.21381
5.06653
4.02548
3.09005
2.25698
1.52369
0.885663
0.338417
-0.124079
-0.508315
-0.819408
-1.06834
-1.25127
-1.3826
-1.48308
-1.55715
-1.59489
-1.63557
-1.59507
-1.6526
-1.44203
-1.7216
-1.00361
-2.2105
0.199474
-4.23058
9.35575
9.05739
8.82696
8.61958
8.41611
8.21129
8.00567
7.79761
7.58817
7.37575
7.16144
6.94347
6.72305
6.49832
6.27061
6.03788
5.80165
5.55978
5.31396
5.06195
4.80567
4.54282
4.27556
4.0016
3.72341
3.43874
3.15034
2.85615
2.55923
2.25773
1.95504
1.64965
1.34522
1.0406
0.739767
0.441977
0.151398
-0.132469
-0.40529
-0.667176
-0.913706
-1.14522
-1.35733
-1.55049
-1.72067
-1.86757
-1.98856
-2.08356
-2.15088
-2.19094
-2.20286
-2.18736
-2.14471
-2.07729
-1.98488
-1.86919
-1.73211
-1.57527
-1.4018
-1.21404
-1.01414
-0.804267
-0.586586
-0.363444
-0.136412
0.0933072
0.320569
0.521351
0.698991
0.882463
1.07475
1.27377
1.48235
1.69551
1.93024
2.16805
2.34678
2.99244
1.93776
5.73585
7.9093
8.17319
8.48826
8.85298
9.27069
9.73555
10.2412
10.7788
11.3435
11.9292
12.5329
13.15
13.7785
14.415
15.0578
15.7044
16.353
17.0014
17.6473
18.2891
18.9239
19.55
20.1637
20.7633
21.3442
21.9043
22.4386
22.9441
23.4154
23.8485
24.2371
24.5759
24.857
25.0729
25.2126
25.266
25.219
25.059
24.7687
24.3322
23.7275
22.9312
21.9225
20.7132
19.3459
17.8733
16.3439
14.8141
13.326
11.8908
10.5077
9.18345
7.92662
6.74433
5.64233
4.62382
3.69162
2.84552
2.08626
1.41216
0.821986
0.311652
-0.121731
-0.484692
-0.779038
-1.01667
-1.19057
-1.31858
-1.41851
-1.49231
-1.53027
-1.57088
-1.53317
-1.58931
-1.38812
-1.66
-0.968163
-2.14865
0.20788
-4.17453
7.68372
7.48316
7.29795
7.11396
6.92861
6.74319
6.55603
6.36862
6.17926
5.9895
5.79749
5.60487
5.40969
5.21368
5.01474
4.8147
4.61139
4.40676
4.19851
3.98872
3.77502
3.55965
3.34018
3.11899
2.89364
2.66672
2.43578
2.20365
1.96793
1.73166
1.49262
1.25408
1.01396
0.775794
0.537841
0.303816
0.0723037
-0.152804
-0.372556
-0.582967
-0.784904
-0.974425
-1.15215
-1.31411
-1.46095
-1.58882
-1.69834
-1.78643
-1.8533
-1.89708
-1.918
-1.91515
-1.89002
-1.84158
-1.77061
-1.67826
-1.56513
-1.4338
-1.28586
-1.12301
-0.946961
-0.759649
-0.563053
-0.359513
-0.15031
0.0634774
0.276582
0.466702
0.63644
0.812505
0.997054
1.18967
1.39134
1.60018
1.82942
2.05771
2.24717
2.84596
1.87304
5.50753
5.99591
6.14444
6.29978
6.47704
6.69669
6.9714
7.29774
7.6673
8.0707
8.50246
8.95644
9.42835
9.91316
10.4076
10.9085
11.4136
11.9205
12.4272
12.9322
13.4332
13.9293
14.4176
14.8973
15.365
15.8193
16.2563
16.674
17.0677
17.4349
17.7702
18.0707
18.3305
18.5461
18.7118
18.8229
18.8718
18.8516
18.7531
18.568
18.286
17.8991
17.3975
16.7724
16.0168
15.1382
14.1517
13.0795
11.9506
10.808
9.6865
8.60027
7.54883
6.53776
5.5756
4.66859
3.822
3.03826
2.32076
1.6707
1.08987
0.57711
0.131702
-0.249247
-0.568367
-0.828467
-1.03772
-1.19008
-1.30371
-1.39606
-1.46187
-1.49379
-1.52849
-1.48878
-1.53901
-1.34457
-1.60466
-0.938015
-2.08521
0.212102
-4.1158
5.84396
5.68526
5.52829
5.36911
5.21078
5.05099
4.89169
4.73093
4.57074
4.40903
4.248
4.0854
3.9235
3.75992
3.59698
3.43221
3.26801
3.10178
2.93597
2.76797
2.60024
2.43015
2.26025
2.08788
1.91564
1.74091
1.56639
1.3895
1.21303
1.03448
0.856801
0.677581
0.499884
0.32153
0.145703
-0.029571
-0.200962
-0.370122
-0.533616
-0.692809
-0.844207
-0.988881
-1.12336
-1.24848
-1.36087
-1.46113
-1.5461
-1.61653
-1.66939
-1.70549
-1.72237
-1.72115
-1.70017
-1.65968
-1.60003
-1.52112
-1.42456
-1.31129
-1.18227
-1.03867
-0.881944
-0.713653
-0.53566
-0.350008
-0.157358
0.0411663
0.239937
0.419881
0.581048
0.748453
0.925625
1.11049
1.30548
1.50692
1.73068
1.94914
2.14808
2.69882
1.80976
5.27742
4.00969
4.11747
4.21515
4.30602
4.40073
4.51377
4.66292
4.85693
5.09621
5.37321
5.68173
6.01381
6.36448
6.72748
7.09929
7.47553
7.85376
8.23154
8.60692
8.9785
9.34429
9.7038
10.0547
10.3967
10.7269
11.0449
11.3469
11.6321
11.8959
12.1369
12.35
12.5332
12.6817
12.7934
12.8641
12.8913
12.8702
12.7968
12.6657
12.4724
12.2125
11.8843
11.4874
11.0238
10.498
9.91696
9.27836
8.57878
7.82828
7.05481
6.28156
5.52129
4.77842
4.06056
3.37475
2.72604
2.11897
1.55692
1.04387
0.581131
0.170735
-0.188343
-0.49503
-0.75305
-0.96099
-1.12882
-1.24563
-1.33656
-1.41273
-1.46442
-1.48378
-1.50706
-1.46065
-1.50089
-1.30955
-1.55426
-0.91208
-2.02343
0.214049
-4.04648
3.88662
3.75614
3.62671
3.49751
3.3682
3.23986
3.11122
2.98385
2.85606
2.72967
2.60281
2.47741
2.35139
2.22687
2.1016
1.97784
1.8532
1.73003
1.60582
1.48306
1.35912
1.23656
1.11269
0.99013
0.866185
0.743527
0.619426
0.496639
0.372495
0.249798
0.125911
0.0037287
-0.119232
-0.240022
-0.361011
-0.479165
-0.596598
-0.710251
-0.822031
-0.928803
-1.03213
-1.1289
-1.22041
-1.30361
-1.37949
-1.44514
-1.5014
-1.54547
-1.5782
-1.59674
-1.60212
-1.59197
-1.5668
-1.52582
-1.46918
-1.3969
-1.30981
-1.20783
-1.09177
-0.962361
-0.820774
-0.668259
-0.506403
-0.336462
-0.158951
0.0250082
0.210218
0.379058
0.531409
0.690598
0.858681
1.0357
1.22219
1.41769
1.63344
1.84146
2.04784
2.54934
1.74596
5.03505
2.1405
2.22925
2.30571
2.37061
2.42651
2.48118
2.54152
2.61268
2.70219
2.82298
2.98115
3.17335
3.39077
3.62654
3.87424
4.1292
4.38693
4.64422
4.89865
5.14844
5.39249
5.62946
5.85924
6.08037
6.29305
6.49527
6.68711
6.86568
7.03057
7.17807
7.30712
7.41331
7.49521
7.54864
7.57231
7.56323
7.52065
7.44189
7.32566
7.16991
6.97451
6.74035
6.47183
6.17568
5.86245
5.54514
5.23235
4.90661
4.54047
4.12827
3.6841
3.22288
2.75776
2.29487
1.84255
1.40644
0.991769
0.60315
0.243984
-0.0819023
-0.373435
-0.627797
-0.845322
-1.02575
-1.16911
-1.28158
-1.353
-1.41126
-1.46527
-1.49603
-1.4975
-1.50373
-1.44642
-1.47191
-1.28252
-1.50584
-0.891599
-1.953
0.208719
-3.9648
2.04048
1.9341
1.83052
1.72671
1.62497
1.52349
1.42403
1.32488
1.22784
1.13109
1.03653
0.942244
0.850222
0.758436
0.668981
0.579714
0.492815
0.406039
0.321645
0.237286
0.15528
0.0732023
-0.0065514
-0.0865061
-0.164232
-0.242272
-0.318141
-0.394461
-0.468694
-0.543421
-0.616066
-0.689201
-0.76019
-0.831466
-0.900355
-0.969196
-1.03524
-1.10061
-1.16255
-1.223
-1.27919
-1.33277
-1.381
-1.4253
-1.46298
-1.49514
-1.5192
-1.53617
-1.54358
-1.54228
-1.52978
-1.50705
-1.47202
-1.42586
-1.36699
-1.29639
-1.21302
-1.11756
-1.00994
-0.891015
-0.76142
-0.622145
-0.474007
-0.318099
-0.154569
0.015406
0.186746
0.344591
0.488295
0.637379
0.796883
0.965215
1.14361
1.32972
1.5371
1.73468
1.94727
2.39643
1.68691
4.78357
0.539924
0.610884
0.672117
0.722302
0.763448
0.800328
0.838696
0.877372
0.914435
0.950314
0.993224
1.05524
1.14654
1.2662
1.4075
1.56096
1.7197
1.87671
2.02713
2.16625
2.29145
2.40124
2.49519
2.57397
2.63805
2.68932
2.72855
2.75785
2.7769
2.78764
2.78874
2.78145
2.76328
2.73486
2.69355
2.63992
2.57251
2.49206
2.39789
2.2904
2.16901
2.03566
1.89417
1.75293
1.62525
1.52838
1.48152
1.48025
1.46763
1.37396
1.18001
0.929752
0.678379
0.443399
0.214182
-0.0140285
-0.238324
-0.453616
-0.655017
-0.839972
-1.00441
-1.14738
-1.26599
-1.3616
-1.43078
-1.48031
-1.49756
-1.51767
-1.54368
-1.54953
-1.52837
-1.51328
-1.44242
-1.44866
-1.26046
-1.45558
-0.875362
-1.87501
0.19403
-3.86076
0.460803
0.378442
0.297721
0.218598
0.140229
0.0639007
-0.0118171
-0.0853658
-0.158256
-0.228875
-0.29879
-0.366309
-0.433052
-0.497274
-0.560669
-0.621443
-0.68134
-0.738507
-0.794776
-0.848239
-0.900791
-0.950466
-0.999222
-1.04506
-1.09
-1.13204
-1.17326
-1.21159
-1.24916
-1.28389
-1.31796
-1.34929
-1.38003
-1.40809
-1.43554
-1.46034
-1.48441
-1.50571
-1.52598
-1.54324
-1.55902
-1.57137
-1.58154
-1.58769
-1.59077
-1.58899
-1.58298
-1.57112
-1.55383
-1.52964
-1.49872
-1.4598
-1.41303
-1.35751
-1.29325
-1.21948
-1.13623
-1.04326
-0.940736
-0.829103
-0.708628
-0.57981
-0.44312
-0.299445
-0.148807
0.00805536
0.166033
0.313466
0.447259
0.587648
0.738052
0.897069
1.06462
1.24295
1.44077
1.628
1.84664
2.23797
1.63475
4.51445
-1.37303
-1.33297
-1.29768
-1.26897
-1.24987
-1.23738
-1.22381
-1.20947
-1.1971
-1.18935
-1.18469
-1.1835
-1.18513
-1.1871
-1.18076
-1.1614
-1.12998
-1.09484
-1.06199
-1.03703
-1.02212
-1.02008
-1.03117
-1.05539
-1.09149
-1.13799
-1.19287
-1.25405
-1.32045
-1.38992
-1.46234
-1.53623
-1.61287
-1.69167
-1.77464
-1.86185
-1.95501
-2.05444
-2.16052
-2.27183
-2.38676
-2.50238
-2.61376
-2.71357
-2.79161
-2.83709
-2.83717
-2.77885
-2.66337
-2.51337
-2.35726
-2.21855
-2.11288
-2.03668
-1.98346
-1.94894
-1.9293
-1.91905
-1.91434
-1.91091
-1.90603
-1.89659
-1.88076
-1.85719
-1.82327
-1.78232
-1.72393
-1.68798
-1.67355
-1.64175
-1.58825
-1.54116
-1.45152
-1.4268
-1.24494
-1.39349
-0.868719
-1.77032
0.161821
-3.73355
-1.41794
-1.46438
-1.50953
-1.55309
-1.5956
-1.63605
-1.67547
-1.71256
-1.74848
-1.78193
-1.81408
-1.84363
-1.87182
-1.89725
-1.92123
-1.94238
-1.962
-1.97868
-1.99381
-2.00592
-2.01648
-2.02398
-2.02991
-2.03278
-2.03412
-2.03245
-2.02934
-2.02324
-2.01579
-2.0055
-1.99402
-1.97984
-1.96465
-1.94695
-1.92842
-1.90758
-1.88603
-1.86232
-1.83798
-1.81157
-1.78451
-1.75534
-1.72533
-1.69307
-1.6597
-1.62375
-1.58618
-1.54545
-1.50246
-1.45565
-1.40574
-1.35124
-1.29265
-1.22863
-1.15958
-1.08429
-1.00302
-0.91502
-0.820583
-0.719322
-0.611407
-0.496788
-0.375764
-0.248802
-0.115242
0.0235196
0.164469
0.296562
0.418821
0.547074
0.685017
0.830535
0.986596
1.15401
1.33749
1.51181
1.73739
2.05312
1.59033
4.2068
-2.58857
-2.59013
-2.58881
-2.58569
-2.59065
-2.60399
-2.61712
-2.62786
-2.63807
-2.65091
-2.66552
-2.68166
-2.69866
-2.71885
-2.74456
-2.77887
-2.81919
-2.86104
-2.90068
-2.94275
-2.99224
-3.05449
-3.12995
-3.22074
-3.32557
-3.44503
-3.57629
-3.71859
-3.86873
-4.02556
-4.18629
-4.35
-4.51491
-4.6808
-4.84726
-5.01501
-5.18451
-5.3572
-5.53416
-5.71661
-5.90397
-6.09501
-6.28632
-6.47316
-6.64833
-6.80156
-6.91842
-6.97214
-6.92296
-6.73578
-6.4165
-6.0142
-5.59395
-5.197
-4.83502
-4.50335
-4.19857
-3.91763
-3.65861
-3.41844
-3.19531
-2.98666
-2.79071
-2.60577
-2.42888
-2.26325
-2.09638
-1.98101
-1.90472
-1.81698
-1.71295
-1.62025
-1.49551
-1.43693
-1.23844
-1.3576
-0.842559
-1.70787
0.178925
-3.68927
-2.59063
-2.59344
-2.59588
-2.59739
-2.59868
-2.59888
-2.59876
-2.59735
-2.59549
-2.59215
-2.5882
-2.58253
-2.57607
-2.56771
-2.55838
-2.54696
-2.53443
-2.51969
-2.50372
-2.4854
-2.46575
-2.44374
-2.42034
-2.3945
-2.36723
-2.33754
-2.30642
-2.27291
-2.23799
-2.20078
-2.16223
-2.12149
-2.07956
-2.03564
-1.99069
-1.94395
-1.89641
-1.84733
-1.79766
-1.74672
-1.6954
-1.64303
-1.59041
-1.53684
-1.48316
-1.42858
-1.37386
-1.31807
-1.26204
-1.20468
-1.14669
-1.0869
-1.02587
-0.962368
-0.896845
-0.828187
-0.756614
-0.681202
-0.601945
-0.518156
-0.429695
-0.336211
-0.237846
-0.134362
-0.0247864
0.0899782
0.20592
0.319124
0.424663
0.535869
0.655684
0.784949
0.923755
1.07532
1.23981
1.39573
1.61956
1.88064
1.48793
3.98054
-3.57942
-3.62546
-3.6604
-3.68417
-3.71283
-3.75125
-3.78995
-3.82498
-3.85646
-3.88859
-3.92091
-3.95386
-3.98537
-4.01636
-4.04576
-4.0751
-4.10479
-4.13947
-4.18274
-4.23754
-4.30244
-4.38115
-4.47844
-4.60047
-4.74711
-4.9192
-5.11426
-5.33122
-5.56614
-5.81626
-6.07681
-6.34456
-6.61498
-6.88508
-7.15126
-7.4115
-7.66337
-7.90597
-8.13821
-8.36039
-8.57247
-8.77492
-8.9656
-9.14155
-9.29583
-9.41909
-9.49797
-9.51663
-9.45291
-9.28093
-8.98577
-8.58037
-8.09887
-7.58098
-7.06013
-6.555
-6.07091
-5.60906
-5.17012
-4.7545
-4.36236
-3.99346
-3.64736
-3.32375
-3.02053
-2.7411
-2.47362
-2.28035
-2.14468
-2.00204
-1.84839
-1.71024
-1.54923
-1.45515
-1.23751
-1.32899
-0.816903
-1.65275
0.206812
-3.65257
-3.53763
-3.49678
-3.45656
-3.41618
-3.37621
-3.33598
-3.29596
-3.25556
-3.2152
-3.17428
-3.13321
-3.09146
-3.04939
-3.00649
-2.96312
-2.91881
-2.87387
-2.82788
-2.78118
-2.73332
-2.68462
-2.63474
-2.58397
-2.53198
-2.47907
-2.42491
-2.36984
-2.31357
-2.25638
-2.19806
-2.1389
-2.07866
-2.01771
-1.95585
-1.8934
-1.83023
-1.76667
-1.7026
-1.6384
-1.57394
-1.50962
-1.44534
-1.38144
-1.31776
-1.2547
-1.19202
-1.13009
-1.06855
-1.00782
-0.947398
-0.887657
-0.827972
-0.768675
-0.708975
-0.649132
-0.588312
-0.526563
-0.463108
-0.397698
-0.329662
-0.258603
-0.184042
-0.105898
-0.0236318
0.0642831
0.156225
0.250003
0.343877
0.433845
0.527217
0.630697
0.741663
0.863011
0.996928
1.14289
1.27844
1.49785
1.71409
1.37288
3.75227
-4.18058
-4.25667
-4.32067
-4.37021
-4.42272
-4.48372
-4.5441
-4.59921
-4.6498
-4.69989
-4.74988
-4.79952
-4.84702
-4.89247
-4.9352
-4.97574
-5.01336
-5.04819
-5.0801
-5.11165
-5.14846
-5.19787
-5.26348
-5.34895
-5.45942
-5.60106
-5.77454
-5.97911
-6.21139
-6.46897
-6.74673
-7.04122
-7.34647
-7.65864
-7.97176
-8.28248
-8.58563
-8.87879
-9.15806
-9.4222
-9.66882
-9.89809
-10.1089
-10.3004
-10.4682
-10.6058
-10.7017
-10.7427
-10.7121
-10.5892
-10.3531
-9.99645
-9.5345
-8.99585
-8.4143
-7.82298
-7.24248
-6.6809
-6.14056
-5.62308
-5.12983
-4.66195
-4.22024
-3.8057
-3.4174
-3.05947
-2.72078
-2.47242
-2.29335
-2.11213
-1.92219
-1.75076
-1.56215
-1.4428
-1.21176
-1.28061
-0.775521
-1.58365
0.24038
-3.57984
-4.10223
-4.02351
-3.94536
-3.86653
-3.78858
-3.71021
-3.63277
-3.55499
-3.47821
-3.40119
-3.32513
-3.24889
-3.17357
-3.09808
-3.02338
-2.94858
-2.87442
-2.80016
-2.72647
-2.65268
-2.57933
-2.50589
-2.43283
-2.35976
-2.287
-2.21428
-2.14183
-2.06957
-1.99757
-1.92586
-1.85449
-1.78352
-1.71297
-1.643
-1.57352
-1.50479
-1.43672
-1.36955
-1.30319
-1.23791
-1.17364
-1.11063
-1.04878
-0.98833
-0.929185
-0.871537
-0.815311
-0.760511
-0.707174
-0.655152
-0.604517
-0.554907
-0.50645
-0.45855
-0.411317
-0.364042
-0.316632
-0.268411
-0.219098
-0.168043
-0.114786
-0.0587702
0.000153957
0.0627074
0.130398
0.202156
0.274625
0.351655
0.425844
0.504512
0.591024
0.685598
0.788839
0.906404
1.03069
1.15099
1.3617
1.53925
1.24914
3.47885
-4.15541
-4.27017
-4.36914
-4.44715
-4.52432
-4.60908
-4.69398
-4.77381
-4.84842
-4.92127
-4.99287
-5.06327
-5.13058
-5.19493
-5.25541
-5.3129
-5.36655
-5.41686
-5.46276
-5.50439
-5.54083
-5.57391
-5.60776
-5.6516
-5.71236
-5.79637
-5.90884
-6.05638
-6.23953
-6.45749
-6.70556
-6.9808
-7.27682
-7.58964
-7.91241
-8.24077
-8.56784
-8.88963
-9.20015
-9.49634
-9.77349
-10.0299
-10.2626
-10.472
-10.6556
-10.8109
-10.9299
-11.0031
-11.0161
-10.9529
-10.7914
-10.5133
-10.115
-9.61511
-9.03997
-8.42279
-7.79591
-7.18103
-6.58612
-6.01453
-5.46792
-4.94798
-4.45592
-3.99341
-3.56017
-3.16079
-2.78532
-2.50747
-2.3059
-2.10432
-1.89644
-1.7067
-1.50702
-1.37323
-1.14081
-1.19526
-0.70731
-1.48485
0.29052
-3.47141
-4.0401
-3.92566
-3.81304
-3.70132
-3.59134
-3.48246
-3.37528
-3.2692
-3.16482
-3.06168
-2.96026
-2.8601
-2.76166
-2.66456
-2.5692
-2.47526
-2.38302
-2.2922
-2.2031
-2.11551
-2.0296
-1.94518
-1.86238
-1.78116
-1.70153
-1.62354
-1.54704
-1.47228
-1.39904
-1.32759
-1.25763
-1.18955
-1.12303
-1.05846
-0.995432
-0.934484
-0.875208
-0.818069
-0.762673
-0.709509
-0.658136
-0.609113
-0.56199
-0.517233
-0.474405
-0.433917
-0.395404
-0.35907
-0.32459
-0.292044
-0.261142
-0.23176
-0.2037
-0.176543
-0.150128
-0.123887
-0.0975247
-0.0704545
-0.0422883
-0.0124205
0.019754
0.0546961
0.0927126
0.134389
0.181472
0.232131
0.284202
0.343209
0.403672
0.466126
0.537153
0.613783
0.700317
0.797853
0.904611
1.00832
1.20697
1.34604
1.10339
3.17442
-3.74816
-3.89364
-4.02062
-4.12069
-4.2155
-4.31657
-4.41896
-4.51718
-4.6097
-4.69892
-4.78537
-4.86952
-4.94975
-5.02621
-5.09784
-5.16549
-5.22815
-5.28649
-5.3394
-5.3876
-5.42977
-5.46633
-5.49596
-5.51997
-5.54058
-5.56731
-5.60887
-5.67416
-5.76889
-5.90066
-6.0694
-6.27477
-6.51076
-6.77487
-7.05949
-7.361
-7.67127
-7.98652
-8.29877
-8.60442
-8.89633
-9.17154
-9.42441
-9.65368
-9.85643
-10.0325
-10.1772
-10.2851
-10.3459
-10.3481
-10.2743
-10.1046
-9.82098
-9.4253
-8.93394
-8.37167
-7.76941
-7.15902
-6.55922
-5.97865
-5.42065
-4.8882
-4.38331
-3.90854
-3.46415
-3.05488
-2.67176
-2.38785
-2.18176
-1.97832
-1.7684
-1.57811
-1.37904
-1.24576
-1.02176
-1.07227
-0.60256
-1.35882
0.366404
-3.31998
-3.6045
-3.46278
-3.32329
-3.18567
-3.0503
-2.91717
-2.78626
-2.65766
-2.53141
-2.40761
-2.28618
-2.1673
-2.05087
-1.93711
-1.82594
-1.71753
-1.61176
-1.50886
-1.40873
-1.31162
-1.21732
-1.12616
-1.0379
-0.952877
-0.870863
-0.792153
-0.716453
-0.644225
-0.575082
-0.509483
-0.446963
-0.388047
-0.332316
-0.2802
-0.231184
-0.18586
-0.143642
-0.10505
-0.0695207
-0.0375688
-0.00851069
0.017071
0.039872
0.0594182
0.0763735
0.0903579
0.101993
0.111022
0.118035
0.122919
0.126222
0.128014
0.128753
0.128801
0.128534
0.128465
0.129042
0.130847
0.134359
0.140163
0.148907
0.160987
0.176651
0.196579
0.222392
0.252086
0.283363
0.326327
0.371752
0.419546
0.473257
0.533379
0.599997
0.680822
0.766127
0.852727
1.03133
1.1373
0.928956
2.83751
-3.68018
-3.8435
-3.98679
-4.1003
-4.20575
-4.31695
-4.4305
-4.54117
-4.64576
-4.74591
-4.84179
-4.93458
-5.02266
-5.10657
-5.18495
-5.25872
-5.3266
-5.38964
-5.4465
-5.49806
-5.5429
-5.58193
-5.61387
-5.6393
-5.65677
-5.66727
-5.67208
-5.67996
-5.70024
-5.74298
-5.81431
-5.92155
-6.06415
-6.24113
-6.44644
-6.67733
-6.9263
-7.18946
-7.45846
-7.72922
-7.99319
-8.24621
-8.48031
-8.69197
-8.87515
-9.02861
-9.14826
-9.23148
-9.27062
-9.2588
-9.18556
-9.04007
-8.80675
-8.4791
-8.06471
-7.58105
-7.04789
-6.494
-5.9435
-5.40924
-4.89508
-4.40373
-3.93708
-3.49759
-3.08571
-2.70601
-2.35044
-2.08766
-1.89923
-1.71407
-1.52343
-1.34856
-1.16895
-1.04977
-0.847129
-0.900543
-0.461635
-1.19025
0.467624
-3.08422
-3.51886
-3.3597
-3.203
-3.0486
-2.89647
-2.74706
-2.59989
-2.45553
-2.31349
-2.17442
-2.03776
-1.90422
-1.77326
-1.64558
-1.52062
-1.39906
-1.28038
-1.1653
-1.05327
-0.944971
-0.839832
-0.738651
-0.640869
-0.547069
-0.456855
-0.370814
-0.288475
-0.210453
-0.136335
-0.0666495
-0.000960111
0.0601629
0.117129
0.169446
0.217543
0.260857
0.299898
0.33416
0.364153
0.389307
0.410298
0.426577
0.43882
0.446583
0.450508
0.450333
0.446687
0.439458
0.429271
0.416182
0.400818
0.383423
0.364618
0.344801
0.324622
0.304599
0.285402
0.267562
0.251803
0.238598
0.228821
0.222641
0.220482
0.222735
0.231139
0.242985
0.256583
0.283479
0.315543
0.347283
0.385457
0.426231
0.475974
0.536188
0.600975
0.665474
0.826122
0.897301
0.711476
2.44277
-2.17827
-2.34173
-2.48548
-2.59941
-2.70438
-2.81335
-2.92413
-3.03153
-3.13293
-3.22925
-3.32127
-3.40973
-3.49367
-3.57308
-3.6471
-3.71594
-3.77886
-3.83628
-3.8874
-3.93257
-3.97087
-4.00268
-4.02703
-4.04429
-4.05357
-4.0552
-4.04777
-4.03184
-4.00878
-3.98652
-3.97378
-3.98037
-4.01321
-4.07998
-4.18083
-4.3145
-4.47529
-4.66061
-4.86401
-5.0818
-5.30653
-5.53438
-5.75838
-5.97519
-6.17869
-6.3665
-6.53467
-6.68256
-6.80523
-6.89728
-6.94823
-6.94769
-6.87897
-6.72759
-6.48822
-6.17257
-5.79105
-5.36021
-4.90571
-4.45232
-4.0122
-3.59179
-3.194
-2.82145
-2.47395
-2.15525
-1.85735
-1.64017
-1.4877
-1.33948
-1.18309
-1.0419
-0.893997
-0.802447
-0.627219
-0.695508
-0.284882
-0.985621
0.585099
-2.71415
-2.01577
-1.85563
-1.69803
-1.54276
-1.39019
-1.24051
-1.09371
-0.95007
-0.809591
-0.672603
-0.539065
-0.409332
-0.283326
-0.16146
-0.0435919
0.0698344
0.17895
0.28325
0.382969
0.477581
0.567341
0.651607
0.730691
0.804094
0.872027
0.93398
0.990245
1.04034
1.08451
1.12237
1.15424
1.17971
1.19911
1.21219
1.21926
1.22017
1.21528
1.20459
1.18846
1.16695
1.14058
1.10952
1.07431
1.0352
0.992797
0.94744
0.899767
0.850156
0.799301
0.747579
0.695649
0.643958
0.593139
0.543597
0.495982
0.450651
0.408244
0.368978
0.33354
0.302027
0.275192
0.252902
0.235411
0.223015
0.217049
0.214534
0.21387
0.229396
0.250749
0.272117
0.295907
0.323485
0.354834
0.396465
0.435293
0.477884
0.603728
0.648593
0.465586
1.96365
-3.14494
-3.30916
-3.45301
-3.56756
-3.67239
-3.78021
-3.88909
-3.99482
-4.09427
-4.18856
-4.27813
-4.36416
-4.44556
-4.52261
-4.59409
-4.66068
-4.72144
-4.77711
-4.82662
-4.87071
-4.90853
-4.94083
-4.96654
-4.98661
-4.99992
-5.00765
-5.00893
-5.00453
-4.99334
-4.97653
-4.95495
-4.93612
-4.92758
-4.9389
-4.97819
-5.05643
-5.17564
-5.33309
-5.51663
-5.71492
-5.91235
-6.09592
-6.24944
-6.36127
-6.41895
-6.41427
-6.33955
-6.19241
-5.97107
-5.6773
-5.31683
-4.9056
-4.46803
-4.0358
-3.64169
-3.31545
-3.06503
-2.86557
-2.67662
-2.47579
-2.26192
-2.04331
-1.82541
-1.61373
-1.41055
-1.22199
-1.04111
-0.912101
-0.830238
-0.748207
-0.656911
-0.575254
-0.486381
-0.442989
-0.322025
-0.409352
-0.0735499
-0.680772
0.622381
-1.95145
-2.98358
-2.82453
-2.66813
-2.51441
-2.36335
-2.21533
-2.06998
-1.92809
-1.78906
-1.65365
-1.52133
-1.39286
-1.26773
-1.14659
-1.029
-0.915591
-0.805941
-0.700617
-0.599188
-0.502296
-0.409417
-0.321004
-0.236829
-0.157263
-0.0819801
-0.0112748
0.0550572
0.116855
0.174211
0.227026
0.275508
0.319524
0.359222
0.394453
0.425465
0.452143
0.474621
0.492798
0.506831
0.516742
0.522645
0.524558
0.522633
0.516987
0.507793
0.495235
0.479612
0.461103
0.440142
0.416855
0.391933
0.365441
0.338272
0.310421
0.282882
0.255603
0.229637
0.20489
0.182369
0.162008
0.144795
0.130468
0.119411
0.111648
0.108229
0.104893
0.0992126
0.104283
0.114615
0.118577
0.124155
0.126932
0.13417
0.148856
0.166796
0.185528
0.286703
0.32617
0.149544
1.28869
1.81456
1.70413
1.60261
1.52015
1.44819
1.3783
1.30805
1.2398
1.17533
1.11567
1.05986
1.00807
0.959965
0.916523
0.877564
0.843702
0.814592
0.790947
0.772584
0.760326
0.753872
0.754051
0.760809
0.774953
0.796664
0.826928
0.866067
0.915426
0.975137
1.04583
1.12706
1.2177
1.31481
1.41607
1.52095
1.63352
1.75829
1.89482
2.0364
2.1719
2.28755
2.36788
2.39818
2.36459
2.25685
2.06753
1.79359
1.43315
0.98798
0.460716
-0.137206
-0.784012
-1.43909
-2.04381
-2.51603
-2.77175
-2.75833
-2.50083
-2.10495
-1.69886
-1.35401
-1.08286
-0.871786
-0.707947
-0.578128
-0.475101
-0.383538
-0.328145
-0.299425
-0.272406
-0.236963
-0.206737
-0.166735
-0.156449
-0.0872781
-0.15522
0.0497676
-0.298241
0.457332
-0.868064
1.92618
2.03546
2.14157
2.24503
2.34482
2.44169
2.53445
2.62369
2.70849
2.78944
2.86542
2.93699
3.0031
3.06438
3.11966
3.16953
3.21281
3.25021
3.28051
3.30421
3.32041
3.32963
3.3307
3.32427
3.30936
3.28659
3.25503
3.21545
3.16684
3.11018
3.04473
2.97148
2.88976
2.80069
2.70399
2.60086
2.49116
2.37615
2.2561
2.1324
2.00548
1.87666
1.74676
1.61699
1.48839
1.36196
1.23897
1.11999
1.00641
0.898359
0.797234
0.702662
0.615968
0.536264
0.464777
0.400136
0.343408
0.292852
0.249351
0.210997
0.178389
0.149719
0.12507
0.104089
0.0879954
0.074662
0.0640781
0.0716995
0.085204
0.098639
0.114384
0.130434
0.145216
0.157725
0.160581
0.152187
0.166064
0.147892
0.0403174
0.48013
)
;

boundaryField
{
    inlet
    {
        type            freestreamPressure;
        freestreamValue uniform 0;
        value           nonuniform List<scalar> 
134
(
5.42523
4.97464
4.38958
3.73084
3.08072
2.41953
1.80444
1.26464
0.796667
0.325207
0.063622
0.077722
0.0906114
0.0827671
0.0584355
0.02146
-0.0267852
-0.0852839
-0.153974
-0.232829
5.77418
-0.323401
-0.425287
-0.53579
-0.643493
-0.73357
-0.797099
-0.88534
-0.924903
-0.980486
-1.23026
-1.15441
-1.19852
-1.26465
-1.32193
-1.37101
-1.42575
-1.50815
-1.64928
-1.80836
6.01586
6.15999
6.11059
5.81334
5.18626
4.09662
2.36298
-2.03167
-1.97766
-1.90438
-1.87246
-1.85969
-1.84112
-1.81771
-1.79404
-1.77382
-1.75389
-1.73508
-1.71495
-1.69529
-1.67359
-1.65079
-1.62374
-1.59169
-1.55064
-1.5002
-1.48305
-1.46892
-1.44025
-1.39715
-1.33663
-1.24201
-1.09314
-0.785911
-0.349646
1.00761
1.98516
2.89143
3.65131
4.30353
4.86108
5.28705
5.56883
5.7372
5.80661
5.80698
5.7613
5.69156
5.61064
5.54007
5.51395
5.54706
5.58249
5.5839
5.56156
5.528
5.48416
5.42793
5.35914
5.27938
5.19187
5.10138
5.01722
4.96516
4.97487
5.11879
5.12114
4.93845
4.75907
4.63651
4.52401
4.39567
4.26295
4.13176
4.00452
3.87398
3.74399
3.6099
3.47679
3.3386
3.19931
3.05258
2.90031
2.73732
2.55098
2.414
2.2758
2.1102
1.92577
1.72161
1.48233
1.19178
0.78226
0.291516
)
;
    }
    outlet
    {
        type            freestreamPressure;
        freestreamValue uniform 0;
        value           nonuniform List<scalar> 
160
(
0.0156411
0.0166719
0.0146555
0.017689
0.0137434
0.0186838
0.0129977
0.0196623
0.0123421
0.0206151
0.0117074
0.0215483
0.0110754
0.0224515
0.0104653
0.0233292
0.00989138
0.024173
0.00936112
0.0249875
0.00886642
0.0257624
0.00840842
0.0265021
0.00798414
0.0271967
0.00760125
0.0278512
0.00725796
0.0284545
0.00695895
0.0290115
0.00670112
0.0295109
0.00648994
0.0299583
0.0063237
0.0303422
0.00620863
0.0306665
0.00614209
0.0309222
0.00613037
0.0311134
0.00617267
0.031229
0.00627495
0.0312742
0.00643808
0.0312392
0.00666913
0.0311291
0.00697021
0.0309345
0.0073517
0.0306619
0.00781526
0.0303012
0.00836727
0.0298608
0.00900536
0.0293328
0.00971879
0.028726
0.0104777
0.0280331
0.011251
0.0272641
0.0120211
0.0264153
0.012815
0.0254977
0.0136764
0.0245091
0.0146218
0.023461
0.0156217
0.0223553
0.0166092
0.0212052
0.0174881
0.0200142
0.0181393
0.018795
0.0184379
0.0175557
0.0182561
0.016308
0.0174882
0.0150624
0.0160521
0.0138293
0.0139092
0.0126217
0.0110504
0.0114461
0.00752173
0.010317
0.00340464
0.00923671
-0.00113316
0.00822026
-0.00585444
0.00726477
-0.0104292
0.00638478
-0.0144767
0.00557205
-0.0175275
0.0048402
-0.0191321
0.00417582
-0.0190227
0.00359084
-0.017375
0.00306774
-0.0148273
0.00261644
-0.0121705
0.00221738
-0.00986813
0.00187741
-0.00802116
0.00157775
-0.00655639
0.00131961
-0.00540129
0.00109952
-0.00447177
0.000930892
-0.00372286
0.000791252
-0.0030427
0.000680399
-0.00262957
0.000765109
-0.00242416
0.000914177
-0.00222923
0.00106301
-0.00195985
0.001238
-0.00172751
0.00141738
-0.00140854
0.00158422
-0.00133442
0.00172766
-0.000751744
0.00176693
-0.00134887
0.00168271
0.000455455
0.00184521
-0.0026
0.0016571
0.00436749
0.000455387
-0.00707769
0.00541138
)
;
    }
    walls
    {
        type            zeroGradient;
    }
    frontAndBack
    {
        type            empty;
    }
}


// ************************************************************************* //
